    1     0
    2     0
    3     0
    4     0
    5     0
    6     0
    7     0
    8     0
    9     0
   10     0
   11     0
   12 -2.140259e-02
   13 -7.415880e-02
   14 -1.437824e-01
   15 -2.201171e-01
   16 -2.963349e-01
   17 -3.681113e-01
   18 -4.329570e-01
   19 -4.896903e-01
   20 -5.380261e-01
   21 -5.782650e-01
   22 -6.110614e-01
   23 -6.372570e-01
   24 -6.577642e-01
   25 -6.734875e-01
   26 -6.852750e-01
   27 -6.938902e-01
   28 -6.999992e-01
   29 -7.041684e-01
   30 -7.068679e-01
   31 -7.084805e-01
   32 -7.093111e-01
   33 -7.095980e-01
   34 -7.095236e-01
   35 -7.092242e-01
   36 -7.087992e-01
   37 -7.083190e-01
   38 -7.078312e-01
   39 -7.073665e-01
   40 -7.069431e-01
   41 -7.065703e-01
   42 -7.062508e-01
   43 -7.059834e-01
   44 -7.057645e-01
   45 -7.055889e-01
   46 -7.054507e-01
   47 -7.053443e-01
   48 -7.052641e-01
   49 -7.052051e-01
   50 -7.051630e-01
   51 -7.051339e-01
   52 -7.051149e-01
   53 -7.051032e-01
   54 -7.050970e-01
   55 -7.050945e-01
   56 -7.050945e-01
   57 -7.050961e-01
   58 -7.050987e-01
   59 -7.051017e-01
   60 -7.051048e-01
   61 -7.051078e-01
   62 -7.051106e-01
   63 -7.051130e-01
   64 -7.051151e-01
   65 -7.051169e-01
   66 -7.051184e-01
   67 -7.051195e-01
   68 -7.051205e-01
   69 -7.051212e-01
   70 -7.051217e-01
   71 -7.051221e-01
   72 -7.051224e-01
   73 -7.051226e-01
   74 -7.051228e-01
   75 -7.051228e-01
   76 -7.051229e-01
   77 -7.051229e-01
   78 -7.051229e-01
   79 -7.051229e-01
   80 -7.051229e-01
   81 -7.051229e-01
   82 -7.051229e-01
   83 -7.051228e-01
   84 -7.051228e-01
   85 -7.051228e-01
   86 -7.051228e-01
   87 -7.051228e-01
   88 -7.051228e-01
   89 -7.051228e-01
   90 -7.051228e-01
   91 -7.051227e-01
   92 -7.051227e-01
   93 -7.051227e-01
   94 -7.051227e-01
   95 -7.051227e-01
   96 -7.051227e-01
   97 -7.051227e-01
   98 -7.051227e-01
   99 -7.051227e-01
  100 -7.051227e-01
  101 -7.051227e-01
  102 -7.051227e-01
  103 -7.051227e-01
  104 -7.051227e-01
  105 -7.051227e-01
  106 -7.051227e-01
  107 -7.051227e-01
  108 -7.051227e-01
  109 -7.051227e-01
  110 -7.051227e-01
  111 -7.051227e-01
  112 -7.051227e-01
  113 -7.051227e-01
  114 -7.051227e-01
  115 -7.051227e-01
  116 -7.051227e-01
  117 -7.051227e-01
  118 -7.051227e-01
  119 -7.051227e-01
  120 -7.051227e-01
  121 -7.051227e-01
  122 -7.051227e-01
  123 -7.051227e-01
  124 -7.051227e-01
  125 -7.051227e-01
  126 -7.051227e-01
  127 -7.051227e-01
  128 -7.051227e-01
  129 -7.051227e-01
  130 -7.051227e-01
  131 -7.051227e-01
  132 -7.051227e-01
  133 -7.051227e-01
  134 -7.051227e-01
  135 -7.051227e-01
  136 -7.051227e-01
  137 -7.051227e-01
  138 -7.051227e-01
  139 -7.051227e-01
  140 -7.051227e-01
  141 -7.051227e-01
  142 -7.051227e-01
  143 -7.051227e-01
  144 -7.051227e-01
  145 -7.051227e-01
  146 -7.051227e-01
  147 -7.051227e-01
  148 -7.051227e-01
  149 -7.051227e-01
  150 -7.051227e-01
  151 -7.051227e-01
  152 -7.051227e-01
  153 -7.051227e-01
  154 -7.051227e-01
  155 -7.051227e-01
  156 -7.051227e-01
  157 -7.051227e-01
  158 -7.051227e-01
  159 -7.051227e-01
  160 -7.051227e-01
  161 -7.051227e-01
  162 -7.051227e-01
  163 -7.051227e-01
  164 -7.051227e-01
  165 -7.051227e-01
  166 -7.051227e-01
  167 -7.051227e-01
  168 -7.051227e-01
  169 -7.051227e-01
  170 -7.051227e-01
  171 -7.051227e-01
  172 -7.051227e-01
  173 -7.051227e-01
  174 -7.051227e-01
  175 -7.051227e-01
  176 -7.051227e-01
  177 -7.051227e-01
  178 -7.051227e-01
  179 -7.051227e-01
  180 -7.051227e-01
  181 -7.051227e-01
  182 -7.051227e-01
  183 -7.051227e-01
  184 -7.051227e-01
  185 -7.051227e-01
  186 -7.051227e-01
  187 -7.051227e-01
  188 -7.051227e-01
  189 -7.051227e-01
  190 -7.051227e-01
  191 -7.051227e-01
  192 -7.051227e-01
  193 -7.051227e-01
  194 -7.051227e-01
  195 -7.051227e-01
  196 -7.051227e-01
  197 -7.051227e-01
  198 -7.051227e-01
  199 -7.051227e-01
  200 -7.051227e-01
  201 -7.051227e-01
  202 -7.051227e-01
  203 -7.051227e-01
  204 -7.051227e-01
  205 -7.051227e-01
  206 -7.051227e-01
  207 -7.051227e-01
  208 -7.051227e-01
  209 -7.051227e-01
  210 -7.051227e-01
  211 -7.051227e-01
  212 -7.051227e-01
  213 -7.051227e-01
  214 -7.051227e-01
  215 -7.051227e-01
  216 -7.051227e-01
  217 -7.051227e-01
  218 -7.051227e-01
  219 -7.051227e-01
  220 -7.051227e-01
  221 -7.051227e-01
  222 -7.051227e-01
  223 -7.051227e-01
  224 -7.051227e-01
  225 -7.051227e-01
  226 -7.051227e-01
  227 -7.051227e-01
  228 -7.051227e-01
  229 -7.051227e-01
  230 -7.051227e-01
  231 -7.051227e-01
  232 -7.051227e-01
  233 -7.051227e-01
  234 -7.051227e-01
  235 -7.051227e-01
  236 -7.051227e-01
  237 -7.051227e-01
  238 -7.051227e-01
  239 -7.051227e-01
  240 -7.051227e-01
  241 -7.051227e-01
  242 -7.051227e-01
  243 -7.051227e-01
  244 -7.051227e-01
  245 -7.051227e-01
  246 -7.051227e-01
  247 -7.051227e-01
  248 -7.051227e-01
  249 -7.051227e-01
  250 -7.051227e-01
  251 -7.051227e-01
  252 -7.051227e-01
  253 -7.051227e-01
  254 -7.051227e-01
  255 -7.051227e-01
  256 -7.051227e-01
  257 -7.051227e-01
  258 -7.051227e-01
  259 -7.051227e-01
  260 -7.051227e-01
  261 -7.051227e-01
  262 -7.051227e-01
  263 -7.051227e-01
  264 -7.051227e-01
  265 -7.051227e-01
  266 -7.051227e-01
  267 -7.051227e-01
  268 -7.051227e-01
  269 -7.051227e-01
  270 -7.051227e-01
  271 -7.051227e-01
  272 -7.051227e-01
  273 -7.051227e-01
  274 -7.051227e-01
  275 -7.051227e-01
  276 -7.051227e-01
  277 -7.051227e-01
  278 -7.051227e-01
  279 -7.051227e-01
  280 -7.051227e-01
  281 -7.051227e-01
  282 -7.051227e-01
  283 -7.051227e-01
  284 -7.051227e-01
  285 -7.051227e-01
  286 -7.051227e-01
  287 -7.051227e-01
  288 -7.051227e-01
  289 -7.051227e-01
  290 -7.051227e-01
  291 -7.051227e-01
  292 -7.051227e-01
  293 -7.051227e-01
  294 -7.051227e-01
  295 -7.051227e-01
  296 -7.051227e-01
  297 -7.051227e-01
  298 -7.051227e-01
  299 -7.051227e-01
  300 -7.051227e-01
