    1     0
    2     0
    3     0
    4     0
    5     0
    6     0
    7     0
    8     0
    9     0
   10     0
   11     0
   12 8.495099e-03
   13 2.494102e-02
   14 4.105665e-02
   15 5.409176e-02
   16 6.368018e-02
   17 7.033247e-02
   18 7.476277e-02
   19 7.762276e-02
   20 7.942292e-02
   21 8.053173e-02
   22 8.120162e-02
   23 8.159913e-02
   24 8.183096e-02
   25 8.196384e-02
   26 8.203867e-02
   27 8.208000e-02
   28 8.210235e-02
   29 8.211414e-02
   30 8.212017e-02
   31 8.212314e-02
   32 8.212452e-02
   33 8.212510e-02
   34 8.212531e-02
   35 8.212536e-02
   36 8.212534e-02
   37 8.212530e-02
   38 8.212526e-02
   39 8.212523e-02
   40 8.212521e-02
   41 8.212519e-02
   42 8.212518e-02
   43 8.212517e-02
   44 8.212517e-02
   45 8.212517e-02
   46 8.212516e-02
   47 8.212516e-02
   48 8.212516e-02
   49 8.212516e-02
   50 8.212516e-02
   51 8.212516e-02
   52 8.212516e-02
   53 8.212516e-02
   54 8.212516e-02
   55 8.212516e-02
   56 8.212516e-02
   57 8.212516e-02
   58 8.212516e-02
   59 8.212516e-02
   60 8.212516e-02
   61 8.212516e-02
   62 8.212516e-02
   63 8.212516e-02
   64 8.212516e-02
   65 8.212516e-02
   66 8.212516e-02
   67 8.212516e-02
   68 8.212516e-02
   69 8.212516e-02
   70 8.212516e-02
   71 8.212516e-02
   72 8.212516e-02
   73 8.212516e-02
   74 8.212516e-02
   75 8.212516e-02
   76 8.212516e-02
   77 8.212516e-02
   78 8.212516e-02
   79 8.212516e-02
   80 8.212516e-02
   81 8.212516e-02
   82 8.212516e-02
   83 8.212516e-02
   84 8.212516e-02
   85 8.212516e-02
   86 8.212516e-02
   87 8.212516e-02
   88 8.212516e-02
   89 8.212516e-02
   90 8.212516e-02
   91 8.212516e-02
   92 8.212516e-02
   93 8.212516e-02
   94 8.212516e-02
   95 8.212516e-02
   96 8.212516e-02
   97 8.212516e-02
   98 8.212516e-02
   99 8.212516e-02
  100 8.212516e-02
  101 8.212516e-02
  102 8.212516e-02
  103 8.212516e-02
  104 8.212516e-02
  105 8.212516e-02
  106 8.212516e-02
  107 8.212516e-02
  108 8.212516e-02
  109 8.212516e-02
  110 8.212516e-02
  111 8.212516e-02
  112 8.212516e-02
  113 8.212516e-02
  114 8.212516e-02
  115 8.212516e-02
  116 8.212516e-02
  117 8.212516e-02
  118 8.212516e-02
  119 8.212516e-02
  120 8.212516e-02
  121 8.212516e-02
  122 8.212516e-02
  123 8.212516e-02
  124 8.212516e-02
  125 8.212516e-02
  126 8.212516e-02
  127 8.212516e-02
  128 8.212516e-02
  129 8.212516e-02
  130 8.212516e-02
  131 8.212516e-02
  132 8.212516e-02
  133 8.212516e-02
  134 8.212516e-02
  135 8.212516e-02
  136 8.212516e-02
  137 8.212516e-02
  138 8.212516e-02
  139 8.212516e-02
  140 8.212516e-02
  141 8.212516e-02
  142 8.212516e-02
  143 8.212516e-02
  144 8.212516e-02
  145 8.212516e-02
  146 8.212516e-02
  147 8.212516e-02
  148 8.212516e-02
  149 8.212516e-02
  150 8.212516e-02
  151 8.212516e-02
  152 8.212516e-02
  153 8.212516e-02
  154 8.212516e-02
  155 8.212516e-02
  156 8.212516e-02
  157 8.212516e-02
  158 8.212516e-02
  159 8.212516e-02
  160 8.212516e-02
  161 8.212516e-02
  162 8.212516e-02
  163 8.212516e-02
  164 8.212516e-02
  165 8.212516e-02
  166 8.212516e-02
  167 8.212516e-02
  168 8.212516e-02
  169 8.212516e-02
  170 8.212516e-02
  171 8.212516e-02
  172 8.212516e-02
  173 8.212516e-02
  174 8.212516e-02
  175 8.212516e-02
  176 8.212516e-02
  177 8.212516e-02
  178 8.212516e-02
  179 8.212516e-02
  180 8.212516e-02
  181 8.212516e-02
  182 8.212516e-02
  183 8.212516e-02
  184 8.212516e-02
  185 8.212516e-02
  186 8.212516e-02
  187 8.212516e-02
  188 8.212516e-02
  189 8.212516e-02
  190 8.212516e-02
  191 8.212516e-02
  192 8.212516e-02
  193 8.212516e-02
  194 8.212516e-02
  195 8.212516e-02
  196 8.212516e-02
  197 8.212516e-02
  198 8.212516e-02
  199 8.212516e-02
  200 8.212516e-02
  201 8.212516e-02
  202 8.212516e-02
  203 8.212516e-02
  204 8.212516e-02
  205 8.212516e-02
  206 8.212516e-02
  207 8.212516e-02
  208 8.212516e-02
  209 8.212516e-02
  210 8.212516e-02
  211 8.212516e-02
  212 8.212516e-02
  213 8.212516e-02
  214 8.212516e-02
  215 8.212516e-02
  216 8.212516e-02
  217 8.212516e-02
  218 8.212516e-02
  219 8.212516e-02
  220 8.212516e-02
  221 8.212516e-02
  222 8.212516e-02
  223 8.212516e-02
  224 8.212516e-02
  225 8.212516e-02
  226 8.212516e-02
  227 8.212516e-02
  228 8.212516e-02
  229 8.212516e-02
  230 8.212516e-02
  231 8.212516e-02
  232 8.212516e-02
  233 8.212516e-02
  234 8.212516e-02
  235 8.212516e-02
  236 8.212516e-02
  237 8.212516e-02
  238 8.212516e-02
  239 8.212516e-02
  240 8.212516e-02
  241 8.212516e-02
  242 8.212516e-02
  243 8.212516e-02
  244 8.212516e-02
  245 8.212516e-02
  246 8.212516e-02
  247 8.212516e-02
  248 8.212516e-02
  249 8.212516e-02
  250 8.212516e-02
  251 8.212516e-02
  252 8.212516e-02
  253 8.212516e-02
  254 8.212516e-02
  255 8.212516e-02
  256 8.212516e-02
  257 8.212516e-02
  258 8.212516e-02
  259 8.212516e-02
  260 8.212516e-02
  261 8.212516e-02
  262 8.212516e-02
  263 8.212516e-02
  264 8.212516e-02
  265 8.212516e-02
  266 8.212516e-02
  267 8.212516e-02
  268 8.212516e-02
  269 8.212516e-02
  270 8.212516e-02
  271 8.212516e-02
  272 8.212516e-02
  273 8.212516e-02
  274 8.212516e-02
  275 8.212516e-02
  276 8.212516e-02
  277 8.212516e-02
  278 8.212516e-02
  279 8.212516e-02
  280 8.212516e-02
  281 8.212516e-02
  282 8.212516e-02
  283 8.212516e-02
  284 8.212516e-02
  285 8.212516e-02
  286 8.212516e-02
  287 8.212516e-02
  288 8.212516e-02
  289 8.212516e-02
  290 8.212516e-02
  291 8.212516e-02
  292 8.212516e-02
  293 8.212516e-02
  294 8.212516e-02
  295 8.212516e-02
  296 8.212516e-02
  297 8.212516e-02
  298 8.212516e-02
  299 8.212516e-02
  300 8.212516e-02
