    1     0
    2     0
    3     0
    4     0
    5     0
    6     0
    7     0
    8     0
    9     0
   10     0
   11     0
   12 -4.792530e-02
   13 -1.692113e-01
   14 -3.356123e-01
   15 -5.262354e-01
   16 -7.259775e-01
   17 -9.242426e-01
   18 -1.113899e+00
   19 -1.290439e+00
   20 -1.451308e+00
   21 -1.595373e+00
   22 -1.722512e+00
   23 -1.833290e+00
   24 -1.928718e+00
   25 -2.010072e+00
   26 -2.078756e+00
   27 -2.136211e+00
   28 -2.183842e+00
   29 -2.222983e+00
   30 -2.254861e+00
   31 -2.280589e+00
   32 -2.301158e+00
   33 -2.317439e+00
   34 -2.330184e+00
   35 -2.340043e+00
   36 -2.347566e+00
   37 -2.353214e+00
   38 -2.357375e+00
   39 -2.360367e+00
   40 -2.362451e+00
   41 -2.363839e+00
   42 -2.364702e+00
   43 -2.365175e+00
   44 -2.365366e+00
   45 -2.365358e+00
   46 -2.365215e+00
   47 -2.364986e+00
   48 -2.364708e+00
   49 -2.364407e+00
   50 -2.364103e+00
   51 -2.363807e+00
   52 -2.363528e+00
   53 -2.363272e+00
   54 -2.363042e+00
   55 -2.362837e+00
   56 -2.362657e+00
   57 -2.362502e+00
   58 -2.362369e+00
   59 -2.362256e+00
   60 -2.362161e+00
   61 -2.362082e+00
   62 -2.362017e+00
   63 -2.361964e+00
   64 -2.361921e+00
   65 -2.361886e+00
   66 -2.361859e+00
   67 -2.361837e+00
   68 -2.361820e+00
   69 -2.361808e+00
   70 -2.361798e+00
   71 -2.361791e+00
   72 -2.361785e+00
   73 -2.361782e+00
   74 -2.361779e+00
   75 -2.361777e+00
   76 -2.361776e+00
   77 -2.361776e+00
   78 -2.361776e+00
   79 -2.361776e+00
   80 -2.361776e+00
   81 -2.361777e+00
   82 -2.361777e+00
   83 -2.361778e+00
   84 -2.361778e+00
   85 -2.361778e+00
   86 -2.361779e+00
   87 -2.361779e+00
   88 -2.361780e+00
   89 -2.361780e+00
   90 -2.361780e+00
   91 -2.361780e+00
   92 -2.361781e+00
   93 -2.361781e+00
   94 -2.361781e+00
   95 -2.361781e+00
   96 -2.361781e+00
   97 -2.361781e+00
   98 -2.361781e+00
   99 -2.361781e+00
  100 -2.361781e+00
  101 -2.361781e+00
  102 -2.361781e+00
  103 -2.361781e+00
  104 -2.361781e+00
  105 -2.361781e+00
  106 -2.361781e+00
  107 -2.361781e+00
  108 -2.361781e+00
  109 -2.361781e+00
  110 -2.361781e+00
  111 -2.361781e+00
  112 -2.361781e+00
  113 -2.361781e+00
  114 -2.361781e+00
  115 -2.361781e+00
  116 -2.361781e+00
  117 -2.361781e+00
  118 -2.361781e+00
  119 -2.361781e+00
  120 -2.361781e+00
  121 -2.361781e+00
  122 -2.361781e+00
  123 -2.361781e+00
  124 -2.361781e+00
  125 -2.361781e+00
  126 -2.361781e+00
  127 -2.361781e+00
  128 -2.361781e+00
  129 -2.361781e+00
  130 -2.361781e+00
  131 -2.361781e+00
  132 -2.361781e+00
  133 -2.361781e+00
  134 -2.361781e+00
  135 -2.361781e+00
  136 -2.361781e+00
  137 -2.361781e+00
  138 -2.361781e+00
  139 -2.361781e+00
  140 -2.361781e+00
  141 -2.361781e+00
  142 -2.361781e+00
  143 -2.361781e+00
  144 -2.361781e+00
  145 -2.361781e+00
  146 -2.361781e+00
  147 -2.361781e+00
  148 -2.361781e+00
  149 -2.361781e+00
  150 -2.361781e+00
  151 -2.361781e+00
  152 -2.361781e+00
  153 -2.361781e+00
  154 -2.361781e+00
  155 -2.361781e+00
  156 -2.361781e+00
  157 -2.361781e+00
  158 -2.361781e+00
  159 -2.361781e+00
  160 -2.361781e+00
  161 -2.361781e+00
  162 -2.361781e+00
  163 -2.361781e+00
  164 -2.361781e+00
  165 -2.361781e+00
  166 -2.361781e+00
  167 -2.361781e+00
  168 -2.361781e+00
  169 -2.361781e+00
  170 -2.361781e+00
  171 -2.361781e+00
  172 -2.361781e+00
  173 -2.361781e+00
  174 -2.361781e+00
  175 -2.361781e+00
  176 -2.361781e+00
  177 -2.361781e+00
  178 -2.361781e+00
  179 -2.361781e+00
  180 -2.361781e+00
  181 -2.361781e+00
  182 -2.361781e+00
  183 -2.361781e+00
  184 -2.361781e+00
  185 -2.361781e+00
  186 -2.361781e+00
  187 -2.361781e+00
  188 -2.361781e+00
  189 -2.361781e+00
  190 -2.361781e+00
  191 -2.361781e+00
  192 -2.361781e+00
  193 -2.361781e+00
  194 -2.361781e+00
  195 -2.361781e+00
  196 -2.361781e+00
  197 -2.361781e+00
  198 -2.361781e+00
  199 -2.361781e+00
  200 -2.361781e+00
  201 -2.361781e+00
  202 -2.361781e+00
  203 -2.361781e+00
  204 -2.361781e+00
  205 -2.361781e+00
  206 -2.361781e+00
  207 -2.361781e+00
  208 -2.361781e+00
  209 -2.361781e+00
  210 -2.361781e+00
  211 -2.361781e+00
  212 -2.361781e+00
  213 -2.361781e+00
  214 -2.361781e+00
  215 -2.361781e+00
  216 -2.361781e+00
  217 -2.361781e+00
  218 -2.361781e+00
  219 -2.361781e+00
  220 -2.361781e+00
  221 -2.361781e+00
  222 -2.361781e+00
  223 -2.361781e+00
  224 -2.361781e+00
  225 -2.361781e+00
  226 -2.361781e+00
  227 -2.361781e+00
  228 -2.361781e+00
  229 -2.361781e+00
  230 -2.361781e+00
  231 -2.361781e+00
  232 -2.361781e+00
  233 -2.361781e+00
  234 -2.361781e+00
  235 -2.361781e+00
  236 -2.361781e+00
  237 -2.361781e+00
  238 -2.361781e+00
  239 -2.361781e+00
  240 -2.361781e+00
  241 -2.361781e+00
  242 -2.361781e+00
  243 -2.361781e+00
  244 -2.361781e+00
  245 -2.361781e+00
  246 -2.361781e+00
  247 -2.361781e+00
  248 -2.361781e+00
  249 -2.361781e+00
  250 -2.361781e+00
  251 -2.361781e+00
  252 -2.361781e+00
  253 -2.361781e+00
  254 -2.361781e+00
  255 -2.361781e+00
  256 -2.361781e+00
  257 -2.361781e+00
  258 -2.361781e+00
  259 -2.361781e+00
  260 -2.361781e+00
  261 -2.361781e+00
  262 -2.361781e+00
  263 -2.361781e+00
  264 -2.361781e+00
  265 -2.361781e+00
  266 -2.361781e+00
  267 -2.361781e+00
  268 -2.361781e+00
  269 -2.361781e+00
  270 -2.361781e+00
  271 -2.361781e+00
  272 -2.361781e+00
  273 -2.361781e+00
  274 -2.361781e+00
  275 -2.361781e+00
  276 -2.361781e+00
  277 -2.361781e+00
  278 -2.361781e+00
  279 -2.361781e+00
  280 -2.361781e+00
  281 -2.361781e+00
  282 -2.361781e+00
  283 -2.361781e+00
  284 -2.361781e+00
  285 -2.361781e+00
  286 -2.361781e+00
  287 -2.361781e+00
  288 -2.361781e+00
  289 -2.361781e+00
  290 -2.361781e+00
  291 -2.361781e+00
  292 -2.361781e+00
  293 -2.361781e+00
  294 -2.361781e+00
  295 -2.361781e+00
  296 -2.361781e+00
  297 -2.361781e+00
  298 -2.361781e+00
  299 -2.361781e+00
  300 -2.361781e+00
