    1     0
    2     0
    3     0
    4     0
    5     0
    6     0
    7 -1.748347e-02
    8 -3.493571e-02
    9 -5.235673e-02
   10 -6.974655e-02
   11 -8.710520e-02
   12 -1.044216e-01
   13 -1.216728e-01
   14 -1.388321e-01
   15 -1.558707e-01
   16 -1.727589e-01
   17 -1.894675e-01
   18 -2.059673e-01
   19 -2.222303e-01
   20 -2.382290e-01
   21 -2.539368e-01
   22 -2.693277e-01
   23 -2.843766e-01
   24 -2.990587e-01
   25 -3.133504e-01
   26 -3.272287e-01
   27 -3.406716e-01
   28 -3.536585e-01
   29 -3.661701e-01
   30 -3.781883e-01
   31 -3.896972e-01
   32 -4.006823e-01
   33 -4.111315e-01
   34 -4.210346e-01
   35 -4.303837e-01
   36 -4.391734e-01
   37 -4.474004e-01
   38 -4.550643e-01
   39 -4.621667e-01
   40 -4.687120e-01
   41 -4.747068e-01
   42 -4.801603e-01
   43 -4.850836e-01
   44 -4.894903e-01
   45 -4.933958e-01
   46 -4.968177e-01
   47 -4.997751e-01
   48 -5.022886e-01
   49 -5.043804e-01
   50 -5.060738e-01
   51 -5.073931e-01
   52 -5.083633e-01
   53 -5.090102e-01
   54 -5.093598e-01
   55 -5.094382e-01
   56 -5.092718e-01
   57 -5.088864e-01
   58 -5.083077e-01
   59 -5.075606e-01
   60 -5.066695e-01
   61 -5.056577e-01
   62 -5.045476e-01
   63 -5.033604e-01
   64 -5.021162e-01
   65 -5.008336e-01
   66 -4.995300e-01
   67 -4.982212e-01
   68 -4.969217e-01
   69 -4.956443e-01
   70 -4.944006e-01
   71 -4.932005e-01
   72 -4.920526e-01
   73 -4.909640e-01
   74 -4.899406e-01
   75 -4.889869e-01
   76 -4.881062e-01
   77 -4.873009e-01
   78 -4.865721e-01
   79 -4.859199e-01
   80 -4.853439e-01
   81 -4.848425e-01
   82 -4.844138e-01
   83 -4.840551e-01
   84 -4.837633e-01
   85 -4.835347e-01
   86 -4.833655e-01
   87 -4.832516e-01
   88 -4.831887e-01
   89 -4.831722e-01
   90 -4.831977e-01
   91 -4.832608e-01
   92 -4.833570e-01
   93 -4.834819e-01
   94 -4.836313e-01
   95 -4.838012e-01
   96 -4.839877e-01
   97 -4.841872e-01
   98 -4.843963e-01
   99 -4.846117e-01
  100 -4.848306e-01
  101 -4.850503e-01
  102 -4.852685e-01
  103 -4.854829e-01
  104 -4.856917e-01
  105 -4.858932e-01
  106 -4.860861e-01
  107 -4.862691e-01
  108 -4.864414e-01
  109 -4.866022e-01
  110 -4.867510e-01
  111 -4.868874e-01
  112 -4.870112e-01
  113 -4.871224e-01
  114 -4.872210e-01
  115 -4.873073e-01
  116 -4.873816e-01
  117 -4.874444e-01
  118 -4.874961e-01
  119 -4.875373e-01
  120 -4.875686e-01
  121 -4.875906e-01
  122 -4.876041e-01
  123 -4.876098e-01
  124 -4.876084e-01
  125 -4.876006e-01
  126 -4.875872e-01
  127 -4.875688e-01
  128 -4.875462e-01
  129 -4.875199e-01
  130 -4.874908e-01
  131 -4.874592e-01
  132 -4.874259e-01
  133 -4.873913e-01
  134 -4.873560e-01
  135 -4.873203e-01
  136 -4.872848e-01
  137 -4.872497e-01
  138 -4.872154e-01
  139 -4.871821e-01
  140 -4.871502e-01
  141 -4.871198e-01
  142 -4.870911e-01
  143 -4.870642e-01
  144 -4.870393e-01
  145 -4.870163e-01
  146 -4.869954e-01
  147 -4.869765e-01
  148 -4.869597e-01
  149 -4.869449e-01
  150 -4.869320e-01
  151 -4.869211e-01
  152 -4.869121e-01
  153 -4.869048e-01
  154 -4.868991e-01
  155 -4.868950e-01
  156 -4.868923e-01
  157 -4.868909e-01
  158 -4.868907e-01
  159 -4.868916e-01
  160 -4.868935e-01
  161 -4.868963e-01
  162 -4.868997e-01
  163 -4.869038e-01
  164 -4.869084e-01
  165 -4.869134e-01
  166 -4.869188e-01
  167 -4.869244e-01
  168 -4.869301e-01
  169 -4.869359e-01
  170 -4.869417e-01
  171 -4.869475e-01
  172 -4.869531e-01
  173 -4.869586e-01
  174 -4.869639e-01
  175 -4.869690e-01
  176 -4.869738e-01
  177 -4.869783e-01
  178 -4.869825e-01
  179 -4.869863e-01
  180 -4.869899e-01
  181 -4.869931e-01
  182 -4.869959e-01
  183 -4.869985e-01
  184 -4.870007e-01
  185 -4.870026e-01
  186 -4.870041e-01
  187 -4.870054e-01
  188 -4.870065e-01
  189 -4.870072e-01
  190 -4.870077e-01
  191 -4.870080e-01
  192 -4.870081e-01
  193 -4.870080e-01
  194 -4.870078e-01
  195 -4.870074e-01
  196 -4.870069e-01
  197 -4.870062e-01
  198 -4.870055e-01
  199 -4.870047e-01
  200 -5.132291e-01
  201 -5.394065e-01
  202 -5.655371e-01
  203 -5.916209e-01
  204 -6.176579e-01
  205 -6.435867e-01
  206 -6.692926e-01
  207 -6.946344e-01
  208 -7.194577e-01
  209 -7.436052e-01
  210 -7.669238e-01
  211 -7.892699e-01
  212 -8.105119e-01
  213 -8.305328e-01
  214 -8.492304e-01
  215 -8.665182e-01
  216 -8.823255e-01
  217 -8.965968e-01
  218 -9.092920e-01
  219 -9.203858e-01
  220 -9.298671e-01
  221 -9.377387e-01
  222 -9.440165e-01
  223 -9.487293e-01
  224 -9.519176e-01
  225 -9.536332e-01
  226 -9.539384e-01
  227 -9.529050e-01
  228 -9.506134e-01
  229 -9.471521e-01
  230 -9.426160e-01
  231 -9.371060e-01
  232 -9.307276e-01
  233 -9.235899e-01
  234 -9.158048e-01
  235 -9.074852e-01
  236 -8.987446e-01
  237 -8.896956e-01
  238 -8.804491e-01
  239 -8.711130e-01
  240 -8.617914e-01
  241 -8.525834e-01
  242 -8.435827e-01
  243 -8.348763e-01
  244 -8.265439e-01
  245 -8.186576e-01
  246 -8.112811e-01
  247 -8.044692e-01
  248 -7.982679e-01
  249 -7.927140e-01
  250 -7.878349e-01
  251 -7.836491e-01
  252 -7.801662e-01
  253 -7.773871e-01
  254 -7.753046e-01
  255 -7.739039e-01
  256 -7.731630e-01
  257 -7.730537e-01
  258 -7.735422e-01
  259 -7.745895e-01
  260 -7.761527e-01
  261 -7.781854e-01
  262 -7.806388e-01
  263 -7.834620e-01
  264 -7.866031e-01
  265 -7.900098e-01
  266 -7.936299e-01
  267 -7.974121e-01
  268 -8.013062e-01
  269 -8.052641e-01
  270 -8.092396e-01
  271 -8.131893e-01
  272 -8.170723e-01
  273 -8.208514e-01
  274 -8.244921e-01
  275 -8.279638e-01
  276 -8.312393e-01
  277 -8.342949e-01
  278 -8.371109e-01
  279 -8.396709e-01
  280 -8.419622e-01
  281 -8.439757e-01
  282 -8.457055e-01
  283 -8.471491e-01
  284 -8.483071e-01
  285 -8.491830e-01
  286 -8.497830e-01
  287 -8.501158e-01
  288 -8.501926e-01
  289 -8.500263e-01
  290 -8.496320e-01
  291 -8.490262e-01
  292 -8.482266e-01
  293 -8.472523e-01
  294 -8.461229e-01
  295 -8.448589e-01
  296 -8.434808e-01
  297 -8.420095e-01
  298 -8.404656e-01
  299 -8.388695e-01
  300 -8.372411e-01
  301 -8.355995e-01
  302 -8.339630e-01
  303 -8.323488e-01
  304 -8.307730e-01
  305 -8.292505e-01
  306 -8.277947e-01
  307 -8.264177e-01
  308 -8.251300e-01
  309 -8.239407e-01
  310 -8.228571e-01
  311 -8.218854e-01
  312 -8.210297e-01
  313 -8.202932e-01
  314 -8.196771e-01
  315 -8.191816e-01
  316 -8.188054e-01
  317 -8.185460e-01
  318 -8.184000e-01
  319 -8.183625e-01
  320 -8.184281e-01
  321 -8.185904e-01
  322 -8.188424e-01
  323 -8.191764e-01
  324 -8.195843e-01
  325 -8.200576e-01
  326 -8.205878e-01
  327 -8.211658e-01
  328 -8.217830e-01
  329 -8.224306e-01
  330 -8.230998e-01
  331 -8.237825e-01
  332 -8.244704e-01
  333 -8.251560e-01
  334 -8.258321e-01
  335 -8.264919e-01
  336 -8.271293e-01
  337 -8.277388e-01
  338 -8.283152e-01
  339 -8.288544e-01
  340 -8.293526e-01
  341 -8.298067e-01
  342 -8.302143e-01
  343 -8.305736e-01
  344 -8.308835e-01
  345 -8.311432e-01
  346 -8.313528e-01
  347 -8.315129e-01
  348 -8.316243e-01
  349 -8.316886e-01
  350 -8.317077e-01
  351 -8.316838e-01
  352 -8.316195e-01
  353 -8.315177e-01
  354 -8.313816e-01
  355 -8.312145e-01
  356 -8.310199e-01
  357 -8.308012e-01
  358 -8.305623e-01
  359 -8.303067e-01
  360 -8.300381e-01
  361 -8.297601e-01
  362 -8.294761e-01
  363 -8.291895e-01
  364 -8.289036e-01
  365 -8.286213e-01
  366 -8.283454e-01
  367 -8.280787e-01
  368 -8.278234e-01
  369 -8.275816e-01
  370 -8.273553e-01
  371 -8.271459e-01
  372 -8.269548e-01
  373 -8.267830e-01
  374 -8.266314e-01
  375 -8.265004e-01
  376 -8.263904e-01
  377 -8.263013e-01
  378 -8.262330e-01
  379 -8.261850e-01
  380 -8.261569e-01
  381 -8.261477e-01
  382 -8.261565e-01
  383 -8.261823e-01
  384 -8.262239e-01
  385 -8.262799e-01
  386 -8.263490e-01
  387 -8.264297e-01
  388 -8.265205e-01
  389 -8.266199e-01
  390 -8.267263e-01
  391 -8.268382e-01
  392 -8.269542e-01
  393 -8.270727e-01
  394 -8.271924e-01
  395 -8.273119e-01
  396 -8.274299e-01
  397 -8.275453e-01
  398 -8.276569e-01
  399 -8.277638e-01
  400 -8.016399e-01
  401 -7.755565e-01
  402 -7.495128e-01
  403 -7.235084e-01
  404 -6.975426e-01
  405 -6.716782e-01
  406 -6.460390e-01
  407 -6.207857e-01
  408 -5.961008e-01
  409 -5.721760e-01
  410 -5.492016e-01
  411 -5.273584e-01
  412 -5.068110e-01
  413 -4.877032e-01
  414 -4.701546e-01
  415 -4.542577e-01
  416 -4.400771e-01
  417 -4.276484e-01
  418 -4.169789e-01
  419 -4.080489e-01
  420 -4.008134e-01
  421 -3.952047e-01
  422 -3.911360e-01
  423 -3.885047e-01
  424 -3.871962e-01
  425 -3.870879e-01
  426 -3.880523e-01
  427 -3.899609e-01
  428 -3.926867e-01
  429 -3.961064e-01
  430 -4.001028e-01
  431 -4.045654e-01
  432 -4.093921e-01
  433 -4.144889e-01
  434 -4.197708e-01
  435 -4.251614e-01
  436 -4.305926e-01
  437 -4.360043e-01
  438 -4.413442e-01
  439 -4.465669e-01
  440 -4.516336e-01
  441 -4.565117e-01
  442 -4.611740e-01
  443 -4.655983e-01
  444 -4.697675e-01
  445 -4.736681e-01
  446 -4.772910e-01
  447 -4.806303e-01
  448 -4.836832e-01
  449 -4.864500e-01
  450 -4.889332e-01
  451 -4.911379e-01
  452 -4.930710e-01
  453 -4.947412e-01
  454 -4.961588e-01
  455 -4.973352e-01
  456 -4.982832e-01
  457 -4.990162e-01
  458 -4.995485e-01
  459 -4.998948e-01
  460 -5.000702e-01
  461 -5.000899e-01
  462 -4.999694e-01
  463 -4.997237e-01
  464 -4.993679e-01
  465 -4.989166e-01
  466 -4.983839e-01
  467 -4.977835e-01
  468 -4.971283e-01
  469 -4.964307e-01
  470 -4.957022e-01
  471 -4.949535e-01
  472 -4.941946e-01
  473 -4.934344e-01
  474 -4.926813e-01
  475 -4.919424e-01
  476 -4.912242e-01
  477 -4.905324e-01
  478 -4.898716e-01
  479 -4.892459e-01
  480 -4.886584e-01
  481 -4.881115e-01
  482 -4.876072e-01
  483 -4.871465e-01
  484 -4.867300e-01
  485 -4.863577e-01
  486 -4.860293e-01
  487 -4.857438e-01
  488 -4.855000e-01
  489 -4.852963e-01
  490 -4.851308e-01
  491 -4.850016e-01
  492 -4.849064e-01
  493 -4.848427e-01
  494 -4.848081e-01
  495 -4.848001e-01
  496 -4.848160e-01
  497 -4.848533e-01
  498 -4.849095e-01
  499 -4.849820e-01
  500 -4.850685e-01
  501 -4.851666e-01
  502 -4.852741e-01
  503 -4.853890e-01
  504 -4.855093e-01
  505 -4.856332e-01
  506 -4.857590e-01
  507 -4.858852e-01
  508 -4.860104e-01
  509 -4.861334e-01
  510 -4.862531e-01
  511 -4.863686e-01
  512 -4.864791e-01
  513 -4.865839e-01
  514 -4.866825e-01
  515 -4.867745e-01
  516 -4.868596e-01
  517 -4.869375e-01
  518 -4.870082e-01
  519 -4.870716e-01
  520 -4.871278e-01
  521 -4.871769e-01
  522 -4.872192e-01
  523 -4.872548e-01
  524 -4.872841e-01
  525 -4.873073e-01
  526 -4.873249e-01
  527 -4.873372e-01
  528 -4.873447e-01
  529 -4.873476e-01
  530 -4.873465e-01
  531 -4.873417e-01
  532 -4.873338e-01
  533 -4.873230e-01
  534 -4.873098e-01
  535 -4.872945e-01
  536 -4.872776e-01
  537 -4.872594e-01
  538 -4.872401e-01
  539 -4.872202e-01
  540 -4.871998e-01
  541 -4.871793e-01
  542 -4.871588e-01
  543 -4.871387e-01
  544 -4.871190e-01
  545 -4.870999e-01
  546 -4.870816e-01
  547 -4.870641e-01
  548 -4.870477e-01
  549 -4.870323e-01
  550 -4.870180e-01
  551 -4.870049e-01
  552 -4.869929e-01
  553 -4.869822e-01
  554 -4.869726e-01
  555 -4.869642e-01
  556 -4.869569e-01
  557 -4.869507e-01
  558 -4.869455e-01
  559 -4.869414e-01
  560 -4.869382e-01
  561 -4.869359e-01
  562 -4.869344e-01
  563 -4.869337e-01
  564 -4.869336e-01
  565 -4.869342e-01
  566 -4.869353e-01
  567 -4.869369e-01
  568 -4.869389e-01
  569 -4.869413e-01
  570 -4.869440e-01
  571 -4.869469e-01
  572 -4.869500e-01
  573 -4.869532e-01
  574 -4.869565e-01
  575 -4.869598e-01
  576 -4.869632e-01
  577 -4.869665e-01
  578 -4.869697e-01
  579 -4.869729e-01
  580 -4.869759e-01
  581 -4.869788e-01
  582 -4.869816e-01
  583 -4.869841e-01
  584 -4.869865e-01
  585 -4.869887e-01
  586 -4.869908e-01
  587 -4.869926e-01
  588 -4.869942e-01
  589 -4.869957e-01
  590 -4.869969e-01
  591 -4.869980e-01
  592 -4.869989e-01
  593 -4.869996e-01
  594 -4.870002e-01
  595 -4.870006e-01
  596 -4.870009e-01
  597 -4.870011e-01
  598 -4.870011e-01
  599 -4.870011e-01
  600 -4.695175e-01
  601 -4.520650e-01
  602 -4.346437e-01
  603 -4.172535e-01
  604 -3.998944e-01
  605 -3.826088e-01
  606 -3.654768e-01
  607 -3.485975e-01
  608 -3.320783e-01
  609 -3.160260e-01
  610 -3.005399e-01
  611 -2.857071e-01
  612 -2.715989e-01
  613 -2.582696e-01
  614 -2.457553e-01
  615 -2.340744e-01
  616 -2.232286e-01
  617 -2.132049e-01
  618 -2.039770e-01
  619 -1.955082e-01
  620 -1.877536e-01
  621 -1.806628e-01
  622 -1.741818e-01
  623 -1.682556e-01
  624 -1.628294e-01
  625 -1.578502e-01
  626 -1.532683e-01
  627 -1.490373e-01
  628 -1.451150e-01
  629 -1.414635e-01
  630 -1.380492e-01
  631 -1.348426e-01
  632 -1.318182e-01
  633 -1.289540e-01
  634 -1.262310e-01
  635 -1.236332e-01
  636 -1.211470e-01
  637 -1.187609e-01
  638 -1.164651e-01
  639 -1.142516e-01
  640 -1.121132e-01
  641 -1.100441e-01
  642 -1.080393e-01
  643 -1.060944e-01
  644 -1.042056e-01
  645 -1.023697e-01
  646 -1.005839e-01
  647 -9.884541e-02
  648 -9.715210e-02
  649 -9.550187e-02
  650 -9.389283e-02
  651 -9.232326e-02
  652 -9.079156e-02
  653 -8.929625e-02
  654 -8.783595e-02
  655 -8.640936e-02
  656 -8.501529e-02
  657 -8.365257e-02
  658 -8.232013e-02
  659 -8.101695e-02
  660 -7.974205e-02
  661 -7.849451e-02
  662 -7.727345e-02
  663 -7.607804e-02
  664 -7.490747e-02
  665 -7.376099e-02
  666 -7.263787e-02
  667 -7.153741e-02
  668 -7.045895e-02
  669 -6.940185e-02
  670 -6.836550e-02
  671 -6.734931e-02
  672 -6.635272e-02
  673 -6.537519e-02
  674 -6.441621e-02
  675 -6.347528e-02
  676 -6.255191e-02
  677 -6.164565e-02
  678 -6.075605e-02
  679 -5.988268e-02
  680 -5.902514e-02
  681 -5.818303e-02
  682 -5.735596e-02
  683 -5.654356e-02
  684 -5.574548e-02
  685 -5.496137e-02
  686 -5.419090e-02
  687 -5.343375e-02
  688 -5.268960e-02
  689 -5.195815e-02
  690 -5.123912e-02
  691 -5.053222e-02
  692 -4.983717e-02
  693 -4.915371e-02
  694 -4.848159e-02
  695 -4.782055e-02
  696 -4.717036e-02
  697 -4.653078e-02
  698 -4.590157e-02
  699 -4.528253e-02
  700 -4.467344e-02
  701 -4.407408e-02
  702 -4.348427e-02
  703 -4.290379e-02
  704 -4.233246e-02
  705 -4.177009e-02
  706 -4.121650e-02
  707 -4.067153e-02
  708 -4.013498e-02
  709 -3.960671e-02
  710 -3.908654e-02
  711 -3.857432e-02
  712 -3.806989e-02
  713 -3.757311e-02
  714 -3.708383e-02
  715 -3.660191e-02
  716 -3.612720e-02
  717 -3.565958e-02
  718 -3.519891e-02
  719 -3.474506e-02
  720 -3.429790e-02
  721 -3.385732e-02
  722 -3.342320e-02
  723 -3.299541e-02
  724 -3.257385e-02
  725 -3.215840e-02
  726 -3.174895e-02
  727 -3.134540e-02
  728 -3.094764e-02
  729 -3.055558e-02
  730 -3.016911e-02
  731 -2.978814e-02
  732 -2.941256e-02
  733 -2.904230e-02
  734 -2.867726e-02
  735 -2.831734e-02
  736 -2.796247e-02
  737 -2.761256e-02
  738 -2.726752e-02
  739 -2.692728e-02
  740 -2.659175e-02
  741 -2.626086e-02
  742 -2.593453e-02
  743 -2.561268e-02
  744 -2.529525e-02
  745 -2.498216e-02
  746 -2.467334e-02
  747 -2.436873e-02
  748 -2.406825e-02
  749 -2.377184e-02
  750 -2.347943e-02
  751 -2.319097e-02
  752 -2.290639e-02
  753 -2.262562e-02
  754 -2.234861e-02
  755 -2.207531e-02
  756 -2.180565e-02
  757 -2.153957e-02
  758 -2.127702e-02
  759 -2.101796e-02
  760 -2.076231e-02
  761 -2.051004e-02
  762 -2.026109e-02
  763 -2.001541e-02
  764 -1.977296e-02
  765 -1.953367e-02
  766 -1.929751e-02
  767 -1.906443e-02
  768 -1.883438e-02
  769 -1.860732e-02
  770 -1.838321e-02
  771 -1.816199e-02
  772 -1.794364e-02
  773 -1.772809e-02
  774 -1.751533e-02
  775 -1.730530e-02
  776 -1.709796e-02
  777 -1.689328e-02
  778 -1.669122e-02
  779 -1.649174e-02
  780 -1.629480e-02
  781 -1.610036e-02
  782 -1.590840e-02
  783 -1.571888e-02
  784 -1.553175e-02
  785 -1.534700e-02
  786 -1.516457e-02
  787 -1.498445e-02
  788 -1.480660e-02
  789 -1.463098e-02
  790 -1.445757e-02
  791 -1.428634e-02
  792 -1.411724e-02
  793 -1.395027e-02
  794 -1.378538e-02
  795 -1.362255e-02
  796 -1.346175e-02
  797 -1.330294e-02
  798 -1.314612e-02
  799 -1.299123e-02
  800 -1.283827e-02
