    1 4.400000e-01
    2 4.400000e-01
    3 4.400000e-01
    4 4.400000e-01
    5 4.400000e-01
    6 4.400000e-01
    7 3.021960e-01
    8 2.389351e-01
    9 2.084820e-01
   10 1.887672e-01
   11 1.699438e-01
   12 1.484844e-01
   13 1.243042e-01
   14 9.822504e-02
   15 7.104029e-02
   16 4.329997e-02
   17 1.534173e-02
   18 -1.263165e-02
   19 -4.049162e-02
   20 -6.814710e-02
   21 -9.552424e-02
   22 -1.225554e-01
   23 -1.491730e-01
   24 -1.753068e-01
   25 -2.008830e-01
   26 -2.258235e-01
   27 -2.500476e-01
   28 -2.734733e-01
   29 -2.960187e-01
   30 -3.176045e-01
   31 -3.381558e-01
   32 -3.576041e-01
   33 -3.758892e-01
   34 -3.929604e-01
   35 -4.087782e-01
   36 -4.233149e-01
   37 -4.365554e-01
   38 -4.484978e-01
   39 -4.591526e-01
   40 -4.685430e-01
   41 -4.767041e-01
   42 -4.836822e-01
   43 -4.895334e-01
   44 -4.943229e-01
   45 -4.981234e-01
   46 -5.010136e-01
   47 -5.030770e-01
   48 -5.044000e-01
   49 -5.050706e-01
   50 -5.051772e-01
   51 -5.048065e-01
   52 -5.040428e-01
   53 -5.029664e-01
   54 -5.016527e-01
   55 -5.001717e-01
   56 -4.985864e-01
   57 -4.969531e-01
   58 -4.953206e-01
   59 -4.937307e-01
   60 -4.922173e-01
   61 -4.908074e-01
   62 -4.895210e-01
   63 -4.883722e-01
   64 -4.873688e-01
   65 -4.865139e-01
   66 -4.858064e-01
   67 -4.852411e-01
   68 -4.848101e-01
   69 -4.845031e-01
   70 -4.843084e-01
   71 -4.842131e-01
   72 -4.842037e-01
   73 -4.842667e-01
   74 -4.843890e-01
   75 -4.845580e-01
   76 -4.847618e-01
   77 -4.849897e-01
   78 -4.852320e-01
   79 -4.854803e-01
   80 -4.857272e-01
   81 -4.859667e-01
   82 -4.861940e-01
   83 -4.864052e-01
   84 -4.865976e-01
   85 -4.867692e-01
   86 -4.869191e-01
   87 -4.870470e-01
   88 -4.871530e-01
   89 -4.872381e-01
   90 -4.873033e-01
   91 -4.873503e-01
   92 -4.873807e-01
   93 -4.873964e-01
   94 -4.873994e-01
   95 -4.873915e-01
   96 -4.873747e-01
   97 -4.873510e-01
   98 -4.873218e-01
   99 -4.872890e-01
  100 -4.872538e-01
  101 -4.872176e-01
  102 -4.871814e-01
  103 -4.871462e-01
  104 -4.871127e-01
  105 -4.870814e-01
  106 -4.870528e-01
  107 -4.870272e-01
  108 -4.870048e-01
  109 -4.869857e-01
  110 -4.869697e-01
  111 -4.869568e-01
  112 -4.869469e-01
  113 -4.869397e-01
  114 -4.869349e-01
  115 -4.869324e-01
  116 -4.869317e-01
  117 -4.869327e-01
  118 -4.869350e-01
  119 -4.869384e-01
  120 -4.869426e-01
  121 -4.869474e-01
  122 -4.869525e-01
  123 -4.869578e-01
  124 -4.869631e-01
  125 -4.869683e-01
  126 -4.869733e-01
  127 -4.869779e-01
  128 -4.869822e-01
  129 -4.869860e-01
  130 -4.869893e-01
  131 -4.869922e-01
  132 -4.869946e-01
  133 -4.869966e-01
  134 -4.869981e-01
  135 -4.869992e-01
  136 -4.869999e-01
  137 -4.870003e-01
  138 -4.870005e-01
  139 -4.870003e-01
  140 -4.870000e-01
  141 -4.869995e-01
  142 -4.869989e-01
  143 -4.869983e-01
  144 -4.869975e-01
  145 -4.869967e-01
  146 -4.869959e-01
  147 -4.869952e-01
  148 -4.869944e-01
  149 -4.869938e-01
  150 -4.869931e-01
  151 -4.869926e-01
  152 -4.869921e-01
  153 -4.869916e-01
  154 -4.869913e-01
  155 -4.869910e-01
  156 -4.869907e-01
  157 -4.869906e-01
  158 -4.869905e-01
  159 -4.869904e-01
  160 -4.869904e-01
  161 -4.869904e-01
  162 -4.869904e-01
  163 -4.869905e-01
  164 -4.869906e-01
  165 -4.869907e-01
  166 -4.869908e-01
  167 -4.869909e-01
  168 -4.869910e-01
  169 -4.869911e-01
  170 -4.869912e-01
  171 -4.869913e-01
  172 -4.869914e-01
  173 -4.869915e-01
  174 -4.869916e-01
  175 -4.869917e-01
  176 -4.869917e-01
  177 -4.869918e-01
  178 -4.869918e-01
  179 -4.869918e-01
  180 -4.869918e-01
  181 -4.869918e-01
  182 -4.869919e-01
  183 -4.869918e-01
  184 -4.869918e-01
  185 -4.869918e-01
  186 -4.869918e-01
  187 -4.869918e-01
  188 -4.869918e-01
  189 -4.869918e-01
  190 -4.869918e-01
  191 -4.869917e-01
  192 -4.869917e-01
  193 -4.869917e-01
  194 -4.869917e-01
  195 -4.869917e-01
  196 -4.869917e-01
  197 -4.869917e-01
  198 -4.869917e-01
  199 -4.869916e-01
  200 -6.790404e-01
  201 -7.672029e-01
  202 -8.096433e-01
  203 -8.371183e-01
  204 -8.633512e-01
  205 -8.899977e-01
  206 -9.148083e-01
  207 -9.360952e-01
  208 -9.532492e-01
  209 -9.662540e-01
  210 -9.752689e-01
  211 -9.804752e-01
  212 -9.820675e-01
  213 -9.802767e-01
  214 -9.753812e-01
  215 -9.677043e-01
  216 -9.576052e-01
  217 -9.454700e-01
  218 -9.317020e-01
  219 -9.167134e-01
  220 -9.009173e-01
  221 -8.847188e-01
  222 -8.685076e-01
  223 -8.526502e-01
  224 -8.374827e-01
  225 -8.233044e-01
  226 -8.103724e-01
  227 -7.988970e-01
  228 -7.890389e-01
  229 -7.809074e-01
  230 -7.745604e-01
  231 -7.700063e-01
  232 -7.672066e-01
  233 -7.660804e-01
  234 -7.665107e-01
  235 -7.683503e-01
  236 -7.714288e-01
  237 -7.755600e-01
  238 -7.805489e-01
  239 -7.861978e-01
  240 -7.923122e-01
  241 -7.987054e-01
  242 -8.052026e-01
  243 -8.116440e-01
  244 -8.178867e-01
  245 -8.238065e-01
  246 -8.292981e-01
  247 -8.342761e-01
  248 -8.386744e-01
  249 -8.424458e-01
  250 -8.455609e-01
  251 -8.480073e-01
  252 -8.497884e-01
  253 -8.509213e-01
  254 -8.514360e-01
  255 -8.513734e-01
  256 -8.507835e-01
  257 -8.497235e-01
  258 -8.482567e-01
  259 -8.464496e-01
  260 -8.443715e-01
  261 -8.420915e-01
  262 -8.396781e-01
  263 -8.371969e-01
  264 -8.347099e-01
  265 -8.322744e-01
  266 -8.299417e-01
  267 -8.277566e-01
  268 -8.257569e-01
  269 -8.239730e-01
  270 -8.224279e-01
  271 -8.211369e-01
  272 -8.201083e-01
  273 -8.193437e-01
  274 -8.188381e-01
  275 -8.185812e-01
  276 -8.185576e-01
  277 -8.187480e-01
  278 -8.191296e-01
  279 -8.196771e-01
  280 -8.203637e-01
  281 -8.211615e-01
  282 -8.220427e-01
  283 -8.229798e-01
  284 -8.239465e-01
  285 -8.249182e-01
  286 -8.258721e-01
  287 -8.267881e-01
  288 -8.276483e-01
  289 -8.284381e-01
  290 -8.291454e-01
  291 -8.297613e-01
  292 -8.302794e-01
  293 -8.306965e-01
  294 -8.310115e-01
  295 -8.312262e-01
  296 -8.313441e-01
  297 -8.313708e-01
  298 -8.313135e-01
  299 -8.311806e-01
  300 -8.309816e-01
  301 -8.307266e-01
  302 -8.304263e-01
  303 -8.300912e-01
  304 -8.297321e-01
  305 -8.293591e-01
  306 -8.289819e-01
  307 -8.286095e-01
  308 -8.282501e-01
  309 -8.279106e-01
  310 -8.275972e-01
  311 -8.273149e-01
  312 -8.270674e-01
  313 -8.268574e-01
  314 -8.266866e-01
  315 -8.265555e-01
  316 -8.264638e-01
  317 -8.264101e-01
  318 -8.263925e-01
  319 -8.264082e-01
  320 -8.264541e-01
  321 -8.265266e-01
  322 -8.266217e-01
  323 -8.267353e-01
  324 -8.268633e-01
  325 -8.270014e-01
  326 -8.271457e-01
  327 -8.272923e-01
  328 -8.274377e-01
  329 -8.275786e-01
  330 -8.277123e-01
  331 -8.278363e-01
  332 -8.279485e-01
  333 -8.280475e-01
  334 -8.281320e-01
  335 -8.282015e-01
  336 -8.282555e-01
  337 -8.282943e-01
  338 -8.283181e-01
  339 -8.283277e-01
  340 -8.283242e-01
  341 -8.283087e-01
  342 -8.282826e-01
  343 -8.282473e-01
  344 -8.282046e-01
  345 -8.281559e-01
  346 -8.281030e-01
  347 -8.280473e-01
  348 -8.279905e-01
  349 -8.279338e-01
  350 -8.278786e-01
  351 -8.278260e-01
  352 -8.277770e-01
  353 -8.277323e-01
  354 -8.276928e-01
  355 -8.276587e-01
  356 -8.276305e-01
  357 -8.276082e-01
  358 -8.275919e-01
  359 -8.275815e-01
  360 -8.275766e-01
  361 -8.275770e-01
  362 -8.275821e-01
  363 -8.275914e-01
  364 -8.276044e-01
  365 -8.276205e-01
  366 -8.276390e-01
  367 -8.276593e-01
  368 -8.276807e-01
  369 -8.277028e-01
  370 -8.277248e-01
  371 -8.277465e-01
  372 -8.277671e-01
  373 -8.277865e-01
  374 -8.278042e-01
  375 -8.278200e-01
  376 -8.278337e-01
  377 -8.278451e-01
  378 -8.278543e-01
  379 -8.278611e-01
  380 -8.278656e-01
  381 -8.278679e-01
  382 -8.278682e-01
  383 -8.278666e-01
  384 -8.278633e-01
  385 -8.278585e-01
  386 -8.278525e-01
  387 -8.278455e-01
  388 -8.278377e-01
  389 -8.278294e-01
  390 -8.278209e-01
  391 -8.278123e-01
  392 -8.278039e-01
  393 -8.277957e-01
  394 -8.277881e-01
  395 -8.277811e-01
  396 -8.277748e-01
  397 -8.277693e-01
  398 -8.277647e-01
  399 -8.277609e-01
  400 -6.357094e-01
  401 -5.475449e-01
  402 -5.051034e-01
  403 -4.776281e-01
  404 -4.513958e-01
  405 -4.255632e-01
  406 -4.032828e-01
  407 -3.864198e-01
  408 -3.752194e-01
  409 -3.691718e-01
  410 -3.675908e-01
  411 -3.697669e-01
  412 -3.749697e-01
  413 -3.824596e-01
  414 -3.915315e-01
  415 -4.015599e-01
  416 -4.120252e-01
  417 -4.225195e-01
  418 -4.327368e-01
  419 -4.424581e-01
  420 -4.515330e-01
  421 -4.598641e-01
  422 -4.673938e-01
  423 -4.740946e-01
  424 -4.799614e-01
  425 -4.850066e-01
  426 -4.892563e-01
  427 -4.927472e-01
  428 -4.955248e-01
  429 -4.976412e-01
  430 -4.991536e-01
  431 -5.001226e-01
  432 -5.006112e-01
  433 -5.006831e-01
  434 -5.004015e-01
  435 -4.998282e-01
  436 -4.990226e-01
  437 -4.980404e-01
  438 -4.969333e-01
  439 -4.957483e-01
  440 -4.945271e-01
  441 -4.933060e-01
  442 -4.921162e-01
  443 -4.909828e-01
  444 -4.899259e-01
  445 -4.889606e-01
  446 -4.880973e-01
  447 -4.873420e-01
  448 -4.866971e-01
  449 -4.861617e-01
  450 -4.857324e-01
  451 -4.854032e-01
  452 -4.851667e-01
  453 -4.850143e-01
  454 -4.849364e-01
  455 -4.849232e-01
  456 -4.849647e-01
  457 -4.850511e-01
  458 -4.851731e-01
  459 -4.853217e-01
  460 -4.854890e-01
  461 -4.856677e-01
  462 -4.858514e-01
  463 -4.860348e-01
  464 -4.862132e-01
  465 -4.863829e-01
  466 -4.865409e-01
  467 -4.866851e-01
  468 -4.868141e-01
  469 -4.869271e-01
  470 -4.870236e-01
  471 -4.871039e-01
  472 -4.871686e-01
  473 -4.872185e-01
  474 -4.872547e-01
  475 -4.872785e-01
  476 -4.872912e-01
  477 -4.872943e-01
  478 -4.872893e-01
  479 -4.872775e-01
  480 -4.872603e-01
  481 -4.872390e-01
  482 -4.872149e-01
  483 -4.871890e-01
  484 -4.871621e-01
  485 -4.871352e-01
  486 -4.871090e-01
  487 -4.870840e-01
  488 -4.870606e-01
  489 -4.870392e-01
  490 -4.870199e-01
  491 -4.870031e-01
  492 -4.869886e-01
  493 -4.869765e-01
  494 -4.869667e-01
  495 -4.869591e-01
  496 -4.869536e-01
  497 -4.869499e-01
  498 -4.869478e-01
  499 -4.869472e-01
  500 -4.869478e-01
  501 -4.869494e-01
  502 -4.869519e-01
  503 -4.869549e-01
  504 -4.869584e-01
  505 -4.869622e-01
  506 -4.869661e-01
  507 -4.869701e-01
  508 -4.869740e-01
  509 -4.869777e-01
  510 -4.869811e-01
  511 -4.869843e-01
  512 -4.869872e-01
  513 -4.869897e-01
  514 -4.869919e-01
  515 -4.869937e-01
  516 -4.869952e-01
  517 -4.869963e-01
  518 -4.869972e-01
  519 -4.869977e-01
  520 -4.869981e-01
  521 -4.869982e-01
  522 -4.869981e-01
  523 -4.869979e-01
  524 -4.869976e-01
  525 -4.869971e-01
  526 -4.869966e-01
  527 -4.869961e-01
  528 -4.869955e-01
  529 -4.869949e-01
  530 -4.869943e-01
  531 -4.869938e-01
  532 -4.869933e-01
  533 -4.869928e-01
  534 -4.869924e-01
  535 -4.869920e-01
  536 -4.869917e-01
  537 -4.869914e-01
  538 -4.869912e-01
  539 -4.869910e-01
  540 -4.869909e-01
  541 -4.869908e-01
  542 -4.869907e-01
  543 -4.869907e-01
  544 -4.869907e-01
  545 -4.869907e-01
  546 -4.869908e-01
  547 -4.869909e-01
  548 -4.869909e-01
  549 -4.869910e-01
  550 -4.869911e-01
  551 -4.869912e-01
  552 -4.869913e-01
  553 -4.869913e-01
  554 -4.869914e-01
  555 -4.869915e-01
  556 -4.869916e-01
  557 -4.869916e-01
  558 -4.869917e-01
  559 -4.869917e-01
  560 -4.869917e-01
  561 -4.869918e-01
  562 -4.869918e-01
  563 -4.869918e-01
  564 -4.869918e-01
  565 -4.869918e-01
  566 -4.869918e-01
  567 -4.869918e-01
  568 -4.869918e-01
  569 -4.869918e-01
  570 -4.869918e-01
  571 -4.869918e-01
  572 -4.869917e-01
  573 -4.869917e-01
  574 -4.869917e-01
  575 -4.869917e-01
  576 -4.869917e-01
  577 -4.869917e-01
  578 -4.869917e-01
  579 -4.869917e-01
  580 -4.869917e-01
  581 -4.869917e-01
  582 -4.869917e-01
  583 -4.869916e-01
  584 -4.869916e-01
  585 -4.869916e-01
  586 -4.869916e-01
  587 -4.869916e-01
  588 -4.869916e-01
  589 -4.869916e-01
  590 -4.869916e-01
  591 -4.869916e-01
  592 -4.869916e-01
  593 -4.869916e-01
  594 -4.869916e-01
  595 -4.869917e-01
  596 -4.869917e-01
  597 -4.869917e-01
  598 -4.869917e-01
  599 -4.869917e-01
  600 -3.512772e-01
  601 -2.889757e-01
  602 -2.589845e-01
  603 -2.395688e-01
  604 -2.210309e-01
  605 -2.027602e-01
  606 -1.866019e-01
  607 -1.733791e-01
  608 -1.628697e-01
  609 -1.544635e-01
  610 -1.475567e-01
  611 -1.416573e-01
  612 -1.363855e-01
  613 -1.314614e-01
  614 -1.266957e-01
  615 -1.219775e-01
  616 -1.172579e-01
  617 -1.125315e-01
  618 -1.078181e-01
  619 -1.031502e-01
  620 -9.856210e-02
  621 -9.408454e-02
  622 -8.974127e-02
  623 -8.554782e-02
  624 -8.151195e-02
  625 -7.763465e-02
  626 -7.391170e-02
  627 -7.033537e-02
  628 -6.689572e-02
  629 -6.358193e-02
  630 -6.038324e-02
  631 -5.728941e-02
  632 -5.429132e-02
  633 -5.138102e-02
  634 -4.855173e-02
  635 -4.579775e-02
  636 -4.311442e-02
  637 -4.049782e-02
  638 -3.794457e-02
  639 -3.545185e-02
  640 -3.301703e-02
  641 -3.063791e-02
  642 -2.831239e-02
  643 -2.603842e-02
  644 -2.381416e-02
  645 -2.163779e-02
  646 -1.950760e-02
  647 -1.742192e-02
  648 -1.537911e-02
  649 -1.337770e-02
  650 -1.141623e-02
  651 -9.493308e-03
  652 -7.607549e-03
  653 -5.757771e-03
  654 -3.942747e-03
  655 -2.161366e-03
  656 -4.125329e-04
  657 1.304727e-03
  658 2.991452e-03
  659 4.648573e-03
  660 6.277016e-03
  661 7.877593e-03
  662 9.451129e-03
  663 1.099836e-02
  664 1.252003e-02
  665 1.401688e-02
  666 1.548960e-02
  667 1.693886e-02
  668 1.836529e-02
  669 1.976949e-02
  670 2.115206e-02
  671 2.251354e-02
  672 2.385449e-02
  673 2.517541e-02
  674 2.647675e-02
  675 2.775903e-02
  676 2.902276e-02
  677 3.026836e-02
  678 3.149627e-02
  679 3.270690e-02
  680 3.390065e-02
  681 3.507791e-02
  682 3.623907e-02
  683 3.738447e-02
  684 3.851449e-02
  685 3.962945e-02
  686 4.072969e-02
  687 4.181552e-02
  688 4.288726e-02
  689 4.394520e-02
  690 4.498964e-02
  691 4.602086e-02
  692 4.703912e-02
  693 4.804470e-02
  694 4.903785e-02
  695 5.001882e-02
  696 5.098785e-02
  697 5.194519e-02
  698 5.289104e-02
  699 5.382565e-02
  700 5.474921e-02
  701 5.566196e-02
  702 5.656408e-02
  703 5.745577e-02
  704 5.833723e-02
  705 5.920865e-02
  706 6.007021e-02
  707 6.092209e-02
  708 6.176446e-02
  709 6.259749e-02
  710 6.342134e-02
  711 6.423618e-02
  712 6.504216e-02
  713 6.583943e-02
  714 6.662815e-02
  715 6.740845e-02
  716 6.818049e-02
  717 6.894438e-02
  718 6.970028e-02
  719 7.044832e-02
  720 7.118861e-02
  721 7.192129e-02
  722 7.264648e-02
  723 7.336430e-02
  724 7.407486e-02
  725 7.477828e-02
  726 7.547467e-02
  727 7.616415e-02
  728 7.684681e-02
  729 7.752276e-02
  730 7.819210e-02
  731 7.885493e-02
  732 7.951136e-02
  733 8.016147e-02
  734 8.080536e-02
  735 8.144312e-02
  736 8.207484e-02
  737 8.270061e-02
  738 8.332051e-02
  739 8.393463e-02
  740 8.454305e-02
  741 8.514585e-02
  742 8.574311e-02
  743 8.633491e-02
  744 8.692131e-02
  745 8.750241e-02
  746 8.807826e-02
  747 8.864895e-02
  748 8.921454e-02
  749 8.977509e-02
  750 9.033069e-02
  751 9.088139e-02
  752 9.142725e-02
  753 9.196835e-02
  754 9.250474e-02
  755 9.303649e-02
  756 9.356366e-02
  757 9.408629e-02
  758 9.460446e-02
  759 9.511823e-02
  760 9.562763e-02
  761 9.613274e-02
  762 9.663360e-02
  763 9.713026e-02
  764 9.762279e-02
  765 9.811122e-02
  766 9.859562e-02
  767 9.907602e-02
  768 9.955248e-02
  769 1.000250e-01
  770 1.004938e-01
  771 1.009587e-01
  772 1.014198e-01
  773 1.018773e-01
  774 1.023311e-01
  775 1.027812e-01
  776 1.032278e-01
  777 1.036708e-01
  778 1.041103e-01
  779 1.045464e-01
  780 1.049790e-01
  781 1.054083e-01
  782 1.058342e-01
  783 1.062568e-01
  784 1.066761e-01
  785 1.070922e-01
  786 1.075052e-01
  787 1.079149e-01
  788 1.083215e-01
  789 1.087250e-01
  790 1.091255e-01
  791 1.095229e-01
  792 1.099174e-01
  793 1.103089e-01
  794 1.106974e-01
  795 1.110831e-01
  796 1.114659e-01
  797 1.118458e-01
  798 1.122230e-01
  799 1.125973e-01
  800 1.129689e-01
