    1 7.632000e-02
    2 7.632000e-02
    3 7.632000e-02
    4 7.632000e-02
    5 7.632000e-02
    6 7.632000e-02
    7 7.632069e-02
    8 7.632152e-02
    9 7.632227e-02
   10 7.632286e-02
   11 7.632329e-02
   12 7.795918e-02
   13 7.828663e-02
   14 7.699969e-02
   15 7.465959e-02
   16 7.180425e-02
   17 6.868624e-02
   18 6.528796e-02
   19 6.142932e-02
   20 5.685766e-02
   21 5.130006e-02
   22 4.448697e-02
   23 3.616041e-02
   24 2.607615e-02
   25 1.400516e-02
   26 -2.637974e-04
   27 -1.691971e-02
   28 -3.612359e-02
   29 -5.800190e-02
   30 -8.263995e-02
   31 -1.100758e-01
   32 -1.402956e-01
   33 -1.732303e-01
   34 -2.087541e-01
   35 -2.466858e-01
   36 -2.867909e-01
   37 -3.287866e-01
   38 -3.723477e-01
   39 -4.171139e-01
   40 -4.626981e-01
   41 -5.086954e-01
   42 -5.546921e-01
   43 -6.002745e-01
   44 -6.450381e-01
   45 -6.885956e-01
   46 -7.305845e-01
   47 -7.706738e-01
   48 -8.085698e-01
   49 -8.440206e-01
   50 -8.768200e-01
   51 -9.068096e-01
   52 -9.338802e-01
   53 -9.579722e-01
   54 -9.790737e-01
   55 -9.972195e-01
   56 -1.012487e+00
   57 -1.024993e+00
   58 -1.034890e+00
   59 -1.042356e+00
   60 -1.047596e+00
   61 -1.050832e+00
   62 -1.052296e+00
   63 -1.052227e+00
   64 -1.050864e+00
   65 -1.048440e+00
   66 -1.045180e+00
   67 -1.041296e+00
   68 -1.036981e+00
   69 -1.032411e+00
   70 -1.027741e+00
   71 -1.023106e+00
   72 -1.018618e+00
   73 -1.014368e+00
   74 -1.010426e+00
   75 -1.006844e+00
   76 -1.003658e+00
   77 -1.000884e+00
   78 -9.985292e-01
   79 -9.965862e-01
   80 -9.950392e-01
   81 -9.938645e-01
   82 -9.930327e-01
   83 -9.925102e-01
   84 -9.922609e-01
   85 -9.922477e-01
   86 -9.924331e-01
   87 -9.927808e-01
   88 -9.932560e-01
   89 -9.938263e-01
   90 -9.944621e-01
   91 -9.951368e-01
   92 -9.958272e-01
   93 -9.965133e-01
   94 -9.971783e-01
   95 -9.978088e-01
   96 -9.983944e-01
   97 -9.989273e-01
   98 -9.994025e-01
   99 -9.998172e-01
  100 -1.000170e+00
  101 -1.000463e+00
  102 -1.000697e+00
  103 -1.000877e+00
  104 -1.001005e+00
  105 -1.001088e+00
  106 -1.001130e+00
  107 -1.001136e+00
  108 -1.001113e+00
  109 -1.001065e+00
  110 -1.000998e+00
  111 -1.000916e+00
  112 -1.000824e+00
  113 -1.000726e+00
  114 -1.000625e+00
  115 -1.000524e+00
  116 -1.000426e+00
  117 -1.000333e+00
  118 -1.000246e+00
  119 -1.000167e+00
  120 -1.000096e+00
  121 -1.000034e+00
  122 -9.999808e-01
  123 -9.999367e-01
  124 -9.999013e-01
  125 -9.998740e-01
  126 -9.998543e-01
  127 -9.998414e-01
  128 -9.998345e-01
  129 -9.998330e-01
  130 -9.998359e-01
  131 -9.998426e-01
  132 -9.998521e-01
  133 -9.998639e-01
  134 -9.998773e-01
  135 -9.998916e-01
  136 -9.999064e-01
  137 -9.999213e-01
  138 -9.999357e-01
  139 -9.999495e-01
  140 -9.999624e-01
  141 -9.999742e-01
  142 -9.999847e-01
  143 -9.999940e-01
  144 -1.000002e+00
  145 -1.000009e+00
  146 -1.000014e+00
  147 -1.000018e+00
  148 -1.000021e+00
  149 -1.000023e+00
  150 -1.000024e+00
  151 -1.000025e+00
  152 -1.000024e+00
  153 -1.000023e+00
  154 -1.000022e+00
  155 -1.000020e+00
  156 -1.000018e+00
  157 -1.000016e+00
  158 -1.000014e+00
  159 -1.000012e+00
  160 -1.000010e+00
  161 -1.000008e+00
  162 -1.000006e+00
  163 -1.000004e+00
  164 -1.000002e+00
  165 -1.000001e+00
  166 -9.999999e-01
  167 -9.999989e-01
  168 -9.999980e-01
  169 -9.999974e-01
  170 -9.999970e-01
  171 -9.999966e-01
  172 -9.999965e-01
  173 -9.999964e-01
  174 -9.999964e-01
  175 -9.999966e-01
  176 -9.999968e-01
  177 -9.999970e-01
  178 -9.999973e-01
  179 -9.999976e-01
  180 -9.999979e-01
  181 -9.999982e-01
  182 -9.999985e-01
  183 -9.999988e-01
  184 -9.999991e-01
  185 -9.999994e-01
  186 -9.999996e-01
  187 -9.999998e-01
  188 -1.000000e+00
  189 -1.000000e+00
  190 -1.000000e+00
  191 -1.000000e+00
  192 -1.000000e+00
  193 -1.000000e+00
  194 -1.000001e+00
  195 -1.000001e+00
  196 -1.000001e+00
  197 -1.000001e+00
  198 -1.000000e+00
  199 -1.000000e+00
  200 -1.000000e+00
  201 -1.000000e+00
  202 -1.000000e+00
  203 -1.000000e+00
  204 -1.000000e+00
  205 -1.023182e+00
  206 -1.080455e+00
  207 -1.167730e+00
  208 -1.277274e+00
  209 -1.402215e+00
  210 -1.537418e+00
  211 -1.678952e+00
  212 -1.823518e+00
  213 -1.968181e+00
  214 -2.110292e+00
  215 -2.247483e+00
  216 -2.377664e+00
  217 -2.499018e+00
  218 -2.609995e+00
  219 -2.709310e+00
  220 -2.795944e+00
  221 -2.869151e+00
  222 -2.928454e+00
  223 -2.973654e+00
  224 -3.004822e+00
  225 -3.022298e+00
  226 -3.026677e+00
  227 -3.018795e+00
  228 -2.999705e+00
  229 -2.970653e+00
  230 -2.933040e+00
  231 -2.888383e+00
  232 -2.838275e+00
  233 -2.784337e+00
  234 -2.728174e+00
  235 -2.671329e+00
  236 -2.615244e+00
  237 -2.561224e+00
  238 -2.510413e+00
  239 -2.463769e+00
  240 -2.422058e+00
  241 -2.385847e+00
  242 -2.355510e+00
  243 -2.331237e+00
  244 -2.313048e+00
  245 -2.300811e+00
  246 -2.294266e+00
  247 -2.293041e+00
  248 -2.296674e+00
  249 -2.304640e+00
  250 -2.316361e+00
  251 -2.331232e+00
  252 -2.348634e+00
  253 -2.367952e+00
  254 -2.388582e+00
  255 -2.409948e+00
  256 -2.431509e+00
  257 -2.452769e+00
  258 -2.473279e+00
  259 -2.492646e+00
  260 -2.510537e+00
  261 -2.526675e+00
  262 -2.540847e+00
  263 -2.552900e+00
  264 -2.562740e+00
  265 -2.570329e+00
  266 -2.575683e+00
  267 -2.578865e+00
  268 -2.579984e+00
  269 -2.579185e+00
  270 -2.576645e+00
  271 -2.572567e+00
  272 -2.567173e+00
  273 -2.560695e+00
  274 -2.553375e+00
  275 -2.545450e+00
  276 -2.537156e+00
  277 -2.528713e+00
  278 -2.520329e+00
  279 -2.512194e+00
  280 -2.504473e+00
  281 -2.497309e+00
  282 -2.490820e+00
  283 -2.485097e+00
  284 -2.480207e+00
  285 -2.476190e+00
  286 -2.473063e+00
  287 -2.470821e+00
  288 -2.469440e+00
  289 -2.468877e+00
  290 -2.469074e+00
  291 -2.469960e+00
  292 -2.471458e+00
  293 -2.473479e+00
  294 -2.475932e+00
  295 -2.478725e+00
  296 -2.481764e+00
  297 -2.484960e+00
  298 -2.488225e+00
  299 -2.491481e+00
  300 -2.494653e+00
  301 -2.497676e+00
  302 -2.500494e+00
  303 -2.503062e+00
  304 -2.505340e+00
  305 -2.507303e+00
  306 -2.508932e+00
  307 -2.510219e+00
  308 -2.511162e+00
  309 -2.511771e+00
  310 -2.512059e+00
  311 -2.512047e+00
  312 -2.511761e+00
  313 -2.511230e+00
  314 -2.510488e+00
  315 -2.509569e+00
  316 -2.508510e+00
  317 -2.507347e+00
  318 -2.506115e+00
  319 -2.504848e+00
  320 -2.503578e+00
  321 -2.502334e+00
  322 -2.501144e+00
  323 -2.500029e+00
  324 -2.499008e+00
  325 -2.498097e+00
  326 -2.497307e+00
  327 -2.496647e+00
  328 -2.496119e+00
  329 -2.495725e+00
  330 -2.495463e+00
  331 -2.495326e+00
  332 -2.495308e+00
  333 -2.495399e+00
  334 -2.495587e+00
  335 -2.495860e+00
  336 -2.496205e+00
  337 -2.496606e+00
  338 -2.497051e+00
  339 -2.497525e+00
  340 -2.498016e+00
  341 -2.498509e+00
  342 -2.498995e+00
  343 -2.499462e+00
  344 -2.499902e+00
  345 -2.500307e+00
  346 -2.500670e+00
  347 -2.500986e+00
  348 -2.501253e+00
  349 -2.501469e+00
  350 -2.501633e+00
  351 -2.501745e+00
  352 -2.501808e+00
  353 -2.501825e+00
  354 -2.501798e+00
  355 -2.501732e+00
  356 -2.501633e+00
  357 -2.501504e+00
  358 -2.501353e+00
  359 -2.501183e+00
  360 -2.501001e+00
  361 -2.500811e+00
  362 -2.500619e+00
  363 -2.500429e+00
  364 -2.500246e+00
  365 -2.500072e+00
  366 -2.499912e+00
  367 -2.499768e+00
  368 -2.499641e+00
  369 -2.499533e+00
  370 -2.499445e+00
  371 -2.499377e+00
  372 -2.499329e+00
  373 -2.499301e+00
  374 -2.499291e+00
  375 -2.499298e+00
  376 -2.499321e+00
  377 -2.499357e+00
  378 -2.499404e+00
  379 -2.499462e+00
  380 -2.499526e+00
  381 -2.499596e+00
  382 -2.499670e+00
  383 -2.499744e+00
  384 -2.499818e+00
  385 -2.499890e+00
  386 -2.499958e+00
  387 -2.500022e+00
  388 -2.500079e+00
  389 -2.500130e+00
  390 -2.500173e+00
  391 -2.500209e+00
  392 -2.500237e+00
  393 -2.500257e+00
  394 -2.500270e+00
  395 -2.500275e+00
  396 -2.500274e+00
  397 -2.500266e+00
  398 -2.500253e+00
  399 -2.500236e+00
  400 -2.500214e+00
  401 -2.500189e+00
  402 -2.500163e+00
  403 -2.500134e+00
  404 -2.500105e+00
  405 -2.470547e+00
  406 -2.396411e+00
  407 -2.283704e+00
  408 -2.143946e+00
  409 -1.987414e+00
  410 -1.822230e+00
  411 -1.655266e+00
  412 -1.492625e+00
  413 -1.339522e+00
  414 -1.200020e+00
  415 -1.076900e+00
  416 -9.717012e-01
  417 -8.848792e-01
  418 -8.160215e-01
  419 -7.640696e-01
  420 -7.275282e-01
  421 -7.046442e-01
  422 -6.935502e-01
  423 -6.923733e-01
  424 -6.993127e-01
  425 -7.126910e-01
  426 -7.309841e-01
  427 -7.528366e-01
  428 -7.770646e-01
  429 -8.026518e-01
  430 -8.287400e-01
  431 -8.546174e-01
  432 -8.797057e-01
  433 -9.035463e-01
  434 -9.257878e-01
  435 -9.461734e-01
  436 -9.645296e-01
  437 -9.807555e-01
  438 -9.948131e-01
  439 -1.006718e+00
  440 -1.016531e+00
  441 -1.024350e+00
  442 -1.030303e+00
  443 -1.034541e+00
  444 -1.037232e+00
  445 -1.038553e+00
  446 -1.038689e+00
  447 -1.037823e+00
  448 -1.036134e+00
  449 -1.033794e+00
  450 -1.030967e+00
  451 -1.027799e+00
  452 -1.024425e+00
  453 -1.020964e+00
  454 -1.017518e+00
  455 -1.014173e+00
  456 -1.010997e+00
  457 -1.008046e+00
  458 -1.005358e+00
  459 -1.002961e+00
  460 -1.000870e+00
  461 -9.990894e-01
  462 -9.976153e-01
  463 -9.964364e-01
  464 -9.955358e-01
  465 -9.948920e-01
  466 -9.944804e-01
  467 -9.942744e-01
  468 -9.942466e-01
  469 -9.943690e-01
  470 -9.946148e-01
  471 -9.949579e-01
  472 -9.953741e-01
  473 -9.958413e-01
  474 -9.963394e-01
  475 -9.968509e-01
  476 -9.973607e-01
  477 -9.978561e-01
  478 -9.983269e-01
  479 -9.987651e-01
  480 -9.991647e-01
  481 -9.995219e-01
  482 -9.998343e-01
  483 -1.000101e+00
  484 -1.000323e+00
  485 -1.000501e+00
  486 -1.000638e+00
  487 -1.000738e+00
  488 -1.000802e+00
  489 -1.000836e+00
  490 -1.000844e+00
  491 -1.000828e+00
  492 -1.000795e+00
  493 -1.000746e+00
  494 -1.000686e+00
  495 -1.000619e+00
  496 -1.000546e+00
  497 -1.000471e+00
  498 -1.000396e+00
  499 -1.000323e+00
  500 -1.000254e+00
  501 -1.000189e+00
  502 -1.000129e+00
  503 -1.000076e+00
  504 -1.000030e+00
  505 -9.999896e-01
  506 -9.999562e-01
  507 -9.999293e-01
  508 -9.999084e-01
  509 -9.998932e-01
  510 -9.998831e-01
  511 -9.998776e-01
  512 -9.998761e-01
  513 -9.998779e-01
  514 -9.998826e-01
  515 -9.998895e-01
  516 -9.998981e-01
  517 -9.999079e-01
  518 -9.999185e-01
  519 -9.999294e-01
  520 -9.999404e-01
  521 -9.999512e-01
  522 -9.999615e-01
  523 -9.999711e-01
  524 -9.999800e-01
  525 -9.999879e-01
  526 -9.999949e-01
  527 -1.000001e+00
  528 -1.000006e+00
  529 -1.000010e+00
  530 -1.000013e+00
  531 -1.000015e+00
  532 -1.000017e+00
  533 -1.000018e+00
  534 -1.000018e+00
  535 -1.000018e+00
  536 -1.000017e+00
  537 -1.000016e+00
  538 -1.000015e+00
  539 -1.000014e+00
  540 -1.000012e+00
  541 -1.000011e+00
  542 -1.000009e+00
  543 -1.000007e+00
  544 -1.000006e+00
  545 -1.000004e+00
  546 -1.000003e+00
  547 -1.000002e+00
  548 -1.000001e+00
  549 -1.000000e+00
  550 -9.999992e-01
  551 -9.999986e-01
  552 -9.999981e-01
  553 -9.999978e-01
  554 -9.999975e-01
  555 -9.999974e-01
  556 -9.999973e-01
  557 -9.999974e-01
  558 -9.999974e-01
  559 -9.999976e-01
  560 -9.999978e-01
  561 -9.999980e-01
  562 -9.999982e-01
  563 -9.999984e-01
  564 -9.999987e-01
  565 -9.999989e-01
  566 -9.999991e-01
  567 -9.999993e-01
  568 -9.999995e-01
  569 -9.999997e-01
  570 -9.999999e-01
  571 -1.000000e+00
  572 -1.000000e+00
  573 -1.000000e+00
  574 -1.000000e+00
  575 -1.000000e+00
  576 -1.000000e+00
  577 -1.000000e+00
  578 -1.000000e+00
  579 -1.000000e+00
  580 -1.000000e+00
  581 -1.000000e+00
  582 -1.000000e+00
  583 -1.000000e+00
  584 -1.000000e+00
  585 -1.000000e+00
  586 -1.000000e+00
  587 -1.000000e+00
  588 -1.000000e+00
  589 -1.000000e+00
  590 -1.000000e+00
  591 -1.000000e+00
  592 -1.000000e+00
  593 -1.000000e+00
  594 -1.000000e+00
  595 -1.000000e+00
  596 -1.000000e+00
  597 -1.000000e+00
  598 -9.999999e-01
  599 -9.999999e-01
  600 -9.999999e-01
  601 -9.999999e-01
  602 -9.999999e-01
  603 -9.999999e-01
  604 -1.000000e+00
  605 -9.792482e-01
  606 -9.300456e-01
  607 -8.591292e-01
  608 -7.759188e-01
  609 -6.880550e-01
  610 -6.009744e-01
  611 -5.185203e-01
  612 -4.433231e-01
  613 -3.769478e-01
  614 -3.200207e-01
  615 -2.724120e-01
  616 -2.334520e-01
  617 -2.021393e-01
  618 -1.773161e-01
  619 -1.578015e-01
  620 -1.424841e-01
  621 -1.303793e-01
  622 -1.206578e-01
  623 -1.126523e-01
  624 -1.058488e-01
  625 -9.986911e-02
  626 -9.444824e-02
  627 -8.941051e-02
  628 -8.464719e-02
  629 -8.009688e-02
  630 -7.572938e-02
  631 -7.153331e-02
  632 -6.750712e-02
  633 -6.365301e-02
  634 -5.997323e-02
  635 -5.646812e-02
  636 -5.313539e-02
  637 -4.997009e-02
  638 -4.696513e-02
  639 -4.411186e-02
  640 -4.140077e-02
  641 -3.882205e-02
  642 -3.636605e-02
  643 -3.402357e-02
  644 -3.178612e-02
  645 -2.964593e-02
  646 -2.759602e-02
  647 -2.563016e-02
  648 -2.374280e-02
  649 -2.192898e-02
  650 -2.018425e-02
  651 -1.850461e-02
  652 -1.688643e-02
  653 -1.532638e-02
  654 -1.382139e-02
  655 -1.236864e-02
  656 -1.096549e-02
  657 -9.609479e-03
  658 -8.298305e-03
  659 -7.029810e-03
  660 -5.801968e-03
  661 -4.612877e-03
  662 -3.460752e-03
  663 -2.343913e-03
  664 -1.260777e-03
  665 -2.098531e-04
  666 8.102651e-04
  667 1.800902e-03
  668 2.763306e-03
  669 3.698652e-03
  670 4.608051e-03
  671 5.492556e-03
  672 6.353162e-03
  673 7.190813e-03
  674 8.006405e-03
  675 8.800786e-03
  676 9.574764e-03
  677 1.032910e-02
  678 1.106453e-02
  679 1.178174e-02
  680 1.248138e-02
  681 1.316408e-02
  682 1.383044e-02
  683 1.448103e-02
  684 1.511640e-02
  685 1.573705e-02
  686 1.634350e-02
  687 1.693621e-02
  688 1.751563e-02
  689 1.808220e-02
  690 1.863633e-02
  691 1.917843e-02
  692 1.970886e-02
  693 2.022800e-02
  694 2.073620e-02
  695 2.123378e-02
  696 2.172108e-02
  697 2.219839e-02
  698 2.266603e-02
  699 2.312426e-02
  700 2.357337e-02
  701 2.401363e-02
  702 2.444527e-02
  703 2.486856e-02
  704 2.528371e-02
  705 2.569097e-02
  706 2.609054e-02
  707 2.648264e-02
  708 2.686747e-02
  709 2.724522e-02
  710 2.761608e-02
  711 2.798024e-02
  712 2.833787e-02
  713 2.868914e-02
  714 2.903421e-02
  715 2.937325e-02
  716 2.970639e-02
  717 3.003380e-02
  718 3.035562e-02
  719 3.067197e-02
  720 3.098300e-02
  721 3.128884e-02
  722 3.158961e-02
  723 3.188543e-02
  724 3.217642e-02
  725 3.246270e-02
  726 3.274436e-02
  727 3.302153e-02
  728 3.329430e-02
  729 3.356278e-02
  730 3.382706e-02
  731 3.408724e-02
  732 3.434340e-02
  733 3.459564e-02
  734 3.484404e-02
  735 3.508870e-02
  736 3.532968e-02
  737 3.556707e-02
  738 3.580094e-02
  739 3.603138e-02
  740 3.625844e-02
  741 3.648221e-02
  742 3.670276e-02
  743 3.692014e-02
  744 3.713442e-02
  745 3.734568e-02
  746 3.755396e-02
  747 3.775933e-02
  748 3.796184e-02
  749 3.816156e-02
  750 3.835854e-02
  751 3.855284e-02
  752 3.874449e-02
  753 3.893357e-02
  754 3.912011e-02
  755 3.930416e-02
  756 3.948578e-02
  757 3.966500e-02
  758 3.984188e-02
  759 4.001646e-02
  760 4.018877e-02
  761 4.035887e-02
  762 4.052679e-02
  763 4.069257e-02
  764 4.085625e-02
  765 4.101787e-02
  766 4.117747e-02
  767 4.133508e-02
  768 4.149073e-02
  769 4.164447e-02
  770 4.179632e-02
  771 4.194632e-02
  772 4.209450e-02
  773 4.224090e-02
  774 4.238553e-02
  775 4.252844e-02
  776 4.266964e-02
  777 4.280918e-02
  778 4.294708e-02
  779 4.308336e-02
  780 4.321805e-02
  781 4.335118e-02
  782 4.348278e-02
  783 4.361286e-02
  784 4.374146e-02
  785 4.386860e-02
  786 4.399429e-02
  787 4.411858e-02
  788 4.424147e-02
  789 4.436298e-02
  790 4.448315e-02
  791 4.460199e-02
  792 4.471952e-02
  793 4.483577e-02
  794 4.495074e-02
  795 4.506447e-02
  796 4.517697e-02
  797 4.528826e-02
  798 4.539836e-02
  799 4.550728e-02
  800 4.561505e-02
