    1 -3.187000e+00
    2 -3.187000e+00
    3 -3.187000e+00
    4 -3.187000e+00
    5 -3.187000e+00
    6 -3.187000e+00
    7 -3.186993e+00
    8 -3.186980e+00
    9 -3.186965e+00
   10 -3.186948e+00
   11 -3.186931e+00
   12 -3.183230e+00
   13 -3.172309e+00
   14 -3.152552e+00
   15 -3.123701e+00
   16 -3.086419e+00
   17 -3.041959e+00
   18 -2.991910e+00
   19 -2.937995e+00
   20 -2.881914e+00
   21 -2.825239e+00
   22 -2.769337e+00
   23 -2.715340e+00
   24 -2.664125e+00
   25 -2.616328e+00
   26 -2.572361e+00
   27 -2.532439e+00
   28 -2.496616e+00
   29 -2.464812e+00
   30 -2.436848e+00
   31 -2.412475e+00
   32 -2.391397e+00
   33 -2.373292e+00
   34 -2.357833e+00
   35 -2.344695e+00
   36 -2.333572e+00
   37 -2.324177e+00
   38 -2.316251e+00
   39 -2.309561e+00
   40 -2.303907e+00
   41 -2.299112e+00
   42 -2.295028e+00
   43 -2.291531e+00
   44 -2.288516e+00
   45 -2.285901e+00
   46 -2.283615e+00
   47 -2.281604e+00
   48 -2.279823e+00
   49 -2.278237e+00
   50 -2.276818e+00
   51 -2.275544e+00
   52 -2.274397e+00
   53 -2.273362e+00
   54 -2.272428e+00
   55 -2.271584e+00
   56 -2.270822e+00
   57 -2.270134e+00
   58 -2.269514e+00
   59 -2.268956e+00
   60 -2.268454e+00
   61 -2.268002e+00
   62 -2.267596e+00
   63 -2.267233e+00
   64 -2.266906e+00
   65 -2.266614e+00
   66 -2.266351e+00
   67 -2.266116e+00
   68 -2.265905e+00
   69 -2.265716e+00
   70 -2.265547e+00
   71 -2.265394e+00
   72 -2.265257e+00
   73 -2.265134e+00
   74 -2.265023e+00
   75 -2.264922e+00
   76 -2.264832e+00
   77 -2.264751e+00
   78 -2.264677e+00
   79 -2.264611e+00
   80 -2.264551e+00
   81 -2.264497e+00
   82 -2.264448e+00
   83 -2.264403e+00
   84 -2.264363e+00
   85 -2.264327e+00
   86 -2.264295e+00
   87 -2.264265e+00
   88 -2.264239e+00
   89 -2.264215e+00
   90 -2.264194e+00
   91 -2.264174e+00
   92 -2.264157e+00
   93 -2.264141e+00
   94 -2.264127e+00
   95 -2.264114e+00
   96 -2.264103e+00
   97 -2.264092e+00
   98 -2.264083e+00
   99 -2.264075e+00
  100 -2.264067e+00
  101 -2.264060e+00
  102 -2.264054e+00
  103 -2.264049e+00
  104 -2.264044e+00
  105 -2.264040e+00
  106 -2.264036e+00
  107 -2.264032e+00
  108 -2.264029e+00
  109 -2.264026e+00
  110 -2.264023e+00
  111 -2.264021e+00
  112 -2.264019e+00
  113 -2.264017e+00
  114 -2.264015e+00
  115 -2.264014e+00
  116 -2.264012e+00
  117 -2.264011e+00
  118 -2.264010e+00
  119 -2.264009e+00
  120 -2.264008e+00
  121 -2.264007e+00
  122 -2.264007e+00
  123 -2.264006e+00
  124 -2.264005e+00
  125 -2.264005e+00
  126 -2.264004e+00
  127 -2.264004e+00
  128 -2.264004e+00
  129 -2.264003e+00
  130 -2.264003e+00
  131 -2.264003e+00
  132 -2.264002e+00
  133 -2.264002e+00
  134 -2.264002e+00
  135 -2.264002e+00
  136 -2.264002e+00
  137 -2.264001e+00
  138 -2.264001e+00
  139 -2.264001e+00
  140 -2.264001e+00
  141 -2.264001e+00
  142 -2.264001e+00
  143 -2.264001e+00
  144 -2.264001e+00
  145 -2.264001e+00
  146 -2.264001e+00
  147 -2.264000e+00
  148 -2.264000e+00
  149 -2.264000e+00
  150 -2.264000e+00
  151 -2.264000e+00
  152 -2.264000e+00
  153 -2.264000e+00
  154 -2.264000e+00
  155 -2.264000e+00
  156 -2.264000e+00
  157 -2.264000e+00
  158 -2.264000e+00
  159 -2.264000e+00
  160 -2.264000e+00
  161 -2.264000e+00
  162 -2.264000e+00
  163 -2.264000e+00
  164 -2.264000e+00
  165 -2.264000e+00
  166 -2.264000e+00
  167 -2.264000e+00
  168 -2.264000e+00
  169 -2.264000e+00
  170 -2.264000e+00
  171 -2.264000e+00
  172 -2.264000e+00
  173 -2.264000e+00
  174 -2.264000e+00
  175 -2.264000e+00
  176 -2.264000e+00
  177 -2.264000e+00
  178 -2.264000e+00
  179 -2.264000e+00
  180 -2.264000e+00
  181 -2.264000e+00
  182 -2.264000e+00
  183 -2.264000e+00
  184 -2.264000e+00
  185 -2.264000e+00
  186 -2.264000e+00
  187 -2.264000e+00
  188 -2.264000e+00
  189 -2.264000e+00
  190 -2.264000e+00
  191 -2.264000e+00
  192 -2.264000e+00
  193 -2.264000e+00
  194 -2.264000e+00
  195 -2.264000e+00
  196 -2.264000e+00
  197 -2.264000e+00
  198 -2.264000e+00
  199 -2.264000e+00
  200 -2.264000e+00
