    1 -2.681760e+00
    2 -2.654943e+00
    3 -2.628125e+00
    4 -2.601307e+00
    5 -2.574490e+00
    6 -2.547672e+00
    7 -2.520854e+00
    8 -2.494037e+00
    9 -2.467219e+00
   10 -2.440402e+00
   11 -2.413584e+00
   12 -2.386766e+00
   13 -2.359949e+00
   14 -2.333131e+00
   15 -2.306314e+00
   16 -2.279496e+00
   17 -2.252678e+00
   18 -2.225861e+00
   19 -2.199043e+00
   20 -2.172226e+00
   21 -2.145408e+00
   22 -2.118590e+00
   23 -2.091773e+00
   24 -2.064955e+00
   25 -2.038138e+00
   26 -2.011320e+00
   27 -1.984502e+00
   28 -1.957685e+00
   29 -1.930867e+00
   30 -1.904050e+00
   31 -1.877232e+00
   32 -1.850414e+00
   33 -1.823597e+00
   34 -1.796779e+00
   35 -1.769962e+00
   36 -1.743144e+00
   37 -1.716326e+00
   38 -1.689509e+00
   39 -1.662691e+00
   40 -1.635874e+00
   41 -1.609056e+00
   42 -1.582238e+00
   43 -1.555421e+00
   44 -1.528603e+00
   45 -1.501786e+00
   46 -1.474968e+00
   47 -1.448150e+00
   48 -1.421333e+00
   49 -1.394515e+00
   50 -1.367698e+00
   51 -1.340880e+00
   52 -1.314062e+00
   53 -1.287245e+00
   54 -1.260427e+00
   55 -1.233610e+00
   56 -1.206792e+00
   57 -1.179974e+00
   58 -1.153157e+00
   59 -1.126339e+00
   60 -1.099522e+00
   61 -1.072704e+00
   62 -1.045886e+00
   63 -1.019069e+00
   64 -9.922512e-01
   65 -9.654336e-01
   66 -9.386160e-01
   67 -9.117984e-01
   68 -8.849808e-01
   69 -8.581632e-01
   70 -8.313456e-01
   71 -8.045280e-01
   72 -7.777104e-01
   73 -7.508928e-01
   74 -7.240752e-01
   75 -6.972576e-01
   76 -6.704400e-01
   77 -6.436224e-01
   78 -6.168048e-01
   79 -5.899872e-01
   80 -5.631696e-01
   81 -5.363520e-01
   82 -5.095344e-01
   83 -4.827168e-01
   84 -4.558992e-01
   85 -4.290816e-01
   86 -4.022640e-01
   87 -3.754464e-01
   88 -3.486288e-01
   89 -3.218112e-01
   90 -2.949936e-01
   91 -2.681760e-01
   92 -2.413584e-01
   93 -2.145408e-01
   94 -1.877232e-01
   95 -1.609056e-01
   96 -1.340880e-01
   97 -1.072704e-01
   98 -8.045280e-02
   99 -5.363520e-02
  100 -2.681760e-02
  101     0
  102 2.681760e-02
  103 5.363520e-02
  104 8.045280e-02
  105 1.072704e-01
  106 1.340880e-01
  107 1.609056e-01
  108 1.877232e-01
  109 2.145408e-01
  110 2.413584e-01
  111 2.681760e-01
  112 2.949936e-01
  113 3.218112e-01
  114 3.486288e-01
  115 3.754464e-01
  116 4.022640e-01
  117 4.290816e-01
  118 4.558992e-01
  119 4.827168e-01
  120 5.095344e-01
  121 5.363520e-01
  122 5.631696e-01
  123 5.899872e-01
  124 6.168048e-01
  125 6.436224e-01
  126 6.704400e-01
  127 6.972576e-01
  128 7.240752e-01
  129 7.508928e-01
  130 7.777104e-01
  131 8.045280e-01
  132 8.313456e-01
  133 8.581632e-01
  134 8.849808e-01
  135 9.117984e-01
  136 9.386160e-01
  137 9.654336e-01
  138 9.922512e-01
  139 1.019069e+00
  140 1.045886e+00
  141 1.072704e+00
  142 1.099522e+00
  143 1.126339e+00
  144 1.153157e+00
  145 1.179974e+00
  146 1.206792e+00
  147 1.233610e+00
  148 1.260427e+00
  149 1.287245e+00
  150 1.314062e+00
  151 1.340880e+00
  152 1.367698e+00
  153 1.394515e+00
  154 1.421333e+00
  155 1.448150e+00
  156 1.474968e+00
  157 1.501786e+00
  158 1.528603e+00
  159 1.555421e+00
  160 1.582238e+00
  161 1.609056e+00
  162 1.635874e+00
  163 1.662691e+00
  164 1.689509e+00
  165 1.716326e+00
  166 1.743144e+00
  167 1.769962e+00
  168 1.796779e+00
  169 1.823597e+00
  170 1.850414e+00
  171 1.877232e+00
  172 1.904050e+00
  173 1.930867e+00
  174 1.957685e+00
  175 1.984502e+00
  176 2.011320e+00
  177 2.038138e+00
  178 2.064955e+00
  179 2.091773e+00
  180 2.118590e+00
  181 2.145408e+00
  182 2.172226e+00
  183 2.199043e+00
  184 2.225861e+00
  185 2.252678e+00
  186 2.279496e+00
  187 2.306314e+00
  188 2.333131e+00
  189 2.359949e+00
  190 2.386766e+00
  191 2.413584e+00
  192 2.440402e+00
  193 2.467219e+00
  194 2.494037e+00
  195 2.520854e+00
  196 2.547672e+00
  197 2.574490e+00
  198 2.601307e+00
  199 2.628125e+00
  200 2.654943e+00
  201 2.681760e+00
