    1 -9.264262e-01
    2 -9.171620e-01
    3 -9.078977e-01
    4 -8.986334e-01
    5 -8.893692e-01
    6 -8.801049e-01
    7 -8.708406e-01
    8 -8.615764e-01
    9 -8.523121e-01
   10 -8.430479e-01
   11 -8.337836e-01
   12 -8.245193e-01
   13 -8.152551e-01
   14 -8.059908e-01
   15 -7.967265e-01
   16 -7.874623e-01
   17 -7.781980e-01
   18 -7.689338e-01
   19 -7.596695e-01
   20 -7.504052e-01
   21 -7.411410e-01
   22 -7.318767e-01
   23 -7.226125e-01
   24 -7.133482e-01
   25 -7.040839e-01
   26 -6.948197e-01
   27 -6.855554e-01
   28 -6.762911e-01
   29 -6.670269e-01
   30 -6.577626e-01
   31 -6.484984e-01
   32 -6.392341e-01
   33 -6.299698e-01
   34 -6.207056e-01
   35 -6.114413e-01
   36 -6.021770e-01
   37 -5.929128e-01
   38 -5.836485e-01
   39 -5.743843e-01
   40 -5.651200e-01
   41 -5.558557e-01
   42 -5.465915e-01
   43 -5.373272e-01
   44 -5.280629e-01
   45 -5.187987e-01
   46 -5.095344e-01
   47 -5.002702e-01
   48 -4.910059e-01
   49 -4.817416e-01
   50 -4.724774e-01
   51 -4.632131e-01
   52 -4.539488e-01
   53 -4.446846e-01
   54 -4.354203e-01
   55 -4.261561e-01
   56 -4.168918e-01
   57 -4.076275e-01
   58 -3.983633e-01
   59 -3.890990e-01
   60 -3.798347e-01
   61 -3.705705e-01
   62 -3.613062e-01
   63 -3.520420e-01
   64 -3.427777e-01
   65 -3.335134e-01
   66 -3.242492e-01
   67 -3.149849e-01
   68 -3.057207e-01
   69 -2.964564e-01
   70 -2.871921e-01
   71 -2.779279e-01
   72 -2.686636e-01
   73 -2.593993e-01
   74 -2.501351e-01
   75 -2.408708e-01
   76 -2.316066e-01
   77 -2.223423e-01
   78 -2.130780e-01
   79 -2.038138e-01
   80 -1.945495e-01
   81 -1.852852e-01
   82 -1.760210e-01
   83 -1.667567e-01
   84 -1.574925e-01
   85 -1.482282e-01
   86 -1.389639e-01
   87 -1.296997e-01
   88 -1.204354e-01
   89 -1.111711e-01
   90 -1.019069e-01
   91 -9.264262e-02
   92 -8.337836e-02
   93 -7.411410e-02
   94 -6.484984e-02
   95 -5.558557e-02
   96 -4.632131e-02
   97 -3.705705e-02
   98 -2.779279e-02
   99 -1.852852e-02
  100 -9.264262e-03
  101     0
  102 9.264262e-03
  103 1.852852e-02
  104 2.779279e-02
  105 3.705705e-02
  106 4.632131e-02
  107 5.558557e-02
  108 6.484984e-02
  109 7.411410e-02
  110 8.337836e-02
  111 9.264262e-02
  112 1.019069e-01
  113 1.111711e-01
  114 1.204354e-01
  115 1.296997e-01
  116 1.389639e-01
  117 1.482282e-01
  118 1.574925e-01
  119 1.667567e-01
  120 1.760210e-01
  121 1.852852e-01
  122 1.945495e-01
  123 2.038138e-01
  124 2.130780e-01
  125 2.223423e-01
  126 2.316066e-01
  127 2.408708e-01
  128 2.501351e-01
  129 2.593993e-01
  130 2.686636e-01
  131 2.779279e-01
  132 2.871921e-01
  133 2.964564e-01
  134 3.057207e-01
  135 3.149849e-01
  136 3.242492e-01
  137 3.335134e-01
  138 3.427777e-01
  139 3.520420e-01
  140 3.613062e-01
  141 3.705705e-01
  142 3.798347e-01
  143 3.890990e-01
  144 3.983633e-01
  145 4.076275e-01
  146 4.168918e-01
  147 4.261561e-01
  148 4.354203e-01
  149 4.446846e-01
  150 4.539488e-01
  151 4.632131e-01
  152 4.724774e-01
  153 4.817416e-01
  154 4.910059e-01
  155 5.002702e-01
  156 5.095344e-01
  157 5.187987e-01
  158 5.280629e-01
  159 5.373272e-01
  160 5.465915e-01
  161 5.558557e-01
  162 5.651200e-01
  163 5.743843e-01
  164 5.836485e-01
  165 5.929128e-01
  166 6.021770e-01
  167 6.114413e-01
  168 6.207056e-01
  169 6.299698e-01
  170 6.392341e-01
  171 6.484984e-01
  172 6.577626e-01
  173 6.670269e-01
  174 6.762911e-01
  175 6.855554e-01
  176 6.948197e-01
  177 7.040839e-01
  178 7.133482e-01
  179 7.226125e-01
  180 7.318767e-01
  181 7.411410e-01
  182 7.504052e-01
  183 7.596695e-01
  184 7.689338e-01
  185 7.781980e-01
  186 7.874623e-01
  187 7.967265e-01
  188 8.059908e-01
  189 8.152551e-01
  190 8.245193e-01
  191 8.337836e-01
  192 8.430479e-01
  193 8.523121e-01
  194 8.615764e-01
  195 8.708406e-01
  196 8.801049e-01
  197 8.893692e-01
  198 8.986334e-01
  199 9.078977e-01
  200 9.171620e-01
  201 9.264262e-01
