    1 -3.900742e-01
    2 -3.861735e-01
    3 -3.822727e-01
    4 -3.783720e-01
    5 -3.744712e-01
    6 -3.705705e-01
    7 -3.666697e-01
    8 -3.627690e-01
    9 -3.588683e-01
   10 -3.549675e-01
   11 -3.510668e-01
   12 -3.471660e-01
   13 -3.432653e-01
   14 -3.393646e-01
   15 -3.354638e-01
   16 -3.315631e-01
   17 -3.276623e-01
   18 -3.237616e-01
   19 -3.198608e-01
   20 -3.159601e-01
   21 -3.120594e-01
   22 -3.081586e-01
   23 -3.042579e-01
   24 -3.003571e-01
   25 -2.964564e-01
   26 -2.925556e-01
   27 -2.886549e-01
   28 -2.847542e-01
   29 -2.808534e-01
   30 -2.769527e-01
   31 -2.730519e-01
   32 -2.691512e-01
   33 -2.652505e-01
   34 -2.613497e-01
   35 -2.574490e-01
   36 -2.535482e-01
   37 -2.496475e-01
   38 -2.457467e-01
   39 -2.418460e-01
   40 -2.379453e-01
   41 -2.340445e-01
   42 -2.301438e-01
   43 -2.262430e-01
   44 -2.223423e-01
   45 -2.184416e-01
   46 -2.145408e-01
   47 -2.106401e-01
   48 -2.067393e-01
   49 -2.028386e-01
   50 -1.989378e-01
   51 -1.950371e-01
   52 -1.911364e-01
   53 -1.872356e-01
   54 -1.833349e-01
   55 -1.794341e-01
   56 -1.755334e-01
   57 -1.716326e-01
   58 -1.677319e-01
   59 -1.638312e-01
   60 -1.599304e-01
   61 -1.560297e-01
   62 -1.521289e-01
   63 -1.482282e-01
   64 -1.443275e-01
   65 -1.404267e-01
   66 -1.365260e-01
   67 -1.326252e-01
   68 -1.287245e-01
   69 -1.248237e-01
   70 -1.209230e-01
   71 -1.170223e-01
   72 -1.131215e-01
   73 -1.092208e-01
   74 -1.053200e-01
   75 -1.014193e-01
   76 -9.751855e-02
   77 -9.361781e-02
   78 -8.971707e-02
   79 -8.581632e-02
   80 -8.191558e-02
   81 -7.801484e-02
   82 -7.411410e-02
   83 -7.021336e-02
   84 -6.631261e-02
   85 -6.241187e-02
   86 -5.851113e-02
   87 -5.461039e-02
   88 -5.070965e-02
   89 -4.680890e-02
   90 -4.290816e-02
   91 -3.900742e-02
   92 -3.510668e-02
   93 -3.120594e-02
   94 -2.730519e-02
   95 -2.340445e-02
   96 -1.950371e-02
   97 -1.560297e-02
   98 -1.170223e-02
   99 -7.801484e-03
  100 -3.900742e-03
  101     0
  102 3.900742e-03
  103 7.801484e-03
  104 1.170223e-02
  105 1.560297e-02
  106 1.950371e-02
  107 2.340445e-02
  108 2.730519e-02
  109 3.120594e-02
  110 3.510668e-02
  111 3.900742e-02
  112 4.290816e-02
  113 4.680890e-02
  114 5.070965e-02
  115 5.461039e-02
  116 5.851113e-02
  117 6.241187e-02
  118 6.631261e-02
  119 7.021336e-02
  120 7.411410e-02
  121 7.801484e-02
  122 8.191558e-02
  123 8.581632e-02
  124 8.971707e-02
  125 9.361781e-02
  126 9.751855e-02
  127 1.014193e-01
  128 1.053200e-01
  129 1.092208e-01
  130 1.131215e-01
  131 1.170223e-01
  132 1.209230e-01
  133 1.248237e-01
  134 1.287245e-01
  135 1.326252e-01
  136 1.365260e-01
  137 1.404267e-01
  138 1.443275e-01
  139 1.482282e-01
  140 1.521289e-01
  141 1.560297e-01
  142 1.599304e-01
  143 1.638312e-01
  144 1.677319e-01
  145 1.716326e-01
  146 1.755334e-01
  147 1.794341e-01
  148 1.833349e-01
  149 1.872356e-01
  150 1.911364e-01
  151 1.950371e-01
  152 1.989378e-01
  153 2.028386e-01
  154 2.067393e-01
  155 2.106401e-01
  156 2.145408e-01
  157 2.184416e-01
  158 2.223423e-01
  159 2.262430e-01
  160 2.301438e-01
  161 2.340445e-01
  162 2.379453e-01
  163 2.418460e-01
  164 2.457467e-01
  165 2.496475e-01
  166 2.535482e-01
  167 2.574490e-01
  168 2.613497e-01
  169 2.652505e-01
  170 2.691512e-01
  171 2.730519e-01
  172 2.769527e-01
  173 2.808534e-01
  174 2.847542e-01
  175 2.886549e-01
  176 2.925556e-01
  177 2.964564e-01
  178 3.003571e-01
  179 3.042579e-01
  180 3.081586e-01
  181 3.120594e-01
  182 3.159601e-01
  183 3.198608e-01
  184 3.237616e-01
  185 3.276623e-01
  186 3.315631e-01
  187 3.354638e-01
  188 3.393646e-01
  189 3.432653e-01
  190 3.471660e-01
  191 3.510668e-01
  192 3.549675e-01
  193 3.588683e-01
  194 3.627690e-01
  195 3.666697e-01
  196 3.705705e-01
  197 3.744712e-01
  198 3.783720e-01
  199 3.822727e-01
  200 3.861735e-01
  201 3.900742e-01
