    1 -7.313891e-01
    2 -7.240752e-01
    3 -7.167613e-01
    4 -7.094474e-01
    5 -7.021336e-01
    6 -6.948197e-01
    7 -6.875058e-01
    8 -6.801919e-01
    9 -6.728780e-01
   10 -6.655641e-01
   11 -6.582502e-01
   12 -6.509363e-01
   13 -6.436224e-01
   14 -6.363085e-01
   15 -6.289946e-01
   16 -6.216808e-01
   17 -6.143669e-01
   18 -6.070530e-01
   19 -5.997391e-01
   20 -5.924252e-01
   21 -5.851113e-01
   22 -5.777974e-01
   23 -5.704835e-01
   24 -5.631696e-01
   25 -5.558557e-01
   26 -5.485418e-01
   27 -5.412279e-01
   28 -5.339141e-01
   29 -5.266002e-01
   30 -5.192863e-01
   31 -5.119724e-01
   32 -5.046585e-01
   33 -4.973446e-01
   34 -4.900307e-01
   35 -4.827168e-01
   36 -4.754029e-01
   37 -4.680890e-01
   38 -4.607751e-01
   39 -4.534613e-01
   40 -4.461474e-01
   41 -4.388335e-01
   42 -4.315196e-01
   43 -4.242057e-01
   44 -4.168918e-01
   45 -4.095779e-01
   46 -4.022640e-01
   47 -3.949501e-01
   48 -3.876362e-01
   49 -3.803223e-01
   50 -3.730085e-01
   51 -3.656946e-01
   52 -3.583807e-01
   53 -3.510668e-01
   54 -3.437529e-01
   55 -3.364390e-01
   56 -3.291251e-01
   57 -3.218112e-01
   58 -3.144973e-01
   59 -3.071834e-01
   60 -2.998695e-01
   61 -2.925556e-01
   62 -2.852418e-01
   63 -2.779279e-01
   64 -2.706140e-01
   65 -2.633001e-01
   66 -2.559862e-01
   67 -2.486723e-01
   68 -2.413584e-01
   69 -2.340445e-01
   70 -2.267306e-01
   71 -2.194167e-01
   72 -2.121028e-01
   73 -2.047890e-01
   74 -1.974751e-01
   75 -1.901612e-01
   76 -1.828473e-01
   77 -1.755334e-01
   78 -1.682195e-01
   79 -1.609056e-01
   80 -1.535917e-01
   81 -1.462778e-01
   82 -1.389639e-01
   83 -1.316500e-01
   84 -1.243362e-01
   85 -1.170223e-01
   86 -1.097084e-01
   87 -1.023945e-01
   88 -9.508059e-02
   89 -8.776669e-02
   90 -8.045280e-02
   91 -7.313891e-02
   92 -6.582502e-02
   93 -5.851113e-02
   94 -5.119724e-02
   95 -4.388335e-02
   96 -3.656946e-02
   97 -2.925556e-02
   98 -2.194167e-02
   99 -1.462778e-02
  100 -7.313891e-03
  101     0
  102 7.313891e-03
  103 1.462778e-02
  104 2.194167e-02
  105 2.925556e-02
  106 3.656946e-02
  107 4.388335e-02
  108 5.119724e-02
  109 5.851113e-02
  110 6.582502e-02
  111 7.313891e-02
  112 8.045280e-02
  113 8.776669e-02
  114 9.508059e-02
  115 1.023945e-01
  116 1.097084e-01
  117 1.170223e-01
  118 1.243362e-01
  119 1.316500e-01
  120 1.389639e-01
  121 1.462778e-01
  122 1.535917e-01
  123 1.609056e-01
  124 1.682195e-01
  125 1.755334e-01
  126 1.828473e-01
  127 1.901612e-01
  128 1.974751e-01
  129 2.047890e-01
  130 2.121028e-01
  131 2.194167e-01
  132 2.267306e-01
  133 2.340445e-01
  134 2.413584e-01
  135 2.486723e-01
  136 2.559862e-01
  137 2.633001e-01
  138 2.706140e-01
  139 2.779279e-01
  140 2.852418e-01
  141 2.925556e-01
  142 2.998695e-01
  143 3.071834e-01
  144 3.144973e-01
  145 3.218112e-01
  146 3.291251e-01
  147 3.364390e-01
  148 3.437529e-01
  149 3.510668e-01
  150 3.583807e-01
  151 3.656946e-01
  152 3.730085e-01
  153 3.803223e-01
  154 3.876362e-01
  155 3.949501e-01
  156 4.022640e-01
  157 4.095779e-01
  158 4.168918e-01
  159 4.242057e-01
  160 4.315196e-01
  161 4.388335e-01
  162 4.461474e-01
  163 4.534613e-01
  164 4.607751e-01
  165 4.680890e-01
  166 4.754029e-01
  167 4.827168e-01
  168 4.900307e-01
  169 4.973446e-01
  170 5.046585e-01
  171 5.119724e-01
  172 5.192863e-01
  173 5.266002e-01
  174 5.339141e-01
  175 5.412279e-01
  176 5.485418e-01
  177 5.558557e-01
  178 5.631696e-01
  179 5.704835e-01
  180 5.777974e-01
  181 5.851113e-01
  182 5.924252e-01
  183 5.997391e-01
  184 6.070530e-01
  185 6.143669e-01
  186 6.216808e-01
  187 6.289946e-01
  188 6.363085e-01
  189 6.436224e-01
  190 6.509363e-01
  191 6.582502e-01
  192 6.655641e-01
  193 6.728780e-01
  194 6.801919e-01
  195 6.875058e-01
  196 6.948197e-01
  197 7.021336e-01
  198 7.094474e-01
  199 7.167613e-01
  200 7.240752e-01
  201 7.313891e-01
