    1     0
    2     0
    3     0
    4     0
    5     0
    6     0
    7     0
    8     0
    9     0
   10     0
   11     0
   12 3.637500e-01
   13 3.236249e-01
   14 5.330160e-01
   15 5.649145e-01
   16 6.992282e-01
   17 7.849854e-01
   18 8.976325e-01
   19 9.975630e-01
   20 1.104027e+00
   21 1.206323e+00
   22 1.309127e+00
   23 1.409334e+00
   24 1.507876e+00
   25 1.603683e+00
   26 1.696758e+00
   27 1.786607e+00
   28 1.873032e+00
   29 1.955729e+00
   30 2.034487e+00
   31 2.109087e+00
   32 2.179349e+00
   33 2.245110e+00
   34 2.306232e+00
   35 2.362596e+00
   36 2.414106e+00
   37 2.460683e+00
   38 2.502270e+00
   39 2.538827e+00
   40 2.570332e+00
   41 2.596781e+00
   42 2.618186e+00
   43 2.634574e+00
   44 2.645989e+00
   45 2.652488e+00
   46 2.654143e+00
   47 2.651039e+00
   48 2.643272e+00
   49 2.630952e+00
   50 2.614199e+00
   51 2.593144e+00
   52 2.567926e+00
   53 2.538696e+00
   54 2.505611e+00
   55 2.468836e+00
   56 2.428543e+00
   57 2.384912e+00
   58 2.338125e+00
   59 2.288372e+00
   60 2.235845e+00
   61 2.180741e+00
   62 2.123259e+00
   63 2.063601e+00
   64 2.001970e+00
   65 1.938570e+00
   66 1.873604e+00
   67 1.807278e+00
   68 1.739793e+00
   69 1.671353e+00
   70 1.602156e+00
   71 1.532401e+00
   72 1.462283e+00
   73 1.391991e+00
   74 1.321714e+00
   75 1.251635e+00
   76 1.181932e+00
   77 1.112780e+00
   78 1.044345e+00
   79 9.767902e-01
   80 9.102724e-01
   81 8.449414e-01
   82 7.809409e-01
   83 7.184074e-01
   84 6.574709e-01
   85 5.982538e-01
   86 5.408716e-01
   87 4.854319e-01
   88 4.320351e-01
   89 3.807737e-01
   90 3.317326e-01
   91 2.849888e-01
   92 2.406116e-01
   93 1.986626e-01
   94 1.591955e-01
   95 1.222563e-01
   96 8.788334e-02
   97 5.610746e-02
   98 2.695192e-02
   99 4.326591e-04
  100 -2.344163e-02
  101 -4.466932e-02
  102 -6.325573e-02
  103 -7.921289e-02
  104 -9.255942e-02
  105 -1.033202e-01
  106 -1.115264e-01
  107 -1.172149e-01
  108 -1.204284e-01
  109 -1.212149e-01
  110 -1.196276e-01
  111 -1.157247e-01
  112 -1.095690e-01
  113 -1.012274e-01
  114 -9.077133e-02
  115 -7.827569e-02
  116 -6.381900e-02
  117 -4.748301e-02
  118 -2.935242e-02
  119 -9.514537e-03
  120 1.194094e-02
  121 3.492224e-02
  122 5.933584e-02
  123 8.508670e-02
  124 1.120785e-01
  125 1.402142e-01
  126 1.693958e-01
  127 1.995251e-01
  128 2.305037e-01
  129 2.622334e-01
  130 2.946162e-01
  131 9.180459e-02
  132 1.104472e-01
  133 4.521202e-02
  134 1.537751e-02
  135 -3.396221e-02
  136 -7.386202e-02
  137 -1.185220e-01
  138 -1.601683e-01
  139 -2.022924e-01
  140 -2.426801e-01
  141 -2.820728e-01
  142 -3.197433e-01
  143 -3.557518e-01
  144 -3.897917e-01
  145 -4.217765e-01
  146 -4.515382e-01
  147 -4.789789e-01
  148 -5.039920e-01
  149 -5.265006e-01
  150 -5.464363e-01
  151 -5.637485e-01
  152 -5.783986e-01
  153 -5.903616e-01
  154 -5.996244e-01
  155 -6.061852e-01
  156 -6.100530e-01
  157 -6.112469e-01
  158 -6.097958e-01
  159 -6.057373e-01
  160 -5.991175e-01
  161 -5.899905e-01
  162 -5.784179e-01
  163 -5.644678e-01
  164 -5.482152e-01
  165 -5.297407e-01
  166 -5.091304e-01
  167 -4.864755e-01
  168 -4.618715e-01
  169 -4.354180e-01
  170 -4.072185e-01
  171 -3.773793e-01
  172 -3.460097e-01
  173 -3.132213e-01
  174 -2.791274e-01
  175 -2.438432e-01
  176 -2.074845e-01
  177 -1.701684e-01
  178 -1.320120e-01
  179 -9.313237e-02
  180 -5.364646e-02
  181 -1.367036e-02
  182 2.668080e-02
  183 6.729325e-02
  184 1.080549e-01
  185 1.488554e-01
  186 1.895868e-01
  187 2.301435e-01
  188 2.704227e-01
  189 3.103243e-01
  190 3.497517e-01
  191 3.886113e-01
  192 4.268132e-01
  193 4.642712e-01
  194 5.009028e-01
  195 5.366298e-01
  196 5.713778e-01
  197 6.050768e-01
  198 6.376610e-01
  199 6.690693e-01
  200 6.992447e-01
  201 9.584048e-01
  202 8.399074e-01
  203 9.434412e-01
  204 9.249133e-01
  205 9.603718e-01
  206 9.604540e-01
  207 9.711963e-01
  208 9.694886e-01
  209 9.675036e-01
  210 9.593888e-01
  211 9.484830e-01
  212 9.334238e-01
  213 9.152414e-01
  214 8.937381e-01
  215 8.693370e-01
  216 8.421390e-01
  217 8.124043e-01
  218 7.803071e-01
  219 7.460603e-01
  220 1.036022e-01
  221 1.800165e-01
  222 3.515429e-02
  223 -9.986548e-03
  224 -1.046111e-01
  225 -1.696885e-01
  226 -2.451830e-01
  227 -3.104871e-01
  228 -3.759847e-01
  229 -4.362871e-01
  230 -4.940919e-01
  231 -5.479930e-01
  232 -5.986971e-01
  233 -6.458456e-01
  234 -6.896340e-01
  235 -7.299842e-01
  236 -7.669653e-01
  237 -8.005787e-01
  238 -8.308674e-01
  239 -8.578602e-01
  240 -8.816004e-01
  241 -9.021308e-01
  242 -9.195018e-01
  243 -9.337673e-01
  244 -9.449864e-01
  245 -9.532231e-01
  246 -9.585459e-01
  247 -9.610280e-01
  248 -9.607471e-01
  249 -9.577853e-01
  250 -9.522286e-01
  251 -9.441670e-01
  252 -9.336943e-01
  253 -9.209075e-01
  254 -9.059070e-01
  255 -8.887958e-01
  256 -8.696797e-01
  257 -8.486667e-01
  258 -8.258668e-01
  259 -8.013915e-01
  260 -7.753540e-01
  261 -8.421683e-01
  262 -8.192513e-01
  263 -8.288128e-01
  264 -8.232192e-01
  265 -8.245111e-01
  266 -8.211887e-01
  267 -8.190107e-01
  268 -8.149458e-01
  269 -8.104684e-01
  270 -8.047703e-01
  271 -7.982247e-01
  272 -7.906163e-01
  273 -7.820438e-01
  274 -7.724580e-01
  275 -7.618961e-01
  276 -7.503614e-01
  277 -7.378833e-01
  278 -7.244860e-01
  279 -7.102036e-01
  280 -6.950714e-01
  281 -6.791300e-01
  282 -6.624220e-01
  283 -6.449934e-01
  284 -6.268924e-01
  285 -6.081691e-01
  286 -5.888755e-01
  287 -5.690649e-01
  288 -5.487917e-01
  289 -5.281111e-01
  290 -5.070790e-01
  291 -4.857517e-01
  292 -4.641854e-01
  293 -4.424364e-01
  294 -4.205608e-01
  295 -3.986141e-01
  296 -3.766513e-01
  297 -3.547263e-01
  298 -3.328924e-01
  299 -3.112017e-01
  300 -2.897049e-01
  301 -2.684515e-01
  302 -2.474893e-01
  303 -2.268648e-01
  304 -2.066225e-01
  305 -1.868052e-01
  306 -1.674539e-01
  307 -1.486076e-01
  308 -1.303030e-01
  309 -1.125751e-01
  310 -9.545647e-02
  311 -7.897755e-02
  312 -6.316654e-02
  313 -4.804938e-02
  314 -3.364968e-02
  315 -1.998875e-02
  316 -7.085579e-03
  317 5.043185e-03
  318 1.638321e-02
  319 2.692249e-02
  320 3.665132e-02
  321 4.556225e-02
  322 5.365010e-02
  323 6.091189e-02
  324 6.734684e-02
  325 7.295627e-02
  326 7.774359e-02
  327 8.171426e-02
  328 8.487569e-02
  329 8.723720e-02
  330 8.880994e-02
  331 8.960686e-02
  332 8.964260e-02
  333 8.893341e-02
  334 8.749710e-02
  335 8.535294e-02
  336 8.252159e-02
  337 7.902501e-02
  338 7.488635e-02
  339 7.012992e-02
  340 6.478105e-02
  341 5.886601e-02
  342 5.241194e-02
  343 4.544676e-02
  344 3.799905e-02
  345 3.009799e-02
  346 2.177326e-02
  347 1.305496e-02
  348 3.973512e-03
  349 -5.440424e-03
  350 -1.515603e-02
  351 -2.514240e-02
  352 -3.536867e-02
  353 -4.580403e-02
  354 -5.641784e-02
  355 -6.717972e-02
  356 -7.805959e-02
  357 -8.902775e-02
  358 -1.000550e-01
  359 -1.111125e-01
  360 -1.221721e-01
  361 -1.332064e-01
  362 -1.441885e-01
  363 -1.550924e-01
  364 -1.658927e-01
  365 -1.765650e-01
  366 -1.870857e-01
  367 -1.974322e-01
  368 -2.075829e-01
  369 -2.175170e-01
  370 -2.272149e-01
  371 -2.366580e-01
  372 -2.458287e-01
  373 -2.547107e-01
  374 -2.632886e-01
  375 -2.715481e-01
  376 -2.794762e-01
  377 -2.870611e-01
  378 -2.942918e-01
  379 -3.011588e-01
  380 -3.076536e-01
  381 -3.137688e-01
  382 -3.194981e-01
  383 -3.248366e-01
  384 -3.297801e-01
  385 -3.343257e-01
  386 -3.384717e-01
  387 -3.422173e-01
  388 -3.455626e-01
  389 -3.485089e-01
  390 -3.510586e-01
  391 -1.174642e-01
  392 -1.044752e-01
  393 -6.859562e-03
  394 5.600417e-02
  395 1.389228e-01
  396 2.128531e-01
  397 2.918979e-01
  398 3.681879e-01
  399 4.451205e-01
  400 5.203892e-01
  401 5.025372e-01
  402 6.333871e-01
  403 6.730206e-01
  404 7.586696e-01
  405 8.197345e-01
  406 8.917027e-01
  407 9.559772e-01
  408 1.021616e+00
  409 1.083597e+00
  410 1.144124e+00
  411 1.201747e+00
  412 1.256912e+00
  413 1.309127e+00
  414 1.358409e+00
  415 1.404544e+00
  416 1.447461e+00
  417 1.487042e+00
  418 1.523218e+00
  419 1.555916e+00
  420 1.585091e+00
  421 1.610704e+00
  422 1.632732e+00
  423 1.651168e+00
  424 1.666012e+00
  425 1.677281e+00
  426 1.685001e+00
  427 1.689209e+00
  428 1.689952e+00
  429 1.687289e+00
  430 1.681287e+00
  431 1.672021e+00
  432 1.659575e+00
  433 1.644041e+00
  434 1.625519e+00
  435 1.604113e+00
  436 1.579937e+00
  437 1.553108e+00
  438 1.523748e+00
  439 1.491985e+00
  440 1.821700e+00
  441 1.716897e+00
  442 1.741914e+00
  443 1.704406e+00
  444 1.694148e+00
  445 1.663972e+00
  446 1.638108e+00
  447 1.604439e+00
  448 1.569441e+00
  449 1.530126e+00
  450 1.488350e+00
  451 1.443508e+00
  452 1.396254e+00
  453 1.346601e+00
  454 1.294887e+00
  455 1.241282e+00
  456 1.186037e+00
  457 1.129357e+00
  458 1.071463e+00
  459 1.012563e+00
  460 9.528639e-01
  461 8.925666e-01
  462 8.318672e-01
  463 7.709561e-01
  464 7.100183e-01
  465 6.492332e-01
  466 5.887742e-01
  467 5.288084e-01
  468 4.694969e-01
  469 4.109943e-01
  470 3.534483e-01
  471 2.970001e-01
  472 2.417841e-01
  473 1.879272e-01
  474 1.355497e-01
  475 8.476423e-02
  476 3.567638e-02
  477 -1.161579e-02
  478 -5.702162e-02
  479 -1.004579e-01
  480 -1.418490e-01
  481 -1.811266e-01
  482 -2.182301e-01
  483 -2.531060e-01
  484 -2.857084e-01
  485 -3.159987e-01
  486 -3.439454e-01
  487 -3.695242e-01
  488 -3.927179e-01
  489 -4.135159e-01
  490 -4.319145e-01
  491 -4.479166e-01
  492 -4.615313e-01
  493 -4.727741e-01
  494 -4.816664e-01
  495 -4.882355e-01
  496 -4.925140e-01
  497 -4.945403e-01
  498 -4.943575e-01
  499 -4.920139e-01
  500 -4.875621e-01
  501 -4.810595e-01
  502 -4.725672e-01
  503 -4.621504e-01
  504 -4.498778e-01
  505 -4.358215e-01
  506 -4.200566e-01
  507 -4.026608e-01
  508 -3.837146e-01
  509 -3.633005e-01
  510 -3.415031e-01
  511 -3.184085e-01
  512 -2.941044e-01
  513 -2.686796e-01
  514 -2.422236e-01
  515 -2.148268e-01
  516 -1.865798e-01
  517 -1.575735e-01
  518 -1.278984e-01
  519 -9.764496e-02
  520 -6.690283e-02
  521 -3.576098e-02
  522 -4.307328e-03
  523 2.737141e-02
  524 5.918993e-02
  525 9.106458e-02
  526 1.229134e-01
  527 1.546566e-01
  528 1.862162e-01
  529 2.175167e-01
  530 2.484850e-01
  531 2.790505e-01
  532 3.091453e-01
  533 3.387042e-01
  534 3.676651e-01
  535 3.959687e-01
  536 4.235587e-01
  537 4.503821e-01
  538 4.763891e-01
  539 5.015331e-01
  540 5.257706e-01
  541 5.490619e-01
  542 5.713701e-01
  543 5.926621e-01
  544 6.129080e-01
  545 6.320813e-01
  546 6.501588e-01
  547 6.671207e-01
  548 6.829506e-01
  549 6.976351e-01
  550 7.111644e-01
  551 7.235316e-01
  552 7.347330e-01
  553 7.447680e-01
  554 7.536389e-01
  555 7.613511e-01
  556 7.679127e-01
  557 7.733344e-01
  558 7.776298e-01
  559 7.808150e-01
  560 7.829083e-01
  561 7.839307e-01
  562 7.839052e-01
  563 7.828569e-01
  564 7.808131e-01
  565 7.778029e-01
  566 7.738570e-01
  567 7.690080e-01
  568 7.632899e-01
  569 7.567381e-01
  570 7.493893e-01
  571 7.412814e-01
  572 7.324532e-01
  573 7.229445e-01
  574 7.127958e-01
  575 7.020484e-01
  576 6.907441e-01
  577 6.789250e-01
  578 6.666336e-01
  579 6.539125e-01
  580 6.408046e-01
  581 6.273523e-01
  582 6.135984e-01
  583 5.995851e-01
  584 5.853543e-01
  585 5.709476e-01
  586 5.564058e-01
  587 5.417691e-01
  588 5.270773e-01
  589 5.123691e-01
  590 4.976822e-01
  591 4.830536e-01
  592 4.685191e-01
  593 4.541136e-01
  594 4.398705e-01
  595 4.258222e-01
  596 4.119998e-01
  597 3.984332e-01
  598 3.851506e-01
  599 3.721790e-01
  600 3.595439e-01
  601 1.860806e-01
  602 2.764277e-01
  603 2.107937e-01
  604 2.300364e-01
  605 2.109162e-01
  606 2.159828e-01
  607 2.130080e-01
  608 2.181680e-01
  609 2.229425e-01
  610 2.314303e-01
  611 2.412978e-01
  612 2.535038e-01
  613 2.673335e-01
  614 2.829331e-01
  615 3.000156e-01
  616 3.185207e-01
  617 3.382777e-01
  618 3.591775e-01
  619 3.810848e-01
  620 4.038824e-01
  621 4.274490e-01
  622 4.516703e-01
  623 4.764334e-01
  624 5.016298e-01
  625 5.271538e-01
  626 5.529034e-01
  627 5.787799e-01
  628 6.046884e-01
  629 6.305373e-01
  630 6.562390e-01
  631 6.817094e-01
  632 7.068681e-01
  633 7.316388e-01
  634 7.559489e-01
  635 7.797296e-01
  636 8.029162e-01
  637 8.254480e-01
  638 8.472681e-01
  639 8.683236e-01
  640 8.885658e-01
  641 9.079497e-01
  642 9.264346e-01
  643 9.439834e-01
  644 9.605632e-01
  645 9.761448e-01
  646 9.907029e-01
  647 1.004216e+00
  648 1.016666e+00
  649 1.028040e+00
  650 1.038326e+00
  651 1.047517e+00
  652 1.055611e+00
  653 1.062606e+00
  654 1.068506e+00
  655 1.073316e+00
  656 1.077046e+00
  657 1.079707e+00
  658 1.081315e+00
  659 1.081887e+00
  660 1.687692e+00
  661 1.571866e+00
  662 1.674769e+00
  663 1.675616e+00
  664 1.723821e+00
  665 1.740564e+00
  666 1.766014e+00
  667 1.779767e+00
  668 1.792408e+00
  669 1.798746e+00
  670 1.801672e+00
  671 1.799970e+00
  672 1.794534e+00
  673 1.785185e+00
  674 1.772298e+00
  675 1.755964e+00
  676 1.736421e+00
  677 1.713831e+00
  678 1.688392e+00
  679 1.660282e+00
  680 1.629689e+00
  681 1.596793e+00
  682 1.561774e+00
  683 1.524810e+00
  684 1.486078e+00
  685 1.445752e+00
  686 1.404005e+00
  687 1.361005e+00
  688 1.316921e+00
  689 1.271917e+00
  690 1.226154e+00
  691 1.179790e+00
  692 1.132980e+00
  693 1.085876e+00
  694 1.038625e+00
  695 9.913694e-01
  696 9.442493e-01
  697 8.973989e-01
  698 8.509482e-01
  699 8.050225e-01
  700 7.597417e-01
  701 7.152210e-01
  702 6.715700e-01
  703 6.288930e-01
  704 5.872888e-01
  705 5.468503e-01
  706 5.076651e-01
  707 4.698147e-01
  708 4.333747e-01
  709 3.984150e-01
  710 3.649996e-01
  711 3.331865e-01
  712 3.030276e-01
  713 2.745692e-01
  714 2.478516e-01
  715 2.229094e-01
  716 1.997712e-01
  717 1.784602e-01
  718 1.589938e-01
  719 1.413841e-01
  720 1.256377e-01
  721 1.117560e-01
  722 9.973527e-02
  723 8.956681e-02
  724 8.123709e-02
  725 7.472794e-02
  726 7.001669e-02
  727 6.707634e-02
  728 6.587579e-02
  729 6.637997e-02
  730 6.855007e-02
  731 7.234374e-02
  732 7.771527e-02
  733 8.461582e-02
  734 9.299362e-02
  735 1.027942e-01
  736 1.139605e-01
  737 1.264333e-01
  738 1.401513e-01
  739 1.550512e-01
  740 1.710681e-01
  741 1.881358e-01
  742 2.061868e-01
  743 2.251525e-01
  744 2.449636e-01
  745 2.655501e-01
  746 2.868418e-01
  747 3.087681e-01
  748 3.312585e-01
  749 3.542425e-01
  750 3.776501e-01
  751 4.014119e-01
  752 4.254591e-01
  753 4.497236e-01
  754 4.741387e-01
  755 4.986385e-01
  756 5.231586e-01
  757 5.476360e-01
  758 5.720094e-01
  759 5.962191e-01
  760 6.202071e-01
  761 6.439176e-01
  762 6.672966e-01
  763 6.902924e-01
  764 7.128552e-01
  765 7.349379e-01
  766 7.564955e-01
  767 7.774853e-01
  768 7.978673e-01
  769 8.176039e-01
  770 8.366601e-01
  771 8.550033e-01
  772 8.726038e-01
  773 8.894341e-01
  774 9.054698e-01
  775 9.206886e-01
  776 9.350713e-01
  777 9.486011e-01
  778 9.612636e-01
  779 9.730473e-01
  780 9.839429e-01
  781 9.939439e-01
  782 1.003046e+00
  783 1.011248e+00
  784 1.018549e+00
  785 1.024953e+00
  786 1.030465e+00
  787 1.035092e+00
  788 1.038843e+00
  789 1.041730e+00
  790 1.043766e+00
  791 1.044966e+00
  792 1.045347e+00
  793 1.044928e+00
  794 1.043728e+00
  795 1.041770e+00
  796 1.039077e+00
  797 1.035673e+00
  798 1.031583e+00
  799 1.026836e+00
  800 1.021458e+00
