    1     0
    2     0
    3     0
    4     0
    5     0
    6     0
    7     0
    8     0
    9     0
   10     0
   11     0
   12 7.230000e-01
   13 -1.135231e-01
   14 2.748916e-01
   15 9.915922e-02
   16 1.836219e-01
   17 1.483863e-01
   18 1.684379e-01
   19 1.631109e-01
   20 1.695434e-01
   21 1.706018e-01
   22 1.741643e-01
   23 1.765890e-01
   24 1.795451e-01
   25 1.822569e-01
   26 1.850770e-01
   27 1.878395e-01
   28 1.906182e-01
   29 1.933772e-01
   30 1.961318e-01
   31 1.988741e-01
   32 2.016070e-01
   33 2.043288e-01
   34 2.070401e-01
   35 2.097404e-01
   36 2.124300e-01
   37 2.151089e-01
   38 2.177771e-01
   39 2.204348e-01
   40 2.230820e-01
   41 2.257189e-01
   42 2.283457e-01
   43 2.309625e-01
   44 2.335695e-01
   45 2.361668e-01
   46 2.387545e-01
   47 2.413329e-01
   48 2.439021e-01
   49 2.464622e-01
   50 2.490135e-01
   51 2.515560e-01
   52 2.540900e-01
   53 2.566155e-01
   54 2.591328e-01
   55 2.616419e-01
   56 2.641430e-01
   57 2.666363e-01
   58 2.691219e-01
   59 2.715999e-01
   60 2.740705e-01
   61 2.765338e-01
   62 2.789899e-01
   63 2.814390e-01
   64 2.838811e-01
   65 2.863164e-01
   66 2.887451e-01
   67 2.911671e-01
   68 2.935827e-01
   69 2.959920e-01
   70 2.983950e-01
   71 3.007919e-01
   72 3.031827e-01
   73 3.055676e-01
   74 3.079467e-01
   75 3.103200e-01
   76 3.126877e-01
   77 3.150498e-01
   78 3.174065e-01
   79 3.197578e-01
   80 3.221038e-01
   81 3.244446e-01
   82 3.267802e-01
   83 3.291108e-01
   84 3.314365e-01
   85 3.337572e-01
   86 3.360732e-01
   87 3.383843e-01
   88 3.406908e-01
   89 3.429928e-01
   90 3.452901e-01
   91 3.475830e-01
   92 3.498715e-01
   93 3.521556e-01
   94 3.544355e-01
   95 3.567111e-01
   96 3.589826e-01
   97 3.612500e-01
   98 3.635133e-01
   99 3.657726e-01
  100 3.680280e-01
  101 3.702795e-01
  102 3.725271e-01
  103 3.747710e-01
  104 3.770111e-01
  105 3.792476e-01
  106 3.814804e-01
  107 3.837096e-01
  108 3.859352e-01
  109 3.881574e-01
  110 3.903760e-01
  111 3.925913e-01
  112 3.948031e-01
  113 3.970117e-01
  114 3.992169e-01
  115 4.014188e-01
  116 4.036175e-01
  117 4.058131e-01
  118 4.080054e-01
  119 4.101947e-01
  120 4.123808e-01
  121 4.145639e-01
  122 4.167440e-01
  123 4.189210e-01
  124 4.210952e-01
  125 4.232663e-01
  126 4.254346e-01
  127 4.276000e-01
  128 4.297626e-01
  129 4.319223e-01
  130 4.340792e-01
  131 4.294071e-01
  132 4.332091e-01
  133 4.329961e-01
  134 4.346633e-01
  135 4.354876e-01
  136 4.367191e-01
  137 4.377781e-01
  138 4.389288e-01
  139 4.400470e-01
  140 4.411880e-01
  141 4.423247e-01
  142 4.434684e-01
  143 4.446126e-01
  144 4.457593e-01
  145 4.469069e-01
  146 4.480554e-01
  147 4.492041e-01
  148 4.503527e-01
  149 4.515009e-01
  150 4.526485e-01
  151 4.537951e-01
  152 4.549404e-01
  153 4.560844e-01
  154 4.572267e-01
  155 4.583672e-01
  156 4.595058e-01
  157 4.606422e-01
  158 4.617763e-01
  159 4.629081e-01
  160 4.640373e-01
  161 4.651639e-01
  162 4.662878e-01
  163 4.674088e-01
  164 4.685269e-01
  165 4.696421e-01
  166 4.707542e-01
  167 4.718631e-01
  168 4.729689e-01
  169 4.740714e-01
  170 4.751706e-01
  171 4.762664e-01
  172 4.773589e-01
  173 4.784479e-01
  174 4.795335e-01
  175 4.806155e-01
  176 4.816941e-01
  177 4.827690e-01
  178 4.838404e-01
  179 4.849082e-01
  180 4.859724e-01
  181 4.870329e-01
  182 4.880898e-01
  183 4.891430e-01
  184 4.901925e-01
  185 4.912384e-01
  186 4.922805e-01
  187 4.933190e-01
  188 4.943537e-01
  189 4.953847e-01
  190 4.964120e-01
  191 4.974356e-01
  192 4.984555e-01
  193 4.994717e-01
  194 5.004841e-01
  195 5.014928e-01
  196 5.024978e-01
  197 5.034991e-01
  198 5.044967e-01
  199 5.054906e-01
  200 5.064808e-01
  201 5.110190e-01
  202 5.103104e-01
  203 5.127526e-01
  204 5.137341e-01
  205 5.153805e-01
  206 5.167136e-01
  207 5.181849e-01
  208 5.195871e-01
  209 5.210164e-01
  210 5.224289e-01
  211 5.238454e-01
  212 5.252566e-01
  213 5.266671e-01
  214 5.280750e-01
  215 5.294816e-01
  216 5.308865e-01
  217 5.322900e-01
  218 5.336922e-01
  219 5.350932e-01
  220 -6.685068e-01
  221 7.331471e-01
  222 8.697358e-02
  223 3.829999e-01
  224 2.444144e-01
  225 3.057230e-01
  226 2.746671e-01
  227 2.859787e-01
  228 2.776318e-01
  229 2.782451e-01
  230 2.746619e-01
  231 2.729665e-01
  232 2.703720e-01
  233 2.681749e-01
  234 2.657872e-01
  235 2.634868e-01
  236 2.611509e-01
  237 2.588400e-01
  238 2.565292e-01
  239 2.542321e-01
  240 2.519441e-01
  241 2.496686e-01
  242 2.474049e-01
  243 2.451538e-01
  244 2.429155e-01
  245 2.406902e-01
  246 2.384778e-01
  247 2.362786e-01
  248 2.340925e-01
  249 2.319193e-01
  250 2.297591e-01
  251 2.276118e-01
  252 2.254771e-01
  253 2.233551e-01
  254 2.212454e-01
  255 2.191481e-01
  256 2.170629e-01
  257 2.149897e-01
  258 2.129282e-01
  259 2.108783e-01
  260 2.088399e-01
  261 2.040821e-01
  262 2.027262e-01
  263 1.997761e-01
  264 1.975899e-01
  265 1.950781e-01
  266 1.927406e-01
  267 1.903451e-01
  268 1.879973e-01
  269 1.856473e-01
  270 1.833169e-01
  271 1.809952e-01
  272 1.786864e-01
  273 1.763879e-01
  274 1.741001e-01
  275 1.718223e-01
  276 1.695543e-01
  277 1.672956e-01
  278 1.650459e-01
  279 1.628050e-01
  280 1.605725e-01
  281 1.583481e-01
  282 1.561316e-01
  283 1.539227e-01
  284 1.517212e-01
  285 1.495268e-01
  286 1.473394e-01
  287 1.451586e-01
  288 1.429842e-01
  289 1.408161e-01
  290 1.386541e-01
  291 1.364979e-01
  292 1.343474e-01
  293 1.322024e-01
  294 1.300627e-01
  295 1.279280e-01
  296 1.257984e-01
  297 1.236735e-01
  298 1.215532e-01
  299 1.194374e-01
  300 1.173259e-01
  301 1.152186e-01
  302 1.131153e-01
  303 1.110158e-01
  304 1.089201e-01
  305 1.068280e-01
  306 1.047393e-01
  307 1.026539e-01
  308 1.005718e-01
  309 9.849265e-02
  310 9.641649e-02
  311 9.434316e-02
  312 9.227253e-02
  313 9.020449e-02
  314 8.813893e-02
  315 8.607574e-02
  316 8.401480e-02
  317 8.195601e-02
  318 7.989926e-02
  319 7.784446e-02
  320 7.579150e-02
  321 7.374028e-02
  322 7.169070e-02
  323 6.964267e-02
  324 6.759610e-02
  325 6.555090e-02
  326 6.350696e-02
  327 6.146421e-02
  328 5.942256e-02
  329 5.738191e-02
  330 5.534220e-02
  331 5.330333e-02
  332 5.126522e-02
  333 4.922779e-02
  334 4.719097e-02
  335 4.515468e-02
  336 4.311883e-02
  337 4.108336e-02
  338 3.904819e-02
  339 3.701325e-02
  340 3.497847e-02
  341 3.294378e-02
  342 3.090910e-02
  343 2.887438e-02
  344 2.683953e-02
  345 2.480450e-02
  346 2.276923e-02
  347 2.073364e-02
  348 1.869768e-02
  349 1.666128e-02
  350 1.462438e-02
  351 1.258693e-02
  352 1.054885e-02
  353 8.510100e-03
  354 6.470614e-03
  355 4.430337e-03
  356 2.389213e-03
  357 3.471859e-04
  358 -1.695797e-03
  359 -3.739791e-03
  360 -5.784848e-03
  361 -7.831020e-03
  362 -9.878359e-03
  363 -1.192692e-02
  364 -1.397674e-02
  365 -1.602788e-02
  366 -1.808039e-02
  367 -2.013430e-02
  368 -2.218968e-02
  369 -2.424657e-02
  370 -2.630501e-02
  371 -2.836504e-02
  372 -3.042672e-02
  373 -3.249009e-02
  374 -3.455519e-02
  375 -3.662206e-02
  376 -3.869074e-02
  377 -4.076129e-02
  378 -4.283373e-02
  379 -4.490811e-02
  380 -4.698448e-02
  381 -4.906286e-02
  382 -5.114330e-02
  383 -5.322583e-02
  384 -5.531051e-02
  385 -5.739735e-02
  386 -5.948640e-02
  387 -6.157770e-02
  388 -6.367129e-02
  389 -6.576719e-02
  390 -6.786544e-02
  391 -6.313975e-02
  392 -6.689342e-02
  393 -6.663719e-02
  394 -6.826640e-02
  395 -6.905791e-02
  396 -7.026179e-02
  397 -7.129839e-02
  398 -7.243186e-02
  399 -7.353812e-02
  400 -7.467241e-02
  401 -7.722838e-02
  402 -7.769921e-02
  403 -7.943774e-02
  404 -8.060127e-02
  405 -8.203835e-02
  406 -8.335773e-02
  407 -8.473942e-02
  408 -8.610022e-02
  409 -8.747823e-02
  410 -8.885565e-02
  411 -9.024048e-02
  412 -9.162883e-02
  413 -9.302229e-02
  414 -9.441997e-02
  415 -9.582212e-02
  416 -9.722848e-02
  417 -9.863902e-02
  418 -1.000536e-01
  419 -1.014723e-01
  420 -1.028949e-01
  421 -1.043213e-01
  422 -1.057516e-01
  423 -1.071857e-01
  424 -1.086235e-01
  425 -1.100651e-01
  426 -1.115102e-01
  427 -1.129590e-01
  428 -1.144114e-01
  429 -1.158674e-01
  430 -1.173270e-01
  431 -1.187901e-01
  432 -1.202567e-01
  433 -1.217268e-01
  434 -1.232005e-01
  435 -1.246776e-01
  436 -1.261583e-01
  437 -1.276424e-01
  438 -1.291301e-01
  439 -1.306213e-01
  440 5.908841e-01
  441 -2.507670e-01
  442 1.362743e-01
  443 -4.200827e-02
  444 4.047230e-02
  445 3.012470e-03
  446 2.096741e-02
  447 1.349808e-02
  448 1.781992e-02
  449 1.676185e-02
  450 1.821785e-02
  451 1.853742e-02
  452 1.939264e-02
  453 2.000563e-02
  454 2.072923e-02
  455 2.139668e-02
  456 2.208166e-02
  457 2.274788e-02
  458 2.341029e-02
  459 2.406067e-02
  460 2.470183e-02
  461 2.533174e-02
  462 2.595079e-02
  463 2.655843e-02
  464 2.715462e-02
  465 2.773921e-02
  466 2.831214e-02
  467 2.887338e-02
  468 2.942292e-02
  469 2.996078e-02
  470 3.048698e-02
  471 3.100157e-02
  472 3.150461e-02
  473 3.199614e-02
  474 3.247626e-02
  475 3.294502e-02
  476 3.340250e-02
  477 3.384880e-02
  478 3.428399e-02
  479 3.470815e-02
  480 3.512139e-02
  481 3.552378e-02
  482 3.591542e-02
  483 3.629639e-02
  484 3.666680e-02
  485 3.702672e-02
  486 3.737625e-02
  487 3.771548e-02
  488 3.804450e-02
  489 3.836339e-02
  490 3.867225e-02
  491 3.897117e-02
  492 3.926022e-02
  493 3.953950e-02
  494 3.980909e-02
  495 4.006907e-02
  496 4.031953e-02
  497 4.056054e-02
  498 4.079219e-02
  499 4.101455e-02
  500 4.122771e-02
  501 4.143173e-02
  502 4.162670e-02
  503 4.181268e-02
  504 4.198976e-02
  505 4.215800e-02
  506 4.231747e-02
  507 4.246824e-02
  508 4.261038e-02
  509 4.274395e-02
  510 4.286903e-02
  511 4.298567e-02
  512 4.309394e-02
  513 4.319390e-02
  514 4.328561e-02
  515 4.336913e-02
  516 4.344452e-02
  517 4.351184e-02
  518 4.357114e-02
  519 4.362247e-02
  520 4.366591e-02
  521 4.370148e-02
  522 4.372926e-02
  523 4.374929e-02
  524 4.376161e-02
  525 4.376629e-02
  526 4.376337e-02
  527 4.375289e-02
  528 4.373490e-02
  529 4.370945e-02
  530 4.367659e-02
  531 4.363635e-02
  532 4.358878e-02
  533 4.353392e-02
  534 4.347182e-02
  535 4.340252e-02
  536 4.332604e-02
  537 4.324244e-02
  538 4.315176e-02
  539 4.305402e-02
  540 4.294927e-02
  541 4.283754e-02
  542 4.271887e-02
  543 4.259330e-02
  544 4.246085e-02
  545 4.232156e-02
  546 4.217546e-02
  547 4.202259e-02
  548 4.186298e-02
  549 4.169665e-02
  550 4.152365e-02
  551 4.134398e-02
  552 4.115770e-02
  553 4.096482e-02
  554 4.076537e-02
  555 4.055939e-02
  556 4.034689e-02
  557 4.012790e-02
  558 3.990245e-02
  559 3.967056e-02
  560 3.943226e-02
  561 3.918758e-02
  562 3.893653e-02
  563 3.867913e-02
  564 3.841542e-02
  565 3.814542e-02
  566 3.786913e-02
  567 3.758659e-02
  568 3.729782e-02
  569 3.700284e-02
  570 3.670166e-02
  571 3.639431e-02
  572 3.608080e-02
  573 3.576116e-02
  574 3.543539e-02
  575 3.510353e-02
  576 3.476558e-02
  577 3.442157e-02
  578 3.407150e-02
  579 3.371540e-02
  580 3.335328e-02
  581 3.298515e-02
  582 3.261104e-02
  583 3.223095e-02
  584 3.184490e-02
  585 3.145291e-02
  586 3.105498e-02
  587 3.065114e-02
  588 3.024138e-02
  589 2.982573e-02
  590 2.940420e-02
  591 2.897680e-02
  592 2.854354e-02
  593 2.810443e-02
  594 2.765948e-02
  595 2.720871e-02
  596 2.675212e-02
  597 2.628972e-02
  598 2.582153e-02
  599 2.534754e-02
  600 2.486778e-02
  601 2.189607e-02
  602 2.258880e-02
  603 2.106761e-02
  604 2.056061e-02
  605 1.957986e-02
  606 1.881019e-02
  607 1.793545e-02
  608 1.710080e-02
  609 1.623897e-02
  610 1.538061e-02
  611 1.451130e-02
  612 1.363744e-02
  613 1.275588e-02
  614 1.186788e-02
  615 1.097269e-02
  616 1.007051e-02
  617 9.161118e-03
  618 8.244501e-03
  619 7.320556e-03
  620 6.389232e-03
  621 5.450462e-03
  622 4.504194e-03
  623 3.550376e-03
  624 2.588962e-03
  625 1.619907e-03
  626 6.431732e-04
  627 -3.412785e-04
  628 -1.333482e-03
  629 -2.333470e-03
  630 -3.341273e-03
  631 -4.356918e-03
  632 -5.380431e-03
  633 -6.411836e-03
  634 -7.451157e-03
  635 -8.498413e-03
  636 -9.553626e-03
  637 -1.061681e-02
  638 -1.168799e-02
  639 -1.276718e-02
  640 -1.385438e-02
  641 -1.494963e-02
  642 -1.605292e-02
  643 -1.716428e-02
  644 -1.828371e-02
  645 -1.941123e-02
  646 -2.054684e-02
  647 -2.169055e-02
  648 -2.284238e-02
  649 -2.400233e-02
  650 -2.517041e-02
  651 -2.634663e-02
  652 -2.753100e-02
  653 -2.872352e-02
  654 -2.992420e-02
  655 -3.113304e-02
  656 -3.235006e-02
  657 -3.357526e-02
  658 -3.480864e-02
  659 -3.605021e-02
  660 1.167700e+00
  661 -2.338128e-01
  662 4.124927e-01
  663 1.165894e-01
  664 2.552890e-01
  665 1.940856e-01
  666 2.252379e-01
  667 2.140141e-01
  668 2.224400e-01
  669 2.218972e-01
  670 2.255423e-01
  671 2.272911e-01
  672 2.299305e-01
  673 2.321641e-01
  674 2.345799e-01
  675 2.369000e-01
  676 2.392473e-01
  677 2.415613e-01
  678 2.438670e-01
  679 2.461506e-01
  680 2.484170e-01
  681 2.506627e-01
  682 2.528885e-01
  683 2.550934e-01
  684 2.572774e-01
  685 2.594403e-01
  686 2.615821e-01
  687 2.637027e-01
  688 2.658022e-01
  689 2.678806e-01
  690 2.699379e-01
  691 2.719744e-01
  692 2.739901e-01
  693 2.759852e-01
  694 2.779598e-01
  695 2.799140e-01
  696 2.818482e-01
  697 2.837623e-01
  698 2.856567e-01
  699 2.875314e-01
  700 2.893867e-01
  701 2.912227e-01
  702 2.930397e-01
  703 2.948378e-01
  704 2.966172e-01
  705 2.983781e-01
  706 3.001207e-01
  707 3.018451e-01
  708 3.035516e-01
  709 3.052404e-01
  710 3.069115e-01
  711 3.085653e-01
  712 3.102018e-01
  713 3.118213e-01
  714 3.134239e-01
  715 3.150098e-01
  716 3.165792e-01
  717 3.181323e-01
  718 3.196691e-01
  719 3.211899e-01
  720 3.226948e-01
  721 3.241840e-01
  722 3.256577e-01
  723 3.271160e-01
  724 3.285590e-01
  725 3.299870e-01
  726 3.314000e-01
  727 3.327981e-01
  728 3.341817e-01
  729 3.355507e-01
  730 3.369053e-01
  731 3.382457e-01
  732 3.395720e-01
  733 3.408843e-01
  734 3.421828e-01
  735 3.434675e-01
  736 3.447386e-01
  737 3.459963e-01
  738 3.472406e-01
  739 3.484717e-01
  740 3.496897e-01
  741 3.508947e-01
  742 3.520868e-01
  743 3.532661e-01
  744 3.544328e-01
  745 3.555869e-01
  746 3.567286e-01
  747 3.578579e-01
  748 3.589749e-01
  749 3.600799e-01
  750 3.611727e-01
  751 3.622536e-01
  752 3.633227e-01
  753 3.643800e-01
  754 3.654257e-01
  755 3.664597e-01
  756 3.674823e-01
  757 3.684934e-01
  758 3.694933e-01
  759 3.704819e-01
  760 3.714593e-01
  761 3.724257e-01
  762 3.733811e-01
  763 3.743256e-01
  764 3.752592e-01
  765 3.761821e-01
  766 3.770943e-01
  767 3.779959e-01
  768 3.788869e-01
  769 3.797675e-01
  770 3.806377e-01
  771 3.814975e-01
  772 3.823470e-01
  773 3.831864e-01
  774 3.840156e-01
  775 3.848347e-01
  776 3.856438e-01
  777 3.864430e-01
  778 3.872322e-01
  779 3.880116e-01
  780 3.887813e-01
  781 3.895412e-01
  782 3.902914e-01
  783 3.910321e-01
  784 3.917631e-01
  785 3.924847e-01
  786 3.931967e-01
  787 3.938994e-01
  788 3.945927e-01
  789 3.952767e-01
  790 3.959515e-01
  791 3.966170e-01
  792 3.972733e-01
  793 3.979205e-01
  794 3.985586e-01
  795 3.991877e-01
  796 3.998078e-01
  797 4.004189e-01
  798 4.010210e-01
  799 4.016143e-01
  800 4.021988e-01
