    1     0
    2     0
    3     0
    4     0
    5     0
    6     0
    7     0
    8     0
    9     0
   10     0
   11     0
   12 1.091250e+00
   13 5.407512e-02
   14 3.533320e-01
   15 2.118205e-01
   16 2.542767e-01
   17 2.357837e-01
   18 2.425996e-01
   19 2.409759e-01
   20 2.428215e-01
   21 2.434857e-01
   22 2.446125e-01
   23 2.455609e-01
   24 2.465578e-01
   25 2.475150e-01
   26 2.484637e-01
   27 2.493921e-01
   28 2.503044e-01
   29 2.511993e-01
   30 2.520774e-01
   31 2.529388e-01
   32 2.537838e-01
   33 2.546126e-01
   34 2.554254e-01
   35 2.562224e-01
   36 2.570040e-01
   37 2.577703e-01
   38 2.585217e-01
   39 2.592583e-01
   40 2.599806e-01
   41 2.606886e-01
   42 2.613827e-01
   43 2.620631e-01
   44 2.627301e-01
   45 2.633839e-01
   46 2.640247e-01
   47 2.646529e-01
   48 2.652686e-01
   49 2.658720e-01
   50 2.664635e-01
   51 2.670432e-01
   52 2.676114e-01
   53 2.681682e-01
   54 2.687139e-01
   55 2.692488e-01
   56 2.697729e-01
   57 2.702865e-01
   58 2.707899e-01
   59 2.712831e-01
   60 2.717665e-01
   61 2.722401e-01
   62 2.727042e-01
   63 2.731589e-01
   64 2.736045e-01
   65 2.740411e-01
   66 2.744688e-01
   67 2.748879e-01
   68 2.752985e-01
   69 2.757008e-01
   70 2.760948e-01
   71 2.764809e-01
   72 2.768591e-01
   73 2.772296e-01
   74 2.775925e-01
   75 2.779479e-01
   76 2.782961e-01
   77 2.786371e-01
   78 2.789711e-01
   79 2.792983e-01
   80 2.796186e-01
   81 2.799324e-01
   82 2.802396e-01
   83 2.805405e-01
   84 2.808351e-01
   85 2.811235e-01
   86 2.814060e-01
   87 2.816825e-01
   88 2.819532e-01
   89 2.822182e-01
   90 2.824776e-01
   91 2.827316e-01
   92 2.829802e-01
   93 2.832235e-01
   94 2.834616e-01
   95 2.836946e-01
   96 2.839226e-01
   97 2.841458e-01
   98 2.843641e-01
   99 2.845778e-01
  100 2.847868e-01
  101 2.849912e-01
  102 2.851912e-01
  103 2.853869e-01
  104 2.855782e-01
  105 2.857654e-01
  106 2.859484e-01
  107 2.861273e-01
  108 2.863023e-01
  109 2.864733e-01
  110 2.866406e-01
  111 2.868040e-01
  112 2.869638e-01
  113 2.871199e-01
  114 2.872725e-01
  115 2.874216e-01
  116 2.875673e-01
  117 2.877095e-01
  118 2.878485e-01
  119 2.879843e-01
  120 2.881169e-01
  121 2.882463e-01
  122 2.883727e-01
  123 2.884960e-01
  124 2.886165e-01
  125 2.887340e-01
  126 2.888486e-01
  127 2.889605e-01
  128 2.890696e-01
  129 2.891760e-01
  130 2.892798e-01
  131 2.893301e-01
  132 2.894418e-01
  133 2.895262e-01
  134 2.896188e-01
  135 2.897059e-01
  136 2.897924e-01
  137 2.898763e-01
  138 2.899584e-01
  139 2.900384e-01
  140 2.901165e-01
  141 2.901926e-01
  142 2.902668e-01
  143 2.903391e-01
  144 2.904095e-01
  145 2.904781e-01
  146 2.905448e-01
  147 2.906098e-01
  148 2.906730e-01
  149 2.907344e-01
  150 2.907941e-01
  151 2.908522e-01
  152 2.909086e-01
  153 2.909634e-01
  154 2.910166e-01
  155 2.910682e-01
  156 2.911183e-01
  157 2.911669e-01
  158 2.912140e-01
  159 2.912596e-01
  160 2.913038e-01
  161 2.913466e-01
  162 2.913880e-01
  163 2.914280e-01
  164 2.914667e-01
  165 2.915041e-01
  166 2.915402e-01
  167 2.915750e-01
  168 2.916086e-01
  169 2.916410e-01
  170 2.916722e-01
  171 2.917022e-01
  172 2.917311e-01
  173 2.917588e-01
  174 2.917854e-01
  175 2.918110e-01
  176 2.918354e-01
  177 2.918588e-01
  178 2.918812e-01
  179 2.919026e-01
  180 2.919230e-01
  181 2.919423e-01
  182 2.919608e-01
  183 2.919783e-01
  184 2.919948e-01
  185 2.920105e-01
  186 2.920253e-01
  187 2.920392e-01
  188 2.920522e-01
  189 2.920644e-01
  190 2.920758e-01
  191 2.920864e-01
  192 2.920962e-01
  193 2.921052e-01
  194 2.921134e-01
  195 2.921209e-01
  196 2.921276e-01
  197 2.921336e-01
  198 2.921389e-01
  199 2.921435e-01
  200 -9.203526e-01
  201 2.302429e-01
  202 -1.018077e-01
  203 5.502563e-02
  204 7.818650e-03
  205 2.822031e-02
  206 2.055652e-02
  207 2.225870e-02
  208 2.011707e-02
  209 1.928932e-02
  210 1.795136e-02
  211 1.681360e-02
  212 1.562386e-02
  213 1.447972e-02
  214 1.334603e-02
  215 1.223590e-02
  216 1.114417e-02
  217 1.007231e-02
  218 9.019299e-03
  219 7.985025e-03
  220 6.969041e-03
  221 8.792230e-03
  222 7.108329e-03
  223 6.770220e-03
  224 5.877821e-03
  225 5.175453e-03
  226 4.402064e-03
  227 3.661298e-03
  228 2.917985e-03
  229 2.187110e-03
  230 1.464375e-03
  231 7.522833e-04
  232 5.057818e-05
  233 -6.401434e-04
  234 -1.319736e-03
  235 -1.987996e-03
  236 -2.644832e-03
  237 -3.290186e-03
  238 -3.924051e-03
  239 -4.546450e-03
  240 -5.157441e-03
  241 -5.757102e-03
  242 -6.345535e-03
  243 -6.922855e-03
  244 -7.489192e-03
  245 -8.044685e-03
  246 -8.589484e-03
  247 -9.123742e-03
  248 -9.647620e-03
  249 -1.016128e-02
  250 -1.066489e-02
  251 -1.115861e-02
  252 -1.164262e-02
  253 -1.211708e-02
  254 -1.258216e-02
  255 -1.303803e-02
  256 -1.348485e-02
  257 -1.392278e-02
  258 -1.435200e-02
  259 -1.477265e-02
  260 -1.518491e-02
  261 -1.560926e-02
  262 -1.599998e-02
  263 -1.639265e-02
  264 -1.677325e-02
  265 -1.714747e-02
  266 -1.751349e-02
  267 -1.787224e-02
  268 -1.822359e-02
  269 -1.856779e-02
  270 -1.890495e-02
  271 -1.923522e-02
  272 -1.955872e-02
  273 -1.987560e-02
  274 -2.018598e-02
  275 -2.048998e-02
  276 -2.078774e-02
  277 -2.107937e-02
  278 -2.136499e-02
  279 -2.164472e-02
  280 -2.191867e-02
  281 -2.218695e-02
  282 -2.244967e-02
  283 -2.270694e-02
  284 -2.295887e-02
  285 -2.320554e-02
  286 -2.344708e-02
  287 -2.368356e-02
  288 -2.391510e-02
  289 -2.414177e-02
  290 -2.436369e-02
  291 -2.458094e-02
  292 -2.479360e-02
  293 -2.500176e-02
  294 -2.520552e-02
  295 -2.540494e-02
  296 -2.560013e-02
  297 -2.579115e-02
  298 -2.597808e-02
  299 -2.616101e-02
  300 -2.634001e-02
  301 -2.651515e-02
  302 -2.668651e-02
  303 -2.685416e-02
  304 -2.701816e-02
  305 -2.717860e-02
  306 -2.733552e-02
  307 -2.748901e-02
  308 -2.763913e-02
  309 -2.778594e-02
  310 -2.792950e-02
  311 -2.806987e-02
  312 -2.820712e-02
  313 -2.834130e-02
  314 -2.847247e-02
  315 -2.860069e-02
  316 -2.872601e-02
  317 -2.884849e-02
  318 -2.896818e-02
  319 -2.908514e-02
  320 -2.919941e-02
  321 -2.931105e-02
  322 -2.942011e-02
  323 -2.952662e-02
  324 -2.963065e-02
  325 -2.973224e-02
  326 -2.983144e-02
  327 -2.992828e-02
  328 -3.002281e-02
  329 -3.011509e-02
  330 -3.020514e-02
  331 -3.029301e-02
  332 -3.037875e-02
  333 -3.046238e-02
  334 -3.054396e-02
  335 -3.062352e-02
  336 -3.070109e-02
  337 -3.077672e-02
  338 -3.085044e-02
  339 -3.092228e-02
  340 -3.099229e-02
  341 -3.106049e-02
  342 -3.112693e-02
  343 -3.119162e-02
  344 -3.125461e-02
  345 -3.131593e-02
  346 -3.137560e-02
  347 -3.143366e-02
  348 -3.149014e-02
  349 -3.154507e-02
  350 -3.159847e-02
  351 -3.165038e-02
  352 -3.170083e-02
  353 -3.174983e-02
  354 -3.179742e-02
  355 -3.184362e-02
  356 -3.188846e-02
  357 -3.193196e-02
  358 -3.197415e-02
  359 -3.201505e-02
  360 -3.205469e-02
  361 -3.209309e-02
  362 -3.213028e-02
  363 -3.216627e-02
  364 -3.220108e-02
  365 -3.223474e-02
  366 -3.226728e-02
  367 -3.229870e-02
  368 -3.232904e-02
  369 -3.235830e-02
  370 -3.238652e-02
  371 -3.241371e-02
  372 -3.243989e-02
  373 -3.246507e-02
  374 -3.248928e-02
  375 -3.251253e-02
  376 -3.253485e-02
  377 -3.255624e-02
  378 -3.257672e-02
  379 -3.259632e-02
  380 -3.261505e-02
  381 -3.263292e-02
  382 -3.264994e-02
  383 -3.266615e-02
  384 -3.268154e-02
  385 -3.269613e-02
  386 -3.270995e-02
  387 -3.272300e-02
  388 -3.273529e-02
  389 -3.274684e-02
  390 -3.275767e-02
  391 -3.271693e-02
  392 -3.273934e-02
  393 -3.273634e-02
  394 -3.274337e-02
  395 -3.274658e-02
  396 -3.275088e-02
  397 -3.275434e-02
  398 -3.275763e-02
  399 -3.276048e-02
  400 4.522370e-01
  401 -8.001965e-03
  402 1.248176e-01
  403 6.208370e-02
  404 8.096608e-02
  405 7.280515e-02
  406 7.587054e-02
  407 7.518969e-02
  408 7.604651e-02
  409 7.637792e-02
  410 7.691357e-02
  411 7.736929e-02
  412 7.784595e-02
  413 7.830451e-02
  414 7.875904e-02
  415 7.920429e-02
  416 7.964232e-02
  417 8.007254e-02
  418 8.049536e-02
  419 8.091082e-02
  420 8.131910e-02
  421 8.172031e-02
  422 8.211461e-02
  423 8.250213e-02
  424 8.288299e-02
  425 8.325732e-02
  426 8.362525e-02
  427 8.398690e-02
  428 8.434240e-02
  429 8.469186e-02
  430 8.503540e-02
  431 8.537313e-02
  432 8.570517e-02
  433 8.603162e-02
  434 8.635260e-02
  435 8.666820e-02
  436 8.697854e-02
  437 8.728371e-02
  438 8.758381e-02
  439 8.787894e-02
  440 8.816919e-02
  441 8.676195e-02
  442 8.746483e-02
  443 8.736601e-02
  444 8.760542e-02
  445 8.773635e-02
  446 8.791533e-02
  447 8.808006e-02
  448 8.825155e-02
  449 8.842069e-02
  450 8.858997e-02
  451 8.875779e-02
  452 8.892420e-02
  453 8.908874e-02
  454 8.925125e-02
  455 8.941150e-02
  456 8.956934e-02
  457 8.972467e-02
  458 8.987738e-02
  459 9.002741e-02
  460 9.017470e-02
  461 9.031923e-02
  462 9.046097e-02
  463 9.059992e-02
  464 9.073608e-02
  465 9.086945e-02
  466 9.100006e-02
  467 9.112791e-02
  468 9.125304e-02
  469 9.137549e-02
  470 9.149526e-02
  471 9.161241e-02
  472 9.172697e-02
  473 9.183897e-02
  474 9.194846e-02
  475 9.205547e-02
  476 9.216003e-02
  477 9.226220e-02
  478 9.236201e-02
  479 9.245950e-02
  480 9.255471e-02
  481 9.264768e-02
  482 9.273844e-02
  483 9.282705e-02
  484 9.291353e-02
  485 9.299792e-02
  486 9.308027e-02
  487 9.316060e-02
  488 9.323896e-02
  489 9.331537e-02
  490 9.338989e-02
  491 9.346253e-02
  492 9.353333e-02
  493 9.360234e-02
  494 9.366957e-02
  495 9.373507e-02
  496 9.379886e-02
  497 9.386098e-02
  498 9.392145e-02
  499 9.398031e-02
  500 9.403759e-02
  501 9.409331e-02
  502 9.414750e-02
  503 9.420020e-02
  504 9.425142e-02
  505 9.430120e-02
  506 9.434956e-02
  507 9.439653e-02
  508 9.444213e-02
  509 9.448639e-02
  510 9.452934e-02
  511 9.457099e-02
  512 9.461136e-02
  513 9.465050e-02
  514 9.468840e-02
  515 9.472511e-02
  516 9.476063e-02
  517 9.479499e-02
  518 9.482822e-02
  519 9.486033e-02
  520 9.489134e-02
  521 9.492127e-02
  522 9.495015e-02
  523 9.497798e-02
  524 9.500479e-02
  525 9.503060e-02
  526 9.505543e-02
  527 9.507929e-02
  528 9.510220e-02
  529 9.512418e-02
  530 9.514524e-02
  531 9.516540e-02
  532 9.518467e-02
  533 9.520308e-02
  534 9.522063e-02
  535 9.523735e-02
  536 9.525325e-02
  537 9.526833e-02
  538 9.528262e-02
  539 9.529613e-02
  540 9.530888e-02
  541 9.532087e-02
  542 9.533212e-02
  543 9.534264e-02
  544 9.535245e-02
  545 9.536156e-02
  546 9.536998e-02
  547 9.537772e-02
  548 9.538479e-02
  549 9.539121e-02
  550 9.539699e-02
  551 9.540213e-02
  552 9.540665e-02
  553 9.541056e-02
  554 9.541388e-02
  555 9.541660e-02
  556 9.541874e-02
  557 9.542031e-02
  558 9.542132e-02
  559 9.542179e-02
  560 9.542171e-02
  561 9.542109e-02
  562 9.541996e-02
  563 9.541831e-02
  564 9.541615e-02
  565 9.541350e-02
  566 9.541035e-02
  567 9.540673e-02
  568 9.540263e-02
  569 9.539807e-02
  570 9.539305e-02
  571 9.538758e-02
  572 9.538167e-02
  573 9.537532e-02
  574 9.536854e-02
  575 9.536135e-02
  576 9.535374e-02
  577 9.534572e-02
  578 9.533730e-02
  579 9.532848e-02
  580 9.531928e-02
  581 9.530970e-02
  582 9.529974e-02
  583 9.528941e-02
  584 9.527871e-02
  585 9.526766e-02
  586 9.525625e-02
  587 9.524450e-02
  588 9.523241e-02
  589 9.521998e-02
  590 9.520722e-02
  591 9.519413e-02
  592 9.518072e-02
  593 9.516700e-02
  594 9.515296e-02
  595 9.513862e-02
  596 9.512398e-02
  597 9.510904e-02
  598 9.509380e-02
  599 9.507828e-02
  600 9.438125e-01
  601 1.383818e-01
  602 3.708026e-01
  603 2.610040e-01
  604 2.940329e-01
  605 2.797351e-01
  606 2.850823e-01
  607 2.838727e-01
  608 2.853532e-01
  609 2.859132e-01
  610 2.868297e-01
  611 2.876055e-01
  612 2.884170e-01
  613 2.891960e-01
  614 2.899671e-01
  615 2.907211e-01
  616 2.914616e-01
  617 2.921876e-01
  618 2.928999e-01
  619 2.935985e-01
  620 2.942838e-01
  621 2.949560e-01
  622 2.956152e-01
  623 2.962619e-01
  624 2.968962e-01
  625 2.975184e-01
  626 2.981286e-01
  627 2.987272e-01
  628 2.993144e-01
  629 2.998903e-01
  630 3.004552e-01
  631 3.010093e-01
  632 3.015528e-01
  633 3.020859e-01
  634 3.026089e-01
  635 3.031218e-01
  636 3.036249e-01
  637 3.041185e-01
  638 3.046026e-01
  639 3.050774e-01
  640 3.055432e-01
  641 3.060001e-01
  642 3.064483e-01
  643 3.068879e-01
  644 3.073191e-01
  645 3.077421e-01
  646 3.081570e-01
  647 3.085640e-01
  648 3.089632e-01
  649 3.093548e-01
  650 3.097389e-01
  651 3.101157e-01
  652 3.104853e-01
  653 3.108478e-01
  654 3.112034e-01
  655 3.115523e-01
  656 3.118944e-01
  657 3.122300e-01
  658 3.125592e-01
  659 3.128822e-01
  660 3.131989e-01
  661 3.106884e-01
  662 3.116967e-01
  663 3.113706e-01
  664 3.116101e-01
  665 3.116705e-01
  666 3.118128e-01
  667 3.119330e-01
  668 3.120661e-01
  669 3.121970e-01
  670 3.123297e-01
  671 3.124615e-01
  672 3.125925e-01
  673 3.127219e-01
  674 3.128494e-01
  675 3.129746e-01
  676 3.130973e-01
  677 3.132171e-01
  678 3.133339e-01
  679 3.134476e-01
  680 3.135581e-01
  681 3.136653e-01
  682 3.137691e-01
  683 3.138694e-01
  684 3.139664e-01
  685 3.140599e-01
  686 3.141499e-01
  687 3.142366e-01
  688 3.143198e-01
  689 3.143996e-01
  690 3.144761e-01
  691 3.145493e-01
  692 3.146192e-01
  693 3.146859e-01
  694 3.147494e-01
  695 3.148097e-01
  696 3.148670e-01
  697 3.149212e-01
  698 3.149724e-01
  699 3.150206e-01
  700 3.150660e-01
  701 3.151085e-01
  702 3.151482e-01
  703 3.151852e-01
  704 3.152194e-01
  705 3.152510e-01
  706 3.152799e-01
  707 3.153063e-01
  708 3.153302e-01
  709 3.153516e-01
  710 3.153706e-01
  711 3.153872e-01
  712 3.154014e-01
  713 3.154134e-01
  714 3.154231e-01
  715 3.154305e-01
  716 3.154358e-01
  717 3.154390e-01
  718 3.154400e-01
  719 3.154390e-01
  720 3.154360e-01
  721 3.154310e-01
  722 3.154240e-01
  723 3.154151e-01
  724 3.154044e-01
  725 3.153918e-01
  726 3.153774e-01
  727 3.153612e-01
  728 3.153432e-01
  729 3.153236e-01
  730 3.153023e-01
  731 3.152793e-01
  732 3.152547e-01
  733 3.152285e-01
  734 3.152007e-01
  735 3.151714e-01
  736 3.151406e-01
  737 3.151083e-01
  738 3.150745e-01
  739 3.150394e-01
  740 3.150028e-01
  741 3.149648e-01
  742 3.149255e-01
  743 3.148849e-01
  744 3.148430e-01
  745 3.147997e-01
  746 3.147553e-01
  747 3.147096e-01
  748 3.146626e-01
  749 3.146145e-01
  750 3.145652e-01
  751 3.145148e-01
  752 3.144632e-01
  753 3.144105e-01
  754 3.143568e-01
  755 3.143019e-01
  756 3.142460e-01
  757 3.141891e-01
  758 3.141312e-01
  759 3.140722e-01
  760 3.140123e-01
  761 3.139514e-01
  762 3.138896e-01
  763 3.138269e-01
  764 3.137632e-01
  765 3.136986e-01
  766 3.136332e-01
  767 3.135669e-01
  768 3.134997e-01
  769 3.134317e-01
  770 3.133629e-01
  771 3.132933e-01
  772 3.132229e-01
  773 3.131517e-01
  774 3.130797e-01
  775 3.130070e-01
  776 3.129335e-01
  777 3.128593e-01
  778 3.127844e-01
  779 3.127088e-01
  780 3.126325e-01
  781 3.125555e-01
  782 3.124779e-01
  783 3.123995e-01
  784 3.123206e-01
  785 3.122410e-01
  786 3.121608e-01
  787 3.120799e-01
  788 3.119985e-01
  789 3.119165e-01
  790 3.118338e-01
  791 3.117506e-01
  792 3.116669e-01
  793 3.115826e-01
  794 3.114977e-01
  795 3.114123e-01
  796 3.113264e-01
  797 3.112399e-01
  798 3.111530e-01
  799 3.110655e-01
  800 3.109775e-01
