    1     0
    2     0
    3     0
    4     0
    5     0
    6     0
    7     0
    8     0
    9     0
   10     0
   11     0
   12 -1.570875e+00
   13 -1.255568e+00
   14 -1.121411e+00
   15 -1.032234e+00
   16 -9.715667e-01
   17 -9.268149e-01
   18 -8.913337e-01
   19 -8.613697e-01
   20 -8.348799e-01
   21 -8.107864e-01
   22 -7.885491e-01
   23 -7.679180e-01
   24 -7.487908e-01
   25 -7.311329e-01
   26 -7.149335e-01
   27 -7.001829e-01
   28 -6.868612e-01
   29 -6.749344e-01
   30 -6.643542e-01
   31 -6.550593e-01
   32 -6.469780e-01
   33 -6.400304e-01
   34 -6.341317e-01
   35 -6.291937e-01
   36 -6.251277e-01
   37 -6.218458e-01
   38 -6.192623e-01
   39 -6.172951e-01
   40 -6.158662e-01
   41 -6.149027e-01
   42 -6.143369e-01
   43 -6.141068e-01
   44 -6.141558e-01
   45 -6.144331e-01
   46 -6.148933e-01
   47 -6.154962e-01
   48 -6.162067e-01
   49 -6.169941e-01
   50 -6.178324e-01
   51 -6.186993e-01
   52 -6.195764e-01
   53 -6.204483e-01
   54 -6.213026e-01
   55 -6.221298e-01
   56 -6.229221e-01
   57 -6.236743e-01
   58 -6.243823e-01
   59 -6.250440e-01
   60 -6.256582e-01
   61 -6.262247e-01
   62 -6.267441e-01
   63 -6.272179e-01
   64 -6.276478e-01
   65 -6.280361e-01
   66 -6.283852e-01
   67 -6.286977e-01
   68 -6.289764e-01
   69 -6.292241e-01
   70 -6.294434e-01
   71 -6.296370e-01
   72 -6.298075e-01
   73 -6.299573e-01
   74 -6.300888e-01
   75 -6.302040e-01
   76 -6.303049e-01
   77 -6.303933e-01
   78 -6.304709e-01
   79 -6.305391e-01
   80 -6.305993e-01
   81 -6.306527e-01
   82 -6.307003e-01
   83 -6.307430e-01
   84 -6.307816e-01
   85 -6.308168e-01
   86 -6.308491e-01
   87 -6.308792e-01
   88 -6.309073e-01
   89 -6.309338e-01
   90 -6.309591e-01
   91 -6.309833e-01
   92 -6.310066e-01
   93 -6.310292e-01
   94 -6.310512e-01
   95 -6.310727e-01
   96 -6.310936e-01
   97 -6.311141e-01
   98 -6.311342e-01
   99 -6.311539e-01
  100 -6.311732e-01
  101 -6.311921e-01
  102 -6.312105e-01
  103 -6.312285e-01
  104 -6.312461e-01
  105 -6.312632e-01
  106 -6.312798e-01
  107 -6.312960e-01
  108 -6.313116e-01
  109 -6.313268e-01
  110 -6.313414e-01
  111 -6.313555e-01
  112 -6.313691e-01
  113 -6.313822e-01
  114 -6.313948e-01
  115 -6.314068e-01
  116 -6.314184e-01
  117 -6.314295e-01
  118 -6.314400e-01
  119 -6.314502e-01
  120 -6.314598e-01
  121 -6.314690e-01
  122 -6.314778e-01
  123 -6.314861e-01
  124 -6.314941e-01
  125 -6.315017e-01
  126 -6.315089e-01
  127 -6.315157e-01
  128 -6.315222e-01
  129 -6.315284e-01
  130 2.510216e+00
  131 1.465897e+00
  132 1.210598e+00
  133 1.023888e+00
  134 9.004997e-01
  135 8.099713e-01
  136 7.397300e-01
  137 6.821997e-01
  138 6.331267e-01
  139 5.900965e-01
  140 5.517461e-01
  141 5.172992e-01
  142 4.862984e-01
  143 4.584535e-01
  144 4.335553e-01
  145 4.114300e-01
  146 3.919148e-01
  147 3.748470e-01
  148 3.600601e-01
  149 3.473831e-01
  150 3.366426e-01
  151 3.276647e-01
  152 3.202775e-01
  153 3.143137e-01
  154 3.096123e-01
  155 3.060200e-01
  156 3.033930e-01
  157 3.015971e-01
  158 3.005090e-01
  159 3.000159e-01
  160 3.000156e-01
  161 3.004168e-01
  162 3.011380e-01
  163 3.021077e-01
  164 3.032635e-01
  165 3.045514e-01
  166 3.059254e-01
  167 3.073467e-01
  168 3.087830e-01
  169 3.102078e-01
  170 3.116000e-01
  171 3.129428e-01
  172 3.142239e-01
  173 3.154339e-01
  174 3.165668e-01
  175 3.176189e-01
  176 3.185886e-01
  177 3.194763e-01
  178 3.202834e-01
  179 3.210125e-01
  180 3.216672e-01
  181 3.222516e-01
  182 3.227702e-01
  183 3.232278e-01
  184 3.236293e-01
  185 3.239796e-01
  186 3.242835e-01
  187 3.245458e-01
  188 3.247709e-01
  189 3.249630e-01
  190 3.251262e-01
  191 3.252641e-01
  192 3.253801e-01
  193 3.254772e-01
  194 3.255583e-01
  195 3.256258e-01
  196 3.256820e-01
  197 3.257288e-01
  198 3.257679e-01
  199 3.258007e-01
  200 3.258287e-01
  201 5.964787e-01
  202 5.634378e-01
  203 5.552735e-01
  204 5.482097e-01
  205 5.442585e-01
  206 5.416408e-01
  207 5.395904e-01
  208 5.376779e-01
  209 5.357074e-01
  210 5.336097e-01
  211 5.313828e-01
  212 5.290580e-01
  213 5.266800e-01
  214 5.242959e-01
  215 5.219499e-01
  216 5.196800e-01
  217 5.175174e-01
  218 5.154862e-01
  219 5.136036e-01
  220 5.118812e-01
  221 5.651182e-01
  222 5.883034e-01
  223 6.028075e-01
  224 6.110426e-01
  225 6.152377e-01
  226 6.166944e-01
  227 6.162817e-01
  228 6.145892e-01
  229 6.120309e-01
  230 6.089058e-01
  231 6.054351e-01
  232 6.017851e-01
  233 5.980819e-01
  234 5.944215e-01
  235 5.908757e-01
  236 5.874979e-01
  237 5.843258e-01
  238 5.813850e-01
  239 5.786906e-01
  240 5.762497e-01
  241 5.740627e-01
  242 5.721249e-01
  243 5.704274e-01
  244 5.689583e-01
  245 5.677035e-01
  246 5.666475e-01
  247 5.657740e-01
  248 5.650659e-01
  249 5.645067e-01
  250 5.640799e-01
  251 5.637696e-01
  252 5.635609e-01
  253 5.634395e-01
  254 5.633925e-01
  255 5.634078e-01
  256 5.634745e-01
  257 5.635827e-01
  258 5.637236e-01
  259 5.638895e-01
  260 -3.784513e-01
  261 -6.496078e-02
  262 1.183094e-02
  263 6.804935e-02
  264 1.052711e-01
  265 1.326315e-01
  266 1.539004e-01
  267 1.713486e-01
  268 1.862509e-01
  269 1.993308e-01
  270 2.109965e-01
  271 2.214806e-01
  272 2.309200e-01
  273 2.394020e-01
  274 2.469896e-01
  275 2.537352e-01
  276 2.596880e-01
  277 2.648975e-01
  278 2.694142e-01
  279 2.732899e-01
  280 2.765772e-01
  281 2.793289e-01
  282 2.815972e-01
  283 2.834329e-01
  284 2.848847e-01
  285 2.859992e-01
  286 2.868201e-01
  287 2.873880e-01
  288 2.877403e-01
  289 2.879114e-01
  290 2.879321e-01
  291 2.878303e-01
  292 2.876306e-01
  293 2.873547e-01
  294 2.870216e-01
  295 2.866476e-01
  296 2.862468e-01
  297 2.858310e-01
  298 2.854099e-01
  299 2.849917e-01
  300 2.845827e-01
  301 2.841880e-01
  302 2.838114e-01
  303 2.834559e-01
  304 2.831231e-01
  305 2.828144e-01
  306 2.825301e-01
  307 2.822702e-01
  308 2.820343e-01
  309 2.818215e-01
  310 2.816310e-01
  311 2.814613e-01
  312 2.813113e-01
  313 2.811794e-01
  314 2.810641e-01
  315 2.809641e-01
  316 2.808778e-01
  317 2.808038e-01
  318 2.807408e-01
  319 2.806876e-01
  320 2.806429e-01
  321 2.806056e-01
  322 2.805748e-01
  323 2.805495e-01
  324 2.805288e-01
  325 2.805120e-01
  326 2.804985e-01
  327 2.804877e-01
  328 2.804791e-01
  329 2.804721e-01
  330 2.804666e-01
  331 2.804620e-01
  332 2.804582e-01
  333 2.804550e-01
  334 2.804521e-01
  335 2.804494e-01
  336 2.804468e-01
  337 2.804442e-01
  338 2.804415e-01
  339 2.804387e-01
  340 2.804358e-01
  341 2.804327e-01
  342 2.804294e-01
  343 2.804260e-01
  344 2.804225e-01
  345 2.804188e-01
  346 2.804150e-01
  347 2.804111e-01
  348 2.804071e-01
  349 2.804031e-01
  350 2.803990e-01
  351 2.803950e-01
  352 2.803909e-01
  353 2.803869e-01
  354 2.803829e-01
  355 2.803790e-01
  356 2.803752e-01
  357 2.803715e-01
  358 2.803678e-01
  359 2.803643e-01
  360 2.803609e-01
  361 2.803576e-01
  362 2.803544e-01
  363 2.803514e-01
  364 2.803484e-01
  365 2.803457e-01
  366 2.803430e-01
  367 2.803404e-01
  368 2.803380e-01
  369 2.803357e-01
  370 2.803335e-01
  371 2.803314e-01
  372 2.803294e-01
  373 2.803276e-01
  374 2.803258e-01
  375 2.803241e-01
  376 2.803225e-01
  377 2.803210e-01
  378 2.803196e-01
  379 2.803183e-01
  380 2.803170e-01
  381 2.803158e-01
  382 2.803146e-01
  383 2.803136e-01
  384 2.803125e-01
  385 2.803116e-01
  386 2.803107e-01
  387 2.803098e-01
  388 2.803090e-01
  389 2.803082e-01
  390 -1.290568e+00
  391 -7.684114e-01
  392 -6.407656e-01
  393 -5.474138e-01
  394 -4.857225e-01
  395 -4.404611e-01
  396 -4.053431e-01
  397 -3.765805e-01
  398 -3.520464e-01
  399 -3.305337e-01
  400 -3.113607e-01
  401 -4.487826e-01
  402 -4.143917e-01
  403 -3.957949e-01
  404 -3.793012e-01
  405 -3.659731e-01
  406 -3.547123e-01
  407 -3.449995e-01
  408 -3.365058e-01
  409 -3.290340e-01
  410 -3.224575e-01
  411 -3.166883e-01
  412 -3.116583e-01
  413 -3.073094e-01
  414 -3.035879e-01
  415 -3.004427e-01
  416 -2.978234e-01
  417 -2.956809e-01
  418 -2.939673e-01
  419 -2.926361e-01
  420 -2.916428e-01
  421 -2.909453e-01
  422 -2.905040e-01
  423 -2.902820e-01
  424 -2.902454e-01
  425 -2.903633e-01
  426 -2.906077e-01
  427 -2.909536e-01
  428 -2.913786e-01
  429 -2.918632e-01
  430 -2.923904e-01
  431 -2.929456e-01
  432 -2.935162e-01
  433 -2.940918e-01
  434 -2.946636e-01
  435 -2.952247e-01
  436 -2.957693e-01
  437 -2.962932e-01
  438 -2.967932e-01
  439 -2.972668e-01
  440 -2.977128e-01
  441 -3.310063e-01
  442 -3.461391e-01
  443 -3.559352e-01
  444 -3.618453e-01
  445 -3.652122e-01
  446 -3.668229e-01
  447 -3.672064e-01
  448 -3.667243e-01
  449 -3.656331e-01
  450 -3.641207e-01
  451 -3.623278e-01
  452 -3.603624e-01
  453 -3.583078e-01
  454 -3.562289e-01
  455 -3.541756e-01
  456 -3.521863e-01
  457 -3.502895e-01
  458 -3.485056e-01
  459 -3.468487e-01
  460 -3.453271e-01
  461 -3.439450e-01
  462 -3.427028e-01
  463 -3.415979e-01
  464 -3.406257e-01
  465 -3.397798e-01
  466 -3.390526e-01
  467 -3.384357e-01
  468 -3.379202e-01
  469 -3.374968e-01
  470 -3.371565e-01
  471 -3.368903e-01
  472 -3.366895e-01
  473 -3.365457e-01
  474 -3.364514e-01
  475 -3.363992e-01
  476 -3.363825e-01
  477 -3.363954e-01
  478 -3.364323e-01
  479 -3.364883e-01
  480 -3.365593e-01
  481 -3.366413e-01
  482 -3.367312e-01
  483 -3.368261e-01
  484 -3.369237e-01
  485 -3.370219e-01
  486 -3.371192e-01
  487 -3.372142e-01
  488 -3.373060e-01
  489 -3.373936e-01
  490 -3.374766e-01
  491 -3.375546e-01
  492 -3.376273e-01
  493 -3.376946e-01
  494 -3.377565e-01
  495 -3.378131e-01
  496 -3.378647e-01
  497 -3.379113e-01
  498 -3.379532e-01
  499 -3.379908e-01
  500 -3.380244e-01
  501 -3.380541e-01
  502 -3.380805e-01
  503 -3.381037e-01
  504 -3.381240e-01
  505 -3.381418e-01
  506 -3.381573e-01
  507 -3.381708e-01
  508 -3.381825e-01
  509 -3.381927e-01
  510 -3.382015e-01
  511 -3.382091e-01
  512 -3.382157e-01
  513 -3.382215e-01
  514 -3.382265e-01
  515 -3.382309e-01
  516 -3.382348e-01
  517 -3.382382e-01
  518 -3.382413e-01
  519 -3.382441e-01
  520 -3.382467e-01
  521 -3.382491e-01
  522 -3.382514e-01
  523 -3.382535e-01
  524 -3.382555e-01
  525 -3.382575e-01
  526 -3.382594e-01
  527 -3.382613e-01
  528 -3.382631e-01
  529 -3.382649e-01
  530 -3.382667e-01
  531 -3.382684e-01
  532 -3.382701e-01
  533 -3.382718e-01
  534 -3.382735e-01
  535 -3.382751e-01
  536 -3.382767e-01
  537 -3.382783e-01
  538 -3.382798e-01
  539 -3.382813e-01
  540 -3.382828e-01
  541 -3.382842e-01
  542 -3.382856e-01
  543 -3.382869e-01
  544 -3.382882e-01
  545 -3.382894e-01
  546 -3.382906e-01
  547 -3.382918e-01
  548 -3.382929e-01
  549 -3.382940e-01
  550 -3.382950e-01
  551 -3.382960e-01
  552 -3.382969e-01
  553 -3.382978e-01
  554 -3.382986e-01
  555 -3.382994e-01
  556 -3.383002e-01
  557 -3.383009e-01
  558 -3.383016e-01
  559 -3.383023e-01
  560 -3.383029e-01
  561 -3.383035e-01
  562 -3.383041e-01
  563 -3.383046e-01
  564 -3.383051e-01
  565 -3.383056e-01
  566 -3.383061e-01
  567 -3.383065e-01
  568 -3.383069e-01
  569 -3.383073e-01
  570 -3.383077e-01
  571 -3.383080e-01
  572 -3.383084e-01
  573 -3.383087e-01
  574 -3.383090e-01
  575 -3.383093e-01
  576 -3.383096e-01
  577 -3.383098e-01
  578 -3.383101e-01
  579 -3.383103e-01
  580 -3.383105e-01
  581 -3.383107e-01
  582 -3.383110e-01
  583 -3.383111e-01
  584 -3.383113e-01
  585 -3.383115e-01
  586 -3.383117e-01
  587 -3.383118e-01
  588 -3.383120e-01
  589 -3.383121e-01
  590 -3.383123e-01
  591 -3.383124e-01
  592 -3.383125e-01
  593 -3.383126e-01
  594 -3.383127e-01
  595 -3.383128e-01
  596 -3.383129e-01
  597 -3.383130e-01
  598 -3.383131e-01
  599 -3.383132e-01
  600 -3.383133e-01
  601 -4.736263e-01
  602 -4.570954e-01
  603 -4.530038e-01
  604 -4.494633e-01
  605 -4.474796e-01
  606 -4.461629e-01
  607 -4.451301e-01
  608 -4.441662e-01
  609 -4.431733e-01
  610 -4.421168e-01
  611 -4.409955e-01
  612 -4.398252e-01
  613 -4.386280e-01
  614 -4.374278e-01
  615 -4.362464e-01
  616 -4.351030e-01
  617 -4.340132e-01
  618 -4.329891e-01
  619 -4.320393e-01
  620 -4.311696e-01
  621 -4.303832e-01
  622 -4.296809e-01
  623 -4.290618e-01
  624 -4.285235e-01
  625 -4.280627e-01
  626 -4.276749e-01
  627 -4.273552e-01
  628 -4.270983e-01
  629 -4.268986e-01
  630 -4.267504e-01
  631 -4.266483e-01
  632 -4.265867e-01
  633 -4.265606e-01
  634 -4.265649e-01
  635 -4.265952e-01
  636 -4.266472e-01
  637 -4.267170e-01
  638 -4.268011e-01
  639 -4.268963e-01
  640 -4.269998e-01
  641 -4.271092e-01
  642 -4.272224e-01
  643 -4.273374e-01
  644 -4.274528e-01
  645 -4.275672e-01
  646 -4.276796e-01
  647 -4.277890e-01
  648 -4.278948e-01
  649 -4.279965e-01
  650 -4.280937e-01
  651 -4.281862e-01
  652 -4.282738e-01
  653 -4.283564e-01
  654 -4.284340e-01
  655 -4.285068e-01
  656 -4.285749e-01
  657 -4.286384e-01
  658 -4.286975e-01
  659 -4.287525e-01
  660 -4.288035e-01
  661 -4.836440e-01
  662 -5.082612e-01
  663 -5.240278e-01
  664 -5.333610e-01
  665 -5.384971e-01
  666 -5.407465e-01
  667 -5.409883e-01
  668 -5.398232e-01
  669 -5.376764e-01
  670 -5.348584e-01
  671 -5.316016e-01
  672 -5.280833e-01
  673 -5.244401e-01
  674 -5.207780e-01
  675 -5.171781e-01
  676 -5.137022e-01
  677 -5.103960e-01
  678 -5.072921e-01
  679 -5.044120e-01
  680 -5.017685e-01
  681 -4.993670e-01
  682 -4.972069e-01
  683 -4.952832e-01
  684 -4.935871e-01
  685 -4.921071e-01
  686 -4.908299e-01
  687 -4.897409e-01
  688 -4.888245e-01
  689 -4.880651e-01
  690 -4.874470e-01
  691 -4.869549e-01
  692 -4.865740e-01
  693 -4.862904e-01
  694 -4.860909e-01
  695 -4.859633e-01
  696 -4.858965e-01
  697 -4.858803e-01
  698 -4.859055e-01
  699 -4.859639e-01
  700 -4.860483e-01
  701 -4.861524e-01
  702 -4.862706e-01
  703 -4.863983e-01
  704 -4.865315e-01
  705 -4.866669e-01
  706 -4.868017e-01
  707 -4.869337e-01
  708 -4.870613e-01
  709 -4.871829e-01
  710 -4.872978e-01
  711 -4.874051e-01
  712 -4.875046e-01
  713 -4.875960e-01
  714 -4.876793e-01
  715 -4.877546e-01
  716 -4.878222e-01
  717 -4.878824e-01
  718 -4.879357e-01
  719 -4.879824e-01
  720 -4.880231e-01
  721 -4.880582e-01
  722 -4.880882e-01
  723 -4.881136e-01
  724 -4.881350e-01
  725 -4.881527e-01
  726 -4.881671e-01
  727 -4.881788e-01
  728 -4.881880e-01
  729 -4.881950e-01
  730 -4.882004e-01
  731 -4.882042e-01
  732 -4.882067e-01
  733 -4.882082e-01
  734 -4.882089e-01
  735 -4.882090e-01
  736 -4.882085e-01
  737 -4.882077e-01
  738 -4.882066e-01
  739 -4.882054e-01
  740 -4.882040e-01
  741 -4.882026e-01
  742 -4.882013e-01
  743 -4.881999e-01
  744 -4.881987e-01
  745 -4.881976e-01
  746 -4.881965e-01
  747 -4.881957e-01
  748 -4.881949e-01
  749 -4.881943e-01
  750 -4.881938e-01
  751 -4.881934e-01
  752 -4.881931e-01
  753 -4.881930e-01
  754 -4.881929e-01
  755 -4.881929e-01
  756 -4.881930e-01
  757 -4.881932e-01
  758 -4.881934e-01
  759 -4.881937e-01
  760 -4.881940e-01
  761 -4.881944e-01
  762 -4.881948e-01
  763 -4.881952e-01
  764 -4.881956e-01
  765 -4.881960e-01
  766 -4.881964e-01
  767 -4.881968e-01
  768 -4.881972e-01
  769 -4.881976e-01
  770 -4.881980e-01
  771 -4.881984e-01
  772 -4.881988e-01
  773 -4.881991e-01
  774 -4.881995e-01
  775 -4.881998e-01
  776 -4.882001e-01
  777 -4.882004e-01
  778 -4.882007e-01
  779 -4.882009e-01
  780 -4.882012e-01
  781 -4.882014e-01
  782 -4.882016e-01
  783 -4.882018e-01
  784 -4.882020e-01
  785 -4.882022e-01
  786 -4.882023e-01
  787 -4.882025e-01
  788 -4.882026e-01
  789 -4.882028e-01
  790 -4.882029e-01
  791 -4.882030e-01
  792 -4.882031e-01
  793 -4.882032e-01
  794 -4.882033e-01
  795 -4.882034e-01
  796 -4.882035e-01
  797 -4.882036e-01
  798 -4.882037e-01
  799 -4.882037e-01
  800 -4.882038e-01
