    1     0
    2     0
    3     0
    4     0
    5     0
    6     0
    7     0
    8     0
    9     0
   10     0
   11     0
   12 -4.181000e-01
   13 -4.148805e-01
   14 -4.213350e-01
   15 -4.290728e-01
   16 -4.369896e-01
   17 -4.444254e-01
   18 -4.510186e-01
   19 -4.566003e-01
   20 -4.611242e-01
   21 -4.646191e-01
   22 -4.671581e-01
   23 -4.688379e-01
   24 -4.697656e-01
   25 -4.700499e-01
   26 -4.697959e-01
   27 -4.691021e-01
   28 -4.680584e-01
   29 -4.667454e-01
   30 -4.652343e-01
   31 -4.635872e-01
   32 -4.618574e-01
   33 -4.600899e-01
   34 -4.583227e-01
   35 -4.565867e-01
   36 -4.549069e-01
   37 -4.533031e-01
   38 -4.517902e-01
   39 -4.503792e-01
   40 -4.490776e-01
   41 -4.478898e-01
   42 -4.468178e-01
   43 -4.458614e-01
   44 -4.450187e-01
   45 -4.442863e-01
   46 -4.436600e-01
   47 -4.431345e-01
   48 -4.427039e-01
   49 -4.423620e-01
   50 -4.421021e-01
   51 -4.419176e-01
   52 -4.418019e-01
   53 -4.417483e-01
   54 -4.417504e-01
   55 -4.418020e-01
   56 -4.418972e-01
   57 -4.420304e-01
   58 -4.421963e-01
   59 -4.423899e-01
   60 -4.426068e-01
   61 -4.428426e-01
   62 -4.430937e-01
   63 -4.433565e-01
   64 -4.436279e-01
   65 -4.439050e-01
   66 -4.441854e-01
   67 -4.444668e-01
   68 -4.447474e-01
   69 -4.450255e-01
   70 -4.452997e-01
   71 -4.455687e-01
   72 -4.458315e-01
   73 -4.460874e-01
   74 -4.463356e-01
   75 -4.465757e-01
   76 -4.468073e-01
   77 -4.470301e-01
   78 -4.472440e-01
   79 -4.474488e-01
   80 -4.476447e-01
   81 -4.478316e-01
   82 -4.480097e-01
   83 -4.481792e-01
   84 -4.483403e-01
   85 -4.484932e-01
   86 -4.486382e-01
   87 -4.487757e-01
   88 -4.489058e-01
   89 -4.490289e-01
   90 -4.491454e-01
   91 -4.492555e-01
   92 -4.493595e-01
   93 -4.494578e-01
   94 -4.495507e-01
   95 -4.496384e-01
   96 -4.497213e-01
   97 -4.497995e-01
   98 -4.498735e-01
   99 -4.499434e-01
  100 -4.500095e-01
  101 -4.500720e-01
  102 -4.501311e-01
  103 -4.501870e-01
  104 -4.502400e-01
  105 -4.502902e-01
  106 -4.503378e-01
  107 -4.503829e-01
  108 -4.504257e-01
  109 -4.504663e-01
  110 -4.505049e-01
  111 -4.505416e-01
  112 -4.505764e-01
  113 -4.506096e-01
  114 -4.506412e-01
  115 -4.506713e-01
  116 -4.506999e-01
  117 -4.507273e-01
  118 -4.507533e-01
  119 -4.507782e-01
  120 -4.508019e-01
  121 -4.508246e-01
  122 -4.508462e-01
  123 -4.508669e-01
  124 -4.508867e-01
  125 -4.509056e-01
  126 -4.509237e-01
  127 -4.509410e-01
  128 -4.509575e-01
  129 -4.509733e-01
  130 3.852115e-01
  131 3.401360e-01
  132 3.249051e-01
  133 3.187750e-01
  134 3.179728e-01
  135 3.200418e-01
  136 3.234286e-01
  137 3.271778e-01
  138 3.307269e-01
  139 3.337693e-01
  140 3.361627e-01
  141 3.378679e-01
  142 3.389080e-01
  143 3.393422e-01
  144 3.392478e-01
  145 3.387091e-01
  146 3.378108e-01
  147 3.366330e-01
  148 3.352494e-01
  149 3.337258e-01
  150 3.321196e-01
  151 3.304800e-01
  152 3.288482e-01
  153 3.272584e-01
  154 3.257379e-01
  155 3.243080e-01
  156 3.229848e-01
  157 3.217798e-01
  158 3.207004e-01
  159 3.197509e-01
  160 3.189323e-01
  161 3.182436e-01
  162 3.176817e-01
  163 3.172419e-01
  164 3.169185e-01
  165 3.167046e-01
  166 3.165929e-01
  167 3.165756e-01
  168 3.166446e-01
  169 3.167918e-01
  170 3.170091e-01
  171 3.172887e-01
  172 3.176228e-01
  173 3.180043e-01
  174 3.184260e-01
  175 3.188815e-01
  176 3.193647e-01
  177 3.198699e-01
  178 3.203918e-01
  179 3.209259e-01
  180 3.214677e-01
  181 3.220134e-01
  182 3.225596e-01
  183 3.231032e-01
  184 3.236416e-01
  185 3.241724e-01
  186 3.246937e-01
  187 3.252037e-01
  188 3.257012e-01
  189 3.261850e-01
  190 3.266542e-01
  191 3.271080e-01
  192 3.275461e-01
  193 3.279681e-01
  194 3.283737e-01
  195 3.287631e-01
  196 3.291361e-01
  197 3.294931e-01
  198 3.298342e-01
  199 3.301598e-01
  200 3.304702e-01
  201 3.307659e-01
  202 3.310473e-01
  203 3.313149e-01
  204 3.315693e-01
  205 3.318109e-01
  206 3.320403e-01
  207 3.322580e-01
  208 3.324646e-01
  209 3.326605e-01
  210 3.328463e-01
  211 3.330225e-01
  212 3.331895e-01
  213 3.333479e-01
  214 3.334982e-01
  215 3.336406e-01
  216 3.337758e-01
  217 3.339040e-01
  218 3.340257e-01
  219 3.341411e-01
  220 3.342508e-01
  221 3.665400e-01
  222 3.900772e-01
  223 4.081650e-01
  224 4.221070e-01
  225 4.328507e-01
  226 4.410882e-01
  227 4.473345e-01
  228 4.519812e-01
  229 4.553320e-01
  230 4.576275e-01
  231 4.590619e-01
  232 4.597942e-01
  233 4.599567e-01
  234 4.596604e-01
  235 4.589989e-01
  236 4.580519e-01
  237 4.568869e-01
  238 4.555615e-01
  239 4.541242e-01
  240 4.526161e-01
  241 4.510717e-01
  242 4.495194e-01
  243 4.479828e-01
  244 4.464808e-01
  245 4.450285e-01
  246 4.436376e-01
  247 4.423168e-01
  248 4.410724e-01
  249 4.399084e-01
  250 4.388272e-01
  251 4.378294e-01
  252 4.369145e-01
  253 4.360810e-01
  254 4.353262e-01
  255 4.346474e-01
  256 4.340407e-01
  257 4.335024e-01
  258 4.330282e-01
  259 4.326138e-01
  260 1.813948e-01
  261 1.946052e-01
  262 1.989091e-01
  263 2.005255e-01
  264 2.005822e-01
  265 1.998122e-01
  266 1.986780e-01
  267 1.974627e-01
  268 1.963318e-01
  269 1.953742e-01
  270 1.946298e-01
  271 1.941078e-01
  272 1.937990e-01
  273 1.936835e-01
  274 1.937361e-01
  275 1.939298e-01
  276 1.942377e-01
  277 1.946344e-01
  278 1.950964e-01
  279 1.956032e-01
  280 1.961364e-01
  281 1.966806e-01
  282 1.972227e-01
  283 1.977519e-01
  284 1.982595e-01
  285 1.987388e-01
  286 1.991846e-01
  287 1.995931e-01
  288 1.999620e-01
  289 2.002899e-01
  290 2.005764e-01
  291 2.008217e-01
  292 2.010267e-01
  293 2.011928e-01
  294 2.013219e-01
  295 2.014159e-01
  296 2.014772e-01
  297 2.015081e-01
  298 2.015113e-01
  299 2.014891e-01
  300 2.014442e-01
  301 2.013790e-01
  302 2.012959e-01
  303 2.011971e-01
  304 2.010850e-01
  305 2.009614e-01
  306 2.008285e-01
  307 2.006878e-01
  308 2.005412e-01
  309 2.003900e-01
  310 2.002357e-01
  311 2.000795e-01
  312 1.999225e-01
  313 1.997656e-01
  314 1.996098e-01
  315 1.994558e-01
  316 1.993041e-01
  317 1.991554e-01
  318 1.990101e-01
  319 1.988687e-01
  320 1.987313e-01
  321 1.985982e-01
  322 1.984697e-01
  323 1.983457e-01
  324 1.982265e-01
  325 1.981120e-01
  326 1.980023e-01
  327 1.978973e-01
  328 1.977968e-01
  329 1.977010e-01
  330 1.976096e-01
  331 1.975225e-01
  332 1.974397e-01
  333 1.973609e-01
  334 1.972860e-01
  335 1.972149e-01
  336 1.971474e-01
  337 1.970833e-01
  338 1.970226e-01
  339 1.969650e-01
  340 1.969104e-01
  341 1.968586e-01
  342 1.968095e-01
  343 1.967630e-01
  344 1.967190e-01
  345 1.966772e-01
  346 1.966376e-01
  347 1.966000e-01
  348 1.965643e-01
  349 1.965305e-01
  350 1.964984e-01
  351 1.964680e-01
  352 1.964390e-01
  353 1.964115e-01
  354 1.963854e-01
  355 1.963606e-01
  356 1.963369e-01
  357 1.963145e-01
  358 1.962931e-01
  359 1.962727e-01
  360 1.962533e-01
  361 1.962348e-01
  362 1.962171e-01
  363 1.962003e-01
  364 1.961843e-01
  365 1.961690e-01
  366 1.961543e-01
  367 1.961404e-01
  368 1.961270e-01
  369 1.961143e-01
  370 1.961021e-01
  371 1.960905e-01
  372 1.960794e-01
  373 1.960688e-01
  374 1.960586e-01
  375 1.960489e-01
  376 1.960396e-01
  377 1.960307e-01
  378 1.960222e-01
  379 1.960141e-01
  380 1.960063e-01
  381 1.959988e-01
  382 1.959917e-01
  383 1.959849e-01
  384 1.959784e-01
  385 1.959721e-01
  386 1.959661e-01
  387 1.959604e-01
  388 1.959549e-01
  389 1.959497e-01
  390 -2.221553e-01
  391 -1.996295e-01
  392 -1.920256e-01
  393 -1.889716e-01
  394 -1.885810e-01
  395 -1.896256e-01
  396 -1.913287e-01
  397 -1.932125e-01
  398 -1.949959e-01
  399 -1.965256e-01
  400 -1.977304e-01
  401 -1.985907e-01
  402 -1.991182e-01
  403 -1.993424e-01
  404 -1.993020e-01
  405 -1.990391e-01
  406 -1.985962e-01
  407 -1.980132e-01
  408 -1.973271e-01
  409 -1.965707e-01
  410 -1.957728e-01
  411 -1.949580e-01
  412 -1.941469e-01
  413 -1.933565e-01
  414 -1.926006e-01
  415 -1.918898e-01
  416 -1.912322e-01
  417 -1.906335e-01
  418 -1.900974e-01
  419 -1.896261e-01
  420 -1.892202e-01
  421 -1.888790e-01
  422 -1.886010e-01
  423 -1.883841e-01
  424 -1.882251e-01
  425 -1.881208e-01
  426 -1.880675e-01
  427 -1.880612e-01
  428 -1.880980e-01
  429 -1.881738e-01
  430 -1.882846e-01
  431 -1.884264e-01
  432 -1.885954e-01
  433 -1.887880e-01
  434 -1.890006e-01
  435 -1.892300e-01
  436 -1.894732e-01
  437 -1.897274e-01
  438 -1.899898e-01
  439 -1.902582e-01
  440 -1.905305e-01
  441 -2.101157e-01
  442 -2.244530e-01
  443 -2.355222e-01
  444 -2.441040e-01
  445 -2.507657e-01
  446 -2.559213e-01
  447 -2.598789e-01
  448 -2.628726e-01
  449 -2.650840e-01
  450 -2.666568e-01
  451 -2.677071e-01
  452 -2.683300e-01
  453 -2.686046e-01
  454 -2.685974e-01
  455 -2.683643e-01
  456 -2.679532e-01
  457 -2.674045e-01
  458 -2.667530e-01
  459 -2.660277e-01
  460 -2.652536e-01
  461 -2.644513e-01
  462 -2.636383e-01
  463 -2.628287e-01
  464 -2.620342e-01
  465 -2.612641e-01
  466 -2.605255e-01
  467 -2.598240e-01
  468 -2.591635e-01
  469 -2.585467e-01
  470 -2.579751e-01
  471 -2.574496e-01
  472 -2.569698e-01
  473 -2.565351e-01
  474 -2.561443e-01
  475 -2.557956e-01
  476 -2.554871e-01
  477 -2.552167e-01
  478 -2.549820e-01
  479 -2.547806e-01
  480 -2.546099e-01
  481 -2.544676e-01
  482 -2.543511e-01
  483 -2.542581e-01
  484 -2.541863e-01
  485 -2.541334e-01
  486 -2.540973e-01
  487 -2.540761e-01
  488 -2.540679e-01
  489 -2.540709e-01
  490 -2.540837e-01
  491 -2.541047e-01
  492 -2.541326e-01
  493 -2.541662e-01
  494 -2.542043e-01
  495 -2.542461e-01
  496 -2.542906e-01
  497 -2.543372e-01
  498 -2.543850e-01
  499 -2.544335e-01
  500 -2.544822e-01
  501 -2.545307e-01
  502 -2.545786e-01
  503 -2.546256e-01
  504 -2.546714e-01
  505 -2.547159e-01
  506 -2.547588e-01
  507 -2.548001e-01
  508 -2.548397e-01
  509 -2.548775e-01
  510 -2.549135e-01
  511 -2.549477e-01
  512 -2.549800e-01
  513 -2.550106e-01
  514 -2.550394e-01
  515 -2.550665e-01
  516 -2.550920e-01
  517 -2.551159e-01
  518 -2.551383e-01
  519 -2.551592e-01
  520 -2.551787e-01
  521 -2.551970e-01
  522 -2.552140e-01
  523 -2.552299e-01
  524 -2.552447e-01
  525 -2.552585e-01
  526 -2.552713e-01
  527 -2.552833e-01
  528 -2.552944e-01
  529 -2.553048e-01
  530 -2.553145e-01
  531 -2.553235e-01
  532 -2.553319e-01
  533 -2.553398e-01
  534 -2.553472e-01
  535 -2.553541e-01
  536 -2.553605e-01
  537 -2.553666e-01
  538 -2.553723e-01
  539 -2.553776e-01
  540 -2.553827e-01
  541 -2.553874e-01
  542 -2.553919e-01
  543 -2.553962e-01
  544 -2.554002e-01
  545 -2.554040e-01
  546 -2.554076e-01
  547 -2.554110e-01
  548 -2.554143e-01
  549 -2.554174e-01
  550 -2.554203e-01
  551 -2.554231e-01
  552 -2.554258e-01
  553 -2.554284e-01
  554 -2.554309e-01
  555 -2.554332e-01
  556 -2.554355e-01
  557 -2.554376e-01
  558 -2.554397e-01
  559 -2.554417e-01
  560 -2.554436e-01
  561 -2.554454e-01
  562 -2.554472e-01
  563 -2.554488e-01
  564 -2.554504e-01
  565 -2.554520e-01
  566 -2.554535e-01
  567 -2.554549e-01
  568 -2.554563e-01
  569 -2.554576e-01
  570 -2.554588e-01
  571 -2.554600e-01
  572 -2.554612e-01
  573 -2.554623e-01
  574 -2.554634e-01
  575 -2.554644e-01
  576 -2.554654e-01
  577 -2.554663e-01
  578 -2.554672e-01
  579 -2.554680e-01
  580 -2.554689e-01
  581 -2.554697e-01
  582 -2.554704e-01
  583 -2.554711e-01
  584 -2.554718e-01
  585 -2.554725e-01
  586 -2.554731e-01
  587 -2.554737e-01
  588 -2.554743e-01
  589 -2.554749e-01
  590 -2.554754e-01
  591 -2.554759e-01
  592 -2.554764e-01
  593 -2.554768e-01
  594 -2.554773e-01
  595 -2.554777e-01
  596 -2.554781e-01
  597 -2.554785e-01
  598 -2.554789e-01
  599 -2.554792e-01
  600 -2.554796e-01
  601 -2.554799e-01
  602 -2.554802e-01
  603 -2.554805e-01
  604 -2.554808e-01
  605 -2.554810e-01
  606 -2.554813e-01
  607 -2.554815e-01
  608 -2.554818e-01
  609 -2.554820e-01
  610 -2.554822e-01
  611 -2.554824e-01
  612 -2.554826e-01
  613 -2.554828e-01
  614 -2.554830e-01
  615 -2.554831e-01
  616 -2.554833e-01
  617 -2.554834e-01
  618 -2.554836e-01
  619 -2.554837e-01
  620 -2.554839e-01
  621 -2.554840e-01
  622 -2.554841e-01
  623 -2.554842e-01
  624 -2.554844e-01
  625 -2.554845e-01
  626 -2.554846e-01
  627 -2.554847e-01
  628 -2.554848e-01
  629 -2.554848e-01
  630 -2.554849e-01
  631 -2.554850e-01
  632 -2.554851e-01
  633 -2.554852e-01
  634 -2.554852e-01
  635 -2.554853e-01
  636 -2.554854e-01
  637 -2.554854e-01
  638 -2.554855e-01
  639 -2.554855e-01
  640 -2.554856e-01
  641 -2.554857e-01
  642 -2.554857e-01
  643 -2.554858e-01
  644 -2.554858e-01
  645 -2.554858e-01
  646 -2.554859e-01
  647 -2.554859e-01
  648 -2.554860e-01
  649 -2.554860e-01
  650 -2.554860e-01
  651 -2.554861e-01
  652 -2.554861e-01
  653 -2.554861e-01
  654 -2.554862e-01
  655 -2.554862e-01
  656 -2.554862e-01
  657 -2.554862e-01
  658 -2.554863e-01
  659 -2.554863e-01
  660 -2.554863e-01
  661 -2.876714e-01
  662 -3.111097e-01
  663 -3.291034e-01
  664 -3.429560e-01
  665 -3.536148e-01
  666 -3.617714e-01
  667 -3.679407e-01
  668 -3.725140e-01
  669 -3.757950e-01
  670 -3.780240e-01
  671 -3.793950e-01
  672 -3.800668e-01
  673 -3.801717e-01
  674 -3.798203e-01
  675 -3.791063e-01
  676 -3.781092e-01
  677 -3.768963e-01
  678 -3.755251e-01
  679 -3.740441e-01
  680 -3.724943e-01
  681 -3.709100e-01
  682 -3.693196e-01
  683 -3.677465e-01
  684 -3.662096e-01
  685 -3.647239e-01
  686 -3.633011e-01
  687 -3.619498e-01
  688 -3.606763e-01
  689 -3.594844e-01
  690 -3.583765e-01
  691 -3.573531e-01
  692 -3.564138e-01
  693 -3.555568e-01
  694 -3.547797e-01
  695 -3.540794e-01
  696 -3.534523e-01
  697 -3.528943e-01
  698 -3.524014e-01
  699 -3.519690e-01
  700 -3.515929e-01
  701 -3.512686e-01
  702 -3.509917e-01
  703 -3.507580e-01
  704 -3.505634e-01
  705 -3.504041e-01
  706 -3.502763e-01
  707 -3.501765e-01
  708 -3.501014e-01
  709 -3.500481e-01
  710 -3.500137e-01
  711 -3.499956e-01
  712 -3.499915e-01
  713 -3.499992e-01
  714 -3.500167e-01
  715 -3.500424e-01
  716 -3.500746e-01
  717 -3.501121e-01
  718 -3.501535e-01
  719 -3.501978e-01
  720 -3.502440e-01
  721 -3.502914e-01
  722 -3.503393e-01
  723 -3.503871e-01
  724 -3.504343e-01
  725 -3.504805e-01
  726 -3.505254e-01
  727 -3.505687e-01
  728 -3.506103e-01
  729 -3.506499e-01
  730 -3.506875e-01
  731 -3.507231e-01
  732 -3.507566e-01
  733 -3.507879e-01
  734 -3.508172e-01
  735 -3.508445e-01
  736 -3.508698e-01
  737 -3.508932e-01
  738 -3.509148e-01
  739 -3.509346e-01
  740 -3.509529e-01
  741 -3.509695e-01
  742 -3.509848e-01
  743 -3.509987e-01
  744 -3.510113e-01
  745 -3.510227e-01
  746 -3.510331e-01
  747 -3.510426e-01
  748 -3.510511e-01
  749 -3.510588e-01
  750 -3.510657e-01
  751 -3.510719e-01
  752 -3.510776e-01
  753 -3.510827e-01
  754 -3.510872e-01
  755 -3.510914e-01
  756 -3.510951e-01
  757 -3.510985e-01
  758 -3.511016e-01
  759 -3.511043e-01
  760 -3.511069e-01
  761 -3.511092e-01
  762 -3.511113e-01
  763 -3.511132e-01
  764 -3.511150e-01
  765 -3.511166e-01
  766 -3.511182e-01
  767 -3.511196e-01
  768 -3.511210e-01
  769 -3.511222e-01
  770 -3.511234e-01
  771 -3.511245e-01
  772 -3.511256e-01
  773 -3.511267e-01
  774 -3.511276e-01
  775 -3.511286e-01
  776 -3.511295e-01
  777 -3.511304e-01
  778 -3.511312e-01
  779 -3.511320e-01
  780 -3.511328e-01
  781 -3.511336e-01
  782 -3.511344e-01
  783 -3.511351e-01
  784 -3.511358e-01
  785 -3.511365e-01
  786 -3.511371e-01
  787 -3.511378e-01
  788 -3.511384e-01
  789 -3.511390e-01
  790 -3.511396e-01
  791 -3.511402e-01
  792 -3.511407e-01
  793 -3.511413e-01
  794 -3.511418e-01
  795 -3.511423e-01
  796 -3.511427e-01
  797 -3.511432e-01
  798 -3.511437e-01
  799 -3.511441e-01
  800 -3.511445e-01
