    1     0
    2     0
    3     0
    4     0
    5     0
    6     0
    7     0
    8     0
    9     0
   10     0
   11     0
   12 8.298000e-01
   13 9.322723e-01
   14 3.845849e-01
   15 6.421223e-01
   16 4.547521e-01
   17 5.617220e-01
   18 4.980034e-01
   19 5.411109e-01
   20 5.199845e-01
   21 5.379192e-01
   22 5.318200e-01
   23 5.400443e-01
   24 5.392940e-01
   25 5.438057e-01
   26 5.449772e-01
   27 5.480953e-01
   28 5.499865e-01
   29 5.526161e-01
   30 5.548145e-01
   31 5.573127e-01
   32 5.596795e-01
   33 5.621861e-01
   34 5.646725e-01
   35 5.672377e-01
   36 5.698209e-01
   37 5.724566e-01
   38 5.751196e-01
   39 5.778202e-01
   40 5.805463e-01
   41 5.832989e-01
   42 5.860708e-01
   43 5.888596e-01
   44 5.916600e-01
   45 5.944688e-01
   46 5.972816e-01
   47 6.000951e-01
   48 6.029055e-01
   49 6.057097e-01
   50 6.085048e-01
   51 6.112879e-01
   52 6.140566e-01
   53 6.168085e-01
   54 6.195417e-01
   55 6.222542e-01
   56 6.249445e-01
   57 6.276110e-01
   58 6.302527e-01
   59 6.328683e-01
   60 6.354569e-01
   61 6.380178e-01
   62 6.405503e-01
   63 6.430539e-01
   64 6.455282e-01
   65 6.479727e-01
   66 6.503874e-01
   67 6.527720e-01
   68 6.551264e-01
   69 6.574507e-01
   70 6.597449e-01
   71 6.620090e-01
   72 6.642433e-01
   73 6.664477e-01
   74 6.686227e-01
   75 6.707683e-01
   76 6.728848e-01
   77 6.749726e-01
   78 6.770318e-01
   79 6.790628e-01
   80 6.810660e-01
   81 6.830415e-01
   82 6.849898e-01
   83 6.869112e-01
   84 6.888060e-01
   85 6.906746e-01
   86 6.925173e-01
   87 6.943344e-01
   88 6.961263e-01
   89 6.978934e-01
   90 6.996359e-01
   91 7.013543e-01
   92 7.030487e-01
   93 7.047197e-01
   94 7.063674e-01
   95 7.079923e-01
   96 7.095946e-01
   97 7.111747e-01
   98 7.127328e-01
   99 7.142693e-01
  100 7.157844e-01
  101 7.172786e-01
  102 7.187520e-01
  103 7.202050e-01
  104 7.216378e-01
  105 7.230507e-01
  106 7.244440e-01
  107 7.258180e-01
  108 7.271730e-01
  109 7.285091e-01
  110 7.298268e-01
  111 7.311261e-01
  112 7.324074e-01
  113 7.336710e-01
  114 7.349170e-01
  115 7.361458e-01
  116 7.373575e-01
  117 7.385524e-01
  118 7.397307e-01
  119 7.408927e-01
  120 7.420386e-01
  121 7.431686e-01
  122 7.442829e-01
  123 7.453817e-01
  124 7.464653e-01
  125 7.475338e-01
  126 7.485875e-01
  127 7.496266e-01
  128 7.506513e-01
  129 7.516617e-01
  130 7.526581e-01
  131 5.697957e-02
  132 7.377397e-01
  133 3.603631e-01
  134 6.049186e-01
  135 4.621214e-01
  136 5.513463e-01
  137 4.981857e-01
  138 5.312973e-01
  139 5.118561e-01
  140 5.244058e-01
  141 5.174997e-01
  142 5.224104e-01
  143 5.200762e-01
  144 5.220659e-01
  145 5.213177e-01
  146 5.221121e-01
  147 5.218341e-01
  148 5.220689e-01
  149 5.218502e-01
  150 5.217671e-01
  151 5.214649e-01
  152 5.211648e-01
  153 5.207388e-01
  154 5.202726e-01
  155 5.197223e-01
  156 5.191231e-01
  157 5.184622e-01
  158 5.177560e-01
  159 5.170030e-01
  160 5.162121e-01
  161 5.153857e-01
  162 5.145297e-01
  163 5.136474e-01
  164 5.127432e-01
  165 5.118204e-01
  166 5.108825e-01
  167 5.099325e-01
  168 5.089731e-01
  169 5.080068e-01
  170 5.070359e-01
  171 5.060624e-01
  172 5.050882e-01
  173 5.041149e-01
  174 5.031438e-01
  175 5.021763e-01
  176 5.012134e-01
  177 5.002562e-01
  178 4.993055e-01
  179 4.983619e-01
  180 4.974262e-01
  181 4.964988e-01
  182 4.955801e-01
  183 4.946706e-01
  184 4.937706e-01
  185 4.928802e-01
  186 4.919997e-01
  187 4.911292e-01
  188 4.902688e-01
  189 4.894186e-01
  190 4.885787e-01
  191 4.877489e-01
  192 4.869294e-01
  193 4.861201e-01
  194 4.853209e-01
  195 4.845318e-01
  196 4.837527e-01
  197 4.829836e-01
  198 4.822242e-01
  199 4.814747e-01
  200 -4.412653e-01
  201 2.141181e-01
  202 9.911647e-02
  203 2.038032e-01
  204 1.616173e-01
  205 1.900476e-01
  206 1.704966e-01
  207 1.779042e-01
  208 1.682799e-01
  209 1.689318e-01
  210 1.634593e-01
  211 1.619066e-01
  212 1.581717e-01
  213 1.559561e-01
  214 1.529893e-01
  215 1.506338e-01
  216 1.480426e-01
  217 1.457149e-01
  218 1.433329e-01
  219 1.410778e-01
  220 1.388289e-01
  221 1.427949e-01
  222 9.188864e-02
  223 1.330072e-01
  224 9.941311e-02
  225 1.149416e-01
  226 1.002375e-01
  227 1.043817e-01
  228 9.735999e-02
  229 9.742705e-02
  230 9.343504e-02
  231 9.213252e-02
  232 8.938110e-02
  233 8.767042e-02
  234 8.546087e-02
  235 8.366790e-02
  236 8.171628e-02
  237 7.994055e-02
  238 7.812418e-02
  239 7.638811e-02
  240 7.464986e-02
  241 7.295235e-02
  242 7.126363e-02
  243 6.959852e-02
  244 6.794442e-02
  245 6.630629e-02
  246 6.467914e-02
  247 6.306462e-02
  248 6.146087e-02
  249 5.986855e-02
  250 5.828711e-02
  251 5.671701e-02
  252 5.515826e-02
  253 5.361129e-02
  254 5.207640e-02
  255 5.055401e-02
  256 4.904452e-02
  257 4.754835e-02
  258 4.606589e-02
  259 4.459754e-02
  260 4.314367e-02
  261 -2.369598e-01
  262 3.353271e-02
  263 -1.192086e-01
  264 -2.315619e-02
  265 -8.202371e-02
  266 -4.806118e-02
  267 -7.103158e-02
  268 -5.947178e-02
  269 -6.891176e-02
  270 -6.553408e-02
  271 -6.991742e-02
  272 -6.955284e-02
  273 -7.206509e-02
  274 -7.282671e-02
  275 -7.466262e-02
  276 -7.586073e-02
  277 -7.746723e-02
  278 -7.884813e-02
  279 -8.039022e-02
  280 -8.185796e-02
  281 -8.339354e-02
  282 -8.490861e-02
  283 -8.645458e-02
  284 -8.799745e-02
  285 -8.955497e-02
  286 -9.111329e-02
  287 -9.267775e-02
  288 -9.424204e-02
  289 -9.580701e-02
  290 -9.736927e-02
  291 -9.892817e-02
  292 -1.004816e-01
  293 -1.020283e-01
  294 -1.035670e-01
  295 -1.050964e-01
  296 -1.066155e-01
  297 -1.081232e-01
  298 -1.096187e-01
  299 -1.111011e-01
  300 -1.125699e-01
  301 -1.140245e-01
  302 -1.154642e-01
  303 -1.168887e-01
  304 -1.182976e-01
  305 -1.196907e-01
  306 -1.210676e-01
  307 -1.224283e-01
  308 -1.237725e-01
  309 -1.251001e-01
  310 -1.264112e-01
  311 -1.277057e-01
  312 -1.289836e-01
  313 -1.302450e-01
  314 -1.314899e-01
  315 -1.327183e-01
  316 -1.339305e-01
  317 -1.351265e-01
  318 -1.363065e-01
  319 -1.374706e-01
  320 -1.386189e-01
  321 -1.397517e-01
  322 -1.408690e-01
  323 -1.419711e-01
  324 -1.430581e-01
  325 -1.441302e-01
  326 -1.451876e-01
  327 -1.462305e-01
  328 -1.472591e-01
  329 -1.482735e-01
  330 -1.492739e-01
  331 -1.502606e-01
  332 -1.512337e-01
  333 -1.521934e-01
  334 -1.531398e-01
  335 -1.540732e-01
  336 -1.549937e-01
  337 -1.559015e-01
  338 -1.567968e-01
  339 -1.576798e-01
  340 -1.585506e-01
  341 -1.594093e-01
  342 -1.602563e-01
  343 -1.610915e-01
  344 -1.619152e-01
  345 -1.627276e-01
  346 -1.635288e-01
  347 -1.643189e-01
  348 -1.650981e-01
  349 -1.658666e-01
  350 -1.666245e-01
  351 -1.673719e-01
  352 -1.681090e-01
  353 -1.688360e-01
  354 -1.695529e-01
  355 -1.702600e-01
  356 -1.709573e-01
  357 -1.716449e-01
  358 -1.723231e-01
  359 -1.729919e-01
  360 -1.736515e-01
  361 -1.743020e-01
  362 -1.749435e-01
  363 -1.755762e-01
  364 -1.762001e-01
  365 -1.768154e-01
  366 -1.774223e-01
  367 -1.780207e-01
  368 -1.786109e-01
  369 -1.791929e-01
  370 -1.797669e-01
  371 -1.803329e-01
  372 -1.808911e-01
  373 -1.814417e-01
  374 -1.819846e-01
  375 -1.825199e-01
  376 -1.830479e-01
  377 -1.835686e-01
  378 -1.840821e-01
  379 -1.845885e-01
  380 -1.850879e-01
  381 -1.855803e-01
  382 -1.860660e-01
  383 -1.865449e-01
  384 -1.870172e-01
  385 -1.874829e-01
  386 -1.879422e-01
  387 -1.883952e-01
  388 -1.888418e-01
  389 -1.892823e-01
  390 -1.897167e-01
  391 5.065161e-01
  392 -1.736975e-01
  393 2.042180e-01
  394 -3.980607e-02
  395 1.035151e-01
  396 1.480692e-02
  397 6.847706e-02
  398 3.586790e-02
  399 5.580452e-02
  400 4.125434e-01
  401 1.574858e-01
  402 1.987624e-01
  403 1.594057e-01
  404 1.744713e-01
  405 1.640255e-01
  406 1.712269e-01
  407 1.687146e-01
  408 1.724995e-01
  409 1.726248e-01
  410 1.750616e-01
  411 1.761473e-01
  412 1.781010e-01
  413 1.795705e-01
  414 1.813782e-01
  415 1.830232e-01
  416 1.848090e-01
  417 1.865486e-01
  418 1.883531e-01
  419 1.901513e-01
  420 1.919827e-01
  421 1.938191e-01
  422 1.956735e-01
  423 1.975336e-01
  424 1.994025e-01
  425 2.012744e-01
  426 2.031487e-01
  427 2.050220e-01
  428 2.068927e-01
  429 2.087585e-01
  430 2.106178e-01
  431 2.124685e-01
  432 2.143093e-01
  433 2.161387e-01
  434 2.179555e-01
  435 2.197584e-01
  436 2.215464e-01
  437 2.233188e-01
  438 2.250746e-01
  439 2.268132e-01
  440 2.285341e-01
  441 2.265502e-01
  442 2.574854e-01
  443 2.332143e-01
  444 2.537679e-01
  445 2.448492e-01
  446 2.540661e-01
  447 2.519714e-01
  448 2.565712e-01
  449 2.569129e-01
  450 2.596843e-01
  451 2.608361e-01
  452 2.628509e-01
  453 2.642350e-01
  454 2.659119e-01
  455 2.673324e-01
  456 2.688418e-01
  457 2.702394e-01
  458 2.716552e-01
  459 2.730169e-01
  460 2.743742e-01
  461 2.757013e-01
  462 2.770178e-01
  463 2.783148e-01
  464 2.796003e-01
  465 2.808713e-01
  466 2.821311e-01
  467 2.833788e-01
  468 2.846157e-01
  469 2.858416e-01
  470 2.870570e-01
  471 2.882618e-01
  472 2.894561e-01
  473 2.906397e-01
  474 2.918126e-01
  475 2.929746e-01
  476 2.941257e-01
  477 2.952656e-01
  478 2.963942e-01
  479 2.975114e-01
  480 2.986170e-01
  481 2.997109e-01
  482 3.007929e-01
  483 3.018630e-01
  484 3.029211e-01
  485 3.039670e-01
  486 3.050008e-01
  487 3.060223e-01
  488 3.070316e-01
  489 3.080286e-01
  490 3.090134e-01
  491 3.099860e-01
  492 3.109464e-01
  493 3.118946e-01
  494 3.128307e-01
  495 3.137547e-01
  496 3.146668e-01
  497 3.155670e-01
  498 3.164554e-01
  499 3.173321e-01
  500 3.181972e-01
  501 3.190508e-01
  502 3.198930e-01
  503 3.207239e-01
  504 3.215438e-01
  505 3.223525e-01
  506 3.231504e-01
  507 3.239375e-01
  508 3.247140e-01
  509 3.254799e-01
  510 3.262355e-01
  511 3.269808e-01
  512 3.277159e-01
  513 3.284410e-01
  514 3.291563e-01
  515 3.298618e-01
  516 3.305577e-01
  517 3.312441e-01
  518 3.319211e-01
  519 3.325889e-01
  520 3.332475e-01
  521 3.338972e-01
  522 3.345379e-01
  523 3.351699e-01
  524 3.357933e-01
  525 3.364081e-01
  526 3.370145e-01
  527 3.376126e-01
  528 3.382026e-01
  529 3.387844e-01
  530 3.393583e-01
  531 3.399243e-01
  532 3.404826e-01
  533 3.410332e-01
  534 3.415763e-01
  535 3.421120e-01
  536 3.426403e-01
  537 3.431614e-01
  538 3.436753e-01
  539 3.441822e-01
  540 3.446821e-01
  541 3.451752e-01
  542 3.456615e-01
  543 3.461412e-01
  544 3.466142e-01
  545 3.470808e-01
  546 3.475410e-01
  547 3.479949e-01
  548 3.484425e-01
  549 3.488840e-01
  550 3.493194e-01
  551 3.497489e-01
  552 3.501724e-01
  553 3.505901e-01
  554 3.510021e-01
  555 3.514085e-01
  556 3.518092e-01
  557 3.522044e-01
  558 3.525942e-01
  559 3.529787e-01
  560 3.533578e-01
  561 3.537318e-01
  562 3.541006e-01
  563 3.544643e-01
  564 3.548230e-01
  565 3.551768e-01
  566 3.555257e-01
  567 3.558698e-01
  568 3.562091e-01
  569 3.565438e-01
  570 3.568739e-01
  571 3.571994e-01
  572 3.575204e-01
  573 3.578370e-01
  574 3.581493e-01
  575 3.584572e-01
  576 3.587609e-01
  577 3.590604e-01
  578 3.593557e-01
  579 3.596470e-01
  580 3.599343e-01
  581 3.602176e-01
  582 3.604970e-01
  583 3.607725e-01
  584 3.610442e-01
  585 3.613122e-01
  586 3.615765e-01
  587 3.618371e-01
  588 3.620941e-01
  589 3.623476e-01
  590 3.625975e-01
  591 3.628440e-01
  592 3.630871e-01
  593 3.633268e-01
  594 3.635632e-01
  595 3.637964e-01
  596 3.640263e-01
  597 3.642530e-01
  598 3.644766e-01
  599 3.646971e-01
  600 1.010315e+00
  601 5.512493e-01
  602 6.314572e-01
  603 5.578869e-01
  604 5.871310e-01
  605 5.669472e-01
  606 5.803539e-01
  607 5.748929e-01
  608 5.813577e-01
  609 5.806324e-01
  610 5.841976e-01
  611 5.850222e-01
  612 5.873776e-01
  613 5.886727e-01
  614 5.904966e-01
  615 5.918959e-01
  616 5.934632e-01
  617 5.948491e-01
  618 5.962760e-01
  619 5.976170e-01
  620 5.989566e-01
  621 6.002496e-01
  622 6.015288e-01
  623 6.027785e-01
  624 6.040119e-01
  625 6.052241e-01
  626 6.064206e-01
  627 6.076001e-01
  628 6.087650e-01
  629 6.099151e-01
  630 6.110516e-01
  631 6.121746e-01
  632 6.132847e-01
  633 6.143820e-01
  634 6.154667e-01
  635 6.165390e-01
  636 6.175989e-01
  637 6.186465e-01
  638 6.196819e-01
  639 6.207050e-01
  640 6.217158e-01
  641 6.227144e-01
  642 6.237007e-01
  643 6.246747e-01
  644 6.256365e-01
  645 6.265860e-01
  646 6.275232e-01
  647 6.284482e-01
  648 6.293611e-01
  649 6.302617e-01
  650 6.311503e-01
  651 6.320267e-01
  652 6.328912e-01
  653 6.337438e-01
  654 6.345845e-01
  655 6.354135e-01
  656 6.362308e-01
  657 6.370366e-01
  658 6.378309e-01
  659 6.386139e-01
  660 6.393857e-01
  661 6.340022e-01
  662 6.835039e-01
  663 6.410159e-01
  664 6.732571e-01
  665 6.563995e-01
  666 6.697902e-01
  667 6.643506e-01
  668 6.700913e-01
  669 6.687580e-01
  670 6.714970e-01
  671 6.715596e-01
  672 6.730837e-01
  673 6.735793e-01
  674 6.745859e-01
  675 6.751879e-01
  676 6.759606e-01
  677 6.765694e-01
  678 6.772309e-01
  679 6.778242e-01
  680 6.784319e-01
  681 6.790112e-01
  682 6.795940e-01
  683 6.801658e-01
  684 6.807391e-01
  685 6.813091e-01
  686 6.818809e-01
  687 6.824528e-01
  688 6.830267e-01
  689 6.836020e-01
  690 6.841792e-01
  691 6.847580e-01
  692 6.853382e-01
  693 6.859194e-01
  694 6.865013e-01
  695 6.870834e-01
  696 6.876652e-01
  697 6.882462e-01
  698 6.888259e-01
  699 6.894040e-01
  700 6.899797e-01
  701 6.905529e-01
  702 6.911229e-01
  703 6.916895e-01
  704 6.922522e-01
  705 6.928107e-01
  706 6.933647e-01
  707 6.939140e-01
  708 6.944582e-01
  709 6.949972e-01
  710 6.955308e-01
  711 6.960587e-01
  712 6.965809e-01
  713 6.970972e-01
  714 6.976076e-01
  715 6.981119e-01
  716 6.986101e-01
  717 6.991021e-01
  718 6.995880e-01
  719 7.000677e-01
  720 7.005412e-01
  721 7.010084e-01
  722 7.014696e-01
  723 7.019245e-01
  724 7.023733e-01
  725 7.028161e-01
  726 7.032528e-01
  727 7.036836e-01
  728 7.041084e-01
  729 7.045273e-01
  730 7.049405e-01
  731 7.053478e-01
  732 7.057496e-01
  733 7.061457e-01
  734 7.065362e-01
  735 7.069213e-01
  736 7.073010e-01
  737 7.076754e-01
  738 7.080445e-01
  739 7.084084e-01
  740 7.087672e-01
  741 7.091209e-01
  742 7.094697e-01
  743 7.098136e-01
  744 7.101526e-01
  745 7.104869e-01
  746 7.108164e-01
  747 7.111413e-01
  748 7.114617e-01
  749 7.117776e-01
  750 7.120890e-01
  751 7.123960e-01
  752 7.126987e-01
  753 7.129972e-01
  754 7.132915e-01
  755 7.135817e-01
  756 7.138678e-01
  757 7.141498e-01
  758 7.144280e-01
  759 7.147022e-01
  760 7.149725e-01
  761 7.152391e-01
  762 7.155020e-01
  763 7.157611e-01
  764 7.160166e-01
  765 7.162686e-01
  766 7.165170e-01
  767 7.167620e-01
  768 7.170035e-01
  769 7.172416e-01
  770 7.174764e-01
  771 7.177079e-01
  772 7.179361e-01
  773 7.181612e-01
  774 7.183831e-01
  775 7.186019e-01
  776 7.188176e-01
  777 7.190303e-01
  778 7.192401e-01
  779 7.194469e-01
  780 7.196508e-01
  781 7.198518e-01
  782 7.200500e-01
  783 7.202455e-01
  784 7.204382e-01
  785 7.206282e-01
  786 7.208156e-01
  787 7.210003e-01
  788 7.211824e-01
  789 7.213620e-01
  790 7.215391e-01
  791 7.217137e-01
  792 7.218858e-01
  793 7.220555e-01
  794 7.222229e-01
  795 7.223879e-01
  796 7.225506e-01
  797 7.227110e-01
  798 7.228691e-01
  799 7.230251e-01
  800 7.231788e-01
