    1     0
    2     0
    3     0
    4     0
    5     0
    6     0
    7     0
    8     0
    9     0
   10     0
   11     0
   12 7.850000e-01
   13 2.092823e+00
   14 -1.286924e+00
   15 2.618763e+00
   16 -2.157148e+00
   17 3.467304e+00
   18 -3.349015e+00
   19 4.735948e+00
   20 -5.006995e+00
   21 6.599687e+00
   22 -7.341191e+00
   23 9.307035e+00
   24 -1.065364e+01
   25 1.321401e+01
   26 -1.537656e+01
   27 1.883175e+01
   28 -2.212795e+01
   29 2.689415e+01
   30 -3.179180e+01
   31 3.845431e+01
   32 -4.563325e+01
   33 5.502261e+01
   34 -6.546383e+01
   35 7.876443e+01
   36 -9.387815e+01
   37 1.127834e+02
   38 -1.345932e+02
   39 1.615275e+02
   40 -1.929343e+02
   41 2.313703e+02
   42 -2.765319e+02
   43 3.314450e+02
   44 -3.963188e+02
   45 4.748386e+02
   46 -5.679605e+02
   47 6.803030e+02
   48 -8.139038e+02
   49 9.747077e+02
   50 -1.166312e+03
   51 1.396554e+03
   52 -1.671272e+03
   53 2.001007e+03
   54 -2.394820e+03
   55 2.867117e+03
   56 -3.431577e+03
   57 4.108148e+03
   58 -4.917127e+03
   59 5.886396e+03
   60 -7.045743e+03
   61 8.434412e+03
   62 -1.009579e+04
   63 1.208541e+04
   64 -1.446615e+04
   65 1.731686e+04
   66 -2.072835e+04
   67 2.481290e+04
   68 -2.970133e+04
   69 3.555383e+04
   70 -4.255855e+04
   71 5.094430e+04
   72 -6.098139e+04
   73 7.299699e+04
   74 -8.737912e+04
   75 1.045959e+05
   76 -1.252039e+05
   77 1.498732e+05
   78 -1.794023e+05
   79 2.147503e+05
   80 -2.570621e+05
   81 3.077114e+05
   82 -3.683393e+05
   83 4.409135e+05
   84 -5.277862e+05
   85 6.317762e+05
   86 -7.562545e+05
   87 9.052596e+05
   88 -1.083622e+06
   89 1.297129e+06
   90 -1.552701e+06
   91 1.858630e+06
   92 -2.224835e+06
   93 2.663194e+06
   94 -3.187922e+06
   95 3.816038e+06
   96 -4.567910e+06
   97 5.467925e+06
   98 -6.545269e+06
   99 7.834882e+06
  100 -9.378586e+06
  101 1.122645e+07
  102 -1.343839e+07
  103 1.608616e+07
  104 -1.925561e+07
  105 2.304953e+07
  106 -2.759098e+07
  107 3.302722e+07
  108 -3.953457e+07
  109 4.732406e+07
  110 -5.664830e+07
  111 6.780970e+07
  112 -8.117023e+07
  113 9.716319e+07
  114 -1.163072e+08
  115 1.392232e+08
  116 -1.666543e+08
  117 1.994902e+08
  118 -2.387957e+08
  119 2.858456e+08
  120 -3.421657e+08
  121 4.095825e+08
  122 -4.902824e+08
  123 5.868826e+08
  124 -7.025160e+08
  125 8.409326e+08
  126 -1.006621e+09
  127 1.204956e+09
  128 -1.442368e+09
  129 1.726557e+09
  130 -2.066740e+09
  131 2.473950e+09
  132 -2.961391e+09
  133 3.544874e+09
  134 -4.243319e+09
  135 5.079380e+09
  136 -6.080169e+09
  137 7.278143e+09
  138 -8.712154e+09
  139 1.042871e+10
  140 -1.248347e+10
  141 1.494309e+10
  142 -1.788732e+10
  143 2.141166e+10
  144 -2.563039e+10
  145 3.068034e+10
  146 -3.672528e+10
  147 4.396126e+10
  148 -5.262293e+10
  149 6.299122e+10
  150 -7.540236e+10
  151 9.025887e+10
  152 -1.080426e+11
  153 1.293302e+11
  154 -1.548120e+11
  155 1.853146e+11
  156 -2.218271e+11
  157 2.655337e+11
  158 -3.178517e+11
  159 3.804780e+11
  160 -4.554434e+11
  161 5.451794e+11
  162 -6.525959e+11
  163 7.811767e+11
  164 -9.350918e+11
  165 1.119333e+12
  166 -1.339875e+12
  167 1.603870e+12
  168 -1.919880e+12
  169 2.298153e+12
  170 -2.750958e+12
  171 3.292979e+12
  172 -3.941793e+12
  173 4.718444e+12
  174 -5.648118e+12
  175 6.760965e+12
  176 -8.093077e+12
  177 9.687654e+12
  178 -1.159641e+13
  179 1.388125e+13
  180 -1.661627e+13
  181 1.989017e+13
  182 -2.380912e+13
  183 2.850023e+13
  184 -3.411562e+13
  185 4.083741e+13
  186 -4.888360e+13
  187 5.851512e+13
  188 -7.004434e+13
  189 8.384517e+13
  190 -1.003652e+14
  191 1.201401e+14
  192 -1.438113e+14
  193 1.721464e+14
  194 -2.060643e+14
  195 2.466651e+14
  196 -2.952655e+14
  197 3.534416e+14
  198 -4.230801e+14
  199 5.064395e+14
  200 -6.062231e+14
  201 7.256671e+14
  202 -8.686451e+14
  203 1.039794e+15
  204 -1244664458081990
  205 1489900408342823
  206 -1783455141155588
  207 2134848895069664
  208 -2555477679033050
  209 3058982855001322
  210 -3661693539319826
  211 4383156170351197
  212 -5246768416685979
  213 6280537984146177
  214 -7517990930351607
  215 8999258944301417
  216 -10772380852393084
  217 12894860559879132
  218 -15435531953159412
  219 18476791243352096
  220 -22117269147987576
  221 26475029572061704
  222 -31691398524454288
  223 37935547444891664
  224 -45409979582726368
  225 54357097355701376
  226 -65067063673837536
  227 77887212178219504
  228 -93233311576861200
  229 111603049390176816
  230 -133592172395558288
  231 159913807220195136
  232 -191421587665603264
  233 229137338803830976
  234 -274284215664409792
  235 328326371229506368
  236 -393016440204561344
  237 470452378505728576
  238 -563145501817908928
  239 674101929774588416
  240 -806920077065167104
  241 965907353193015552
  242 -1156219855559441408
  243 1384029586244201472
  244 -1656724615468860416
  245 1983148683222119424
  246 -2373888009536392192
  247 2841614614928960512
  248 -3401497285187525632
  249 4071693508455629824
  250 -4873938338564576256
  251 5834249281975237632
  252 -6983770068427396096
  253 8359780669527653376
  254 -1.000691e+19
  255 1.197856e+19
  256 -1.433870e+19
  257 1.716385e+19
  258 -2.054564e+19
  259 2.459374e+19
  260 -2.943944e+19
  261 3.523989e+19
  262 -4.218319e+19
  263 5.049454e+19
  264 -6.044346e+19
  265 7.235263e+19
  266 -8.660825e+19
  267 1.036726e+20
  268 -1.240992e+20
  269 1.485505e+20
  270 -1.778194e+20
  271 2.128551e+20
  272 -2.547939e+20
  273 3.049958e+20
  274 -3.650891e+20
  275 4.370225e+20
  276 -5.231289e+20
  277 6.262009e+20
  278 -7.495811e+20
  279 8.972709e+20
  280 -1.074060e+21
  281 1.285682e+21
  282 -1.538999e+21
  283 1.842228e+21
  284 -2.205202e+21
  285 2.639692e+21
  286 -3.159790e+21
  287 3.782363e+21
  288 -4.527601e+21
  289 5.419673e+21
  290 -6.487510e+21
  291 7.765743e+21
  292 -9.295826e+21
  293 1.112738e+22
  294 -1.331981e+22
  295 1.594420e+22
  296 -1.908569e+22
  297 2.284613e+22
  298 -2.734750e+22
  299 3.273577e+22
  300 -3.918570e+22
  301 4.690645e+22
  302 -5.614841e+22
  303 6.721132e+22
  304 -8.045395e+22
  305 9.630578e+22
  306 -1.152809e+23
  307 1.379946e+23
  308 -1.651837e+23
  309 1.977298e+23
  310 -2.366885e+23
  311 2.833231e+23
  312 -3.391462e+23
  313 4.059681e+23
  314 -4.859559e+23
  315 5.817037e+23
  316 -6.963167e+23
  317 8.335118e+23
  318 -9.977384e+23
  319 1.194323e+24
  320 -1.429640e+24
  321 1.711321e+24
  322 -2.048502e+24
  323 2.452118e+24
  324 -2.935259e+24
  325 3.513592e+24
  326 -4.205874e+24
  327 5.034557e+24
  328 -6.026514e+24
  329 7.213917e+24
  330 -8.635274e+24
  331 1.033668e+25
  332 -1.237331e+25
  333 1.481122e+25
  334 -1.772948e+25
  335 2.122271e+25
  336 -2.540422e+25
  337 3.040960e+25
  338 -3.640120e+25
  339 4.357332e+25
  340 -5.215856e+25
  341 6.243535e+25
  342 -7.473697e+25
  343 8.946238e+25
  344 -1.070891e+26
  345 1.281889e+26
  346 -1.534459e+26
  347 1.836793e+26
  348 -2.198696e+26
  349 2.631905e+26
  350 -3.150468e+26
  351 3.771204e+26
  352 -4.514244e+26
  353 5.403684e+26
  354 -6.468371e+26
  355 7.742833e+26
  356 -9.268401e+26
  357 1.109455e+27
  358 -1.328051e+27
  359 1.589716e+27
  360 -1.902938e+27
  361 2.277873e+27
  362 -2.726682e+27
  363 3.263920e+27
  364 -3.907009e+27
  365 4.676806e+27
  366 -5.598276e+27
  367 6.701304e+27
  368 -8.021660e+27
  369 9.602166e+27
  370 -1.149408e+28
  371 1.375875e+28
  372 -1.646964e+28
  373 1.971465e+28
  374 -2.359902e+28
  375 2.824873e+28
  376 -3.381457e+28
  377 4.047704e+28
  378 -4.845223e+28
  379 5.799876e+28
  380 -6.942624e+28
  381 8.310528e+28
  382 -9.947949e+28
  383 1.190799e+29
  384 -1.425422e+29
  385 1.706273e+29
  386 -2.042459e+29
  387 2.444884e+29
  388 -2.926599e+29
  389 3.503226e+29
  390 -4.193466e+29
  391 5.019704e+29
  392 -6.008735e+29
  393 7.192635e+29
  394 -8.609798e+29
  395 1.030618e+30
  396 -1.233681e+30
  397 1.476753e+30
  398 -1.767717e+30
  399 2.116010e+30
  400 -2.532927e+30
  401 3.031989e+30
  402 -3.629381e+30
  403 4.344477e+30
  404 -5.200469e+30
  405 6.225116e+30
  406 -7.451649e+30
  407 8.919845e+30
  408 -1.067732e+31
  409 1.278107e+31
  410 -1.529932e+31
  411 1.831374e+31
  412 -2.192210e+31
  413 2.624140e+31
  414 -3.141174e+31
  415 3.760079e+31
  416 -4.500926e+31
  417 5.387743e+31
  418 -6.449288e+31
  419 7.719990e+31
  420 -9.241058e+31
  421 1.106182e+32
  422 -1.324133e+32
  423 1.585027e+32
  424 -1.897324e+32
  425 2.271153e+32
  426 -2.718638e+32
  427 3.254291e+32
  428 -3.895483e+32
  429 4.663009e+32
  430 -5.581760e+32
  431 6.681533e+32
  432 -7.997994e+32
  433 9.573837e+32
  434 -1.146017e+33
  435 1.371816e+33
  436 -1.642105e+33
  437 1.965648e+33
  438 -2.352940e+33
  439 2.816539e+33
  440 -3.371481e+33
  441 4.035763e+33
  442 -4.830928e+33
  443 5.782765e+33
  444 -6.922142e+33
  445 8.286010e+33
  446 -9.918601e+33
  447 1.187286e+34
  448 -1.421217e+34
  449 1.701239e+34
  450 -2.036433e+34
  451 2.437671e+34
  452 -2.917965e+34
  453 3.492891e+34
  454 -4.181095e+34
  455 5.004895e+34
  456 -5.991008e+34
  457 7.171415e+34
  458 -8.584398e+34
  459 1.027578e+35
  460 -1.230041e+35
  461 1.472396e+35
  462 -1.762502e+35
  463 2.109767e+35
  464 -2.525454e+35
  465 3.023044e+35
  466 -3.618674e+35
  467 4.331660e+35
  468 -5.185126e+35
  469 6.206750e+35
  470 -7.429665e+35
  471 8.893530e+35
  472 -1.064582e+36
  473 1.274336e+36
  474 -1.525419e+36
  475 1.825971e+36
  476 -2.185742e+36
  477 2.616398e+36
  478 -3.131907e+36
  479 3.748986e+36
  480 -4.487648e+36
  481 5.371848e+36
  482 -6.430262e+36
  483 7.697215e+36
  484 -9.213795e+36
  485 1.102919e+37
  486 -1.320227e+37
  487 1.580350e+37
  488 -1.891727e+37
  489 2.264453e+37
  490 -2.710618e+37
  491 3.244690e+37
  492 -3.883990e+37
  493 4.649252e+37
  494 -5.565293e+37
  495 6.661822e+37
  496 -7.974399e+37
  497 9.545593e+37
  498 -1.142636e+38
  499 1.367769e+38
  500 -1.637260e+38
  501 1.959849e+38
  502 -2.345998e+38
  503 2.808230e+38
  504 -3.361534e+38
  505 4.023857e+38
  506 -4.816676e+38
  507 5.765705e+38
  508 -6.901720e+38
  509 8.261565e+38
  510 -9.889339e+38
  511 1.183783e+39
  512 -1.417024e+39
  513 1.696220e+39
  514 -2.030426e+39
  515 2.430480e+39
  516 -2.909357e+39
  517 3.482587e+39
  518 -4.168760e+39
  519 4.990130e+39
  520 -5.973334e+39
  521 7.150258e+39
  522 -8.559072e+39
  523 1.024546e+40
  524 -1.226413e+40
  525 1.468052e+40
  526 -1.757302e+40
  527 2.103543e+40
  528 -2.518004e+40
  529 3.014126e+40
  530 -3.607998e+40
  531 4.318881e+40
  532 -5.169829e+40
  533 6.188439e+40
  534 -7.407746e+40
  535 8.867293e+40
  536 -1.061441e+41
  537 1.270577e+41
  538 -1.520918e+41
  539 1.820585e+41
  540 -2.179294e+41
  541 2.608680e+41
  542 -3.122667e+41
  543 3.737926e+41
  544 -4.474408e+41
  545 5.356000e+41
  546 -6.411291e+41
  547 7.674506e+41
  548 -9.186613e+41
  549 1.099665e+42
  550 -1.316332e+42
  551 1.575688e+42
  552 -1.886146e+42
  553 2.257772e+42
  554 -2.702621e+42
  555 3.235118e+42
  556 -3.872532e+42
  557 4.635536e+42
  558 -5.548875e+42
  559 6.642168e+42
  560 -7.950873e+42
  561 9.517432e+42
  562 -1.139265e+43
  563 1.363734e+43
  564 -1.632430e+43
  565 1.954068e+43
  566 -2.339077e+43
  567 2.799945e+43
  568 -3.351617e+43
  569 4.011986e+43
  570 -4.802466e+43
  571 5.748695e+43
  572 -6.881359e+43
  573 8.237192e+43
  574 -9.860164e+43
  575 1.180291e+44
  576 -1.412843e+44
  577 1.691216e+44
  578 -2.024435e+44
  579 2.423309e+44
  580 -2.900774e+44
  581 3.472312e+44
  582 -4.156461e+44
  583 4.975408e+44
  584 -5.955711e+44
  585 7.129164e+44
  586 -8.533821e+44
  587 1.021524e+45
  588 -1.222794e+45
  589 1.463721e+45
  590 -1.752118e+45
  591 2.097337e+45
  592 -2.510575e+45
  593 3.005233e+45
  594 -3.597354e+45
  595 4.306140e+45
  596 -5.154577e+45
  597 6.170182e+45
  598 -7.385892e+45
  599 8.841133e+45
  600 -1.058310e+46
  601 1.266828e+46
  602 -1.516431e+46
  603 1.815213e+46
  604 -2.172865e+46
  605 2.600984e+46
  606 -3.113455e+46
  607 3.726898e+46
  608 -4.461208e+46
  609 5.340199e+46
  610 -6.392377e+46
  611 7.651865e+46
  612 -9.159510e+46
  613 1.096421e+47
  614 -1.312448e+47
  615 1.571040e+47
  616 -1.880581e+47
  617 2.251112e+47
  618 -2.694648e+47
  619 3.225573e+47
  620 -3.861107e+47
  621 4.621860e+47
  622 -5.532504e+47
  623 6.622573e+47
  624 -7.927416e+47
  625 9.489353e+47
  626 -1.135904e+48
  627 1.359711e+48
  628 -1.627614e+48
  629 1.948303e+48
  630 -2.332176e+48
  631 2.791684e+48
  632 -3.341729e+48
  633 4.000150e+48
  634 -4.788298e+48
  635 5.731735e+48
  636 -6.861058e+48
  637 8.212891e+48
  638 -9.831074e+48
  639 1.176809e+49
  640 -1.408675e+49
  641 1.686226e+49
  642 -2.018463e+49
  643 2.416160e+49
  644 -2.892216e+49
  645 3.462068e+49
  646 -4.144199e+49
  647 4.960729e+49
  648 -5.938141e+49
  649 7.108131e+49
  650 -8.508645e+49
  651 1.018510e+50
  652 -1.219187e+50
  653 1.459403e+50
  654 -1.746949e+50
  655 2.091150e+50
  656 -2.503169e+50
  657 2.996367e+50
  658 -3.586741e+50
  659 4.293436e+50
  660 -5.139370e+50
  661 6.151979e+50
  662 -7.364102e+50
  663 8.815050e+50
  664 -1.055188e+51
  665 1.263091e+51
  666 -1.511958e+51
  667 1.809858e+51
  668 -2.166454e+51
  669 2.593310e+51
  670 -3.104269e+51
  671 3.715903e+51
  672 -4.448046e+51
  673 5.324444e+51
  674 -6.373518e+51
  675 7.629291e+51
  676 -9.132488e+51
  677 1.093186e+52
  678 -1.308576e+52
  679 1.566405e+52
  680 -1.875033e+52
  681 2.244470e+52
  682 -2.686698e+52
  683 3.216057e+52
  684 -3.849716e+52
  685 4.608225e+52
  686 -5.516183e+52
  687 6.603035e+52
  688 -7.904029e+52
  689 9.461358e+52
  690 -1.132553e+53
  691 1.355699e+53
  692 -1.622812e+53
  693 1.942555e+53
  694 -2.325296e+53
  695 2.783448e+53
  696 -3.331871e+53
  697 3.988348e+53
  698 -4.774172e+53
  699 5.714826e+53
  700 -6.840817e+53
  701 8.188661e+53
  702 -9.802071e+53
  703 1.173337e+54
  704 -1.404519e+54
  705 1.681252e+54
  706 -2.012508e+54
  707 2.409032e+54
  708 -2.883683e+54
  709 3.451855e+54
  710 -4.131973e+54
  711 4.946094e+54
  712 -5.920622e+54
  713 7.087161e+54
  714 -8.483543e+54
  715 1.015505e+55
  716 -1.215590e+55
  717 1.455098e+55
  718 -1.741795e+55
  719 2.084981e+55
  720 -2.495784e+55
  721 2.987528e+55
  722 -3.576159e+55
  723 4.280769e+55
  724 -5.124208e+55
  725 6.133830e+55
  726 -7.342377e+55
  727 8.789044e+55
  728 -1.052075e+56
  729 1.259365e+56
  730 -1.507497e+56
  731 1.804519e+56
  732 -2.160063e+56
  733 2.585659e+56
  734 -3.095111e+56
  735 3.704940e+56
  736 -4.434924e+56
  737 5.308736e+56
  738 -6.354715e+56
  739 7.606783e+56
  740 -9.105546e+56
  741 1.089961e+57
  742 -1.304716e+57
  743 1.561784e+57
  744 -1.869501e+57
  745 2.237849e+57
  746 -2.678772e+57
  747 3.206569e+57
  748 -3.838359e+57
  749 4.594630e+57
  750 -5.499909e+57
  751 6.583555e+57
  752 -7.880711e+57
  753 9.433445e+57
  754 -1.129212e+58
  755 1.351700e+58
  756 -1.618025e+58
  757 1.936824e+58
  758 -2.318436e+58
  759 2.775237e+58
  760 -3.322041e+58
  761 3.976582e+58
  762 -4.760087e+58
  763 5.697966e+58
  764 -6.820635e+58
  765 8.164503e+58
  766 -9.773153e+58
  767 1.169876e+59
  768 -1.400376e+59
  769 1.676292e+59
  770 -2.006571e+59
  771 2.401925e+59
  772 -2.875176e+59
  773 3.441671e+59
  774 -4.119783e+59
  775 4.931503e+59
  776 -5.903155e+59
  777 7.066253e+59
  778 -8.458515e+59
  779 1.012509e+60
  780 -1.212004e+60
  781 1.450805e+60
  782 -1.736656e+60
  783 2.078829e+60
  784 -2.488421e+60
  785 2.978714e+60
  786 -3.565609e+60
  787 4.268140e+60
  788 -5.109091e+60
  789 6.115734e+60
  790 -7.320715e+60
  791 8.763114e+60
  792 -1.048971e+61
  793 1.255649e+61
  794 -1.503050e+61
  795 1.799195e+61
  796 -2.153690e+61
  797 2.578031e+61
  798 -3.085980e+61
  799 3.694010e+61
  800 -4.421840e+61
