    1     0
    2     0
    3     0
    4     0
    5     0
    6     0
    7     0
    8     0
    9     0
   10     0
   11     0
   12 1.863000e-01
   13 2.125942e-01
   14 2.305131e-01
   15 2.416975e-01
   16 2.480880e-01
   17 2.510908e-01
   18 2.517237e-01
   19 2.507242e-01
   20 2.486270e-01
   21 2.458196e-01
   22 2.425829e-01
   23 2.391196e-01
   24 2.355751e-01
   25 2.320532e-01
   26 2.286266e-01
   27 2.253450e-01
   28 2.222416e-01
   29 2.193366e-01
   30 2.166412e-01
   31 2.141597e-01
   32 2.118914e-01
   33 2.098317e-01
   34 2.079735e-01
   35 2.063081e-01
   36 2.048252e-01
   37 2.035139e-01
   38 2.023629e-01
   39 2.013609e-01
   40 2.004964e-01
   41 1.997583e-01
   42 1.991359e-01
   43 1.986188e-01
   44 1.981973e-01
   45 1.978621e-01
   46 1.976043e-01
   47 1.974159e-01
   48 1.972892e-01
   49 1.972173e-01
   50 1.971936e-01
   51 1.972123e-01
   52 1.972678e-01
   53 1.973553e-01
   54 1.974701e-01
   55 1.976083e-01
   56 1.977662e-01
   57 1.979404e-01
   58 1.981281e-01
   59 1.983266e-01
   60 1.985336e-01
   61 1.987470e-01
   62 1.989650e-01
   63 1.991860e-01
   64 1.994087e-01
   65 1.996318e-01
   66 1.998543e-01
   67 2.000754e-01
   68 2.002943e-01
   69 2.005103e-01
   70 2.007230e-01
   71 2.009319e-01
   72 2.011367e-01
   73 2.013371e-01
   74 2.015329e-01
   75 2.017240e-01
   76 2.019103e-01
   77 2.020916e-01
   78 2.022681e-01
   79 2.024396e-01
   80 2.026062e-01
   81 2.027680e-01
   82 2.029250e-01
   83 2.030773e-01
   84 2.032251e-01
   85 2.033684e-01
   86 2.035073e-01
   87 2.036419e-01
   88 2.037725e-01
   89 2.038990e-01
   90 2.040216e-01
   91 2.041405e-01
   92 2.042557e-01
   93 2.043674e-01
   94 2.044756e-01
   95 2.045806e-01
   96 2.046824e-01
   97 2.047812e-01
   98 2.048769e-01
   99 2.049698e-01
  100 2.050600e-01
  101 2.051474e-01
  102 2.052323e-01
  103 2.053147e-01
  104 2.053947e-01
  105 2.054723e-01
  106 2.055478e-01
  107 2.056210e-01
  108 2.056921e-01
  109 2.057612e-01
  110 2.058284e-01
  111 2.058936e-01
  112 2.059570e-01
  113 2.060186e-01
  114 2.060785e-01
  115 2.061367e-01
  116 2.061933e-01
  117 2.062484e-01
  118 2.063019e-01
  119 2.063539e-01
  120 2.064045e-01
  121 2.064536e-01
  122 2.065015e-01
  123 2.065480e-01
  124 2.065933e-01
  125 2.066373e-01
  126 2.066801e-01
  127 2.067217e-01
  128 2.067622e-01
  129 2.068016e-01
  130 2.068400e-01
  131 1.258390e-01
  132 7.185395e-02
  133 3.520564e-02
  134 1.088580e-02
  135 -4.706117e-03
  136 -1.415012e-02
  137 -1.929545e-02
  138 -2.146753e-02
  139 -2.161587e-02
  140 -2.041993e-02
  141 -1.836490e-02
  142 -1.579598e-02
  143 -1.295746e-02
  144 -1.002071e-02
  145 -7.104392e-03
  146 -4.289043e-03
  147 -1.627623e-03
  148 8.468343e-04
  149 3.115658e-03
  150 5.170478e-03
  151 7.010255e-03
  152 8.639106e-03
  153 1.006469e-02
  154 1.129706e-02
  155 1.234773e-02
  156 1.322911e-02
  157 1.395396e-02
  158 1.453511e-02
  159 1.498516e-02
  160 1.531632e-02
  161 1.554029e-02
  162 1.566817e-02
  163 1.571041e-02
  164 1.567677e-02
  165 1.557633e-02
  166 1.541749e-02
  167 1.520795e-02
  168 1.495478e-02
  169 1.466442e-02
  170 1.434269e-02
  171 1.399490e-02
  172 1.362577e-02
  173 1.323956e-02
  174 1.284007e-02
  175 1.243068e-02
  176 1.201434e-02
  177 1.159370e-02
  178 1.117103e-02
  179 1.074834e-02
  180 1.032734e-02
  181 9.909516e-03
  182 9.496121e-03
  183 9.088217e-03
  184 8.686686e-03
  185 8.292255e-03
  186 7.905512e-03
  187 7.526920e-03
  188 7.156833e-03
  189 6.795515e-03
  190 6.443141e-03
  191 6.099821e-03
  192 5.765599e-03
  193 5.440468e-03
  194 5.124377e-03
  195 4.817236e-03
  196 4.518926e-03
  197 4.229301e-03
  198 3.948194e-03
  199 3.675423e-03
  200 3.410791e-03
  201 3.154093e-03
  202 2.905118e-03
  203 2.663649e-03
  204 2.429468e-03
  205 2.202357e-03
  206 1.982098e-03
  207 1.768474e-03
  208 1.561274e-03
  209 1.360289e-03
  210 1.165316e-03
  211 9.761561e-04
  212 7.926157e-04
  213 6.145077e-04
  214 4.416508e-04
  215 2.738696e-04
  216 1.109948e-04
  217 -4.713673e-05
  218 -2.006823e-04
  219 -3.497933e-04
  220 -3.109946e-01
  221 -2.874270e-01
  222 -2.724107e-01
  223 -2.606145e-01
  224 -2.510992e-01
  225 -2.432082e-01
  226 -2.364878e-01
  227 -2.306263e-01
  228 -2.254103e-01
  229 -2.206947e-01
  230 -2.163814e-01
  231 -2.124038e-01
  232 -2.087171e-01
  233 -2.052903e-01
  234 -2.021020e-01
  235 -1.991365e-01
  236 -1.963816e-01
  237 -1.938272e-01
  238 -1.914645e-01
  239 -1.892851e-01
  240 -1.872807e-01
  241 -1.854432e-01
  242 -1.837641e-01
  243 -1.822352e-01
  244 -1.808478e-01
  245 -1.795936e-01
  246 -1.784639e-01
  247 -1.774505e-01
  248 -1.765452e-01
  249 -1.757400e-01
  250 -1.750271e-01
  251 -1.743992e-01
  252 -1.738492e-01
  253 -1.733702e-01
  254 -1.729561e-01
  255 -1.726006e-01
  256 -1.722983e-01
  257 -1.720438e-01
  258 -1.718324e-01
  259 -1.716594e-01
  260 -1.715207e-01
  261 -1.471010e-01
  262 -1.308133e-01
  263 -1.197507e-01
  264 -1.124077e-01
  265 -1.077015e-01
  266 -1.048557e-01
  267 -1.033133e-01
  268 -1.026748e-01
  269 -1.026536e-01
  270 -1.030441e-01
  271 -1.036996e-01
  272 -1.045152e-01
  273 -1.054164e-01
  274 -1.063510e-01
  275 -1.072825e-01
  276 -1.081860e-01
  277 -1.090449e-01
  278 -1.098488e-01
  279 -1.105916e-01
  280 -1.112704e-01
  281 -1.118845e-01
  282 -1.124349e-01
  283 -1.129237e-01
  284 -1.133535e-01
  285 -1.137278e-01
  286 -1.140501e-01
  287 -1.143242e-01
  288 -1.145537e-01
  289 -1.147425e-01
  290 -1.148942e-01
  291 -1.150122e-01
  292 -1.151000e-01
  293 -1.151605e-01
  294 -1.151967e-01
  295 -1.152115e-01
  296 -1.152073e-01
  297 -1.151865e-01
  298 -1.151512e-01
  299 -1.151034e-01
  300 -1.150449e-01
  301 -1.149773e-01
  302 -1.149021e-01
  303 -1.148206e-01
  304 -1.147339e-01
  305 -1.146432e-01
  306 -1.145494e-01
  307 -1.144533e-01
  308 -1.143555e-01
  309 -1.142569e-01
  310 -1.141578e-01
  311 -1.140588e-01
  312 -1.139603e-01
  313 -1.138626e-01
  314 -1.137661e-01
  315 -1.136710e-01
  316 -1.135775e-01
  317 -1.134857e-01
  318 -1.133958e-01
  319 -1.133079e-01
  320 -1.132221e-01
  321 -1.131384e-01
  322 -1.130569e-01
  323 -1.129775e-01
  324 -1.129004e-01
  325 -1.128254e-01
  326 -1.127525e-01
  327 -1.126818e-01
  328 -1.126132e-01
  329 -1.125467e-01
  330 -1.124821e-01
  331 -1.124195e-01
  332 -1.123588e-01
  333 -1.123000e-01
  334 -1.122430e-01
  335 -1.121878e-01
  336 -1.121342e-01
  337 -1.120823e-01
  338 -1.120320e-01
  339 -1.119832e-01
  340 -1.119359e-01
  341 -1.118900e-01
  342 -1.118456e-01
  343 -1.118024e-01
  344 -1.117606e-01
  345 -1.117200e-01
  346 -1.116806e-01
  347 -1.116424e-01
  348 -1.116053e-01
  349 -1.115693e-01
  350 -1.115344e-01
  351 -1.115004e-01
  352 -1.114674e-01
  353 -1.114354e-01
  354 -1.114043e-01
  355 -1.113741e-01
  356 -1.113447e-01
  357 -1.113162e-01
  358 -1.112885e-01
  359 -1.112615e-01
  360 -1.112353e-01
  361 -1.112099e-01
  362 -1.111851e-01
  363 -1.111610e-01
  364 -1.111376e-01
  365 -1.111149e-01
  366 -1.110927e-01
  367 -1.110712e-01
  368 -1.110503e-01
  369 -1.110299e-01
  370 -1.110101e-01
  371 -1.109908e-01
  372 -1.109721e-01
  373 -1.109539e-01
  374 -1.109361e-01
  375 -1.109189e-01
  376 -1.109021e-01
  377 -1.108857e-01
  378 -1.108698e-01
  379 -1.108544e-01
  380 -1.108393e-01
  381 -1.108247e-01
  382 -1.108105e-01
  383 -1.107966e-01
  384 -1.107831e-01
  385 -1.107700e-01
  386 -1.107573e-01
  387 -1.107448e-01
  388 -1.107328e-01
  389 -1.107210e-01
  390 -1.107096e-01
  391 -7.017928e-02
  392 -4.315781e-02
  393 -2.480548e-02
  394 -1.261814e-02
  395 -4.795502e-03
  396 -4.754600e-05
  397 2.550371e-03
  398 3.660977e-03
  399 3.759050e-03
  400 3.184337e-03
  401 2.179444e-03
  402 9.169988e-04
  403 -4.808423e-04
  404 -1.928379e-03
  405 -3.366263e-03
  406 -4.754211e-03
  407 -6.065729e-03
  408 -7.284285e-03
  409 -8.400530e-03
  410 -9.410264e-03
  411 -1.031296e-02
  412 -1.111065e-02
  413 -1.180717e-02
  414 -1.240751e-02
  415 -1.291744e-02
  416 -1.334313e-02
  417 -1.369097e-02
  418 -1.396736e-02
  419 -1.417857e-02
  420 -1.433072e-02
  421 -1.442964e-02
  422 -1.448086e-02
  423 -1.448961e-02
  424 -1.446076e-02
  425 -1.439883e-02
  426 -1.430801e-02
  427 -1.419216e-02
  428 -1.405479e-02
  429 -1.389912e-02
  430 -1.372805e-02
  431 -1.354422e-02
  432 -1.335000e-02
  433 -1.314749e-02
  434 -1.293860e-02
  435 -1.272501e-02
  436 -1.250819e-02
  437 -1.228944e-02
  438 -1.206992e-02
  439 -1.185060e-02
  440 1.746677e-01
  441 1.606591e-01
  442 1.517814e-01
  443 1.448351e-01
  444 1.392562e-01
  445 1.346504e-01
  446 1.307450e-01
  447 1.273527e-01
  448 1.243453e-01
  449 1.216356e-01
  450 1.191644e-01
  451 1.168917e-01
  452 1.147907e-01
  453 1.128426e-01
  454 1.110346e-01
  455 1.093572e-01
  456 1.078032e-01
  457 1.063666e-01
  458 1.050421e-01
  459 1.038246e-01
  460 1.027094e-01
  461 1.016915e-01
  462 1.007661e-01
  463 9.992811e-02
  464 9.917256e-02
  465 9.849442e-02
  466 9.788869e-02
  467 9.735044e-02
  468 9.687482e-02
  469 9.645712e-02
  470 9.609278e-02
  471 9.577743e-02
  472 9.550689e-02
  473 9.527717e-02
  474 9.508453e-02
  475 9.492542e-02
  476 9.479654e-02
  477 9.469479e-02
  478 9.461731e-02
  479 9.456143e-02
  480 9.452471e-02
  481 9.450489e-02
  482 9.449991e-02
  483 9.450788e-02
  484 9.452711e-02
  485 9.455603e-02
  486 9.459325e-02
  487 9.463749e-02
  488 9.468764e-02
  489 9.474266e-02
  490 9.480167e-02
  491 9.486386e-02
  492 9.492852e-02
  493 9.499503e-02
  494 9.506284e-02
  495 9.513147e-02
  496 9.520051e-02
  497 9.526960e-02
  498 9.533844e-02
  499 9.540676e-02
  500 9.547434e-02
  501 9.554101e-02
  502 9.560660e-02
  503 9.567099e-02
  504 9.573409e-02
  505 9.579582e-02
  506 9.585611e-02
  507 9.591494e-02
  508 9.597227e-02
  509 9.602808e-02
  510 9.608238e-02
  511 9.613516e-02
  512 9.618644e-02
  513 9.623624e-02
  514 9.628457e-02
  515 9.633147e-02
  516 9.637696e-02
  517 9.642108e-02
  518 9.646387e-02
  519 9.650535e-02
  520 9.654556e-02
  521 9.658455e-02
  522 9.662235e-02
  523 9.665900e-02
  524 9.669453e-02
  525 9.672897e-02
  526 9.676238e-02
  527 9.679478e-02
  528 9.682620e-02
  529 9.685668e-02
  530 9.688624e-02
  531 9.691493e-02
  532 9.694277e-02
  533 9.696979e-02
  534 9.699602e-02
  535 9.702148e-02
  536 9.704620e-02
  537 9.707021e-02
  538 9.709352e-02
  539 9.711616e-02
  540 9.713816e-02
  541 9.715953e-02
  542 9.718029e-02
  543 9.720047e-02
  544 9.722008e-02
  545 9.723914e-02
  546 9.725766e-02
  547 9.727567e-02
  548 9.729317e-02
  549 9.731019e-02
  550 9.732674e-02
  551 9.734283e-02
  552 9.735848e-02
  553 9.737369e-02
  554 9.738849e-02
  555 9.740288e-02
  556 9.741687e-02
  557 9.743048e-02
  558 9.744372e-02
  559 9.745660e-02
  560 9.746913e-02
  561 9.748131e-02
  562 9.749317e-02
  563 9.750470e-02
  564 9.751591e-02
  565 9.752682e-02
  566 9.753744e-02
  567 9.754776e-02
  568 9.755781e-02
  569 9.756758e-02
  570 9.757708e-02
  571 9.758633e-02
  572 9.759533e-02
  573 9.760408e-02
  574 9.761260e-02
  575 9.762088e-02
  576 9.762894e-02
  577 9.763678e-02
  578 9.764441e-02
  579 9.765183e-02
  580 9.765905e-02
  581 9.766607e-02
  582 9.767290e-02
  583 9.767955e-02
  584 9.768602e-02
  585 9.769231e-02
  586 9.769843e-02
  587 9.770438e-02
  588 9.771017e-02
  589 9.771581e-02
  590 9.772129e-02
  591 9.772662e-02
  592 9.773181e-02
  593 9.773686e-02
  594 9.774177e-02
  595 9.774655e-02
  596 9.775120e-02
  597 9.775572e-02
  598 9.776012e-02
  599 9.776440e-02
  600 9.776856e-02
  601 9.777261e-02
  602 9.777655e-02
  603 9.778038e-02
  604 9.778411e-02
  605 9.778774e-02
  606 9.779127e-02
  607 9.779470e-02
  608 9.779804e-02
  609 9.780129e-02
  610 9.780445e-02
  611 9.780753e-02
  612 9.781052e-02
  613 9.781343e-02
  614 9.781626e-02
  615 9.781902e-02
  616 9.782170e-02
  617 9.782431e-02
  618 9.782684e-02
  619 9.782931e-02
  620 9.783171e-02
  621 9.783405e-02
  622 9.783632e-02
  623 9.783853e-02
  624 9.784068e-02
  625 9.784277e-02
  626 9.784481e-02
  627 9.784679e-02
  628 9.784872e-02
  629 9.785059e-02
  630 9.785241e-02
  631 9.785419e-02
  632 9.785591e-02
  633 9.785759e-02
  634 9.785923e-02
  635 9.786082e-02
  636 9.786236e-02
  637 9.786387e-02
  638 9.786533e-02
  639 9.786675e-02
  640 9.786814e-02
  641 9.786948e-02
  642 9.787080e-02
  643 9.787207e-02
  644 9.787331e-02
  645 9.787452e-02
  646 9.787569e-02
  647 9.787684e-02
  648 9.787795e-02
  649 9.787903e-02
  650 9.788008e-02
  651 9.788110e-02
  652 9.788210e-02
  653 9.788307e-02
  654 9.788401e-02
  655 9.788493e-02
  656 9.788582e-02
  657 9.788669e-02
  658 9.788753e-02
  659 9.788835e-02
  660 4.083892e-01
  661 3.846816e-01
  662 3.695295e-01
  663 3.576012e-01
  664 3.479576e-01
  665 3.399419e-01
  666 3.331004e-01
  667 3.271211e-01
  668 3.217906e-01
  669 3.169638e-01
  670 3.125422e-01
  671 3.084595e-01
  672 3.046705e-01
  673 3.011443e-01
  674 2.978593e-01
  675 2.947997e-01
  676 2.919533e-01
  677 2.893100e-01
  678 2.868607e-01
  679 2.845971e-01
  680 2.825109e-01
  681 2.805937e-01
  682 2.788372e-01
  683 2.772329e-01
  684 2.757722e-01
  685 2.744466e-01
  686 2.732476e-01
  687 2.721667e-01
  688 2.711957e-01
  689 2.703266e-01
  690 2.695516e-01
  691 2.688632e-01
  692 2.682543e-01
  693 2.677181e-01
  694 2.672482e-01
  695 2.668386e-01
  696 2.664836e-01
  697 2.661778e-01
  698 2.659165e-01
  699 2.656949e-01
  700 2.655090e-01
  701 2.653548e-01
  702 2.652288e-01
  703 2.651277e-01
  704 2.650486e-01
  705 2.649888e-01
  706 2.649459e-01
  707 2.649176e-01
  708 2.649020e-01
  709 2.648973e-01
  710 2.649019e-01
  711 2.649144e-01
  712 2.649336e-01
  713 2.649583e-01
  714 2.649875e-01
  715 2.650204e-01
  716 2.650562e-01
  717 2.650942e-01
  718 2.651340e-01
  719 2.651749e-01
  720 2.652166e-01
  721 2.652587e-01
  722 2.653009e-01
  723 2.653429e-01
  724 2.653846e-01
  725 2.654256e-01
  726 2.654660e-01
  727 2.655056e-01
  728 2.655442e-01
  729 2.655819e-01
  730 2.656185e-01
  731 2.656540e-01
  732 2.656885e-01
  733 2.657219e-01
  734 2.657542e-01
  735 2.657854e-01
  736 2.658155e-01
  737 2.658446e-01
  738 2.658727e-01
  739 2.658997e-01
  740 2.659258e-01
  741 2.659510e-01
  742 2.659752e-01
  743 2.659986e-01
  744 2.660211e-01
  745 2.660428e-01
  746 2.660638e-01
  747 2.660840e-01
  748 2.661034e-01
  749 2.661223e-01
  750 2.661404e-01
  751 2.661580e-01
  752 2.661749e-01
  753 2.661913e-01
  754 2.662071e-01
  755 2.662224e-01
  756 2.662372e-01
  757 2.662515e-01
  758 2.662654e-01
  759 2.662788e-01
  760 2.662918e-01
  761 2.663044e-01
  762 2.663166e-01
  763 2.663285e-01
  764 2.663400e-01
  765 2.663511e-01
  766 2.663619e-01
  767 2.663724e-01
  768 2.663826e-01
  769 2.663925e-01
  770 2.664021e-01
  771 2.664114e-01
  772 2.664205e-01
  773 2.664293e-01
  774 2.664379e-01
  775 2.664462e-01
  776 2.664542e-01
  777 2.664621e-01
  778 2.664697e-01
  779 2.664772e-01
  780 2.664844e-01
  781 2.664914e-01
  782 2.664982e-01
  783 2.665049e-01
  784 2.665113e-01
  785 2.665176e-01
  786 2.665237e-01
  787 2.665296e-01
  788 2.665354e-01
  789 2.665410e-01
  790 2.665465e-01
  791 2.665518e-01
  792 2.665570e-01
  793 2.665620e-01
  794 2.665669e-01
  795 2.665717e-01
  796 2.665763e-01
  797 2.665808e-01
  798 2.665852e-01
  799 2.665895e-01
  800 2.665936e-01
