    1     0
    2     0
    3     0
    4     0
    5     0
    6     0
    7     0
    8     0
    9     0
   10     0
   11     0
   12 7.850000e-01
   13 -2.888139e-01
   14 9.101615e-02
   15 -1.787795e-02
   16 1.731388e-02
   17 1.067660e-02
   18 1.551576e-02
   19 1.648712e-02
   20 1.800287e-02
   21 1.885191e-02
   22 1.945045e-02
   23 1.975178e-02
   24 1.983810e-02
   25 1.974754e-02
   26 1.952233e-02
   27 1.919495e-02
   28 1.879266e-02
   29 1.833710e-02
   30 1.784538e-02
   31 1.733080e-02
   32 1.680350e-02
   33 1.627113e-02
   34 1.573928e-02
   35 1.521199e-02
   36 1.469206e-02
   37 1.418133e-02
   38 1.368095e-02
   39 1.319152e-02
   40 1.271327e-02
   41 1.224611e-02
   42 1.178982e-02
   43 1.134399e-02
   44 1.090817e-02
   45 1.048187e-02
   46 1.006455e-02
   47 9.655722e-03
   48 9.254871e-03
   49 8.861529e-03
   50 8.475253e-03
   51 8.095633e-03
   52 7.722293e-03
   53 7.354888e-03
   54 6.993107e-03
   55 6.636671e-03
   56 6.285325e-03
   57 5.938845e-03
   58 5.597028e-03
   59 5.259694e-03
   60 4.926682e-03
   61 4.597847e-03
   62 4.273063e-03
   63 3.952214e-03
   64 3.635199e-03
   65 3.321925e-03
   66 3.012312e-03
   67 2.706283e-03
   68 2.403773e-03
   69 2.104720e-03
   70 1.809069e-03
   71 1.516769e-03
   72 1.227772e-03
   73 9.420347e-04
   74 6.595164e-04
   75 3.801786e-04
   76 1.039850e-04
   77 -1.690990e-04
   78 -4.391062e-04
   79 -7.060685e-04
   80 -9.700164e-04
   81 -1.230980e-03
   82 -1.488987e-03
   83 -1.744068e-03
   84 -1.996249e-03
   85 -2.245558e-03
   86 -2.492021e-03
   87 -2.735667e-03
   88 -2.976521e-03
   89 -3.214609e-03
   90 -3.449958e-03
   91 -3.682593e-03
   92 -3.912541e-03
   93 -4.139828e-03
   94 -4.364478e-03
   95 -4.586517e-03
   96 -4.805972e-03
   97 -5.022866e-03
   98 -5.237227e-03
   99 -5.449079e-03
  100 -5.658447e-03
  101 -5.865357e-03
  102 -6.069833e-03
  103 -6.271901e-03
  104 -6.471585e-03
  105 -6.668911e-03
  106 -6.863903e-03
  107 -7.056587e-03
  108 -7.246985e-03
  109 -7.435124e-03
  110 -7.621027e-03
  111 -7.804719e-03
  112 -7.986223e-03
  113 -8.165565e-03
  114 -8.342767e-03
  115 -8.517853e-03
  116 -8.690848e-03
  117 -8.861774e-03
  118 -9.030655e-03
  119 -9.197514e-03
  120 -9.362374e-03
  121 -9.525259e-03
  122 -9.686189e-03
  123 -9.845190e-03
  124 -1.000228e-02
  125 -1.015749e-02
  126 -1.031083e-02
  127 -1.046233e-02
  128 -1.061201e-02
  129 -1.075989e-02
  130 -1.090599e-02
  131 -1.251653e-02
  132 -9.189339e-03
  133 -9.081482e-03
  134 -8.477174e-03
  135 -8.384781e-03
  136 -8.404241e-03
  137 -8.568672e-03
  138 -8.807186e-03
  139 -9.094892e-03
  140 -9.406334e-03
  141 -9.725877e-03
  142 -1.004236e-02
  143 -1.034873e-02
  144 -1.064069e-02
  145 -1.091599e-02
  146 -1.117372e-02
  147 -1.141396e-02
  148 -1.163734e-02
  149 -1.184490e-02
  150 -1.203784e-02
  151 -1.221746e-02
  152 -1.238504e-02
  153 -1.254183e-02
  154 -1.268898e-02
  155 -1.282757e-02
  156 -1.295854e-02
  157 -1.308275e-02
  158 -1.320098e-02
  159 -1.331389e-02
  160 -1.342206e-02
  161 -1.352600e-02
  162 -1.362615e-02
  163 -1.372291e-02
  164 -1.381660e-02
  165 -1.390751e-02
  166 -1.399588e-02
  167 -1.408194e-02
  168 -1.416587e-02
  169 -1.424783e-02
  170 -1.432795e-02
  171 -1.440637e-02
  172 -1.448319e-02
  173 -1.455850e-02
  174 -1.463238e-02
  175 -1.470490e-02
  176 -1.477614e-02
  177 -1.484614e-02
  178 -1.491497e-02
  179 -1.498265e-02
  180 -1.504924e-02
  181 -1.511477e-02
  182 -1.517928e-02
  183 -1.524280e-02
  184 -1.530535e-02
  185 -1.536697e-02
  186 -1.542768e-02
  187 -1.548750e-02
  188 -1.554645e-02
  189 -1.560456e-02
  190 -1.566184e-02
  191 -1.571831e-02
  192 -1.577399e-02
  193 -1.582890e-02
  194 -1.588305e-02
  195 -1.593645e-02
  196 -1.598913e-02
  197 -1.604109e-02
  198 -1.609236e-02
  199 -1.614293e-02
  200 -1.619283e-02
  201 3.171132e-01
  202 1.215726e-01
  203 1.636569e-01
  204 1.351961e-01
  205 1.294391e-01
  206 1.193087e-01
  207 1.123875e-01
  208 1.062729e-01
  209 1.014178e-01
  210 9.746923e-02
  211 9.432598e-02
  212 9.183930e-02
  213 8.989887e-02
  214 8.840660e-02
  215 8.728183e-02
  216 8.645723e-02
  217 8.587731e-02
  218 8.549648e-02
  219 8.527738e-02
  220 -1.223144e+00
  221 6.897504e-02
  222 -2.765156e-01
  223 -1.584647e-01
  224 -1.755070e-01
  225 -1.559879e-01
  226 -1.488102e-01
  227 -1.397260e-01
  228 -1.326093e-01
  229 -1.261675e-01
  230 -1.206110e-01
  231 -1.157399e-01
  232 -1.114892e-01
  233 -1.077711e-01
  234 -1.045179e-01
  235 -1.016680e-01
  236 -9.916863e-02
  237 -9.697364e-02
  238 -9.504296e-02
  239 -9.334175e-02
  240 -9.183975e-02
  241 -9.051067e-02
  242 -8.933169e-02
  243 -8.828300e-02
  244 -8.734741e-02
  245 -8.651000e-02
  246 -8.575783e-02
  247 -8.507967e-02
  248 -8.446579e-02
  249 -8.390776e-02
  250 -8.339824e-02
  251 -8.293091e-02
  252 -8.250025e-02
  253 -8.210151e-02
  254 -8.173055e-02
  255 -8.138380e-02
  256 -8.105815e-02
  257 -8.075093e-02
  258 -8.045981e-02
  259 -8.018278e-02
  260 -7.991809e-02
  261 -8.025072e-02
  262 -7.861849e-02
  263 -7.828308e-02
  264 -7.775720e-02
  265 -7.744335e-02
  266 -7.718077e-02
  267 -7.698206e-02
  268 -7.681832e-02
  269 -7.667912e-02
  270 -7.655387e-02
  271 -7.643595e-02
  272 -7.632060e-02
  273 -7.620472e-02
  274 -7.608638e-02
  275 -7.596447e-02
  276 -7.583846e-02
  277 -7.570823e-02
  278 -7.557391e-02
  279 -7.543580e-02
  280 -7.529429e-02
  281 -7.514981e-02
  282 -7.500281e-02
  283 -7.485373e-02
  284 -7.470297e-02
  285 -7.455092e-02
  286 -7.439791e-02
  287 -7.424425e-02
  288 -7.409022e-02
  289 -7.393606e-02
  290 -7.378198e-02
  291 -7.362815e-02
  292 -7.347475e-02
  293 -7.332189e-02
  294 -7.316971e-02
  295 -7.301830e-02
  296 -7.286774e-02
  297 -7.271811e-02
  298 -7.256947e-02
  299 -7.242188e-02
  300 -7.227537e-02
  301 -7.212999e-02
  302 -7.198576e-02
  303 -7.184272e-02
  304 -7.170089e-02
  305 -7.156029e-02
  306 -7.142092e-02
  307 -7.128281e-02
  308 -7.114596e-02
  309 -7.101038e-02
  310 -7.087608e-02
  311 -7.074306e-02
  312 -7.061133e-02
  313 -7.048088e-02
  314 -7.035171e-02
  315 -7.022383e-02
  316 -7.009724e-02
  317 -6.997193e-02
  318 -6.984789e-02
  319 -6.972514e-02
  320 -6.960365e-02
  321 -6.948343e-02
  322 -6.936448e-02
  323 -6.924677e-02
  324 -6.913032e-02
  325 -6.901512e-02
  326 -6.890115e-02
  327 -6.878841e-02
  328 -6.867690e-02
  329 -6.856660e-02
  330 -6.845751e-02
  331 -6.834962e-02
  332 -6.824292e-02
  333 -6.813740e-02
  334 -6.803307e-02
  335 -6.792989e-02
  336 -6.782788e-02
  337 -6.772702e-02
  338 -6.762730e-02
  339 -6.752870e-02
  340 -6.743124e-02
  341 -6.733488e-02
  342 -6.723963e-02
  343 -6.714547e-02
  344 -6.705240e-02
  345 -6.696040e-02
  346 -6.686947e-02
  347 -6.677960e-02
  348 -6.669078e-02
  349 -6.660299e-02
  350 -6.651623e-02
  351 -6.643048e-02
  352 -6.634575e-02
  353 -6.626201e-02
  354 -6.617927e-02
  355 -6.609750e-02
  356 -6.601670e-02
  357 -6.593687e-02
  358 -6.585798e-02
  359 -6.578003e-02
  360 -6.570302e-02
  361 -6.562693e-02
  362 -6.555175e-02
  363 -6.547747e-02
  364 -6.540409e-02
  365 -6.533159e-02
  366 -6.525996e-02
  367 -6.518920e-02
  368 -6.511930e-02
  369 -6.505024e-02
  370 -6.498202e-02
  371 -6.491463e-02
  372 -6.484806e-02
  373 -6.478230e-02
  374 -6.471734e-02
  375 -6.465317e-02
  376 -6.458978e-02
  377 -6.452717e-02
  378 -6.446533e-02
  379 -6.440424e-02
  380 -6.434390e-02
  381 -6.428430e-02
  382 -6.422543e-02
  383 -6.416728e-02
  384 -6.410985e-02
  385 -6.405312e-02
  386 -6.399709e-02
  387 -6.394175e-02
  388 -6.388710e-02
  389 -6.383311e-02
  390 -6.377980e-02
  391 -6.226094e-02
  392 -6.567873e-02
  393 -6.587611e-02
  394 -6.656889e-02
  395 -6.674870e-02
  396 -6.681563e-02
  397 -6.673656e-02
  398 -6.658240e-02
  399 -6.637805e-02
  400 -6.614898e-02
  401 -1.992530e-01
  402 -1.208201e-01
  403 -1.374461e-01
  404 -1.258673e-01
  405 -1.233855e-01
  406 -1.191708e-01
  407 -1.162561e-01
  408 -1.136797e-01
  409 -1.116219e-01
  410 -1.099402e-01
  411 -1.085929e-01
  412 -1.075192e-01
  413 -1.066737e-01
  414 -1.060161e-01
  415 -1.055130e-01
  416 -1.051366e-01
  417 -1.048638e-01
  418 -1.046757e-01
  419 -1.045566e-01
  420 -1.044938e-01
  421 -1.044768e-01
  422 -1.044970e-01
  423 -1.045474e-01
  424 -1.046224e-01
  425 -1.047173e-01
  426 -1.048282e-01
  427 -1.049520e-01
  428 -1.050861e-01
  429 -1.052285e-01
  430 -1.053773e-01
  431 -1.055313e-01
  432 -1.056891e-01
  433 -1.058498e-01
  434 -1.060127e-01
  435 -1.061770e-01
  436 -1.063421e-01
  437 -1.065077e-01
  438 -1.066734e-01
  439 -1.068387e-01
  440 6.779965e-01
  441 -9.742793e-02
  442 1.097659e-01
  443 3.887769e-02
  444 4.908011e-02
  445 3.737399e-02
  446 3.309575e-02
  447 2.769227e-02
  448 2.348442e-02
  449 1.969377e-02
  450 1.644424e-02
  451 1.361382e-02
  452 1.116205e-02
  453 9.034811e-03
  454 7.190413e-03
  455 5.591038e-03
  456 4.204251e-03
  457 3.001737e-03
  458 1.958940e-03
  459 1.054524e-03
  460 2.699697e-04
  461 -4.107934e-04
  462 -1.001710e-03
  463 -1.514875e-03
  464 -1.960779e-03
  465 -2.348519e-03
  466 -2.685980e-03
  467 -2.979999e-03
  468 -3.236501e-03
  469 -3.460617e-03
  470 -3.656797e-03
  471 -3.828892e-03
  472 -3.980238e-03
  473 -4.113724e-03
  474 -4.231850e-03
  475 -4.336780e-03
  476 -4.430385e-03
  477 -4.514283e-03
  478 -4.589873e-03
  479 -4.658364e-03
  480 -4.720800e-03
  481 -4.778081e-03
  482 -4.830984e-03
  483 -4.880178e-03
  484 -4.926239e-03
  485 -4.969664e-03
  486 -5.010878e-03
  487 -5.050247e-03
  488 -5.088084e-03
  489 -5.124657e-03
  490 -5.160194e-03
  491 -5.194890e-03
  492 -5.228910e-03
  493 -5.262396e-03
  494 -5.295465e-03
  495 -5.328216e-03
  496 -5.360733e-03
  497 -5.393085e-03
  498 -5.425329e-03
  499 -5.457512e-03
  500 -5.489672e-03
  501 -5.521840e-03
  502 -5.554038e-03
  503 -5.586285e-03
  504 -5.618594e-03
  505 -5.650975e-03
  506 -5.683434e-03
  507 -5.715974e-03
  508 -5.748596e-03
  509 -5.781298e-03
  510 -5.814077e-03
  511 -5.846928e-03
  512 -5.879847e-03
  513 -5.912827e-03
  514 -5.945860e-03
  515 -5.978939e-03
  516 -6.012055e-03
  517 -6.045201e-03
  518 -6.078367e-03
  519 -6.111544e-03
  520 -6.144725e-03
  521 -6.177899e-03
  522 -6.211058e-03
  523 -6.244193e-03
  524 -6.277296e-03
  525 -6.310358e-03
  526 -6.343371e-03
  527 -6.376328e-03
  528 -6.409219e-03
  529 -6.442039e-03
  530 -6.474779e-03
  531 -6.507432e-03
  532 -6.539993e-03
  533 -6.572453e-03
  534 -6.604807e-03
  535 -6.637049e-03
  536 -6.669173e-03
  537 -6.701174e-03
  538 -6.733046e-03
  539 -6.764785e-03
  540 -6.796385e-03
  541 -6.827843e-03
  542 -6.859153e-03
  543 -6.890312e-03
  544 -6.921316e-03
  545 -6.952162e-03
  546 -6.982845e-03
  547 -7.013363e-03
  548 -7.043713e-03
  549 -7.073892e-03
  550 -7.103897e-03
  551 -7.133725e-03
  552 -7.163376e-03
  553 -7.192845e-03
  554 -7.222132e-03
  555 -7.251235e-03
  556 -7.280152e-03
  557 -7.308881e-03
  558 -7.337421e-03
  559 -7.365771e-03
  560 -7.393930e-03
  561 -7.421897e-03
  562 -7.449671e-03
  563 -7.477251e-03
  564 -7.504637e-03
  565 -7.531827e-03
  566 -7.558823e-03
  567 -7.585622e-03
  568 -7.612226e-03
  569 -7.638633e-03
  570 -7.664845e-03
  571 -7.690860e-03
  572 -7.716680e-03
  573 -7.742304e-03
  574 -7.767732e-03
  575 -7.792965e-03
  576 -7.818003e-03
  577 -7.842847e-03
  578 -7.867497e-03
  579 -7.891954e-03
  580 -7.916218e-03
  581 -7.940290e-03
  582 -7.964171e-03
  583 -7.987861e-03
  584 -8.011362e-03
  585 -8.034675e-03
  586 -8.057799e-03
  587 -8.080737e-03
  588 -8.103488e-03
  589 -8.126055e-03
  590 -8.148438e-03
  591 -8.170638e-03
  592 -8.192656e-03
  593 -8.214494e-03
  594 -8.236153e-03
  595 -8.257634e-03
  596 -8.278937e-03
  597 -8.300065e-03
  598 -8.321018e-03
  599 -8.341798e-03
  600 -8.362407e-03
  601 -2.417315e-01
  602 -1.049074e-01
  603 -1.344201e-01
  604 -1.145506e-01
  605 -1.105731e-01
  606 -1.035337e-01
  607 -9.874018e-02
  608 -9.451066e-02
  609 -9.116227e-02
  610 -8.844785e-02
  611 -8.629662e-02
  612 -8.460447e-02
  613 -8.329415e-02
  614 -8.229702e-02
  615 -8.155662e-02
  616 -8.102583e-02
  617 -8.066583e-02
  618 -8.044468e-02
  619 -8.033626e-02
  620 -8.031919e-02
  621 -8.037604e-02
  622 -8.049261e-02
  623 -8.065731e-02
  624 -8.086071e-02
  625 -8.109512e-02
  626 -8.135427e-02
  627 -8.163304e-02
  628 -8.192724e-02
  629 -8.223346e-02
  630 -8.254888e-02
  631 -8.287122e-02
  632 -8.319857e-02
  633 -8.352939e-02
  634 -8.386239e-02
  635 -8.419652e-02
  636 -8.453091e-02
  637 -8.486483e-02
  638 -8.519770e-02
  639 -8.552902e-02
  640 -8.585838e-02
  641 -8.618545e-02
  642 -8.650995e-02
  643 -8.683167e-02
  644 -8.715041e-02
  645 -8.746603e-02
  646 -8.777840e-02
  647 -8.808744e-02
  648 -8.839307e-02
  649 -8.869523e-02
  650 -8.899387e-02
  651 -8.928898e-02
  652 -8.958053e-02
  653 -8.986852e-02
  654 -9.015293e-02
  655 -9.043378e-02
  656 -9.071109e-02
  657 -9.098485e-02
  658 -9.125510e-02
  659 -9.152186e-02
  660 1.216548e+00
  661 -7.581220e-02
  662 2.695263e-01
  663 1.513961e-01
  664 1.684184e-01
  665 1.489275e-01
  666 1.418173e-01
  667 1.328324e-01
  668 1.258409e-01
  669 1.195452e-01
  670 1.141518e-01
  671 1.094571e-01
  672 1.053938e-01
  673 1.018716e-01
  674 9.882084e-02
  675 9.617854e-02
  676 9.389057e-02
  677 9.190971e-02
  678 9.019499e-02
  679 8.871082e-02
  680 8.742633e-02
  681 8.631469e-02
  682 8.535266e-02
  683 8.452006e-02
  684 8.379938e-02
  685 8.317546e-02
  686 8.263514e-02
  687 8.216702e-02
  688 8.176122e-02
  689 8.140918e-02
  690 8.110347e-02
  691 8.083768e-02
  692 8.060623e-02
  693 8.040432e-02
  694 8.022777e-02
  695 8.007297e-02
  696 7.993681e-02
  697 7.981658e-02
  698 7.970996e-02
  699 7.961493e-02
  700 7.952974e-02
  701 7.945291e-02
  702 7.938313e-02
  703 7.931929e-02
  704 7.926043e-02
  705 7.920572e-02
  706 7.915446e-02
  707 7.910604e-02
  708 7.905994e-02
  709 7.901572e-02
  710 7.897299e-02
  711 7.893143e-02
  712 7.889077e-02
  713 7.885077e-02
  714 7.881125e-02
  715 7.877203e-02
  716 7.873299e-02
  717 7.869400e-02
  718 7.865498e-02
  719 7.861585e-02
  720 7.857654e-02
  721 7.853702e-02
  722 7.849723e-02
  723 7.845716e-02
  724 7.841679e-02
  725 7.837610e-02
  726 7.833508e-02
  727 7.829373e-02
  728 7.825205e-02
  729 7.821005e-02
  730 7.816773e-02
  731 7.812510e-02
  732 7.808218e-02
  733 7.803898e-02
  734 7.799551e-02
  735 7.795178e-02
  736 7.790782e-02
  737 7.786364e-02
  738 7.781925e-02
  739 7.777467e-02
  740 7.772993e-02
  741 7.768503e-02
  742 7.763999e-02
  743 7.759484e-02
  744 7.754958e-02
  745 7.750423e-02
  746 7.745881e-02
  747 7.741333e-02
  748 7.736781e-02
  749 7.732226e-02
  750 7.727670e-02
  751 7.723114e-02
  752 7.718560e-02
  753 7.714008e-02
  754 7.709459e-02
  755 7.704916e-02
  756 7.700379e-02
  757 7.695849e-02
  758 7.691328e-02
  759 7.686816e-02
  760 7.682314e-02
  761 7.677823e-02
  762 7.673344e-02
  763 7.668879e-02
  764 7.664427e-02
  765 7.659989e-02
  766 7.655567e-02
  767 7.651161e-02
  768 7.646771e-02
  769 7.642398e-02
  770 7.638043e-02
  771 7.633707e-02
  772 7.629389e-02
  773 7.625091e-02
  774 7.620813e-02
  775 7.616555e-02
  776 7.612318e-02
  777 7.608101e-02
  778 7.603907e-02
  779 7.599734e-02
  780 7.595583e-02
  781 7.591454e-02
  782 7.587349e-02
  783 7.583266e-02
  784 7.579206e-02
  785 7.575170e-02
  786 7.571157e-02
  787 7.567169e-02
  788 7.563204e-02
  789 7.559263e-02
  790 7.555346e-02
  791 7.551454e-02
  792 7.547586e-02
  793 7.543742e-02
  794 7.539923e-02
  795 7.536129e-02
  796 7.532359e-02
  797 7.528614e-02
  798 7.524894e-02
  799 7.521199e-02
  800 7.517528e-02
