    1     0
    2     0
    3     0
    4     0
    5     0
    6     0
    7     0
    8     0
    9     0
   10     0
   11     0
   12 -9.125000e-03
   13 -9.285462e-03
   14 -9.022090e-03
   15 -9.748495e-03
   16 -9.955565e-03
   17 -1.040440e-02
   18 -1.072315e-02
   19 -1.109833e-02
   20 -1.143887e-02
   21 -1.179080e-02
   22 -1.213204e-02
   23 -1.247416e-02
   24 -1.281196e-02
   25 -1.314848e-02
   26 -1.348264e-02
   27 -1.381533e-02
   28 -1.414643e-02
   29 -1.447628e-02
   30 -1.480496e-02
   31 -1.513266e-02
   32 -1.545947e-02
   33 -1.578551e-02
   34 -1.611088e-02
   35 -1.643567e-02
   36 -1.675994e-02
   37 -1.708376e-02
   38 -1.740719e-02
   39 -1.773029e-02
   40 -1.805309e-02
   41 -1.837563e-02
   42 -1.869795e-02
   43 -1.902009e-02
   44 -1.934206e-02
   45 -1.966390e-02
   46 -1.998561e-02
   47 -2.030723e-02
   48 -2.062876e-02
   49 -2.095022e-02
   50 -2.127162e-02
   51 -2.159298e-02
   52 -2.191430e-02
   53 -2.223559e-02
   54 -2.255686e-02
   55 -2.287811e-02
   56 -2.319935e-02
   57 -2.352059e-02
   58 -2.384182e-02
   59 -2.416306e-02
   60 -2.448430e-02
   61 -2.480555e-02
   62 -2.512680e-02
   63 -2.544807e-02
   64 -2.576936e-02
   65 -2.609065e-02
   66 -2.641197e-02
   67 -2.673329e-02
   68 -2.705464e-02
   69 -2.737601e-02
   70 -2.769739e-02
   71 -2.801879e-02
   72 -2.834021e-02
   73 -2.866165e-02
   74 -2.898311e-02
   75 -2.930458e-02
   76 -2.962608e-02
   77 -2.994760e-02
   78 -3.026913e-02
   79 -3.059068e-02
   80 -3.091225e-02
   81 -3.123384e-02
   82 -3.155545e-02
   83 -3.187708e-02
   84 -3.219872e-02
   85 -3.252038e-02
   86 -3.284205e-02
   87 -3.316374e-02
   88 -3.348545e-02
   89 -3.380718e-02
   90 -3.412892e-02
   91 -3.445067e-02
   92 -3.477244e-02
   93 -3.509423e-02
   94 -3.541602e-02
   95 -3.573784e-02
   96 -3.605966e-02
   97 -3.638150e-02
   98 -3.670335e-02
   99 -3.702522e-02
  100 -3.734709e-02
  101 -3.766898e-02
  102 -3.799088e-02
  103 -3.831280e-02
  104 -3.863472e-02
  105 -3.895665e-02
  106 -3.927860e-02
  107 -3.960055e-02
  108 -3.992252e-02
  109 -4.024450e-02
  110 -4.056648e-02
  111 -4.088848e-02
  112 -4.121048e-02
  113 -4.153250e-02
  114 -4.185452e-02
  115 -4.217655e-02
  116 -4.249859e-02
  117 -4.282064e-02
  118 -4.314270e-02
  119 -4.346477e-02
  120 -4.378684e-02
  121 -4.410892e-02
  122 -4.443101e-02
  123 -4.475311e-02
  124 -4.507521e-02
  125 -4.539733e-02
  126 -4.571945e-02
  127 -4.604157e-02
  128 -4.636371e-02
  129 -4.668585e-02
  130 -3.788299e-02
  131 -3.946069e-02
  132 -3.953620e-02
  133 -3.961183e-02
  134 -3.968732e-02
  135 -3.976275e-02
  136 -3.983810e-02
  137 -3.991338e-02
  138 -3.998861e-02
  139 -4.006380e-02
  140 -4.013895e-02
  141 -4.021407e-02
  142 -4.028916e-02
  143 -4.036424e-02
  144 -4.043930e-02
  145 -4.051436e-02
  146 -4.058941e-02
  147 -4.066446e-02
  148 -4.073951e-02
  149 -4.081456e-02
  150 -4.088963e-02
  151 -4.096470e-02
  152 -4.103979e-02
  153 -4.111489e-02
  154 -4.119001e-02
  155 -4.126515e-02
  156 -4.134030e-02
  157 -4.141548e-02
  158 -4.149068e-02
  159 -4.156590e-02
  160 -4.164114e-02
  161 -4.171641e-02
  162 -4.179171e-02
  163 -4.186703e-02
  164 -4.194237e-02
  165 -4.201775e-02
  166 -4.209315e-02
  167 -4.216858e-02
  168 -4.224403e-02
  169 -4.231952e-02
  170 -4.239503e-02
  171 -4.247058e-02
  172 -4.254615e-02
  173 -4.262175e-02
  174 -4.269738e-02
  175 -4.277305e-02
  176 -4.284874e-02
  177 -4.292446e-02
  178 -4.300021e-02
  179 -4.307600e-02
  180 -4.315181e-02
  181 -4.322765e-02
  182 -4.330353e-02
  183 -4.337943e-02
  184 -4.345537e-02
  185 -4.353133e-02
  186 -4.360733e-02
  187 -4.368335e-02
  188 -4.375941e-02
  189 -4.383550e-02
  190 -4.391162e-02
  191 -4.398776e-02
  192 -4.406394e-02
  193 -4.414015e-02
  194 -4.421639e-02
  195 -4.429267e-02
  196 -4.436897e-02
  197 -4.444530e-02
  198 -4.452166e-02
  199 -4.459805e-02
  200 -4.467448e-02
  201 -4.319086e-02
  202 -4.383883e-02
  203 -4.338957e-02
  204 -4.351607e-02
  205 -4.337455e-02
  206 -4.337727e-02
  207 -4.331746e-02
  208 -4.329609e-02
  209 -4.326213e-02
  210 -4.324006e-02
  211 -4.321707e-02
  212 -4.319892e-02
  213 -4.318223e-02
  214 -4.316822e-02
  215 -4.315589e-02
  216 -4.314537e-02
  217 -4.313629e-02
  218 -4.312856e-02
  219 -4.312198e-02
  220 -4.311643e-02
  221 -4.309188e-02
  222 -4.308086e-02
  223 -4.306660e-02
  224 -4.305517e-02
  225 -4.304355e-02
  226 -4.303306e-02
  227 -4.302290e-02
  228 -4.301335e-02
  229 -4.300416e-02
  230 -4.299537e-02
  231 -4.298688e-02
  232 -4.297866e-02
  233 -4.297067e-02
  234 -4.296288e-02
  235 -4.295526e-02
  236 -4.294778e-02
  237 -4.294042e-02
  238 -4.293315e-02
  239 -4.292597e-02
  240 -4.291886e-02
  241 -4.291179e-02
  242 -4.290477e-02
  243 -4.289778e-02
  244 -4.289081e-02
  245 -4.288385e-02
  246 -4.287690e-02
  247 -4.286995e-02
  248 -4.286299e-02
  249 -4.285601e-02
  250 -4.284903e-02
  251 -4.284202e-02
  252 -4.283499e-02
  253 -4.282794e-02
  254 -4.282086e-02
  255 -4.281375e-02
  256 -4.280660e-02
  257 -4.279942e-02
  258 -4.279221e-02
  259 -4.278496e-02
  260 -3.912768e-02
  261 -3.962257e-02
  262 -3.951654e-02
  263 -3.941052e-02
  264 -3.930441e-02
  265 -3.919822e-02
  266 -3.909196e-02
  267 -3.898563e-02
  268 -3.887924e-02
  269 -3.877278e-02
  270 -3.866627e-02
  271 -3.855970e-02
  272 -3.845308e-02
  273 -3.834641e-02
  274 -3.823969e-02
  275 -3.813292e-02
  276 -3.802611e-02
  277 -3.791926e-02
  278 -3.781236e-02
  279 -3.770543e-02
  280 -3.759846e-02
  281 -3.749145e-02
  282 -3.738440e-02
  283 -3.727732e-02
  284 -3.717021e-02
  285 -3.706307e-02
  286 -3.695589e-02
  287 -3.684869e-02
  288 -3.674145e-02
  289 -3.663419e-02
  290 -3.652690e-02
  291 -3.641958e-02
  292 -3.631223e-02
  293 -3.620486e-02
  294 -3.609746e-02
  295 -3.599004e-02
  296 -3.588259e-02
  297 -3.577512e-02
  298 -3.566763e-02
  299 -3.556011e-02
  300 -3.545258e-02
  301 -3.534501e-02
  302 -3.523743e-02
  303 -3.512983e-02
  304 -3.502221e-02
  305 -3.491456e-02
  306 -3.480690e-02
  307 -3.469922e-02
  308 -3.459151e-02
  309 -3.448379e-02
  310 -3.437605e-02
  311 -3.426830e-02
  312 -3.416052e-02
  313 -3.405273e-02
  314 -3.394492e-02
  315 -3.383709e-02
  316 -3.372924e-02
  317 -3.362138e-02
  318 -3.351351e-02
  319 -3.340561e-02
  320 -3.329770e-02
  321 -3.318978e-02
  322 -3.308184e-02
  323 -3.297388e-02
  324 -3.286591e-02
  325 -3.275793e-02
  326 -3.264993e-02
  327 -3.254192e-02
  328 -3.243389e-02
  329 -3.232585e-02
  330 -3.221779e-02
  331 -3.210972e-02
  332 -3.200164e-02
  333 -3.189354e-02
  334 -3.178544e-02
  335 -3.167731e-02
  336 -3.156918e-02
  337 -3.146103e-02
  338 -3.135287e-02
  339 -3.124470e-02
  340 -3.113651e-02
  341 -3.102832e-02
  342 -3.092011e-02
  343 -3.081189e-02
  344 -3.070365e-02
  345 -3.059541e-02
  346 -3.048715e-02
  347 -3.037889e-02
  348 -3.027061e-02
  349 -3.016232e-02
  350 -3.005402e-02
  351 -2.994571e-02
  352 -2.983738e-02
  353 -2.972905e-02
  354 -2.962070e-02
  355 -2.951235e-02
  356 -2.940398e-02
  357 -2.929561e-02
  358 -2.918722e-02
  359 -2.907882e-02
  360 -2.897042e-02
  361 -2.886200e-02
  362 -2.875357e-02
  363 -2.864513e-02
  364 -2.853668e-02
  365 -2.842822e-02
  366 -2.831976e-02
  367 -2.821128e-02
  368 -2.810279e-02
  369 -2.799429e-02
  370 -2.788578e-02
  371 -2.777727e-02
  372 -2.766874e-02
  373 -2.756020e-02
  374 -2.745166e-02
  375 -2.734310e-02
  376 -2.723454e-02
  377 -2.712596e-02
  378 -2.701738e-02
  379 -2.690878e-02
  380 -2.680018e-02
  381 -2.669157e-02
  382 -2.658294e-02
  383 -2.647431e-02
  384 -2.636567e-02
  385 -2.625702e-02
  386 -2.614836e-02
  387 -2.603970e-02
  388 -2.593102e-02
  389 -2.582233e-02
  390 -3.483864e-02
  391 -3.347438e-02
  392 -3.361233e-02
  393 -3.375014e-02
  394 -3.388808e-02
  395 -3.402609e-02
  396 -3.416418e-02
  397 -3.430233e-02
  398 -3.444053e-02
  399 -3.457876e-02
  400 -3.471704e-02
  401 -3.547937e-02
  402 -3.538910e-02
  403 -3.573774e-02
  404 -3.585611e-02
  405 -3.608170e-02
  406 -3.624960e-02
  407 -3.644254e-02
  408 -3.662010e-02
  409 -3.680270e-02
  410 -3.698054e-02
  411 -3.715875e-02
  412 -3.733502e-02
  413 -3.751070e-02
  414 -3.768531e-02
  415 -3.785923e-02
  416 -3.803241e-02
  417 -3.820501e-02
  418 -3.837706e-02
  419 -3.854863e-02
  420 -3.871977e-02
  421 -3.889054e-02
  422 -3.906096e-02
  423 -3.923109e-02
  424 -3.940095e-02
  425 -3.957057e-02
  426 -3.973998e-02
  427 -3.990919e-02
  428 -4.007824e-02
  429 -4.024712e-02
  430 -4.041587e-02
  431 -4.058449e-02
  432 -4.075299e-02
  433 -4.092139e-02
  434 -4.108969e-02
  435 -4.125790e-02
  436 -4.142603e-02
  437 -4.159408e-02
  438 -4.176206e-02
  439 -4.192998e-02
  440 -4.209783e-02
  441 -4.227757e-02
  442 -4.244961e-02
  443 -4.262397e-02
  444 -4.279696e-02
  445 -4.297034e-02
  446 -4.314329e-02
  447 -4.331625e-02
  448 -4.348904e-02
  449 -4.366176e-02
  450 -4.383439e-02
  451 -4.400696e-02
  452 -4.417946e-02
  453 -4.435192e-02
  454 -4.452432e-02
  455 -4.469669e-02
  456 -4.486903e-02
  457 -4.504134e-02
  458 -4.521363e-02
  459 -4.538589e-02
  460 -4.555814e-02
  461 -4.573037e-02
  462 -4.590260e-02
  463 -4.607481e-02
  464 -4.624702e-02
  465 -4.641922e-02
  466 -4.659142e-02
  467 -4.676362e-02
  468 -4.693581e-02
  469 -4.710801e-02
  470 -4.728021e-02
  471 -4.745242e-02
  472 -4.762463e-02
  473 -4.779685e-02
  474 -4.796907e-02
  475 -4.814130e-02
  476 -4.831353e-02
  477 -4.848578e-02
  478 -4.865803e-02
  479 -4.883030e-02
  480 -4.900257e-02
  481 -4.917485e-02
  482 -4.934715e-02
  483 -4.951946e-02
  484 -4.969178e-02
  485 -4.986411e-02
  486 -5.003645e-02
  487 -5.020880e-02
  488 -5.038117e-02
  489 -5.055355e-02
  490 -5.072595e-02
  491 -5.089836e-02
  492 -5.107078e-02
  493 -5.124321e-02
  494 -5.141566e-02
  495 -5.158813e-02
  496 -5.176060e-02
  497 -5.193309e-02
  498 -5.210560e-02
  499 -5.227812e-02
  500 -5.245065e-02
  501 -5.262320e-02
  502 -5.279576e-02
  503 -5.296834e-02
  504 -5.314093e-02
  505 -5.331354e-02
  506 -5.348616e-02
  507 -5.365880e-02
  508 -5.383145e-02
  509 -5.400411e-02
  510 -5.417679e-02
  511 -5.434949e-02
  512 -5.452220e-02
  513 -5.469492e-02
  514 -5.486766e-02
  515 -5.504042e-02
  516 -5.521319e-02
  517 -5.538597e-02
  518 -5.555877e-02
  519 -5.573158e-02
  520 -5.590441e-02
  521 -5.607725e-02
  522 -5.625011e-02
  523 -5.642298e-02
  524 -5.659587e-02
  525 -5.676877e-02
  526 -5.694169e-02
  527 -5.711462e-02
  528 -5.728757e-02
  529 -5.746053e-02
  530 -5.763351e-02
  531 -5.780650e-02
  532 -5.797951e-02
  533 -5.815253e-02
  534 -5.832557e-02
  535 -5.849862e-02
  536 -5.867169e-02
  537 -5.884477e-02
  538 -5.901787e-02
  539 -5.919098e-02
  540 -5.936411e-02
  541 -5.953725e-02
  542 -5.971041e-02
  543 -5.988358e-02
  544 -6.005677e-02
  545 -6.022997e-02
  546 -6.040319e-02
  547 -6.057642e-02
  548 -6.074967e-02
  549 -6.092293e-02
  550 -6.109621e-02
  551 -6.126951e-02
  552 -6.144282e-02
  553 -6.161614e-02
  554 -6.178948e-02
  555 -6.196284e-02
  556 -6.213621e-02
  557 -6.230960e-02
  558 -6.248300e-02
  559 -6.265642e-02
  560 -6.282986e-02
  561 -6.300331e-02
  562 -6.317677e-02
  563 -6.335025e-02
  564 -6.352375e-02
  565 -6.369727e-02
  566 -6.387079e-02
  567 -6.404434e-02
  568 -6.421790e-02
  569 -6.439148e-02
  570 -6.456507e-02
  571 -6.473868e-02
  572 -6.491231e-02
  573 -6.508595e-02
  574 -6.525961e-02
  575 -6.543328e-02
  576 -6.560698e-02
  577 -6.578068e-02
  578 -6.595441e-02
  579 -6.612815e-02
  580 -6.630191e-02
  581 -6.647568e-02
  582 -6.664947e-02
  583 -6.682328e-02
  584 -6.699711e-02
  585 -6.717095e-02
  586 -6.734481e-02
  587 -6.751868e-02
  588 -6.769257e-02
  589 -6.786648e-02
  590 -6.804041e-02
  591 -6.821436e-02
  592 -6.838832e-02
  593 -6.856230e-02
  594 -6.873629e-02
  595 -6.891031e-02
  596 -6.908434e-02
  597 -6.925839e-02
  598 -6.943246e-02
  599 -6.960654e-02
  600 -6.978064e-02
  601 -7.104682e-02
  602 -7.082092e-02
  603 -7.136311e-02
  604 -7.150232e-02
  605 -7.182918e-02
  606 -7.205511e-02
  607 -7.232486e-02
  608 -7.256773e-02
  609 -7.281945e-02
  610 -7.306289e-02
  611 -7.330702e-02
  612 -7.354780e-02
  613 -7.378759e-02
  614 -7.402555e-02
  615 -7.426238e-02
  616 -7.449798e-02
  617 -7.473261e-02
  618 -7.496633e-02
  619 -7.519929e-02
  620 -7.543157e-02
  621 -7.566326e-02
  622 -7.589442e-02
  623 -7.612513e-02
  624 -7.635544e-02
  625 -7.658541e-02
  626 -7.681508e-02
  627 -7.704448e-02
  628 -7.727366e-02
  629 -7.750264e-02
  630 -7.773145e-02
  631 -7.796012e-02
  632 -7.818866e-02
  633 -7.841709e-02
  634 -7.864543e-02
  635 -7.887369e-02
  636 -7.910188e-02
  637 -7.933003e-02
  638 -7.955812e-02
  639 -7.978618e-02
  640 -8.001421e-02
  641 -8.024221e-02
  642 -8.047020e-02
  643 -8.069817e-02
  644 -8.092613e-02
  645 -8.115408e-02
  646 -8.138203e-02
  647 -8.160998e-02
  648 -8.183793e-02
  649 -8.206589e-02
  650 -8.229385e-02
  651 -8.252181e-02
  652 -8.274978e-02
  653 -8.297776e-02
  654 -8.320575e-02
  655 -8.343375e-02
  656 -8.366175e-02
  657 -8.388977e-02
  658 -8.411780e-02
  659 -8.434584e-02
  660 -8.457389e-02
  661 -8.482185e-02
  662 -8.505710e-02
  663 -8.529631e-02
  664 -8.553332e-02
  665 -8.577108e-02
  666 -8.600821e-02
  667 -8.624545e-02
  668 -8.648248e-02
  669 -8.671949e-02
  670 -8.695642e-02
  671 -8.719332e-02
  672 -8.743020e-02
  673 -8.766707e-02
  674 -8.790393e-02
  675 -8.814081e-02
  676 -8.837771e-02
  677 -8.861463e-02
  678 -8.885159e-02
  679 -8.908859e-02
  680 -8.932562e-02
  681 -8.956271e-02
  682 -8.979984e-02
  683 -9.003704e-02
  684 -9.027429e-02
  685 -9.051160e-02
  686 -9.074898e-02
  687 -9.098642e-02
  688 -9.122394e-02
  689 -9.146152e-02
  690 -9.169918e-02
  691 -9.193692e-02
  692 -9.217473e-02
  693 -9.241262e-02
  694 -9.265059e-02
  695 -9.288864e-02
  696 -9.312677e-02
  697 -9.336499e-02
  698 -9.360329e-02
  699 -9.384168e-02
  700 -9.408015e-02
  701 -9.431871e-02
  702 -9.455736e-02
  703 -9.479609e-02
  704 -9.503492e-02
  705 -9.527383e-02
  706 -9.551283e-02
  707 -9.575193e-02
  708 -9.599111e-02
  709 -9.623039e-02
  710 -9.646975e-02
  711 -9.670921e-02
  712 -9.694876e-02
  713 -9.718841e-02
  714 -9.742814e-02
  715 -9.766797e-02
  716 -9.790790e-02
  717 -9.814791e-02
  718 -9.838802e-02
  719 -9.862823e-02
  720 -9.886852e-02
  721 -9.910891e-02
  722 -9.934940e-02
  723 -9.958998e-02
  724 -9.983065e-02
  725 -1.000714e-01
  726 -1.003123e-01
  727 -1.005532e-01
  728 -1.007943e-01
  729 -1.010354e-01
  730 -1.012767e-01
  731 -1.015180e-01
  732 -1.017594e-01
  733 -1.020010e-01
  734 -1.022426e-01
  735 -1.024843e-01
  736 -1.027261e-01
  737 -1.029680e-01
  738 -1.032100e-01
  739 -1.034521e-01
  740 -1.036943e-01
  741 -1.039366e-01
  742 -1.041789e-01
  743 -1.044214e-01
  744 -1.046640e-01
  745 -1.049066e-01
  746 -1.051494e-01
  747 -1.053922e-01
  748 -1.056352e-01
  749 -1.058782e-01
  750 -1.061214e-01
  751 -1.063646e-01
  752 -1.066079e-01
  753 -1.068513e-01
  754 -1.070949e-01
  755 -1.073385e-01
  756 -1.075822e-01
  757 -1.078260e-01
  758 -1.080699e-01
  759 -1.083139e-01
  760 -1.085580e-01
  761 -1.088021e-01
  762 -1.090464e-01
  763 -1.092908e-01
  764 -1.095353e-01
  765 -1.097798e-01
  766 -1.100245e-01
  767 -1.102692e-01
  768 -1.105141e-01
  769 -1.107590e-01
  770 -1.110041e-01
  771 -1.112492e-01
  772 -1.114944e-01
  773 -1.117398e-01
  774 -1.119852e-01
  775 -1.122307e-01
  776 -1.124763e-01
  777 -1.127220e-01
  778 -1.129678e-01
  779 -1.132137e-01
  780 -1.134597e-01
  781 -1.137058e-01
  782 -1.139520e-01
  783 -1.141983e-01
  784 -1.144446e-01
  785 -1.146911e-01
  786 -1.149377e-01
  787 -1.151844e-01
  788 -1.154311e-01
  789 -1.156780e-01
  790 -1.159249e-01
  791 -1.161720e-01
  792 -1.164191e-01
  793 -1.166664e-01
  794 -1.169137e-01
  795 -1.171612e-01
  796 -1.174087e-01
  797 -1.176563e-01
  798 -1.179041e-01
  799 -1.181519e-01
  800 -1.183998e-01
