    1     0
    2     0
    3     0
    4     0
    5     0
    6     0
    7     0
    8     0
    9     0
   10     0
   11     0
   12 -2.410000e+00
   13 1.281239e-01
   14 -1.186224e+00
   15 -8.117628e-02
   16 -9.738285e-01
   17 -2.052405e-01
   18 -8.326780e-01
   19 -2.920106e-01
   20 -7.327282e-01
   21 -3.518050e-01
   22 -6.613418e-01
   23 -3.929805e-01
   24 -6.104806e-01
   25 -4.215420e-01
   26 -5.745143e-01
   27 -4.416482e-01
   28 -5.494012e-01
   29 -4.561374e-01
   30 -5.322133e-01
   31 -4.669267e-01
   32 -5.208176e-01
   33 -4.752980e-01
   34 -5.136530e-01
   35 -4.820989e-01
   36 -5.095727e-01
   37 -4.878823e-01
   38 -5.077318e-01
   39 -4.930038e-01
   40 -5.075062e-01
   41 -4.976876e-01
   42 -5.084348e-01
   43 -5.020723e-01
   44 -5.101766e-01
   45 -5.062412e-01
   46 -5.124795e-01
   47 -5.102431e-01
   48 -5.151583e-01
   49 -5.141052e-01
   50 -5.180767e-01
   51 -5.178424e-01
   52 -5.211355e-01
   53 -5.214622e-01
   54 -5.242627e-01
   55 -5.249686e-01
   56 -5.274071e-01
   57 -5.283640e-01
   58 -5.305321e-01
   59 -5.316502e-01
   60 -5.336127e-01
   61 -5.348290e-01
   62 -5.366319e-01
   63 -5.379025e-01
   64 -5.395787e-01
   65 -5.408735e-01
   66 -5.424466e-01
   67 -5.437446e-01
   68 -5.452319e-01
   69 -5.465192e-01
   70 -5.479333e-01
   71 -5.492005e-01
   72 -5.505508e-01
   73 -5.517919e-01
   74 -5.530857e-01
   75 -5.542969e-01
   76 -5.555397e-01
   77 -5.567189e-01
   78 -5.579149e-01
   79 -5.590610e-01
   80 -5.602138e-01
   81 -5.613265e-01
   82 -5.624389e-01
   83 -5.635183e-01
   84 -5.645927e-01
   85 -5.656392e-01
   86 -5.666777e-01
   87 -5.676920e-01
   88 -5.686962e-01
   89 -5.696792e-01
   90 -5.706507e-01
   91 -5.716031e-01
   92 -5.725434e-01
   93 -5.734661e-01
   94 -5.743764e-01
   95 -5.752704e-01
   96 -5.761517e-01
   97 -5.770178e-01
   98 -5.778713e-01
   99 -5.787104e-01
  100 -5.795371e-01
  101 -5.803500e-01
  102 -5.811508e-01
  103 -5.819384e-01
  104 -5.827141e-01
  105 -5.834772e-01
  106 -5.842287e-01
  107 -5.849681e-01
  108 -5.856961e-01
  109 -5.864125e-01
  110 -5.871179e-01
  111 -5.878120e-01
  112 -5.884954e-01
  113 -5.891680e-01
  114 -5.898301e-01
  115 -5.904819e-01
  116 -5.911234e-01
  117 -5.917549e-01
  118 -5.923765e-01
  119 -5.929884e-01
  120 -5.935907e-01
  121 -5.941836e-01
  122 -5.947673e-01
  123 -5.953418e-01
  124 -5.959073e-01
  125 -5.964640e-01
  126 -5.970119e-01
  127 -5.975513e-01
  128 -5.980823e-01
  129 -5.986050e-01
  130 1.810881e+00
  131 -1.162796e+00
  132 7.373497e-01
  133 -8.643824e-01
  134 4.491005e-01
  135 -6.736375e-01
  136 2.498991e-01
  137 -5.401964e-01
  138 1.089943e-01
  139 -4.472714e-01
  140 9.071849e-03
  141 -3.825367e-01
  142 -6.168397e-02
  143 -3.372908e-01
  144 -1.116062e-01
  145 -3.054724e-01
  146 -1.466230e-01
  147 -2.828838e-01
  148 -1.709673e-01
  149 -2.666291e-01
  150 -1.876688e-01
  151 -2.547179e-01
  152 -1.989006e-01
  153 -2.457867e-01
  154 -2.062238e-01
  155 -2.389046e-01
  156 -2.107616e-01
  157 -2.334382e-01
  158 -2.133224e-01
  159 -2.289576e-01
  160 -2.144885e-01
  161 -2.251718e-01
  162 -2.146788e-01
  163 -2.218838e-01
  164 -2.141947e-01
  165 -2.189603e-01
  166 -2.132523e-01
  167 -2.163110e-01
  168 -2.120063e-01
  169 -2.138740e-01
  170 -2.105667e-01
  171 -2.116068e-01
  172 -2.090113e-01
  173 -2.094795e-01
  174 -2.073950e-01
  175 -2.074708e-01
  176 -2.057557e-01
  177 -2.055651e-01
  178 -2.041194e-01
  179 -2.037508e-01
  180 -2.025036e-01
  181 -2.020185e-01
  182 -2.009196e-01
  183 -2.003611e-01
  184 -1.993747e-01
  185 -1.987724e-01
  186 -1.978729e-01
  187 -1.972473e-01
  188 -1.964164e-01
  189 -1.957816e-01
  190 -1.950058e-01
  191 -1.943714e-01
  192 -1.936410e-01
  193 -1.930133e-01
  194 -1.923212e-01
  195 -1.917044e-01
  196 -1.910452e-01
  197 -1.904420e-01
  198 -1.898118e-01
  199 -1.892237e-01
  200 -1.886194e-01
  201 1.553113e-01
  202 -3.091482e-01
  203 8.892595e-02
  204 -2.525067e-01
  205 3.575656e-02
  206 -2.050046e-01
  207 -1.324203e-03
  208 -1.706753e-01
  209 -2.725234e-02
  210 -1.463344e-01
  211 -4.535691e-02
  212 -1.290456e-01
  213 -5.790414e-02
  214 -1.166614e-01
  215 -6.647969e-02
  216 -1.076688e-01
  217 -7.220626e-02
  218 -1.010124e-01
  219 -7.588363e-02
  220 -9.595952e-02
  221 1.319546e-01
  222 -1.615649e-01
  223 8.193014e-02
  224 -1.168509e-01
  225 5.023124e-02
  226 -8.861582e-02
  227 2.829533e-02
  228 -6.947099e-02
  229 1.258749e-02
  230 -5.628907e-02
  231 1.372123e-03
  232 -4.710659e-02
  233 -6.530544e-03
  234 -4.059202e-02
  235 -1.197440e-02
  236 -3.583935e-02
  237 -1.558691e-02
  238 -3.223683e-02
  239 -1.783306e-02
  240 -2.937586e-02
  241 -1.905988e-02
  242 -2.698712e-02
  243 -1.952797e-02
  244 -2.489601e-02
  245 -1.943403e-02
  246 -2.299170e-02
  247 -1.892713e-02
  248 -2.120567e-02
  249 -1.812050e-02
  250 -1.949709e-02
  251 -1.710027e-02
  252 -1.784286e-02
  253 -1.593186e-02
  254 -1.623089e-02
  255 -1.466488e-02
  256 -1.465572e-02
  257 -1.333681e-02
  258 -1.311565e-02
  259 -1.197573e-02
  260 9.523891e-01
  261 -2.358706e-01
  262 5.248472e-01
  263 -1.147395e-01
  264 4.113679e-01
  265 -3.670266e-02
  266 3.334571e-01
  267 1.837843e-02
  268 2.788139e-01
  269 5.721380e-02
  270 2.405126e-01
  271 8.473041e-02
  272 2.138274e-01
  273 1.044071e-01
  274 1.954257e-01
  275 1.186674e-01
  276 1.829373e-01
  277 1.291903e-01
  278 1.746701e-01
  279 1.371345e-01
  280 1.694135e-01
  281 1.432969e-01
  282 1.662997e-01
  283 1.482238e-01
  284 1.647055e-01
  285 1.522888e-01
  286 1.641833e-01
  287 1.557464e-01
  288 1.644109e-01
  289 1.587698e-01
  290 1.651569e-01
  291 1.614768e-01
  292 1.662551e-01
  293 1.639473e-01
  294 1.675861e-01
  295 1.662359e-01
  296 1.690649e-01
  297 1.683799e-01
  298 1.706308e-01
  299 1.704052e-01
  300 1.722409e-01
  301 1.723301e-01
  302 1.738651e-01
  303 1.741674e-01
  304 1.754827e-01
  305 1.759267e-01
  306 1.770794e-01
  307 1.776153e-01
  308 1.786459e-01
  309 1.792388e-01
  310 1.801761e-01
  311 1.808018e-01
  312 1.816663e-01
  313 1.823081e-01
  314 1.831145e-01
  315 1.837610e-01
  316 1.845199e-01
  317 1.851632e-01
  318 1.858825e-01
  319 1.865174e-01
  320 1.872028e-01
  321 1.878258e-01
  322 1.884816e-01
  323 1.890906e-01
  324 1.897198e-01
  325 1.903135e-01
  326 1.909187e-01
  327 1.914964e-01
  328 1.920796e-01
  329 1.926408e-01
  330 1.932035e-01
  331 1.937483e-01
  332 1.942917e-01
  333 1.948203e-01
  334 1.953455e-01
  335 1.958580e-01
  336 1.963660e-01
  337 1.968628e-01
  338 1.973542e-01
  339 1.978357e-01
  340 1.983114e-01
  341 1.987779e-01
  342 1.992384e-01
  343 1.996905e-01
  344 2.001363e-01
  345 2.005743e-01
  346 2.010061e-01
  347 2.014305e-01
  348 2.018486e-01
  349 2.022598e-01
  350 2.026648e-01
  351 2.030631e-01
  352 2.034554e-01
  353 2.038414e-01
  354 2.042214e-01
  355 2.045953e-01
  356 2.049634e-01
  357 2.053257e-01
  358 2.056823e-01
  359 2.060333e-01
  360 2.063788e-01
  361 2.067188e-01
  362 2.070535e-01
  363 2.073829e-01
  364 2.077072e-01
  365 2.080264e-01
  366 2.083405e-01
  367 2.086498e-01
  368 2.089541e-01
  369 2.092537e-01
  370 2.095486e-01
  371 2.098389e-01
  372 2.101246e-01
  373 2.104058e-01
  374 2.106826e-01
  375 2.109551e-01
  376 2.112233e-01
  377 2.114873e-01
  378 2.117471e-01
  379 2.120029e-01
  380 2.122546e-01
  381 2.125024e-01
  382 2.127464e-01
  383 2.129865e-01
  384 2.132228e-01
  385 2.134554e-01
  386 2.136844e-01
  387 2.139098e-01
  388 2.141317e-01
  389 2.143500e-01
  390 -2.195435e+00
  391 7.779467e-01
  392 -1.122489e+00
  393 4.789570e-01
  394 -8.348071e-01
  395 2.876539e-01
  396 -6.361552e-01
  397 1.536719e-01
  398 -4.957830e-01
  399 6.022269e-02
  400 -3.963765e-01
  401 -1.423634e-01
  402 -2.774481e-01
  403 -1.610929e-01
  404 -2.502212e-01
  405 -1.716814e-01
  406 -2.342436e-01
  407 -1.794754e-01
  408 -2.236691e-01
  409 -1.853962e-01
  410 -2.167415e-01
  411 -1.901026e-01
  412 -2.124624e-01
  413 -1.940516e-01
  414 -2.101293e-01
  415 -1.975395e-01
  416 -2.092245e-01
  417 -2.007509e-01
  418 -2.093615e-01
  419 -2.037954e-01
  420 -2.102513e-01
  421 -2.067353e-01
  422 -2.116772e-01
  423 -2.096028e-01
  424 -2.134768e-01
  425 -2.124121e-01
  426 -2.155289e-01
  427 -2.151674e-01
  428 -2.177432e-01
  429 -2.178675e-01
  430 -2.200531e-01
  431 -2.205088e-01
  432 -2.224094e-01
  433 -2.230875e-01
  434 -2.247765e-01
  435 -2.255998e-01
  436 -2.271287e-01
  437 -2.280431e-01
  438 -2.294482e-01
  439 -2.304154e-01
  440 -2.317225e-01
  441 -3.587395e-01
  442 -1.922071e-01
  443 -3.316351e-01
  444 -2.192749e-01
  445 -3.149945e-01
  446 -2.367017e-01
  447 -3.038109e-01
  448 -2.488230e-01
  449 -2.960594e-01
  450 -2.574500e-01
  451 -2.907696e-01
  452 -2.637183e-01
  453 -2.872864e-01
  454 -2.683993e-01
  455 -2.851372e-01
  456 -2.720196e-01
  457 -2.839750e-01
  458 -2.749360e-01
  459 -2.835434e-01
  460 -2.773876e-01
  461 -2.836513e-01
  462 -2.795331e-01
  463 -2.841553e-01
  464 -2.814760e-01
  465 -2.849473e-01
  466 -2.832828e-01
  467 -2.859455e-01
  468 -2.849950e-01
  469 -2.870880e-01
  470 -2.866379e-01
  471 -2.883275e-01
  472 -2.882263e-01
  473 -2.896285e-01
  474 -2.897686e-01
  475 -2.909638e-01
  476 -2.912688e-01
  477 -2.923134e-01
  478 -2.927289e-01
  479 -2.936620e-01
  480 -2.941497e-01
  481 -2.949986e-01
  482 -2.955313e-01
  483 -2.963151e-01
  484 -2.968736e-01
  485 -2.976059e-01
  486 -2.981767e-01
  487 -2.988669e-01
  488 -2.994407e-01
  489 -3.000956e-01
  490 -3.006659e-01
  491 -3.012906e-01
  492 -3.018531e-01
  493 -3.024511e-01
  494 -3.030027e-01
  495 -3.035768e-01
  496 -3.041157e-01
  497 -3.046680e-01
  498 -3.051931e-01
  499 -3.057252e-01
  500 -3.062358e-01
  501 -3.067490e-01
  502 -3.072448e-01
  503 -3.077402e-01
  504 -3.082213e-01
  505 -3.086999e-01
  506 -3.091663e-01
  507 -3.096289e-01
  508 -3.100808e-01
  509 -3.105281e-01
  510 -3.109659e-01
  511 -3.113986e-01
  512 -3.118227e-01
  513 -3.122413e-01
  514 -3.126520e-01
  515 -3.130570e-01
  516 -3.134548e-01
  517 -3.138469e-01
  518 -3.142321e-01
  519 -3.146116e-01
  520 -3.149846e-01
  521 -3.153520e-01
  522 -3.157133e-01
  523 -3.160690e-01
  524 -3.164188e-01
  525 -3.167633e-01
  526 -3.171021e-01
  527 -3.174357e-01
  528 -3.177638e-01
  529 -3.180868e-01
  530 -3.184046e-01
  531 -3.187175e-01
  532 -3.190253e-01
  533 -3.193282e-01
  534 -3.196264e-01
  535 -3.199198e-01
  536 -3.202086e-01
  537 -3.204928e-01
  538 -3.207725e-01
  539 -3.210478e-01
  540 -3.213187e-01
  541 -3.215854e-01
  542 -3.218478e-01
  543 -3.221061e-01
  544 -3.223603e-01
  545 -3.226105e-01
  546 -3.228567e-01
  547 -3.230991e-01
  548 -3.233376e-01
  549 -3.235724e-01
  550 -3.238034e-01
  551 -3.240309e-01
  552 -3.242547e-01
  553 -3.244750e-01
  554 -3.246918e-01
  555 -3.249052e-01
  556 -3.251152e-01
  557 -3.253220e-01
  558 -3.255254e-01
  559 -3.257257e-01
  560 -3.259228e-01
  561 -3.261168e-01
  562 -3.263078e-01
  563 -3.264957e-01
  564 -3.266807e-01
  565 -3.268628e-01
  566 -3.270420e-01
  567 -3.272183e-01
  568 -3.273919e-01
  569 -3.275628e-01
  570 -3.277310e-01
  571 -3.278966e-01
  572 -3.280595e-01
  573 -3.282199e-01
  574 -3.283777e-01
  575 -3.285331e-01
  576 -3.286860e-01
  577 -3.288365e-01
  578 -3.289847e-01
  579 -3.291305e-01
  580 -3.292741e-01
  581 -3.294153e-01
  582 -3.295544e-01
  583 -3.296913e-01
  584 -3.298260e-01
  585 -3.299586e-01
  586 -3.300892e-01
  587 -3.302176e-01
  588 -3.303441e-01
  589 -3.304686e-01
  590 -3.305911e-01
  591 -3.307117e-01
  592 -3.308304e-01
  593 -3.309473e-01
  594 -3.310623e-01
  595 -3.311755e-01
  596 -3.312869e-01
  597 -3.313966e-01
  598 -3.315046e-01
  599 -3.316108e-01
  600 -3.317154e-01
  601 -5.721695e-01
  602 -2.467427e-01
  603 -5.251055e-01
  604 -2.858094e-01
  605 -4.873131e-01
  606 -3.184982e-01
  607 -4.608024e-01
  608 -3.419847e-01
  609 -4.421172e-01
  610 -3.584975e-01
  611 -4.289264e-01
  612 -3.700911e-01
  613 -4.196430e-01
  614 -3.782683e-01
  615 -4.131562e-01
  616 -3.840875e-01
  617 -4.086797e-01
  618 -3.882868e-01
  619 -4.056529e-01
  620 -3.913788e-01
  621 -4.036745e-01
  622 -3.937168e-01
  623 -4.024560e-01
  624 -3.955439e-01
  625 -4.017886e-01
  626 -3.970256e-01
  627 -4.015208e-01
  628 -3.982740e-01
  629 -4.015420e-01
  630 -3.993645e-01
  631 -4.017710e-01
  632 -4.003471e-01
  633 -4.021483e-01
  634 -4.012547e-01
  635 -4.026298e-01
  636 -4.021087e-01
  637 -4.031831e-01
  638 -4.029228e-01
  639 -4.037840e-01
  640 -4.037054e-01
  641 -4.044148e-01
  642 -4.044619e-01
  643 -4.050623e-01
  644 -4.051955e-01
  645 -4.057167e-01
  646 -4.059081e-01
  647 -4.063711e-01
  648 -4.066008e-01
  649 -4.070204e-01
  650 -4.072745e-01
  651 -4.076608e-01
  652 -4.079294e-01
  653 -4.082898e-01
  654 -4.085661e-01
  655 -4.089057e-01
  656 -4.091848e-01
  657 -4.095072e-01
  658 -4.097859e-01
  659 -4.100938e-01
  660 -4.103698e-01
  661 -6.207040e-01
  662 -3.413760e-01
  663 -5.723708e-01
  664 -3.834352e-01
  665 -5.415801e-01
  666 -4.095121e-01
  667 -5.199853e-01
  668 -4.268349e-01
  669 -5.042091e-01
  670 -4.384233e-01
  671 -4.926314e-01
  672 -4.461689e-01
  673 -4.841574e-01
  674 -4.513562e-01
  675 -4.779958e-01
  676 -4.548606e-01
  677 -4.735656e-01
  678 -4.572742e-01
  679 -4.704358e-01
  680 -4.589933e-01
  681 -4.682849e-01
  682 -4.602794e-01
  683 -4.668709e-01
  684 -4.613026e-01
  685 -4.660108e-01
  686 -4.621708e-01
  687 -4.655656e-01
  688 -4.629508e-01
  689 -4.654291e-01
  690 -4.636823e-01
  691 -4.655205e-01
  692 -4.643877e-01
  693 -4.657779e-01
  694 -4.650784e-01
  695 -4.661540e-01
  696 -4.657593e-01
  697 -4.666130e-01
  698 -4.664316e-01
  699 -4.671276e-01
  700 -4.670945e-01
  701 -4.676775e-01
  702 -4.677463e-01
  703 -4.682473e-01
  704 -4.683852e-01
  705 -4.688258e-01
  706 -4.690095e-01
  707 -4.694047e-01
  708 -4.696177e-01
  709 -4.699781e-01
  710 -4.702089e-01
  711 -4.705420e-01
  712 -4.707825e-01
  713 -4.710935e-01
  714 -4.713381e-01
  715 -4.716310e-01
  716 -4.718757e-01
  717 -4.721532e-01
  718 -4.723955e-01
  719 -4.726596e-01
  720 -4.728979e-01
  721 -4.731502e-01
  722 -4.733832e-01
  723 -4.736250e-01
  724 -4.738520e-01
  725 -4.740842e-01
  726 -4.743050e-01
  727 -4.745283e-01
  728 -4.747426e-01
  729 -4.749577e-01
  730 -4.751655e-01
  731 -4.753729e-01
  732 -4.755743e-01
  733 -4.757745e-01
  734 -4.759695e-01
  735 -4.761628e-01
  736 -4.763517e-01
  737 -4.765386e-01
  738 -4.767214e-01
  739 -4.769021e-01
  740 -4.770791e-01
  741 -4.772538e-01
  742 -4.774253e-01
  743 -4.775943e-01
  744 -4.777603e-01
  745 -4.779239e-01
  746 -4.780846e-01
  747 -4.782430e-01
  748 -4.783986e-01
  749 -4.785519e-01
  750 -4.787027e-01
  751 -4.788511e-01
  752 -4.789971e-01
  753 -4.791409e-01
  754 -4.792823e-01
  755 -4.794216e-01
  756 -4.795586e-01
  757 -4.796934e-01
  758 -4.798261e-01
  759 -4.799568e-01
  760 -4.800853e-01
  761 -4.802119e-01
  762 -4.803364e-01
  763 -4.804590e-01
  764 -4.805797e-01
  765 -4.806985e-01
  766 -4.808154e-01
  767 -4.809304e-01
  768 -4.810437e-01
  769 -4.811552e-01
  770 -4.812649e-01
  771 -4.813730e-01
  772 -4.814793e-01
  773 -4.815839e-01
  774 -4.816870e-01
  775 -4.817884e-01
  776 -4.818882e-01
  777 -4.819865e-01
  778 -4.820832e-01
  779 -4.821784e-01
  780 -4.822721e-01
  781 -4.823644e-01
  782 -4.824552e-01
  783 -4.825446e-01
  784 -4.826326e-01
  785 -4.827192e-01
  786 -4.828045e-01
  787 -4.828884e-01
  788 -4.829710e-01
  789 -4.830523e-01
  790 -4.831324e-01
  791 -4.832112e-01
  792 -4.832888e-01
  793 -4.833652e-01
  794 -4.834403e-01
  795 -4.835143e-01
  796 -4.835872e-01
  797 -4.836589e-01
  798 -4.837295e-01
  799 -4.837990e-01
  800 -4.838674e-01
