    1     0
    2     0
    3     0
    4     0
    5     0
    6     0
    7     0
    8     0
    9     0
   10     0
   11     0
   12 7.850000e-01
   13 1.230467e+00
   14 -2.401683e-01
   15 9.083071e-01
   16 -8.995458e-02
   17 6.884539e-01
   18 -8.831595e-03
   19 5.330813e-01
   20 4.069190e-02
   21 4.195338e-01
   22 7.144588e-02
   23 3.365256e-01
   24 9.051908e-02
   25 2.761080e-01
   26 1.023417e-01
   27 2.323637e-01
   28 1.097067e-01
   29 2.008712e-01
   30 1.143581e-01
   31 1.783363e-01
   32 1.173693e-01
   33 1.623139e-01
   34 1.193893e-01
   35 1.509965e-01
   36 1.208029e-01
   37 1.430533e-01
   38 1.218327e-01
   39 1.375095e-01
   40 1.226043e-01
   41 1.336549e-01
   42 1.231874e-01
   43 1.309754e-01
   44 1.236201e-01
   45 1.291020e-01
   46 1.239244e-01
   47 1.277718e-01
   48 1.241142e-01
   49 1.267998e-01
   50 1.242001e-01
   51 1.260576e-01
   52 1.241919e-01
   53 1.254573e-01
   54 1.240993e-01
   55 1.249402e-01
   56 1.239321e-01
   57 1.244680e-01
   58 1.237005e-01
   59 1.240168e-01
   60 1.234141e-01
   61 1.235723e-01
   62 1.230825e-01
   63 1.231268e-01
   64 1.227144e-01
   65 1.226771e-01
   66 1.223179e-01
   67 1.222223e-01
   68 1.219001e-01
   69 1.217632e-01
   70 1.214671e-01
   71 1.213016e-01
   72 1.210244e-01
   73 1.208394e-01
   74 1.205763e-01
   75 1.203787e-01
   76 1.201266e-01
   77 1.199213e-01
   78 1.196783e-01
   79 1.194689e-01
   80 1.192337e-01
   81 1.190229e-01
   82 1.187948e-01
   83 1.185845e-01
   84 1.183628e-01
   85 1.181545e-01
   86 1.179389e-01
   87 1.177336e-01
   88 1.175239e-01
   89 1.173221e-01
   90 1.171181e-01
   91 1.169205e-01
   92 1.167220e-01
   93 1.165288e-01
   94 1.163357e-01
   95 1.161471e-01
   96 1.159593e-01
   97 1.157753e-01
   98 1.155927e-01
   99 1.154134e-01
  100 1.152357e-01
  101 1.150612e-01
  102 1.148884e-01
  103 1.147184e-01
  104 1.145504e-01
  105 1.143850e-01
  106 1.142216e-01
  107 1.140607e-01
  108 1.139017e-01
  109 1.137452e-01
  110 1.135906e-01
  111 1.134383e-01
  112 1.132880e-01
  113 1.131399e-01
  114 1.129937e-01
  115 1.128496e-01
  116 1.127074e-01
  117 1.125673e-01
  118 1.124290e-01
  119 1.122927e-01
  120 1.121582e-01
  121 1.120257e-01
  122 1.118949e-01
  123 1.117659e-01
  124 1.116387e-01
  125 1.115133e-01
  126 1.113896e-01
  127 1.112676e-01
  128 1.111474e-01
  129 1.110287e-01
  130 1.109117e-01
  131 -1.214377e+00
  132 8.043765e-01
  133 -8.619458e-01
  134 5.630593e-01
  135 -5.968270e-01
  136 4.042092e-01
  137 -4.089826e-01
  138 2.962531e-01
  139 -2.747281e-01
  140 2.221167e-01
  141 -1.790434e-01
  142 1.708342e-01
  143 -1.111729e-01
  144 1.350721e-01
  145 -6.329904e-02
  146 1.098963e-01
  147 -2.974456e-02
  148 9.198068e-02
  149 -6.399142e-03
  150 7.907902e-02
  151 9.703742e-03
  152 6.967056e-02
  153 2.069786e-02
  154 6.272190e-02
  155 2.811234e-02
  156 5.752713e-02
  157 3.303840e-02
  158 5.360057e-02
  159 3.625103e-02
  160 5.060492e-02
  161 3.829746e-02
  162 4.830310e-02
  163 3.956152e-02
  164 4.652610e-02
  165 4.031020e-02
  166 4.515146e-02
  167 4.072741e-02
  168 4.408887e-02
  169 4.093831e-02
  170 4.327057e-02
  171 4.102675e-02
  172 4.264482e-02
  173 4.104783e-02
  174 4.217153e-02
  175 4.103685e-02
  176 4.181925e-02
  177 4.101560e-02
  178 4.156304e-02
  179 4.099682e-02
  180 4.138299e-02
  181 4.098734e-02
  182 4.126314e-02
  183 4.099019e-02
  184 4.119069e-02
  185 4.100607e-02
  186 4.115534e-02
  187 4.103435e-02
  188 4.114884e-02
  189 4.107369e-02
  190 4.116461e-02
  191 4.112246e-02
  192 4.119740e-02
  193 4.117896e-02
  194 4.124307e-02
  195 4.124162e-02
  196 4.129836e-02
  197 4.130904e-02
  198 4.136070e-02
  199 4.137999e-02
  200 4.142811e-02
  201 1.575046e-01
  202 -1.455963e-01
  203 2.270724e-01
  204 -1.130131e-01
  205 1.892248e-01
  206 -6.131670e-02
  207 1.557196e-01
  208 -2.084212e-02
  209 1.328896e-01
  210 9.233459e-03
  211 1.180024e-01
  212 3.152901e-02
  213 1.085253e-01
  214 4.811581e-02
  215 1.026665e-01
  216 6.051339e-02
  217 9.920243e-02
  218 6.983069e-02
  219 9.730650e-02
  220 -1.231454e+00
  221 8.019185e-02
  222 -3.929797e-01
  223 -7.511190e-02
  224 -2.861388e-01
  225 -9.386758e-02
  226 -2.311630e-01
  227 -9.755726e-02
  228 -1.921768e-01
  229 -9.749771e-02
  230 -1.631658e-01
  231 -9.587891e-02
  232 -1.414681e-01
  233 -9.362056e-02
  234 -1.252566e-01
  235 -9.122717e-02
  236 -1.131724e-01
  237 -8.897109e-02
  238 -1.041906e-01
  239 -8.698163e-02
  240 -9.753578e-02
  241 -8.530186e-02
  242 -9.262074e-02
  243 -8.392575e-02
  244 -8.900083e-02
  245 -8.282194e-02
  246 -8.634000e-02
  247 -8.194852e-02
  248 -8.438498e-02
  249 -8.126176e-02
  250 -8.294563e-02
  251 -8.072089e-02
  252 -8.187987e-02
  253 -8.029040e-02
  254 -8.108219e-02
  255 -7.994082e-02
  256 -8.047476e-02
  257 -7.964858e-02
  258 -8.000067e-02
  259 -7.939547e-02
  260 -7.961867e-02
  261 -6.092371e-01
  262 1.981783e-01
  263 -4.679623e-01
  264 1.020183e-01
  265 -3.616236e-01
  266 3.881558e-02
  267 -2.862012e-01
  268 -4.049202e-03
  269 -2.322183e-01
  270 -3.339913e-02
  271 -1.936652e-01
  272 -5.361622e-02
  273 -1.662390e-01
  274 -6.763120e-02
  275 -1.468122e-01
  276 -7.741622e-02
  277 -1.331143e-01
  278 -8.430094e-02
  279 -1.235014e-01
  280 -8.918353e-02
  281 -1.167874e-01
  282 -9.267230e-02
  283 -1.121195e-01
  284 -9.518077e-02
  285 -1.088863e-01
  286 -9.699154e-02
  287 -1.066520e-01
  288 -9.829913e-02
  289 -1.051070e-01
  290 -9.923873e-02
  291 -1.040326e-01
  292 -9.990539e-02
  293 -1.032757e-01
  294 -1.003669e-01
  295 -1.027297e-01
  296 -1.006724e-01
  297 -1.023212e-01
  298 -1.008581e-01
  299 -1.020002e-01
  300 -1.009511e-01
  301 -1.017332e-01
  302 -1.009723e-01
  303 -1.014983e-01
  304 -1.009376e-01
  305 -1.012813e-01
  306 -1.008597e-01
  307 -1.010735e-01
  308 -1.007484e-01
  309 -1.008698e-01
  310 -1.006117e-01
  311 -1.006675e-01
  312 -1.004559e-01
  313 -1.004651e-01
  314 -1.002861e-01
  315 -1.002624e-01
  316 -1.001063e-01
  317 -1.000595e-01
  318 -9.991973e-02
  319 -9.985695e-02
  320 -9.972893e-02
  321 -9.965527e-02
  322 -9.953593e-02
  323 -9.945506e-02
  324 -9.934230e-02
  325 -9.925686e-02
  326 -9.914925e-02
  327 -9.906115e-02
  328 -9.895773e-02
  329 -9.886832e-02
  330 -9.876843e-02
  331 -9.867870e-02
  332 -9.858189e-02
  333 -9.849252e-02
  334 -9.839848e-02
  335 -9.830996e-02
  336 -9.821846e-02
  337 -9.813115e-02
  338 -9.804204e-02
  339 -9.795616e-02
  340 -9.786930e-02
  341 -9.778502e-02
  342 -9.770034e-02
  343 -9.761774e-02
  344 -9.753515e-02
  345 -9.745432e-02
  346 -9.737376e-02
  347 -9.729470e-02
  348 -9.721612e-02
  349 -9.713886e-02
  350 -9.706220e-02
  351 -9.698674e-02
  352 -9.691195e-02
  353 -9.683827e-02
  354 -9.676532e-02
  355 -9.669340e-02
  356 -9.662224e-02
  357 -9.655205e-02
  358 -9.648264e-02
  359 -9.641416e-02
  360 -9.634647e-02
  361 -9.627966e-02
  362 -9.621365e-02
  363 -9.614849e-02
  364 -9.608411e-02
  365 -9.602056e-02
  366 -9.595779e-02
  367 -9.589582e-02
  368 -9.583462e-02
  369 -9.577421e-02
  370 -9.571454e-02
  371 -9.565564e-02
  372 -9.559748e-02
  373 -9.554006e-02
  374 -9.548337e-02
  375 -9.542741e-02
  376 -9.537216e-02
  377 -9.531762e-02
  378 -9.526378e-02
  379 -9.521063e-02
  380 -9.515816e-02
  381 -9.510638e-02
  382 -9.505526e-02
  383 -9.500480e-02
  384 -9.495500e-02
  385 -9.490585e-02
  386 -9.485733e-02
  387 -9.480945e-02
  388 -9.476220e-02
  389 -9.471556e-02
  390 -9.466953e-02
  391 1.230549e+00
  392 -7.882732e-01
  393 8.779811e-01
  394 -5.470909e-01
  395 6.127293e-01
  396 -3.883720e-01
  397 4.247556e-01
  398 -2.805433e-01
  399 2.903755e-01
  400 -2.065307e-01
  401 1.481483e-01
  402 -8.053034e-02
  403 5.236226e-02
  404 -5.788911e-02
  405 1.954269e-02
  406 -5.347549e-02
  407 -6.909550e-04
  408 -5.182976e-02
  409 -1.498238e-02
  410 -5.103514e-02
  411 -2.520535e-02
  412 -5.061868e-02
  413 -3.248079e-02
  414 -5.037568e-02
  415 -3.762118e-02
  416 -5.020820e-02
  417 -4.122849e-02
  418 -5.007428e-02
  419 -4.374717e-02
  420 -4.996123e-02
  421 -4.550294e-02
  422 -4.987010e-02
  423 -4.673241e-02
  424 -4.980704e-02
  425 -4.760572e-02
  426 -4.977865e-02
  427 -4.824373e-02
  428 -4.978986e-02
  429 -4.873108e-02
  430 -4.984323e-02
  431 -4.912600e-02
  432 -4.993896e-02
  433 -4.946764e-02
  434 -5.007526e-02
  435 -4.978158e-02
  436 -5.024890e-02
  437 -5.008386e-02
  438 -5.045568e-02
  439 -5.038390e-02
  440 7.343091e-01
  441 -4.094704e-02
  442 2.341900e-01
  443 5.178596e-02
  444 1.722906e-01
  445 6.282708e-02
  446 1.409474e-01
  447 6.497171e-02
  448 1.187820e-01
  449 6.495039e-02
  450 1.022946e-01
  451 6.404016e-02
  452 8.996884e-02
  453 6.277044e-02
  454 8.076849e-02
  455 6.143075e-02
  456 7.392246e-02
  457 6.017710e-02
  458 6.884860e-02
  459 5.908312e-02
  460 6.510575e-02
  461 5.817273e-02
  462 6.235915e-02
  463 5.744149e-02
  464 6.035487e-02
  465 5.687035e-02
  466 5.890056e-02
  467 5.643420e-02
  468 5.785092e-02
  469 5.610691e-02
  470 5.709662e-02
  471 5.586412e-02
  472 5.655576e-02
  473 5.568462e-02
  474 5.616738e-02
  475 5.555074e-02
  476 5.588641e-02
  477 5.544834e-02
  478 5.567982e-02
  479 5.536649e-02
  480 5.552364e-02
  481 5.529695e-02
  482 5.540066e-02
  483 5.523376e-02
  484 5.529872e-02
  485 5.517275e-02
  486 5.520937e-02
  487 5.511115e-02
  488 5.512685e-02
  489 5.504724e-02
  490 5.504737e-02
  491 5.498007e-02
  492 5.496852e-02
  493 5.490922e-02
  494 5.488887e-02
  495 5.483467e-02
  496 5.480765e-02
  497 5.475662e-02
  498 5.472454e-02
  499 5.467542e-02
  500 5.463951e-02
  501 5.459151e-02
  502 5.455271e-02
  503 5.450533e-02
  504 5.446437e-02
  505 5.441734e-02
  506 5.437480e-02
  507 5.432797e-02
  508 5.428429e-02
  509 5.423760e-02
  510 5.419314e-02
  511 5.414659e-02
  512 5.410163e-02
  513 5.405524e-02
  514 5.401002e-02
  515 5.396383e-02
  516 5.391852e-02
  517 5.387259e-02
  518 5.382734e-02
  519 5.378171e-02
  520 5.373663e-02
  521 5.369137e-02
  522 5.364656e-02
  523 5.360169e-02
  524 5.355723e-02
  525 5.351281e-02
  526 5.346876e-02
  527 5.342482e-02
  528 5.338123e-02
  529 5.333780e-02
  530 5.329471e-02
  531 5.325183e-02
  532 5.320928e-02
  533 5.316697e-02
  534 5.312498e-02
  535 5.308326e-02
  536 5.304186e-02
  537 5.300075e-02
  538 5.295996e-02
  539 5.291946e-02
  540 5.287930e-02
  541 5.283944e-02
  542 5.279991e-02
  543 5.276070e-02
  544 5.272182e-02
  545 5.268326e-02
  546 5.264503e-02
  547 5.260714e-02
  548 5.256957e-02
  549 5.253234e-02
  550 5.249545e-02
  551 5.245889e-02
  552 5.242266e-02
  553 5.238677e-02
  554 5.235122e-02
  555 5.231600e-02
  556 5.228113e-02
  557 5.224658e-02
  558 5.221238e-02
  559 5.217851e-02
  560 5.214498e-02
  561 5.211178e-02
  562 5.207892e-02
  563 5.204639e-02
  564 5.201420e-02
  565 5.198233e-02
  566 5.195080e-02
  567 5.191960e-02
  568 5.188873e-02
  569 5.185818e-02
  570 5.182797e-02
  571 5.179807e-02
  572 5.176850e-02
  573 5.173925e-02
  574 5.171033e-02
  575 5.168172e-02
  576 5.165342e-02
  577 5.162545e-02
  578 5.159778e-02
  579 5.157043e-02
  580 5.154339e-02
  581 5.151665e-02
  582 5.149022e-02
  583 5.146409e-02
  584 5.143827e-02
  585 5.141274e-02
  586 5.138751e-02
  587 5.136258e-02
  588 5.133794e-02
  589 5.131359e-02
  590 5.128952e-02
  591 5.126575e-02
  592 5.124225e-02
  593 5.121904e-02
  594 5.119611e-02
  595 5.117345e-02
  596 5.115107e-02
  597 5.112896e-02
  598 5.110712e-02
  599 5.108554e-02
  600 5.106424e-02
  601 -3.019259e-02
  602 1.819892e-01
  603 -7.887877e-02
  604 1.591915e-01
  605 -5.237235e-02
  606 1.230166e-01
  607 -2.890428e-02
  608 9.469856e-02
  609 -1.290777e-02
  610 7.366103e-02
  611 -2.470326e-03
  612 5.807045e-02
  613 4.180638e-03
  614 4.647671e-02
  615 8.299371e-03
  616 3.781599e-02
  617 1.074222e-02
  618 3.131191e-02
  619 1.208771e-02
  620 2.639653e-02
  621 1.272363e-02
  622 2.265320e-02
  623 1.290769e-02
  624 1.977553e-02
  625 1.280953e-02
  626 1.753777e-02
  627 1.253957e-02
  628 1.577333e-02
  629 1.216881e-02
  630 1.435926e-02
  631 1.174220e-02
  632 1.320479e-02
  633 1.128775e-02
  634 1.224297e-02
  635 1.082254e-02
  636 1.142450e-02
  637 1.035675e-02
  638 1.071318e-02
  639 9.896262e-03
  640 1.008247e-02
  641 9.444357e-03
  642 9.513019e-03
  643 9.002782e-03
  644 8.990748e-03
  645 8.572404e-03
  646 8.505473e-03
  647 8.153606e-03
  648 8.049852e-03
  649 7.746524e-03
  650 7.618616e-03
  651 7.351170e-03
  652 7.207989e-03
  653 6.967495e-03
  654 6.815270e-03
  655 6.595426e-03
  656 6.438517e-03
  657 6.234871e-03
  658 6.076326e-03
  659 5.885721e-03
  660 1.314061e+00
  661 2.178064e-02
  662 4.806247e-01
  663 1.765217e-01
  664 3.775979e-01
  665 1.951290e-01
  666 3.255340e-01
  667 1.989268e-01
  668 2.887950e-01
  669 1.991301e-01
  670 2.615417e-01
  671 1.978643e-01
  672 2.412412e-01
  673 1.960090e-01
  674 2.261621e-01
  675 1.940438e-01
  676 2.150153e-01
  677 1.922264e-01
  678 2.068272e-01
  679 1.906772e-01
  680 2.008602e-01
  681 1.894343e-01
  682 1.965542e-01
  683 1.884889e-01
  684 1.934844e-01
  685 1.878080e-01
  686 1.913289e-01
  687 1.873490e-01
  688 1.898446e-01
  689 1.870674e-01
  690 1.888487e-01
  691 1.869223e-01
  692 1.882040e-01
  693 1.868779e-01
  694 1.878087e-01
  695 1.869045e-01
  696 1.875874e-01
  697 1.869784e-01
  698 1.874849e-01
  699 1.870813e-01
  700 1.874612e-01
  701 1.871995e-01
  702 1.874876e-01
  703 1.873230e-01
  704 1.875439e-01
  705 1.874450e-01
  706 1.876160e-01
  707 1.875609e-01
  708 1.876945e-01
  709 1.876679e-01
  710 1.877730e-01
  711 1.877644e-01
  712 1.878477e-01
  713 1.878500e-01
  714 1.879162e-01
  715 1.879247e-01
  716 1.879774e-01
  717 1.879889e-01
  718 1.880309e-01
  719 1.880433e-01
  720 1.880767e-01
  721 1.880887e-01
  722 1.881151e-01
  723 1.881260e-01
  724 1.881466e-01
  725 1.881560e-01
  726 1.881718e-01
  727 1.881795e-01
  728 1.881914e-01
  729 1.881973e-01
  730 1.882058e-01
  731 1.882099e-01
  732 1.882157e-01
  733 1.882182e-01
  734 1.882216e-01
  735 1.882224e-01
  736 1.882238e-01
  737 1.882232e-01
  738 1.882228e-01
  739 1.882209e-01
  740 1.882191e-01
  741 1.882160e-01
  742 1.882128e-01
  743 1.882086e-01
  744 1.882042e-01
  745 1.881991e-01
  746 1.881937e-01
  747 1.881876e-01
  748 1.881814e-01
  749 1.881746e-01
  750 1.881675e-01
  751 1.881600e-01
  752 1.881522e-01
  753 1.881441e-01
  754 1.881357e-01
  755 1.881270e-01
  756 1.881181e-01
  757 1.881089e-01
  758 1.880995e-01
  759 1.880899e-01
  760 1.880800e-01
  761 1.880700e-01
  762 1.880598e-01
  763 1.880495e-01
  764 1.880390e-01
  765 1.880284e-01
  766 1.880176e-01
  767 1.880067e-01
  768 1.879957e-01
  769 1.879846e-01
  770 1.879734e-01
  771 1.879621e-01
  772 1.879508e-01
  773 1.879394e-01
  774 1.879279e-01
  775 1.879164e-01
  776 1.879048e-01
  777 1.878932e-01
  778 1.878816e-01
  779 1.878699e-01
  780 1.878582e-01
  781 1.878465e-01
  782 1.878348e-01
  783 1.878231e-01
  784 1.878114e-01
  785 1.877997e-01
  786 1.877881e-01
  787 1.877764e-01
  788 1.877648e-01
  789 1.877532e-01
  790 1.877416e-01
  791 1.877300e-01
  792 1.877185e-01
  793 1.877070e-01
  794 1.876956e-01
  795 1.876842e-01
  796 1.876729e-01
  797 1.876616e-01
  798 1.876504e-01
  799 1.876392e-01
  800 1.876281e-01
