    1     0
    2     0
    3     0
    4     0
    5     0
    6     0
    7     0
    8     0
    9     0
   10     0
   11     0
   12 1.091250e+00
   13 1.170654e+00
   14 1.696334e-01
   15 9.814939e-01
   16 2.471362e-01
   17 8.583472e-01
   18 3.439157e-01
   19 7.785675e-01
   20 4.172921e-01
   21 7.236896e-01
   22 4.697418e-01
   23 6.855325e-01
   24 5.071322e-01
   25 6.592563e-01
   26 5.341233e-01
   27 6.415753e-01
   28 5.540294e-01
   29 6.301578e-01
   30 5.691480e-01
   31 6.233228e-01
   32 5.810539e-01
   33 6.198473e-01
   34 5.908168e-01
   35 6.188350e-01
   36 5.991558e-01
   37 6.196245e-01
   38 6.065485e-01
   39 6.217249e-01
   40 6.133079e-01
   41 6.247699e-01
   42 6.196351e-01
   43 6.284850e-01
   44 6.256571e-01
   45 6.326641e-01
   46 6.314513e-01
   47 6.371521e-01
   48 6.370639e-01
   49 6.418323e-01
   50 6.425206e-01
   51 6.466174e-01
   52 6.478352e-01
   53 6.514420e-01
   54 6.530142e-01
   55 6.562577e-01
   56 6.580604e-01
   57 6.610292e-01
   58 6.629745e-01
   59 6.657306e-01
   60 6.677569e-01
   61 6.703438e-01
   62 6.724077e-01
   63 6.748564e-01
   64 6.769277e-01
   65 6.792603e-01
   66 6.813180e-01
   67 6.835504e-01
   68 6.855803e-01
   69 6.877242e-01
   70 6.897168e-01
   71 6.917809e-01
   72 6.937300e-01
   73 6.957210e-01
   74 6.976229e-01
   75 6.995460e-01
   76 7.013984e-01
   77 7.032578e-01
   78 7.050597e-01
   79 7.068590e-01
   80 7.086103e-01
   81 7.103523e-01
   82 7.120533e-01
   83 7.137405e-01
   84 7.153919e-01
   85 7.170268e-01
   86 7.186295e-01
   87 7.202140e-01
   88 7.217692e-01
   89 7.233051e-01
   90 7.248140e-01
   91 7.263031e-01
   92 7.277670e-01
   93 7.292107e-01
   94 7.306308e-01
   95 7.320309e-01
   96 7.334085e-01
   97 7.347662e-01
   98 7.361025e-01
   99 7.374193e-01
  100 7.387156e-01
  101 7.399927e-01
  102 7.412501e-01
  103 7.424889e-01
  104 7.437086e-01
  105 7.449101e-01
  106 7.460933e-01
  107 7.472587e-01
  108 7.484064e-01
  109 7.495369e-01
  110 7.506501e-01
  111 7.517467e-01
  112 7.528266e-01
  113 7.538903e-01
  114 7.549378e-01
  115 7.559696e-01
  116 7.569857e-01
  117 7.579865e-01
  118 7.589722e-01
  119 7.599430e-01
  120 7.608992e-01
  121 7.618409e-01
  122 7.627683e-01
  123 7.636818e-01
  124 7.645814e-01
  125 7.654675e-01
  126 7.663401e-01
  127 7.671996e-01
  128 7.680461e-01
  129 7.688798e-01
  130 7.697009e-01
  131 -3.509894e-01
  132 1.159364e+00
  133 -9.277970e-02
  134 9.870008e-01
  135 8.837157e-02
  136 8.472896e-01
  137 2.135453e-01
  138 7.476461e-01
  139 3.019890e-01
  140 6.780509e-01
  141 3.647925e-01
  142 6.295693e-01
  143 4.093403e-01
  144 5.957024e-01
  145 4.408034e-01
  146 5.718929e-01
  147 4.628576e-01
  148 5.549767e-01
  149 4.781312e-01
  150 5.427682e-01
  151 4.885109e-01
  152 5.337645e-01
  153 4.953556e-01
  154 5.269366e-01
  155 4.996468e-01
  156 5.215841e-01
  157 5.020961e-01
  158 5.172323e-01
  159 5.032201e-01
  160 5.135620e-01
  161 5.033951e-01
  162 5.103597e-01
  163 5.028955e-01
  164 5.074836e-01
  165 5.019217e-01
  166 5.048401e-01
  167 5.006199e-01
  168 5.023680e-01
  169 4.990968e-01
  170 5.000273e-01
  171 4.974301e-01
  172 4.977922e-01
  173 4.956761e-01
  174 4.956457e-01
  175 4.938757e-01
  176 4.935768e-01
  177 4.920579e-01
  178 4.915778e-01
  179 4.902435e-01
  180 4.896438e-01
  181 4.884469e-01
  182 4.877708e-01
  183 4.866783e-01
  184 4.859558e-01
  185 4.849442e-01
  186 4.841965e-01
  187 4.832490e-01
  188 4.824906e-01
  189 4.815951e-01
  190 4.808362e-01
  191 4.799841e-01
  192 4.792314e-01
  193 4.784163e-01
  194 4.776744e-01
  195 4.768917e-01
  196 4.761636e-01
  197 4.754098e-01
  198 4.746973e-01
  199 4.739698e-01
  200 -7.392259e-01
  201 4.106629e-01
  202 -8.256368e-02
  203 3.088528e-01
  204 2.067716e-02
  205 2.578108e-01
  206 5.770580e-02
  207 2.198236e-01
  208 7.846878e-02
  209 1.914666e-01
  210 9.141938e-02
  211 1.703026e-01
  212 9.936440e-02
  213 1.543131e-01
  214 1.038723e-01
  215 1.419985e-01
  216 1.059865e-01
  217 1.322850e-01
  218 1.064298e-01
  219 1.244131e-01
  220 1.057086e-01
  221 1.287835e-01
  222 6.377554e-03
  223 1.613784e-01
  224 8.115475e-03
  225 1.368763e-01
  226 2.222702e-02
  227 1.142750e-01
  228 3.269505e-02
  229 9.728149e-02
  230 3.950316e-02
  231 8.461682e-02
  232 4.362030e-02
  233 7.500768e-02
  234 4.580666e-02
  235 6.752120e-02
  236 4.660417e-02
  237 6.150003e-02
  238 4.639842e-02
  239 5.648625e-02
  240 4.546630e-02
  241 5.216370e-02
  242 4.400887e-02
  243 4.831628e-02
  244 4.217377e-02
  245 4.479797e-02
  246 4.007068e-02
  247 4.151154e-02
  248 3.778185e-02
  249 3.839329e-02
  250 3.536949e-02
  251 3.540239e-02
  252 3.288094e-02
  253 3.251329e-02
  254 3.035233e-02
  255 2.971052e-02
  256 2.781127e-02
  257 2.698510e-02
  258 2.527879e-02
  259 2.433203e-02
  260 2.277081e-02
  261 -4.268509e-01
  262 1.755225e-01
  263 -3.267141e-01
  264 1.035279e-01
  265 -2.573140e-01
  266 4.466445e-02
  267 -2.102190e-01
  268 1.902035e-03
  269 -1.777312e-01
  270 -2.876477e-02
  271 -1.554158e-01
  272 -5.090866e-02
  273 -1.403202e-01
  274 -6.712895e-02
  275 -1.303776e-01
  276 -7.924898e-02
  277 -1.241194e-01
  278 -8.853529e-02
  279 -1.204959e-01
  280 -9.586336e-02
  281 -1.187544e-01
  282 -1.018360e-01
  283 -1.183535e-01
  284 -1.068664e-01
  285 -1.189023e-01
  286 -1.112367e-01
  287 -1.201186e-01
  288 -1.151385e-01
  289 -1.217975e-01
  290 -1.187016e-01
  291 -1.237906e-01
  292 -1.220134e-01
  293 -1.259902e-01
  294 -1.251324e-01
  295 -1.283181e-01
  296 -1.280979e-01
  297 -1.307177e-01
  298 -1.309364e-01
  299 -1.331481e-01
  300 -1.336656e-01
  301 -1.355801e-01
  302 -1.362977e-01
  303 -1.379930e-01
  304 -1.388411e-01
  305 -1.403720e-01
  306 -1.413019e-01
  307 -1.427072e-01
  308 -1.436847e-01
  309 -1.449918e-01
  310 -1.459932e-01
  311 -1.472216e-01
  312 -1.482303e-01
  313 -1.493941e-01
  314 -1.503988e-01
  315 -1.515081e-01
  316 -1.525009e-01
  317 -1.535631e-01
  318 -1.545390e-01
  319 -1.555595e-01
  320 -1.565151e-01
  321 -1.574980e-01
  322 -1.584313e-01
  323 -1.593797e-01
  324 -1.602894e-01
  325 -1.612060e-01
  326 -1.620914e-01
  327 -1.629780e-01
  328 -1.638390e-01
  329 -1.646973e-01
  330 -1.655340e-01
  331 -1.663653e-01
  332 -1.671781e-01
  333 -1.679836e-01
  334 -1.687727e-01
  335 -1.695535e-01
  336 -1.703196e-01
  337 -1.710766e-01
  338 -1.718201e-01
  339 -1.725542e-01
  340 -1.732757e-01
  341 -1.739876e-01
  342 -1.746878e-01
  343 -1.753783e-01
  344 -1.760577e-01
  345 -1.767275e-01
  346 -1.773868e-01
  347 -1.780365e-01
  348 -1.786761e-01
  349 -1.793064e-01
  350 -1.799270e-01
  351 -1.805384e-01
  352 -1.811405e-01
  353 -1.817337e-01
  354 -1.823179e-01
  355 -1.828934e-01
  356 -1.834601e-01
  357 -1.840185e-01
  358 -1.845683e-01
  359 -1.851100e-01
  360 -1.856434e-01
  361 -1.861689e-01
  362 -1.866865e-01
  363 -1.871963e-01
  364 -1.876984e-01
  365 -1.881930e-01
  366 -1.886802e-01
  367 -1.891600e-01
  368 -1.896326e-01
  369 -1.900981e-01
  370 -1.905566e-01
  371 -1.910082e-01
  372 -1.914530e-01
  373 -1.918911e-01
  374 -1.923226e-01
  375 -1.927477e-01
  376 -1.931663e-01
  377 -1.935786e-01
  378 -1.939847e-01
  379 -1.943847e-01
  380 -1.947787e-01
  381 -1.951668e-01
  382 -1.955490e-01
  383 -1.959254e-01
  384 -1.962962e-01
  385 -1.966614e-01
  386 -1.970210e-01
  387 -1.973753e-01
  388 -1.977242e-01
  389 -1.980679e-01
  390 -1.984064e-01
  391 9.227592e-01
  392 -5.871264e-01
  393 6.654787e-01
  394 -4.138478e-01
  395 4.852286e-01
  396 -2.732491e-01
  397 3.609289e-01
  398 -1.727448e-01
  399 2.733330e-01
  400 3.826854e-01
  401 2.361150e-01
  402 1.687593e-01
  403 2.325451e-01
  404 1.615787e-01
  405 2.217442e-01
  406 1.708176e-01
  407 2.151222e-01
  408 1.796616e-01
  409 2.114208e-01
  410 1.869151e-01
  411 2.097284e-01
  412 1.929586e-01
  413 2.094938e-01
  414 1.981938e-01
  415 2.103355e-01
  416 2.029043e-01
  417 2.119719e-01
  418 2.072754e-01
  419 2.141901e-01
  420 2.114242e-01
  421 2.168282e-01
  422 2.154219e-01
  423 2.197622e-01
  424 2.193095e-01
  425 2.228969e-01
  426 2.231091e-01
  427 2.261595e-01
  428 2.268310e-01
  429 2.294943e-01
  430 2.304786e-01
  431 2.328586e-01
  432 2.340516e-01
  433 2.362204e-01
  434 2.375480e-01
  435 2.395556e-01
  436 2.409651e-01
  437 2.428465e-01
  438 2.443006e-01
  439 2.460802e-01
  440 2.475525e-01
  441 2.426859e-01
  442 3.094009e-01
  443 2.228430e-01
  444 3.101891e-01
  445 2.375829e-01
  446 3.032420e-01
  447 2.513948e-01
  448 2.982471e-01
  449 2.619776e-01
  450 2.952705e-01
  451 2.700460e-01
  452 2.937719e-01
  453 2.763286e-01
  454 2.933254e-01
  455 2.813615e-01
  456 2.936287e-01
  457 2.855238e-01
  458 2.944674e-01
  459 2.890805e-01
  460 2.956884e-01
  461 2.922152e-01
  462 2.971808e-01
  463 2.950541e-01
  464 2.988637e-01
  465 2.976830e-01
  466 3.006772e-01
  467 3.001592e-01
  468 3.025765e-01
  469 3.025209e-01
  470 3.045280e-01
  471 3.047927e-01
  472 3.065059e-01
  473 3.069904e-01
  474 3.084908e-01
  475 3.091236e-01
  476 3.104678e-01
  477 3.111983e-01
  478 3.124258e-01
  479 3.132180e-01
  480 3.143562e-01
  481 3.151846e-01
  482 3.162528e-01
  483 3.170994e-01
  484 3.181110e-01
  485 3.189630e-01
  486 3.199276e-01
  487 3.207762e-01
  488 3.217004e-01
  489 3.225395e-01
  490 3.234282e-01
  491 3.242535e-01
  492 3.251102e-01
  493 3.259189e-01
  494 3.267463e-01
  495 3.275366e-01
  496 3.283367e-01
  497 3.291075e-01
  498 3.298819e-01
  499 3.306325e-01
  500 3.313826e-01
  501 3.321128e-01
  502 3.328396e-01
  503 3.335495e-01
  504 3.342540e-01
  505 3.349437e-01
  506 3.356267e-01
  507 3.362965e-01
  508 3.369589e-01
  509 3.376092e-01
  510 3.382516e-01
  511 3.388828e-01
  512 3.395059e-01
  513 3.401186e-01
  514 3.407230e-01
  515 3.413176e-01
  516 3.419039e-01
  517 3.424810e-01
  518 3.430498e-01
  519 3.436097e-01
  520 3.441615e-01
  521 3.447048e-01
  522 3.452402e-01
  523 3.457674e-01
  524 3.462869e-01
  525 3.467984e-01
  526 3.473024e-01
  527 3.477987e-01
  528 3.482877e-01
  529 3.487694e-01
  530 3.492438e-01
  531 3.497111e-01
  532 3.501715e-01
  533 3.506249e-01
  534 3.510716e-01
  535 3.515115e-01
  536 3.519449e-01
  537 3.523718e-01
  538 3.527924e-01
  539 3.532066e-01
  540 3.536146e-01
  541 3.540165e-01
  542 3.544124e-01
  543 3.548024e-01
  544 3.551865e-01
  545 3.555649e-01
  546 3.559376e-01
  547 3.563047e-01
  548 3.566663e-01
  549 3.570225e-01
  550 3.573734e-01
  551 3.577190e-01
  552 3.580594e-01
  553 3.583948e-01
  554 3.587251e-01
  555 3.590504e-01
  556 3.593709e-01
  557 3.596866e-01
  558 3.599975e-01
  559 3.603038e-01
  560 3.606054e-01
  561 3.609026e-01
  562 3.611953e-01
  563 3.614836e-01
  564 3.617676e-01
  565 3.620473e-01
  566 3.623228e-01
  567 3.625942e-01
  568 3.628615e-01
  569 3.631247e-01
  570 3.633841e-01
  571 3.636395e-01
  572 3.638911e-01
  573 3.641389e-01
  574 3.643830e-01
  575 3.646234e-01
  576 3.648603e-01
  577 3.650935e-01
  578 3.653232e-01
  579 3.655495e-01
  580 3.657724e-01
  581 3.659919e-01
  582 3.662082e-01
  583 3.664211e-01
  584 3.666309e-01
  585 3.668375e-01
  586 3.670410e-01
  587 3.672415e-01
  588 3.674389e-01
  589 3.676334e-01
  590 3.678249e-01
  591 3.680135e-01
  592 3.681993e-01
  593 3.683823e-01
  594 3.685625e-01
  595 3.687401e-01
  596 3.689149e-01
  597 3.690871e-01
  598 3.692568e-01
  599 3.694238e-01
  600 1.218338e+00
  601 4.130859e-01
  602 7.580294e-01
  603 4.837184e-01
  604 6.851338e-01
  605 5.188310e-01
  606 6.586047e-01
  607 5.448224e-01
  608 6.434788e-01
  609 5.640894e-01
  610 6.338383e-01
  611 5.783377e-01
  612 6.277179e-01
  613 5.889796e-01
  614 6.240191e-01
  615 5.970644e-01
  616 6.220111e-01
  617 6.033433e-01
  618 6.211875e-01
  619 6.083477e-01
  620 6.211933e-01
  621 6.124515e-01
  622 6.217785e-01
  623 6.159174e-01
  624 6.227663e-01
  625 6.189287e-01
  626 6.240308e-01
  627 6.216130e-01
  628 6.254822e-01
  629 6.240588e-01
  630 6.270559e-01
  631 6.263269e-01
  632 6.287051e-01
  633 6.284592e-01
  634 6.303963e-01
  635 6.304842e-01
  636 6.321047e-01
  637 6.324211e-01
  638 6.338125e-01
  639 6.342832e-01
  640 6.355067e-01
  641 6.360792e-01
  642 6.371779e-01
  643 6.378152e-01
  644 6.388194e-01
  645 6.394956e-01
  646 6.404265e-01
  647 6.411232e-01
  648 6.419959e-01
  649 6.427004e-01
  650 6.435255e-01
  651 6.442290e-01
  652 6.450140e-01
  653 6.457104e-01
  654 6.464609e-01
  655 6.471460e-01
  656 6.478660e-01
  657 6.485370e-01
  658 6.492296e-01
  659 6.498847e-01
  660 6.505521e-01
  661 6.402544e-01
  662 7.496362e-01
  663 6.032896e-01
  664 7.470560e-01
  665 6.240504e-01
  666 7.316869e-01
  667 6.433573e-01
  668 7.196750e-01
  669 6.573778e-01
  670 7.111296e-01
  671 6.673043e-01
  672 7.051487e-01
  673 6.743512e-01
  674 7.010211e-01
  675 6.794112e-01
  676 6.982406e-01
  677 6.831147e-01
  678 6.964476e-01
  679 6.859015e-01
  680 6.953844e-01
  681 6.880757e-01
  682 6.948640e-01
  683 6.898452e-01
  684 6.947490e-01
  685 6.913507e-01
  686 6.949368e-01
  687 6.926856e-01
  688 6.953504e-01
  689 6.939108e-01
  690 6.959312e-01
  691 6.950652e-01
  692 6.966340e-01
  693 6.961726e-01
  694 6.974241e-01
  695 6.972471e-01
  696 6.982746e-01
  697 6.982962e-01
  698 6.991644e-01
  699 6.993238e-01
  700 7.000774e-01
  701 7.003310e-01
  702 7.010011e-01
  703 7.013178e-01
  704 7.019259e-01
  705 7.022836e-01
  706 7.028446e-01
  707 7.032276e-01
  708 7.037517e-01
  709 7.041488e-01
  710 7.046434e-01
  711 7.050467e-01
  712 7.055166e-01
  713 7.059206e-01
  714 7.063696e-01
  715 7.067703e-01
  716 7.072009e-01
  717 7.075958e-01
  718 7.080099e-01
  719 7.083972e-01
  720 7.087963e-01
  721 7.091748e-01
  722 7.095599e-01
  723 7.099289e-01
  724 7.103010e-01
  725 7.106601e-01
  726 7.110198e-01
  727 7.113689e-01
  728 7.117169e-01
  729 7.120559e-01
  730 7.123927e-01
  731 7.127218e-01
  732 7.130479e-01
  733 7.133671e-01
  734 7.136829e-01
  735 7.139926e-01
  736 7.142985e-01
  737 7.145987e-01
  738 7.148951e-01
  739 7.151863e-01
  740 7.154734e-01
  741 7.157558e-01
  742 7.160341e-01
  743 7.163078e-01
  744 7.165775e-01
  745 7.168429e-01
  746 7.171044e-01
  747 7.173617e-01
  748 7.176151e-01
  749 7.178646e-01
  750 7.181103e-01
  751 7.183522e-01
  752 7.185905e-01
  753 7.188250e-01
  754 7.190560e-01
  755 7.192834e-01
  756 7.195074e-01
  757 7.197279e-01
  758 7.199451e-01
  759 7.201589e-01
  760 7.203695e-01
  761 7.205768e-01
  762 7.207810e-01
  763 7.209821e-01
  764 7.211801e-01
  765 7.213751e-01
  766 7.215671e-01
  767 7.217561e-01
  768 7.219423e-01
  769 7.221257e-01
  770 7.223062e-01
  771 7.224841e-01
  772 7.226591e-01
  773 7.228316e-01
  774 7.230014e-01
  775 7.231686e-01
  776 7.233332e-01
  777 7.234954e-01
  778 7.236550e-01
  779 7.238123e-01
  780 7.239671e-01
  781 7.241196e-01
  782 7.242698e-01
  783 7.244176e-01
  784 7.245632e-01
  785 7.247066e-01
  786 7.248478e-01
  787 7.249869e-01
  788 7.251238e-01
  789 7.252587e-01
  790 7.253915e-01
  791 7.255222e-01
  792 7.256510e-01
  793 7.257778e-01
  794 7.259027e-01
  795 7.260257e-01
  796 7.261468e-01
  797 7.262660e-01
  798 7.263834e-01
  799 7.264991e-01
  800 7.266130e-01
