    1     0
    2     0
    3     0
    4     0
    5     0
    6     0
    7     0
    8     0
    9     0
   10     0
   11     0
   12 -7.743750e-02
   13 -9.058342e-02
   14 -8.861458e-02
   15 -9.445762e-02
   16 -9.665191e-02
   17 -1.004859e-01
   18 -1.035289e-01
   19 -1.069058e-01
   20 -1.101024e-01
   21 -1.133588e-01
   22 -1.165673e-01
   23 -1.197799e-01
   24 -1.229748e-01
   25 -1.261640e-01
   26 -1.293437e-01
   27 -1.325171e-01
   28 -1.356842e-01
   29 -1.388464e-01
   30 -1.420042e-01
   31 -1.451584e-01
   32 -1.483098e-01
   33 -1.514590e-01
   34 -1.546066e-01
   35 -1.577532e-01
   36 -1.608993e-01
   37 -1.640455e-01
   38 -1.671921e-01
   39 -1.703396e-01
   40 -1.734884e-01
   41 -1.766389e-01
   42 -1.797914e-01
   43 -1.829462e-01
   44 -1.861037e-01
   45 -1.892641e-01
   46 -1.924277e-01
   47 -1.955947e-01
   48 -1.987653e-01
   49 -2.019397e-01
   50 -2.051181e-01
   51 -2.083008e-01
   52 -2.114877e-01
   53 -2.146791e-01
   54 -2.178751e-01
   55 -2.210759e-01
   56 -2.242815e-01
   57 -2.274920e-01
   58 -2.307076e-01
   59 -2.339283e-01
   60 -2.371541e-01
   61 -2.403852e-01
   62 -2.436217e-01
   63 -2.468635e-01
   64 -2.501107e-01
   65 -2.533633e-01
   66 -2.566215e-01
   67 -2.598853e-01
   68 -2.631545e-01
   69 -2.664294e-01
   70 -2.697099e-01
   71 -2.729961e-01
   72 -2.762879e-01
   73 -2.795853e-01
   74 -2.828885e-01
   75 -2.861973e-01
   76 -2.895119e-01
   77 -2.928321e-01
   78 -2.961581e-01
   79 -2.994897e-01
   80 -3.028271e-01
   81 -3.061702e-01
   82 -3.095190e-01
   83 -3.128734e-01
   84 -3.162336e-01
   85 -3.195995e-01
   86 -3.229710e-01
   87 -3.263482e-01
   88 -3.297311e-01
   89 -3.331196e-01
   90 -3.365138e-01
   91 -3.399136e-01
   92 -3.433190e-01
   93 -3.467301e-01
   94 -3.501467e-01
   95 -3.535690e-01
   96 -3.569968e-01
   97 -3.604301e-01
   98 -3.638690e-01
   99 -3.673135e-01
  100 -3.707634e-01
  101 -3.742189e-01
  102 -3.776798e-01
  103 -3.811462e-01
  104 -3.846181e-01
  105 -3.880954e-01
  106 -3.915782e-01
  107 -3.950663e-01
  108 -3.985599e-01
  109 -4.020588e-01
  110 -4.055631e-01
  111 -4.090727e-01
  112 -4.125877e-01
  113 -4.161080e-01
  114 -4.196336e-01
  115 -4.231644e-01
  116 -4.267006e-01
  117 -4.302420e-01
  118 -4.337886e-01
  119 -4.373404e-01
  120 -4.408975e-01
  121 -4.444597e-01
  122 -4.480271e-01
  123 -4.515997e-01
  124 -4.551774e-01
  125 -4.587602e-01
  126 -4.623481e-01
  127 -4.659411e-01
  128 -4.695392e-01
  129 -4.731424e-01
  130 -3.993131e-01
  131 -4.032559e-01
  132 -4.054919e-01
  133 -4.077286e-01
  134 -4.098913e-01
  135 -4.120242e-01
  136 -4.141156e-01
  137 -4.161783e-01
  138 -4.182130e-01
  139 -4.202250e-01
  140 -4.222168e-01
  141 -4.241917e-01
  142 -4.261518e-01
  143 -4.280994e-01
  144 -4.300364e-01
  145 -4.319644e-01
  146 -4.338848e-01
  147 -4.357990e-01
  148 -4.377080e-01
  149 -4.396127e-01
  150 -4.415141e-01
  151 -4.434128e-01
  152 -4.453094e-01
  153 -4.472047e-01
  154 -4.490989e-01
  155 -4.509927e-01
  156 -4.528863e-01
  157 -4.547800e-01
  158 -4.566742e-01
  159 -4.585690e-01
  160 -4.604648e-01
  161 -4.623616e-01
  162 -4.642597e-01
  163 -4.661592e-01
  164 -4.680601e-01
  165 -4.699626e-01
  166 -4.718668e-01
  167 -4.737728e-01
  168 -4.756805e-01
  169 -4.775901e-01
  170 -4.795016e-01
  171 -4.814150e-01
  172 -4.833304e-01
  173 -4.852477e-01
  174 -4.871670e-01
  175 -4.890883e-01
  176 -4.910116e-01
  177 -4.929368e-01
  178 -4.948641e-01
  179 -4.967934e-01
  180 -4.987246e-01
  181 -5.006578e-01
  182 -5.025930e-01
  183 -5.045301e-01
  184 -5.064692e-01
  185 -5.084102e-01
  186 -5.103531e-01
  187 -5.122979e-01
  188 -5.142445e-01
  189 -5.161930e-01
  190 -5.181434e-01
  191 -5.200956e-01
  192 -5.220495e-01
  193 -5.240053e-01
  194 -5.259628e-01
  195 -5.279221e-01
  196 -5.298830e-01
  197 -5.318457e-01
  198 -5.338101e-01
  199 -5.357761e-01
  200 -5.377438e-01
  201 -5.396619e-01
  202 -5.416659e-01
  203 -5.436355e-01
  204 -5.456339e-01
  205 -5.476311e-01
  206 -5.496401e-01
  207 -5.516543e-01
  208 -5.536763e-01
  209 -5.557043e-01
  210 -5.577387e-01
  211 -5.597790e-01
  212 -5.618251e-01
  213 -5.638767e-01
  214 -5.659336e-01
  215 -5.679957e-01
  216 -5.700628e-01
  217 -5.721348e-01
  218 -5.742116e-01
  219 -5.762930e-01
  220 -5.783790e-01
  221 -5.580870e-01
  222 -5.657172e-01
  223 -5.603932e-01
  224 -5.612455e-01
  225 -5.594313e-01
  226 -5.590015e-01
  227 -5.580696e-01
  228 -5.574881e-01
  229 -5.568497e-01
  230 -5.563296e-01
  231 -5.558363e-01
  232 -5.554025e-01
  233 -5.550049e-01
  234 -5.546469e-01
  235 -5.543203e-01
  236 -5.540231e-01
  237 -5.537512e-01
  238 -5.535016e-01
  239 -5.532716e-01
  240 -5.530588e-01
  241 -5.528607e-01
  242 -5.526755e-01
  243 -5.525012e-01
  244 -5.523362e-01
  245 -5.521790e-01
  246 -5.520282e-01
  247 -5.518826e-01
  248 -5.517410e-01
  249 -5.516024e-01
  250 -5.514659e-01
  251 -5.513306e-01
  252 -5.511958e-01
  253 -5.510607e-01
  254 -5.509247e-01
  255 -5.507873e-01
  256 -5.506478e-01
  257 -5.505058e-01
  258 -5.503610e-01
  259 -5.502128e-01
  260 -5.190859e-01
  261 -5.190619e-01
  262 -5.183488e-01
  263 -5.176294e-01
  264 -5.168736e-01
  265 -5.160989e-01
  266 -5.153003e-01
  267 -5.144828e-01
  268 -5.136466e-01
  269 -5.127936e-01
  270 -5.119246e-01
  271 -5.110409e-01
  272 -5.101433e-01
  273 -5.092325e-01
  274 -5.083092e-01
  275 -5.073740e-01
  276 -5.064274e-01
  277 -5.054698e-01
  278 -5.045017e-01
  279 -5.035234e-01
  280 -5.025351e-01
  281 -5.015371e-01
  282 -5.005297e-01
  283 -4.995131e-01
  284 -4.984873e-01
  285 -4.974527e-01
  286 -4.964093e-01
  287 -4.953572e-01
  288 -4.942965e-01
  289 -4.932274e-01
  290 -4.921498e-01
  291 -4.910640e-01
  292 -4.899698e-01
  293 -4.888675e-01
  294 -4.877570e-01
  295 -4.866384e-01
  296 -4.855117e-01
  297 -4.843770e-01
  298 -4.832343e-01
  299 -4.820836e-01
  300 -4.809249e-01
  301 -4.797582e-01
  302 -4.785837e-01
  303 -4.774013e-01
  304 -4.762109e-01
  305 -4.750127e-01
  306 -4.738066e-01
  307 -4.725927e-01
  308 -4.713710e-01
  309 -4.701414e-01
  310 -4.689040e-01
  311 -4.676588e-01
  312 -4.664058e-01
  313 -4.651450e-01
  314 -4.638764e-01
  315 -4.626001e-01
  316 -4.613160e-01
  317 -4.600241e-01
  318 -4.587244e-01
  319 -4.574170e-01
  320 -4.561018e-01
  321 -4.547789e-01
  322 -4.534482e-01
  323 -4.521098e-01
  324 -4.507637e-01
  325 -4.494098e-01
  326 -4.480482e-01
  327 -4.466789e-01
  328 -4.453018e-01
  329 -4.439170e-01
  330 -4.425246e-01
  331 -4.411243e-01
  332 -4.397164e-01
  333 -4.383008e-01
  334 -4.368774e-01
  335 -4.354464e-01
  336 -4.340076e-01
  337 -4.325612e-01
  338 -4.311070e-01
  339 -4.296451e-01
  340 -4.281756e-01
  341 -4.266983e-01
  342 -4.252133e-01
  343 -4.237206e-01
  344 -4.222203e-01
  345 -4.207122e-01
  346 -4.191964e-01
  347 -4.176730e-01
  348 -4.161418e-01
  349 -4.146029e-01
  350 -4.130564e-01
  351 -4.115021e-01
  352 -4.099401e-01
  353 -4.083705e-01
  354 -4.067931e-01
  355 -4.052080e-01
  356 -4.036153e-01
  357 -4.020148e-01
  358 -4.004066e-01
  359 -3.987907e-01
  360 -3.971671e-01
  361 -3.955357e-01
  362 -3.938967e-01
  363 -3.922499e-01
  364 -3.905954e-01
  365 -3.889332e-01
  366 -3.872633e-01
  367 -3.855856e-01
  368 -3.839002e-01
  369 -3.822071e-01
  370 -3.805063e-01
  371 -3.787977e-01
  372 -3.770813e-01
  373 -3.753572e-01
  374 -3.736254e-01
  375 -3.718858e-01
  376 -3.701385e-01
  377 -3.683834e-01
  378 -3.666205e-01
  379 -3.648498e-01
  380 -3.630714e-01
  381 -3.612852e-01
  382 -3.594913e-01
  383 -3.576895e-01
  384 -3.558800e-01
  385 -3.540626e-01
  386 -3.522375e-01
  387 -3.504045e-01
  388 -3.485637e-01
  389 -3.467152e-01
  390 -4.222963e-01
  391 -4.201024e-01
  392 -4.196126e-01
  393 -4.191192e-01
  394 -4.186970e-01
  395 -4.183016e-01
  396 -4.179449e-01
  397 -4.176139e-01
  398 -4.173080e-01
  399 -4.170218e-01
  400 -4.167528e-01
  401 -4.165182e-01
  402 -4.162616e-01
  403 -4.160288e-01
  404 -4.157926e-01
  405 -4.155635e-01
  406 -4.153346e-01
  407 -4.151074e-01
  408 -4.148797e-01
  409 -4.146512e-01
  410 -4.144209e-01
  411 -4.141882e-01
  412 -4.139526e-01
  413 -4.137134e-01
  414 -4.134703e-01
  415 -4.132229e-01
  416 -4.129708e-01
  417 -4.127137e-01
  418 -4.124514e-01
  419 -4.121836e-01
  420 -4.119101e-01
  421 -4.116308e-01
  422 -4.113455e-01
  423 -4.110540e-01
  424 -4.107563e-01
  425 -4.104522e-01
  426 -4.101416e-01
  427 -4.098245e-01
  428 -4.095008e-01
  429 -4.091704e-01
  430 -4.088332e-01
  431 -4.084892e-01
  432 -4.081384e-01
  433 -4.077808e-01
  434 -4.074162e-01
  435 -4.070447e-01
  436 -4.066662e-01
  437 -4.062807e-01
  438 -4.058882e-01
  439 -4.054886e-01
  440 -4.050820e-01
  441 -4.180978e-01
  442 -4.143558e-01
  443 -4.183819e-01
  444 -4.186976e-01
  445 -4.206085e-01
  446 -4.216843e-01
  447 -4.230565e-01
  448 -4.242138e-01
  449 -4.254005e-01
  450 -4.265114e-01
  451 -4.276013e-01
  452 -4.286507e-01
  453 -4.296736e-01
  454 -4.306678e-01
  455 -4.316382e-01
  456 -4.325860e-01
  457 -4.335137e-01
  458 -4.344230e-01
  459 -4.353155e-01
  460 -4.361928e-01
  461 -4.370561e-01
  462 -4.379067e-01
  463 -4.387457e-01
  464 -4.395740e-01
  465 -4.403925e-01
  466 -4.412020e-01
  467 -4.420034e-01
  468 -4.427971e-01
  469 -4.435839e-01
  470 -4.443643e-01
  471 -4.451388e-01
  472 -4.459078e-01
  473 -4.466717e-01
  474 -4.474309e-01
  475 -4.481858e-01
  476 -4.489366e-01
  477 -4.496837e-01
  478 -4.504272e-01
  479 -4.511674e-01
  480 -4.519045e-01
  481 -4.526387e-01
  482 -4.533701e-01
  483 -4.540989e-01
  484 -4.548252e-01
  485 -4.555491e-01
  486 -4.562709e-01
  487 -4.569904e-01
  488 -4.577079e-01
  489 -4.584234e-01
  490 -4.591369e-01
  491 -4.598486e-01
  492 -4.605584e-01
  493 -4.612665e-01
  494 -4.619728e-01
  495 -4.626775e-01
  496 -4.633804e-01
  497 -4.640817e-01
  498 -4.647813e-01
  499 -4.654794e-01
  500 -4.661758e-01
  501 -4.668706e-01
  502 -4.675638e-01
  503 -4.682554e-01
  504 -4.689454e-01
  505 -4.696338e-01
  506 -4.703206e-01
  507 -4.710057e-01
  508 -4.716893e-01
  509 -4.723712e-01
  510 -4.730515e-01
  511 -4.737301e-01
  512 -4.744070e-01
  513 -4.750823e-01
  514 -4.757559e-01
  515 -4.764277e-01
  516 -4.770978e-01
  517 -4.777662e-01
  518 -4.784328e-01
  519 -4.790976e-01
  520 -4.797605e-01
  521 -4.804217e-01
  522 -4.810810e-01
  523 -4.817384e-01
  524 -4.823939e-01
  525 -4.830475e-01
  526 -4.836992e-01
  527 -4.843489e-01
  528 -4.849966e-01
  529 -4.856423e-01
  530 -4.862860e-01
  531 -4.869276e-01
  532 -4.875671e-01
  533 -4.882045e-01
  534 -4.888399e-01
  535 -4.894730e-01
  536 -4.901040e-01
  537 -4.907328e-01
  538 -4.913593e-01
  539 -4.919836e-01
  540 -4.926057e-01
  541 -4.932254e-01
  542 -4.938428e-01
  543 -4.944579e-01
  544 -4.950706e-01
  545 -4.956809e-01
  546 -4.962889e-01
  547 -4.968943e-01
  548 -4.974973e-01
  549 -4.980979e-01
  550 -4.986959e-01
  551 -4.992913e-01
  552 -4.998843e-01
  553 -5.004746e-01
  554 -5.010623e-01
  555 -5.016474e-01
  556 -5.022299e-01
  557 -5.028097e-01
  558 -5.033867e-01
  559 -5.039611e-01
  560 -5.045327e-01
  561 -5.051015e-01
  562 -5.056676e-01
  563 -5.062308e-01
  564 -5.067912e-01
  565 -5.073487e-01
  566 -5.079033e-01
  567 -5.084551e-01
  568 -5.090039e-01
  569 -5.095497e-01
  570 -5.100926e-01
  571 -5.106324e-01
  572 -5.111692e-01
  573 -5.117030e-01
  574 -5.122338e-01
  575 -5.127614e-01
  576 -5.132859e-01
  577 -5.138073e-01
  578 -5.143255e-01
  579 -5.148405e-01
  580 -5.153524e-01
  581 -5.158610e-01
  582 -5.163663e-01
  583 -5.168684e-01
  584 -5.173672e-01
  585 -5.178627e-01
  586 -5.183549e-01
  587 -5.188436e-01
  588 -5.193290e-01
  589 -5.198111e-01
  590 -5.202896e-01
  591 -5.207648e-01
  592 -5.212364e-01
  593 -5.217046e-01
  594 -5.221692e-01
  595 -5.226304e-01
  596 -5.230879e-01
  597 -5.235419e-01
  598 -5.239923e-01
  599 -5.244391e-01
  600 -5.248822e-01
  601 -5.253575e-01
  602 -5.257701e-01
  603 -5.262042e-01
  604 -5.266154e-01
  605 -5.270249e-01
  606 -5.274234e-01
  607 -5.278155e-01
  608 -5.281994e-01
  609 -5.285763e-01
  610 -5.289458e-01
  611 -5.293083e-01
  612 -5.296639e-01
  613 -5.300126e-01
  614 -5.303547e-01
  615 -5.306901e-01
  616 -5.310189e-01
  617 -5.313412e-01
  618 -5.316570e-01
  619 -5.319665e-01
  620 -5.322695e-01
  621 -5.325662e-01
  622 -5.328565e-01
  623 -5.331405e-01
  624 -5.334182e-01
  625 -5.336896e-01
  626 -5.339547e-01
  627 -5.342134e-01
  628 -5.344659e-01
  629 -5.347120e-01
  630 -5.349519e-01
  631 -5.351853e-01
  632 -5.354125e-01
  633 -5.356332e-01
  634 -5.358476e-01
  635 -5.360556e-01
  636 -5.362571e-01
  637 -5.364523e-01
  638 -5.366409e-01
  639 -5.368231e-01
  640 -5.369987e-01
  641 -5.371678e-01
  642 -5.373303e-01
  643 -5.374863e-01
  644 -5.376356e-01
  645 -5.377783e-01
  646 -5.379143e-01
  647 -5.380437e-01
  648 -5.381663e-01
  649 -5.382821e-01
  650 -5.383912e-01
  651 -5.384934e-01
  652 -5.385888e-01
  653 -5.386774e-01
  654 -5.387590e-01
  655 -5.388337e-01
  656 -5.389015e-01
  657 -5.389622e-01
  658 -5.390160e-01
  659 -5.390626e-01
  660 -5.391023e-01
  661 -5.615173e-01
  662 -5.560073e-01
  663 -5.634488e-01
  664 -5.647109e-01
  665 -5.686366e-01
  666 -5.711748e-01
  667 -5.742119e-01
  668 -5.768954e-01
  669 -5.796324e-01
  670 -5.822477e-01
  671 -5.848328e-01
  672 -5.873549e-01
  673 -5.898372e-01
  674 -5.922764e-01
  675 -5.946805e-01
  676 -5.970514e-01
  677 -5.993934e-01
  678 -6.017091e-01
  679 -6.040015e-01
  680 -6.062728e-01
  681 -6.085254e-01
  682 -6.107612e-01
  683 -6.129821e-01
  684 -6.151896e-01
  685 -6.173852e-01
  686 -6.195703e-01
  687 -6.217461e-01
  688 -6.239137e-01
  689 -6.260740e-01
  690 -6.282279e-01
  691 -6.303764e-01
  692 -6.325201e-01
  693 -6.346596e-01
  694 -6.367957e-01
  695 -6.389287e-01
  696 -6.410594e-01
  697 -6.431880e-01
  698 -6.453149e-01
  699 -6.474407e-01
  700 -6.495655e-01
  701 -6.516897e-01
  702 -6.538135e-01
  703 -6.559372e-01
  704 -6.580610e-01
  705 -6.601851e-01
  706 -6.623097e-01
  707 -6.644348e-01
  708 -6.665607e-01
  709 -6.686875e-01
  710 -6.708152e-01
  711 -6.729439e-01
  712 -6.750738e-01
  713 -6.772049e-01
  714 -6.793372e-01
  715 -6.814709e-01
  716 -6.836059e-01
  717 -6.857423e-01
  718 -6.878800e-01
  719 -6.900192e-01
  720 -6.921598e-01
  721 -6.943019e-01
  722 -6.964454e-01
  723 -6.985904e-01
  724 -7.007368e-01
  725 -7.028846e-01
  726 -7.050339e-01
  727 -7.071845e-01
  728 -7.093366e-01
  729 -7.114900e-01
  730 -7.136448e-01
  731 -7.158008e-01
  732 -7.179582e-01
  733 -7.201169e-01
  734 -7.222767e-01
  735 -7.244378e-01
  736 -7.266001e-01
  737 -7.287635e-01
  738 -7.309280e-01
  739 -7.330936e-01
  740 -7.352602e-01
  741 -7.374279e-01
  742 -7.395964e-01
  743 -7.417660e-01
  744 -7.439364e-01
  745 -7.461076e-01
  746 -7.482797e-01
  747 -7.504525e-01
  748 -7.526261e-01
  749 -7.548004e-01
  750 -7.569753e-01
  751 -7.591508e-01
  752 -7.613269e-01
  753 -7.635035e-01
  754 -7.656807e-01
  755 -7.678582e-01
  756 -7.700362e-01
  757 -7.722146e-01
  758 -7.743933e-01
  759 -7.765722e-01
  760 -7.787515e-01
  761 -7.809309e-01
  762 -7.831105e-01
  763 -7.852902e-01
  764 -7.874701e-01
  765 -7.896499e-01
  766 -7.918298e-01
  767 -7.940097e-01
  768 -7.961894e-01
  769 -7.983691e-01
  770 -8.005486e-01
  771 -8.027279e-01
  772 -8.049070e-01
  773 -8.070859e-01
  774 -8.092644e-01
  775 -8.114425e-01
  776 -8.136203e-01
  777 -8.157977e-01
  778 -8.179746e-01
  779 -8.201510e-01
  780 -8.223269e-01
  781 -8.245021e-01
  782 -8.266768e-01
  783 -8.288508e-01
  784 -8.310242e-01
  785 -8.331968e-01
  786 -8.353686e-01
  787 -8.375396e-01
  788 -8.397098e-01
  789 -8.418791e-01
  790 -8.440475e-01
  791 -8.462150e-01
  792 -8.483815e-01
  793 -8.505469e-01
  794 -8.527113e-01
  795 -8.548746e-01
  796 -8.570367e-01
  797 -8.591977e-01
  798 -8.613575e-01
  799 -8.635160e-01
  800 -8.656733e-01
