    1     0
    2     0
    3     0
    4     0
    5     0
    6     0
    7     0
    8     0
    9     0
   10     0
   11     0
   12 3.273750e-01
   13 2.340794e-01
   14 2.232257e-01
   15 2.130721e-01
   16 2.062332e-01
   17 2.015712e-01
   18 1.985926e-01
   19 1.968580e-01
   20 1.960538e-01
   21 1.959414e-01
   22 1.963432e-01
   23 1.971256e-01
   24 1.981887e-01
   25 1.994576e-01
   26 2.008760e-01
   27 2.024017e-01
   28 2.040032e-01
   29 2.056567e-01
   30 2.073446e-01
   31 2.090534e-01
   32 2.107733e-01
   33 2.124968e-01
   34 2.142184e-01
   35 2.159340e-01
   36 2.176405e-01
   37 2.193356e-01
   38 2.210178e-01
   39 2.226858e-01
   40 2.243387e-01
   41 2.259761e-01
   42 2.275974e-01
   43 2.292025e-01
   44 2.307912e-01
   45 2.323635e-01
   46 2.339193e-01
   47 2.354588e-01
   48 2.369819e-01
   49 2.384888e-01
   50 2.399796e-01
   51 2.414545e-01
   52 2.429135e-01
   53 2.443570e-01
   54 2.457849e-01
   55 2.471976e-01
   56 2.485951e-01
   57 2.499775e-01
   58 2.513452e-01
   59 2.526982e-01
   60 2.540366e-01
   61 2.553608e-01
   62 2.566707e-01
   63 2.579667e-01
   64 2.592487e-01
   65 2.605170e-01
   66 2.617718e-01
   67 2.630132e-01
   68 2.642413e-01
   69 2.654563e-01
   70 2.666583e-01
   71 2.678475e-01
   72 2.690240e-01
   73 2.701880e-01
   74 2.713396e-01
   75 2.724789e-01
   76 2.736061e-01
   77 2.747213e-01
   78 2.758246e-01
   79 2.769162e-01
   80 2.779962e-01
   81 2.790648e-01
   82 2.801220e-01
   83 2.811679e-01
   84 2.822028e-01
   85 2.832267e-01
   86 2.842398e-01
   87 2.852421e-01
   88 2.862338e-01
   89 2.872150e-01
   90 2.881858e-01
   91 2.891464e-01
   92 2.900968e-01
   93 2.910371e-01
   94 2.919675e-01
   95 2.928881e-01
   96 2.937990e-01
   97 2.947003e-01
   98 2.955920e-01
   99 2.964744e-01
  100 2.973474e-01
  101 2.982113e-01
  102 2.990660e-01
  103 2.999118e-01
  104 3.007487e-01
  105 3.015768e-01
  106 3.023961e-01
  107 3.032069e-01
  108 3.040091e-01
  109 3.048030e-01
  110 3.055885e-01
  111 3.063657e-01
  112 3.071348e-01
  113 3.078959e-01
  114 3.086490e-01
  115 3.093942e-01
  116 3.101316e-01
  117 3.108613e-01
  118 3.115833e-01
  119 3.122978e-01
  120 3.130049e-01
  121 3.137046e-01
  122 3.143970e-01
  123 3.150821e-01
  124 3.157602e-01
  125 3.164311e-01
  126 3.170951e-01
  127 3.177522e-01
  128 3.184024e-01
  129 3.190459e-01
  130 3.196827e-01
  131 3.190803e-01
  132 3.191168e-01
  133 3.193129e-01
  134 3.196323e-01
  135 3.200342e-01
  136 3.204907e-01
  137 3.209820e-01
  138 3.214946e-01
  139 3.220188e-01
  140 3.225482e-01
  141 3.230785e-01
  142 3.236069e-01
  143 3.241314e-01
  144 3.246509e-01
  145 3.251648e-01
  146 3.256727e-01
  147 3.261744e-01
  148 3.266700e-01
  149 3.271595e-01
  150 3.276430e-01
  151 3.281207e-01
  152 3.285927e-01
  153 3.290591e-01
  154 3.295202e-01
  155 3.299760e-01
  156 3.304266e-01
  157 3.308722e-01
  158 3.313129e-01
  159 3.317487e-01
  160 3.321798e-01
  161 3.326063e-01
  162 3.330281e-01
  163 3.334454e-01
  164 3.338583e-01
  165 3.342668e-01
  166 3.346710e-01
  167 3.350709e-01
  168 3.354665e-01
  169 3.358580e-01
  170 3.362454e-01
  171 3.366287e-01
  172 3.370080e-01
  173 3.373834e-01
  174 3.377547e-01
  175 3.381222e-01
  176 3.384859e-01
  177 3.388458e-01
  178 3.392019e-01
  179 3.395543e-01
  180 3.399030e-01
  181 3.402481e-01
  182 3.405896e-01
  183 3.409275e-01
  184 3.412620e-01
  185 3.415929e-01
  186 3.419204e-01
  187 3.422446e-01
  188 3.425653e-01
  189 3.428827e-01
  190 3.431969e-01
  191 3.435078e-01
  192 3.438154e-01
  193 3.441199e-01
  194 3.444213e-01
  195 3.447195e-01
  196 3.450147e-01
  197 3.453068e-01
  198 3.455959e-01
  199 3.458820e-01
  200 -1.758486e-02
  201 8.597696e-02
  202 9.948322e-02
  203 1.112456e-01
  204 1.193850e-01
  205 1.249756e-01
  206 1.286454e-01
  207 1.308905e-01
  208 1.320756e-01
  209 1.324742e-01
  210 1.322903e-01
  211 1.316764e-01
  212 1.307462e-01
  213 1.295847e-01
  214 1.282555e-01
  215 1.268060e-01
  216 1.252715e-01
  217 1.236785e-01
  218 1.220467e-01
  219 1.203907e-01
  220 1.187216e-01
  221 1.196719e-01
  222 1.172232e-01
  223 1.159481e-01
  224 1.143710e-01
  225 1.128478e-01
  226 1.113075e-01
  227 1.097723e-01
  228 1.082421e-01
  229 1.067203e-01
  230 1.052086e-01
  231 1.037084e-01
  232 1.022209e-01
  233 1.007466e-01
  234 9.928604e-02
  235 9.783959e-02
  236 9.640745e-02
  237 9.498976e-02
  238 9.358658e-02
  239 9.219795e-02
  240 9.082383e-02
  241 8.946419e-02
  242 8.811896e-02
  243 8.678806e-02
  244 8.547140e-02
  245 8.416887e-02
  246 8.288037e-02
  247 8.160578e-02
  248 8.034497e-02
  249 7.909783e-02
  250 7.786423e-02
  251 7.664403e-02
  252 7.543711e-02
  253 7.424333e-02
  254 7.306257e-02
  255 7.189468e-02
  256 7.073955e-02
  257 6.959702e-02
  258 6.846698e-02
  259 6.734929e-02
  260 6.624382e-02
  261 6.465741e-02
  262 6.334113e-02
  263 6.210307e-02
  264 6.092861e-02
  265 5.980127e-02
  266 5.870971e-02
  267 5.764588e-02
  268 5.660417e-02
  269 5.558062e-02
  270 5.457252e-02
  271 5.357797e-02
  272 5.259568e-02
  273 5.162477e-02
  274 5.066463e-02
  275 4.971487e-02
  276 4.877520e-02
  277 4.784542e-02
  278 4.692539e-02
  279 4.601501e-02
  280 4.511419e-02
  281 4.422285e-02
  282 4.334092e-02
  283 4.246833e-02
  284 4.160500e-02
  285 4.075088e-02
  286 3.990587e-02
  287 3.906990e-02
  288 3.824290e-02
  289 3.742478e-02
  290 3.661546e-02
  291 3.581485e-02
  292 3.502287e-02
  293 3.423942e-02
  294 3.346443e-02
  295 3.269780e-02
  296 3.193945e-02
  297 3.118929e-02
  298 3.044722e-02
  299 2.971318e-02
  300 2.898706e-02
  301 2.826879e-02
  302 2.755828e-02
  303 2.685544e-02
  304 2.616019e-02
  305 2.547245e-02
  306 2.479213e-02
  307 2.411916e-02
  308 2.345346e-02
  309 2.279494e-02
  310 2.214353e-02
  311 2.149915e-02
  312 2.086172e-02
  313 2.023117e-02
  314 1.960742e-02
  315 1.899039e-02
  316 1.838002e-02
  317 1.777623e-02
  318 1.717895e-02
  319 1.658810e-02
  320 1.600362e-02
  321 1.542544e-02
  322 1.485349e-02
  323 1.428769e-02
  324 1.372799e-02
  325 1.317432e-02
  326 1.262660e-02
  327 1.208478e-02
  328 1.154879e-02
  329 1.101857e-02
  330 1.049405e-02
  331 9.975173e-03
  332 9.461875e-03
  333 8.954094e-03
  334 8.451773e-03
  335 7.954849e-03
  336 7.463265e-03
  337 6.976962e-03
  338 6.495883e-03
  339 6.019970e-03
  340 5.549166e-03
  341 5.083417e-03
  342 4.622666e-03
  343 4.166860e-03
  344 3.715943e-03
  345 3.269863e-03
  346 2.828566e-03
  347 2.392001e-03
  348 1.960116e-03
  349 1.532859e-03
  350 1.110181e-03
  351 6.920298e-04
  352 2.783574e-04
  353 -1.308855e-04
  354 -5.357473e-04
  355 -9.362759e-04
  356 -1.332519e-03
  357 -1.724522e-03
  358 -2.112334e-03
  359 -2.495998e-03
  360 -2.875561e-03
  361 -3.251067e-03
  362 -3.622560e-03
  363 -3.990085e-03
  364 -4.353685e-03
  365 -4.713403e-03
  366 -5.069281e-03
  367 -5.421361e-03
  368 -5.769685e-03
  369 -6.114293e-03
  370 -6.455227e-03
  371 -6.792527e-03
  372 -7.126231e-03
  373 -7.456380e-03
  374 -7.783012e-03
  375 -8.106166e-03
  376 -8.425880e-03
  377 -8.742192e-03
  378 -9.055138e-03
  379 -9.364755e-03
  380 -9.671080e-03
  381 -9.974149e-03
  382 -1.027400e-02
  383 -1.057066e-02
  384 -1.086417e-02
  385 -1.115457e-02
  386 -1.144188e-02
  387 -1.172615e-02
  388 -1.200740e-02
  389 -1.228566e-02
  390 -1.256098e-02
  391 -1.160082e-02
  392 -1.128322e-02
  393 -1.112873e-02
  394 -1.110118e-02
  395 -1.115969e-02
  396 -1.127628e-02
  397 -1.143119e-02
  398 -1.161067e-02
  399 -1.180522e-02
  400 1.334917e-01
  401 9.197170e-02
  402 8.647153e-02
  403 8.166836e-02
  404 7.831504e-02
  405 7.598261e-02
  406 7.442028e-02
  407 7.342976e-02
  408 7.286526e-02
  409 7.261734e-02
  410 7.260433e-02
  411 7.276517e-02
  412 7.305425e-02
  413 7.343745e-02
  414 7.388927e-02
  415 7.439067e-02
  416 7.492739e-02
  417 7.548880e-02
  418 7.606696e-02
  419 7.665594e-02
  420 7.725130e-02
  421 7.784978e-02
  422 7.844892e-02
  423 7.904691e-02
  424 7.964241e-02
  425 8.023444e-02
  426 8.082228e-02
  427 8.140542e-02
  428 8.198349e-02
  429 8.255622e-02
  430 8.312345e-02
  431 8.368506e-02
  432 8.424098e-02
  433 8.479118e-02
  434 8.533566e-02
  435 8.587443e-02
  436 8.640751e-02
  437 8.693493e-02
  438 8.745675e-02
  439 8.797301e-02
  440 8.848376e-02
  441 8.741429e-02
  442 8.837944e-02
  443 8.863826e-02
  444 8.907825e-02
  445 8.948728e-02
  446 8.990912e-02
  447 9.033116e-02
  448 9.075416e-02
  449 9.117642e-02
  450 9.159722e-02
  451 9.201590e-02
  452 9.243201e-02
  453 9.284520e-02
  454 9.325523e-02
  455 9.366192e-02
  456 9.406513e-02
  457 9.446477e-02
  458 9.486076e-02
  459 9.525306e-02
  460 9.564163e-02
  461 9.602646e-02
  462 9.640753e-02
  463 9.678484e-02
  464 9.715840e-02
  465 9.752822e-02
  466 9.789431e-02
  467 9.825669e-02
  468 9.861537e-02
  469 9.897039e-02
  470 9.932176e-02
  471 9.966951e-02
  472 1.000137e-01
  473 1.003543e-01
  474 1.006913e-01
  475 1.010249e-01
  476 1.013550e-01
  477 1.016817e-01
  478 1.020049e-01
  479 1.023248e-01
  480 1.026414e-01
  481 1.029546e-01
  482 1.032646e-01
  483 1.035714e-01
  484 1.038750e-01
  485 1.041753e-01
  486 1.044726e-01
  487 1.047668e-01
  488 1.050579e-01
  489 1.053459e-01
  490 1.056310e-01
  491 1.059131e-01
  492 1.061922e-01
  493 1.064685e-01
  494 1.067419e-01
  495 1.070125e-01
  496 1.072802e-01
  497 1.075452e-01
  498 1.078074e-01
  499 1.080669e-01
  500 1.083238e-01
  501 1.085780e-01
  502 1.088295e-01
  503 1.090785e-01
  504 1.093249e-01
  505 1.095687e-01
  506 1.098101e-01
  507 1.100489e-01
  508 1.102854e-01
  509 1.105193e-01
  510 1.107509e-01
  511 1.109802e-01
  512 1.112070e-01
  513 1.114316e-01
  514 1.116538e-01
  515 1.118738e-01
  516 1.120915e-01
  517 1.123071e-01
  518 1.125204e-01
  519 1.127315e-01
  520 1.129405e-01
  521 1.131474e-01
  522 1.133522e-01
  523 1.135549e-01
  524 1.137555e-01
  525 1.139542e-01
  526 1.141508e-01
  527 1.143454e-01
  528 1.145380e-01
  529 1.147288e-01
  530 1.149176e-01
  531 1.151044e-01
  532 1.152895e-01
  533 1.154726e-01
  534 1.156539e-01
  535 1.158334e-01
  536 1.160111e-01
  537 1.161870e-01
  538 1.163612e-01
  539 1.165336e-01
  540 1.167043e-01
  541 1.168733e-01
  542 1.170406e-01
  543 1.172062e-01
  544 1.173702e-01
  545 1.175326e-01
  546 1.176934e-01
  547 1.178525e-01
  548 1.180101e-01
  549 1.181661e-01
  550 1.183206e-01
  551 1.184736e-01
  552 1.186250e-01
  553 1.187750e-01
  554 1.189235e-01
  555 1.190705e-01
  556 1.192161e-01
  557 1.193603e-01
  558 1.195030e-01
  559 1.196443e-01
  560 1.197843e-01
  561 1.199229e-01
  562 1.200602e-01
  563 1.201961e-01
  564 1.203307e-01
  565 1.204640e-01
  566 1.205959e-01
  567 1.207267e-01
  568 1.208561e-01
  569 1.209843e-01
  570 1.211113e-01
  571 1.212370e-01
  572 1.213615e-01
  573 1.214848e-01
  574 1.216070e-01
  575 1.217280e-01
  576 1.218478e-01
  577 1.219664e-01
  578 1.220840e-01
  579 1.222004e-01
  580 1.223157e-01
  581 1.224299e-01
  582 1.225430e-01
  583 1.226551e-01
  584 1.227661e-01
  585 1.228760e-01
  586 1.229849e-01
  587 1.230928e-01
  588 1.231997e-01
  589 1.233055e-01
  590 1.234104e-01
  591 1.235143e-01
  592 1.236172e-01
  593 1.237191e-01
  594 1.238201e-01
  595 1.239202e-01
  596 1.240193e-01
  597 1.241175e-01
  598 1.242148e-01
  599 1.243112e-01
  600 3.790317e-01
  601 3.068292e-01
  602 2.976628e-01
  603 2.897142e-01
  604 2.842988e-01
  605 2.806648e-01
  606 2.783727e-01
  607 2.770751e-01
  608 2.765168e-01
  609 2.765063e-01
  610 2.769009e-01
  611 2.775940e-01
  612 2.785058e-01
  613 2.795770e-01
  614 2.807631e-01
  615 2.820309e-01
  616 2.833557e-01
  617 2.847190e-01
  618 2.861070e-01
  619 2.875096e-01
  620 2.889190e-01
  621 2.903297e-01
  622 2.917374e-01
  623 2.931390e-01
  624 2.945323e-01
  625 2.959156e-01
  626 2.972877e-01
  627 2.986478e-01
  628 2.999953e-01
  629 3.013298e-01
  630 3.026510e-01
  631 3.039588e-01
  632 3.052531e-01
  633 3.065339e-01
  634 3.078012e-01
  635 3.090551e-01
  636 3.102956e-01
  637 3.115230e-01
  638 3.127372e-01
  639 3.139384e-01
  640 3.151267e-01
  641 3.163023e-01
  642 3.174653e-01
  643 3.186159e-01
  644 3.197541e-01
  645 3.208801e-01
  646 3.219940e-01
  647 3.230960e-01
  648 3.241863e-01
  649 3.252648e-01
  650 3.263318e-01
  651 3.273875e-01
  652 3.284318e-01
  653 3.294650e-01
  654 3.304872e-01
  655 3.314984e-01
  656 3.324989e-01
  657 3.334887e-01
  658 3.344680e-01
  659 3.354368e-01
  660 3.363954e-01
  661 3.347191e-01
  662 3.364327e-01
  663 3.369681e-01
  664 3.378044e-01
  665 3.385880e-01
  666 3.393919e-01
  667 3.401952e-01
  668 3.409990e-01
  669 3.418005e-01
  670 3.425987e-01
  671 3.433923e-01
  672 3.441807e-01
  673 3.449632e-01
  674 3.457395e-01
  675 3.465092e-01
  676 3.472723e-01
  677 3.480284e-01
  678 3.487775e-01
  679 3.495196e-01
  680 3.502545e-01
  681 3.509823e-01
  682 3.517030e-01
  683 3.524165e-01
  684 3.531228e-01
  685 3.538221e-01
  686 3.545143e-01
  687 3.551994e-01
  688 3.558776e-01
  689 3.565488e-01
  690 3.572131e-01
  691 3.578706e-01
  692 3.585213e-01
  693 3.591653e-01
  694 3.598025e-01
  695 3.604332e-01
  696 3.610573e-01
  697 3.616750e-01
  698 3.622862e-01
  699 3.628910e-01
  700 3.634895e-01
  701 3.640819e-01
  702 3.646680e-01
  703 3.652480e-01
  704 3.658220e-01
  705 3.663900e-01
  706 3.669521e-01
  707 3.675084e-01
  708 3.680589e-01
  709 3.686036e-01
  710 3.691427e-01
  711 3.696762e-01
  712 3.702041e-01
  713 3.707266e-01
  714 3.712436e-01
  715 3.717553e-01
  716 3.722617e-01
  717 3.727629e-01
  718 3.732589e-01
  719 3.737497e-01
  720 3.742355e-01
  721 3.747163e-01
  722 3.751921e-01
  723 3.756630e-01
  724 3.761291e-01
  725 3.765904e-01
  726 3.770469e-01
  727 3.774988e-01
  728 3.779460e-01
  729 3.783886e-01
  730 3.788267e-01
  731 3.792603e-01
  732 3.796895e-01
  733 3.801143e-01
  734 3.805348e-01
  735 3.809510e-01
  736 3.813629e-01
  737 3.817707e-01
  738 3.821743e-01
  739 3.825738e-01
  740 3.829692e-01
  741 3.833607e-01
  742 3.837481e-01
  743 3.841317e-01
  744 3.845114e-01
  745 3.848872e-01
  746 3.852592e-01
  747 3.856275e-01
  748 3.859921e-01
  749 3.863530e-01
  750 3.867102e-01
  751 3.870639e-01
  752 3.874140e-01
  753 3.877606e-01
  754 3.881038e-01
  755 3.884435e-01
  756 3.887798e-01
  757 3.891127e-01
  758 3.894423e-01
  759 3.897686e-01
  760 3.900917e-01
  761 3.904116e-01
  762 3.907282e-01
  763 3.910418e-01
  764 3.913522e-01
  765 3.916595e-01
  766 3.919638e-01
  767 3.922651e-01
  768 3.925634e-01
  769 3.928588e-01
  770 3.931513e-01
  771 3.934408e-01
  772 3.937275e-01
  773 3.940115e-01
  774 3.942926e-01
  775 3.945709e-01
  776 3.948466e-01
  777 3.951195e-01
  778 3.953898e-01
  779 3.956574e-01
  780 3.959224e-01
  781 3.961849e-01
  782 3.964447e-01
  783 3.967021e-01
  784 3.969570e-01
  785 3.972094e-01
  786 3.974593e-01
  787 3.977069e-01
  788 3.979520e-01
  789 3.981948e-01
  790 3.984352e-01
  791 3.986734e-01
  792 3.989092e-01
  793 3.991428e-01
  794 3.993741e-01
  795 3.996033e-01
  796 3.998302e-01
  797 4.000550e-01
  798 4.002776e-01
  799 4.004982e-01
  800 4.007166e-01
