    1     0
    2     0
    3     0
    4     0
    5     0
    6     0
    7     0
    8     0
    9     0
   10     0
   11     0
   12 7.678800e-01
   13 5.584271e-01
   14 5.278735e-01
   15 5.433590e-01
   16 5.711413e-01
   17 6.012506e-01
   18 6.307490e-01
   19 6.587703e-01
   20 6.850641e-01
   21 7.095674e-01
   22 7.322786e-01
   23 7.532200e-01
   24 7.724263e-01
   25 7.899405e-01
   26 8.058127e-01
   27 8.200988e-01
   28 8.328598e-01
   29 8.441609e-01
   30 8.540710e-01
   31 8.626618e-01
   32 8.700071e-01
   33 8.761825e-01
   34 8.812641e-01
   35 8.853286e-01
   36 8.884522e-01
   37 8.907106e-01
   38 8.921780e-01
   39 8.929272e-01
   40 8.930288e-01
   41 8.925513e-01
   42 8.915604e-01
   43 8.901189e-01
   44 8.882868e-01
   45 8.861207e-01
   46 8.836740e-01
   47 8.809967e-01
   48 8.781354e-01
   49 8.751331e-01
   50 8.720295e-01
   51 8.688610e-01
   52 8.656605e-01
   53 8.624578e-01
   54 8.592793e-01
   55 8.561487e-01
   56 8.530865e-01
   57 8.501107e-01
   58 8.472365e-01
   59 8.444767e-01
   60 8.418416e-01
   61 8.393397e-01
   62 8.369772e-01
   63 8.347587e-01
   64 8.326868e-01
   65 8.307629e-01
   66 8.289869e-01
   67 8.273575e-01
   68 8.258722e-01
   69 8.245278e-01
   70 8.233201e-01
   71 8.222442e-01
   72 8.212947e-01
   73 8.204657e-01
   74 8.197510e-01
   75 8.191439e-01
   76 8.186378e-01
   77 8.182257e-01
   78 8.179009e-01
   79 8.176564e-01
   80 8.174853e-01
   81 8.173811e-01
   82 8.173372e-01
   83 8.173472e-01
   84 8.174051e-01
   85 8.175051e-01
   86 8.176416e-01
   87 8.178095e-01
   88 8.180036e-01
   89 8.182195e-01
   90 8.184529e-01
   91 8.186998e-01
   92 8.189565e-01
   93 8.192197e-01
   94 8.194864e-01
   95 8.197539e-01
   96 8.200198e-01
   97 8.202819e-01
   98 8.205384e-01
   99 8.207877e-01
  100 8.210283e-01
  101 8.212592e-01
  102 8.214793e-01
  103 8.216881e-01
  104 8.218848e-01
  105 8.220692e-01
  106 8.222410e-01
  107 8.224000e-01
  108 8.225463e-01
  109 8.226800e-01
  110 8.228014e-01
  111 8.229108e-01
  112 8.230084e-01
  113 8.230948e-01
  114 8.231705e-01
  115 8.232360e-01
  116 8.232917e-01
  117 8.233384e-01
  118 8.233766e-01
  119 8.234069e-01
  120 8.234299e-01
  121 8.234462e-01
  122 8.234565e-01
  123 8.234612e-01
  124 8.234609e-01
  125 8.234563e-01
  126 8.234478e-01
  127 8.234359e-01
  128 8.234211e-01
  129 8.234039e-01
  130 8.233846e-01
  131 5.439795e-01
  132 4.317390e-01
  133 3.663388e-01
  134 3.167149e-01
  135 2.736719e-01
  136 2.344754e-01
  137 1.982846e-01
  138 1.648116e-01
  139 1.339271e-01
  140 1.055447e-01
  141 7.958720e-02
  142 5.597641e-02
  143 3.463053e-02
  144 1.546360e-02
  145 -1.614378e-03
  146 -1.669704e-02
  147 -2.988114e-02
  148 -4.126600e-02
  149 -5.095289e-02
  150 -5.904441e-02
  151 -6.564389e-02
  152 -7.085477e-02
  153 -7.477997e-02
  154 -7.752136e-02
  155 -7.917922e-02
  156 -7.985171e-02
  157 -7.963446e-02
  158 -7.862012e-02
  159 -7.689802e-02
  160 -7.455386e-02
  161 -7.166941e-02
  162 -6.832233e-02
  163 -6.458597e-02
  164 -6.052928e-02
  165 -5.621667e-02
  166 -5.170800e-02
  167 -4.705857e-02
  168 -4.231915e-02
  169 -3.753603e-02
  170 -3.275109e-02
  171 -2.800196e-02
  172 -2.332211e-02
  173 -1.874103e-02
  174 -1.428438e-02
  175 -9.974202e-03
  176 -5.829079e-03
  177 -1.864364e-03
  178 1.907621e-03
  179 5.477374e-03
  180 8.837999e-03
  181 1.198499e-02
  182 1.491603e-02
  183 1.763078e-02
  184 2.013066e-02
  185 2.241868e-02
  186 2.449925e-02
  187 2.637796e-02
  188 2.806148e-02
  189 2.955732e-02
  190 3.087372e-02
  191 3.201951e-02
  192 3.300396e-02
  193 3.383667e-02
  194 3.452742e-02
  195 3.508615e-02
  196 3.552277e-02
  197 3.584714e-02
  198 3.606898e-02
  199 3.619780e-02
  200 -1.158237e+00
  201 -6.174944e-01
  202 -4.801656e-01
  203 -4.494907e-01
  204 -4.497919e-01
  205 -4.587449e-01
  206 -4.697935e-01
  207 -4.810134e-01
  208 -4.918429e-01
  209 -5.021219e-01
  210 -5.118101e-01
  211 -5.209036e-01
  212 -5.294109e-01
  213 -5.373447e-01
  214 -5.447204e-01
  215 -5.515548e-01
  216 -5.578658e-01
  217 -5.636725e-01
  218 -5.689946e-01
  219 -5.738525e-01
  220 -5.782671e-01
  221 -5.797503e-01
  222 -5.861450e-01
  223 -5.937170e-01
  224 -6.014387e-01
  225 -6.089633e-01
  226 -6.161535e-01
  227 -6.229405e-01
  228 -6.292830e-01
  229 -6.351538e-01
  230 -6.405355e-01
  231 -6.454187e-01
  232 -6.498009e-01
  233 -6.536855e-01
  234 -6.570812e-01
  235 -6.600011e-01
  236 -6.624621e-01
  237 -6.644842e-01
  238 -6.660901e-01
  239 -6.673044e-01
  240 -6.681531e-01
  241 -6.686634e-01
  242 -6.688630e-01
  243 -6.687800e-01
  244 -6.684423e-01
  245 -6.678775e-01
  246 -6.671125e-01
  247 -6.661735e-01
  248 -6.650857e-01
  249 -6.638730e-01
  250 -6.625583e-01
  251 -6.611628e-01
  252 -6.597066e-01
  253 -6.582081e-01
  254 -6.566843e-01
  255 -6.551508e-01
  256 -6.536214e-01
  257 -6.521088e-01
  258 -6.506241e-01
  259 -6.491770e-01
  260 -6.477759e-01
  261 -5.626126e-01
  262 -5.276582e-01
  263 -5.068200e-01
  264 -4.907825e-01
  265 -4.767898e-01
  266 -4.640233e-01
  267 -4.522319e-01
  268 -4.413293e-01
  269 -4.312764e-01
  270 -4.220462e-01
  271 -4.136141e-01
  272 -4.059546e-01
  273 -3.990409e-01
  274 -3.928444e-01
  275 -3.873353e-01
  276 -3.824822e-01
  277 -3.782529e-01
  278 -3.746141e-01
  279 -3.715320e-01
  280 -3.689721e-01
  281 -3.669001e-01
  282 -3.652812e-01
  283 -3.640813e-01
  284 -3.632664e-01
  285 -3.628031e-01
  286 -3.626588e-01
  287 -3.628020e-01
  288 -3.632018e-01
  289 -3.638288e-01
  290 -3.646547e-01
  291 -3.656527e-01
  292 -3.667972e-01
  293 -3.680642e-01
  294 -3.694311e-01
  295 -3.708769e-01
  296 -3.723822e-01
  297 -3.739290e-01
  298 -3.755007e-01
  299 -3.770826e-01
  300 -3.786610e-01
  301 -3.802239e-01
  302 -3.817606e-01
  303 -3.832616e-01
  304 -3.847189e-01
  305 -3.861256e-01
  306 -3.874757e-01
  307 -3.887645e-01
  308 -3.899884e-01
  309 -3.911443e-01
  310 -3.922303e-01
  311 -3.932452e-01
  312 -3.941884e-01
  313 -3.950600e-01
  314 -3.958607e-01
  315 -3.965917e-01
  316 -3.972545e-01
  317 -3.978512e-01
  318 -3.983841e-01
  319 -3.988558e-01
  320 -3.992690e-01
  321 -3.996269e-01
  322 -3.999324e-01
  323 -4.001889e-01
  324 -4.003996e-01
  325 -4.005677e-01
  326 -4.006966e-01
  327 -4.007896e-01
  328 -4.008498e-01
  329 -4.008804e-01
  330 -4.008844e-01
  331 -4.008647e-01
  332 -4.008242e-01
  333 -4.007654e-01
  334 -4.006910e-01
  335 -4.006033e-01
  336 -4.005045e-01
  337 -4.003968e-01
  338 -4.002820e-01
  339 -4.001619e-01
  340 -4.000382e-01
  341 -3.999124e-01
  342 -3.997857e-01
  343 -3.996593e-01
  344 -3.995344e-01
  345 -3.994118e-01
  346 -3.992923e-01
  347 -3.991767e-01
  348 -3.990655e-01
  349 -3.989591e-01
  350 -3.988581e-01
  351 -3.987625e-01
  352 -3.986728e-01
  353 -3.985890e-01
  354 -3.985112e-01
  355 -3.984394e-01
  356 -3.983735e-01
  357 -3.983135e-01
  358 -3.982593e-01
  359 -3.982107e-01
  360 -3.981674e-01
  361 -3.981293e-01
  362 -3.980961e-01
  363 -3.980676e-01
  364 -3.980436e-01
  365 -3.980236e-01
  366 -3.980075e-01
  367 -3.979949e-01
  368 -3.979856e-01
  369 -3.979793e-01
  370 -3.979757e-01
  371 -3.979746e-01
  372 -3.979756e-01
  373 -3.979786e-01
  374 -3.979833e-01
  375 -3.979895e-01
  376 -3.979969e-01
  377 -3.980053e-01
  378 -3.980147e-01
  379 -3.980247e-01
  380 -3.980352e-01
  381 -3.980461e-01
  382 -3.980572e-01
  383 -3.980685e-01
  384 -3.980797e-01
  385 -3.980909e-01
  386 -3.981019e-01
  387 -3.981126e-01
  388 -3.981230e-01
  389 -3.981330e-01
  390 -3.981426e-01
  391 -2.584597e-01
  392 -2.023592e-01
  393 -1.696788e-01
  394 -1.448864e-01
  395 -1.233840e-01
  396 -1.038045e-01
  397 -8.572722e-02
  398 -6.900815e-02
  399 -5.358257e-02
  400 6.431527e-01
  401 3.471036e-01
  402 2.803664e-01
  403 2.734096e-01
  404 2.830361e-01
  405 2.965384e-01
  406 3.102210e-01
  407 3.230362e-01
  408 3.347161e-01
  409 3.452230e-01
  410 3.545880e-01
  411 3.628633e-01
  412 3.701076e-01
  413 3.763819e-01
  414 3.817478e-01
  415 3.862665e-01
  416 3.899990e-01
  417 3.930051e-01
  418 3.953434e-01
  419 3.970711e-01
  420 3.982436e-01
  421 3.989145e-01
  422 3.991353e-01
  423 3.989551e-01
  424 3.984210e-01
  425 3.975773e-01
  426 3.964662e-01
  427 3.951269e-01
  428 3.935965e-01
  429 3.919093e-01
  430 3.900969e-01
  431 3.881888e-01
  432 3.862116e-01
  433 3.841898e-01
  434 3.821454e-01
  435 3.800981e-01
  436 3.780656e-01
  437 3.760633e-01
  438 3.741049e-01
  439 3.722019e-01
  440 3.703644e-01
  441 3.670951e-01
  442 3.670934e-01
  443 3.681113e-01
  444 3.695233e-01
  445 3.711114e-01
  446 3.727819e-01
  447 3.744820e-01
  448 3.761744e-01
  449 3.778297e-01
  450 3.794241e-01
  451 3.809384e-01
  452 3.823574e-01
  453 3.836694e-01
  454 3.848658e-01
  455 3.859410e-01
  456 3.868918e-01
  457 3.877174e-01
  458 3.884185e-01
  459 3.889978e-01
  460 3.894591e-01
  461 3.898077e-01
  462 3.900493e-01
  463 3.901907e-01
  464 3.902390e-01
  465 3.902020e-01
  466 3.900872e-01
  467 3.899028e-01
  468 3.896565e-01
  469 3.893562e-01
  470 3.890094e-01
  471 3.886235e-01
  472 3.882055e-01
  473 3.877621e-01
  474 3.872996e-01
  475 3.868238e-01
  476 3.863401e-01
  477 3.858534e-01
  478 3.853682e-01
  479 3.848887e-01
  480 3.844183e-01
  481 3.839602e-01
  482 3.835172e-01
  483 3.830915e-01
  484 3.826851e-01
  485 3.822995e-01
  486 3.819359e-01
  487 3.815953e-01
  488 3.812783e-01
  489 3.809850e-01
  490 3.807158e-01
  491 3.804703e-01
  492 3.802484e-01
  493 3.800494e-01
  494 3.798727e-01
  495 3.797175e-01
  496 3.795830e-01
  497 3.794681e-01
  498 3.793718e-01
  499 3.792931e-01
  500 3.792307e-01
  501 3.791834e-01
  502 3.791502e-01
  503 3.791299e-01
  504 3.791211e-01
  505 3.791230e-01
  506 3.791342e-01
  507 3.791538e-01
  508 3.791807e-01
  509 3.792138e-01
  510 3.792524e-01
  511 3.792954e-01
  512 3.793420e-01
  513 3.793915e-01
  514 3.794431e-01
  515 3.794962e-01
  516 3.795502e-01
  517 3.796045e-01
  518 3.796587e-01
  519 3.797122e-01
  520 3.797647e-01
  521 3.798159e-01
  522 3.798655e-01
  523 3.799132e-01
  524 3.799588e-01
  525 3.800022e-01
  526 3.800432e-01
  527 3.800818e-01
  528 3.801179e-01
  529 3.801514e-01
  530 3.801823e-01
  531 3.802107e-01
  532 3.802366e-01
  533 3.802600e-01
  534 3.802810e-01
  535 3.802997e-01
  536 3.803162e-01
  537 3.803306e-01
  538 3.803429e-01
  539 3.803534e-01
  540 3.803620e-01
  541 3.803691e-01
  542 3.803745e-01
  543 3.803786e-01
  544 3.803813e-01
  545 3.803829e-01
  546 3.803834e-01
  547 3.803829e-01
  548 3.803816e-01
  549 3.803796e-01
  550 3.803769e-01
  551 3.803737e-01
  552 3.803700e-01
  553 3.803659e-01
  554 3.803616e-01
  555 3.803570e-01
  556 3.803522e-01
  557 3.803473e-01
  558 3.803424e-01
  559 3.803375e-01
  560 3.803326e-01
  561 3.803277e-01
  562 3.803230e-01
  563 3.803184e-01
  564 3.803140e-01
  565 3.803098e-01
  566 3.803058e-01
  567 3.803019e-01
  568 3.802983e-01
  569 3.802950e-01
  570 3.802918e-01
  571 3.802889e-01
  572 3.802862e-01
  573 3.802838e-01
  574 3.802816e-01
  575 3.802796e-01
  576 3.802778e-01
  577 3.802762e-01
  578 3.802748e-01
  579 3.802736e-01
  580 3.802726e-01
  581 3.802718e-01
  582 3.802711e-01
  583 3.802705e-01
  584 3.802701e-01
  585 3.802698e-01
  586 3.802696e-01
  587 3.802695e-01
  588 3.802695e-01
  589 3.802695e-01
  590 3.802697e-01
  591 3.802699e-01
  592 3.802702e-01
  593 3.802705e-01
  594 3.802708e-01
  595 3.802712e-01
  596 3.802716e-01
  597 3.802720e-01
  598 3.802724e-01
  599 3.802728e-01
  600 9.775132e-01
  601 7.071274e-01
  602 6.384154e-01
  603 6.230013e-01
  604 6.230502e-01
  605 6.274034e-01
  606 6.327864e-01
  607 6.382403e-01
  608 6.434872e-01
  609 6.484498e-01
  610 6.531105e-01
  611 6.574696e-01
  612 6.615336e-01
  613 6.653105e-01
  614 6.688099e-01
  615 6.720415e-01
  616 6.750157e-01
  617 6.777430e-01
  618 6.802343e-01
  619 6.825005e-01
  620 6.845527e-01
  621 6.864020e-01
  622 6.880595e-01
  623 6.895363e-01
  624 6.908432e-01
  625 6.919910e-01
  626 6.929904e-01
  627 6.938516e-01
  628 6.945848e-01
  629 6.951997e-01
  630 6.957059e-01
  631 6.961126e-01
  632 6.964285e-01
  633 6.966621e-01
  634 6.968215e-01
  635 6.969143e-01
  636 6.969479e-01
  637 6.969290e-01
  638 6.968642e-01
  639 6.967595e-01
  640 6.966206e-01
  641 6.964528e-01
  642 6.962609e-01
  643 6.960495e-01
  644 6.958227e-01
  645 6.955843e-01
  646 6.953376e-01
  647 6.950858e-01
  648 6.948317e-01
  649 6.945777e-01
  650 6.943261e-01
  651 6.940786e-01
  652 6.938370e-01
  653 6.936028e-01
  654 6.933769e-01
  655 6.931606e-01
  656 6.929545e-01
  657 6.927592e-01
  658 6.925752e-01
  659 6.924027e-01
  660 6.922421e-01
  661 6.895840e-01
  662 6.922499e-01
  663 6.964837e-01
  664 7.012361e-01
  665 7.061386e-01
  666 7.110323e-01
  667 7.158271e-01
  668 7.204608e-01
  669 7.248854e-01
  670 7.290636e-01
  671 7.329665e-01
  672 7.365727e-01
  673 7.398674e-01
  674 7.428419e-01
  675 7.454926e-01
  676 7.478203e-01
  677 7.498301e-01
  678 7.515303e-01
  679 7.529320e-01
  680 7.540485e-01
  681 7.548954e-01
  682 7.554892e-01
  683 7.558480e-01
  684 7.559901e-01
  685 7.559347e-01
  686 7.557009e-01
  687 7.553077e-01
  688 7.547738e-01
  689 7.541176e-01
  690 7.533566e-01
  691 7.525077e-01
  692 7.515871e-01
  693 7.506098e-01
  694 7.495900e-01
  695 7.485408e-01
  696 7.474742e-01
  697 7.464013e-01
  698 7.453320e-01
  699 7.442752e-01
  700 7.432388e-01
  701 7.422297e-01
  702 7.412538e-01
  703 7.403161e-01
  704 7.394209e-01
  705 7.385715e-01
  706 7.377706e-01
  707 7.370199e-01
  708 7.363209e-01
  709 7.356741e-01
  710 7.350797e-01
  711 7.345374e-01
  712 7.340464e-01
  713 7.336056e-01
  714 7.332135e-01
  715 7.328685e-01
  716 7.325684e-01
  717 7.323114e-01
  718 7.320949e-01
  719 7.319166e-01
  720 7.317740e-01
  721 7.316646e-01
  722 7.315859e-01
  723 7.315352e-01
  724 7.315100e-01
  725 7.315079e-01
  726 7.315264e-01
  727 7.315632e-01
  728 7.316161e-01
  729 7.316829e-01
  730 7.317615e-01
  731 7.318501e-01
  732 7.319467e-01
  733 7.320498e-01
  734 7.321578e-01
  735 7.322692e-01
  736 7.323828e-01
  737 7.324973e-01
  738 7.326116e-01
  739 7.327249e-01
  740 7.328362e-01
  741 7.329448e-01
  742 7.330502e-01
  743 7.331517e-01
  744 7.332489e-01
  745 7.333414e-01
  746 7.334290e-01
  747 7.335115e-01
  748 7.335886e-01
  749 7.336604e-01
  750 7.337268e-01
  751 7.337878e-01
  752 7.338434e-01
  753 7.338939e-01
  754 7.339393e-01
  755 7.339798e-01
  756 7.340155e-01
  757 7.340467e-01
  758 7.340737e-01
  759 7.340966e-01
  760 7.341157e-01
  761 7.341312e-01
  762 7.341435e-01
  763 7.341527e-01
  764 7.341592e-01
  765 7.341631e-01
  766 7.341647e-01
  767 7.341643e-01
  768 7.341620e-01
  769 7.341581e-01
  770 7.341529e-01
  771 7.341465e-01
  772 7.341390e-01
  773 7.341307e-01
  774 7.341218e-01
  775 7.341123e-01
  776 7.341025e-01
  777 7.340924e-01
  778 7.340822e-01
  779 7.340719e-01
  780 7.340617e-01
  781 7.340517e-01
  782 7.340418e-01
  783 7.340323e-01
  784 7.340230e-01
  785 7.340142e-01
  786 7.340057e-01
  787 7.339977e-01
  788 7.339902e-01
  789 7.339831e-01
  790 7.339765e-01
  791 7.339704e-01
  792 7.339647e-01
  793 7.339596e-01
  794 7.339549e-01
  795 7.339507e-01
  796 7.339470e-01
  797 7.339436e-01
  798 7.339407e-01
  799 7.339382e-01
  800 7.339360e-01
