    1     0
    2     0
    3     0
    4     0
    5     0
    6     0
    7     0
    8     0
    9     0
   10     0
   11     0
   12 -3.105000e-01
   13 -3.100248e-01
   14 -3.142898e-01
   15 -3.192419e-01
   16 -3.244232e-01
   17 -3.295430e-01
   18 -3.344275e-01
   19 -3.389818e-01
   20 -3.431637e-01
   21 -3.469654e-01
   22 -3.504003e-01
   23 -3.534947e-01
   24 -3.562815e-01
   25 -3.587964e-01
   26 -3.610750e-01
   27 -3.631518e-01
   28 -3.650584e-01
   29 -3.668235e-01
   30 -3.684727e-01
   31 -3.700283e-01
   32 -3.715094e-01
   33 -3.729325e-01
   34 -3.743111e-01
   35 -3.756564e-01
   36 -3.769778e-01
   37 -3.782824e-01
   38 -3.795760e-01
   39 -3.808627e-01
   40 -3.821457e-01
   41 -3.834271e-01
   42 -3.847081e-01
   43 -3.859893e-01
   44 -3.872708e-01
   45 -3.885521e-01
   46 -3.898325e-01
   47 -3.911109e-01
   48 -3.923861e-01
   49 -3.936569e-01
   50 -3.949217e-01
   51 -3.961792e-01
   52 -3.974280e-01
   53 -3.986665e-01
   54 -3.998935e-01
   55 -4.011077e-01
   56 -4.023077e-01
   57 -4.034926e-01
   58 -4.046613e-01
   59 -4.058128e-01
   60 -4.069464e-01
   61 -4.080612e-01
   62 -4.091567e-01
   63 -4.102322e-01
   64 -4.112875e-01
   65 -4.123220e-01
   66 -4.133355e-01
   67 -4.143278e-01
   68 -4.152988e-01
   69 -4.162484e-01
   70 -4.171766e-01
   71 -4.180835e-01
   72 -4.189691e-01
   73 -4.198335e-01
   74 -4.206771e-01
   75 -4.215000e-01
   76 -4.223024e-01
   77 -4.230846e-01
   78 -4.238470e-01
   79 -4.245898e-01
   80 -4.253134e-01
   81 -4.260182e-01
   82 -4.267045e-01
   83 -4.273727e-01
   84 -4.280232e-01
   85 -4.286564e-01
   86 -4.292726e-01
   87 -4.298723e-01
   88 -4.304558e-01
   89 -4.310235e-01
   90 -4.315759e-01
   91 -4.321133e-01
   92 -4.326361e-01
   93 -4.331446e-01
   94 -4.336393e-01
   95 -4.341205e-01
   96 -4.345885e-01
   97 -4.350438e-01
   98 -4.354866e-01
   99 -4.359173e-01
  100 -4.363362e-01
  101 -4.367437e-01
  102 -4.371400e-01
  103 -4.375254e-01
  104 -4.379003e-01
  105 -4.382650e-01
  106 -4.386197e-01
  107 -4.389647e-01
  108 -4.393003e-01
  109 -4.396267e-01
  110 -4.399442e-01
  111 -4.402530e-01
  112 -4.405534e-01
  113 -4.408456e-01
  114 -4.411298e-01
  115 -4.414063e-01
  116 -4.416753e-01
  117 -4.419369e-01
  118 -4.421914e-01
  119 -4.424390e-01
  120 -4.426798e-01
  121 -4.429141e-01
  122 -4.431421e-01
  123 -4.433638e-01
  124 -4.435795e-01
  125 -4.437894e-01
  126 -4.439935e-01
  127 -4.441921e-01
  128 -4.443853e-01
  129 -4.445733e-01
  130 1.762438e-01
  131 1.538147e-01
  132 1.455910e-01
  133 1.419745e-01
  134 1.413856e-01
  135 1.427318e-01
  136 1.452691e-01
  137 1.484974e-01
  138 1.520863e-01
  139 1.558226e-01
  140 1.595737e-01
  141 1.632612e-01
  142 1.668435e-01
  143 1.703022e-01
  144 1.736343e-01
  145 1.768457e-01
  146 1.799471e-01
  147 1.829517e-01
  148 1.858732e-01
  149 1.887248e-01
  150 1.915184e-01
  151 1.942646e-01
  152 1.969724e-01
  153 1.996489e-01
  154 2.023000e-01
  155 2.049301e-01
  156 2.075421e-01
  157 2.101382e-01
  158 2.127194e-01
  159 2.152860e-01
  160 2.178377e-01
  161 2.203738e-01
  162 2.228929e-01
  163 2.253937e-01
  164 2.278744e-01
  165 2.303332e-01
  166 2.327682e-01
  167 2.351775e-01
  168 2.375593e-01
  169 2.399118e-01
  170 2.422332e-01
  171 2.445219e-01
  172 2.467765e-01
  173 2.489956e-01
  174 2.511780e-01
  175 2.533227e-01
  176 2.554288e-01
  177 2.574955e-01
  178 2.595222e-01
  179 2.615084e-01
  180 2.634537e-01
  181 2.653579e-01
  182 2.672209e-01
  183 2.690427e-01
  184 2.708233e-01
  185 2.725628e-01
  186 2.742617e-01
  187 2.759201e-01
  188 2.775385e-01
  189 2.791174e-01
  190 2.806572e-01
  191 2.821585e-01
  192 2.836218e-01
  193 2.850479e-01
  194 2.864373e-01
  195 2.877908e-01
  196 2.891090e-01
  197 2.903927e-01
  198 2.916426e-01
  199 2.928594e-01
  200 2.940438e-01
  201 2.951966e-01
  202 2.963186e-01
  203 2.974104e-01
  204 2.984728e-01
  205 2.995066e-01
  206 3.005124e-01
  207 3.014910e-01
  208 3.024430e-01
  209 3.033691e-01
  210 3.042701e-01
  211 3.051465e-01
  212 3.059991e-01
  213 3.068285e-01
  214 3.076352e-01
  215 3.084200e-01
  216 3.091833e-01
  217 3.099258e-01
  218 3.106481e-01
  219 3.113507e-01
  220 3.120341e-01
  221 3.304496e-01
  222 3.449133e-01
  223 3.566693e-01
  224 3.662708e-01
  225 3.741443e-01
  226 3.806204e-01
  227 3.859582e-01
  228 3.903629e-01
  229 3.939993e-01
  230 3.970010e-01
  231 3.994771e-01
  232 4.015176e-01
  233 4.031974e-01
  234 4.045790e-01
  235 4.057150e-01
  236 4.066493e-01
  237 4.074193e-01
  238 4.080563e-01
  239 4.085868e-01
  240 4.090330e-01
  241 4.094135e-01
  242 4.097439e-01
  243 4.100372e-01
  244 4.103040e-01
  245 4.105530e-01
  246 4.107913e-01
  247 4.110245e-01
  248 4.112571e-01
  249 4.114925e-01
  250 4.117332e-01
  251 4.119810e-01
  252 4.122372e-01
  253 4.125025e-01
  254 4.127771e-01
  255 4.130611e-01
  256 4.133542e-01
  257 4.136559e-01
  258 4.139654e-01
  259 4.142822e-01
  260 2.283053e-01
  261 2.353092e-01
  262 2.380575e-01
  263 2.394286e-01
  264 2.398956e-01
  265 2.397852e-01
  266 2.393198e-01
  267 2.386485e-01
  268 2.378697e-01
  269 2.370466e-01
  270 2.362183e-01
  271 2.354076e-01
  272 2.346266e-01
  273 2.338800e-01
  274 2.331685e-01
  275 2.324898e-01
  276 2.318403e-01
  277 2.312158e-01
  278 2.306117e-01
  279 2.300241e-01
  280 2.294490e-01
  281 2.288831e-01
  282 2.283237e-01
  283 2.277683e-01
  284 2.272154e-01
  285 2.266633e-01
  286 2.261113e-01
  287 2.255587e-01
  288 2.250052e-01
  289 2.244506e-01
  290 2.238952e-01
  291 2.233393e-01
  292 2.227832e-01
  293 2.222274e-01
  294 2.216727e-01
  295 2.211195e-01
  296 2.205686e-01
  297 2.200206e-01
  298 2.194761e-01
  299 2.189359e-01
  300 2.184005e-01
  301 2.178705e-01
  302 2.173464e-01
  303 2.168288e-01
  304 2.163182e-01
  305 2.158149e-01
  306 2.153193e-01
  307 2.148318e-01
  308 2.143526e-01
  309 2.138820e-01
  310 2.134202e-01
  311 2.129673e-01
  312 2.125235e-01
  313 2.120890e-01
  314 2.116636e-01
  315 2.112476e-01
  316 2.108409e-01
  317 2.104434e-01
  318 2.100552e-01
  319 2.096761e-01
  320 2.093062e-01
  321 2.089453e-01
  322 2.085933e-01
  323 2.082501e-01
  324 2.079156e-01
  325 2.075896e-01
  326 2.072720e-01
  327 2.069626e-01
  328 2.066613e-01
  329 2.063678e-01
  330 2.060822e-01
  331 2.058041e-01
  332 2.055334e-01
  333 2.052700e-01
  334 2.050136e-01
  335 2.047641e-01
  336 2.045214e-01
  337 2.042852e-01
  338 2.040555e-01
  339 2.038320e-01
  340 2.036145e-01
  341 2.034030e-01
  342 2.031972e-01
  343 2.029971e-01
  344 2.028024e-01
  345 2.026130e-01
  346 2.024288e-01
  347 2.022496e-01
  348 2.020753e-01
  349 2.019058e-01
  350 2.017409e-01
  351 2.015805e-01
  352 2.014245e-01
  353 2.012728e-01
  354 2.011252e-01
  355 2.009816e-01
  356 2.008419e-01
  357 2.007061e-01
  358 2.005739e-01
  359 2.004454e-01
  360 2.003204e-01
  361 2.001987e-01
  362 2.000804e-01
  363 1.999653e-01
  364 1.998533e-01
  365 1.997444e-01
  366 1.996384e-01
  367 1.995353e-01
  368 1.994351e-01
  369 1.993375e-01
  370 1.992426e-01
  371 1.991503e-01
  372 1.990604e-01
  373 1.989731e-01
  374 1.988880e-01
  375 1.988053e-01
  376 1.987249e-01
  377 1.986466e-01
  378 1.985704e-01
  379 1.984963e-01
  380 1.984243e-01
  381 1.983541e-01
  382 1.982859e-01
  383 1.982195e-01
  384 1.981549e-01
  385 1.980921e-01
  386 1.980310e-01
  387 1.979715e-01
  388 1.979137e-01
  389 1.978574e-01
  390 -1.126974e-01
  391 -1.016251e-01
  392 -9.765160e-02
  393 -9.597798e-02
  394 -9.581451e-02
  395 -9.661504e-02
  396 -9.800768e-02
  397 -9.974246e-02
  398 -1.016542e-01
  399 -1.036366e-01
  400 -1.056232e-01
  401 -1.075750e-01
  402 -1.094713e-01
  403 -1.113029e-01
  404 -1.130685e-01
  405 -1.147710e-01
  406 -1.164159e-01
  407 -1.180099e-01
  408 -1.195598e-01
  409 -1.210723e-01
  410 -1.225535e-01
  411 -1.240088e-01
  412 -1.254425e-01
  413 -1.268585e-01
  414 -1.282597e-01
  415 -1.296483e-01
  416 -1.310259e-01
  417 -1.323936e-01
  418 -1.337519e-01
  419 -1.351011e-01
  420 -1.364411e-01
  421 -1.377716e-01
  422 -1.390918e-01
  423 -1.404013e-01
  424 -1.416991e-01
  425 -1.429844e-01
  426 -1.442563e-01
  427 -1.455139e-01
  428 -1.467563e-01
  429 -1.479826e-01
  430 -1.491920e-01
  431 -1.503838e-01
  432 -1.515572e-01
  433 -1.527116e-01
  434 -1.538465e-01
  435 -1.549613e-01
  436 -1.560557e-01
  437 -1.571293e-01
  438 -1.581817e-01
  439 -1.592129e-01
  440 -1.602226e-01
  441 -1.718612e-01
  442 -1.811180e-01
  443 -1.887391e-01
  444 -1.950564e-01
  445 -2.003255e-01
  446 -2.047446e-01
  447 -2.084691e-01
  448 -2.116221e-01
  449 -2.143026e-01
  450 -2.165905e-01
  451 -2.185516e-01
  452 -2.202398e-01
  453 -2.217003e-01
  454 -2.229706e-01
  455 -2.240824e-01
  456 -2.250624e-01
  457 -2.259330e-01
  458 -2.267132e-01
  459 -2.274191e-01
  460 -2.280642e-01
  461 -2.286600e-01
  462 -2.292160e-01
  463 -2.297401e-01
  464 -2.302390e-01
  465 -2.307181e-01
  466 -2.311819e-01
  467 -2.316339e-01
  468 -2.320771e-01
  469 -2.325138e-01
  470 -2.329456e-01
  471 -2.333738e-01
  472 -2.337994e-01
  473 -2.342230e-01
  474 -2.346450e-01
  475 -2.350656e-01
  476 -2.354848e-01
  477 -2.359024e-01
  478 -2.363183e-01
  479 -2.367323e-01
  480 -2.371439e-01
  481 -2.375528e-01
  482 -2.379587e-01
  483 -2.383611e-01
  484 -2.387596e-01
  485 -2.391539e-01
  486 -2.395437e-01
  487 -2.399285e-01
  488 -2.403081e-01
  489 -2.406821e-01
  490 -2.410504e-01
  491 -2.414126e-01
  492 -2.417686e-01
  493 -2.421182e-01
  494 -2.424612e-01
  495 -2.427976e-01
  496 -2.431272e-01
  497 -2.434499e-01
  498 -2.437658e-01
  499 -2.440747e-01
  500 -2.443768e-01
  501 -2.446719e-01
  502 -2.449601e-01
  503 -2.452415e-01
  504 -2.455161e-01
  505 -2.457839e-01
  506 -2.460452e-01
  507 -2.462999e-01
  508 -2.465481e-01
  509 -2.467899e-01
  510 -2.470256e-01
  511 -2.472550e-01
  512 -2.474785e-01
  513 -2.476961e-01
  514 -2.479079e-01
  515 -2.481140e-01
  516 -2.483147e-01
  517 -2.485099e-01
  518 -2.486999e-01
  519 -2.488847e-01
  520 -2.490646e-01
  521 -2.492395e-01
  522 -2.494097e-01
  523 -2.495752e-01
  524 -2.497362e-01
  525 -2.498928e-01
  526 -2.500452e-01
  527 -2.501933e-01
  528 -2.503374e-01
  529 -2.504776e-01
  530 -2.506139e-01
  531 -2.507465e-01
  532 -2.508754e-01
  533 -2.510008e-01
  534 -2.511228e-01
  535 -2.512414e-01
  536 -2.513568e-01
  537 -2.514690e-01
  538 -2.515782e-01
  539 -2.516843e-01
  540 -2.517876e-01
  541 -2.518880e-01
  542 -2.519857e-01
  543 -2.520807e-01
  544 -2.521732e-01
  545 -2.522631e-01
  546 -2.523505e-01
  547 -2.524356e-01
  548 -2.525184e-01
  549 -2.525989e-01
  550 -2.526772e-01
  551 -2.527534e-01
  552 -2.528275e-01
  553 -2.528996e-01
  554 -2.529697e-01
  555 -2.530379e-01
  556 -2.531043e-01
  557 -2.531689e-01
  558 -2.532317e-01
  559 -2.532928e-01
  560 -2.533523e-01
  561 -2.534101e-01
  562 -2.534664e-01
  563 -2.535211e-01
  564 -2.535744e-01
  565 -2.536262e-01
  566 -2.536766e-01
  567 -2.537256e-01
  568 -2.537733e-01
  569 -2.538198e-01
  570 -2.538649e-01
  571 -2.539089e-01
  572 -2.539516e-01
  573 -2.539932e-01
  574 -2.540337e-01
  575 -2.540730e-01
  576 -2.541113e-01
  577 -2.541486e-01
  578 -2.541848e-01
  579 -2.542201e-01
  580 -2.542544e-01
  581 -2.542878e-01
  582 -2.543203e-01
  583 -2.543519e-01
  584 -2.543826e-01
  585 -2.544125e-01
  586 -2.544416e-01
  587 -2.544699e-01
  588 -2.544975e-01
  589 -2.545243e-01
  590 -2.545504e-01
  591 -2.545757e-01
  592 -2.546004e-01
  593 -2.546244e-01
  594 -2.546478e-01
  595 -2.546705e-01
  596 -2.546926e-01
  597 -2.547141e-01
  598 -2.547351e-01
  599 -2.547554e-01
  600 -2.547752e-01
  601 -2.547945e-01
  602 -2.548133e-01
  603 -2.548315e-01
  604 -2.548493e-01
  605 -2.548665e-01
  606 -2.548833e-01
  607 -2.548997e-01
  608 -2.549156e-01
  609 -2.549311e-01
  610 -2.549461e-01
  611 -2.549608e-01
  612 -2.549750e-01
  613 -2.549889e-01
  614 -2.550024e-01
  615 -2.550155e-01
  616 -2.550283e-01
  617 -2.550407e-01
  618 -2.550528e-01
  619 -2.550645e-01
  620 -2.550760e-01
  621 -2.550871e-01
  622 -2.550979e-01
  623 -2.551084e-01
  624 -2.551187e-01
  625 -2.551287e-01
  626 -2.551384e-01
  627 -2.551478e-01
  628 -2.551570e-01
  629 -2.551659e-01
  630 -2.551746e-01
  631 -2.551831e-01
  632 -2.551913e-01
  633 -2.551993e-01
  634 -2.552071e-01
  635 -2.552147e-01
  636 -2.552220e-01
  637 -2.552292e-01
  638 -2.552362e-01
  639 -2.552430e-01
  640 -2.552496e-01
  641 -2.552560e-01
  642 -2.552623e-01
  643 -2.552683e-01
  644 -2.552743e-01
  645 -2.552800e-01
  646 -2.552856e-01
  647 -2.552911e-01
  648 -2.552964e-01
  649 -2.553015e-01
  650 -2.553065e-01
  651 -2.553114e-01
  652 -2.553162e-01
  653 -2.553208e-01
  654 -2.553253e-01
  655 -2.553297e-01
  656 -2.553339e-01
  657 -2.553381e-01
  658 -2.553421e-01
  659 -2.553460e-01
  660 -2.553498e-01
  661 -2.731043e-01
  662 -2.869250e-01
  663 -2.980555e-01
  664 -3.070485e-01
  665 -3.143302e-01
  666 -3.202306e-01
  667 -3.250083e-01
  668 -3.288682e-01
  669 -3.319747e-01
  670 -3.344608e-01
  671 -3.364353e-01
  672 -3.379880e-01
  673 -3.391932e-01
  674 -3.401131e-01
  675 -3.407999e-01
  676 -3.412973e-01
  677 -3.416422e-01
  678 -3.418657e-01
  679 -3.419939e-01
  680 -3.420487e-01
  681 -3.420484e-01
  682 -3.420084e-01
  683 -3.419413e-01
  684 -3.418575e-01
  685 -3.417654e-01
  686 -3.416718e-01
  687 -3.415822e-01
  688 -3.415007e-01
  689 -3.414305e-01
  690 -3.413740e-01
  691 -3.413326e-01
  692 -3.413074e-01
  693 -3.412989e-01
  694 -3.413072e-01
  695 -3.413321e-01
  696 -3.413730e-01
  697 -3.414294e-01
  698 -3.415003e-01
  699 -3.415849e-01
  700 -3.416821e-01
  701 -3.417909e-01
  702 -3.419102e-01
  703 -3.420389e-01
  704 -3.421760e-01
  705 -3.423204e-01
  706 -3.424711e-01
  707 -3.426272e-01
  708 -3.427878e-01
  709 -3.429520e-01
  710 -3.431191e-01
  711 -3.432882e-01
  712 -3.434588e-01
  713 -3.436302e-01
  714 -3.438019e-01
  715 -3.439733e-01
  716 -3.441440e-01
  717 -3.443136e-01
  718 -3.444817e-01
  719 -3.446481e-01
  720 -3.448123e-01
  721 -3.449742e-01
  722 -3.451336e-01
  723 -3.452903e-01
  724 -3.454442e-01
  725 -3.455951e-01
  726 -3.457429e-01
  727 -3.458877e-01
  728 -3.460292e-01
  729 -3.461675e-01
  730 -3.463026e-01
  731 -3.464345e-01
  732 -3.465631e-01
  733 -3.466885e-01
  734 -3.468107e-01
  735 -3.469298e-01
  736 -3.470457e-01
  737 -3.471586e-01
  738 -3.472684e-01
  739 -3.473753e-01
  740 -3.474793e-01
  741 -3.475804e-01
  742 -3.476788e-01
  743 -3.477745e-01
  744 -3.478675e-01
  745 -3.479579e-01
  746 -3.480458e-01
  747 -3.481312e-01
  748 -3.482142e-01
  749 -3.482950e-01
  750 -3.483734e-01
  751 -3.484497e-01
  752 -3.485238e-01
  753 -3.485959e-01
  754 -3.486659e-01
  755 -3.487340e-01
  756 -3.488001e-01
  757 -3.488645e-01
  758 -3.489270e-01
  759 -3.489878e-01
  760 -3.490469e-01
  761 -3.491043e-01
  762 -3.491602e-01
  763 -3.492145e-01
  764 -3.492673e-01
  765 -3.493186e-01
  766 -3.493686e-01
  767 -3.494171e-01
  768 -3.494643e-01
  769 -3.495102e-01
  770 -3.495549e-01
  771 -3.495983e-01
  772 -3.496406e-01
  773 -3.496816e-01
  774 -3.497216e-01
  775 -3.497604e-01
  776 -3.497982e-01
  777 -3.498350e-01
  778 -3.498708e-01
  779 -3.499055e-01
  780 -3.499394e-01
  781 -3.499723e-01
  782 -3.500043e-01
  783 -3.500355e-01
  784 -3.500658e-01
  785 -3.500953e-01
  786 -3.501239e-01
  787 -3.501518e-01
  788 -3.501790e-01
  789 -3.502054e-01
  790 -3.502311e-01
  791 -3.502561e-01
  792 -3.502804e-01
  793 -3.503040e-01
  794 -3.503270e-01
  795 -3.503494e-01
  796 -3.503712e-01
  797 -3.503924e-01
  798 -3.504130e-01
  799 -3.504331e-01
  800 -3.504526e-01
