    1     0
    2     0
    3     0
    4     0
    5     0
    6     0
    7     0
    8     0
    9     0
   10     0
   11     0
   12 7.565000e-01
   13 1.682354e+00
   14 1.119920e+00
   15 1.660954e+00
   16 1.599364e+00
   17 1.855112e+00
   18 1.923531e+00
   19 2.080770e+00
   20 2.175369e+00
   21 2.290052e+00
   22 2.379314e+00
   23 2.467919e+00
   24 2.542203e+00
   25 2.609605e+00
   26 2.666078e+00
   27 2.713932e+00
   28 2.752068e+00
   29 2.781324e+00
   30 2.801544e+00
   31 2.813184e+00
   32 2.816425e+00
   33 2.811660e+00
   34 2.799218e+00
   35 2.779514e+00
   36 2.752959e+00
   37 2.720006e+00
   38 2.681121e+00
   39 2.636789e+00
   40 2.587510e+00
   41 2.533794e+00
   42 2.476157e+00
   43 2.415120e+00
   44 2.351204e+00
   45 2.284929e+00
   46 2.216809e+00
   47 2.147347e+00
   48 2.077039e+00
   49 2.006364e+00
   50 1.935789e+00
   51 1.865759e+00
   52 1.796701e+00
   53 1.729021e+00
   54 1.663099e+00
   55 1.599293e+00
   56 1.537934e+00
   57 1.479324e+00
   58 1.423741e+00
   59 1.371431e+00
   60 1.322613e+00
   61 1.277477e+00
   62 1.236184e+00
   63 1.198865e+00
   64 1.165624e+00
   65 1.136534e+00
   66 1.111644e+00
   67 1.090974e+00
   68 1.074519e+00
   69 1.062247e+00
   70 1.054104e+00
   71 1.050014e+00
   72 1.049879e+00
   73 1.053579e+00
   74 1.060979e+00
   75 1.071924e+00
   76 1.086247e+00
   77 1.103763e+00
   78 1.124278e+00
   79 1.147586e+00
   80 1.173472e+00
   81 1.201714e+00
   82 1.232084e+00
   83 1.264350e+00
   84 1.298278e+00
   85 1.333632e+00
   86 1.370175e+00
   87 1.407675e+00
   88 1.445900e+00
   89 1.484623e+00
   90 1.523625e+00
   91 1.562689e+00
   92 1.601610e+00
   93 1.640188e+00
   94 1.678236e+00
   95 1.715574e+00
   96 1.752035e+00
   97 1.787463e+00
   98 1.821713e+00
   99 1.854653e+00
  100 1.886165e+00
  101 1.916142e+00
  102 1.944491e+00
  103 1.971133e+00
  104 1.996001e+00
  105 2.019041e+00
  106 2.040212e+00
  107 2.059488e+00
  108 2.076851e+00
  109 2.092299e+00
  110 2.105840e+00
  111 2.117492e+00
  112 2.127286e+00
  113 2.135260e+00
  114 2.141464e+00
  115 2.145957e+00
  116 2.148802e+00
  117 2.150075e+00
  118 2.149855e+00
  119 2.148227e+00
  120 2.145284e+00
  121 2.141120e+00
  122 2.135835e+00
  123 2.129531e+00
  124 2.122314e+00
  125 2.114289e+00
  126 2.105563e+00
  127 2.096244e+00
  128 2.086440e+00
  129 2.076255e+00
  130 2.065794e+00
  131 9.377304e-01
  132 1.635932e+00
  133 1.117293e+00
  134 1.263646e+00
  135 1.054668e+00
  136 1.049332e+00
  137 9.413341e-01
  138 8.983152e-01
  139 8.284174e-01
  140 7.819304e-01
  141 7.313076e-01
  142 6.916253e-01
  143 6.546020e-01
  144 6.247250e-01
  145 5.994602e-01
  146 5.800868e-01
  147 5.657617e-01
  148 5.567699e-01
  149 5.527441e-01
  150 5.536407e-01
  151 5.592070e-01
  152 5.692748e-01
  153 5.836018e-01
  154 6.019608e-01
  155 6.240938e-01
  156 6.497397e-01
  157 6.786221e-01
  158 7.104590e-01
  159 7.449603e-01
  160 7.818322e-01
  161 8.207778e-01
  162 8.614993e-01
  163 9.036998e-01
  164 9.470851e-01
  165 9.913650e-01
  166 1.036255e+00
  167 1.081479e+00
  168 1.126767e+00
  169 1.171862e+00
  170 1.216515e+00
  171 1.260491e+00
  172 1.303568e+00
  173 1.345537e+00
  174 1.386204e+00
  175 1.425390e+00
  176 1.462933e+00
  177 1.498684e+00
  178 1.532514e+00
  179 1.564307e+00
  180 1.593968e+00
  181 1.621413e+00
  182 1.646580e+00
  183 1.669418e+00
  184 1.689897e+00
  185 1.707997e+00
  186 1.723717e+00
  187 1.737070e+00
  188 1.748081e+00
  189 1.756789e+00
  190 1.763246e+00
  191 1.767515e+00
  192 1.769671e+00
  193 1.769796e+00
  194 1.767986e+00
  195 1.764340e+00
  196 1.758967e+00
  197 1.751983e+00
  198 1.743508e+00
  199 1.733668e+00
  200 1.722590e+00
  201 1.713514e+00
  202 1.701945e+00
  203 1.690559e+00
  204 1.678268e+00
  205 1.665867e+00
  206 1.653113e+00
  207 1.640322e+00
  208 1.627500e+00
  209 1.614816e+00
  210 1.602341e+00
  211 1.590192e+00
  212 1.578453e+00
  213 1.567217e+00
  214 1.556563e+00
  215 1.546567e+00
  216 1.537297e+00
  217 1.528814e+00
  218 1.521174e+00
  219 1.514425e+00
  220 2.477742e-01
  221 5.575515e-01
  222 3.071861e-01
  223 2.452923e-01
  224 8.097183e-02
  225 -1.934661e-02
  226 -1.454631e-01
  227 -2.472798e-01
  228 -3.514616e-01
  229 -4.427576e-01
  230 -5.289878e-01
  231 -6.054464e-01
  232 -6.743912e-01
  233 -7.343650e-01
  234 -7.860389e-01
  235 -8.290081e-01
  236 -8.635420e-01
  237 -8.896214e-01
  238 -9.074611e-01
  239 -9.172190e-01
  240 -9.191508e-01
  241 -9.135203e-01
  242 -9.006435e-01
  243 -8.808593e-01
  244 -8.545406e-01
  245 -8.220828e-01
  246 -7.839051e-01
  247 -7.404441e-01
  248 -6.921528e-01
  249 -6.394954e-01
  250 -5.829454e-01
  251 -5.229816e-01
  252 -4.600855e-01
  253 -3.947380e-01
  254 -3.274167e-01
  255 -2.585932e-01
  256 -1.887303e-01
  257 -1.182799e-01
  258 -4.768032e-02
  259 2.264559e-02
  260 9.229241e-02
  261 -2.860977e-01
  262 6.461728e-02
  263 -7.318633e-02
  264 5.286751e-02
  265 3.431932e-02
  266 9.445451e-02
  267 1.104762e-01
  268 1.491934e-01
  269 1.736450e-01
  270 2.037577e-01
  271 2.283531e-01
  272 2.533309e-01
  273 2.752764e-01
  274 2.959108e-01
  275 3.141742e-01
  276 3.305591e-01
  277 3.447351e-01
  278 3.568479e-01
  279 3.668062e-01
  280 3.746709e-01
  281 3.804407e-01
  282 3.841677e-01
  283 3.858933e-01
  284 3.856815e-01
  285 3.835997e-01
  286 3.797278e-01
  287 3.741518e-01
  288 3.669659e-01
  289 3.582704e-01
  290 3.481710e-01
  291 3.367781e-01
  292 3.242059e-01
  293 3.105717e-01
  294 2.959947e-01
  295 2.805955e-01
  296 2.644952e-01
  297 2.478150e-01
  298 2.306748e-01
  299 2.131931e-01
  300 1.954862e-01
  301 1.776674e-01
  302 1.598465e-01
  303 1.421296e-01
  304 1.246182e-01
  305 1.074088e-01
  306 9.059275e-02
  307 7.425580e-02
  308 5.847764e-02
  309 4.333183e-02
  310 2.888551e-02
  311 1.519924e-02
  312 2.326919e-03
  313 -9.684323e-03
  314 -2.079414e-02
  315 -3.096898e-02
  316 -4.018198e-02
  317 -4.841296e-02
  318 -5.564821e-02
  319 -6.188038e-02
  320 -6.710830e-02
  321 -7.133670e-02
  322 -7.457604e-02
  323 -7.684216e-02
  324 -7.815602e-02
  325 -7.854342e-02
  326 -7.803459e-02
  327 -7.666392e-02
  328 -7.446954e-02
  329 -7.149300e-02
  330 -6.777888e-02
  331 -6.337439e-02
  332 -5.832905e-02
  333 -5.269423e-02
  334 -4.652284e-02
  335 -3.986893e-02
  336 -3.278734e-02
  337 -2.533332e-02
  338 -1.756223e-02
  339 -9.529136e-03
  340 -1.288580e-03
  341 7.105788e-03
  342 1.560147e-02
  343 2.414740e-02
  344 3.269418e-02
  345 4.119433e-02
  346 4.960247e-02
  347 5.787556e-02
  348 6.597300e-02
  349 7.385685e-02
  350 8.149192e-02
  351 8.884586e-02
  352 9.588928e-02
  353 1.025958e-01
  354 1.089421e-01
  355 1.149080e-01
  356 1.204763e-01
  357 1.256328e-01
  358 1.303667e-01
  359 1.346697e-01
  360 1.385368e-01
  361 1.419657e-01
  362 1.449569e-01
  363 1.475135e-01
  364 1.496412e-01
  365 1.513481e-01
  366 1.526444e-01
  367 1.535426e-01
  368 1.540571e-01
  369 1.542042e-01
  370 1.540016e-01
  371 1.534688e-01
  372 1.526264e-01
  373 1.514961e-01
  374 1.501006e-01
  375 1.484635e-01
  376 1.466088e-01
  377 1.445612e-01
  378 1.423455e-01
  379 1.399866e-01
  380 1.375097e-01
  381 1.349393e-01
  382 1.323001e-01
  383 1.296159e-01
  384 1.269104e-01
  385 1.242061e-01
  386 1.215251e-01
  387 1.188883e-01
  388 1.163159e-01
  389 1.138267e-01
  390 1.114386e-01
  391 1.226597e+00
  392 5.155497e-01
  393 1.021511e+00
  394 8.627551e-01
  395 1.059703e+00
  396 1.053478e+00
  397 1.150469e+00
  398 1.183119e+00
  399 1.243358e+00
  400 1.280965e+00
  401 1.322305e+00
  402 1.354206e+00
  403 1.383978e+00
  404 1.407663e+00
  405 1.427561e+00
  406 1.442569e+00
  407 1.453473e+00
  408 1.460047e+00
  409 1.462646e+00
  410 1.461330e+00
  411 1.456342e+00
  412 1.447848e+00
  413 1.436074e+00
  414 1.421230e+00
  415 1.403551e+00
  416 1.383270e+00
  417 1.360631e+00
  418 1.335881e+00
  419 1.309270e+00
  420 1.281049e+00
  421 1.251470e+00
  422 1.220782e+00
  423 1.189233e+00
  424 1.157064e+00
  425 1.124513e+00
  426 1.091811e+00
  427 1.059179e+00
  428 1.026831e+00
  429 9.949721e-01
  430 9.637942e-01
  431 9.334795e-01
  432 9.041979e-01
  433 8.761067e-01
  434 8.493501e-01
  435 8.240589e-01
  436 8.003502e-01
  437 7.783273e-01
  438 7.580795e-01
  439 7.396822e-01
  440 1.479697e+00
  441 1.276393e+00
  442 1.411765e+00
  443 1.436677e+00
  444 1.525684e+00
  445 1.578929e+00
  446 1.650277e+00
  447 1.709639e+00
  448 1.772969e+00
  449 1.831058e+00
  450 1.888529e+00
  451 1.942474e+00
  452 1.994155e+00
  453 2.042595e+00
  454 2.088085e+00
  455 2.130263e+00
  456 2.169163e+00
  457 2.204642e+00
  458 2.236691e+00
  459 2.265265e+00
  460 2.290373e+00
  461 2.312028e+00
  462 2.330272e+00
  463 2.345164e+00
  464 2.356780e+00
  465 2.365215e+00
  466 2.370577e+00
  467 2.372992e+00
  468 2.372596e+00
  469 2.369539e+00
  470 2.363979e+00
  471 2.356086e+00
  472 2.346036e+00
  473 2.334012e+00
  474 2.320201e+00
  475 2.304796e+00
  476 2.287990e+00
  477 2.269979e+00
  478 2.250958e+00
  479 2.231120e+00
  480 2.210659e+00
  481 2.189762e+00
  482 2.168613e+00
  483 2.147392e+00
  484 2.126272e+00
  485 2.105417e+00
  486 2.084986e+00
  487 2.065128e+00
  488 2.045986e+00
  489 2.027689e+00
  490 2.010360e+00
  491 1.994110e+00
  492 1.979039e+00
  493 1.965239e+00
  494 1.952788e+00
  495 1.941754e+00
  496 1.932195e+00
  497 1.924159e+00
  498 1.917680e+00
  499 1.912784e+00
  500 1.909487e+00
  501 1.907793e+00
  502 1.907698e+00
  503 1.909189e+00
  504 1.912242e+00
  505 1.916827e+00
  506 1.922904e+00
  507 1.930429e+00
  508 1.939347e+00
  509 1.949601e+00
  510 1.961124e+00
  511 1.973847e+00
  512 1.987696e+00
  513 2.002592e+00
  514 2.018456e+00
  515 2.035201e+00
  516 2.052744e+00
  517 2.070995e+00
  518 2.089868e+00
  519 2.109274e+00
  520 2.129124e+00
  521 2.149331e+00
  522 2.169809e+00
  523 2.190473e+00
  524 2.211241e+00
  525 2.232034e+00
  526 2.252775e+00
  527 2.273390e+00
  528 2.293809e+00
  529 2.313968e+00
  530 2.333802e+00
  531 2.353257e+00
  532 2.372278e+00
  533 2.390818e+00
  534 2.408833e+00
  535 2.426284e+00
  536 2.443139e+00
  537 2.459369e+00
  538 2.474950e+00
  539 2.489863e+00
  540 2.504095e+00
  541 2.517637e+00
  542 2.530483e+00
  543 2.542634e+00
  544 2.554095e+00
  545 2.564872e+00
  546 2.574979e+00
  547 2.584432e+00
  548 2.593250e+00
  549 2.601456e+00
  550 2.609075e+00
  551 2.616135e+00
  552 2.622668e+00
  553 2.628706e+00
  554 2.634284e+00
  555 2.639438e+00
  556 2.644207e+00
  557 2.648629e+00
  558 2.652743e+00
  559 2.656591e+00
  560 2.660211e+00
  561 2.663645e+00
  562 2.666933e+00
  563 2.670114e+00
  564 2.673228e+00
  565 2.676313e+00
  566 2.679405e+00
  567 2.682542e+00
  568 2.685757e+00
  569 2.689083e+00
  570 2.692551e+00
  571 2.696191e+00
  572 2.700031e+00
  573 2.704095e+00
  574 2.708407e+00
  575 2.712989e+00
  576 2.717858e+00
  577 2.723033e+00
  578 2.728526e+00
  579 2.734352e+00
  580 2.740519e+00
  581 2.747035e+00
  582 2.753907e+00
  583 2.761137e+00
  584 2.768727e+00
  585 2.776677e+00
  586 2.784983e+00
  587 2.793643e+00
  588 2.802649e+00
  589 2.811994e+00
  590 2.821669e+00
  591 2.831662e+00
  592 2.841964e+00
  593 2.852559e+00
  594 2.863435e+00
  595 2.874575e+00
  596 2.885965e+00
  597 2.897588e+00
  598 2.909426e+00
  599 2.921462e+00
  600 2.933678e+00
  601 2.943881e+00
  602 2.955293e+00
  603 2.966116e+00
  604 2.977189e+00
  605 2.988029e+00
  606 2.998883e+00
  607 3.009604e+00
  608 3.020261e+00
  609 3.030805e+00
  610 3.041256e+00
  611 3.051598e+00
  612 3.061834e+00
  613 3.071962e+00
  614 3.081981e+00
  615 3.091892e+00
  616 3.101696e+00
  617 3.111397e+00
  618 3.120996e+00
  619 3.130499e+00
  620 3.139908e+00
  621 3.149231e+00
  622 3.158471e+00
  623 3.167636e+00
  624 3.176731e+00
  625 3.185764e+00
  626 3.194743e+00
  627 3.203674e+00
  628 3.212565e+00
  629 3.221425e+00
  630 3.230261e+00
  631 3.239082e+00
  632 3.247896e+00
  633 3.256711e+00
  634 3.265534e+00
  635 3.274374e+00
  636 3.283239e+00
  637 3.292135e+00
  638 3.301070e+00
  639 3.310052e+00
  640 3.319086e+00
  641 3.328179e+00
  642 3.337337e+00
  643 3.346566e+00
  644 3.355871e+00
  645 3.365256e+00
  646 3.374726e+00
  647 3.384285e+00
  648 3.393936e+00
  649 3.403682e+00
  650 3.413526e+00
  651 3.423470e+00
  652 3.433516e+00
  653 3.443665e+00
  654 3.453917e+00
  655 3.464274e+00
  656 3.474735e+00
  657 3.485300e+00
  658 3.495968e+00
  659 3.506738e+00
  660 4.778443e+00
  661 4.474784e+00
  662 4.732358e+00
  663 4.802569e+00
  664 4.976327e+00
  665 5.087207e+00
  666 5.225008e+00
  667 5.339624e+00
  668 5.457707e+00
  669 5.563986e+00
  670 5.666256e+00
  671 5.759783e+00
  672 5.846789e+00
  673 5.925780e+00
  674 5.997383e+00
  675 6.061150e+00
  676 6.117300e+00
  677 6.165762e+00
  678 6.206700e+00
  679 6.240215e+00
  680 6.266506e+00
  681 6.285779e+00
  682 6.298292e+00
  683 6.304326e+00
  684 6.304195e+00
  685 6.298237e+00
  686 6.286812e+00
  687 6.270303e+00
  688 6.249106e+00
  689 6.223634e+00
  690 6.194308e+00
  691 6.161558e+00
  692 6.125820e+00
  693 6.087529e+00
  694 6.047122e+00
  695 6.005032e+00
  696 5.961687e+00
  697 5.917506e+00
  698 5.872897e+00
  699 5.828259e+00
  700 5.783972e+00
  701 5.740405e+00
  702 5.697906e+00
  703 5.656805e+00
  704 5.617412e+00
  705 5.580017e+00
  706 5.544884e+00
  707 5.512259e+00
  708 5.482359e+00
  709 5.455381e+00
  710 5.431497e+00
  711 5.410854e+00
  712 5.393573e+00
  713 5.379754e+00
  714 5.369471e+00
  715 5.362774e+00
  716 5.359694e+00
  717 5.360234e+00
  718 5.364381e+00
  719 5.372098e+00
  720 5.383329e+00
  721 5.398002e+00
  722 5.416025e+00
  723 5.437291e+00
  724 5.461677e+00
  725 5.489048e+00
  726 5.519256e+00
  727 5.552142e+00
  728 5.587538e+00
  729 5.625266e+00
  730 5.665143e+00
  731 5.706980e+00
  732 5.750584e+00
  733 5.795758e+00
  734 5.842304e+00
  735 5.890025e+00
  736 5.938724e+00
  737 5.988204e+00
  738 6.038275e+00
  739 6.088747e+00
  740 6.139438e+00
  741 6.190171e+00
  742 6.240775e+00
  743 6.291089e+00
  744 6.340958e+00
  745 6.390237e+00
  746 6.438789e+00
  747 6.486489e+00
  748 6.533220e+00
  749 6.578878e+00
  750 6.623367e+00
  751 6.666606e+00
  752 6.708520e+00
  753 6.749050e+00
  754 6.788144e+00
  755 6.825764e+00
  756 6.861880e+00
  757 6.896475e+00
  758 6.929542e+00
  759 6.961081e+00
  760 6.991105e+00
  761 7.019635e+00
  762 7.046699e+00
  763 7.072336e+00
  764 7.096591e+00
  765 7.119516e+00
  766 7.141170e+00
  767 7.161617e+00
  768 7.180928e+00
  769 7.199178e+00
  770 7.216444e+00
  771 7.232809e+00
  772 7.248359e+00
  773 7.263181e+00
  774 7.277363e+00
  775 7.290996e+00
  776 7.304170e+00
  777 7.316976e+00
  778 7.329503e+00
  779 7.341840e+00
  780 7.354074e+00
  781 7.366290e+00
  782 7.378570e+00
  783 7.390995e+00
  784 7.403639e+00
  785 7.416577e+00
  786 7.429877e+00
  787 7.443604e+00
  788 7.457817e+00
  789 7.472574e+00
  790 7.487924e+00
  791 7.503915e+00
  792 7.520587e+00
  793 7.537977e+00
  794 7.556116e+00
  795 7.575030e+00
  796 7.594740e+00
  797 7.615263e+00
  798 7.636611e+00
  799 7.658789e+00
  800 7.681801e+00
