    1     0
    2     0
    3     0
    4     0
    5     0
    6     0
    7     0
    8     0
    9     0
   10     0
   11     0
   12 7.065000e-01
   13 1.069753e+00
   14 -1.276377e-01
   15 7.300539e-01
   16 4.522979e-02
   17 5.213643e-01
   18 1.234498e-01
   19 3.912713e-01
   20 1.569573e-01
   21 3.068032e-01
   22 1.677988e-01
   23 2.507731e-01
   24 1.676760e-01
   25 2.129606e-01
   26 1.628533e-01
   27 1.870736e-01
   28 1.565674e-01
   29 1.691498e-01
   30 1.503845e-01
   31 1.566378e-01
   32 1.449699e-01
   33 1.478566e-01
   34 1.405222e-01
   35 1.416739e-01
   36 1.370128e-01
   37 1.373119e-01
   38 1.343162e-01
   39 1.342275e-01
   40 1.322782e-01
   41 1.320368e-01
   42 1.307489e-01
   43 1.304667e-01
   44 1.295977e-01
   45 1.293218e-01
   46 1.287176e-01
   47 1.284629e-01
   48 1.280246e-01
   49 1.277916e-01
   50 1.274552e-01
   51 1.272386e-01
   52 1.269630e-01
   53 1.267564e-01
   54 1.265151e-01
   55 1.263127e-01
   56 1.260891e-01
   57 1.258866e-01
   58 1.256705e-01
   59 1.254651e-01
   60 1.252505e-01
   61 1.250407e-01
   62 1.248244e-01
   63 1.246098e-01
   64 1.243904e-01
   65 1.241711e-01
   66 1.239483e-01
   67 1.237250e-01
   68 1.234992e-01
   69 1.232729e-01
   70 1.230449e-01
   71 1.228166e-01
   72 1.225873e-01
   73 1.223580e-01
   74 1.221285e-01
   75 1.218993e-01
   76 1.216703e-01
   77 1.214421e-01
   78 1.212146e-01
   79 1.209881e-01
   80 1.207628e-01
   81 1.205388e-01
   82 1.203162e-01
   83 1.200953e-01
   84 1.198760e-01
   85 1.196585e-01
   86 1.194429e-01
   87 1.192292e-01
   88 1.190176e-01
   89 1.188080e-01
   90 1.186006e-01
   91 1.183953e-01
   92 1.181922e-01
   93 1.179913e-01
   94 1.177927e-01
   95 1.175963e-01
   96 1.174021e-01
   97 1.172102e-01
   98 1.170205e-01
   99 1.168331e-01
  100 1.166480e-01
  101 1.164651e-01
  102 1.162844e-01
  103 1.161059e-01
  104 1.159296e-01
  105 1.157554e-01
  106 1.155835e-01
  107 1.154136e-01
  108 1.152459e-01
  109 1.150803e-01
  110 1.149168e-01
  111 1.147553e-01
  112 1.145959e-01
  113 1.144384e-01
  114 1.142830e-01
  115 1.141295e-01
  116 1.139780e-01
  117 1.138284e-01
  118 1.136807e-01
  119 1.135349e-01
  120 1.133910e-01
  121 1.132489e-01
  122 1.131086e-01
  123 1.129700e-01
  124 1.128333e-01
  125 1.126983e-01
  126 1.125651e-01
  127 1.124336e-01
  128 1.123037e-01
  129 1.121755e-01
  130 1.120490e-01
  131 -1.006191e+00
  132 6.041710e-01
  133 -6.073473e-01
  134 3.370023e-01
  135 -3.538241e-01
  136 1.934218e-01
  137 -2.011505e-01
  138 1.171997e-01
  139 -1.077865e-01
  140 7.783856e-02
  141 -5.012619e-02
  142 5.834533e-02
  143 -1.423487e-02
  144 4.928104e-02
  145 8.226419e-03
  146 4.547772e-02
  147 2.230535e-02
  148 4.416623e-02
  149 3.109560e-02
  150 4.390959e-02
  151 3.651906e-02
  152 4.399878e-02
  153 3.978660e-02
  154 4.411318e-02
  155 4.167166e-02
  156 4.413200e-02
  157 4.267437e-02
  158 4.403129e-02
  159 4.312134e-02
  160 4.382902e-02
  161 4.322711e-02
  162 4.355709e-02
  163 4.313282e-02
  164 4.324781e-02
  165 4.293084e-02
  166 4.292835e-02
  167 4.268087e-02
  168 4.261906e-02
  169 4.242055e-02
  170 4.233372e-02
  171 4.217269e-02
  172 4.208058e-02
  173 4.195011e-02
  174 4.186362e-02
  175 4.175906e-02
  176 4.168370e-02
  177 4.160153e-02
  178 4.153957e-02
  179 4.147682e-02
  180 4.142864e-02
  181 4.138270e-02
  182 4.134762e-02
  183 4.131610e-02
  184 4.129290e-02
  185 4.127363e-02
  186 4.126087e-02
  187 4.125191e-02
  188 4.124808e-02
  189 4.124770e-02
  190 4.125140e-02
  191 4.125808e-02
  192 4.126802e-02
  193 4.128047e-02
  194 4.129549e-02
  195 4.131260e-02
  196 4.133174e-02
  197 4.135257e-02
  198 4.137500e-02
  199 4.139878e-02
  200 4.142381e-02
  201 1.354513e-01
  202 -8.929343e-02
  203 1.611644e-01
  204 -4.348839e-02
  205 1.225187e-01
  206 1.648471e-04
  207 9.841766e-02
  208 2.859727e-02
  209 8.637761e-02
  210 4.707102e-02
  211 8.129707e-02
  212 5.947569e-02
  213 7.998924e-02
  214 6.813041e-02
  215 8.062512e-02
  216 7.440533e-02
  217 8.217974e-02
  218 7.912165e-02
  219 8.409256e-02
  220 -1.094718e+00
  221 2.567003e-02
  222 -3.260278e-01
  223 -1.099057e-01
  224 -2.354964e-01
  225 -1.252206e-01
  226 -1.903521e-01
  227 -1.254118e-01
  228 -1.604048e-01
  229 -1.210305e-01
  230 -1.393941e-01
  231 -1.151085e-01
  232 -1.242855e-01
  233 -1.090382e-01
  234 -1.132291e-01
  235 -1.034693e-01
  236 -1.050330e-01
  237 -9.865722e-02
  238 -9.890192e-02
  239 -9.465063e-02
  240 -9.428815e-02
  241 -9.139678e-02
  242 -9.080297e-02
  243 -8.879976e-02
  244 -8.816362e-02
  245 -8.675184e-02
  246 -8.616032e-02
  247 -8.514939e-02
  248 -8.463535e-02
  249 -8.390012e-02
  250 -8.346907e-02
  251 -8.292562e-02
  252 -8.257042e-02
  253 -8.216136e-02
  254 -8.187007e-02
  255 -8.155550e-02
  256 -8.131536e-02
  257 -8.106724e-02
  258 -8.086653e-02
  259 -8.066495e-02
  260 -8.049375e-02
  261 -5.275705e-01
  262 1.167732e-01
  263 -3.676385e-01
  264 1.028376e-02
  265 -2.658676e-01
  266 -4.679865e-02
  267 -2.044597e-01
  268 -7.695746e-02
  269 -1.667919e-01
  270 -9.238573e-02
  271 -1.434171e-01
  272 -9.987654e-02
  273 -1.287580e-01
  274 -1.032028e-01
  275 -1.194769e-01
  276 -1.044299e-01
  277 -1.135533e-01
  278 -1.046645e-01
  279 -1.097491e-01
  280 -1.044808e-01
  281 -1.072952e-01
  282 -1.041623e-01
  283 -1.057069e-01
  284 -1.038370e-01
  285 -1.046751e-01
  286 -1.035534e-01
  287 -1.039998e-01
  288 -1.033213e-01
  289 -1.035505e-01
  290 -1.031336e-01
  291 -1.032416e-01
  292 -1.029778e-01
  293 -1.030167e-01
  294 -1.028411e-01
  295 -1.028393e-01
  296 -1.027128e-01
  297 -1.026854e-01
  298 -1.025849e-01
  299 -1.025402e-01
  300 -1.024520e-01
  301 -1.023946e-01
  302 -1.023109e-01
  303 -1.022436e-01
  304 -1.021600e-01
  305 -1.020847e-01
  306 -1.019990e-01
  307 -1.019172e-01
  308 -1.018285e-01
  309 -1.017412e-01
  310 -1.016494e-01
  311 -1.015578e-01
  312 -1.014631e-01
  313 -1.013681e-01
  314 -1.012710e-01
  315 -1.011735e-01
  316 -1.010745e-01
  317 -1.009751e-01
  318 -1.008749e-01
  319 -1.007744e-01
  320 -1.006735e-01
  321 -1.005725e-01
  322 -1.004713e-01
  323 -1.003702e-01
  324 -1.002692e-01
  325 -1.001684e-01
  326 -1.000680e-01
  327 -9.996790e-02
  328 -9.986829e-02
  329 -9.976921e-02
  330 -9.967069e-02
  331 -9.957279e-02
  332 -9.947555e-02
  333 -9.937902e-02
  334 -9.928322e-02
  335 -9.918818e-02
  336 -9.909393e-02
  337 -9.900049e-02
  338 -9.890787e-02
  339 -9.881610e-02
  340 -9.872518e-02
  341 -9.863512e-02
  342 -9.854593e-02
  343 -9.845763e-02
  344 -9.837020e-02
  345 -9.828366e-02
  346 -9.819801e-02
  347 -9.811324e-02
  348 -9.802936e-02
  349 -9.794637e-02
  350 -9.786426e-02
  351 -9.778303e-02
  352 -9.770268e-02
  353 -9.762320e-02
  354 -9.754459e-02
  355 -9.746684e-02
  356 -9.738996e-02
  357 -9.731393e-02
  358 -9.723874e-02
  359 -9.716440e-02
  360 -9.709089e-02
  361 -9.701822e-02
  362 -9.694636e-02
  363 -9.687533e-02
  364 -9.680510e-02
  365 -9.673569e-02
  366 -9.666706e-02
  367 -9.659923e-02
  368 -9.653219e-02
  369 -9.646592e-02
  370 -9.640043e-02
  371 -9.633569e-02
  372 -9.627172e-02
  373 -9.620850e-02
  374 -9.614602e-02
  375 -9.608428e-02
  376 -9.602327e-02
  377 -9.596298e-02
  378 -9.590342e-02
  379 -9.584456e-02
  380 -9.578641e-02
  381 -9.572895e-02
  382 -9.567219e-02
  383 -9.561611e-02
  384 -9.556071e-02
  385 -9.550597e-02
  386 -9.545191e-02
  387 -9.539850e-02
  388 -9.534574e-02
  389 -9.529363e-02
  390 -9.524216e-02
  391 1.022924e+00
  392 -5.875113e-01
  393 6.239349e-01
  394 -3.204858e-01
  395 3.702704e-01
  396 -1.770447e-01
  397 2.174592e-01
  398 -1.009584e-01
  399 1.239612e-01
  400 -6.172942e-02
  401 2.857002e-02
  402 9.943319e-03
  403 -1.771148e-02
  404 5.829642e-04
  405 -2.481493e-02
  406 -1.317329e-02
  407 -2.934966e-02
  408 -2.332903e-02
  409 -3.341625e-02
  410 -3.055242e-02
  411 -3.689626e-02
  412 -3.569054e-02
  413 -3.972607e-02
  414 -3.935060e-02
  415 -4.194769e-02
  416 -4.196007e-02
  417 -4.365144e-02
  418 -4.382362e-02
  419 -4.493985e-02
  420 -4.516056e-02
  421 -4.590960e-02
  422 -4.612954e-02
  423 -4.664393e-02
  424 -4.684536e-02
  425 -4.721052e-02
  426 -4.739074e-02
  427 -4.766213e-02
  428 -4.782473e-02
  429 -4.803855e-02
  430 -4.818896e-02
  431 -4.836874e-02
  432 -4.851220e-02
  433 -4.867312e-02
  434 -4.881383e-02
  435 -4.896548e-02
  436 -4.910643e-02
  437 -4.925466e-02
  438 -4.939770e-02
  439 -4.954588e-02
  440 6.568080e-01
  441 -1.360268e-02
  442 1.970479e-01
  443 6.857768e-02
  444 1.438575e-01
  445 7.850985e-02
  446 1.176578e-01
  447 7.926646e-02
  448 1.003937e-01
  449 7.718250e-02
  450 8.835196e-02
  451 7.408764e-02
  452 7.974384e-02
  453 7.082999e-02
  454 7.348388e-02
  455 6.781194e-02
  456 6.887560e-02
  457 6.519812e-02
  458 6.545637e-02
  459 6.302751e-02
  460 6.290867e-02
  461 6.127661e-02
  462 6.100794e-02
  463 5.989446e-02
  464 5.959112e-02
  465 5.882165e-02
  466 5.853740e-02
  467 5.800008e-02
  468 5.775597e-02
  469 5.737750e-02
  470 5.717793e-02
  471 5.690926e-02
  472 5.675079e-02
  473 5.655842e-02
  474 5.643455e-02
  475 5.629523e-02
  476 5.619879e-02
  477 5.609618e-02
  478 5.602050e-02
  479 5.594303e-02
  480 5.588245e-02
  481 5.582187e-02
  482 5.577179e-02
  483 5.572225e-02
  484 5.567911e-02
  485 5.563648e-02
  486 5.559760e-02
  487 5.555899e-02
  488 5.552242e-02
  489 5.548584e-02
  490 5.545022e-02
  491 5.541434e-02
  492 5.537874e-02
  493 5.534270e-02
  494 5.530654e-02
  495 5.526982e-02
  496 5.523274e-02
  497 5.519506e-02
  498 5.515690e-02
  499 5.511813e-02
  500 5.507884e-02
  501 5.503897e-02
  502 5.499858e-02
  503 5.495767e-02
  504 5.491628e-02
  505 5.487441e-02
  506 5.483213e-02
  507 5.478944e-02
  508 5.474639e-02
  509 5.470301e-02
  510 5.465933e-02
  511 5.461539e-02
  512 5.457122e-02
  513 5.452685e-02
  514 5.448231e-02
  515 5.443763e-02
  516 5.439284e-02
  517 5.434797e-02
  518 5.430303e-02
  519 5.425806e-02
  520 5.421307e-02
  521 5.416810e-02
  522 5.412315e-02
  523 5.407825e-02
  524 5.403342e-02
  525 5.398868e-02
  526 5.394403e-02
  527 5.389950e-02
  528 5.385510e-02
  529 5.381084e-02
  530 5.376673e-02
  531 5.372280e-02
  532 5.367904e-02
  533 5.363547e-02
  534 5.359209e-02
  535 5.354893e-02
  536 5.350598e-02
  537 5.346326e-02
  538 5.342076e-02
  539 5.337851e-02
  540 5.333650e-02
  541 5.329474e-02
  542 5.325324e-02
  543 5.321200e-02
  544 5.317103e-02
  545 5.313033e-02
  546 5.308991e-02
  547 5.304977e-02
  548 5.300991e-02
  549 5.297034e-02
  550 5.293106e-02
  551 5.289208e-02
  552 5.285340e-02
  553 5.281501e-02
  554 5.277693e-02
  555 5.273915e-02
  556 5.270168e-02
  557 5.266451e-02
  558 5.262766e-02
  559 5.259111e-02
  560 5.255488e-02
  561 5.251896e-02
  562 5.248336e-02
  563 5.244807e-02
  564 5.241309e-02
  565 5.237844e-02
  566 5.234409e-02
  567 5.231007e-02
  568 5.227636e-02
  569 5.224297e-02
  570 5.220989e-02
  571 5.217713e-02
  572 5.214468e-02
  573 5.211255e-02
  574 5.208074e-02
  575 5.204923e-02
  576 5.201804e-02
  577 5.198717e-02
  578 5.195660e-02
  579 5.192635e-02
  580 5.189640e-02
  581 5.186676e-02
  582 5.183743e-02
  583 5.180840e-02
  584 5.177968e-02
  585 5.175126e-02
  586 5.172314e-02
  587 5.169533e-02
  588 5.166781e-02
  589 5.164058e-02
  590 5.161365e-02
  591 5.158702e-02
  592 5.156067e-02
  593 5.153462e-02
  594 5.150885e-02
  595 5.148337e-02
  596 5.145817e-02
  597 5.143326e-02
  598 5.140863e-02
  599 5.138427e-02
  600 5.136019e-02
  601 -1.446459e-02
  602 1.428521e-01
  603 -3.247208e-02
  604 1.107819e-01
  605 -5.425369e-03
  606 8.022076e-02
  607 1.144278e-02
  608 6.031659e-02
  609 1.987040e-02
  610 4.738553e-02
  611 2.342822e-02
  612 3.870452e-02
  613 2.434674e-02
  614 3.264997e-02
  615 2.390603e-02
  616 2.826254e-02
  617 2.282339e-02
  618 2.496726e-02
  619 2.149106e-02
  620 2.241191e-02
  621 2.011543e-02
  622 2.037475e-02
  623 1.879791e-02
  624 1.871155e-02
  625 1.758185e-02
  626 1.732521e-02
  627 1.647941e-02
  628 1.614807e-02
  629 1.548702e-02
  630 1.513151e-02
  631 1.459393e-02
  632 1.423971e-02
  633 1.378699e-02
  634 1.344580e-02
  635 1.305307e-02
  636 1.272938e-02
  637 1.238026e-02
  638 1.207483e-02
  639 1.175830e-02
  640 1.147020e-02
  641 1.117868e-02
  642 1.090630e-02
  643 1.063450e-02
  644 1.037611e-02
  645 1.012028e-02
  646 9.874282e-03
  647 9.631734e-03
  648 9.396734e-03
  649 9.165520e-03
  650 8.940379e-03
  651 8.719076e-03
  652 8.502872e-03
  653 8.290429e-03
  654 8.082432e-03
  655 7.878068e-03
  656 7.677697e-03
  657 7.480819e-03
  658 7.287613e-03
  659 7.097763e-03
  660 1.184411e+00
  661 6.712673e-02
  662 4.182801e-01
  663 2.042399e-01
  664 3.297867e-01
  665 2.209607e-01
  666 2.862981e-01
  667 2.224084e-01
  668 2.577202e-01
  669 2.191388e-01
  670 2.378617e-01
  671 2.141984e-01
  672 2.237387e-01
  673 2.089982e-01
  674 2.135393e-01
  675 2.042061e-01
  676 2.061004e-01
  677 2.000942e-01
  678 2.006487e-01
  679 1.967255e-01
  680 1.966530e-01
  681 1.940589e-01
  682 1.937374e-01
  683 1.920080e-01
  684 1.916289e-01
  685 1.904726e-01
  686 1.901248e-01
  687 1.893549e-01
  688 1.890731e-01
  689 1.885668e-01
  690 1.883581e-01
  691 1.880335e-01
  692 1.878918e-01
  693 1.876927e-01
  694 1.876070e-01
  695 1.874947e-01
  696 1.874528e-01
  697 1.873998e-01
  698 1.873906e-01
  699 1.873775e-01
  700 1.873915e-01
  701 1.874045e-01
  702 1.874340e-01
  703 1.874633e-01
  704 1.875022e-01
  705 1.875410e-01
  706 1.875850e-01
  707 1.876283e-01
  708 1.876741e-01
  709 1.877187e-01
  710 1.877640e-01
  711 1.878077e-01
  712 1.878509e-01
  713 1.878924e-01
  714 1.879326e-01
  715 1.879708e-01
  716 1.880075e-01
  717 1.880421e-01
  718 1.880750e-01
  719 1.881059e-01
  720 1.881349e-01
  721 1.881619e-01
  722 1.881872e-01
  723 1.882105e-01
  724 1.882322e-01
  725 1.882521e-01
  726 1.882704e-01
  727 1.882870e-01
  728 1.883021e-01
  729 1.883158e-01
  730 1.883281e-01
  731 1.883390e-01
  732 1.883486e-01
  733 1.883570e-01
  734 1.883643e-01
  735 1.883704e-01
  736 1.883755e-01
  737 1.883796e-01
  738 1.883827e-01
  739 1.883849e-01
  740 1.883862e-01
  741 1.883868e-01
  742 1.883865e-01
  743 1.883855e-01
  744 1.883838e-01
  745 1.883815e-01
  746 1.883785e-01
  747 1.883749e-01
  748 1.883708e-01
  749 1.883660e-01
  750 1.883608e-01
  751 1.883551e-01
  752 1.883490e-01
  753 1.883424e-01
  754 1.883353e-01
  755 1.883279e-01
  756 1.883201e-01
  757 1.883120e-01
  758 1.883035e-01
  759 1.882947e-01
  760 1.882856e-01
  761 1.882762e-01
  762 1.882666e-01
  763 1.882567e-01
  764 1.882466e-01
  765 1.882362e-01
  766 1.882257e-01
  767 1.882149e-01
  768 1.882040e-01
  769 1.881929e-01
  770 1.881817e-01
  771 1.881703e-01
  772 1.881587e-01
  773 1.881471e-01
  774 1.881353e-01
  775 1.881234e-01
  776 1.881114e-01
  777 1.880994e-01
  778 1.880872e-01
  779 1.880750e-01
  780 1.880627e-01
  781 1.880504e-01
  782 1.880380e-01
  783 1.880256e-01
  784 1.880131e-01
  785 1.880006e-01
  786 1.879881e-01
  787 1.879756e-01
  788 1.879631e-01
  789 1.879506e-01
  790 1.879380e-01
  791 1.879255e-01
  792 1.879130e-01
  793 1.879005e-01
  794 1.878880e-01
  795 1.878756e-01
  796 1.878632e-01
  797 1.878508e-01
  798 1.878384e-01
  799 1.878261e-01
  800 1.878138e-01
