    1     0
    2     0
    3     0
    4     0
    5     0
    6     0
    7     0
    8     0
    9     0
   10     0
   11     0
   12 9.425250e-01
   13 9.584784e-01
   14 8.959964e-01
   15 8.696121e-01
   16 8.561166e-01
   17 8.503339e-01
   18 8.479476e-01
   19 8.467317e-01
   20 8.455370e-01
   21 8.438464e-01
   22 8.414919e-01
   23 8.384909e-01
   24 8.349515e-01
   25 8.310182e-01
   26 8.268420e-01
   27 8.225644e-01
   28 8.183096e-01
   29 8.141815e-01
   30 8.102632e-01
   31 8.066183e-01
   32 8.032924e-01
   33 8.003158e-01
   34 7.977053e-01
   35 7.954666e-01
   36 7.935961e-01
   37 7.920830e-01
   38 7.909109e-01
   39 7.900591e-01
   40 7.895038e-01
   41 7.892194e-01
   42 7.891794e-01
   43 7.893569e-01
   44 7.897251e-01
   45 7.902583e-01
   46 7.909318e-01
   47 7.917222e-01
   48 7.926081e-01
   49 7.935693e-01
   50 7.945878e-01
   51 7.956473e-01
   52 7.967333e-01
   53 7.978329e-01
   54 7.989350e-01
   55 8.000301e-01
   56 8.011102e-01
   57 8.021684e-01
   58 8.031994e-01
   59 8.041988e-01
   60 8.051631e-01
   61 8.060900e-01
   62 8.069778e-01
   63 8.078255e-01
   64 8.086325e-01
   65 8.093991e-01
   66 8.101257e-01
   67 8.108131e-01
   68 8.114624e-01
   69 8.120749e-01
   70 8.126520e-01
   71 8.131954e-01
   72 8.137066e-01
   73 8.141874e-01
   74 8.146394e-01
   75 8.150644e-01
   76 8.154640e-01
   77 8.158397e-01
   78 8.161932e-01
   79 8.165259e-01
   80 8.168393e-01
   81 8.171346e-01
   82 8.174132e-01
   83 8.176761e-01
   84 8.179245e-01
   85 8.181595e-01
   86 8.183819e-01
   87 8.185925e-01
   88 8.187923e-01
   89 8.189820e-01
   90 8.191621e-01
   91 8.193334e-01
   92 8.194964e-01
   93 8.196515e-01
   94 8.197994e-01
   95 8.199404e-01
   96 8.200749e-01
   97 8.202032e-01
   98 8.203258e-01
   99 8.204429e-01
  100 8.205547e-01
  101 8.206617e-01
  102 8.207639e-01
  103 8.208616e-01
  104 8.209550e-01
  105 8.210444e-01
  106 8.211299e-01
  107 8.212116e-01
  108 8.212898e-01
  109 8.213645e-01
  110 8.214360e-01
  111 8.215044e-01
  112 8.215697e-01
  113 8.216322e-01
  114 8.216919e-01
  115 8.217490e-01
  116 8.218035e-01
  117 8.218556e-01
  118 8.219054e-01
  119 8.219529e-01
  120 8.219984e-01
  121 8.220417e-01
  122 8.220831e-01
  123 8.221227e-01
  124 8.221604e-01
  125 8.221965e-01
  126 8.222309e-01
  127 8.222637e-01
  128 8.222950e-01
  129 8.223249e-01
  130 8.223534e-01
  131 -4.403831e-01
  132 -2.630392e-01
  133 -2.087214e-01
  134 -1.635030e-01
  135 -1.359108e-01
  136 -1.168020e-01
  137 -1.020635e-01
  138 -8.931981e-02
  139 -7.739074e-02
  140 -6.575068e-02
  141 -5.423136e-02
  142 -4.284733e-02
  143 -3.169656e-02
  144 -2.090501e-02
  145 -1.059684e-02
  146 -8.796064e-04
  147 8.162067e-03
  148 1.646799e-02
  149 2.400128e-02
  150 3.074599e-02
  151 3.670413e-02
  152 4.189256e-02
  153 4.634007e-02
  154 5.008455e-02
  155 5.317060e-02
  156 5.564740e-02
  157 5.756683e-02
  158 5.898198e-02
  159 5.994589e-02
  160 6.051051e-02
  161 6.072592e-02
  162 6.063974e-02
  163 6.029664e-02
  164 5.973810e-02
  165 5.900218e-02
  166 5.812350e-02
  167 5.713318e-02
  168 5.605896e-02
  169 5.492529e-02
  170 5.375350e-02
  171 5.256199e-02
  172 5.136642e-02
  173 5.017994e-02
  174 4.901344e-02
  175 4.787572e-02
  176 4.677374e-02
  177 4.571284e-02
  178 4.469692e-02
  179 4.372864e-02
  180 4.280959e-02
  181 4.194047e-02
  182 4.112122e-02
  183 4.035116e-02
  184 3.962910e-02
  185 3.895349e-02
  186 3.832243e-02
  187 3.773385e-02
  188 3.718551e-02
  189 3.667507e-02
  190 3.620018e-02
  191 3.575848e-02
  192 3.534764e-02
  193 3.496541e-02
  194 3.460961e-02
  195 3.427817e-02
  196 3.396913e-02
  197 3.368066e-02
  198 3.341104e-02
  199 3.315868e-02
  200 -1.433228e+00
  201 -4.796452e-01
  202 -5.006162e-01
  203 -4.891618e-01
  204 -4.939644e-01
  205 -4.997044e-01
  206 -5.060320e-01
  207 -5.122154e-01
  208 -5.179871e-01
  209 -5.232252e-01
  210 -5.278989e-01
  211 -5.320257e-01
  212 -5.356482e-01
  213 -5.388200e-01
  214 -5.415981e-01
  215 -5.440380e-01
  216 -5.461918e-01
  217 -5.481064e-01
  218 -5.498238e-01
  219 -5.513804e-01
  220 -5.528073e-01
  221 -5.503510e-01
  222 -5.729770e-01
  223 -5.879111e-01
  224 -5.992667e-01
  225 -6.077375e-01
  226 -6.141337e-01
  227 -6.189643e-01
  228 -6.225857e-01
  229 -6.252541e-01
  230 -6.271633e-01
  231 -6.284650e-01
  232 -6.292822e-01
  233 -6.297166e-01
  234 -6.298535e-01
  235 -6.297645e-01
  236 -6.295102e-01
  237 -6.291414e-01
  238 -6.287002e-01
  239 -6.282215e-01
  240 -6.277333e-01
  241 -6.272580e-01
  242 -6.268130e-01
  243 -6.264112e-01
  244 -6.260617e-01
  245 -6.257706e-01
  246 -6.255413e-01
  247 -6.253750e-01
  248 -6.252709e-01
  249 -6.252272e-01
  250 -6.252407e-01
  251 -6.253075e-01
  252 -6.254232e-01
  253 -6.255828e-01
  254 -6.257815e-01
  255 -6.260141e-01
  256 -6.262757e-01
  257 -6.265615e-01
  258 -6.268668e-01
  259 -6.271873e-01
  260 -6.275191e-01
  261 -2.490294e-01
  262 -3.025685e-01
  263 -3.192016e-01
  264 -3.331039e-01
  265 -3.417152e-01
  266 -3.477763e-01
  267 -3.525197e-01
  268 -3.566565e-01
  269 -3.605397e-01
  270 -3.643262e-01
  271 -3.680658e-01
  272 -3.717536e-01
  273 -3.753601e-01
  274 -3.788472e-01
  275 -3.821777e-01
  276 -3.853194e-01
  277 -3.882472e-01
  278 -3.909432e-01
  279 -3.933967e-01
  280 -3.956032e-01
  281 -3.975639e-01
  282 -3.992840e-01
  283 -4.007729e-01
  284 -4.020421e-01
  285 -4.031056e-01
  286 -4.039786e-01
  287 -4.046771e-01
  288 -4.052174e-01
  289 -4.056158e-01
  290 -4.058884e-01
  291 -4.060505e-01
  292 -4.061168e-01
  293 -4.061010e-01
  294 -4.060159e-01
  295 -4.058732e-01
  296 -4.056835e-01
  297 -4.054565e-01
  298 -4.052008e-01
  299 -4.049238e-01
  300 -4.046322e-01
  301 -4.043318e-01
  302 -4.040273e-01
  303 -4.037229e-01
  304 -4.034221e-01
  305 -4.031275e-01
  306 -4.028415e-01
  307 -4.025658e-01
  308 -4.023015e-01
  309 -4.020497e-01
  310 -4.018109e-01
  311 -4.015854e-01
  312 -4.013732e-01
  313 -4.011743e-01
  314 -4.009884e-01
  315 -4.008150e-01
  316 -4.006537e-01
  317 -4.005039e-01
  318 -4.003649e-01
  319 -4.002362e-01
  320 -4.001171e-01
  321 -4.000069e-01
  322 -3.999049e-01
  323 -3.998106e-01
  324 -3.997233e-01
  325 -3.996424e-01
  326 -3.995674e-01
  327 -3.994978e-01
  328 -3.994331e-01
  329 -3.993728e-01
  330 -3.993166e-01
  331 -3.992640e-01
  332 -3.992148e-01
  333 -3.991685e-01
  334 -3.991251e-01
  335 -3.990841e-01
  336 -3.990453e-01
  337 -3.990086e-01
  338 -3.989739e-01
  339 -3.989408e-01
  340 -3.989093e-01
  341 -3.988794e-01
  342 -3.988507e-01
  343 -3.988234e-01
  344 -3.987972e-01
  345 -3.987721e-01
  346 -3.987481e-01
  347 -3.987251e-01
  348 -3.987030e-01
  349 -3.986818e-01
  350 -3.986615e-01
  351 -3.986420e-01
  352 -3.986232e-01
  353 -3.986052e-01
  354 -3.985880e-01
  355 -3.985714e-01
  356 -3.985555e-01
  357 -3.985402e-01
  358 -3.985256e-01
  359 -3.985116e-01
  360 -3.984982e-01
  361 -3.984853e-01
  362 -3.984730e-01
  363 -3.984612e-01
  364 -3.984499e-01
  365 -3.984391e-01
  366 -3.984287e-01
  367 -3.984189e-01
  368 -3.984094e-01
  369 -3.984004e-01
  370 -3.983918e-01
  371 -3.983835e-01
  372 -3.983757e-01
  373 -3.983682e-01
  374 -3.983610e-01
  375 -3.983542e-01
  376 -3.983476e-01
  377 -3.983414e-01
  378 -3.983355e-01
  379 -3.983298e-01
  380 -3.983244e-01
  381 -3.983192e-01
  382 -3.983143e-01
  383 -3.983096e-01
  384 -3.983052e-01
  385 -3.983009e-01
  386 -3.982968e-01
  387 -3.982929e-01
  388 -3.982892e-01
  389 -3.982857e-01
  390 -3.982823e-01
  391 2.331027e-01
  392 1.444468e-01
  393 1.173032e-01
  394 9.470860e-02
  395 8.092645e-02
  396 7.138533e-02
  397 6.402877e-02
  398 5.766899e-02
  399 5.171599e-02
  400 8.837070e-01
  401 3.329265e-01
  402 3.391085e-01
  403 3.268848e-01
  404 3.241363e-01
  405 3.221706e-01
  406 3.208410e-01
  407 3.197713e-01
  408 3.188384e-01
  409 3.179908e-01
  410 3.172184e-01
  411 3.165302e-01
  412 3.159417e-01
  413 3.154690e-01
  414 3.151254e-01
  415 3.149204e-01
  416 3.148589e-01
  417 3.149417e-01
  418 3.151661e-01
  419 3.155262e-01
  420 3.160139e-01
  421 3.166191e-01
  422 3.173307e-01
  423 3.181366e-01
  424 3.190244e-01
  425 3.199818e-01
  426 3.209965e-01
  427 3.220567e-01
  428 3.231515e-01
  429 3.242703e-01
  430 3.254037e-01
  431 3.265430e-01
  432 3.276804e-01
  433 3.288091e-01
  434 3.299229e-01
  435 3.310168e-01
  436 3.320863e-01
  437 3.331279e-01
  438 3.341387e-01
  439 3.351165e-01
  440 3.360594e-01
  441 3.346982e-01
  442 3.483984e-01
  443 3.574841e-01
  444 3.644146e-01
  445 3.695995e-01
  446 3.735199e-01
  447 3.764781e-01
  448 3.786859e-01
  449 3.802961e-01
  450 3.814250e-01
  451 3.821643e-01
  452 3.825889e-01
  453 3.827616e-01
  454 3.827354e-01
  455 3.825554e-01
  456 3.822601e-01
  457 3.818822e-01
  458 3.814493e-01
  459 3.809844e-01
  460 3.805064e-01
  461 3.800306e-01
  462 3.795693e-01
  463 3.791319e-01
  464 3.787253e-01
  465 3.783544e-01
  466 3.780225e-01
  467 3.777313e-01
  468 3.774812e-01
  469 3.772718e-01
  470 3.771018e-01
  471 3.769692e-01
  472 3.768719e-01
  473 3.768071e-01
  474 3.767720e-01
  475 3.767637e-01
  476 3.767792e-01
  477 3.768156e-01
  478 3.768701e-01
  479 3.769399e-01
  480 3.770226e-01
  481 3.771156e-01
  482 3.772170e-01
  483 3.773246e-01
  484 3.774367e-01
  485 3.775517e-01
  486 3.776682e-01
  487 3.777850e-01
  488 3.779011e-01
  489 3.780155e-01
  490 3.781276e-01
  491 3.782368e-01
  492 3.783425e-01
  493 3.784445e-01
  494 3.785424e-01
  495 3.786361e-01
  496 3.787254e-01
  497 3.788104e-01
  498 3.788910e-01
  499 3.789672e-01
  500 3.790393e-01
  501 3.791073e-01
  502 3.791712e-01
  503 3.792314e-01
  504 3.792880e-01
  505 3.793412e-01
  506 3.793910e-01
  507 3.794378e-01
  508 3.794818e-01
  509 3.795230e-01
  510 3.795617e-01
  511 3.795980e-01
  512 3.796321e-01
  513 3.796642e-01
  514 3.796943e-01
  515 3.797228e-01
  516 3.797495e-01
  517 3.797748e-01
  518 3.797986e-01
  519 3.798212e-01
  520 3.798425e-01
  521 3.798627e-01
  522 3.798818e-01
  523 3.799000e-01
  524 3.799173e-01
  525 3.799337e-01
  526 3.799493e-01
  527 3.799641e-01
  528 3.799783e-01
  529 3.799918e-01
  530 3.800047e-01
  531 3.800169e-01
  532 3.800287e-01
  533 3.800399e-01
  534 3.800506e-01
  535 3.800608e-01
  536 3.800706e-01
  537 3.800800e-01
  538 3.800889e-01
  539 3.800975e-01
  540 3.801056e-01
  541 3.801135e-01
  542 3.801209e-01
  543 3.801281e-01
  544 3.801349e-01
  545 3.801415e-01
  546 3.801477e-01
  547 3.801537e-01
  548 3.801594e-01
  549 3.801648e-01
  550 3.801700e-01
  551 3.801750e-01
  552 3.801797e-01
  553 3.801843e-01
  554 3.801886e-01
  555 3.801927e-01
  556 3.801967e-01
  557 3.802004e-01
  558 3.802040e-01
  559 3.802075e-01
  560 3.802107e-01
  561 3.802139e-01
  562 3.802168e-01
  563 3.802197e-01
  564 3.802224e-01
  565 3.802250e-01
  566 3.802274e-01
  567 3.802298e-01
  568 3.802320e-01
  569 3.802342e-01
  570 3.802362e-01
  571 3.802382e-01
  572 3.802400e-01
  573 3.802418e-01
  574 3.802435e-01
  575 3.802451e-01
  576 3.802466e-01
  577 3.802481e-01
  578 3.802495e-01
  579 3.802508e-01
  580 3.802521e-01
  581 3.802533e-01
  582 3.802545e-01
  583 3.802556e-01
  584 3.802566e-01
  585 3.802576e-01
  586 3.802586e-01
  587 3.802595e-01
  588 3.802604e-01
  589 3.802612e-01
  590 3.802620e-01
  591 3.802627e-01
  592 3.802634e-01
  593 3.802641e-01
  594 3.802648e-01
  595 3.802654e-01
  596 3.802660e-01
  597 3.802666e-01
  598 3.802671e-01
  599 3.802676e-01
  600 1.113343e+00
  601 6.364412e-01
  602 6.468227e-01
  603 6.409975e-01
  604 6.433063e-01
  605 6.460889e-01
  606 6.491699e-01
  607 6.521831e-01
  608 6.549944e-01
  609 6.575425e-01
  610 6.598119e-01
  611 6.618109e-01
  612 6.635607e-01
  613 6.650879e-01
  614 6.664208e-01
  615 6.675871e-01
  616 6.686126e-01
  617 6.695207e-01
  618 6.703322e-01
  619 6.710653e-01
  620 6.717354e-01
  621 6.723559e-01
  622 6.729376e-01
  623 6.734895e-01
  624 6.740191e-01
  625 6.745320e-01
  626 6.750327e-01
  627 6.755246e-01
  628 6.760101e-01
  629 6.764908e-01
  630 6.769676e-01
  631 6.774411e-01
  632 6.779112e-01
  633 6.783777e-01
  634 6.788401e-01
  635 6.792977e-01
  636 6.797498e-01
  637 6.801955e-01
  638 6.806340e-01
  639 6.810644e-01
  640 6.814860e-01
  641 6.818980e-01
  642 6.822999e-01
  643 6.826910e-01
  644 6.830708e-01
  645 6.834391e-01
  646 6.837954e-01
  647 6.841395e-01
  648 6.844714e-01
  649 6.847909e-01
  650 6.850981e-01
  651 6.853930e-01
  652 6.856758e-01
  653 6.859467e-01
  654 6.862059e-01
  655 6.864537e-01
  656 6.866904e-01
  657 6.869162e-01
  658 6.871316e-01
  659 6.873370e-01
  660 6.875326e-01
  661 6.839385e-01
  662 7.054989e-01
  663 7.194215e-01
  664 7.298054e-01
  665 7.373331e-01
  666 7.428058e-01
  667 7.467264e-01
  668 7.494465e-01
  669 7.512195e-01
  670 7.522373e-01
  671 7.526510e-01
  672 7.525837e-01
  673 7.521379e-01
  674 7.513999e-01
  675 7.504431e-01
  676 7.493297e-01
  677 7.481121e-01
  678 7.468345e-01
  679 7.455333e-01
  680 7.442384e-01
  681 7.429738e-01
  682 7.417581e-01
  683 7.406055e-01
  684 7.395263e-01
  685 7.385273e-01
  686 7.376126e-01
  687 7.367839e-01
  688 7.360409e-01
  689 7.353817e-01
  690 7.348033e-01
  691 7.343018e-01
  692 7.338723e-01
  693 7.335097e-01
  694 7.332087e-01
  695 7.329637e-01
  696 7.327691e-01
  697 7.326194e-01
  698 7.325095e-01
  699 7.324343e-01
  700 7.323892e-01
  701 7.323697e-01
  702 7.323718e-01
  703 7.323918e-01
  704 7.324265e-01
  705 7.324728e-01
  706 7.325281e-01
  707 7.325902e-01
  708 7.326568e-01
  709 7.327265e-01
  710 7.327976e-01
  711 7.328690e-01
  712 7.329396e-01
  713 7.330086e-01
  714 7.330754e-01
  715 7.331394e-01
  716 7.332004e-01
  717 7.332580e-01
  718 7.333121e-01
  719 7.333626e-01
  720 7.334095e-01
  721 7.334530e-01
  722 7.334930e-01
  723 7.335296e-01
  724 7.335632e-01
  725 7.335937e-01
  726 7.336215e-01
  727 7.336467e-01
  728 7.336695e-01
  729 7.336900e-01
  730 7.337086e-01
  731 7.337253e-01
  732 7.337404e-01
  733 7.337539e-01
  734 7.337662e-01
  735 7.337772e-01
  736 7.337872e-01
  737 7.337962e-01
  738 7.338044e-01
  739 7.338119e-01
  740 7.338187e-01
  741 7.338250e-01
  742 7.338308e-01
  743 7.338361e-01
  744 7.338411e-01
  745 7.338457e-01
  746 7.338501e-01
  747 7.338542e-01
  748 7.338581e-01
  749 7.338618e-01
  750 7.338653e-01
  751 7.338687e-01
  752 7.338719e-01
  753 7.338751e-01
  754 7.338780e-01
  755 7.338809e-01
  756 7.338837e-01
  757 7.338864e-01
  758 7.338890e-01
  759 7.338915e-01
  760 7.338939e-01
  761 7.338962e-01
  762 7.338985e-01
  763 7.339007e-01
  764 7.339028e-01
  765 7.339048e-01
  766 7.339067e-01
  767 7.339086e-01
  768 7.339104e-01
  769 7.339121e-01
  770 7.339138e-01
  771 7.339154e-01
  772 7.339169e-01
  773 7.339184e-01
  774 7.339198e-01
  775 7.339212e-01
  776 7.339225e-01
  777 7.339237e-01
  778 7.339249e-01
  779 7.339260e-01
  780 7.339270e-01
  781 7.339281e-01
  782 7.339290e-01
  783 7.339300e-01
  784 7.339309e-01
  785 7.339317e-01
  786 7.339325e-01
  787 7.339333e-01
  788 7.339340e-01
  789 7.339347e-01
  790 7.339353e-01
  791 7.339360e-01
  792 7.339366e-01
  793 7.339371e-01
  794 7.339377e-01
  795 7.339382e-01
  796 7.339387e-01
  797 7.339392e-01
  798 7.339396e-01
  799 7.339400e-01
  800 7.339404e-01
