    1     0
    2     0
    3     0
    4     0
    5     0
    6     0
    7     0
    8     0
    9     0
   10     0
   11     0
   12 5.668200e-01
   13 4.459024e-01
   14 4.146492e-01
   15 4.141287e-01
   16 4.257201e-01
   17 4.417500e-01
   18 4.590877e-01
   19 4.764688e-01
   20 4.933946e-01
   21 5.096802e-01
   22 5.252689e-01
   23 5.401555e-01
   24 5.543554e-01
   25 5.678913e-01
   26 5.807887e-01
   27 5.930733e-01
   28 6.047702e-01
   29 6.159041e-01
   30 6.264985e-01
   31 6.365765e-01
   32 6.461600e-01
   33 6.552704e-01
   34 6.639283e-01
   35 6.721535e-01
   36 6.799652e-01
   37 6.873819e-01
   38 6.944216e-01
   39 7.011014e-01
   40 7.074380e-01
   41 7.134475e-01
   42 7.191452e-01
   43 7.245462e-01
   44 7.296645e-01
   45 7.345141e-01
   46 7.391082e-01
   47 7.434593e-01
   48 7.475797e-01
   49 7.514810e-01
   50 7.551744e-01
   51 7.586706e-01
   52 7.619797e-01
   53 7.651116e-01
   54 7.680754e-01
   55 7.708802e-01
   56 7.735344e-01
   57 7.760460e-01
   58 7.784228e-01
   59 7.806719e-01
   60 7.828005e-01
   61 7.848149e-01
   62 7.867216e-01
   63 7.885264e-01
   64 7.902350e-01
   65 7.918527e-01
   66 7.933845e-01
   67 7.948353e-01
   68 7.962095e-01
   69 7.975115e-01
   70 7.987452e-01
   71 7.999145e-01
   72 8.010230e-01
   73 8.020741e-01
   74 8.030709e-01
   75 8.040166e-01
   76 8.049140e-01
   77 8.057657e-01
   78 8.065744e-01
   79 8.073423e-01
   80 8.080717e-01
   81 8.087649e-01
   82 8.094236e-01
   83 8.100499e-01
   84 8.106455e-01
   85 8.112120e-01
   86 8.117510e-01
   87 8.122640e-01
   88 8.127524e-01
   89 8.132175e-01
   90 8.136605e-01
   91 8.140826e-01
   92 8.144848e-01
   93 8.148681e-01
   94 8.152336e-01
   95 8.155822e-01
   96 8.159147e-01
   97 8.162318e-01
   98 8.165345e-01
   99 8.168233e-01
  100 8.170991e-01
  101 8.173623e-01
  102 8.176136e-01
  103 8.178536e-01
  104 8.180829e-01
  105 8.183019e-01
  106 8.185111e-01
  107 8.187109e-01
  108 8.189019e-01
  109 8.190844e-01
  110 8.192588e-01
  111 8.194254e-01
  112 8.195847e-01
  113 8.197370e-01
  114 8.198825e-01
  115 8.200216e-01
  116 8.201545e-01
  117 8.202815e-01
  118 8.204030e-01
  119 8.205191e-01
  120 8.206300e-01
  121 8.207360e-01
  122 8.208374e-01
  123 8.209342e-01
  124 8.210268e-01
  125 8.211152e-01
  126 8.211997e-01
  127 8.212804e-01
  128 8.213576e-01
  129 8.214312e-01
  130 8.215016e-01
  131 6.693370e-01
  132 5.941722e-01
  133 5.480150e-01
  134 5.146357e-01
  135 4.872632e-01
  136 4.630632e-01
  137 4.408250e-01
  138 4.200097e-01
  139 4.003591e-01
  140 3.817334e-01
  141 3.640450e-01
  142 3.472302e-01
  143 3.312375e-01
  144 3.160224e-01
  145 3.015448e-01
  146 2.877683e-01
  147 2.746591e-01
  148 2.621856e-01
  149 2.503181e-01
  150 2.390289e-01
  151 2.282914e-01
  152 2.180807e-01
  153 2.083729e-01
  154 1.991453e-01
  155 1.903761e-01
  156 1.820446e-01
  157 1.741308e-01
  158 1.666156e-01
  159 1.594807e-01
  160 1.527084e-01
  161 1.462819e-01
  162 1.401848e-01
  163 1.344017e-01
  164 1.289174e-01
  165 1.237177e-01
  166 1.187886e-01
  167 1.141169e-01
  168 1.096900e-01
  169 1.054957e-01
  170 1.015222e-01
  171 9.775849e-02
  172 9.419381e-02
  173 9.081798e-02
  174 8.762125e-02
  175 8.459430e-02
  176 8.172825e-02
  177 7.901464e-02
  178 7.644540e-02
  179 7.401284e-02
  180 7.170965e-02
  181 6.952887e-02
  182 6.746391e-02
  183 6.550848e-02
  184 6.365663e-02
  185 6.190270e-02
  186 6.024133e-02
  187 5.866744e-02
  188 5.717623e-02
  189 5.576314e-02
  190 5.442385e-02
  191 5.315429e-02
  192 5.195061e-02
  193 5.080916e-02
  194 4.972651e-02
  195 4.869940e-02
  196 4.772476e-02
  197 4.679972e-02
  198 4.592152e-02
  199 4.508760e-02
  200 -8.374245e-01
  201 -5.329564e-01
  202 -4.257722e-01
  203 -3.881472e-01
  204 -3.789497e-01
  205 -3.811780e-01
  206 -3.878498e-01
  207 -3.961022e-01
  208 -4.047659e-01
  209 -4.133683e-01
  210 -4.217232e-01
  211 -4.297620e-01
  212 -4.374647e-01
  213 -4.448311e-01
  214 -4.518688e-01
  215 -4.585886e-01
  216 -4.650025e-01
  217 -4.711227e-01
  218 -4.769612e-01
  219 -4.825299e-01
  220 -4.878402e-01
  221 -4.915360e-01
  222 -4.971894e-01
  223 -5.034477e-01
  224 -5.098328e-01
  225 -5.161410e-01
  226 -5.222845e-01
  227 -5.282248e-01
  228 -5.339445e-01
  229 -5.394365e-01
  230 -5.446985e-01
  231 -5.497310e-01
  232 -5.545362e-01
  233 -5.591179e-01
  234 -5.634805e-01
  235 -5.676293e-01
  236 -5.715703e-01
  237 -5.753096e-01
  238 -5.788539e-01
  239 -5.822102e-01
  240 -5.853855e-01
  241 -5.883870e-01
  242 -5.912217e-01
  243 -5.938969e-01
  244 -5.964198e-01
  245 -5.987973e-01
  246 -6.010364e-01
  247 -6.031438e-01
  248 -6.051262e-01
  249 -6.069899e-01
  250 -6.087412e-01
  251 -6.103861e-01
  252 -6.119304e-01
  253 -6.133797e-01
  254 -6.147394e-01
  255 -6.160146e-01
  256 -6.172103e-01
  257 -6.183310e-01
  258 -6.193814e-01
  259 -6.203657e-01
  260 -6.212880e-01
  261 -5.764825e-01
  262 -5.547233e-01
  263 -5.416162e-01
  264 -5.322954e-01
  265 -5.247328e-01
  266 -5.180808e-01
  267 -5.119790e-01
  268 -5.062682e-01
  269 -5.008734e-01
  270 -4.957550e-01
  271 -4.908886e-01
  272 -4.862573e-01
  273 -4.818473e-01
  274 -4.776470e-01
  275 -4.736462e-01
  276 -4.698352e-01
  277 -4.662054e-01
  278 -4.627487e-01
  279 -4.594573e-01
  280 -4.563240e-01
  281 -4.533419e-01
  282 -4.505045e-01
  283 -4.478057e-01
  284 -4.452392e-01
  285 -4.427996e-01
  286 -4.404811e-01
  287 -4.382786e-01
  288 -4.361869e-01
  289 -4.342011e-01
  290 -4.323164e-01
  291 -4.305282e-01
  292 -4.288322e-01
  293 -4.272240e-01
  294 -4.256995e-01
  295 -4.242548e-01
  296 -4.228861e-01
  297 -4.215897e-01
  298 -4.203620e-01
  299 -4.191997e-01
  300 -4.180996e-01
  301 -4.170584e-01
  302 -4.160732e-01
  303 -4.151412e-01
  304 -4.142595e-01
  305 -4.134256e-01
  306 -4.126369e-01
  307 -4.118911e-01
  308 -4.111858e-01
  309 -4.105189e-01
  310 -4.098884e-01
  311 -4.092921e-01
  312 -4.087283e-01
  313 -4.081951e-01
  314 -4.076909e-01
  315 -4.072140e-01
  316 -4.067630e-01
  317 -4.063363e-01
  318 -4.059326e-01
  319 -4.055507e-01
  320 -4.051892e-01
  321 -4.048470e-01
  322 -4.045231e-01
  323 -4.042163e-01
  324 -4.039258e-01
  325 -4.036505e-01
  326 -4.033896e-01
  327 -4.031423e-01
  328 -4.029079e-01
  329 -4.026855e-01
  330 -4.024746e-01
  331 -4.022744e-01
  332 -4.020844e-01
  333 -4.019039e-01
  334 -4.017325e-01
  335 -4.015696e-01
  336 -4.014149e-01
  337 -4.012677e-01
  338 -4.011277e-01
  339 -4.009946e-01
  340 -4.008678e-01
  341 -4.007472e-01
  342 -4.006323e-01
  343 -4.005229e-01
  344 -4.004187e-01
  345 -4.003193e-01
  346 -4.002246e-01
  347 -4.001343e-01
  348 -4.000481e-01
  349 -3.999659e-01
  350 -3.998875e-01
  351 -3.998126e-01
  352 -3.997412e-01
  353 -3.996729e-01
  354 -3.996078e-01
  355 -3.995455e-01
  356 -3.994860e-01
  357 -3.994292e-01
  358 -3.993749e-01
  359 -3.993230e-01
  360 -3.992734e-01
  361 -3.992259e-01
  362 -3.991806e-01
  363 -3.991373e-01
  364 -3.990958e-01
  365 -3.990562e-01
  366 -3.990183e-01
  367 -3.989820e-01
  368 -3.989473e-01
  369 -3.989142e-01
  370 -3.988825e-01
  371 -3.988522e-01
  372 -3.988232e-01
  373 -3.987954e-01
  374 -3.987689e-01
  375 -3.987436e-01
  376 -3.987193e-01
  377 -3.986962e-01
  378 -3.986740e-01
  379 -3.986528e-01
  380 -3.986326e-01
  381 -3.986132e-01
  382 -3.985947e-01
  383 -3.985771e-01
  384 -3.985602e-01
  385 -3.985440e-01
  386 -3.985286e-01
  387 -3.985139e-01
  388 -3.984998e-01
  389 -3.984864e-01
  390 -3.984736e-01
  391 -3.223454e-01
  392 -2.847192e-01
  393 -2.615988e-01
  394 -2.448692e-01
  395 -2.311448e-01
  396 -2.190084e-01
  397 -2.078546e-01
  398 -1.974138e-01
  399 -1.875568e-01
  400 3.256262e-01
  401 1.600874e-01
  402 1.068656e-01
  403 9.299969e-02
  404 9.500727e-02
  405 1.031919e-01
  406 1.135813e-01
  407 1.245553e-01
  408 1.354609e-01
  409 1.460419e-01
  410 1.562053e-01
  411 1.659243e-01
  412 1.751994e-01
  413 1.840417e-01
  414 1.924665e-01
  415 2.004903e-01
  416 2.081298e-01
  417 2.154014e-01
  418 2.223211e-01
  419 2.289045e-01
  420 2.351665e-01
  421 2.411215e-01
  422 2.467835e-01
  423 2.521658e-01
  424 2.572814e-01
  425 2.621426e-01
  426 2.667614e-01
  427 2.711491e-01
  428 2.753168e-01
  429 2.792749e-01
  430 2.830337e-01
  431 2.866027e-01
  432 2.899913e-01
  433 2.932082e-01
  434 2.962620e-01
  435 2.991608e-01
  436 3.019123e-01
  437 3.045238e-01
  438 3.070026e-01
  439 3.093552e-01
  440 3.115881e-01
  441 3.128871e-01
  442 3.153947e-01
  443 3.182987e-01
  444 3.213116e-01
  445 3.243103e-01
  446 3.272413e-01
  447 3.300808e-01
  448 3.328176e-01
  449 3.354464e-01
  450 3.379651e-01
  451 3.403731e-01
  452 3.426710e-01
  453 3.448600e-01
  454 3.469422e-01
  455 3.489197e-01
  456 3.507954e-01
  457 3.525721e-01
  458 3.542531e-01
  459 3.558417e-01
  460 3.573414e-01
  461 3.587556e-01
  462 3.600880e-01
  463 3.613422e-01
  464 3.625216e-01
  465 3.636299e-01
  466 3.646705e-01
  467 3.656469e-01
  468 3.665622e-01
  469 3.674199e-01
  470 3.682229e-01
  471 3.689745e-01
  472 3.696774e-01
  473 3.703345e-01
  474 3.709485e-01
  475 3.715220e-01
  476 3.720575e-01
  477 3.725573e-01
  478 3.730236e-01
  479 3.734587e-01
  480 3.738645e-01
  481 3.742430e-01
  482 3.745959e-01
  483 3.749250e-01
  484 3.752318e-01
  485 3.755180e-01
  486 3.757850e-01
  487 3.760340e-01
  488 3.762664e-01
  489 3.764834e-01
  490 3.766859e-01
  491 3.768752e-01
  492 3.770521e-01
  493 3.772175e-01
  494 3.773723e-01
  495 3.775173e-01
  496 3.776532e-01
  497 3.777806e-01
  498 3.779002e-01
  499 3.780126e-01
  500 3.781183e-01
  501 3.782177e-01
  502 3.783114e-01
  503 3.783998e-01
  504 3.784833e-01
  505 3.785622e-01
  506 3.786368e-01
  507 3.787075e-01
  508 3.787746e-01
  509 3.788382e-01
  510 3.788987e-01
  511 3.789562e-01
  512 3.790110e-01
  513 3.790632e-01
  514 3.791130e-01
  515 3.791606e-01
  516 3.792060e-01
  517 3.792495e-01
  518 3.792912e-01
  519 3.793310e-01
  520 3.793693e-01
  521 3.794059e-01
  522 3.794411e-01
  523 3.794749e-01
  524 3.795074e-01
  525 3.795386e-01
  526 3.795686e-01
  527 3.795974e-01
  528 3.796252e-01
  529 3.796519e-01
  530 3.796776e-01
  531 3.797023e-01
  532 3.797262e-01
  533 3.797491e-01
  534 3.797712e-01
  535 3.797924e-01
  536 3.798129e-01
  537 3.798326e-01
  538 3.798515e-01
  539 3.798698e-01
  540 3.798873e-01
  541 3.799042e-01
  542 3.799204e-01
  543 3.799361e-01
  544 3.799511e-01
  545 3.799655e-01
  546 3.799794e-01
  547 3.799927e-01
  548 3.800055e-01
  549 3.800178e-01
  550 3.800296e-01
  551 3.800409e-01
  552 3.800518e-01
  553 3.800622e-01
  554 3.800722e-01
  555 3.800818e-01
  556 3.800909e-01
  557 3.800997e-01
  558 3.801081e-01
  559 3.801162e-01
  560 3.801239e-01
  561 3.801313e-01
  562 3.801383e-01
  563 3.801450e-01
  564 3.801515e-01
  565 3.801576e-01
  566 3.801635e-01
  567 3.801691e-01
  568 3.801744e-01
  569 3.801796e-01
  570 3.801844e-01
  571 3.801891e-01
  572 3.801935e-01
  573 3.801977e-01
  574 3.802017e-01
  575 3.802056e-01
  576 3.802092e-01
  577 3.802127e-01
  578 3.802160e-01
  579 3.802191e-01
  580 3.802221e-01
  581 3.802250e-01
  582 3.802277e-01
  583 3.802302e-01
  584 3.802327e-01
  585 3.802350e-01
  586 3.802372e-01
  587 3.802393e-01
  588 3.802413e-01
  589 3.802432e-01
  590 3.802450e-01
  591 3.802467e-01
  592 3.802483e-01
  593 3.802498e-01
  594 3.802513e-01
  595 3.802527e-01
  596 3.802540e-01
  597 3.802552e-01
  598 3.802564e-01
  599 3.802575e-01
  600 8.211186e-01
  601 6.685093e-01
  602 6.145606e-01
  603 5.954092e-01
  604 5.904882e-01
  605 5.912958e-01
  606 5.943401e-01
  607 5.981889e-01
  608 6.022567e-01
  609 6.063066e-01
  610 6.102446e-01
  611 6.140361e-01
  612 6.176702e-01
  613 6.211465e-01
  614 6.244680e-01
  615 6.276399e-01
  616 6.306676e-01
  617 6.335566e-01
  618 6.363128e-01
  619 6.389415e-01
  620 6.414481e-01
  621 6.438379e-01
  622 6.461158e-01
  623 6.482868e-01
  624 6.503556e-01
  625 6.523266e-01
  626 6.542043e-01
  627 6.559928e-01
  628 6.576962e-01
  629 6.593183e-01
  630 6.608628e-01
  631 6.623334e-01
  632 6.637335e-01
  633 6.650662e-01
  634 6.663349e-01
  635 6.675423e-01
  636 6.686916e-01
  637 6.697853e-01
  638 6.708261e-01
  639 6.718166e-01
  640 6.727591e-01
  641 6.736560e-01
  642 6.745093e-01
  643 6.753213e-01
  644 6.760939e-01
  645 6.768291e-01
  646 6.775285e-01
  647 6.781940e-01
  648 6.788273e-01
  649 6.794298e-01
  650 6.800031e-01
  651 6.805487e-01
  652 6.810678e-01
  653 6.815618e-01
  654 6.820319e-01
  655 6.824792e-01
  656 6.829050e-01
  657 6.833102e-01
  658 6.836958e-01
  659 6.840629e-01
  660 6.844123e-01
  661 6.833778e-01
  662 6.845212e-01
  663 6.864807e-01
  664 6.887686e-01
  665 6.911725e-01
  666 6.935959e-01
  667 6.959920e-01
  668 6.983358e-01
  669 7.006122e-01
  670 7.028118e-01
  671 7.049279e-01
  672 7.069563e-01
  673 7.088940e-01
  674 7.107394e-01
  675 7.124920e-01
  676 7.141518e-01
  677 7.157199e-01
  678 7.171976e-01
  679 7.185869e-01
  680 7.198902e-01
  681 7.211099e-01
  682 7.222492e-01
  683 7.233108e-01
  684 7.242982e-01
  685 7.252145e-01
  686 7.260631e-01
  687 7.268472e-01
  688 7.275704e-01
  689 7.282358e-01
  690 7.288468e-01
  691 7.294066e-01
  692 7.299182e-01
  693 7.303847e-01
  694 7.308091e-01
  695 7.311941e-01
  696 7.315425e-01
  697 7.318569e-01
  698 7.321398e-01
  699 7.323935e-01
  700 7.326203e-01
  701 7.328223e-01
  702 7.330015e-01
  703 7.331598e-01
  704 7.332991e-01
  705 7.334210e-01
  706 7.335271e-01
  707 7.336187e-01
  708 7.336974e-01
  709 7.337644e-01
  710 7.338209e-01
  711 7.338679e-01
  712 7.339065e-01
  713 7.339377e-01
  714 7.339622e-01
  715 7.339809e-01
  716 7.339945e-01
  717 7.340036e-01
  718 7.340089e-01
  719 7.340109e-01
  720 7.340102e-01
  721 7.340070e-01
  722 7.340020e-01
  723 7.339953e-01
  724 7.339874e-01
  725 7.339786e-01
  726 7.339690e-01
  727 7.339589e-01
  728 7.339485e-01
  729 7.339380e-01
  730 7.339275e-01
  731 7.339171e-01
  732 7.339070e-01
  733 7.338973e-01
  734 7.338880e-01
  735 7.338791e-01
  736 7.338707e-01
  737 7.338630e-01
  738 7.338557e-01
  739 7.338491e-01
  740 7.338431e-01
  741 7.338377e-01
  742 7.338330e-01
  743 7.338288e-01
  744 7.338252e-01
  745 7.338221e-01
  746 7.338196e-01
  747 7.338177e-01
  748 7.338162e-01
  749 7.338152e-01
  750 7.338147e-01
  751 7.338146e-01
  752 7.338149e-01
  753 7.338155e-01
  754 7.338165e-01
  755 7.338178e-01
  756 7.338194e-01
  757 7.338212e-01
  758 7.338233e-01
  759 7.338255e-01
  760 7.338280e-01
  761 7.338306e-01
  762 7.338333e-01
  763 7.338362e-01
  764 7.338392e-01
  765 7.338422e-01
  766 7.338453e-01
  767 7.338485e-01
  768 7.338517e-01
  769 7.338549e-01
  770 7.338581e-01
  771 7.338613e-01
  772 7.338645e-01
  773 7.338677e-01
  774 7.338708e-01
  775 7.338739e-01
  776 7.338769e-01
  777 7.338799e-01
  778 7.338828e-01
  779 7.338857e-01
  780 7.338885e-01
  781 7.338912e-01
  782 7.338938e-01
  783 7.338964e-01
  784 7.338989e-01
  785 7.339013e-01
  786 7.339036e-01
  787 7.339058e-01
  788 7.339080e-01
  789 7.339101e-01
  790 7.339121e-01
  791 7.339140e-01
  792 7.339158e-01
  793 7.339176e-01
  794 7.339193e-01
  795 7.339209e-01
  796 7.339224e-01
  797 7.339239e-01
  798 7.339253e-01
  799 7.339266e-01
  800 7.339278e-01
