    1     0
    2     0
    3     0
    4     0
    5     0
    6     0
    7     0
    8     0
    9     0
   10     0
   11     0
   12 8.730000e-01
   13 1.840081e-01
   14 2.885049e-01
   15 2.308981e-01
   16 2.343287e-01
   17 2.295480e-01
   18 2.300991e-01
   19 2.305635e-01
   20 2.315769e-01
   21 2.326507e-01
   22 2.337787e-01
   23 2.349071e-01
   24 2.360272e-01
   25 2.371319e-01
   26 2.382192e-01
   27 2.392883e-01
   28 2.403388e-01
   29 2.413709e-01
   30 2.423847e-01
   31 2.433803e-01
   32 2.443581e-01
   33 2.453184e-01
   34 2.462612e-01
   35 2.471870e-01
   36 2.480960e-01
   37 2.489884e-01
   38 2.498645e-01
   39 2.507247e-01
   40 2.515691e-01
   41 2.523981e-01
   42 2.532119e-01
   43 2.540107e-01
   44 2.547949e-01
   45 2.555647e-01
   46 2.563203e-01
   47 2.570620e-01
   48 2.577900e-01
   49 2.585046e-01
   50 2.592061e-01
   51 2.598946e-01
   52 2.605704e-01
   53 2.612337e-01
   54 2.618847e-01
   55 2.625237e-01
   56 2.631509e-01
   57 2.637665e-01
   58 2.643706e-01
   59 2.649636e-01
   60 2.655456e-01
   61 2.661167e-01
   62 2.666773e-01
   63 2.672275e-01
   64 2.677674e-01
   65 2.682973e-01
   66 2.688173e-01
   67 2.693276e-01
   68 2.698285e-01
   69 2.703200e-01
   70 2.708023e-01
   71 2.712756e-01
   72 2.717400e-01
   73 2.721958e-01
   74 2.726430e-01
   75 2.730819e-01
   76 2.735125e-01
   77 2.739350e-01
   78 2.743497e-01
   79 2.747565e-01
   80 2.751556e-01
   81 2.755473e-01
   82 2.759315e-01
   83 2.763085e-01
   84 2.766784e-01
   85 2.770413e-01
   86 2.773973e-01
   87 2.777465e-01
   88 2.780892e-01
   89 2.784253e-01
   90 2.787550e-01
   91 2.790785e-01
   92 2.793958e-01
   93 2.797070e-01
   94 2.800123e-01
   95 2.803117e-01
   96 2.806054e-01
   97 2.808935e-01
   98 2.811760e-01
   99 2.814531e-01
  100 2.817248e-01
  101 2.819913e-01
  102 2.822527e-01
  103 2.825089e-01
  104 2.827602e-01
  105 2.830067e-01
  106 2.832483e-01
  107 2.834852e-01
  108 2.837175e-01
  109 2.839452e-01
  110 2.841685e-01
  111 2.843874e-01
  112 2.846019e-01
  113 2.848123e-01
  114 2.850185e-01
  115 2.852206e-01
  116 2.854186e-01
  117 2.856128e-01
  118 2.858030e-01
  119 2.859895e-01
  120 2.861722e-01
  121 2.863513e-01
  122 2.865267e-01
  123 2.866987e-01
  124 2.868671e-01
  125 2.870321e-01
  126 2.871937e-01
  127 2.873521e-01
  128 2.875072e-01
  129 2.876591e-01
  130 2.878079e-01
  131 2.879211e-01
  132 2.880662e-01
  133 2.881994e-01
  134 2.883331e-01
  135 2.884638e-01
  136 2.885921e-01
  137 2.887178e-01
  138 2.888410e-01
  139 2.889617e-01
  140 2.890799e-01
  141 2.891958e-01
  142 2.893092e-01
  143 2.894202e-01
  144 2.895289e-01
  145 2.896354e-01
  146 2.897396e-01
  147 2.898415e-01
  148 2.899413e-01
  149 2.900389e-01
  150 2.901344e-01
  151 2.902279e-01
  152 2.903193e-01
  153 2.904087e-01
  154 2.904961e-01
  155 2.905815e-01
  156 2.906651e-01
  157 2.907468e-01
  158 2.908266e-01
  159 2.909047e-01
  160 2.909809e-01
  161 2.910554e-01
  162 2.911282e-01
  163 2.911993e-01
  164 2.912687e-01
  165 2.913365e-01
  166 2.914027e-01
  167 2.914673e-01
  168 2.915304e-01
  169 2.915920e-01
  170 2.916520e-01
  171 2.917106e-01
  172 2.917677e-01
  173 2.918235e-01
  174 2.918778e-01
  175 2.919308e-01
  176 2.919824e-01
  177 2.920327e-01
  178 2.920817e-01
  179 2.921294e-01
  180 2.921759e-01
  181 2.922212e-01
  182 2.922652e-01
  183 2.923081e-01
  184 2.923497e-01
  185 2.923903e-01
  186 2.924297e-01
  187 2.924680e-01
  188 2.925052e-01
  189 2.925414e-01
  190 2.925765e-01
  191 2.926106e-01
  192 2.926437e-01
  193 2.926758e-01
  194 2.927069e-01
  195 2.927370e-01
  196 2.927662e-01
  197 2.927945e-01
  198 2.928218e-01
  199 2.928483e-01
  200 -6.771261e-01
  201 8.727768e-02
  202 -2.870287e-02
  203 3.511822e-02
  204 3.124370e-02
  205 3.648139e-02
  206 3.580953e-02
  207 3.523754e-02
  208 3.405946e-02
  209 3.281699e-02
  210 3.151629e-02
  211 3.021662e-02
  212 2.892740e-02
  213 2.765621e-02
  214 2.640491e-02
  215 2.517435e-02
  216 2.396457e-02
  217 2.277539e-02
  218 2.160652e-02
  219 2.045762e-02
  220 1.932835e-02
  221 2.002392e-02
  222 1.877411e-02
  223 1.802688e-02
  224 1.710528e-02
  225 1.621790e-02
  226 1.532418e-02
  227 1.444111e-02
  228 1.356742e-02
  229 1.270514e-02
  230 1.185474e-02
  231 1.101676e-02
  232 1.019148e-02
  233 9.379120e-03
  234 8.579800e-03
  235 7.793590e-03
  236 7.020511e-03
  237 6.260539e-03
  238 5.513620e-03
  239 4.779673e-03
  240 4.058592e-03
  241 3.350255e-03
  242 2.654526e-03
  243 1.971253e-03
  244 1.300280e-03
  245 6.414387e-04
  246 -5.441762e-06
  247 -6.405378e-04
  248 -1.264028e-03
  249 -1.876095e-03
  250 -2.476920e-03
  251 -3.066686e-03
  252 -3.645575e-03
  253 -4.213771e-03
  254 -4.771453e-03
  255 -5.318802e-03
  256 -5.855995e-03
  257 -6.383209e-03
  258 -6.900617e-03
  259 -7.408392e-03
  260 -7.906703e-03
  261 -8.408735e-03
  262 -8.887647e-03
  263 -9.361196e-03
  264 -9.824519e-03
  265 -1.027930e-02
  266 -1.072539e-02
  267 -1.116306e-02
  268 -1.159245e-02
  269 -1.201373e-02
  270 -1.242703e-02
  271 -1.283252e-02
  272 -1.323033e-02
  273 -1.362061e-02
  274 -1.400349e-02
  275 -1.437910e-02
  276 -1.474758e-02
  277 -1.510907e-02
  278 -1.546368e-02
  279 -1.581154e-02
  280 -1.615277e-02
  281 -1.648750e-02
  282 -1.681583e-02
  283 -1.713790e-02
  284 -1.745380e-02
  285 -1.776366e-02
  286 -1.806757e-02
  287 -1.836566e-02
  288 -1.865801e-02
  289 -1.894475e-02
  290 -1.922596e-02
  291 -1.950174e-02
  292 -1.977220e-02
  293 -2.003744e-02
  294 -2.029753e-02
  295 -2.055259e-02
  296 -2.080269e-02
  297 -2.104793e-02
  298 -2.128839e-02
  299 -2.152416e-02
  300 -2.175532e-02
  301 -2.198197e-02
  302 -2.220416e-02
  303 -2.242200e-02
  304 -2.263555e-02
  305 -2.284490e-02
  306 -2.305011e-02
  307 -2.325127e-02
  308 -2.344843e-02
  309 -2.364169e-02
  310 -2.383110e-02
  311 -2.401674e-02
  312 -2.419867e-02
  313 -2.437695e-02
  314 -2.455167e-02
  315 -2.472287e-02
  316 -2.489062e-02
  317 -2.505498e-02
  318 -2.521602e-02
  319 -2.537378e-02
  320 -2.552834e-02
  321 -2.567975e-02
  322 -2.582806e-02
  323 -2.597334e-02
  324 -2.611562e-02
  325 -2.625498e-02
  326 -2.639145e-02
  327 -2.652510e-02
  328 -2.665596e-02
  329 -2.678410e-02
  330 -2.690956e-02
  331 -2.703238e-02
  332 -2.715262e-02
  333 -2.727032e-02
  334 -2.738553e-02
  335 -2.749829e-02
  336 -2.760864e-02
  337 -2.771662e-02
  338 -2.782229e-02
  339 -2.792568e-02
  340 -2.802682e-02
  341 -2.812577e-02
  342 -2.822256e-02
  343 -2.831722e-02
  344 -2.840981e-02
  345 -2.850034e-02
  346 -2.858886e-02
  347 -2.867541e-02
  348 -2.876002e-02
  349 -2.884272e-02
  350 -2.892356e-02
  351 -2.900255e-02
  352 -2.907974e-02
  353 -2.915515e-02
  354 -2.922882e-02
  355 -2.930078e-02
  356 -2.937106e-02
  357 -2.943969e-02
  358 -2.950669e-02
  359 -2.957211e-02
  360 -2.963595e-02
  361 -2.969826e-02
  362 -2.975906e-02
  363 -2.981838e-02
  364 -2.987624e-02
  365 -2.993267e-02
  366 -2.998769e-02
  367 -3.004133e-02
  368 -3.009361e-02
  369 -3.014456e-02
  370 -3.019420e-02
  371 -3.024255e-02
  372 -3.028964e-02
  373 -3.033549e-02
  374 -3.038012e-02
  375 -3.042355e-02
  376 -3.046581e-02
  377 -3.050691e-02
  378 -3.054687e-02
  379 -3.058571e-02
  380 -3.062346e-02
  381 -3.066014e-02
  382 -3.069575e-02
  383 -3.073033e-02
  384 -3.076388e-02
  385 -3.079643e-02
  386 -3.082799e-02
  387 -3.085859e-02
  388 -3.088824e-02
  389 -3.091695e-02
  390 -3.094474e-02
  391 -3.093908e-02
  392 -3.096751e-02
  393 -3.098605e-02
  394 -3.100728e-02
  395 -3.102738e-02
  396 -3.104715e-02
  397 -3.106629e-02
  398 -3.108484e-02
  399 -3.110277e-02
  400 3.568799e-01
  401 5.111159e-02
  402 9.749728e-02
  403 7.196258e-02
  404 7.350640e-02
  405 7.140561e-02
  406 7.166891e-02
  407 7.189254e-02
  408 7.235887e-02
  409 7.285123e-02
  410 7.336715e-02
  411 7.388291e-02
  412 7.439476e-02
  413 7.489966e-02
  414 7.539684e-02
  415 7.588599e-02
  416 7.636707e-02
  417 7.684015e-02
  418 7.730535e-02
  419 7.776279e-02
  420 7.821262e-02
  421 7.865496e-02
  422 7.908995e-02
  423 7.951773e-02
  424 7.993841e-02
  425 8.035215e-02
  426 8.075905e-02
  427 8.115924e-02
  428 8.155285e-02
  429 8.193999e-02
  430 8.232079e-02
  431 8.269535e-02
  432 8.306379e-02
  433 8.342623e-02
  434 8.378276e-02
  435 8.413350e-02
  436 8.447856e-02
  437 8.481803e-02
  438 8.515201e-02
  439 8.548062e-02
  440 8.580393e-02
  441 8.503872e-02
  442 8.544700e-02
  443 8.555987e-02
  444 8.578341e-02
  445 8.599234e-02
  446 8.621090e-02
  447 8.642878e-02
  448 8.664663e-02
  449 8.686315e-02
  450 8.707794e-02
  451 8.729059e-02
  452 8.750082e-02
  453 8.770841e-02
  454 8.791319e-02
  455 8.811504e-02
  456 8.831384e-02
  457 8.850951e-02
  458 8.870202e-02
  459 8.889131e-02
  460 8.907737e-02
  461 8.926019e-02
  462 8.943978e-02
  463 8.961613e-02
  464 8.978926e-02
  465 8.995921e-02
  466 9.012600e-02
  467 9.028966e-02
  468 9.045022e-02
  469 9.060772e-02
  470 9.076221e-02
  471 9.091372e-02
  472 9.106230e-02
  473 9.120799e-02
  474 9.135082e-02
  475 9.149086e-02
  476 9.162814e-02
  477 9.176270e-02
  478 9.189460e-02
  479 9.202387e-02
  480 9.215055e-02
  481 9.227470e-02
  482 9.239636e-02
  483 9.251556e-02
  484 9.263235e-02
  485 9.274677e-02
  486 9.285886e-02
  487 9.296867e-02
  488 9.307623e-02
  489 9.318158e-02
  490 9.328476e-02
  491 9.338580e-02
  492 9.348476e-02
  493 9.358165e-02
  494 9.367652e-02
  495 9.376941e-02
  496 9.386034e-02
  497 9.394936e-02
  498 9.403649e-02
  499 9.412177e-02
  500 9.420523e-02
  501 9.428691e-02
  502 9.436683e-02
  503 9.444503e-02
  504 9.452154e-02
  505 9.459638e-02
  506 9.466958e-02
  507 9.474118e-02
  508 9.481120e-02
  509 9.487968e-02
  510 9.494662e-02
  511 9.501208e-02
  512 9.507606e-02
  513 9.513860e-02
  514 9.519971e-02
  515 9.525944e-02
  516 9.531779e-02
  517 9.537480e-02
  518 9.543048e-02
  519 9.548487e-02
  520 9.553798e-02
  521 9.558983e-02
  522 9.564045e-02
  523 9.568987e-02
  524 9.573809e-02
  525 9.578514e-02
  526 9.583104e-02
  527 9.587581e-02
  528 9.591947e-02
  529 9.596204e-02
  530 9.600355e-02
  531 9.604399e-02
  532 9.608341e-02
  533 9.612180e-02
  534 9.615920e-02
  535 9.619562e-02
  536 9.623107e-02
  537 9.626557e-02
  538 9.629914e-02
  539 9.633179e-02
  540 9.636355e-02
  541 9.639442e-02
  542 9.642442e-02
  543 9.645356e-02
  544 9.648187e-02
  545 9.650934e-02
  546 9.653601e-02
  547 9.656188e-02
  548 9.658697e-02
  549 9.661129e-02
  550 9.663485e-02
  551 9.665766e-02
  552 9.667974e-02
  553 9.670111e-02
  554 9.672176e-02
  555 9.674172e-02
  556 9.676100e-02
  557 9.677961e-02
  558 9.679755e-02
  559 9.681485e-02
  560 9.683150e-02
  561 9.684753e-02
  562 9.686295e-02
  563 9.687776e-02
  564 9.689197e-02
  565 9.690559e-02
  566 9.691864e-02
  567 9.693112e-02
  568 9.694304e-02
  569 9.695442e-02
  570 9.696525e-02
  571 9.697556e-02
  572 9.698534e-02
  573 9.699462e-02
  574 9.700338e-02
  575 9.701166e-02
  576 9.701944e-02
  577 9.702675e-02
  578 9.703358e-02
  579 9.703995e-02
  580 9.704587e-02
  581 9.705133e-02
  582 9.705636e-02
  583 9.706095e-02
  584 9.706511e-02
  585 9.706886e-02
  586 9.707219e-02
  587 9.707511e-02
  588 9.707764e-02
  589 9.707977e-02
  590 9.708151e-02
  591 9.708287e-02
  592 9.708386e-02
  593 9.708448e-02
  594 9.708474e-02
  595 9.708464e-02
  596 9.708419e-02
  597 9.708339e-02
  598 9.708225e-02
  599 9.708078e-02
  600 7.760790e-01
  601 2.410115e-01
  602 3.222122e-01
  603 2.775508e-01
  604 2.802755e-01
  605 2.766207e-01
  606 2.771018e-01
  607 2.775122e-01
  608 2.783459e-01
  609 2.792240e-01
  610 2.801420e-01
  611 2.810585e-01
  612 2.819669e-01
  613 2.828620e-01
  614 2.837423e-01
  615 2.846075e-01
  616 2.854573e-01
  617 2.862921e-01
  618 2.871119e-01
  619 2.879171e-01
  620 2.887078e-01
  621 2.894844e-01
  622 2.902471e-01
  623 2.909961e-01
  624 2.917318e-01
  625 2.924542e-01
  626 2.931638e-01
  627 2.938606e-01
  628 2.945450e-01
  629 2.952171e-01
  630 2.958773e-01
  631 2.965256e-01
  632 2.971624e-01
  633 2.977877e-01
  634 2.984020e-01
  635 2.990052e-01
  636 2.995977e-01
  637 3.001796e-01
  638 3.007511e-01
  639 3.013124e-01
  640 3.018638e-01
  641 3.024053e-01
  642 3.029371e-01
  643 3.034595e-01
  644 3.039725e-01
  645 3.044764e-01
  646 3.049714e-01
  647 3.054575e-01
  648 3.059350e-01
  649 3.064040e-01
  650 3.068647e-01
  651 3.073171e-01
  652 3.077615e-01
  653 3.081980e-01
  654 3.086268e-01
  655 3.090479e-01
  656 3.094616e-01
  657 3.098679e-01
  658 3.102670e-01
  659 3.106590e-01
  660 3.110440e-01
  661 3.096167e-01
  662 3.101470e-01
  663 3.101866e-01
  664 3.104124e-01
  665 3.106156e-01
  666 3.108365e-01
  667 3.110579e-01
  668 3.112808e-01
  669 3.115030e-01
  670 3.117240e-01
  671 3.119428e-01
  672 3.121591e-01
  673 3.123725e-01
  674 3.125826e-01
  675 3.127892e-01
  676 3.129922e-01
  677 3.131912e-01
  678 3.133863e-01
  679 3.135774e-01
  680 3.137644e-01
  681 3.139472e-01
  682 3.141258e-01
  683 3.143003e-01
  684 3.144706e-01
  685 3.146367e-01
  686 3.147988e-01
  687 3.149567e-01
  688 3.151106e-01
  689 3.152605e-01
  690 3.154064e-01
  691 3.155484e-01
  692 3.156866e-01
  693 3.158209e-01
  694 3.159515e-01
  695 3.160784e-01
  696 3.162016e-01
  697 3.163213e-01
  698 3.164374e-01
  699 3.165501e-01
  700 3.166593e-01
  701 3.167652e-01
  702 3.168678e-01
  703 3.169672e-01
  704 3.170633e-01
  705 3.171563e-01
  706 3.172463e-01
  707 3.173332e-01
  708 3.174171e-01
  709 3.174982e-01
  710 3.175763e-01
  711 3.176516e-01
  712 3.177242e-01
  713 3.177940e-01
  714 3.178611e-01
  715 3.179257e-01
  716 3.179876e-01
  717 3.180470e-01
  718 3.181039e-01
  719 3.181583e-01
  720 3.182103e-01
  721 3.182600e-01
  722 3.183074e-01
  723 3.183524e-01
  724 3.183952e-01
  725 3.184358e-01
  726 3.184743e-01
  727 3.185106e-01
  728 3.185449e-01
  729 3.185770e-01
  730 3.186072e-01
  731 3.186354e-01
  732 3.186616e-01
  733 3.186859e-01
  734 3.187084e-01
  735 3.187290e-01
  736 3.187477e-01
  737 3.187647e-01
  738 3.187800e-01
  739 3.187935e-01
  740 3.188053e-01
  741 3.188155e-01
  742 3.188240e-01
  743 3.188310e-01
  744 3.188363e-01
  745 3.188402e-01
  746 3.188424e-01
  747 3.188432e-01
  748 3.188426e-01
  749 3.188404e-01
  750 3.188369e-01
  751 3.188320e-01
  752 3.188257e-01
  753 3.188180e-01
  754 3.188091e-01
  755 3.187988e-01
  756 3.187872e-01
  757 3.187744e-01
  758 3.187604e-01
  759 3.187451e-01
  760 3.187287e-01
  761 3.187111e-01
  762 3.186923e-01
  763 3.186724e-01
  764 3.186514e-01
  765 3.186293e-01
  766 3.186062e-01
  767 3.185819e-01
  768 3.185567e-01
  769 3.185304e-01
  770 3.185031e-01
  771 3.184748e-01
  772 3.184456e-01
  773 3.184154e-01
  774 3.183843e-01
  775 3.183522e-01
  776 3.183193e-01
  777 3.182854e-01
  778 3.182507e-01
  779 3.182151e-01
  780 3.181787e-01
  781 3.181415e-01
  782 3.181034e-01
  783 3.180645e-01
  784 3.180249e-01
  785 3.179845e-01
  786 3.179433e-01
  787 3.179013e-01
  788 3.178586e-01
  789 3.178152e-01
  790 3.177711e-01
  791 3.177263e-01
  792 3.176808e-01
  793 3.176346e-01
  794 3.175878e-01
  795 3.175403e-01
  796 3.174921e-01
  797 3.174433e-01
  798 3.173939e-01
  799 3.173439e-01
  800 3.172933e-01
