    1     0
    2     0
    3     0
    4     0
    5     0
    6     0
    7     0
    8     0
    9     0
   10     0
   11     0
   12 8.925000e-03
   13 4.372262e-03
   14 6.500363e-03
   15 5.919525e-03
   16 6.560639e-03
   17 6.617527e-03
   18 6.927987e-03
   19 7.110262e-03
   20 7.343491e-03
   21 7.547592e-03
   22 7.761314e-03
   23 7.968194e-03
   24 8.176853e-03
   25 8.384088e-03
   26 8.591941e-03
   27 8.799883e-03
   28 9.008458e-03
   29 9.217628e-03
   30 9.427561e-03
   31 9.638284e-03
   32 9.849856e-03
   33 1.006230e-02
   34 1.027563e-02
   35 1.048986e-02
   36 1.070499e-02
   37 1.092104e-02
   38 1.113800e-02
   39 1.135587e-02
   40 1.157465e-02
   41 1.179435e-02
   42 1.201496e-02
   43 1.223649e-02
   44 1.245894e-02
   45 1.268231e-02
   46 1.290661e-02
   47 1.313184e-02
   48 1.335800e-02
   49 1.358511e-02
   50 1.381316e-02
   51 1.404217e-02
   52 1.427213e-02
   53 1.450306e-02
   54 1.473496e-02
   55 1.496784e-02
   56 1.520170e-02
   57 1.543655e-02
   58 1.567241e-02
   59 1.590926e-02
   60 1.614713e-02
   61 1.638602e-02
   62 1.662594e-02
   63 1.686689e-02
   64 1.710887e-02
   65 1.735191e-02
   66 1.759600e-02
   67 1.784114e-02
   68 1.808735e-02
   69 1.833464e-02
   70 1.858300e-02
   71 1.883245e-02
   72 1.908299e-02
   73 1.933463e-02
   74 1.958738e-02
   75 1.984123e-02
   76 2.009620e-02
   77 2.035229e-02
   78 2.060951e-02
   79 2.086787e-02
   80 2.112736e-02
   81 2.138800e-02
   82 2.164979e-02
   83 2.191274e-02
   84 2.217685e-02
   85 2.244213e-02
   86 2.270859e-02
   87 2.297622e-02
   88 2.324504e-02
   89 2.351505e-02
   90 2.378625e-02
   91 2.405866e-02
   92 2.433227e-02
   93 2.460709e-02
   94 2.488313e-02
   95 2.516039e-02
   96 2.543888e-02
   97 2.571861e-02
   98 2.599957e-02
   99 2.628177e-02
  100 2.656522e-02
  101 2.684992e-02
  102 2.713588e-02
  103 2.742311e-02
  104 2.771160e-02
  105 2.800136e-02
  106 2.829241e-02
  107 2.858473e-02
  108 2.887834e-02
  109 2.917325e-02
  110 2.946945e-02
  111 2.976695e-02
  112 3.006576e-02
  113 3.036588e-02
  114 3.066731e-02
  115 3.097007e-02
  116 3.127415e-02
  117 3.157957e-02
  118 3.188631e-02
  119 3.219440e-02
  120 3.250383e-02
  121 3.281461e-02
  122 3.312674e-02
  123 3.344023e-02
  124 3.375508e-02
  125 3.407130e-02
  126 3.438889e-02
  127 3.470785e-02
  128 3.502820e-02
  129 3.534992e-02
  130 3.567304e-02
  131 3.548796e-02
  132 3.557708e-02
  133 3.568710e-02
  134 3.583972e-02
  135 3.601453e-02
  136 3.621168e-02
  137 3.642392e-02
  138 3.664902e-02
  139 3.688370e-02
  140 3.712613e-02
  141 3.737456e-02
  142 3.762780e-02
  143 3.788484e-02
  144 3.814497e-02
  145 3.840759e-02
  146 3.867226e-02
  147 3.893866e-02
  148 3.920651e-02
  149 3.947563e-02
  150 3.974586e-02
  151 4.001710e-02
  152 4.028925e-02
  153 4.056226e-02
  154 4.083608e-02
  155 4.111067e-02
  156 4.138603e-02
  157 4.166212e-02
  158 4.193894e-02
  159 4.221648e-02
  160 4.249474e-02
  161 4.277373e-02
  162 4.305343e-02
  163 4.333386e-02
  164 4.361502e-02
  165 4.389692e-02
  166 4.417955e-02
  167 4.446292e-02
  168 4.474704e-02
  169 4.503191e-02
  170 4.531754e-02
  171 4.560393e-02
  172 4.589109e-02
  173 4.617902e-02
  174 4.646773e-02
  175 4.675722e-02
  176 4.704750e-02
  177 4.733857e-02
  178 4.763043e-02
  179 4.792310e-02
  180 4.821656e-02
  181 4.851084e-02
  182 4.880592e-02
  183 4.910183e-02
  184 4.939855e-02
  185 4.969609e-02
  186 4.999446e-02
  187 5.029366e-02
  188 5.059370e-02
  189 5.089457e-02
  190 5.119628e-02
  191 5.149884e-02
  192 5.180225e-02
  193 5.210650e-02
  194 5.241161e-02
  195 5.271757e-02
  196 5.302440e-02
  197 5.333209e-02
  198 5.364064e-02
  199 5.395006e-02
  200 4.434369e-02
  201 4.722220e-02
  202 4.728734e-02
  203 4.736581e-02
  204 4.743775e-02
  205 4.751336e-02
  206 4.758803e-02
  207 4.766394e-02
  208 4.774014e-02
  209 4.781713e-02
  210 4.789470e-02
  211 4.797298e-02
  212 4.805192e-02
  213 4.813158e-02
  214 4.821193e-02
  215 4.829301e-02
  216 4.837480e-02
  217 4.845732e-02
  218 4.854057e-02
  219 4.862455e-02
  220 4.870927e-02
  221 5.338093e-02
  222 5.068531e-02
  223 5.245416e-02
  224 5.212961e-02
  225 5.274074e-02
  226 5.289786e-02
  227 5.324606e-02
  228 5.349191e-02
  229 5.377367e-02
  230 5.403009e-02
  231 5.429135e-02
  232 5.454515e-02
  233 5.479844e-02
  234 5.504907e-02
  235 5.529886e-02
  236 5.554765e-02
  237 5.579608e-02
  238 5.604430e-02
  239 5.629260e-02
  240 5.654114e-02
  241 5.679008e-02
  242 5.703954e-02
  243 5.728961e-02
  244 5.754037e-02
  245 5.779187e-02
  246 5.804416e-02
  247 5.829728e-02
  248 5.855124e-02
  249 5.880608e-02
  250 5.906179e-02
  251 5.931839e-02
  252 5.957588e-02
  253 5.983426e-02
  254 6.009352e-02
  255 6.035367e-02
  256 6.061469e-02
  257 6.087658e-02
  258 6.113933e-02
  259 6.140293e-02
  260 6.166738e-02
  261 6.172882e-02
  262 6.190020e-02
  263 6.208019e-02
  264 6.227747e-02
  265 6.248384e-02
  266 6.269937e-02
  267 6.292113e-02
  268 6.314823e-02
  269 6.337935e-02
  270 6.361373e-02
  271 6.385066e-02
  272 6.408967e-02
  273 6.433033e-02
  274 6.457235e-02
  275 6.481548e-02
  276 6.505954e-02
  277 6.530438e-02
  278 6.554989e-02
  279 6.579597e-02
  280 6.604257e-02
  281 6.628962e-02
  282 6.653708e-02
  283 6.678492e-02
  284 6.703311e-02
  285 6.728163e-02
  286 6.753047e-02
  287 6.777959e-02
  288 6.802901e-02
  289 6.827869e-02
  290 6.852864e-02
  291 6.877885e-02
  292 6.902930e-02
  293 6.927999e-02
  294 6.953092e-02
  295 6.978208e-02
  296 7.003346e-02
  297 7.028506e-02
  298 7.053687e-02
  299 7.078889e-02
  300 7.104111e-02
  301 7.129352e-02
  302 7.154613e-02
  303 7.179892e-02
  304 7.205189e-02
  305 7.230503e-02
  306 7.255835e-02
  307 7.281183e-02
  308 7.306547e-02
  309 7.331927e-02
  310 7.357322e-02
  311 7.382731e-02
  312 7.408154e-02
  313 7.433591e-02
  314 7.459040e-02
  315 7.484503e-02
  316 7.509977e-02
  317 7.535462e-02
  318 7.560959e-02
  319 7.586466e-02
  320 7.611984e-02
  321 7.637511e-02
  322 7.663047e-02
  323 7.688591e-02
  324 7.714144e-02
  325 7.739705e-02
  326 7.765272e-02
  327 7.790847e-02
  328 7.816428e-02
  329 7.842014e-02
  330 7.867606e-02
  331 7.893203e-02
  332 7.918804e-02
  333 7.944409e-02
  334 7.970018e-02
  335 7.995630e-02
  336 8.021244e-02
  337 8.046861e-02
  338 8.072480e-02
  339 8.098099e-02
  340 8.123720e-02
  341 8.149341e-02
  342 8.174962e-02
  343 8.200583e-02
  344 8.226203e-02
  345 8.251821e-02
  346 8.277438e-02
  347 8.303052e-02
  348 8.328665e-02
  349 8.354274e-02
  350 8.379879e-02
  351 8.405481e-02
  352 8.431079e-02
  353 8.456672e-02
  354 8.482260e-02
  355 8.507842e-02
  356 8.533419e-02
  357 8.558989e-02
  358 8.584553e-02
  359 8.610110e-02
  360 8.635659e-02
  361 8.661200e-02
  362 8.686733e-02
  363 8.712257e-02
  364 8.737772e-02
  365 8.763278e-02
  366 8.788774e-02
  367 8.814259e-02
  368 8.839734e-02
  369 8.865198e-02
  370 8.890651e-02
  371 8.916091e-02
  372 8.941520e-02
  373 8.966936e-02
  374 8.992339e-02
  375 9.017728e-02
  376 9.043104e-02
  377 9.068466e-02
  378 9.093813e-02
  379 9.119146e-02
  380 9.144463e-02
  381 9.169765e-02
  382 9.195050e-02
  383 9.220320e-02
  384 9.245572e-02
  385 9.270808e-02
  386 9.296026e-02
  387 9.321226e-02
  388 9.346408e-02
  389 9.371571e-02
  390 9.396716e-02
  391 9.472800e-02
  392 9.521585e-02
  393 9.568400e-02
  394 9.611074e-02
  395 9.651650e-02
  396 9.690113e-02
  397 9.727187e-02
  398 9.763095e-02
  399 9.798166e-02
  400 1.022925e-01
  401 1.016049e-01
  402 1.020395e-01
  403 1.024664e-01
  404 1.028945e-01
  405 1.033201e-01
  406 1.037457e-01
  407 1.041706e-01
  408 1.045955e-01
  409 1.050204e-01
  410 1.054455e-01
  411 1.058709e-01
  412 1.062966e-01
  413 1.067229e-01
  414 1.071496e-01
  415 1.075768e-01
  416 1.080046e-01
  417 1.084329e-01
  418 1.088618e-01
  419 1.092913e-01
  420 1.097213e-01
  421 1.101519e-01
  422 1.105831e-01
  423 1.110148e-01
  424 1.114471e-01
  425 1.118800e-01
  426 1.123135e-01
  427 1.127475e-01
  428 1.131820e-01
  429 1.136171e-01
  430 1.140528e-01
  431 1.144890e-01
  432 1.149257e-01
  433 1.153629e-01
  434 1.158007e-01
  435 1.162390e-01
  436 1.166778e-01
  437 1.171171e-01
  438 1.175570e-01
  439 1.179973e-01
  440 1.184382e-01
  441 1.161278e-01
  442 1.182388e-01
  443 1.176720e-01
  444 1.183621e-01
  445 1.184918e-01
  446 1.188949e-01
  447 1.191842e-01
  448 1.195359e-01
  449 1.198669e-01
  450 1.202141e-01
  451 1.205592e-01
  452 1.209098e-01
  453 1.212616e-01
  454 1.216159e-01
  455 1.219717e-01
  456 1.223289e-01
  457 1.226873e-01
  458 1.230467e-01
  459 1.234069e-01
  460 1.237679e-01
  461 1.241296e-01
  462 1.244919e-01
  463 1.248547e-01
  464 1.252180e-01
  465 1.255817e-01
  466 1.259459e-01
  467 1.263104e-01
  468 1.266753e-01
  469 1.270406e-01
  470 1.274063e-01
  471 1.277723e-01
  472 1.281387e-01
  473 1.285054e-01
  474 1.288725e-01
  475 1.292399e-01
  476 1.296076e-01
  477 1.299758e-01
  478 1.303443e-01
  479 1.307131e-01
  480 1.310823e-01
  481 1.314519e-01
  482 1.318219e-01
  483 1.321922e-01
  484 1.325630e-01
  485 1.329341e-01
  486 1.333056e-01
  487 1.336775e-01
  488 1.340499e-01
  489 1.344226e-01
  490 1.347958e-01
  491 1.351693e-01
  492 1.355433e-01
  493 1.359178e-01
  494 1.362926e-01
  495 1.366679e-01
  496 1.370437e-01
  497 1.374199e-01
  498 1.377965e-01
  499 1.381736e-01
  500 1.385511e-01
  501 1.389291e-01
  502 1.393076e-01
  503 1.396865e-01
  504 1.400659e-01
  505 1.404458e-01
  506 1.408261e-01
  507 1.412069e-01
  508 1.415882e-01
  509 1.419700e-01
  510 1.423523e-01
  511 1.427350e-01
  512 1.431183e-01
  513 1.435020e-01
  514 1.438862e-01
  515 1.442710e-01
  516 1.446562e-01
  517 1.450419e-01
  518 1.454282e-01
  519 1.458149e-01
  520 1.462022e-01
  521 1.465900e-01
  522 1.469783e-01
  523 1.473671e-01
  524 1.477564e-01
  525 1.481462e-01
  526 1.485366e-01
  527 1.489275e-01
  528 1.493189e-01
  529 1.497109e-01
  530 1.501033e-01
  531 1.504964e-01
  532 1.508899e-01
  533 1.512840e-01
  534 1.516786e-01
  535 1.520738e-01
  536 1.524694e-01
  537 1.528657e-01
  538 1.532625e-01
  539 1.536598e-01
  540 1.540577e-01
  541 1.544561e-01
  542 1.548551e-01
  543 1.552546e-01
  544 1.556546e-01
  545 1.560553e-01
  546 1.564565e-01
  547 1.568582e-01
  548 1.572605e-01
  549 1.576634e-01
  550 1.580668e-01
  551 1.584707e-01
  552 1.588753e-01
  553 1.592804e-01
  554 1.596861e-01
  555 1.600923e-01
  556 1.604991e-01
  557 1.609065e-01
  558 1.613144e-01
  559 1.617229e-01
  560 1.621320e-01
  561 1.625417e-01
  562 1.629519e-01
  563 1.633627e-01
  564 1.637741e-01
  565 1.641860e-01
  566 1.645985e-01
  567 1.650117e-01
  568 1.654253e-01
  569 1.658396e-01
  570 1.662545e-01
  571 1.666699e-01
  572 1.670859e-01
  573 1.675025e-01
  574 1.679197e-01
  575 1.683374e-01
  576 1.687558e-01
  577 1.691747e-01
  578 1.695942e-01
  579 1.700143e-01
  580 1.704350e-01
  581 1.708563e-01
  582 1.712782e-01
  583 1.717006e-01
  584 1.721237e-01
  585 1.725473e-01
  586 1.729715e-01
  587 1.733963e-01
  588 1.738218e-01
  589 1.742478e-01
  590 1.746743e-01
  591 1.751015e-01
  592 1.755293e-01
  593 1.759577e-01
  594 1.763867e-01
  595 1.768162e-01
  596 1.772464e-01
  597 1.776771e-01
  598 1.781085e-01
  599 1.785404e-01
  600 1.859146e-01
  601 1.845506e-01
  602 1.851572e-01
  603 1.857556e-01
  604 1.863599e-01
  605 1.869628e-01
  606 1.875675e-01
  607 1.881727e-01
  608 1.887788e-01
  609 1.893856e-01
  610 1.899932e-01
  611 1.906016e-01
  612 1.912107e-01
  613 1.918206e-01
  614 1.924312e-01
  615 1.930426e-01
  616 1.936546e-01
  617 1.942675e-01
  618 1.948810e-01
  619 1.954953e-01
  620 1.961103e-01
  621 1.967260e-01
  622 1.973425e-01
  623 1.979597e-01
  624 1.985777e-01
  625 1.991963e-01
  626 1.998157e-01
  627 2.004359e-01
  628 2.010567e-01
  629 2.016783e-01
  630 2.023007e-01
  631 2.029237e-01
  632 2.035475e-01
  633 2.041721e-01
  634 2.047973e-01
  635 2.054233e-01
  636 2.060501e-01
  637 2.066776e-01
  638 2.073058e-01
  639 2.079347e-01
  640 2.085644e-01
  641 2.091948e-01
  642 2.098260e-01
  643 2.104579e-01
  644 2.110905e-01
  645 2.117239e-01
  646 2.123580e-01
  647 2.129928e-01
  648 2.136284e-01
  649 2.142647e-01
  650 2.149017e-01
  651 2.155395e-01
  652 2.161780e-01
  653 2.168172e-01
  654 2.174572e-01
  655 2.180979e-01
  656 2.187394e-01
  657 2.193815e-01
  658 2.200244e-01
  659 2.206680e-01
  660 2.213124e-01
  661 2.173713e-01
  662 2.207989e-01
  663 2.197635e-01
  664 2.208230e-01
  665 2.209483e-01
  666 2.215291e-01
  667 2.219203e-01
  668 2.224153e-01
  669 2.228759e-01
  670 2.233633e-01
  671 2.238473e-01
  672 2.243402e-01
  673 2.248352e-01
  674 2.253343e-01
  675 2.258357e-01
  676 2.263396e-01
  677 2.268453e-01
  678 2.273527e-01
  679 2.278615e-01
  680 2.283716e-01
  681 2.288827e-01
  682 2.293949e-01
  683 2.299078e-01
  684 2.304216e-01
  685 2.309362e-01
  686 2.314514e-01
  687 2.319673e-01
  688 2.324838e-01
  689 2.330010e-01
  690 2.335188e-01
  691 2.340371e-01
  692 2.345561e-01
  693 2.350757e-01
  694 2.355959e-01
  695 2.361167e-01
  696 2.366381e-01
  697 2.371602e-01
  698 2.376828e-01
  699 2.382062e-01
  700 2.387302e-01
  701 2.392548e-01
  702 2.397802e-01
  703 2.403062e-01
  704 2.408329e-01
  705 2.413604e-01
  706 2.418885e-01
  707 2.424174e-01
  708 2.429471e-01
  709 2.434775e-01
  710 2.440086e-01
  711 2.445406e-01
  712 2.450733e-01
  713 2.456068e-01
  714 2.461411e-01
  715 2.466763e-01
  716 2.472122e-01
  717 2.477490e-01
  718 2.482866e-01
  719 2.488251e-01
  720 2.493644e-01
  721 2.499046e-01
  722 2.504457e-01
  723 2.509877e-01
  724 2.515305e-01
  725 2.520743e-01
  726 2.526190e-01
  727 2.531645e-01
  728 2.537110e-01
  729 2.542584e-01
  730 2.548068e-01
  731 2.553561e-01
  732 2.559063e-01
  733 2.564575e-01
  734 2.570097e-01
  735 2.575628e-01
  736 2.581169e-01
  737 2.586720e-01
  738 2.592281e-01
  739 2.597852e-01
  740 2.603432e-01
  741 2.609023e-01
  742 2.614624e-01
  743 2.620235e-01
  744 2.625856e-01
  745 2.631488e-01
  746 2.637130e-01
  747 2.642782e-01
  748 2.648445e-01
  749 2.654118e-01
  750 2.659802e-01
  751 2.665497e-01
  752 2.671202e-01
  753 2.676918e-01
  754 2.682644e-01
  755 2.688382e-01
  756 2.694130e-01
  757 2.699889e-01
  758 2.705660e-01
  759 2.711441e-01
  760 2.717233e-01
  761 2.723036e-01
  762 2.728851e-01
  763 2.734677e-01
  764 2.740514e-01
  765 2.746362e-01
  766 2.752221e-01
  767 2.758092e-01
  768 2.763975e-01
  769 2.769869e-01
  770 2.775774e-01
  771 2.781691e-01
  772 2.787619e-01
  773 2.793559e-01
  774 2.799511e-01
  775 2.805475e-01
  776 2.811450e-01
  777 2.817437e-01
  778 2.823436e-01
  779 2.829446e-01
  780 2.835469e-01
  781 2.841503e-01
  782 2.847550e-01
  783 2.853608e-01
  784 2.859679e-01
  785 2.865761e-01
  786 2.871856e-01
  787 2.877963e-01
  788 2.884082e-01
  789 2.890213e-01
  790 2.896357e-01
  791 2.902513e-01
  792 2.908681e-01
  793 2.914861e-01
  794 2.921054e-01
  795 2.927259e-01
  796 2.933477e-01
  797 2.939707e-01
  798 2.945950e-01
  799 2.952205e-01
  800 2.958473e-01
