    1     0
    2     0
    3     0
    4     0
    5     0
    6     0
    7     0
    8     0
    9     0
   10     0
   11     0
   12 -1.308333e+00
   13 -7.221532e-01
   14 -5.249336e-01
   15 -6.573726e-01
   16 -6.140763e-01
   17 -6.563146e-01
   18 -6.517907e-01
   19 -6.680282e-01
   20 -6.705151e-01
   21 -6.768451e-01
   22 -6.780272e-01
   23 -6.786571e-01
   24 -6.764089e-01
   25 -6.725040e-01
   26 -6.663657e-01
   27 -6.583473e-01
   28 -6.483387e-01
   29 -6.364764e-01
   30 -6.227805e-01
   31 -6.073394e-01
   32 -5.902141e-01
   33 -5.714867e-01
   34 -5.512348e-01
   35 -5.295438e-01
   36 -5.064998e-01
   37 -4.821929e-01
   38 -4.567144e-01
   39 -4.301580e-01
   40 -4.026182e-01
   41 -3.741910e-01
   42 -3.449728e-01
   43 -3.150601e-01
   44 -2.845497e-01
   45 -2.535378e-01
   46 -2.221200e-01
   47 -1.903911e-01
   48 -1.584445e-01
   49 -1.263723e-01
   50 -9.426473e-02
   51 -6.221029e-02
   52 -3.029521e-02
   53 1.396569e-03
   54 3.278363e-02
   55 6.378725e-02
   56 9.433156e-02
   57 1.243437e-01
   58 1.537539e-01
   59 1.824956e-01
   60 2.105057e-01
   61 2.377245e-01
   62 2.640959e-01
   63 2.895671e-01
   64 3.140894e-01
   65 3.376174e-01
   66 3.601096e-01
   67 3.815284e-01
   68 4.018396e-01
   69 4.210132e-01
   70 4.390225e-01
   71 4.558450e-01
   72 4.714615e-01
   73 4.858566e-01
   74 4.990188e-01
   75 5.109397e-01
   76 5.216147e-01
   77 5.310426e-01
   78 5.392254e-01
   79 5.461686e-01
   80 5.518806e-01
   81 5.563730e-01
   82 5.596604e-01
   83 5.617602e-01
   84 5.626925e-01
   85 5.624801e-01
   86 5.611484e-01
   87 5.587248e-01
   88 5.552393e-01
   89 5.507239e-01
   90 5.452124e-01
   91 5.387407e-01
   92 5.313463e-01
   93 5.230681e-01
   94 5.139466e-01
   95 5.040235e-01
   96 4.933417e-01
   97 4.819451e-01
   98 4.698782e-01
   99 4.571866e-01
  100 4.439162e-01
  101 4.301135e-01
  102 4.158253e-01
  103 4.010985e-01
  104 3.859800e-01
  105 3.705169e-01
  106 3.547559e-01
  107 3.387435e-01
  108 3.225256e-01
  109 3.061477e-01
  110 2.896548e-01
  111 2.730910e-01
  112 2.564995e-01
  113 2.399226e-01
  114 2.234019e-01
  115 2.069774e-01
  116 1.906883e-01
  117 1.745725e-01
  118 1.586663e-01
  119 1.430049e-01
  120 1.276221e-01
  121 1.125499e-01
  122 9.781903e-02
  123 8.345859e-02
  124 6.949597e-02
  125 5.595697e-02
  126 4.286569e-02
  127 3.024452e-02
  128 1.811415e-02
  129 6.493507e-03
  130 1.303733e+00
  131 3.958232e-01
  132 4.845985e-01
  133 4.412021e-01
  134 4.600059e-01
  135 4.454731e-01
  136 4.471090e-01
  137 4.395507e-01
  138 4.356527e-01
  139 4.287830e-01
  140 4.222780e-01
  141 4.144033e-01
  142 4.060289e-01
  143 3.967095e-01
  144 3.866835e-01
  145 3.758511e-01
  146 3.642947e-01
  147 3.520123e-01
  148 3.390519e-01
  149 3.254424e-01
  150 3.112280e-01
  151 2.964495e-01
  152 2.811532e-01
  153 2.653862e-01
  154 2.491974e-01
  155 2.326369e-01
  156 2.157558e-01
  157 1.986056e-01
  158 1.812383e-01
  159 1.637057e-01
  160 1.460596e-01
  161 1.283512e-01
  162 1.106313e-01
  163 9.294964e-02
  164 7.535520e-02
  165 5.789569e-02
  166 4.061757e-02
  167 2.356588e-02
  168 6.784133e-03
  169 -9.685804e-03
  170 -2.580381e-02
  171 -4.153158e-02
  172 -5.683272e-02
  173 -7.167281e-02
  174 -8.601947e-02
  175 -9.984237e-02
  176 -1.131133e-01
  177 -1.258063e-01
  178 -1.378975e-01
  179 -1.493652e-01
  180 -1.601899e-01
  181 -1.703545e-01
  182 -1.798438e-01
  183 -1.886451e-01
  184 -1.967477e-01
  185 -2.041432e-01
  186 -2.108250e-01
  187 -2.167891e-01
  188 -2.220331e-01
  189 -2.265569e-01
  190 -2.303623e-01
  191 -2.334529e-01
  192 -2.358344e-01
  193 -2.375141e-01
  194 -2.385011e-01
  195 -2.388061e-01
  196 -2.384416e-01
  197 -2.374214e-01
  198 -2.357609e-01
  199 -2.334769e-01
  200 -2.305874e-01
  201 5.650821e-02
  202 -1.927533e-01
  203 -3.906125e-02
  204 -8.702886e-02
  205 -3.172649e-02
  206 -2.883050e-02
  207 1.044011e-03
  208 1.726973e-02
  209 4.048514e-02
  210 6.005289e-02
  211 8.130365e-02
  212 1.014187e-01
  213 1.217426e-01
  214 1.414980e-01
  215 1.609947e-01
  216 1.799916e-01
  217 1.985332e-01
  218 2.165230e-01
  219 2.339410e-01
  220 2.507330e-01
  221 3.600679e-01
  222 2.621435e-01
  223 3.305428e-01
  224 3.058633e-01
  225 3.253425e-01
  226 3.194442e-01
  227 3.238543e-01
  228 3.205213e-01
  229 3.188146e-01
  230 3.140952e-01
  231 3.088679e-01
  232 3.019843e-01
  233 2.941557e-01
  234 2.851400e-01
  235 2.751780e-01
  236 2.642608e-01
  237 2.525042e-01
  238 2.399578e-01
  239 2.267024e-01
  240 2.128008e-01
  241 1.983226e-01
  242 1.833318e-01
  243 1.678931e-01
  244 1.520687e-01
  245 1.359199e-01
  246 1.195061e-01
  247 1.028854e-01
  248 8.611429e-02
  249 6.924767e-02
  250 5.233875e-02
  251 3.543903e-02
  252 1.859827e-02
  253 1.864452e-03
  254 -1.471630e-02
  255 -3.109972e-02
  256 -4.724350e-02
  257 -6.310724e-02
  258 -7.865256e-02
  259 -9.384310e-02
  260 4.146888e-01
  261 4.136531e-02
  262 6.694500e-02
  263 3.990838e-02
  264 3.802609e-02
  265 2.310387e-02
  266 1.496283e-02
  267 3.475425e-03
  268 -6.200433e-03
  269 -1.670284e-02
  270 -2.668395e-02
  271 -3.682570e-02
  272 -4.676958e-02
  273 -5.668474e-02
  274 -6.646811e-02
  275 -7.615330e-02
  276 -8.570235e-02
  277 -9.511252e-02
  278 -1.043621e-01
  279 -1.134385e-01
  280 -1.223241e-01
  281 -1.310040e-01
  282 -1.394619e-01
  283 -1.476828e-01
  284 -1.556515e-01
  285 -1.633538e-01
  286 -1.707759e-01
  287 -1.779047e-01
  288 -1.847281e-01
  289 -1.912346e-01
  290 -1.974136e-01
  291 -2.032557e-01
  292 -2.087520e-01
  293 -2.138951e-01
  294 -2.186782e-01
  295 -2.230956e-01
  296 -2.271428e-01
  297 -2.308161e-01
  298 -2.341129e-01
  299 -2.370318e-01
  300 -2.395720e-01
  301 -2.417341e-01
  302 -2.435195e-01
  303 -2.449304e-01
  304 -2.459702e-01
  305 -2.466430e-01
  306 -2.469539e-01
  307 -2.469088e-01
  308 -2.465144e-01
  309 -2.457782e-01
  310 -2.447083e-01
  311 -2.433137e-01
  312 -2.416040e-01
  313 -2.395894e-01
  314 -2.372807e-01
  315 -2.346893e-01
  316 -2.318269e-01
  317 -2.287058e-01
  318 -2.253389e-01
  319 -2.217391e-01
  320 -2.179198e-01
  321 -2.138948e-01
  322 -2.096781e-01
  323 -2.052837e-01
  324 -2.007260e-01
  325 -1.960193e-01
  326 -1.911783e-01
  327 -1.862175e-01
  328 -1.811513e-01
  329 -1.759943e-01
  330 -1.707610e-01
  331 -1.654656e-01
  332 -1.601223e-01
  333 -1.547451e-01
  334 -1.493478e-01
  335 -1.439440e-01
  336 -1.385468e-01
  337 -1.331692e-01
  338 -1.278239e-01
  339 -1.225231e-01
  340 -1.172787e-01
  341 -1.121022e-01
  342 -1.070047e-01
  343 -1.019968e-01
  344 -9.708860e-02
  345 -9.228988e-02
  346 -8.760982e-02
  347 -8.305712e-02
  348 -7.863995e-02
  349 -7.436600e-02
  350 -7.024238e-02
  351 -6.627571e-02
  352 -6.247203e-02
  353 -5.883686e-02
  354 -5.537516e-02
  355 -5.209136e-02
  356 -4.898932e-02
  357 -4.607237e-02
  358 -4.334331e-02
  359 -4.080440e-02
  360 -3.845735e-02
  361 -3.630338e-02
  362 -3.434319e-02
  363 -3.257697e-02
  364 -3.100443e-02
  365 -2.962479e-02
  366 -2.843682e-02
  367 -2.743884e-02
  368 -2.662871e-02
  369 -2.600388e-02
  370 -2.556142e-02
  371 -2.529797e-02
  372 -2.520983e-02
  373 -2.529294e-02
  374 -2.554290e-02
  375 -2.595500e-02
  376 -2.652424e-02
  377 -2.724532e-02
  378 -2.811272e-02
  379 -2.912065e-02
  380 -3.026313e-02
  381 -3.153397e-02
  382 -3.292680e-02
  383 -3.443511e-02
  384 -3.605225e-02
  385 -3.777145e-02
  386 -3.958585e-02
  387 -4.148851e-02
  388 -4.347243e-02
  389 -4.553059e-02
  390 -1.355989e+00
  391 -4.608162e-01
  392 -5.618253e-01
  393 -5.301407e-01
  394 -5.601171e-01
  395 -5.562024e-01
  396 -5.678882e-01
  397 -5.697998e-01
  398 -5.747815e-01
  399 -5.761930e-01
  400 -5.773641e-01
  401 -6.900033e-01
  402 -5.867603e-01
  403 -6.429210e-01
  404 -6.168875e-01
  405 -6.305427e-01
  406 -6.217114e-01
  407 -6.221596e-01
  408 -6.157011e-01
  409 -6.106376e-01
  410 -6.027779e-01
  411 -5.943157e-01
  412 -5.841921e-01
  413 -5.730151e-01
  414 -5.605475e-01
  415 -5.469888e-01
  416 -5.323202e-01
  417 -5.166386e-01
  418 -4.999855e-01
  419 -4.824338e-01
  420 -4.640431e-01
  421 -4.448822e-01
  422 -4.250169e-01
  423 -4.045158e-01
  424 -3.834473e-01
  425 -3.618805e-01
  426 -3.398841e-01
  427 -3.175270e-01
  428 -2.948777e-01
  429 -2.720040e-01
  430 -2.489729e-01
  431 -2.258504e-01
  432 -2.027016e-01
  433 -1.795898e-01
  434 -1.565773e-01
  435 -1.337243e-01
  436 -1.110897e-01
  437 -8.873011e-02
  438 -6.670030e-02
  439 -4.505287e-02
  440 -2.383821e-02
  441 -5.902483e-02
  442 2.919990e-02
  443 1.662487e-02
  444 5.883327e-02
  445 7.342954e-02
  446 1.020865e-01
  447 1.233483e-01
  448 1.480063e-01
  449 1.704036e-01
  450 1.932928e-01
  451 2.151449e-01
  452 2.366270e-01
  453 2.572947e-01
  454 2.772801e-01
  455 2.964297e-01
  456 3.147436e-01
  457 3.321515e-01
  458 3.486266e-01
  459 3.641270e-01
  460 3.786254e-01
  461 3.920939e-01
  462 4.045114e-01
  463 4.158596e-01
  464 4.261249e-01
  465 4.352972e-01
  466 4.433704e-01
  467 4.503418e-01
  468 4.562122e-01
  469 4.609858e-01
  470 4.646700e-01
  471 4.672752e-01
  472 4.688147e-01
  473 4.693049e-01
  474 4.687645e-01
  475 4.672150e-01
  476 4.646800e-01
  477 4.611856e-01
  478 4.567598e-01
  479 4.514329e-01
  480 4.452367e-01
  481 4.382047e-01
  482 4.303722e-01
  483 4.217756e-01
  484 4.124528e-01
  485 4.024428e-01
  486 3.917853e-01
  487 3.805213e-01
  488 3.686922e-01
  489 3.563401e-01
  490 3.435075e-01
  491 3.302373e-01
  492 3.165727e-01
  493 3.025566e-01
  494 2.882323e-01
  495 2.736428e-01
  496 2.588306e-01
  497 2.438383e-01
  498 2.287076e-01
  499 2.134798e-01
  500 1.981954e-01
  501 1.828945e-01
  502 1.676159e-01
  503 1.523976e-01
  504 1.372768e-01
  505 1.222894e-01
  506 1.074701e-01
  507 9.285248e-02
  508 7.846887e-02
  509 6.435019e-02
  510 5.052599e-02
  511 3.702439e-02
  512 2.387206e-02
  513 1.109412e-02
  514 -1.285818e-03
  515 -1.324570e-02
  516 -2.476508e-02
  517 -3.582509e-02
  518 -4.640848e-02
  519 -5.649963e-02
  520 -6.608451e-02
  521 -7.515075e-02
  522 -8.368755e-02
  523 -9.168575e-02
  524 -9.913777e-02
  525 -1.060376e-01
  526 -1.123807e-01
  527 -1.181642e-01
  528 -1.233867e-01
  529 -1.280481e-01
  530 -1.321500e-01
  531 -1.356951e-01
  532 -1.386877e-01
  533 -1.411332e-01
  534 -1.430385e-01
  535 -1.444115e-01
  536 -1.452614e-01
  537 -1.455984e-01
  538 -1.454340e-01
  539 -1.447804e-01
  540 -1.436510e-01
  541 -1.420599e-01
  542 -1.400222e-01
  543 -1.375537e-01
  544 -1.346710e-01
  545 -1.313912e-01
  546 -1.277322e-01
  547 -1.237124e-01
  548 -1.193505e-01
  549 -1.146659e-01
  550 -1.096780e-01
  551 -1.044070e-01
  552 -9.887291e-02
  553 -9.309613e-02
  554 -8.709714e-02
  555 -8.089653e-02
  556 -7.451489e-02
  557 -6.797278e-02
  558 -6.129068e-02
  559 -5.448894e-02
  560 -4.758773e-02
  561 -4.060697e-02
  562 -3.356634e-02
  563 -2.648517e-02
  564 -1.938244e-02
  565 -1.227675e-02
  566 -5.186227e-03
  567 1.871451e-03
  568 8.879124e-03
  569 1.582017e-02
  570 2.267853e-02
  571 2.943875e-02
  572 3.608599e-02
  573 4.260606e-02
  574 4.898544e-02
  575 5.521128e-02
  576 6.127144e-02
  577 6.715450e-02
  578 7.284975e-02
  579 7.834722e-02
  580 8.363771e-02
  581 8.871273e-02
  582 9.356457e-02
  583 9.818627e-02
  584 1.025716e-01
  585 1.067152e-01
  586 1.106122e-01
  587 1.142588e-01
  588 1.176516e-01
  589 1.207883e-01
  590 1.236669e-01
  591 1.262864e-01
  592 1.286465e-01
  593 1.307473e-01
  594 1.325898e-01
  595 1.341756e-01
  596 1.355068e-01
  597 1.365862e-01
  598 1.374172e-01
  599 1.380037e-01
  600 1.383500e-01
  601 -6.007279e-02
  602 1.171207e-01
  603 1.240393e-02
  604 4.899662e-02
  605 1.343843e-02
  606 1.469299e-02
  607 -2.819116e-03
  608 -1.066889e-02
  609 -2.331347e-02
  610 -3.331700e-02
  611 -4.442125e-02
  612 -5.466344e-02
  613 -6.499506e-02
  614 -7.488224e-02
  615 -8.455197e-02
  616 -9.384562e-02
  617 -1.028043e-01
  618 -1.113701e-01
  619 -1.195389e-01
  620 -1.272820e-01
  621 -1.345863e-01
  622 -1.414340e-01
  623 -1.478127e-01
  624 -1.537101e-01
  625 -1.591171e-01
  626 -1.640258e-01
  627 -1.684303e-01
  628 -1.723268e-01
  629 -1.757129e-01
  630 -1.785882e-01
  631 -1.809537e-01
  632 -1.828124e-01
  633 -1.841683e-01
  634 -1.850273e-01
  635 -1.853965e-01
  636 -1.852845e-01
  637 -1.847008e-01
  638 -1.836565e-01
  639 -1.821635e-01
  640 -1.802351e-01
  641 -1.778852e-01
  642 -1.751289e-01
  643 -1.719820e-01
  644 -1.684611e-01
  645 -1.645834e-01
  646 -1.603668e-01
  647 -1.558299e-01
  648 -1.509914e-01
  649 -1.458709e-01
  650 -1.404879e-01
  651 -1.348625e-01
  652 -1.290148e-01
  653 -1.229651e-01
  654 -1.167340e-01
  655 -1.103419e-01
  656 -1.038092e-01
  657 -9.715622e-02
  658 -9.040326e-02
  659 -8.357029e-02
  660 -7.667710e-02
  661 -1.629439e-01
  662 -4.262612e-02
  663 -8.935561e-02
  664 -4.377764e-02
  665 -4.317254e-02
  666 -1.804391e-02
  667 -4.113525e-03
  668 1.663799e-02
  669 3.481255e-02
  670 5.502402e-02
  671 7.474621e-02
  672 9.510947e-02
  673 1.153878e-01
  674 1.358123e-01
  675 1.561340e-01
  676 1.763572e-01
  677 1.963644e-01
  678 2.161075e-01
  679 2.355099e-01
  680 2.545163e-01
  681 2.730668e-01
  682 2.911101e-01
  683 3.085964e-01
  684 3.254812e-01
  685 3.417230e-01
  686 3.572841e-01
  687 3.721306e-01
  688 3.862319e-01
  689 3.995608e-01
  690 4.120936e-01
  691 4.238098e-01
  692 4.346919e-01
  693 4.447258e-01
  694 4.539001e-01
  695 4.622067e-01
  696 4.696399e-01
  697 4.761971e-01
  698 4.818784e-01
  699 4.866861e-01
  700 4.906255e-01
  701 4.937038e-01
  702 4.959309e-01
  703 4.973187e-01
  704 4.978811e-01
  705 4.976342e-01
  706 4.965959e-01
  707 4.947859e-01
  708 4.922256e-01
  709 4.889378e-01
  710 4.849471e-01
  711 4.802791e-01
  712 4.749609e-01
  713 4.690207e-01
  714 4.624876e-01
  715 4.553917e-01
  716 4.477641e-01
  717 4.396362e-01
  718 4.310404e-01
  719 4.220095e-01
  720 4.125766e-01
  721 4.027751e-01
  722 3.926388e-01
  723 3.822014e-01
  724 3.714967e-01
  725 3.605585e-01
  726 3.494202e-01
  727 3.381153e-01
  728 3.266765e-01
  729 3.151367e-01
  730 3.035277e-01
  731 2.918810e-01
  732 2.802277e-01
  733 2.685977e-01
  734 2.570206e-01
  735 2.455249e-01
  736 2.341383e-01
  737 2.228876e-01
  738 2.117986e-01
  739 2.008960e-01
  740 1.902036e-01
  741 1.797439e-01
  742 1.695385e-01
  743 1.596077e-01
  744 1.499706e-01
  745 1.406451e-01
  746 1.316479e-01
  747 1.229945e-01
  748 1.146990e-01
  749 1.067744e-01
  750 9.923241e-02
  751 9.208341e-02
  752 8.533656e-02
  753 7.899976e-02
  754 7.307969e-02
  755 6.758177e-02
  756 6.251021e-02
  757 5.786804e-02
  758 5.365708e-02
  759 4.987804e-02
  760 4.653046e-02
  761 4.361282e-02
  762 4.112249e-02
  763 3.905583e-02
  764 3.740820e-02
  765 3.617398e-02
  766 3.534662e-02
  767 3.491869e-02
  768 3.488191e-02
  769 3.522718e-02
  770 3.594465e-02
  771 3.702375e-02
  772 3.845321e-02
  773 4.022116e-02
  774 4.231511e-02
  775 4.472207e-02
  776 4.742853e-02
  777 5.042053e-02
  778 5.368373e-02
  779 5.720342e-02
  780 6.096459e-02
  781 6.495197e-02
  782 6.915006e-02
  783 7.354322e-02
  784 7.811565e-02
  785 8.285149e-02
  786 8.773483e-02
  787 9.274976e-02
  788 9.788042e-02
  789 1.031110e-01
  790 1.084259e-01
  791 1.138096e-01
  792 1.192467e-01
  793 1.247222e-01
  794 1.302214e-01
  795 1.357295e-01
  796 1.412325e-01
  797 1.467165e-01
  798 1.521680e-01
  799 1.575740e-01
  800 1.629218e-01
