    1     0
    2     0
    3     0
    4     0
    5     0
    6     0
    7     0
    8     0
    9     0
   10     0
   11     0
   12 9.330000e-03
   13 1.199700e-02
   14 -5.575346e-03
   15 -5.864754e-03
   16 -1.726908e-02
   17 -2.102006e-02
   18 -2.958190e-02
   19 -3.464578e-02
   20 -4.170917e-02
   21 -4.708930e-02
   22 -5.320476e-02
   23 -5.841741e-02
   24 -6.378603e-02
   25 -6.857742e-02
   26 -7.325122e-02
   27 -7.747625e-02
   28 -8.144975e-02
   29 -8.502081e-02
   30 -8.827345e-02
   31 -9.113929e-02
   32 -9.365523e-02
   33 -9.579227e-02
   34 -9.756938e-02
   35 -9.897783e-02
   36 -1.000314e-01
   37 -1.007330e-01
   38 -1.010967e-01
   39 -1.011328e-01
   40 -1.008576e-01
   41 -1.002868e-01
   42 -9.943961e-02
   43 -9.833555e-02
   44 -9.699640e-02
   45 -9.544463e-02
   46 -9.370406e-02
   47 -9.179910e-02
   48 -8.975494e-02
   49 -8.759708e-02
   50 -8.535129e-02
   51 -8.304332e-02
   52 -8.069877e-02
   53 -7.834285e-02
   54 -7.600023e-02
   55 -7.369488e-02
   56 -7.144989e-02
   57 -6.928729e-02
   58 -6.722799e-02
   59 -6.529156e-02
   60 -6.349620e-02
   61 -6.185858e-02
   62 -6.039378e-02
   63 -5.911521e-02
   64 -5.803456e-02
   65 -5.716176e-02
   66 -5.650493e-02
   67 -5.607040e-02
   68 -5.586265e-02
   69 -5.588441e-02
   70 -5.613662e-02
   71 -5.661848e-02
   72 -5.732752e-02
   73 -5.825965e-02
   74 -5.940925e-02
   75 -6.076923e-02
   76 -6.233111e-02
   77 -6.408518e-02
   78 -6.602055e-02
   79 -6.812527e-02
   80 -7.038648e-02
   81 -7.279050e-02
   82 -7.532297e-02
   83 -7.796896e-02
   84 -8.071312e-02
   85 -8.353980e-02
   86 -8.643317e-02
   87 -8.937734e-02
   88 -9.235651e-02
   89 -9.535504e-02
   90 -9.835762e-02
   91 -1.013493e-01
   92 -1.043157e-01
   93 -1.072431e-01
   94 -1.101183e-01
   95 -1.129290e-01
   96 -1.156637e-01
   97 -1.183118e-01
   98 -1.208639e-01
   99 -1.233112e-01
  100 -1.256464e-01
  101 -1.278629e-01
  102 -1.299554e-01
  103 -1.319198e-01
  104 -1.337529e-01
  105 -1.354528e-01
  106 -1.370186e-01
  107 -1.384505e-01
  108 -1.397499e-01
  109 -1.409188e-01
  110 -1.419607e-01
  111 -1.428796e-01
  112 -1.436806e-01
  113 -1.443695e-01
  114 -1.449529e-01
  115 -1.454380e-01
  116 -1.458327e-01
  117 -1.461453e-01
  118 -1.463846e-01
  119 -1.465598e-01
  120 -1.466804e-01
  121 -1.467560e-01
  122 -1.467965e-01
  123 -1.468117e-01
  124 -1.468115e-01
  125 -1.468056e-01
  126 -1.468036e-01
  127 -1.468149e-01
  128 -1.468486e-01
  129 -1.469132e-01
  130 -1.470172e-01
  131 -1.567569e-01
  132 -1.414864e-01
  133 -1.456598e-01
  134 -1.372006e-01
  135 -1.373926e-01
  136 -1.321232e-01
  137 -1.308067e-01
  138 -1.272115e-01
  139 -1.255025e-01
  140 -1.229302e-01
  141 -1.213390e-01
  142 -1.195171e-01
  143 -1.182820e-01
  144 -1.171003e-01
  145 -1.163341e-01
  146 -1.157478e-01
  147 -1.155009e-01
  148 -1.154875e-01
  149 -1.157755e-01
  150 -1.163145e-01
  151 -1.171303e-01
  152 -1.181953e-01
  153 -1.195149e-01
  154 -1.210701e-01
  155 -1.228559e-01
  156 -1.248557e-01
  157 -1.270586e-01
  158 -1.294482e-01
  159 -1.320101e-01
  160 -1.347271e-01
  161 -1.375827e-01
  162 -1.405590e-01
  163 -1.436383e-01
  164 -1.468023e-01
  165 -1.500328e-01
  166 -1.533116e-01
  167 -1.566205e-01
  168 -1.599417e-01
  169 -1.632580e-01
  170 -1.665525e-01
  171 -1.698091e-01
  172 -1.730123e-01
  173 -1.761477e-01
  174 -1.792015e-01
  175 -1.821612e-01
  176 -1.850154e-01
  177 -1.877535e-01
  178 -1.903666e-01
  179 -1.928465e-01
  180 -1.951867e-01
  181 -1.973818e-01
  182 -1.994276e-01
  183 -2.013212e-01
  184 -2.030612e-01
  185 -2.046471e-01
  186 -2.060800e-01
  187 -2.073617e-01
  188 -2.084956e-01
  189 -2.094859e-01
  190 -2.103380e-01
  191 -2.110580e-01
  192 -2.116532e-01
  193 -2.121314e-01
  194 -2.125013e-01
  195 -2.127723e-01
  196 -2.129541e-01
  197 -2.130571e-01
  198 -2.130919e-01
  199 -2.130696e-01
  200 -2.233680e-01
  201 -2.233975e-01
  202 -2.236464e-01
  203 -2.238829e-01
  204 -2.241434e-01
  205 -2.244210e-01
  206 -2.247372e-01
  207 -2.250942e-01
  208 -2.255064e-01
  209 -2.259792e-01
  210 -2.265232e-01
  211 -2.271444e-01
  212 -2.278507e-01
  213 -2.286475e-01
  214 -2.295407e-01
  215 -2.305346e-01
  216 -2.316331e-01
  217 -2.328391e-01
  218 -2.341547e-01
  219 -2.355812e-01
  220 -2.371192e-01
  221 -2.270334e-01
  222 -2.247358e-01
  223 -2.190475e-01
  224 -2.160686e-01
  225 -2.116400e-01
  226 -2.084966e-01
  227 -2.048107e-01
  228 -2.017997e-01
  229 -1.986650e-01
  230 -1.959535e-01
  231 -1.933205e-01
  232 -1.910152e-01
  233 -1.888921e-01
  234 -1.870669e-01
  235 -1.854800e-01
  236 -1.841862e-01
  237 -1.831613e-01
  238 -1.824306e-01
  239 -1.819835e-01
  240 -1.818299e-01
  241 -1.819628e-01
  242 -1.823829e-01
  243 -1.830827e-01
  244 -1.840568e-01
  245 -1.852955e-01
  246 -1.867890e-01
  247 -1.885248e-01
  248 -1.904896e-01
  249 -1.926684e-01
  250 -1.950452e-01
  251 -1.976030e-01
  252 -2.003237e-01
  253 -2.031887e-01
  254 -2.061785e-01
  255 -2.092736e-01
  256 -2.124540e-01
  257 -2.156995e-01
  258 -2.189903e-01
  259 -2.223065e-01
  260 -2.256288e-01
  261 -2.327735e-01
  262 -2.298611e-01
  263 -2.346529e-01
  264 -2.342992e-01
  265 -2.372955e-01
  266 -2.379800e-01
  267 -2.401033e-01
  268 -2.411589e-01
  269 -2.428006e-01
  270 -2.439180e-01
  271 -2.452398e-01
  272 -2.462739e-01
  273 -2.473419e-01
  274 -2.482262e-01
  275 -2.490696e-01
  276 -2.497772e-01
  277 -2.504135e-01
  278 -2.509388e-01
  279 -2.513843e-01
  280 -2.517352e-01
  281 -2.520085e-01
  282 -2.522013e-01
  283 -2.523249e-01
  284 -2.523819e-01
  285 -2.523816e-01
  286 -2.523293e-01
  287 -2.522335e-01
  288 -2.521011e-01
  289 -2.519402e-01
  290 -2.517583e-01
  291 -2.515633e-01
  292 -2.513629e-01
  293 -2.511646e-01
  294 -2.509759e-01
  295 -2.508040e-01
  296 -2.506557e-01
  297 -2.505377e-01
  298 -2.504563e-01
  299 -2.504171e-01
  300 -2.504257e-01
  301 -2.504869e-01
  302 -2.506051e-01
  303 -2.507843e-01
  304 -2.510279e-01
  305 -2.513387e-01
  306 -2.517189e-01
  307 -2.521704e-01
  308 -2.526943e-01
  309 -2.532912e-01
  310 -2.539613e-01
  311 -2.547042e-01
  312 -2.555189e-01
  313 -2.564041e-01
  314 -2.573578e-01
  315 -2.583777e-01
  316 -2.594612e-01
  317 -2.606052e-01
  318 -2.618062e-01
  319 -2.630605e-01
  320 -2.643640e-01
  321 -2.657127e-01
  322 -2.671019e-01
  323 -2.685272e-01
  324 -2.699837e-01
  325 -2.714668e-01
  326 -2.729715e-01
  327 -2.744932e-01
  328 -2.760268e-01
  329 -2.775679e-01
  330 -2.791116e-01
  331 -2.806535e-01
  332 -2.821894e-01
  333 -2.837150e-01
  334 -2.852265e-01
  335 -2.867202e-01
  336 -2.881927e-01
  337 -2.896409e-01
  338 -2.910621e-01
  339 -2.924536e-01
  340 -2.938135e-01
  341 -2.951397e-01
  342 -2.964309e-01
  343 -2.976859e-01
  344 -2.989039e-01
  345 -3.000845e-01
  346 -3.012274e-01
  347 -3.023329e-01
  348 -3.034015e-01
  349 -3.044341e-01
  350 -3.054316e-01
  351 -3.063956e-01
  352 -3.073277e-01
  353 -3.082296e-01
  354 -3.091036e-01
  355 -3.099520e-01
  356 -3.107771e-01
  357 -3.115816e-01
  358 -3.123684e-01
  359 -3.131401e-01
  360 -3.138998e-01
  361 -3.146504e-01
  362 -3.153951e-01
  363 -3.161367e-01
  364 -3.168783e-01
  365 -3.176230e-01
  366 -3.183736e-01
  367 -3.191329e-01
  368 -3.199038e-01
  369 -3.206889e-01
  370 -3.214906e-01
  371 -3.223113e-01
  372 -3.231532e-01
  373 -3.240183e-01
  374 -3.249085e-01
  375 -3.258253e-01
  376 -3.267704e-01
  377 -3.277448e-01
  378 -3.287496e-01
  379 -3.297856e-01
  380 -3.308535e-01
  381 -3.319537e-01
  382 -3.330862e-01
  383 -3.342511e-01
  384 -3.354483e-01
  385 -3.366772e-01
  386 -3.379374e-01
  387 -3.392280e-01
  388 -3.405481e-01
  389 -3.418967e-01
  390 -3.432725e-01
  391 -3.350856e-01
  392 -3.519878e-01
  393 -3.495304e-01
  394 -3.597940e-01
  395 -3.614990e-01
  396 -3.687610e-01
  397 -3.721682e-01
  398 -3.779539e-01
  399 -3.819541e-01
  400 -3.827723e-01
  401 -3.868038e-01
  402 -3.910688e-01
  403 -3.948452e-01
  404 -3.986544e-01
  405 -4.021383e-01
  406 -4.055248e-01
  407 -4.086541e-01
  408 -4.116257e-01
  409 -4.143688e-01
  410 -4.169278e-01
  411 -4.192725e-01
  412 -4.214247e-01
  413 -4.233738e-01
  414 -4.251327e-01
  415 -4.267010e-01
  416 -4.280891e-01
  417 -4.293022e-01
  418 -4.303509e-01
  419 -4.312439e-01
  420 -4.319926e-01
  421 -4.326082e-01
  422 -4.331034e-01
  423 -4.334909e-01
  424 -4.337843e-01
  425 -4.339973e-01
  426 -4.341443e-01
  427 -4.342394e-01
  428 -4.342971e-01
  429 -4.343318e-01
  430 -4.343578e-01
  431 -4.343890e-01
  432 -4.344390e-01
  433 -4.345211e-01
  434 -4.346480e-01
  435 -4.348318e-01
  436 -4.350838e-01
  437 -4.354147e-01
  438 -4.358344e-01
  439 -4.363519e-01
  440 -4.369753e-01
  441 -4.447527e-01
  442 -4.480425e-01
  443 -4.535561e-01
  444 -4.576363e-01
  445 -4.627797e-01
  446 -4.673454e-01
  447 -4.724286e-01
  448 -4.772960e-01
  449 -4.824229e-01
  450 -4.874761e-01
  451 -4.926560e-01
  452 -4.978060e-01
  453 -5.030051e-01
  454 -5.081747e-01
  455 -5.133409e-01
  456 -5.184602e-01
  457 -5.235360e-01
  458 -5.285416e-01
  459 -5.334713e-01
  460 -5.383071e-01
  461 -5.430407e-01
  462 -5.476592e-01
  463 -5.521547e-01
  464 -5.565181e-01
  465 -5.607430e-01
  466 -5.648236e-01
  467 -5.687559e-01
  468 -5.725367e-01
  469 -5.761648e-01
  470 -5.796396e-01
  471 -5.829623e-01
  472 -5.861352e-01
  473 -5.891616e-01
  474 -5.920462e-01
  475 -5.947946e-01
  476 -5.974135e-01
  477 -5.999105e-01
  478 -6.022940e-01
  479 -6.045732e-01
  480 -6.067580e-01
  481 -6.088587e-01
  482 -6.108864e-01
  483 -6.128524e-01
  484 -6.147682e-01
  485 -6.166458e-01
  486 -6.184969e-01
  487 -6.203337e-01
  488 -6.221679e-01
  489 -6.240113e-01
  490 -6.258752e-01
  491 -6.277710e-01
  492 -6.297091e-01
  493 -6.317001e-01
  494 -6.337535e-01
  495 -6.358785e-01
  496 -6.380836e-01
  497 -6.403765e-01
  498 -6.427644e-01
  499 -6.452535e-01
  500 -6.478494e-01
  501 -6.505566e-01
  502 -6.533790e-01
  503 -6.563198e-01
  504 -6.593809e-01
  505 -6.625638e-01
  506 -6.658691e-01
  507 -6.692964e-01
  508 -6.728447e-01
  509 -6.765123e-01
  510 -6.802965e-01
  511 -6.841943e-01
  512 -6.882018e-01
  513 -6.923147e-01
  514 -6.965280e-01
  515 -7.008362e-01
  516 -7.052336e-01
  517 -7.097138e-01
  518 -7.142705e-01
  519 -7.188967e-01
  520 -7.235854e-01
  521 -7.283296e-01
  522 -7.331219e-01
  523 -7.379552e-01
  524 -7.428222e-01
  525 -7.477158e-01
  526 -7.526290e-01
  527 -7.575550e-01
  528 -7.624872e-01
  529 -7.674193e-01
  530 -7.723453e-01
  531 -7.772597e-01
  532 -7.821572e-01
  533 -7.870330e-01
  534 -7.918828e-01
  535 -7.967026e-01
  536 -8.014892e-01
  537 -8.062395e-01
  538 -8.109513e-01
  539 -8.156226e-01
  540 -8.202521e-01
  541 -8.248390e-01
  542 -8.293830e-01
  543 -8.338842e-01
  544 -8.383433e-01
  545 -8.427615e-01
  546 -8.471402e-01
  547 -8.514816e-01
  548 -8.557881e-01
  549 -8.600623e-01
  550 -8.643075e-01
  551 -8.685270e-01
  552 -8.727247e-01
  553 -8.769043e-01
  554 -8.810702e-01
  555 -8.852266e-01
  556 -8.893780e-01
  557 -8.935290e-01
  558 -8.976842e-01
  559 -9.018483e-01
  560 -9.060259e-01
  561 -9.102216e-01
  562 -9.144400e-01
  563 -9.186855e-01
  564 -9.229624e-01
  565 -9.272748e-01
  566 -9.316267e-01
  567 -9.360217e-01
  568 -9.404634e-01
  569 -9.449551e-01
  570 -9.494996e-01
  571 -9.540996e-01
  572 -9.587576e-01
  573 -9.634755e-01
  574 -9.682553e-01
  575 -9.730982e-01
  576 -9.780054e-01
  577 -9.829778e-01
  578 -9.880157e-01
  579 -9.931195e-01
  580 -9.982889e-01
  581 -1.003524e+00
  582 -1.008823e+00
  583 -1.014185e+00
  584 -1.019611e+00
  585 -1.025097e+00
  586 -1.030642e+00
  587 -1.036245e+00
  588 -1.041903e+00
  589 -1.047614e+00
  590 -1.053376e+00
  591 -1.059186e+00
  592 -1.065042e+00
  593 -1.070941e+00
  594 -1.076881e+00
  595 -1.082859e+00
  596 -1.088872e+00
  597 -1.094918e+00
  598 -1.100994e+00
  599 -1.107097e+00
  600 -1.105968e+00
  601 -1.112026e+00
  602 -1.117934e+00
  603 -1.123861e+00
  604 -1.129786e+00
  605 -1.135721e+00
  606 -1.141655e+00
  607 -1.147593e+00
  608 -1.153531e+00
  609 -1.159469e+00
  610 -1.165406e+00
  611 -1.171342e+00
  612 -1.177277e+00
  613 -1.183210e+00
  614 -1.189143e+00
  615 -1.195075e+00
  616 -1.201007e+00
  617 -1.206940e+00
  618 -1.212875e+00
  619 -1.218814e+00
  620 -1.224758e+00
  621 -1.230708e+00
  622 -1.236667e+00
  623 -1.242636e+00
  624 -1.248617e+00
  625 -1.254612e+00
  626 -1.260624e+00
  627 -1.266655e+00
  628 -1.272706e+00
  629 -1.278781e+00
  630 -1.284881e+00
  631 -1.291010e+00
  632 -1.297168e+00
  633 -1.303359e+00
  634 -1.309584e+00
  635 -1.315846e+00
  636 -1.322147e+00
  637 -1.328488e+00
  638 -1.334871e+00
  639 -1.341299e+00
  640 -1.347772e+00
  641 -1.354293e+00
  642 -1.360862e+00
  643 -1.367480e+00
  644 -1.374150e+00
  645 -1.380871e+00
  646 -1.387644e+00
  647 -1.394470e+00
  648 -1.401349e+00
  649 -1.408282e+00
  650 -1.415269e+00
  651 -1.422310e+00
  652 -1.429404e+00
  653 -1.436552e+00
  654 -1.443752e+00
  655 -1.451005e+00
  656 -1.458310e+00
  657 -1.465666e+00
  658 -1.473072e+00
  659 -1.480528e+00
  660 -1.488033e+00
  661 -1.507320e+00
  662 -1.518975e+00
  663 -1.534175e+00
  664 -1.546816e+00
  665 -1.561052e+00
  666 -1.574144e+00
  667 -1.587915e+00
  668 -1.601140e+00
  669 -1.614611e+00
  670 -1.627776e+00
  671 -1.640972e+00
  672 -1.653941e+00
  673 -1.666823e+00
  674 -1.679492e+00
  675 -1.692002e+00
  676 -1.704290e+00
  677 -1.716371e+00
  678 -1.728214e+00
  679 -1.739820e+00
  680 -1.751173e+00
  681 -1.762274e+00
  682 -1.773113e+00
  683 -1.783694e+00
  684 -1.794014e+00
  685 -1.804079e+00
  686 -1.813894e+00
  687 -1.823465e+00
  688 -1.832803e+00
  689 -1.841920e+00
  690 -1.850827e+00
  691 -1.859541e+00
  692 -1.868077e+00
  693 -1.876453e+00
  694 -1.884688e+00
  695 -1.892801e+00
  696 -1.900813e+00
  697 -1.908745e+00
  698 -1.916619e+00
  699 -1.924456e+00
  700 -1.932278e+00
  701 -1.940107e+00
  702 -1.947965e+00
  703 -1.955874e+00
  704 -1.963853e+00
  705 -1.971923e+00
  706 -1.980104e+00
  707 -1.988413e+00
  708 -1.996868e+00
  709 -2.005486e+00
  710 -2.014281e+00
  711 -2.023267e+00
  712 -2.032456e+00
  713 -2.041859e+00
  714 -2.051485e+00
  715 -2.061343e+00
  716 -2.071439e+00
  717 -2.081777e+00
  718 -2.092361e+00
  719 -2.103193e+00
  720 -2.114273e+00
  721 -2.125600e+00
  722 -2.137172e+00
  723 -2.148984e+00
  724 -2.161031e+00
  725 -2.173308e+00
  726 -2.185807e+00
  727 -2.198519e+00
  728 -2.211435e+00
  729 -2.224545e+00
  730 -2.237837e+00
  731 -2.251301e+00
  732 -2.264925e+00
  733 -2.278695e+00
  734 -2.292599e+00
  735 -2.306624e+00
  736 -2.320756e+00
  737 -2.334984e+00
  738 -2.349293e+00
  739 -2.363670e+00
  740 -2.378105e+00
  741 -2.392583e+00
  742 -2.407094e+00
  743 -2.421627e+00
  744 -2.436171e+00
  745 -2.450716e+00
  746 -2.465254e+00
  747 -2.479775e+00
  748 -2.494274e+00
  749 -2.508743e+00
  750 -2.523176e+00
  751 -2.537569e+00
  752 -2.551919e+00
  753 -2.566222e+00
  754 -2.580477e+00
  755 -2.594682e+00
  756 -2.608839e+00
  757 -2.622947e+00
  758 -2.637009e+00
  759 -2.651026e+00
  760 -2.665004e+00
  761 -2.678945e+00
  762 -2.692855e+00
  763 -2.706740e+00
  764 -2.720605e+00
  765 -2.734457e+00
  766 -2.748303e+00
  767 -2.762152e+00
  768 -2.776010e+00
  769 -2.789886e+00
  770 -2.803789e+00
  771 -2.817727e+00
  772 -2.831709e+00
  773 -2.845744e+00
  774 -2.859839e+00
  775 -2.874004e+00
  776 -2.888247e+00
  777 -2.902576e+00
  778 -2.917000e+00
  779 -2.931524e+00
  780 -2.946158e+00
  781 -2.960906e+00
  782 -2.975777e+00
  783 -2.990775e+00
  784 -3.005906e+00
  785 -3.021175e+00
  786 -3.036586e+00
  787 -3.052142e+00
  788 -3.067847e+00
  789 -3.083703e+00
  790 -3.099713e+00
  791 -3.115876e+00
  792 -3.132195e+00
  793 -3.148670e+00
  794 -3.165299e+00
  795 -3.182083e+00
  796 -3.199020e+00
  797 -3.216107e+00
  798 -3.233344e+00
  799 -3.250727e+00
  800 -3.268252e+00
