    1     0
    2     0
    3     0
    4     0
    5     0
    6     0
    7     0
    8     0
    9     0
   10     0
   11     0
   12 -1.308333e+00
   13 -7.277452e-01
   14 -5.238893e-01
   15 -6.625609e-01
   16 -6.139503e-01
   17 -6.594363e-01
   18 -6.518612e-01
   19 -6.687375e-01
   20 -6.691626e-01
   21 -6.746495e-01
   22 -6.738435e-01
   23 -6.727281e-01
   24 -6.681700e-01
   25 -6.618579e-01
   26 -6.529568e-01
   27 -6.419774e-01
   28 -6.287365e-01
   29 -6.134305e-01
   30 -5.960685e-01
   31 -5.767700e-01
   32 -5.556071e-01
   33 -5.326866e-01
   34 -5.081054e-01
   35 -4.819733e-01
   36 -4.544001e-01
   37 -4.255011e-01
   38 -3.953935e-01
   39 -3.641974e-01
   40 -3.320343e-01
   41 -2.990272e-01
   42 -2.652996e-01
   43 -2.309753e-01
   44 -1.961779e-01
   45 -1.610299e-01
   46 -1.256530e-01
   47 -9.016700e-02
   48 -5.468987e-02
   49 -1.933705e-02
   50 1.577876e-02
   51 5.054797e-02
   52 8.486442e-02
   53 1.186257e-01
   54 1.517333e-01
   55 1.840930e-01
   56 2.156152e-01
   57 2.462148e-01
   58 2.758116e-01
   59 3.043305e-01
   60 3.317015e-01
   61 3.578600e-01
   62 3.827466e-01
   63 4.063076e-01
   64 4.284947e-01
   65 4.492650e-01
   66 4.685816e-01
   67 4.864127e-01
   68 5.027323e-01
   69 5.175199e-01
   70 5.307603e-01
   71 5.424440e-01
   72 5.525664e-01
   73 5.611284e-01
   74 5.681356e-01
   75 5.735989e-01
   76 5.775337e-01
   77 5.799602e-01
   78 5.809029e-01
   79 5.803905e-01
   80 5.784560e-01
   81 5.751362e-01
   82 5.704713e-01
   83 5.645052e-01
   84 5.572850e-01
   85 5.488606e-01
   86 5.392848e-01
   87 5.286130e-01
   88 5.169027e-01
   89 5.042135e-01
   90 4.906068e-01
   91 4.761456e-01
   92 4.608942e-01
   93 4.449180e-01
   94 4.282831e-01
   95 4.110563e-01
   96 3.933049e-01
   97 3.750962e-01
   98 3.564974e-01
   99 3.375756e-01
  100 3.183971e-01
  101 2.990277e-01
  102 2.795324e-01
  103 2.599750e-01
  104 2.404178e-01
  105 2.209221e-01
  106 2.015472e-01
  107 1.823510e-01
  108 1.633892e-01
  109 1.447157e-01
  110 1.263819e-01
  111 1.084374e-01
  112 9.092893e-02
  113 7.390109e-02
  114 5.739575e-02
  115 4.145220e-02
  116 2.610700e-02
  117 1.139396e-02
  118 -2.655906e-03
  119 -1.601443e-02
  120 -2.865628e-02
  121 -4.055902e-02
  122 -5.170308e-02
  123 -6.207177e-02
  124 -7.165124e-02
  125 -8.043050e-02
  126 -8.840133e-02
  127 -9.555829e-02
  128 -1.018987e-01
  129 -1.074224e-01
  130 1.196201e+00
  131 2.949422e-01
  132 3.942380e-01
  133 3.542870e-01
  134 3.832123e-01
  135 3.742695e-01
  136 3.844257e-01
  137 3.835234e-01
  138 3.873058e-01
  139 3.873571e-01
  140 3.880157e-01
  141 3.869217e-01
  142 3.852643e-01
  143 3.823802e-01
  144 3.785987e-01
  145 3.737404e-01
  146 3.679072e-01
  147 3.610646e-01
  148 3.532607e-01
  149 3.445097e-01
  150 3.348524e-01
  151 3.243229e-01
  152 3.129659e-01
  153 3.008266e-01
  154 2.879550e-01
  155 2.744031e-01
  156 2.602258e-01
  157 2.454798e-01
  158 2.302232e-01
  159 2.145158e-01
  160 1.984178e-01
  161 1.819903e-01
  162 1.652947e-01
  163 1.483922e-01
  164 1.313438e-01
  165 1.142100e-01
  166 9.705047e-02
  167 7.992396e-02
  168 6.288792e-02
  169 4.599845e-02
  170 2.931002e-02
  171 1.287534e-02
  172 -3.254770e-03
  173 -1.903160e-02
  174 -3.440861e-02
  175 -4.934159e-02
  176 -6.378876e-02
  177 -7.771083e-02
  178 -9.107114e-02
  179 -1.038357e-01
  180 -1.159732e-01
  181 -1.274551e-01
  182 -1.382559e-01
  183 -1.483525e-01
  184 -1.577250e-01
  185 -1.663563e-01
  186 -1.742321e-01
  187 -1.813408e-01
  188 -1.876738e-01
  189 -1.932252e-01
  190 -1.979918e-01
  191 -2.019732e-01
  192 -2.051713e-01
  193 -2.075909e-01
  194 -2.092392e-01
  195 -2.101256e-01
  196 -2.102619e-01
  197 -2.096623e-01
  198 -2.083428e-01
  199 -2.063217e-01
  200 -2.036191e-01
  201 8.336314e-02
  202 -1.694815e-01
  203 -9.710007e-03
  204 -6.268506e-02
  205 -3.032733e-03
  206 -2.259355e-03
  207 2.989112e-02
  208 4.573310e-02
  209 7.026378e-02
  210 9.018263e-02
  211 1.123706e-01
  212 1.330772e-01
  213 1.541575e-01
  214 1.745168e-01
  215 1.946196e-01
  216 2.141141e-01
  217 2.330840e-01
  218 2.513896e-01
  219 2.690150e-01
  220 2.858856e-01
  221 4.044848e-01
  222 2.945675e-01
  223 3.700396e-01
  224 3.389600e-01
  225 3.600437e-01
  226 3.502437e-01
  227 3.535280e-01
  228 3.469163e-01
  229 3.426956e-01
  230 3.345627e-01
  231 3.260046e-01
  232 3.153458e-01
  233 3.036278e-01
  234 2.904578e-01
  235 2.761968e-01
  236 2.608065e-01
  237 2.444571e-01
  238 2.272072e-01
  239 2.091723e-01
  240 1.904359e-01
  241 1.710963e-01
  242 1.512418e-01
  243 1.309632e-01
  244 1.103476e-01
  245 8.948103e-02
  246 6.844704e-02
  247 4.732724e-02
  248 2.620068e-02
  249 5.144050e-03
  250 -1.576862e-02
  251 -3.646603e-02
  252 -5.687974e-02
  253 -7.694430e-02
  254 -9.659733e-02
  255 -1.157796e-01
  256 -1.344352e-01
  257 -1.525115e-01
  258 -1.699594e-01
  259 -1.867330e-01
  260 3.205431e-01
  261 -5.370247e-02
  262 -2.725650e-02
  263 -5.600423e-02
  264 -5.666365e-02
  265 -7.190246e-02
  266 -7.890641e-02
  267 -8.971401e-02
  268 -9.800609e-02
  269 -1.071299e-01
  270 -1.153336e-01
  271 -1.235477e-01
  272 -1.312855e-01
  273 -1.388040e-01
  274 -1.459658e-01
  275 -1.528395e-01
  276 -1.593838e-01
  277 -1.656142e-01
  278 -1.715157e-01
  279 -1.770892e-01
  280 -1.823270e-01
  281 -1.872262e-01
  282 -1.917821e-01
  283 -1.959912e-01
  284 -1.998502e-01
  285 -2.033568e-01
  286 -2.065091e-01
  287 -2.093060e-01
  288 -2.117473e-01
  289 -2.138335e-01
  290 -2.155658e-01
  291 -2.169467e-01
  292 -2.179791e-01
  293 -2.186671e-01
  294 -2.190153e-01
  295 -2.190294e-01
  296 -2.187160e-01
  297 -2.180822e-01
  298 -2.171362e-01
  299 -2.158866e-01
  300 -2.143430e-01
  301 -2.125156e-01
  302 -2.104151e-01
  303 -2.080530e-01
  304 -2.054413e-01
  305 -2.025923e-01
  306 -1.995191e-01
  307 -1.962349e-01
  308 -1.927534e-01
  309 -1.890888e-01
  310 -1.852552e-01
  311 -1.812672e-01
  312 -1.771395e-01
  313 -1.728868e-01
  314 -1.685240e-01
  315 -1.640661e-01
  316 -1.595279e-01
  317 -1.549243e-01
  318 -1.502698e-01
  319 -1.455792e-01
  320 -1.408666e-01
  321 -1.361463e-01
  322 -1.314320e-01
  323 -1.267373e-01
  324 -1.220754e-01
  325 -1.174590e-01
  326 -1.129004e-01
  327 -1.084117e-01
  328 -1.040042e-01
  329 -9.968899e-02
  330 -9.547638e-02
  331 -9.137630e-02
  332 -8.739806e-02
  333 -8.355040e-02
  334 -7.984149e-02
  335 -7.627885e-02
  336 -7.286942e-02
  337 -6.961950e-02
  338 -6.653476e-02
  339 -6.362023e-02
  340 -6.088032e-02
  341 -5.831880e-02
  342 -5.593880e-02
  343 -5.374283e-02
  344 -5.173278e-02
  345 -4.990991e-02
  346 -4.827489e-02
  347 -4.682781e-02
  348 -4.556816e-02
  349 -4.449488e-02
  350 -4.360635e-02
  351 -4.290044e-02
  352 -4.237448e-02
  353 -4.202534e-02
  354 -4.184940e-02
  355 -4.184261e-02
  356 -4.200048e-02
  357 -4.231813e-02
  358 -4.279030e-02
  359 -4.341137e-02
  360 -4.417542e-02
  361 -4.507621e-02
  362 -4.610724e-02
  363 -4.726177e-02
  364 -4.853282e-02
  365 -4.991324e-02
  366 -5.139572e-02
  367 -5.297279e-02
  368 -5.463688e-02
  369 -5.638036e-02
  370 -5.819550e-02
  371 -6.007458e-02
  372 -6.200984e-02
  373 -6.399355e-02
  374 -6.601804e-02
  375 -6.807567e-02
  376 -7.015892e-02
  377 -7.226035e-02
  378 -7.437267e-02
  379 -7.648874e-02
  380 -7.860158e-02
  381 -8.070440e-02
  382 -8.279061e-02
  383 -8.485385e-02
  384 -8.688798e-02
  385 -8.888711e-02
  386 -9.084563e-02
  387 -9.275818e-02
  388 -9.461969e-02
  389 -9.642539e-02
  390 -1.406504e+00
  391 -5.108265e-01
  392 -6.148338e-01
  393 -5.787309e-01
  394 -6.106496e-01
  395 -6.038569e-01
  396 -6.153341e-01
  397 -6.149395e-01
  398 -6.184349e-01
  399 -6.174248e-01
  400 -6.162703e-01
  401 -7.260834e-01
  402 -6.184464e-01
  403 -6.737110e-01
  404 -6.421009e-01
  405 -6.536281e-01
  406 -6.398353e-01
  407 -6.368354e-01
  408 -6.256483e-01
  409 -6.163346e-01
  410 -6.036630e-01
  411 -5.904695e-01
  412 -5.753483e-01
  413 -5.591366e-01
  414 -5.414974e-01
  415 -5.227190e-01
  416 -5.027661e-01
  417 -4.817792e-01
  418 -4.598107e-01
  419 -4.369633e-01
  420 -4.133162e-01
  421 -3.889637e-01
  422 -3.639937e-01
  423 -3.384988e-01
  424 -3.125699e-01
  425 -2.862988e-01
  426 -2.597762e-01
  427 -2.330924e-01
  428 -2.063364e-01
  429 -1.795960e-01
  430 -1.529570e-01
  431 -1.265033e-01
  432 -1.003166e-01
  433 -7.447608e-02
  434 -4.905814e-02
  435 -2.413627e-02
  436 2.191984e-04
  437 2.394122e-02
  438 4.696625e-02
  439 6.923434e-02
  440 9.068929e-02
  441 4.976625e-02
  442 1.445337e-01
  443 1.265817e-01
  444 1.710121e-01
  445 1.825418e-01
  446 2.109504e-01
  447 2.298161e-01
  448 2.528923e-01
  449 2.727790e-01
  450 2.932368e-01
  451 3.121587e-01
  452 3.305417e-01
  453 3.477589e-01
  454 3.640497e-01
  455 3.792077e-01
  456 3.932716e-01
  457 4.061605e-01
  458 4.178659e-01
  459 4.283503e-01
  460 4.376002e-01
  461 4.455982e-01
  462 4.523370e-01
  463 4.578118e-01
  464 4.620245e-01
  465 4.649806e-01
  466 4.666909e-01
  467 4.671700e-01
  468 4.664372e-01
  469 4.645153e-01
  470 4.614312e-01
  471 4.572153e-01
  472 4.519010e-01
  473 4.455253e-01
  474 4.381277e-01
  475 4.297507e-01
  476 4.204389e-01
  477 4.102393e-01
  478 3.992011e-01
  479 3.873749e-01
  480 3.748132e-01
  481 3.615696e-01
  482 3.476990e-01
  483 3.332572e-01
  484 3.183004e-01
  485 3.028857e-01
  486 2.870703e-01
  487 2.709115e-01
  488 2.544664e-01
  489 2.377919e-01
  490 2.209445e-01
  491 2.039799e-01
  492 1.869531e-01
  493 1.699178e-01
  494 1.529271e-01
  495 1.360322e-01
  496 1.192834e-01
  497 1.027290e-01
  498 8.641587e-02
  499 7.038906e-02
  500 5.469163e-02
  501 3.936466e-02
  502 2.444716e-02
  503 9.975934e-03
  504 -4.014431e-03
  505 -1.749166e-02
  506 -3.042584e-02
  507 -4.278944e-02
  508 -5.455737e-02
  509 -6.570701e-02
  510 -7.621819e-02
  511 -8.607324e-02
  512 -9.525696e-02
  513 -1.037566e-01
  514 -1.115620e-01
  515 -1.186652e-01
  516 -1.250609e-01
  517 -1.307459e-01
  518 -1.357196e-01
  519 -1.399834e-01
  520 -1.435411e-01
  521 -1.463985e-01
  522 -1.485638e-01
  523 -1.500467e-01
  524 -1.508592e-01
  525 -1.510150e-01
  526 -1.505296e-01
  527 -1.494202e-01
  528 -1.477055e-01
  529 -1.454056e-01
  530 -1.425422e-01
  531 -1.391382e-01
  532 -1.352174e-01
  533 -1.308050e-01
  534 -1.259271e-01
  535 -1.206106e-01
  536 -1.148830e-01
  537 -1.087727e-01
  538 -1.023085e-01
  539 -9.551965e-02
  540 -8.843576e-02
  541 -8.108662e-02
  542 -7.350217e-02
  543 -6.571237e-02
  544 -5.774712e-02
  545 -4.963615e-02
  546 -4.140893e-02
  547 -3.309458e-02
  548 -2.472182e-02
  549 -1.631884e-02
  550 -7.913244e-03
  551 4.680231e-04
  552 8.798747e-03
  553 1.705351e-02
  554 2.520776e-02
  555 3.323786e-02
  556 4.112115e-02
  557 4.883596e-02
  558 5.636174e-02
  559 6.367900e-02
  560 7.076941e-02
  561 7.761580e-02
  562 8.420222e-02
  563 9.051393e-02
  564 9.653742e-02
  565 1.022604e-01
  566 1.076720e-01
  567 1.127624e-01
  568 1.175231e-01
  569 1.219470e-01
  570 1.260282e-01
  571 1.297619e-01
  572 1.331446e-01
  573 1.361741e-01
  574 1.388494e-01
  575 1.411706e-01
  576 1.431388e-01
  577 1.447563e-01
  578 1.460267e-01
  579 1.469543e-01
  580 1.475446e-01
  581 1.478039e-01
  582 1.477394e-01
  583 1.473595e-01
  584 1.466729e-01
  585 1.456895e-01
  586 1.444196e-01
  587 1.428744e-01
  588 1.410656e-01
  589 1.390055e-01
  590 1.367069e-01
  591 1.341830e-01
  592 1.314474e-01
  593 1.285142e-01
  594 1.253976e-01
  595 1.221122e-01
  596 1.186727e-01
  597 1.150940e-01
  598 1.113909e-01
  599 1.075784e-01
  600 1.036716e-01
  601 -9.884874e-02
  602 7.689035e-02
  603 -3.582424e-02
  604 7.571946e-04
  605 -4.113243e-02
  606 -4.144513e-02
  607 -6.336767e-02
  608 -7.352869e-02
  609 -8.943574e-02
  610 -1.017889e-01
  611 -1.154161e-01
  612 -1.277041e-01
  613 -1.399641e-01
  614 -1.514437e-01
  615 -1.624818e-01
  616 -1.728471e-01
  617 -1.826132e-01
  618 -1.916979e-01
  619 -2.001063e-01
  620 -2.078021e-01
  621 -2.147759e-01
  622 -2.210092e-01
  623 -2.264930e-01
  624 -2.312182e-01
  625 -2.351806e-01
  626 -2.383779e-01
  627 -2.408114e-01
  628 -2.424850e-01
  629 -2.434053e-01
  630 -2.435817e-01
  631 -2.430260e-01
  632 -2.417526e-01
  633 -2.397779e-01
  634 -2.371208e-01
  635 -2.338021e-01
  636 -2.298444e-01
  637 -2.252723e-01
  638 -2.201119e-01
  639 -2.143909e-01
  640 -2.081382e-01
  641 -2.013843e-01
  642 -1.941603e-01
  643 -1.864986e-01
  644 -1.784323e-01
  645 -1.699952e-01
  646 -1.612216e-01
  647 -1.521463e-01
  648 -1.428043e-01
  649 -1.332307e-01
  650 -1.234609e-01
  651 -1.135298e-01
  652 -1.034724e-01
  653 -9.332329e-02
  654 -8.311653e-02
  655 -7.288572e-02
  656 -6.266382e-02
  657 -5.248303e-02
  658 -4.237470e-02
  659 -3.236929e-02
  660 -2.249626e-02
  661 -1.153048e-01
  662 1.937270e-02
  663 -3.243256e-02
  664 2.115851e-02
  665 2.137742e-02
  666 5.122154e-02
  667 6.668028e-02
  668 9.069621e-02
  669 1.109509e-01
  670 1.337213e-01
  671 1.555001e-01
  672 1.779477e-01
  673 2.000131e-01
  674 2.220847e-01
  675 2.438023e-01
  676 2.652100e-01
  677 2.861480e-01
  678 3.065733e-01
  679 3.263898e-01
  680 3.455382e-01
  681 3.639484e-01
  682 3.815642e-01
  683 3.983302e-01
  684 4.141989e-01
  685 4.291264e-01
  686 4.430747e-01
  687 4.560105e-01
  688 4.679055e-01
  689 4.787361e-01
  690 4.884836e-01
  691 4.971336e-01
  692 5.046765e-01
  693 5.111067e-01
  694 5.164232e-01
  695 5.206286e-01
  696 5.237300e-01
  697 5.257377e-01
  698 5.266662e-01
  699 5.265331e-01
  700 5.253595e-01
  701 5.231695e-01
  702 5.199902e-01
  703 5.158518e-01
  704 5.107866e-01
  705 5.048297e-01
  706 4.980183e-01
  707 4.903918e-01
  708 4.819914e-01
  709 4.728599e-01
  710 4.630417e-01
  711 4.525824e-01
  712 4.415289e-01
  713 4.299289e-01
  714 4.178308e-01
  715 4.052839e-01
  716 3.923374e-01
  717 3.790410e-01
  718 3.654445e-01
  719 3.515975e-01
  720 3.375492e-01
  721 3.233485e-01
  722 3.090437e-01
  723 2.946823e-01
  724 2.803110e-01
  725 2.659753e-01
  726 2.517199e-01
  727 2.375878e-01
  728 2.236210e-01
  729 2.098599e-01
  730 1.963433e-01
  731 1.831083e-01
  732 1.701903e-01
  733 1.576229e-01
  734 1.454378e-01
  735 1.336647e-01
  736 1.223313e-01
  737 1.114633e-01
  738 1.010844e-01
  739 9.121595e-02
  740 8.187742e-02
  741 7.308600e-02
  742 6.485676e-02
  743 5.720264e-02
  744 5.013442e-02
  745 4.366077e-02
  746 3.778825e-02
  747 3.252134e-02
  748 2.786251e-02
  749 2.381220e-02
  750 2.036890e-02
  751 1.752921e-02
  752 1.528787e-02
  753 1.363783e-02
  754 1.257033e-02
  755 1.207495e-02
  756 1.213969e-02
  757 1.275103e-02
  758 1.389404e-02
  759 1.555245e-02
  760 1.770871e-02
  761 2.034410e-02
  762 2.343884e-02
  763 2.697211e-02
  764 3.092221e-02
  765 3.526662e-02
  766 3.998210e-02
  767 4.504477e-02
  768 5.043021e-02
  769 5.611356e-02
  770 6.206959e-02
  771 6.827281e-02
  772 7.469755e-02
  773 8.131803e-02
  774 8.810848e-02
  775 9.504320e-02
  776 1.020966e-01
  777 1.092435e-01
  778 1.164587e-01
  779 1.237177e-01
  780 1.309963e-01
  781 1.382708e-01
  782 1.455182e-01
  783 1.527160e-01
  784 1.598425e-01
  785 1.668767e-01
  786 1.737984e-01
  787 1.805883e-01
  788 1.872279e-01
  789 1.936998e-01
  790 1.999872e-01
  791 2.060748e-01
  792 2.119478e-01
  793 2.175928e-01
  794 2.229974e-01
  795 2.281500e-01
  796 2.330405e-01
  797 2.376596e-01
  798 2.419991e-01
  799 2.460520e-01
  800 2.498124e-01
