    1     0
    2     0
    3     0
    4     0
    5     0
    6     0
    7     0
    8     0
    9     0
   10     0
   11     0
   12 1.912500e-02
   13 7.147355e-03
   14 1.626509e-02
   15 1.141346e-02
   16 1.626167e-02
   17 1.415911e-02
   18 1.686606e-02
   19 1.611955e-02
   20 1.775855e-02
   21 1.768264e-02
   22 1.879096e-02
   23 1.904876e-02
   24 1.989555e-02
   25 2.032166e-02
   26 2.104188e-02
   27 2.155520e-02
   28 2.221654e-02
   29 2.277730e-02
   30 2.341374e-02
   31 2.400248e-02
   32 2.463105e-02
   33 2.523825e-02
   34 2.586752e-02
   35 2.648850e-02
   36 2.712278e-02
   37 2.775529e-02
   38 2.839675e-02
   39 2.903971e-02
   40 2.968948e-02
   41 3.034238e-02
   42 3.100106e-02
   43 3.166370e-02
   44 3.233163e-02
   45 3.300396e-02
   46 3.368136e-02
   47 3.436339e-02
   48 3.505042e-02
   49 3.574223e-02
   50 3.643901e-02
   51 3.714067e-02
   52 3.784733e-02
   53 3.855896e-02
   54 3.927561e-02
   55 3.999729e-02
   56 4.072404e-02
   57 4.145588e-02
   58 4.219284e-02
   59 4.293495e-02
   60 4.368223e-02
   61 4.443471e-02
   62 4.519241e-02
   63 4.595536e-02
   64 4.672358e-02
   65 4.749710e-02
   66 4.827595e-02
   67 4.906014e-02
   68 4.984971e-02
   69 5.064468e-02
   70 5.144506e-02
   71 5.225089e-02
   72 5.306219e-02
   73 5.387898e-02
   74 5.470128e-02
   75 5.552912e-02
   76 5.636251e-02
   77 5.720149e-02
   78 5.804607e-02
   79 5.889627e-02
   80 5.975212e-02
   81 6.061364e-02
   82 6.148085e-02
   83 6.235376e-02
   84 6.323241e-02
   85 6.411681e-02
   86 6.500698e-02
   87 6.590294e-02
   88 6.680472e-02
   89 6.771233e-02
   90 6.862579e-02
   91 6.954513e-02
   92 7.047036e-02
   93 7.140151e-02
   94 7.233858e-02
   95 7.328161e-02
   96 7.423062e-02
   97 7.518561e-02
   98 7.614661e-02
   99 7.711364e-02
  100 7.808672e-02
  101 7.906587e-02
  102 8.005110e-02
  103 8.104244e-02
  104 8.203990e-02
  105 8.304351e-02
  106 8.405327e-02
  107 8.506921e-02
  108 8.609135e-02
  109 8.711970e-02
  110 8.815428e-02
  111 8.919512e-02
  112 9.024222e-02
  113 9.129561e-02
  114 9.235530e-02
  115 9.342131e-02
  116 9.449366e-02
  117 9.557237e-02
  118 9.665745e-02
  119 9.774892e-02
  120 9.884679e-02
  121 9.995110e-02
  122 1.010618e-01
  123 1.021790e-01
  124 1.033027e-01
  125 1.044329e-01
  126 1.055695e-01
  127 1.067127e-01
  128 1.078625e-01
  129 1.090188e-01
  130 1.101816e-01
  131 1.095311e-01
  132 1.099191e-01
  133 1.103123e-01
  134 1.109291e-01
  135 1.115708e-01
  136 1.123368e-01
  137 1.131256e-01
  138 1.139843e-01
  139 1.148610e-01
  140 1.157778e-01
  141 1.167081e-01
  142 1.176620e-01
  143 1.186259e-01
  144 1.196043e-01
  145 1.205902e-01
  146 1.215856e-01
  147 1.225869e-01
  148 1.235950e-01
  149 1.246079e-01
  150 1.256261e-01
  151 1.266486e-01
  152 1.276755e-01
  153 1.287065e-01
  154 1.297414e-01
  155 1.307802e-01
  156 1.318228e-01
  157 1.328692e-01
  158 1.339193e-01
  159 1.349732e-01
  160 1.360308e-01
  161 1.370922e-01
  162 1.381573e-01
  163 1.392263e-01
  164 1.402990e-01
  165 1.413755e-01
  166 1.424558e-01
  167 1.435400e-01
  168 1.446280e-01
  169 1.457199e-01
  170 1.468157e-01
  171 1.479154e-01
  172 1.490191e-01
  173 1.501266e-01
  174 1.512381e-01
  175 1.523535e-01
  176 1.534729e-01
  177 1.545963e-01
  178 1.557236e-01
  179 1.568549e-01
  180 1.579902e-01
  181 1.591296e-01
  182 1.602729e-01
  183 1.614202e-01
  184 1.625716e-01
  185 1.637270e-01
  186 1.648864e-01
  187 1.660498e-01
  188 1.672173e-01
  189 1.683888e-01
  190 1.695644e-01
  191 1.707440e-01
  192 1.719277e-01
  193 1.731154e-01
  194 1.743072e-01
  195 1.755030e-01
  196 1.767029e-01
  197 1.779068e-01
  198 1.791149e-01
  199 1.803270e-01
  200 1.602931e-01
  201 1.670164e-01
  202 1.676463e-01
  203 1.683915e-01
  204 1.690518e-01
  205 1.697756e-01
  206 1.704589e-01
  207 1.711753e-01
  208 1.718732e-01
  209 1.725894e-01
  210 1.732981e-01
  211 1.740175e-01
  212 1.747349e-01
  213 1.754593e-01
  214 1.761845e-01
  215 1.769149e-01
  216 1.776474e-01
  217 1.783842e-01
  218 1.791237e-01
  219 1.798671e-01
  220 1.806135e-01
  221 1.961049e-01
  222 1.838670e-01
  223 1.947503e-01
  224 1.892423e-01
  225 1.952028e-01
  226 1.930217e-01
  227 1.965292e-01
  228 1.959926e-01
  229 1.982775e-01
  230 1.985536e-01
  231 2.002295e-01
  232 2.009079e-01
  233 2.022811e-01
  234 2.031594e-01
  235 2.043831e-01
  236 2.053618e-01
  237 2.065127e-01
  238 2.075428e-01
  239 2.086594e-01
  240 2.097170e-01
  241 2.108186e-01
  242 2.118920e-01
  243 2.129883e-01
  244 2.140717e-01
  245 2.151674e-01
  246 2.162578e-01
  247 2.173553e-01
  248 2.184512e-01
  249 2.195517e-01
  250 2.206523e-01
  251 2.217560e-01
  252 2.228608e-01
  253 2.239680e-01
  254 2.250765e-01
  255 2.261871e-01
  256 2.272991e-01
  257 2.284129e-01
  258 2.295281e-01
  259 2.306450e-01
  260 2.317632e-01
  261 2.321549e-01
  262 2.329607e-01
  263 2.337673e-01
  264 2.346619e-01
  265 2.355650e-01
  266 2.365164e-01
  267 2.374752e-01
  268 2.384605e-01
  269 2.394512e-01
  270 2.404563e-01
  271 2.414650e-01
  272 2.424813e-01
  273 2.434998e-01
  274 2.445221e-01
  275 2.455455e-01
  276 2.465706e-01
  277 2.475961e-01
  278 2.486221e-01
  279 2.496479e-01
  280 2.506737e-01
  281 2.516989e-01
  282 2.527236e-01
  283 2.537475e-01
  284 2.547707e-01
  285 2.557930e-01
  286 2.568144e-01
  287 2.578347e-01
  288 2.588540e-01
  289 2.598722e-01
  290 2.608893e-01
  291 2.619052e-01
  292 2.629199e-01
  293 2.639333e-01
  294 2.649454e-01
  295 2.659562e-01
  296 2.669657e-01
  297 2.679738e-01
  298 2.689804e-01
  299 2.699855e-01
  300 2.709892e-01
  301 2.719913e-01
  302 2.729919e-01
  303 2.739908e-01
  304 2.749881e-01
  305 2.759838e-01
  306 2.769777e-01
  307 2.779698e-01
  308 2.789602e-01
  309 2.799487e-01
  310 2.809354e-01
  311 2.819201e-01
  312 2.829030e-01
  313 2.838838e-01
  314 2.848626e-01
  315 2.858394e-01
  316 2.868140e-01
  317 2.877865e-01
  318 2.887569e-01
  319 2.897250e-01
  320 2.906909e-01
  321 2.916545e-01
  322 2.926157e-01
  323 2.935746e-01
  324 2.945310e-01
  325 2.954850e-01
  326 2.964365e-01
  327 2.973854e-01
  328 2.983318e-01
  329 2.992756e-01
  330 3.002167e-01
  331 3.011551e-01
  332 3.020907e-01
  333 3.030236e-01
  334 3.039537e-01
  335 3.048808e-01
  336 3.058051e-01
  337 3.067264e-01
  338 3.076448e-01
  339 3.085601e-01
  340 3.094723e-01
  341 3.103814e-01
  342 3.112874e-01
  343 3.121901e-01
  344 3.130896e-01
  345 3.139858e-01
  346 3.148787e-01
  347 3.157682e-01
  348 3.166543e-01
  349 3.175369e-01
  350 3.184160e-01
  351 3.192916e-01
  352 3.201636e-01
  353 3.210320e-01
  354 3.218966e-01
  355 3.227576e-01
  356 3.236148e-01
  357 3.244682e-01
  358 3.253177e-01
  359 3.261633e-01
  360 3.270050e-01
  361 3.278427e-01
  362 3.286763e-01
  363 3.295059e-01
  364 3.303313e-01
  365 3.311526e-01
  366 3.319697e-01
  367 3.327825e-01
  368 3.335910e-01
  369 3.343951e-01
  370 3.351949e-01
  371 3.359902e-01
  372 3.367810e-01
  373 3.375672e-01
  374 3.383489e-01
  375 3.391260e-01
  376 3.398984e-01
  377 3.406660e-01
  378 3.414289e-01
  379 3.421870e-01
  380 3.429402e-01
  381 3.436885e-01
  382 3.444318e-01
  383 3.451701e-01
  384 3.459034e-01
  385 3.466316e-01
  386 3.473546e-01
  387 3.480724e-01
  388 3.487849e-01
  389 3.494922e-01
  390 3.501941e-01
  391 3.527106e-01
  392 3.541897e-01
  393 3.556648e-01
  394 3.569173e-01
  395 3.581460e-01
  396 3.592515e-01
  397 3.603352e-01
  398 3.613498e-01
  399 3.623474e-01
  400 3.718058e-01
  401 3.705503e-01
  402 3.717110e-01
  403 3.728180e-01
  404 3.739468e-01
  405 3.750451e-01
  406 3.761524e-01
  407 3.772428e-01
  408 3.783360e-01
  409 3.794193e-01
  410 3.805024e-01
  411 3.815791e-01
  412 3.826542e-01
  413 3.837246e-01
  414 3.847926e-01
  415 3.858566e-01
  416 3.869179e-01
  417 3.879757e-01
  418 3.890304e-01
  419 3.900816e-01
  420 3.911296e-01
  421 3.921741e-01
  422 3.932153e-01
  423 3.942530e-01
  424 3.952871e-01
  425 3.963176e-01
  426 3.973445e-01
  427 3.983676e-01
  428 3.993870e-01
  429 4.004026e-01
  430 4.014142e-01
  431 4.024220e-01
  432 4.034257e-01
  433 4.044254e-01
  434 4.054210e-01
  435 4.064125e-01
  436 4.073997e-01
  437 4.083827e-01
  438 4.093613e-01
  439 4.103356e-01
  440 4.113055e-01
  441 4.034260e-01
  442 4.121815e-01
  443 4.070618e-01
  444 4.117743e-01
  445 4.096030e-01
  446 4.123138e-01
  447 4.116088e-01
  448 4.133274e-01
  449 4.133501e-01
  450 4.145751e-01
  451 4.149573e-01
  452 4.159349e-01
  453 4.164925e-01
  454 4.173439e-01
  455 4.179848e-01
  456 4.187694e-01
  457 4.194473e-01
  458 4.201942e-01
  459 4.208859e-01
  460 4.216094e-01
  461 4.223029e-01
  462 4.230098e-01
  463 4.236992e-01
  464 4.243927e-01
  465 4.250749e-01
  466 4.257565e-01
  467 4.264298e-01
  468 4.271003e-01
  469 4.277639e-01
  470 4.284235e-01
  471 4.290769e-01
  472 4.297257e-01
  473 4.303686e-01
  474 4.310065e-01
  475 4.316389e-01
  476 4.322659e-01
  477 4.328874e-01
  478 4.335035e-01
  479 4.341141e-01
  480 4.347192e-01
  481 4.353187e-01
  482 4.359126e-01
  483 4.365010e-01
  484 4.370837e-01
  485 4.376608e-01
  486 4.382321e-01
  487 4.387978e-01
  488 4.393577e-01
  489 4.399119e-01
  490 4.404602e-01
  491 4.410027e-01
  492 4.415393e-01
  493 4.420700e-01
  494 4.425948e-01
  495 4.431136e-01
  496 4.436264e-01
  497 4.441331e-01
  498 4.446337e-01
  499 4.451282e-01
  500 4.456166e-01
  501 4.460987e-01
  502 4.465747e-01
  503 4.470443e-01
  504 4.475076e-01
  505 4.479646e-01
  506 4.484152e-01
  507 4.488593e-01
  508 4.492970e-01
  509 4.497282e-01
  510 4.501528e-01
  511 4.505708e-01
  512 4.509821e-01
  513 4.513868e-01
  514 4.517847e-01
  515 4.521759e-01
  516 4.525603e-01
  517 4.529378e-01
  518 4.533084e-01
  519 4.536721e-01
  520 4.540288e-01
  521 4.543785e-01
  522 4.547211e-01
  523 4.550565e-01
  524 4.553849e-01
  525 4.557060e-01
  526 4.560198e-01
  527 4.563264e-01
  528 4.566256e-01
  529 4.569174e-01
  530 4.572018e-01
  531 4.574787e-01
  532 4.577481e-01
  533 4.580099e-01
  534 4.582641e-01
  535 4.585106e-01
  536 4.587494e-01
  537 4.589804e-01
  538 4.592036e-01
  539 4.594190e-01
  540 4.596265e-01
  541 4.598260e-01
  542 4.600175e-01
  543 4.602009e-01
  544 4.603763e-01
  545 4.605435e-01
  546 4.607025e-01
  547 4.608533e-01
  548 4.609958e-01
  549 4.611299e-01
  550 4.612557e-01
  551 4.613730e-01
  552 4.614818e-01
  553 4.615820e-01
  554 4.616737e-01
  555 4.617567e-01
  556 4.618311e-01
  557 4.618966e-01
  558 4.619534e-01
  559 4.620014e-01
  560 4.620404e-01
  561 4.620705e-01
  562 4.620917e-01
  563 4.621037e-01
  564 4.621067e-01
  565 4.621005e-01
  566 4.620850e-01
  567 4.620604e-01
  568 4.620264e-01
  569 4.619831e-01
  570 4.619303e-01
  571 4.618681e-01
  572 4.617963e-01
  573 4.617150e-01
  574 4.616241e-01
  575 4.615234e-01
  576 4.614131e-01
  577 4.612929e-01
  578 4.611629e-01
  579 4.610230e-01
  580 4.608732e-01
  581 4.607134e-01
  582 4.605435e-01
  583 4.603635e-01
  584 4.601733e-01
  585 4.599729e-01
  586 4.597623e-01
  587 4.595413e-01
  588 4.593099e-01
  589 4.590681e-01
  590 4.588158e-01
  591 4.585529e-01
  592 4.582795e-01
  593 4.579954e-01
  594 4.577005e-01
  595 4.573949e-01
  596 4.570785e-01
  597 4.567512e-01
  598 4.564129e-01
  599 4.560636e-01
  600 4.705783e-01
  601 4.663547e-01
  602 4.663882e-01
  603 4.663326e-01
  604 4.663280e-01
  605 4.662705e-01
  606 4.662328e-01
  607 4.661633e-01
  608 4.660981e-01
  609 4.660114e-01
  610 4.659212e-01
  611 4.658146e-01
  612 4.657005e-01
  613 4.655726e-01
  614 4.654351e-01
  615 4.652849e-01
  616 4.651241e-01
  617 4.649512e-01
  618 4.647670e-01
  619 4.645709e-01
  620 4.643633e-01
  621 4.641437e-01
  622 4.639124e-01
  623 4.636692e-01
  624 4.634140e-01
  625 4.631468e-01
  626 4.628675e-01
  627 4.625761e-01
  628 4.622725e-01
  629 4.619567e-01
  630 4.616286e-01
  631 4.612881e-01
  632 4.609352e-01
  633 4.605698e-01
  634 4.601919e-01
  635 4.598014e-01
  636 4.593982e-01
  637 4.589823e-01
  638 4.585537e-01
  639 4.581122e-01
  640 4.576578e-01
  641 4.571904e-01
  642 4.567101e-01
  643 4.562166e-01
  644 4.557100e-01
  645 4.551901e-01
  646 4.546570e-01
  647 4.541106e-01
  648 4.535507e-01
  649 4.529774e-01
  650 4.523906e-01
  651 4.517901e-01
  652 4.511760e-01
  653 4.505481e-01
  654 4.499065e-01
  655 4.492510e-01
  656 4.485816e-01
  657 4.478982e-01
  658 4.472008e-01
  659 4.464892e-01
  660 4.457634e-01
  661 4.302821e-01
  662 4.425189e-01
  663 4.316235e-01
  664 4.371084e-01
  665 4.311136e-01
  666 4.332492e-01
  667 4.296848e-01
  668 4.301532e-01
  669 4.277886e-01
  670 4.274212e-01
  671 4.256425e-01
  672 4.248496e-01
  673 4.233501e-01
  674 4.223338e-01
  675 4.209601e-01
  676 4.198195e-01
  677 4.184947e-01
  678 4.172785e-01
  679 4.159637e-01
  680 4.146955e-01
  681 4.133711e-01
  682 4.120625e-01
  683 4.107186e-01
  684 4.093751e-01
  685 4.080065e-01
  686 4.066307e-01
  687 4.052349e-01
  688 4.038280e-01
  689 4.024037e-01
  690 4.009662e-01
  691 3.995126e-01
  692 3.980449e-01
  693 3.965615e-01
  694 3.950636e-01
  695 3.935504e-01
  696 3.920223e-01
  697 3.904790e-01
  698 3.889206e-01
  699 3.873472e-01
  700 3.857586e-01
  701 3.841548e-01
  702 3.825360e-01
  703 3.809019e-01
  704 3.792526e-01
  705 3.775881e-01
  706 3.759083e-01
  707 3.742133e-01
  708 3.725029e-01
  709 3.707773e-01
  710 3.690362e-01
  711 3.672798e-01
  712 3.655080e-01
  713 3.637208e-01
  714 3.619181e-01
  715 3.600999e-01
  716 3.582662e-01
  717 3.564169e-01
  718 3.545521e-01
  719 3.526716e-01
  720 3.507754e-01
  721 3.488636e-01
  722 3.469360e-01
  723 3.449927e-01
  724 3.430336e-01
  725 3.410587e-01
  726 3.390679e-01
  727 3.370613e-01
  728 3.350386e-01
  729 3.330001e-01
  730 3.309455e-01
  731 3.288748e-01
  732 3.267881e-01
  733 3.246853e-01
  734 3.225663e-01
  735 3.204311e-01
  736 3.182797e-01
  737 3.161120e-01
  738 3.139280e-01
  739 3.117277e-01
  740 3.095109e-01
  741 3.072778e-01
  742 3.050282e-01
  743 3.027621e-01
  744 3.004794e-01
  745 2.981802e-01
  746 2.958644e-01
  747 2.935319e-01
  748 2.911827e-01
  749 2.888168e-01
  750 2.864341e-01
  751 2.840346e-01
  752 2.816183e-01
  753 2.791850e-01
  754 2.767349e-01
  755 2.742677e-01
  756 2.717836e-01
  757 2.692824e-01
  758 2.667641e-01
  759 2.642287e-01
  760 2.616762e-01
  761 2.591064e-01
  762 2.565194e-01
  763 2.539152e-01
  764 2.512936e-01
  765 2.486546e-01
  766 2.459983e-01
  767 2.433245e-01
  768 2.406332e-01
  769 2.379244e-01
  770 2.351981e-01
  771 2.324542e-01
  772 2.296927e-01
  773 2.269135e-01
  774 2.241165e-01
  775 2.213019e-01
  776 2.184694e-01
  777 2.156192e-01
  778 2.127510e-01
  779 2.098650e-01
  780 2.069611e-01
  781 2.040391e-01
  782 2.010992e-01
  783 1.981412e-01
  784 1.951651e-01
  785 1.921709e-01
  786 1.891586e-01
  787 1.861280e-01
  788 1.830792e-01
  789 1.800121e-01
  790 1.769268e-01
  791 1.738230e-01
  792 1.707009e-01
  793 1.675604e-01
  794 1.644014e-01
  795 1.612239e-01
  796 1.580279e-01
  797 1.548133e-01
  798 1.515801e-01
  799 1.483283e-01
  800 1.450578e-01
