    1     0
    2     0
    3     0
    4     0
    5     0
    6     0
    7     0
    8     0
    9     0
   10     0
   11     0
   12 9.037500e-01
   13 -2.551948e-01
   14 4.228273e-01
   15 3.244851e-02
   16 2.639842e-01
   17 1.339496e-01
   18 2.144455e-01
   19 1.725826e-01
   20 2.019906e-01
   21 1.899912e-01
   22 2.021173e-01
   23 2.002278e-01
   24 2.065011e-01
   25 2.080259e-01
   26 2.123076e-01
   27 2.149752e-01
   28 2.185685e-01
   29 2.216076e-01
   30 2.249517e-01
   31 2.280999e-01
   32 2.313428e-01
   33 2.345109e-01
   34 2.377024e-01
   35 2.408601e-01
   36 2.440173e-01
   37 2.471547e-01
   38 2.502836e-01
   39 2.533976e-01
   40 2.565006e-01
   41 2.595906e-01
   42 2.626690e-01
   43 2.657353e-01
   44 2.687900e-01
   45 2.718332e-01
   46 2.748650e-01
   47 2.778857e-01
   48 2.808954e-01
   49 2.838943e-01
   50 2.868826e-01
   51 2.898604e-01
   52 2.928280e-01
   53 2.957854e-01
   54 2.987329e-01
   55 3.016706e-01
   56 3.045986e-01
   57 3.075172e-01
   58 3.104265e-01
   59 3.133266e-01
   60 3.162176e-01
   61 3.190998e-01
   62 3.219732e-01
   63 3.248380e-01
   64 3.276943e-01
   65 3.305423e-01
   66 3.333819e-01
   67 3.362135e-01
   68 3.390371e-01
   69 3.418527e-01
   70 3.446606e-01
   71 3.474608e-01
   72 3.502534e-01
   73 3.530385e-01
   74 3.558162e-01
   75 3.585867e-01
   76 3.613499e-01
   77 3.641060e-01
   78 3.668551e-01
   79 3.695972e-01
   80 3.723324e-01
   81 3.750609e-01
   82 3.777826e-01
   83 3.804976e-01
   84 3.832061e-01
   85 3.859081e-01
   86 3.886035e-01
   87 3.912926e-01
   88 3.939754e-01
   89 3.966518e-01
   90 3.993220e-01
   91 4.019861e-01
   92 4.046440e-01
   93 4.072958e-01
   94 4.099416e-01
   95 4.125814e-01
   96 4.152153e-01
   97 4.178432e-01
   98 4.204653e-01
   99 4.230815e-01
  100 4.256920e-01
  101 4.282966e-01
  102 4.308956e-01
  103 4.334888e-01
  104 4.360763e-01
  105 4.386582e-01
  106 4.412345e-01
  107 4.438052e-01
  108 4.463703e-01
  109 4.489298e-01
  110 4.514838e-01
  111 4.540323e-01
  112 4.565753e-01
  113 4.591128e-01
  114 4.616449e-01
  115 4.641715e-01
  116 4.666926e-01
  117 4.692083e-01
  118 4.717186e-01
  119 4.742235e-01
  120 4.767230e-01
  121 4.792171e-01
  122 4.817058e-01
  123 4.841892e-01
  124 4.866671e-01
  125 4.891397e-01
  126 4.916069e-01
  127 4.940687e-01
  128 4.965251e-01
  129 4.989762e-01
  130 5.014219e-01
  131 4.924850e-01
  132 4.992763e-01
  133 4.967016e-01
  134 4.996313e-01
  135 4.994008e-01
  136 5.010423e-01
  137 5.016213e-01
  138 5.028396e-01
  139 5.037029e-01
  140 5.047860e-01
  141 5.057517e-01
  142 5.067937e-01
  143 5.077974e-01
  144 5.088278e-01
  145 5.098455e-01
  146 5.108723e-01
  147 5.118943e-01
  148 5.129186e-01
  149 5.139402e-01
  150 5.149612e-01
  151 5.159798e-01
  152 5.169963e-01
  153 5.180100e-01
  154 5.190207e-01
  155 5.200280e-01
  156 5.210317e-01
  157 5.220316e-01
  158 5.230273e-01
  159 5.240187e-01
  160 5.250055e-01
  161 5.259876e-01
  162 5.269647e-01
  163 5.279368e-01
  164 5.289036e-01
  165 5.298650e-01
  166 5.308209e-01
  167 5.317711e-01
  168 5.327155e-01
  169 5.336540e-01
  170 5.345865e-01
  171 5.355128e-01
  172 5.364330e-01
  173 5.373468e-01
  174 5.382542e-01
  175 5.391551e-01
  176 5.400495e-01
  177 5.409373e-01
  178 5.418183e-01
  179 5.426926e-01
  180 5.435601e-01
  181 5.444206e-01
  182 5.452743e-01
  183 5.461209e-01
  184 5.469605e-01
  185 5.477930e-01
  186 5.486183e-01
  187 5.494365e-01
  188 5.502475e-01
  189 5.510511e-01
  190 5.518475e-01
  191 5.526366e-01
  192 5.534182e-01
  193 5.541925e-01
  194 5.549593e-01
  195 5.557186e-01
  196 5.564704e-01
  197 5.572147e-01
  198 5.579514e-01
  199 5.586805e-01
  200 5.594020e-01
  201 5.664582e-01
  202 5.633381e-01
  203 5.674541e-01
  204 5.673420e-01
  205 5.696726e-01
  206 5.705669e-01
  207 5.722832e-01
  208 5.735090e-01
  209 5.750090e-01
  210 5.763392e-01
  211 5.777587e-01
  212 5.791174e-01
  213 5.805031e-01
  214 5.818651e-01
  215 5.832335e-01
  216 5.845912e-01
  217 5.859483e-01
  218 5.872993e-01
  219 5.886477e-01
  220 -9.162584e-01
  221 1.026106e+00
  222 -1.041150e-01
  223 5.510644e-01
  224 1.668640e-01
  225 3.868602e-01
  226 2.549830e-01
  227 3.275511e-01
  228 2.809810e-01
  229 3.035802e-01
  230 2.858347e-01
  231 2.914870e-01
  232 2.834749e-01
  233 2.833769e-01
  234 2.786513e-01
  235 2.766039e-01
  236 2.729913e-01
  237 2.702873e-01
  238 2.670565e-01
  239 2.641371e-01
  240 2.610436e-01
  241 2.580599e-01
  242 2.550222e-01
  243 2.520267e-01
  244 2.490179e-01
  245 2.460285e-01
  246 2.430398e-01
  247 2.400628e-01
  248 2.370911e-01
  249 2.341284e-01
  250 2.311724e-01
  251 2.282243e-01
  252 2.252832e-01
  253 2.223494e-01
  254 2.194225e-01
  255 2.165023e-01
  256 2.135887e-01
  257 2.106815e-01
  258 2.077804e-01
  259 2.048853e-01
  260 2.019959e-01
  261 1.945611e-01
  262 1.934249e-01
  263 1.885496e-01
  264 1.858829e-01
  265 1.819589e-01
  266 1.787902e-01
  267 1.752027e-01
  268 1.718770e-01
  269 1.684151e-01
  270 1.650467e-01
  271 1.616366e-01
  272 1.582623e-01
  273 1.548775e-01
  274 1.515081e-01
  275 1.481381e-01
  276 1.447760e-01
  277 1.414161e-01
  278 1.380609e-01
  279 1.347083e-01
  280 1.313589e-01
  281 1.280117e-01
  282 1.246668e-01
  283 1.213236e-01
  284 1.179819e-01
  285 1.146413e-01
  286 1.113016e-01
  287 1.079624e-01
  288 1.046236e-01
  289 1.012847e-01
  290 9.794563e-02
  291 9.460607e-02
  292 9.126579e-02
  293 8.792456e-02
  294 8.458216e-02
  295 8.123837e-02
  296 7.789297e-02
  297 7.454577e-02
  298 7.119655e-02
  299 6.784513e-02
  300 6.449132e-02
  301 6.113494e-02
  302 5.777580e-02
  303 5.441372e-02
  304 5.104855e-02
  305 4.768011e-02
  306 4.430825e-02
  307 4.093280e-02
  308 3.755361e-02
  309 3.417053e-02
  310 3.078341e-02
  311 2.739211e-02
  312 2.399649e-02
  313 2.059642e-02
  314 1.719175e-02
  315 1.378236e-02
  316 1.036812e-02
  317 6.948899e-03
  318 3.524582e-03
  319 9.504546e-05
  320 -3.339828e-03
  321 -6.780154e-03
  322 -1.022604e-02
  323 -1.367761e-02
  324 -1.713496e-02
  325 -2.059820e-02
  326 -2.406744e-02
  327 -2.754277e-02
  328 -3.102430e-02
  329 -3.451212e-02
  330 -3.800633e-02
  331 -4.150703e-02
  332 -4.501431e-02
  333 -4.852826e-02
  334 -5.204896e-02
  335 -5.557651e-02
  336 -5.911100e-02
  337 -6.265250e-02
  338 -6.620110e-02
  339 -6.975688e-02
  340 -7.331992e-02
  341 -7.689030e-02
  342 -8.046810e-02
  343 -8.405340e-02
  344 -8.764626e-02
  345 -9.124676e-02
  346 -9.485498e-02
  347 -9.847098e-02
  348 -1.020948e-01
  349 -1.057266e-01
  350 -1.093664e-01
  351 -1.130142e-01
  352 -1.166702e-01
  353 -1.203343e-01
  354 -1.240067e-01
  355 -1.276874e-01
  356 -1.313764e-01
  357 -1.350739e-01
  358 -1.387799e-01
  359 -1.424945e-01
  360 -1.462176e-01
  361 -1.499494e-01
  362 -1.536900e-01
  363 -1.574393e-01
  364 -1.611974e-01
  365 -1.649644e-01
  366 -1.687403e-01
  367 -1.725253e-01
  368 -1.763192e-01
  369 -1.801223e-01
  370 -1.839345e-01
  371 -1.877558e-01
  372 -1.915864e-01
  373 -1.954262e-01
  374 -1.992754e-01
  375 -2.031340e-01
  376 -2.070019e-01
  377 -2.108793e-01
  378 -2.147662e-01
  379 -2.186627e-01
  380 -2.225687e-01
  381 -2.264843e-01
  382 -2.304097e-01
  383 -2.343447e-01
  384 -2.382894e-01
  385 -2.422440e-01
  386 -2.462083e-01
  387 -2.501825e-01
  388 -2.541666e-01
  389 -2.581607e-01
  390 -2.621647e-01
  391 -2.548015e-01
  392 -2.631819e-01
  393 -2.622117e-01
  394 -2.667614e-01
  395 -2.681665e-01
  396 -2.714591e-01
  397 -2.737048e-01
  398 -2.766056e-01
  399 -2.791669e-01
  400 -2.819638e-01
  401 -2.871959e-01
  402 -2.884529e-01
  403 -2.925848e-01
  404 -2.950711e-01
  405 -2.985409e-01
  406 -3.014642e-01
  407 -3.047308e-01
  408 -3.078226e-01
  409 -3.110407e-01
  410 -3.142095e-01
  411 -3.174309e-01
  412 -3.206453e-01
  413 -3.238871e-01
  414 -3.271359e-01
  415 -3.304034e-01
  416 -3.336827e-01
  417 -3.369774e-01
  418 -3.402853e-01
  419 -3.436075e-01
  420 -3.469432e-01
  421 -3.502928e-01
  422 -3.536558e-01
  423 -3.570324e-01
  424 -3.604224e-01
  425 -3.638259e-01
  426 -3.672426e-01
  427 -3.706727e-01
  428 -3.741160e-01
  429 -3.775726e-01
  430 -3.810423e-01
  431 -3.845252e-01
  432 -3.880212e-01
  433 -3.915303e-01
  434 -3.950526e-01
  435 -3.985879e-01
  436 -4.021363e-01
  437 -4.056977e-01
  438 -4.092723e-01
  439 -4.128599e-01
  440 4.872895e-01
  441 -6.809382e-01
  442 -5.630295e-03
  443 -4.015774e-01
  444 -1.739118e-01
  445 -3.087790e-01
  446 -2.325372e-01
  447 -2.789774e-01
  448 -2.539496e-01
  449 -2.704382e-01
  450 -2.627348e-01
  451 -2.690849e-01
  452 -2.672512e-01
  453 -2.701808e-01
  454 -2.703486e-01
  455 -2.721381e-01
  456 -2.730032e-01
  457 -2.744283e-01
  458 -2.755522e-01
  459 -2.768777e-01
  460 -2.781136e-01
  461 -2.794303e-01
  462 -2.807294e-01
  463 -2.820687e-01
  464 -2.834150e-01
  465 -2.847878e-01
  466 -2.861760e-01
  467 -2.875863e-01
  468 -2.890147e-01
  469 -2.904635e-01
  470 -2.919315e-01
  471 -2.934193e-01
  472 -2.949264e-01
  473 -2.964531e-01
  474 -2.979992e-01
  475 -2.995645e-01
  476 -3.011490e-01
  477 -3.027527e-01
  478 -3.043755e-01
  479 -3.060172e-01
  480 -3.076777e-01
  481 -3.093570e-01
  482 -3.110550e-01
  483 -3.127715e-01
  484 -3.145065e-01
  485 -3.162598e-01
  486 -3.180315e-01
  487 -3.198213e-01
  488 -3.216291e-01
  489 -3.234550e-01
  490 -3.252987e-01
  491 -3.271603e-01
  492 -3.290395e-01
  493 -3.309363e-01
  494 -3.328506e-01
  495 -3.347824e-01
  496 -3.367315e-01
  497 -3.386978e-01
  498 -3.406814e-01
  499 -3.426820e-01
  500 -3.446996e-01
  501 -3.467341e-01
  502 -3.487855e-01
  503 -3.508536e-01
  504 -3.529385e-01
  505 -3.550400e-01
  506 -3.571580e-01
  507 -3.592925e-01
  508 -3.614434e-01
  509 -3.636107e-01
  510 -3.657942e-01
  511 -3.679940e-01
  512 -3.702099e-01
  513 -3.724420e-01
  514 -3.746900e-01
  515 -3.769541e-01
  516 -3.792340e-01
  517 -3.815299e-01
  518 -3.838415e-01
  519 -3.861690e-01
  520 -3.885121e-01
  521 -3.908709e-01
  522 -3.932453e-01
  523 -3.956353e-01
  524 -3.980408e-01
  525 -4.004618e-01
  526 -4.028982e-01
  527 -4.053500e-01
  528 -4.078171e-01
  529 -4.102996e-01
  530 -4.127973e-01
  531 -4.153103e-01
  532 -4.178385e-01
  533 -4.203818e-01
  534 -4.229403e-01
  535 -4.255138e-01
  536 -4.281024e-01
  537 -4.307060e-01
  538 -4.333246e-01
  539 -4.359582e-01
  540 -4.386067e-01
  541 -4.412702e-01
  542 -4.439485e-01
  543 -4.466416e-01
  544 -4.493496e-01
  545 -4.520723e-01
  546 -4.548099e-01
  547 -4.575622e-01
  548 -4.603292e-01
  549 -4.631109e-01
  550 -4.659073e-01
  551 -4.687183e-01
  552 -4.715440e-01
  553 -4.743843e-01
  554 -4.772392e-01
  555 -4.801087e-01
  556 -4.829927e-01
  557 -4.858913e-01
  558 -4.888044e-01
  559 -4.917320e-01
  560 -4.946741e-01
  561 -4.976307e-01
  562 -5.006018e-01
  563 -5.035873e-01
  564 -5.065872e-01
  565 -5.096015e-01
  566 -5.126303e-01
  567 -5.156734e-01
  568 -5.187309e-01
  569 -5.218028e-01
  570 -5.248891e-01
  571 -5.279897e-01
  572 -5.311046e-01
  573 -5.342338e-01
  574 -5.373774e-01
  575 -5.405353e-01
  576 -5.437075e-01
  577 -5.468940e-01
  578 -5.500947e-01
  579 -5.533097e-01
  580 -5.565390e-01
  581 -5.597826e-01
  582 -5.630404e-01
  583 -5.663124e-01
  584 -5.695987e-01
  585 -5.728993e-01
  586 -5.762140e-01
  587 -5.795430e-01
  588 -5.828862e-01
  589 -5.862436e-01
  590 -5.896152e-01
  591 -5.930010e-01
  592 -5.964011e-01
  593 -5.998153e-01
  594 -6.032437e-01
  595 -6.066863e-01
  596 -6.101431e-01
  597 -6.136141e-01
  598 -6.170993e-01
  599 -6.205986e-01
  600 -6.241121e-01
  601 -6.320795e-01
  602 -6.329429e-01
  603 -6.388913e-01
  604 -6.418994e-01
  605 -6.466371e-01
  606 -6.503890e-01
  607 -6.547359e-01
  608 -6.587591e-01
  609 -6.629939e-01
  610 -6.671295e-01
  611 -6.713472e-01
  612 -6.755421e-01
  613 -6.797756e-01
  614 -6.840123e-01
  615 -6.882732e-01
  616 -6.925463e-01
  617 -6.968388e-01
  618 -7.011468e-01
  619 -7.054727e-01
  620 -7.098154e-01
  621 -7.141757e-01
  622 -7.185533e-01
  623 -7.229485e-01
  624 -7.273613e-01
  625 -7.317918e-01
  626 -7.362400e-01
  627 -7.407062e-01
  628 -7.451902e-01
  629 -7.496922e-01
  630 -7.542123e-01
  631 -7.587504e-01
  632 -7.633067e-01
  633 -7.678812e-01
  634 -7.724740e-01
  635 -7.770850e-01
  636 -7.817144e-01
  637 -7.863621e-01
  638 -7.910282e-01
  639 -7.957127e-01
  640 -8.004158e-01
  641 -8.051373e-01
  642 -8.098774e-01
  643 -8.146360e-01
  644 -8.194132e-01
  645 -8.242090e-01
  646 -8.290234e-01
  647 -8.338565e-01
  648 -8.387083e-01
  649 -8.435788e-01
  650 -8.484680e-01
  651 -8.533760e-01
  652 -8.583027e-01
  653 -8.632482e-01
  654 -8.682124e-01
  655 -8.731955e-01
  656 -8.781974e-01
  657 -8.832182e-01
  658 -8.882577e-01
  659 -8.933162e-01
  660 6.078564e-01
  661 -1.338263e+00
  662 -2.118203e-01
  663 -8.707998e-01
  664 -4.904218e-01
  665 -7.142623e-01
  666 -5.862514e-01
  667 -6.627079e-01
  668 -6.200479e-01
  669 -6.465790e-01
  670 -6.327872e-01
  671 -6.424149e-01
  672 -6.383999e-01
  673 -6.423205e-01
  674 -6.416353e-01
  675 -6.436497e-01
  676 -6.441204e-01
  677 -6.455213e-01
  678 -6.464170e-01
  679 -6.476454e-01
  680 -6.487213e-01
  681 -6.499285e-01
  682 -6.511030e-01
  683 -6.523412e-01
  684 -6.535876e-01
  685 -6.548748e-01
  686 -6.561842e-01
  687 -6.575266e-01
  688 -6.588959e-01
  689 -6.602955e-01
  690 -6.617234e-01
  691 -6.631806e-01
  692 -6.646663e-01
  693 -6.661807e-01
  694 -6.677236e-01
  695 -6.692947e-01
  696 -6.708939e-01
  697 -6.725211e-01
  698 -6.741759e-01
  699 -6.758582e-01
  700 -6.775679e-01
  701 -6.793047e-01
  702 -6.810683e-01
  703 -6.828586e-01
  704 -6.846754e-01
  705 -6.865184e-01
  706 -6.883875e-01
  707 -6.902824e-01
  708 -6.922030e-01
  709 -6.941489e-01
  710 -6.961201e-01
  711 -6.981162e-01
  712 -7.001372e-01
  713 -7.021828e-01
  714 -7.042528e-01
  715 -7.063470e-01
  716 -7.084652e-01
  717 -7.106073e-01
  718 -7.127730e-01
  719 -7.149622e-01
  720 -7.171747e-01
  721 -7.194103e-01
  722 -7.216688e-01
  723 -7.239500e-01
  724 -7.262539e-01
  725 -7.285802e-01
  726 -7.309287e-01
  727 -7.332993e-01
  728 -7.356919e-01
  729 -7.381063e-01
  730 -7.405423e-01
  731 -7.429998e-01
  732 -7.454786e-01
  733 -7.479787e-01
  734 -7.504997e-01
  735 -7.530417e-01
  736 -7.556045e-01
  737 -7.581879e-01
  738 -7.607919e-01
  739 -7.634162e-01
  740 -7.660608e-01
  741 -7.687255e-01
  742 -7.714103e-01
  743 -7.741149e-01
  744 -7.768394e-01
  745 -7.795834e-01
  746 -7.823471e-01
  747 -7.851302e-01
  748 -7.879326e-01
  749 -7.907542e-01
  750 -7.935950e-01
  751 -7.964548e-01
  752 -7.993335e-01
  753 -8.022310e-01
  754 -8.051473e-01
  755 -8.080822e-01
  756 -8.110356e-01
  757 -8.140075e-01
  758 -8.169977e-01
  759 -8.200062e-01
  760 -8.230329e-01
  761 -8.260777e-01
  762 -8.291405e-01
  763 -8.322212e-01
  764 -8.353198e-01
  765 -8.384362e-01
  766 -8.415702e-01
  767 -8.447219e-01
  768 -8.478911e-01
  769 -8.510778e-01
  770 -8.542819e-01
  771 -8.575034e-01
  772 -8.607421e-01
  773 -8.639980e-01
  774 -8.672710e-01
  775 -8.705611e-01
  776 -8.738682e-01
  777 -8.771922e-01
  778 -8.805331e-01
  779 -8.838908e-01
  780 -8.872653e-01
  781 -8.906564e-01
  782 -8.940642e-01
  783 -8.974886e-01
  784 -9.009295e-01
  785 -9.043869e-01
  786 -9.078607e-01
  787 -9.113509e-01
  788 -9.148573e-01
  789 -9.183801e-01
  790 -9.219190e-01
  791 -9.254742e-01
  792 -9.290454e-01
  793 -9.326327e-01
  794 -9.362360e-01
  795 -9.398553e-01
  796 -9.434906e-01
  797 -9.471417e-01
  798 -9.508087e-01
  799 -9.544914e-01
  800 -9.581900e-01
