    1     0
    2     0
    3     0
    4     0
    5     0
    6     0
    7     0
    8     0
    9     0
   10     0
   11     0
   12 7.464000e-03
   13 1.010826e-02
   14 5.287815e-04
   15 -2.904915e-04
   16 -5.751251e-03
   17 -8.550876e-03
   18 -1.268166e-02
   19 -1.594861e-02
   20 -1.954522e-02
   21 -2.280907e-02
   22 -2.609388e-02
   23 -2.919671e-02
   24 -3.221943e-02
   25 -3.509713e-02
   26 -3.785657e-02
   27 -4.047481e-02
   28 -4.295682e-02
   29 -4.529312e-02
   30 -4.748309e-02
   31 -4.952230e-02
   32 -5.140954e-02
   33 -5.314302e-02
   34 -5.472248e-02
   35 -5.614805e-02
   36 -5.742087e-02
   37 -5.854273e-02
   38 -5.951627e-02
   39 -6.034480e-02
   40 -6.103235e-02
   41 -6.158358e-02
   42 -6.200380e-02
   43 -6.229884e-02
   44 -6.247508e-02
   45 -6.253934e-02
   46 -6.249885e-02
   47 -6.236121e-02
   48 -6.213430e-02
   49 -6.182623e-02
   50 -6.144533e-02
   51 -6.100003e-02
   52 -6.049885e-02
   53 -5.995033e-02
   54 -5.936299e-02
   55 -5.874526e-02
   56 -5.810546e-02
   57 -5.745174e-02
   58 -5.679203e-02
   59 -5.613403e-02
   60 -5.548515e-02
   61 -5.485247e-02
   62 -5.424274e-02
   63 -5.366231e-02
   64 -5.311717e-02
   65 -5.261285e-02
   66 -5.215447e-02
   67 -5.174669e-02
   68 -5.139372e-02
   69 -5.109927e-02
   70 -5.086662e-02
   71 -5.069853e-02
   72 -5.059732e-02
   73 -5.056483e-02
   74 -5.060243e-02
   75 -5.071104e-02
   76 -5.089114e-02
   77 -5.114278e-02
   78 -5.146559e-02
   79 -5.185881e-02
   80 -5.232131e-02
   81 -5.285159e-02
   82 -5.344782e-02
   83 -5.410788e-02
   84 -5.482935e-02
   85 -5.560954e-02
   86 -5.644553e-02
   87 -5.733421e-02
   88 -5.827227e-02
   89 -5.925624e-02
   90 -6.028255e-02
   91 -6.134749e-02
   92 -6.244729e-02
   93 -6.357815e-02
   94 -6.473620e-02
   95 -6.591759e-02
   96 -6.711851e-02
   97 -6.833516e-02
   98 -6.956382e-02
   99 -7.080084e-02
  100 -7.204270e-02
  101 -7.328596e-02
  102 -7.452736e-02
  103 -7.576374e-02
  104 -7.699216e-02
  105 -7.820980e-02
  106 -7.941406e-02
  107 -8.060252e-02
  108 -8.177296e-02
  109 -8.292338e-02
  110 -8.405198e-02
  111 -8.515716e-02
  112 -8.623758e-02
  113 -8.729206e-02
  114 -8.831967e-02
  115 -8.931968e-02
  116 -9.029158e-02
  117 -9.123505e-02
  118 -9.214998e-02
  119 -9.303643e-02
  120 -9.389468e-02
  121 -9.472514e-02
  122 -9.552844e-02
  123 -9.630532e-02
  124 -9.705670e-02
  125 -9.778361e-02
  126 -9.848722e-02
  127 -9.916880e-02
  128 -9.982975e-02
  129 -1.004715e-01
  130 -1.010957e-01
  131 -1.084159e-01
  132 -1.008320e-01
  133 -1.028308e-01
  134 -9.960618e-02
  135 -9.926444e-02
  136 -9.738865e-02
  137 -9.641549e-02
  138 -9.502400e-02
  139 -9.394824e-02
  140 -9.279493e-02
  141 -9.178691e-02
  142 -9.080870e-02
  143 -8.992942e-02
  144 -8.911653e-02
  145 -8.839263e-02
  146 -8.774962e-02
  147 -8.719567e-02
  148 -8.672949e-02
  149 -8.635438e-02
  150 -8.607050e-02
  151 -8.587909e-02
  152 -8.578014e-02
  153 -8.577364e-02
  154 -8.585893e-02
  155 -8.603502e-02
  156 -8.630046e-02
  157 -8.665342e-02
  158 -8.709164e-02
  159 -8.761253e-02
  160 -8.821314e-02
  161 -8.889018e-02
  162 -8.964011e-02
  163 -9.045907e-02
  164 -9.134299e-02
  165 -9.228761e-02
  166 -9.328846e-02
  167 -9.434094e-02
  168 -9.544034e-02
  169 -9.658187e-02
  170 -9.776067e-02
  171 -9.897189e-02
  172 -1.002106e-01
  173 -1.014721e-01
  174 -1.027516e-01
  175 -1.040443e-01
  176 -1.053457e-01
  177 -1.066514e-01
  178 -1.079571e-01
  179 -1.092588e-01
  180 -1.105524e-01
  181 -1.118343e-01
  182 -1.131011e-01
  183 -1.143494e-01
  184 -1.155763e-01
  185 -1.167791e-01
  186 -1.179553e-01
  187 -1.191026e-01
  188 -1.202191e-01
  189 -1.213032e-01
  190 -1.223534e-01
  191 -1.233686e-01
  192 -1.243480e-01
  193 -1.252909e-01
  194 -1.261970e-01
  195 -1.270661e-01
  196 -1.278985e-01
  197 -1.286945e-01
  198 -1.294546e-01
  199 -1.301796e-01
  200 -1.391640e-01
  201 -1.399283e-01
  202 -1.408418e-01
  203 -1.417266e-01
  204 -1.425935e-01
  205 -1.434387e-01
  206 -1.442667e-01
  207 -1.450777e-01
  208 -1.458743e-01
  209 -1.466581e-01
  210 -1.474312e-01
  211 -1.481956e-01
  212 -1.489532e-01
  213 -1.497061e-01
  214 -1.504563e-01
  215 -1.512057e-01
  216 -1.519563e-01
  217 -1.527099e-01
  218 -1.534684e-01
  219 -1.542334e-01
  220 -1.550066e-01
  221 -1.488506e-01
  222 -1.468779e-01
  223 -1.435241e-01
  224 -1.411201e-01
  225 -1.383389e-01
  226 -1.358881e-01
  227 -1.333717e-01
  228 -1.310047e-01
  229 -1.286723e-01
  230 -1.264438e-01
  231 -1.242897e-01
  232 -1.222359e-01
  233 -1.202787e-01
  234 -1.184306e-01
  235 -1.166949e-01
  236 -1.150793e-01
  237 -1.135884e-01
  238 -1.122274e-01
  239 -1.110001e-01
  240 -1.099098e-01
  241 -1.089590e-01
  242 -1.081493e-01
  243 -1.074813e-01
  244 -1.069551e-01
  245 -1.065698e-01
  246 -1.063238e-01
  247 -1.062147e-01
  248 -1.062395e-01
  249 -1.063943e-01
  250 -1.066748e-01
  251 -1.070761e-01
  252 -1.075926e-01
  253 -1.082186e-01
  254 -1.089475e-01
  255 -1.097726e-01
  256 -1.106869e-01
  257 -1.116831e-01
  258 -1.127536e-01
  259 -1.138907e-01
  260 -1.150866e-01
  261 -1.190183e-01
  262 -1.170372e-01
  263 -1.189296e-01
  264 -1.187644e-01
  265 -1.197761e-01
  266 -1.201895e-01
  267 -1.209716e-01
  268 -1.215861e-01
  269 -1.223194e-01
  270 -1.230070e-01
  271 -1.237314e-01
  272 -1.244399e-01
  273 -1.251543e-01
  274 -1.258560e-01
  275 -1.265490e-01
  276 -1.272253e-01
  277 -1.278841e-01
  278 -1.285211e-01
  279 -1.291344e-01
  280 -1.297213e-01
  281 -1.302800e-01
  282 -1.308087e-01
  283 -1.313060e-01
  284 -1.317708e-01
  285 -1.322022e-01
  286 -1.325996e-01
  287 -1.329627e-01
  288 -1.332913e-01
  289 -1.335856e-01
  290 -1.338460e-01
  291 -1.340729e-01
  292 -1.342671e-01
  293 -1.344296e-01
  294 -1.345613e-01
  295 -1.346636e-01
  296 -1.347378e-01
  297 -1.347853e-01
  298 -1.348079e-01
  299 -1.348072e-01
  300 -1.347849e-01
  301 -1.347430e-01
  302 -1.346833e-01
  303 -1.346078e-01
  304 -1.345184e-01
  305 -1.344172e-01
  306 -1.343060e-01
  307 -1.341869e-01
  308 -1.340619e-01
  309 -1.339328e-01
  310 -1.338015e-01
  311 -1.336698e-01
  312 -1.335396e-01
  313 -1.334124e-01
  314 -1.332899e-01
  315 -1.331736e-01
  316 -1.330651e-01
  317 -1.329655e-01
  318 -1.328761e-01
  319 -1.327981e-01
  320 -1.327326e-01
  321 -1.326804e-01
  322 -1.326423e-01
  323 -1.326191e-01
  324 -1.326113e-01
  325 -1.326194e-01
  326 -1.326438e-01
  327 -1.326848e-01
  328 -1.327425e-01
  329 -1.328170e-01
  330 -1.329082e-01
  331 -1.330160e-01
  332 -1.331401e-01
  333 -1.332804e-01
  334 -1.334363e-01
  335 -1.336074e-01
  336 -1.337932e-01
  337 -1.339930e-01
  338 -1.342063e-01
  339 -1.344323e-01
  340 -1.346702e-01
  341 -1.349193e-01
  342 -1.351788e-01
  343 -1.354477e-01
  344 -1.357253e-01
  345 -1.360106e-01
  346 -1.363027e-01
  347 -1.366008e-01
  348 -1.369039e-01
  349 -1.372111e-01
  350 -1.375216e-01
  351 -1.378345e-01
  352 -1.381490e-01
  353 -1.384643e-01
  354 -1.387796e-01
  355 -1.390940e-01
  356 -1.394070e-01
  357 -1.397179e-01
  358 -1.400259e-01
  359 -1.403306e-01
  360 -1.406314e-01
  361 -1.409278e-01
  362 -1.412194e-01
  363 -1.415057e-01
  364 -1.417864e-01
  365 -1.420613e-01
  366 -1.423301e-01
  367 -1.425926e-01
  368 -1.428486e-01
  369 -1.430981e-01
  370 -1.433410e-01
  371 -1.435773e-01
  372 -1.438070e-01
  373 -1.440303e-01
  374 -1.442473e-01
  375 -1.444581e-01
  376 -1.446629e-01
  377 -1.448619e-01
  378 -1.450555e-01
  379 -1.452439e-01
  380 -1.454273e-01
  381 -1.456062e-01
  382 -1.457809e-01
  383 -1.459518e-01
  384 -1.461192e-01
  385 -1.462836e-01
  386 -1.464453e-01
  387 -1.466048e-01
  388 -1.467624e-01
  389 -1.469186e-01
  390 -1.470739e-01
  391 -1.405165e-01
  392 -1.488485e-01
  393 -1.475855e-01
  394 -1.515356e-01
  395 -1.525946e-01
  396 -1.551816e-01
  397 -1.568619e-01
  398 -1.589586e-01
  399 -1.607397e-01
  400 -1.592831e-01
  401 -1.609600e-01
  402 -1.625406e-01
  403 -1.640293e-01
  404 -1.654566e-01
  405 -1.668038e-01
  406 -1.680794e-01
  407 -1.692772e-01
  408 -1.703995e-01
  409 -1.714446e-01
  410 -1.724132e-01
  411 -1.733051e-01
  412 -1.741213e-01
  413 -1.748624e-01
  414 -1.755299e-01
  415 -1.761252e-01
  416 -1.766503e-01
  417 -1.771072e-01
  418 -1.774985e-01
  419 -1.778269e-01
  420 -1.780953e-01
  421 -1.783070e-01
  422 -1.784653e-01
  423 -1.785738e-01
  424 -1.786363e-01
  425 -1.786566e-01
  426 -1.786387e-01
  427 -1.785866e-01
  428 -1.785044e-01
  429 -1.783962e-01
  430 -1.782663e-01
  431 -1.781186e-01
  432 -1.779573e-01
  433 -1.777863e-01
  434 -1.776096e-01
  435 -1.774310e-01
  436 -1.772542e-01
  437 -1.770827e-01
  438 -1.769199e-01
  439 -1.767690e-01
  440 -1.766331e-01
  441 -1.806784e-01
  442 -1.822409e-01
  443 -1.846626e-01
  444 -1.865478e-01
  445 -1.886956e-01
  446 -1.906835e-01
  447 -1.927516e-01
  448 -1.947724e-01
  449 -1.968164e-01
  450 -1.988434e-01
  451 -2.008717e-01
  452 -2.028867e-01
  453 -2.048909e-01
  454 -2.068769e-01
  455 -2.088425e-01
  456 -2.107828e-01
  457 -2.126943e-01
  458 -2.145730e-01
  459 -2.164156e-01
  460 -2.182188e-01
  461 -2.199797e-01
  462 -2.216957e-01
  463 -2.233646e-01
  464 -2.249846e-01
  465 -2.265541e-01
  466 -2.280720e-01
  467 -2.295375e-01
  468 -2.309502e-01
  469 -2.323099e-01
  470 -2.336171e-01
  471 -2.348722e-01
  472 -2.360762e-01
  473 -2.372302e-01
  474 -2.383357e-01
  475 -2.393945e-01
  476 -2.404086e-01
  477 -2.413801e-01
  478 -2.423114e-01
  479 -2.432051e-01
  480 -2.440639e-01
  481 -2.448906e-01
  482 -2.456883e-01
  483 -2.464600e-01
  484 -2.472088e-01
  485 -2.479378e-01
  486 -2.486504e-01
  487 -2.493496e-01
  488 -2.500387e-01
  489 -2.507208e-01
  490 -2.513991e-01
  491 -2.520765e-01
  492 -2.527561e-01
  493 -2.534407e-01
  494 -2.541331e-01
  495 -2.548359e-01
  496 -2.555516e-01
  497 -2.562825e-01
  498 -2.570310e-01
  499 -2.577990e-01
  500 -2.585883e-01
  501 -2.594009e-01
  502 -2.602381e-01
  503 -2.611013e-01
  504 -2.619918e-01
  505 -2.629105e-01
  506 -2.638583e-01
  507 -2.648359e-01
  508 -2.658436e-01
  509 -2.668819e-01
  510 -2.679509e-01
  511 -2.690505e-01
  512 -2.701806e-01
  513 -2.713410e-01
  514 -2.725310e-01
  515 -2.737503e-01
  516 -2.749980e-01
  517 -2.762734e-01
  518 -2.775755e-01
  519 -2.789033e-01
  520 -2.802558e-01
  521 -2.816316e-01
  522 -2.830297e-01
  523 -2.844487e-01
  524 -2.858872e-01
  525 -2.873439e-01
  526 -2.888174e-01
  527 -2.903062e-01
  528 -2.918089e-01
  529 -2.933241e-01
  530 -2.948504e-01
  531 -2.963864e-01
  532 -2.979306e-01
  533 -2.994818e-01
  534 -3.010387e-01
  535 -3.025999e-01
  536 -3.041644e-01
  537 -3.057309e-01
  538 -3.072983e-01
  539 -3.088657e-01
  540 -3.104322e-01
  541 -3.119967e-01
  542 -3.135586e-01
  543 -3.151171e-01
  544 -3.166717e-01
  545 -3.182216e-01
  546 -3.197665e-01
  547 -3.213059e-01
  548 -3.228396e-01
  549 -3.243673e-01
  550 -3.258889e-01
  551 -3.274042e-01
  552 -3.289133e-01
  553 -3.304162e-01
  554 -3.319131e-01
  555 -3.334041e-01
  556 -3.348895e-01
  557 -3.363697e-01
  558 -3.378450e-01
  559 -3.393158e-01
  560 -3.407825e-01
  561 -3.422458e-01
  562 -3.437062e-01
  563 -3.451641e-01
  564 -3.466203e-01
  565 -3.480754e-01
  566 -3.495299e-01
  567 -3.509847e-01
  568 -3.524402e-01
  569 -3.538973e-01
  570 -3.553566e-01
  571 -3.568188e-01
  572 -3.582845e-01
  573 -3.597544e-01
  574 -3.612292e-01
  575 -3.627095e-01
  576 -3.641959e-01
  577 -3.656890e-01
  578 -3.671893e-01
  579 -3.686975e-01
  580 -3.702140e-01
  581 -3.717393e-01
  582 -3.732738e-01
  583 -3.748180e-01
  584 -3.763722e-01
  585 -3.779367e-01
  586 -3.795120e-01
  587 -3.810982e-01
  588 -3.826956e-01
  589 -3.843044e-01
  590 -3.859247e-01
  591 -3.875567e-01
  592 -3.892005e-01
  593 -3.908561e-01
  594 -3.925235e-01
  595 -3.942027e-01
  596 -3.958938e-01
  597 -3.975965e-01
  598 -3.993109e-01
  599 -4.010368e-01
  600 -3.969687e-01
  601 -3.986429e-01
  602 -4.002014e-01
  603 -4.017699e-01
  604 -4.033415e-01
  605 -4.049201e-01
  606 -4.065034e-01
  607 -4.080924e-01
  608 -4.096865e-01
  609 -4.112858e-01
  610 -4.128901e-01
  611 -4.144991e-01
  612 -4.161129e-01
  613 -4.177311e-01
  614 -4.193538e-01
  615 -4.209809e-01
  616 -4.226121e-01
  617 -4.242475e-01
  618 -4.258870e-01
  619 -4.275305e-01
  620 -4.291781e-01
  621 -4.308297e-01
  622 -4.324852e-01
  623 -4.341448e-01
  624 -4.358084e-01
  625 -4.374761e-01
  626 -4.391479e-01
  627 -4.408240e-01
  628 -4.425043e-01
  629 -4.441890e-01
  630 -4.458782e-01
  631 -4.475721e-01
  632 -4.492706e-01
  633 -4.509739e-01
  634 -4.526823e-01
  635 -4.543957e-01
  636 -4.561145e-01
  637 -4.578386e-01
  638 -4.595683e-01
  639 -4.613037e-01
  640 -4.630449e-01
  641 -4.647922e-01
  642 -4.665457e-01
  643 -4.683055e-01
  644 -4.700718e-01
  645 -4.718447e-01
  646 -4.736244e-01
  647 -4.754110e-01
  648 -4.772047e-01
  649 -4.790056e-01
  650 -4.808138e-01
  651 -4.826294e-01
  652 -4.844527e-01
  653 -4.862836e-01
  654 -4.881222e-01
  655 -4.899688e-01
  656 -4.918233e-01
  657 -4.936859e-01
  658 -4.955566e-01
  659 -4.974356e-01
  660 -4.993227e-01
  661 -5.081571e-01
  662 -5.128279e-01
  663 -5.189008e-01
  664 -5.240463e-01
  665 -5.295926e-01
  666 -5.348330e-01
  667 -5.401647e-01
  668 -5.453733e-01
  669 -5.505745e-01
  670 -5.556997e-01
  671 -5.607787e-01
  672 -5.657860e-01
  673 -5.707257e-01
  674 -5.755855e-01
  675 -5.803619e-01
  676 -5.850473e-01
  677 -5.896370e-01
  678 -5.941254e-01
  679 -5.985086e-01
  680 -6.027825e-01
  681 -6.069446e-01
  682 -6.109925e-01
  683 -6.149248e-01
  684 -6.187410e-01
  685 -6.224412e-01
  686 -6.260262e-01
  687 -6.294975e-01
  688 -6.328575e-01
  689 -6.361089e-01
  690 -6.392552e-01
  691 -6.423006e-01
  692 -6.452495e-01
  693 -6.481070e-01
  694 -6.508785e-01
  695 -6.535700e-01
  696 -6.561875e-01
  697 -6.587377e-01
  698 -6.612270e-01
  699 -6.636626e-01
  700 -6.660513e-01
  701 -6.684004e-01
  702 -6.707169e-01
  703 -6.730081e-01
  704 -6.752811e-01
  705 -6.775430e-01
  706 -6.798007e-01
  707 -6.820610e-01
  708 -6.843304e-01
  709 -6.866155e-01
  710 -6.889222e-01
  711 -6.912564e-01
  712 -6.936237e-01
  713 -6.960292e-01
  714 -6.984779e-01
  715 -7.009743e-01
  716 -7.035224e-01
  717 -7.061262e-01
  718 -7.087888e-01
  719 -7.115134e-01
  720 -7.143025e-01
  721 -7.171582e-01
  722 -7.200823e-01
  723 -7.230763e-01
  724 -7.261411e-01
  725 -7.292774e-01
  726 -7.324854e-01
  727 -7.357650e-01
  728 -7.391158e-01
  729 -7.425370e-01
  730 -7.460276e-01
  731 -7.495863e-01
  732 -7.532113e-01
  733 -7.569009e-01
  734 -7.606529e-01
  735 -7.644650e-01
  736 -7.683347e-01
  737 -7.722594e-01
  738 -7.762362e-01
  739 -7.802623e-01
  740 -7.843346e-01
  741 -7.884500e-01
  742 -7.926055e-01
  743 -7.967977e-01
  744 -8.010236e-01
  745 -8.052799e-01
  746 -8.095635e-01
  747 -8.138713e-01
  748 -8.182003e-01
  749 -8.225474e-01
  750 -8.269097e-01
  751 -8.312846e-01
  752 -8.356694e-01
  753 -8.400615e-01
  754 -8.444587e-01
  755 -8.488585e-01
  756 -8.532591e-01
  757 -8.576585e-01
  758 -8.620549e-01
  759 -8.664469e-01
  760 -8.708331e-01
  761 -8.752122e-01
  762 -8.795832e-01
  763 -8.839454e-01
  764 -8.882981e-01
  765 -8.926408e-01
  766 -8.969733e-01
  767 -9.012953e-01
  768 -9.056069e-01
  769 -9.099084e-01
  770 -9.142000e-01
  771 -9.184823e-01
  772 -9.227559e-01
  773 -9.270215e-01
  774 -9.312800e-01
  775 -9.355325e-01
  776 -9.397799e-01
  777 -9.440234e-01
  778 -9.482644e-01
  779 -9.525041e-01
  780 -9.567439e-01
  781 -9.609852e-01
  782 -9.652296e-01
  783 -9.694785e-01
  784 -9.737335e-01
  785 -9.779960e-01
  786 -9.822676e-01
  787 -9.865499e-01
  788 -9.908444e-01
  789 -9.951525e-01
  790 -9.994758e-01
  791 -1.003816e+00
  792 -1.008173e+00
  793 -1.012550e+00
  794 -1.016948e+00
  795 -1.021367e+00
  796 -1.025809e+00
  797 -1.030275e+00
  798 -1.034766e+00
  799 -1.039282e+00
  800 -1.043826e+00
