    1 9.000000e-01
    2 9.000000e-01
    3 9.000000e-01
    4 9.000000e-01
    5 9.000000e-01
    6 9.000000e-01
    7 9.000000e-01
    8 9.000000e-01
    9 9.000000e-01
   10 9.000000e-01
   11 9.000000e-01
   12 9.000000e-01
   13 9.000000e-01
   14 9.000000e-01
   15 9.000000e-01
   16 9.000000e-01
   17 9.000000e-01
   18 9.000000e-01
   19 9.000000e-01
   20 9.000000e-01
   21 9.000000e-01
   22 9.000000e-01
   23 9.000000e-01
   24 9.000000e-01
   25 9.000000e-01
   26 9.000000e-01
   27 9.000000e-01
   28 9.000000e-01
   29 9.000000e-01
   30 9.000000e-01
   31 9.000000e-01
   32 9.000000e-01
   33 9.000000e-01
   34 9.000000e-01
   35 9.000000e-01
   36 9.000000e-01
   37 9.000000e-01
   38 9.000000e-01
   39 9.000000e-01
   40 9.000000e-01
   41 9.000000e-01
   42 9.000000e-01
   43 9.000000e-01
   44 9.000000e-01
   45 9.000000e-01
   46 9.000000e-01
   47 9.000000e-01
   48 9.000000e-01
   49 9.000000e-01
   50 9.000000e-01
   51 9.000000e-01
   52 9.000000e-01
   53 9.000000e-01
   54 9.000000e-01
   55 9.000000e-01
   56 9.000000e-01
   57 9.000000e-01
   58 9.000000e-01
   59 9.000000e-01
   60 9.000000e-01
   61 9.000000e-01
   62 9.000000e-01
   63 9.000000e-01
   64 9.000000e-01
   65 9.000000e-01
   66 9.000000e-01
   67 9.000000e-01
   68 9.000000e-01
   69 9.000000e-01
   70 9.000000e-01
   71 9.000000e-01
   72 9.000000e-01
   73 9.000000e-01
   74 9.000000e-01
   75 9.000000e-01
   76 9.000000e-01
   77 9.000000e-01
   78 9.000000e-01
   79 9.000000e-01
   80 9.000000e-01
   81 9.000000e-01
   82 9.000000e-01
   83 9.000000e-01
   84 9.000000e-01
   85 9.000000e-01
   86 9.000000e-01
   87 9.000000e-01
   88 9.000000e-01
   89 9.000000e-01
   90 9.000000e-01
   91 9.000000e-01
   92 9.000000e-01
   93 9.000000e-01
   94 9.000000e-01
   95 9.000000e-01
   96 9.000000e-01
   97 9.000000e-01
   98 9.000000e-01
   99 9.000000e-01
  100 9.000000e-01
  101 9.000000e-01
  102 9.000000e-01
  103 9.000000e-01
  104 9.000000e-01
  105 9.000000e-01
  106 9.000000e-01
  107 9.000000e-01
  108 9.000000e-01
  109 9.000000e-01
  110 9.000000e-01
  111 9.000000e-01
  112 9.000000e-01
  113 9.000000e-01
  114 9.000000e-01
  115 9.000000e-01
  116 9.000000e-01
  117 9.000000e-01
  118 9.000000e-01
  119 9.000000e-01
  120 9.000000e-01
  121 9.000000e-01
  122 9.000000e-01
  123 9.000000e-01
  124 9.000000e-01
  125 9.000000e-01
  126 9.000000e-01
  127 9.000000e-01
  128 9.000000e-01
  129 9.000000e-01
  130 9.000000e-01
  131 9.000000e-01
  132 9.000000e-01
  133 9.000000e-01
  134 9.000000e-01
  135 9.000000e-01
  136 9.000000e-01
  137 9.000000e-01
  138 9.000000e-01
  139 9.000000e-01
  140 9.000000e-01
  141 9.000000e-01
  142 9.000000e-01
  143 9.000000e-01
  144 9.000000e-01
  145 9.000000e-01
  146 9.000000e-01
  147 9.000000e-01
  148 9.000000e-01
  149 9.000000e-01
  150 9.000000e-01
  151 9.000000e-01
  152 9.000000e-01
  153 9.000000e-01
  154 9.000000e-01
  155 9.000000e-01
  156 9.000000e-01
  157 9.000000e-01
  158 9.000000e-01
  159 9.000000e-01
  160 9.000000e-01
  161 9.000000e-01
  162 9.000000e-01
  163 9.000000e-01
  164 9.000000e-01
  165 9.000000e-01
  166 9.000000e-01
  167 9.000000e-01
  168 9.000000e-01
  169 9.000000e-01
  170 9.000000e-01
  171 9.000000e-01
  172 9.000000e-01
  173 9.000000e-01
  174 9.000000e-01
  175 9.000000e-01
  176 9.000000e-01
  177 9.000000e-01
  178 9.000000e-01
  179 9.000000e-01
  180 9.000000e-01
  181 9.000000e-01
  182 9.000000e-01
  183 9.000000e-01
  184 9.000000e-01
  185 9.000000e-01
  186 9.000000e-01
  187 9.000000e-01
  188 9.000000e-01
  189 9.000000e-01
  190 9.000000e-01
  191 9.000000e-01
  192 9.000000e-01
  193 9.000000e-01
  194 9.000000e-01
  195 9.000000e-01
  196 9.000000e-01
  197 9.000000e-01
  198 9.000000e-01
  199 9.000000e-01
  200 -1.000000e-01
  201 -1.000000e-01
  202 -1.000000e-01
  203 -1.000000e-01
  204 -1.000000e-01
  205 -1.000000e-01
  206 -1.000000e-01
  207 -1.000000e-01
  208 -1.000000e-01
  209 -1.000000e-01
  210 -1.000000e-01
  211 -1.000000e-01
  212 -1.000000e-01
  213 -1.000000e-01
  214 -1.000000e-01
  215 -1.000000e-01
  216 -1.000000e-01
  217 -1.000000e-01
  218 -1.000000e-01
  219 -1.000000e-01
  220 -1.000000e-01
  221 -1.000000e-01
  222 -1.000000e-01
  223 -1.000000e-01
  224 -1.000000e-01
  225 -1.000000e-01
  226 -1.000000e-01
  227 -1.000000e-01
  228 -1.000000e-01
  229 -1.000000e-01
  230 -1.000000e-01
  231 -1.000000e-01
  232 -1.000000e-01
  233 -1.000000e-01
  234 -1.000000e-01
  235 -1.000000e-01
  236 -1.000000e-01
  237 -1.000000e-01
  238 -1.000000e-01
  239 -1.000000e-01
  240 -1.000000e-01
  241 -1.000000e-01
  242 -1.000000e-01
  243 -1.000000e-01
  244 -1.000000e-01
  245 -1.000000e-01
  246 -1.000000e-01
  247 -1.000000e-01
  248 -1.000000e-01
  249 -1.000000e-01
  250 -1.000000e-01
  251 -1.000000e-01
  252 -1.000000e-01
  253 -1.000000e-01
  254 -1.000000e-01
  255 -1.000000e-01
  256 -1.000000e-01
  257 -1.000000e-01
  258 -1.000000e-01
  259 -1.000000e-01
  260 -1.000000e-01
  261 -1.000000e-01
  262 -1.000000e-01
  263 -1.000000e-01
  264 -1.000000e-01
  265 -1.000000e-01
  266 -1.000000e-01
  267 -1.000000e-01
  268 -1.000000e-01
  269 -1.000000e-01
  270 -1.000000e-01
  271 -1.000000e-01
  272 -1.000000e-01
  273 -1.000000e-01
  274 -1.000000e-01
  275 -1.000000e-01
  276 -1.000000e-01
  277 -1.000000e-01
  278 -1.000000e-01
  279 -1.000000e-01
  280 -1.000000e-01
  281 -1.000000e-01
  282 -1.000000e-01
  283 -1.000000e-01
  284 -1.000000e-01
  285 -1.000000e-01
  286 -1.000000e-01
  287 -1.000000e-01
  288 -1.000000e-01
  289 -1.000000e-01
  290 -1.000000e-01
  291 -1.000000e-01
  292 -1.000000e-01
  293 -1.000000e-01
  294 -1.000000e-01
  295 -1.000000e-01
  296 -1.000000e-01
  297 -1.000000e-01
  298 -1.000000e-01
  299 -1.000000e-01
  300 -1.000000e-01
  301 -1.000000e-01
  302 -1.000000e-01
  303 -1.000000e-01
  304 -1.000000e-01
  305 -1.000000e-01
  306 -1.000000e-01
  307 -1.000000e-01
  308 -1.000000e-01
  309 -1.000000e-01
  310 -1.000000e-01
  311 -1.000000e-01
  312 -1.000000e-01
  313 -1.000000e-01
  314 -1.000000e-01
  315 -1.000000e-01
  316 -1.000000e-01
  317 -1.000000e-01
  318 -1.000000e-01
  319 -1.000000e-01
  320 -1.000000e-01
  321 -1.000000e-01
  322 -1.000000e-01
  323 -1.000000e-01
  324 -1.000000e-01
  325 -1.000000e-01
  326 -1.000000e-01
  327 -1.000000e-01
  328 -1.000000e-01
  329 -1.000000e-01
  330 -1.000000e-01
  331 -1.000000e-01
  332 -1.000000e-01
  333 -1.000000e-01
  334 -1.000000e-01
  335 -1.000000e-01
  336 -1.000000e-01
  337 -1.000000e-01
  338 -1.000000e-01
  339 -1.000000e-01
  340 -1.000000e-01
  341 -1.000000e-01
  342 -1.000000e-01
  343 -1.000000e-01
  344 -1.000000e-01
  345 -1.000000e-01
  346 -1.000000e-01
  347 -1.000000e-01
  348 -1.000000e-01
  349 -1.000000e-01
  350 -1.000000e-01
  351 -1.000000e-01
  352 -1.000000e-01
  353 -1.000000e-01
  354 -1.000000e-01
  355 -1.000000e-01
  356 -1.000000e-01
  357 -1.000000e-01
  358 -1.000000e-01
  359 -1.000000e-01
  360 -1.000000e-01
  361 -1.000000e-01
  362 -1.000000e-01
  363 -1.000000e-01
  364 -1.000000e-01
  365 -1.000000e-01
  366 -1.000000e-01
  367 -1.000000e-01
  368 -1.000000e-01
  369 -1.000000e-01
  370 -1.000000e-01
  371 -1.000000e-01
  372 -1.000000e-01
  373 -1.000000e-01
  374 -1.000000e-01
  375 -1.000000e-01
  376 -1.000000e-01
  377 -1.000000e-01
  378 -1.000000e-01
  379 -1.000000e-01
  380 -1.000000e-01
  381 -1.000000e-01
  382 -1.000000e-01
  383 -1.000000e-01
  384 -1.000000e-01
  385 -1.000000e-01
  386 -1.000000e-01
  387 -1.000000e-01
  388 -1.000000e-01
  389 -1.000000e-01
  390 -1.000000e-01
  391 -1.000000e-01
  392 -1.000000e-01
  393 -1.000000e-01
  394 -1.000000e-01
  395 -1.000000e-01
  396 -1.000000e-01
  397 -1.000000e-01
  398 -1.000000e-01
  399 -1.000000e-01
  400 3.000000e-01
  401 3.000000e-01
  402 3.000000e-01
  403 3.000000e-01
  404 3.000000e-01
  405 3.000000e-01
  406 3.000000e-01
  407 3.000000e-01
  408 3.000000e-01
  409 3.000000e-01
  410 3.000000e-01
  411 3.000000e-01
  412 3.000000e-01
  413 3.000000e-01
  414 3.000000e-01
  415 3.000000e-01
  416 3.000000e-01
  417 3.000000e-01
  418 3.000000e-01
  419 3.000000e-01
  420 3.000000e-01
  421 3.000000e-01
  422 3.000000e-01
  423 3.000000e-01
  424 3.000000e-01
  425 3.000000e-01
  426 3.000000e-01
  427 3.000000e-01
  428 3.000000e-01
  429 3.000000e-01
  430 3.000000e-01
  431 3.000000e-01
  432 3.000000e-01
  433 3.000000e-01
  434 3.000000e-01
  435 3.000000e-01
  436 3.000000e-01
  437 3.000000e-01
  438 3.000000e-01
  439 3.000000e-01
  440 3.000000e-01
  441 3.000000e-01
  442 3.000000e-01
  443 3.000000e-01
  444 3.000000e-01
  445 3.000000e-01
  446 3.000000e-01
  447 3.000000e-01
  448 3.000000e-01
  449 3.000000e-01
  450 3.000000e-01
  451 3.000000e-01
  452 3.000000e-01
  453 3.000000e-01
  454 3.000000e-01
  455 3.000000e-01
  456 3.000000e-01
  457 3.000000e-01
  458 3.000000e-01
  459 3.000000e-01
  460 3.000000e-01
  461 3.000000e-01
  462 3.000000e-01
  463 3.000000e-01
  464 3.000000e-01
  465 3.000000e-01
  466 3.000000e-01
  467 3.000000e-01
  468 3.000000e-01
  469 3.000000e-01
  470 3.000000e-01
  471 3.000000e-01
  472 3.000000e-01
  473 3.000000e-01
  474 3.000000e-01
  475 3.000000e-01
  476 3.000000e-01
  477 3.000000e-01
  478 3.000000e-01
  479 3.000000e-01
  480 3.000000e-01
  481 3.000000e-01
  482 3.000000e-01
  483 3.000000e-01
  484 3.000000e-01
  485 3.000000e-01
  486 3.000000e-01
  487 3.000000e-01
  488 3.000000e-01
  489 3.000000e-01
  490 3.000000e-01
  491 3.000000e-01
  492 3.000000e-01
  493 3.000000e-01
  494 3.000000e-01
  495 3.000000e-01
  496 3.000000e-01
  497 3.000000e-01
  498 3.000000e-01
  499 3.000000e-01
  500 3.000000e-01
  501 3.000000e-01
  502 3.000000e-01
  503 3.000000e-01
  504 3.000000e-01
  505 3.000000e-01
  506 3.000000e-01
  507 3.000000e-01
  508 3.000000e-01
  509 3.000000e-01
  510 3.000000e-01
  511 3.000000e-01
  512 3.000000e-01
  513 3.000000e-01
  514 3.000000e-01
  515 3.000000e-01
  516 3.000000e-01
  517 3.000000e-01
  518 3.000000e-01
  519 3.000000e-01
  520 3.000000e-01
  521 3.000000e-01
  522 3.000000e-01
  523 3.000000e-01
  524 3.000000e-01
  525 3.000000e-01
  526 3.000000e-01
  527 3.000000e-01
  528 3.000000e-01
  529 3.000000e-01
  530 3.000000e-01
  531 3.000000e-01
  532 3.000000e-01
  533 3.000000e-01
  534 3.000000e-01
  535 3.000000e-01
  536 3.000000e-01
  537 3.000000e-01
  538 3.000000e-01
  539 3.000000e-01
  540 3.000000e-01
  541 3.000000e-01
  542 3.000000e-01
  543 3.000000e-01
  544 3.000000e-01
  545 3.000000e-01
  546 3.000000e-01
  547 3.000000e-01
  548 3.000000e-01
  549 3.000000e-01
  550 3.000000e-01
  551 3.000000e-01
  552 3.000000e-01
  553 3.000000e-01
  554 3.000000e-01
  555 3.000000e-01
  556 3.000000e-01
  557 3.000000e-01
  558 3.000000e-01
  559 3.000000e-01
  560 3.000000e-01
  561 3.000000e-01
  562 3.000000e-01
  563 3.000000e-01
  564 3.000000e-01
  565 3.000000e-01
  566 3.000000e-01
  567 3.000000e-01
  568 3.000000e-01
  569 3.000000e-01
  570 3.000000e-01
  571 3.000000e-01
  572 3.000000e-01
  573 3.000000e-01
  574 3.000000e-01
  575 3.000000e-01
  576 3.000000e-01
  577 3.000000e-01
  578 3.000000e-01
  579 3.000000e-01
  580 3.000000e-01
  581 3.000000e-01
  582 3.000000e-01
  583 3.000000e-01
  584 3.000000e-01
  585 3.000000e-01
  586 3.000000e-01
  587 3.000000e-01
  588 3.000000e-01
  589 3.000000e-01
  590 3.000000e-01
  591 3.000000e-01
  592 3.000000e-01
  593 3.000000e-01
  594 3.000000e-01
  595 3.000000e-01
  596 3.000000e-01
  597 3.000000e-01
  598 3.000000e-01
  599 3.000000e-01
  600     1
  601     1
  602     1
  603     1
  604     1
  605     1
  606     1
  607     1
  608     1
  609     1
  610     1
  611     1
  612     1
  613     1
  614     1
  615     1
  616     1
  617     1
  618     1
  619     1
  620     1
  621     1
  622     1
  623     1
  624     1
  625     1
  626     1
  627     1
  628     1
  629     1
  630     1
  631     1
  632     1
  633     1
  634     1
  635     1
  636     1
  637     1
  638     1
  639     1
  640     1
  641     1
  642     1
  643     1
  644     1
  645     1
  646     1
  647     1
  648     1
  649     1
  650     1
  651     1
  652     1
  653     1
  654     1
  655     1
  656     1
  657     1
  658     1
  659     1
  660     1
  661     1
  662     1
  663     1
  664     1
  665     1
  666     1
  667     1
  668     1
  669     1
  670     1
  671     1
  672     1
  673     1
  674     1
  675     1
  676     1
  677     1
  678     1
  679     1
  680     1
  681     1
  682     1
  683     1
  684     1
  685     1
  686     1
  687     1
  688     1
  689     1
  690     1
  691     1
  692     1
  693     1
  694     1
  695     1
  696     1
  697     1
  698     1
  699     1
  700     1
  701     1
  702     1
  703     1
  704     1
  705     1
  706     1
  707     1
  708     1
  709     1
  710     1
  711     1
  712     1
  713     1
  714     1
  715     1
  716     1
  717     1
  718     1
  719     1
  720     1
  721     1
  722     1
  723     1
  724     1
  725     1
  726     1
  727     1
  728     1
  729     1
  730     1
  731     1
  732     1
  733     1
  734     1
  735     1
  736     1
  737     1
  738     1
  739     1
  740     1
  741     1
  742     1
  743     1
  744     1
  745     1
  746     1
  747     1
  748     1
  749     1
  750     1
  751     1
  752     1
  753     1
  754     1
  755     1
  756     1
  757     1
  758     1
  759     1
  760     1
  761     1
  762     1
  763     1
  764     1
  765     1
  766     1
  767     1
  768     1
  769     1
  770     1
  771     1
  772     1
  773     1
  774     1
  775     1
  776     1
  777     1
  778     1
  779     1
  780     1
  781     1
  782     1
  783     1
  784     1
  785     1
  786     1
  787     1
  788     1
  789     1
  790     1
  791     1
  792     1
  793     1
  794     1
  795     1
  796     1
  797     1
  798     1
  799     1
  800     1
