    1     0
    2     0
    3     0
    4     0
    5     0
    6     0
    7     0
    8     0
    9     0
   10     0
   11     0
   12     0
   13 -2.971646e-01
   14 -6.842571e-02
   15 -1.602373e-01
   16 -5.153239e-02
   17 -6.278902e-02
   18 -1.527472e-03
   19 1.370255e-02
   20 5.412821e-02
   21 7.589266e-02
   22 1.054225e-01
   23 1.265608e-01
   24 1.491851e-01
   25 1.674156e-01
   26 1.850141e-01
   27 1.999083e-01
   28 2.135923e-01
   29 2.253960e-01
   30 2.359639e-01
   31 2.451327e-01
   32 2.532195e-01
   33 2.602357e-01
   34 2.663641e-01
   35 2.716678e-01
   36 2.762679e-01
   37 2.802352e-01
   38 2.836571e-01
   39 2.865978e-01
   40 2.891229e-01
   41 2.912858e-01
   42 2.931367e-01
   43 2.947182e-01
   44 2.960687e-01
   45 2.972212e-01
   46 2.982050e-01
   47 2.990454e-01
   48 2.997643e-01
   49 3.003806e-01
   50 3.009107e-01
   51 3.013686e-01
   52 3.017662e-01
   53 3.021137e-01
   54 3.024197e-01
   55 3.026915e-01
   56 3.029351e-01
   57 3.031557e-01
   58 3.033574e-01
   59 3.035437e-01
   60 3.037175e-01
   61 3.038809e-01
   62 3.040358e-01
   63 3.041838e-01
   64 3.043258e-01
   65 3.044629e-01
   66 3.045955e-01
   67 3.047242e-01
   68 3.048494e-01
   69 3.049712e-01
   70 3.050897e-01
   71 3.052051e-01
   72 3.053173e-01
   73 3.054262e-01
   74 3.055319e-01
   75 3.056343e-01
   76 3.057332e-01
   77 3.058286e-01
   78 3.059204e-01
   79 3.060085e-01
   80 3.060928e-01
   81 3.061734e-01
   82 3.062500e-01
   83 3.063228e-01
   84 3.063917e-01
   85 3.064566e-01
   86 3.065176e-01
   87 3.065747e-01
   88 3.066279e-01
   89 3.066772e-01
   90 3.067227e-01
   91 3.067645e-01
   92 3.068025e-01
   93 3.068370e-01
   94 3.068678e-01
   95 3.068952e-01
   96 3.069191e-01
   97 3.069397e-01
   98 3.069572e-01
   99 3.069714e-01
  100 3.069826e-01
  101 3.069909e-01
  102 3.069963e-01
  103 3.069990e-01
  104 3.069990e-01
  105 3.069965e-01
  106 3.069914e-01
  107 3.069840e-01
  108 3.069743e-01
  109 3.069624e-01
  110 3.069484e-01
  111 3.069324e-01
  112 3.069144e-01
  113 3.068946e-01
  114 3.068731e-01
  115 3.068498e-01
  116 3.068250e-01
  117 3.067985e-01
  118 3.067707e-01
  119 3.067414e-01
  120 3.067108e-01
  121 3.066790e-01
  122 3.066460e-01
  123 3.066118e-01
  124 3.065766e-01
  125 3.065404e-01
  126 3.065032e-01
  127 3.064651e-01
  128 3.064261e-01
  129 3.063864e-01
  130 3.063459e-01
  131 7.200163e-01
  132 4.413570e-01
  133 5.908999e-01
  134 4.727580e-01
  135 5.148372e-01
  136 4.586102e-01
  137 4.627274e-01
  138 4.314923e-01
  139 4.236426e-01
  140 4.037164e-01
  141 3.934066e-01
  142 3.795189e-01
  143 3.700120e-01
  144 3.599261e-01
  145 3.521333e-01
  146 3.447254e-01
  147 3.386978e-01
  148 3.332809e-01
  149 3.287848e-01
  150 3.248717e-01
  151 3.216088e-01
  152 3.188279e-01
  153 3.165160e-01
  154 3.145771e-01
  155 3.129767e-01
  156 3.116532e-01
  157 3.105713e-01
  158 3.096885e-01
  159 3.089749e-01
  160 3.084001e-01
  161 3.079407e-01
  162 3.075749e-01
  163 3.072851e-01
  164 3.070558e-01
  165 3.068741e-01
  166 3.067292e-01
  167 3.066120e-01
  168 3.065151e-01
  169 3.064324e-01
  170 3.063589e-01
  171 3.062907e-01
  172 3.062246e-01
  173 3.061583e-01
  174 3.060898e-01
  175 3.060179e-01
  176 3.059416e-01
  177 3.058604e-01
  178 3.057739e-01
  179 3.056820e-01
  180 3.055849e-01
  181 3.054827e-01
  182 3.053757e-01
  183 3.052642e-01
  184 3.051489e-01
  185 3.050300e-01
  186 3.049080e-01
  187 3.047836e-01
  188 3.046570e-01
  189 3.045288e-01
  190 3.043995e-01
  191 3.042694e-01
  192 3.041390e-01
  193 3.040086e-01
  194 3.038785e-01
  195 3.037491e-01
  196 3.036206e-01
  197 3.034934e-01
  198 3.033676e-01
  199 3.032434e-01
  200 3.031210e-01
  201 2.692757e-01
  202 3.155869e-01
  203 2.852659e-01
  204 3.035267e-01
  205 2.899595e-01
  206 2.950594e-01
  207 2.882943e-01
  208 2.885146e-01
  209 2.844137e-01
  210 2.829929e-01
  211 2.800788e-01
  212 2.782722e-01
  213 2.760323e-01
  214 2.743233e-01
  215 2.725732e-01
  216 2.711355e-01
  217 2.697938e-01
  218 2.686730e-01
  219 2.676865e-01
  220 2.668737e-01
  221 1.225375e-01
  222 1.354878e-01
  223 8.408958e-02
  224 7.188480e-02
  225 4.042773e-02
  226 2.404761e-02
  227 1.696757e-03
  228 -1.412581e-02
  229 -3.127058e-02
  230 -4.518817e-02
  231 -5.885284e-02
  232 -7.064405e-02
  233 -8.172193e-02
  234 -9.154127e-02
  235 -1.005823e-01
  236 -1.086900e-01
  237 -1.160855e-01
  238 -1.227513e-01
  239 -1.288060e-01
  240 -1.342766e-01
  241 -1.392379e-01
  242 -1.437279e-01
  243 -1.477999e-01
  244 -1.514912e-01
  245 -1.548426e-01
  246 -1.578871e-01
  247 -1.606570e-01
  248 -1.631800e-01
  249 -1.654821e-01
  250 -1.675861e-01
  251 -1.695128e-01
  252 -1.712808e-01
  253 -1.729068e-01
  254 -1.744057e-01
  255 -1.757907e-01
  256 -1.770738e-01
  257 -1.782655e-01
  258 -1.793753e-01
  259 -1.804114e-01
  260 -1.813813e-01
  261 -1.680686e-02
  262 -1.291102e-01
  263 -7.008371e-02
  264 -1.180867e-01
  265 -1.019608e-01
  266 -1.251206e-01
  267 -1.241090e-01
  268 -1.372073e-01
  269 -1.409230e-01
  270 -1.494429e-01
  271 -1.540919e-01
  272 -1.601493e-01
  273 -1.644331e-01
  274 -1.689286e-01
  275 -1.724882e-01
  276 -1.758761e-01
  277 -1.786952e-01
  278 -1.812542e-01
  279 -1.834298e-01
  280 -1.853578e-01
  281 -1.870120e-01
  282 -1.884602e-01
  283 -1.897082e-01
  284 -1.907948e-01
  285 -1.917344e-01
  286 -1.925519e-01
  287 -1.932619e-01
  288 -1.938817e-01
  289 -1.944238e-01
  290 -1.949005e-01
  291 -1.953216e-01
  292 -1.956960e-01
  293 -1.960312e-01
  294 -1.963336e-01
  295 -1.966085e-01
  296 -1.968607e-01
  297 -1.970940e-01
  298 -1.973116e-01
  299 -1.975161e-01
  300 -1.977099e-01
  301 -1.978946e-01
  302 -1.980719e-01
  303 -1.982428e-01
  304 -1.984082e-01
  305 -1.985690e-01
  306 -1.987257e-01
  307 -1.988787e-01
  308 -1.990283e-01
  309 -1.991748e-01
  310 -1.993182e-01
  311 -1.994587e-01
  312 -1.995963e-01
  313 -1.997311e-01
  314 -1.998629e-01
  315 -1.999918e-01
  316 -2.001178e-01
  317 -2.002407e-01
  318 -2.003605e-01
  319 -2.004773e-01
  320 -2.005908e-01
  321 -2.007012e-01
  322 -2.008083e-01
  323 -2.009122e-01
  324 -2.010127e-01
  325 -2.011100e-01
  326 -2.012039e-01
  327 -2.012945e-01
  328 -2.013819e-01
  329 -2.014659e-01
  330 -2.015468e-01
  331 -2.016244e-01
  332 -2.016988e-01
  333 -2.017701e-01
  334 -2.018383e-01
  335 -2.019035e-01
  336 -2.019657e-01
  337 -2.020250e-01
  338 -2.020814e-01
  339 -2.021351e-01
  340 -2.021860e-01
  341 -2.022342e-01
  342 -2.022799e-01
  343 -2.023230e-01
  344 -2.023637e-01
  345 -2.024020e-01
  346 -2.024380e-01
  347 -2.024718e-01
  348 -2.025033e-01
  349 -2.025328e-01
  350 -2.025602e-01
  351 -2.025856e-01
  352 -2.026091e-01
  353 -2.026308e-01
  354 -2.026507e-01
  355 -2.026689e-01
  356 -2.026854e-01
  357 -2.027003e-01
  358 -2.027136e-01
  359 -2.027255e-01
  360 -2.027359e-01
  361 -2.027449e-01
  362 -2.027526e-01
  363 -2.027590e-01
  364 -2.027641e-01
  365 -2.027681e-01
  366 -2.027709e-01
  367 -2.027727e-01
  368 -2.027734e-01
  369 -2.027730e-01
  370 -2.027717e-01
  371 -2.027695e-01
  372 -2.027663e-01
  373 -2.027623e-01
  374 -2.027575e-01
  375 -2.027519e-01
  376 -2.027455e-01
  377 -2.027384e-01
  378 -2.027306e-01
  379 -2.027222e-01
  380 -2.027131e-01
  381 -2.027034e-01
  382 -2.026932e-01
  383 -2.026824e-01
  384 -2.026710e-01
  385 -2.026592e-01
  386 -2.026469e-01
  387 -2.026341e-01
  388 -2.026209e-01
  389 -2.026073e-01
  390 -2.025934e-01
  391 -6.162907e-01
  392 -3.376585e-01
  393 -4.872288e-01
  394 -3.691147e-01
  395 -4.112219e-01
  396 -3.550230e-01
  397 -3.591687e-01
  398 -3.279622e-01
  399 -3.201412e-01
  400 -3.002438e-01
  401 -2.764730e-01
  402 -2.811863e-01
  403 -2.596266e-01
  404 -2.569199e-01
  405 -2.437740e-01
  406 -2.384792e-01
  407 -2.298176e-01
  408 -2.245599e-01
  409 -2.184935e-01
  410 -2.140812e-01
  411 -2.097206e-01
  412 -2.062841e-01
  413 -2.031423e-01
  414 -2.005847e-01
  415 -1.983481e-01
  416 -1.965124e-01
  417 -1.949556e-01
  418 -1.936853e-01
  419 -1.926369e-01
  420 -1.917958e-01
  421 -1.911229e-01
  422 -1.905993e-01
  423 -1.901990e-01
  424 -1.899048e-01
  425 -1.896983e-01
  426 -1.895654e-01
  427 -1.894928e-01
  428 -1.894697e-01
  429 -1.894865e-01
  430 -1.895352e-01
  431 -1.896089e-01
  432 -1.897018e-01
  433 -1.898089e-01
  434 -1.899264e-01
  435 -1.900508e-01
  436 -1.901794e-01
  437 -1.903100e-01
  438 -1.904408e-01
  439 -1.905705e-01
  440 -1.906980e-01
  441 -1.046279e-01
  442 -1.128408e-01
  443 -8.236839e-02
  444 -7.533790e-02
  445 -5.669042e-02
  446 -4.702802e-02
  447 -3.372880e-02
  448 -2.429717e-02
  449 -1.402842e-02
  450 -5.656925e-03
  451 2.597138e-03
  452 9.757257e-03
  453 1.651554e-02
  454 2.254129e-02
  455 2.811934e-02
  456 3.315377e-02
  457 3.777455e-02
  458 4.196879e-02
  459 4.580544e-02
  460 4.929888e-02
  461 5.249221e-02
  462 5.540682e-02
  463 5.807333e-02
  464 6.051303e-02
  465 6.274938e-02
  466 6.480131e-02
  467 6.668747e-02
  468 6.842387e-02
  469 7.002556e-02
  470 7.150579e-02
  471 7.287671e-02
  472 7.414912e-02
  473 7.533282e-02
  474 7.643655e-02
  475 7.746815e-02
  476 7.843464e-02
  477 7.934230e-02
  478 8.019671e-02
  479 8.100287e-02
  480 8.176521e-02
  481 8.248769e-02
  482 8.317383e-02
  483 8.382673e-02
  484 8.444919e-02
  485 8.504365e-02
  486 8.561232e-02
  487 8.615712e-02
  488 8.667980e-02
  489 8.718189e-02
  490 8.766475e-02
  491 8.812960e-02
  492 8.857753e-02
  493 8.900952e-02
  494 8.942643e-02
  495 8.982905e-02
  496 9.021809e-02
  497 9.059418e-02
  498 9.095791e-02
  499 9.130980e-02
  500 9.165033e-02
  501 9.197996e-02
  502 9.229908e-02
  503 9.260808e-02
  504 9.290731e-02
  505 9.319711e-02
  506 9.347777e-02
  507 9.374960e-02
  508 9.401286e-02
  509 9.426783e-02
  510 9.451475e-02
  511 9.475386e-02
  512 9.498539e-02
  513 9.520957e-02
  514 9.542659e-02
  515 9.563668e-02
  516 9.584003e-02
  517 9.603682e-02
  518 9.622725e-02
  519 9.641150e-02
  520 9.658974e-02
  521 9.676215e-02
  522 9.692889e-02
  523 9.709012e-02
  524 9.724600e-02
  525 9.739668e-02
  526 9.754232e-02
  527 9.768305e-02
  528 9.781903e-02
  529 9.795039e-02
  530 9.807726e-02
  531 9.819978e-02
  532 9.831807e-02
  533 9.843226e-02
  534 9.854247e-02
  535 9.864881e-02
  536 9.875141e-02
  537 9.885037e-02
  538 9.894580e-02
  539 9.903781e-02
  540 9.912650e-02
  541 9.921198e-02
  542 9.929433e-02
  543 9.937365e-02
  544 9.945004e-02
  545 9.952359e-02
  546 9.959438e-02
  547 9.966249e-02
  548 9.972802e-02
  549 9.979103e-02
  550 9.985161e-02
  551 9.990983e-02
  552 9.996576e-02
  553 1.000195e-01
  554 1.000711e-01
  555 1.001206e-01
  556 1.001680e-01
  557 1.002136e-01
  558 1.002572e-01
  559 1.002990e-01
  560 1.003391e-01
  561 1.003774e-01
  562 1.004141e-01
  563 1.004492e-01
  564 1.004827e-01
  565 1.005147e-01
  566 1.005453e-01
  567 1.005744e-01
  568 1.006022e-01
  569 1.006287e-01
  570 1.006539e-01
  571 1.006778e-01
  572 1.007006e-01
  573 1.007222e-01
  574 1.007427e-01
  575 1.007621e-01
  576 1.007804e-01
  577 1.007978e-01
  578 1.008142e-01
  579 1.008296e-01
  580 1.008442e-01
  581 1.008578e-01
  582 1.008706e-01
  583 1.008826e-01
  584 1.008938e-01
  585 1.009043e-01
  586 1.009140e-01
  587 1.009229e-01
  588 1.009312e-01
  589 1.009389e-01
  590 1.009459e-01
  591 1.009523e-01
  592 1.009581e-01
  593 1.009633e-01
  594 1.009680e-01
  595 1.009721e-01
  596 1.009757e-01
  597 1.009789e-01
  598 1.009815e-01
  599 1.009837e-01
  600 1.009855e-01
  601 1.245942e-01
  602 9.209451e-02
  603 1.132385e-01
  604 1.003764e-01
  605 1.097952e-01
  606 1.061484e-01
  607 1.108085e-01
  608 1.105802e-01
  609 1.133782e-01
  610 1.143017e-01
  611 1.162719e-01
  612 1.174684e-01
  613 1.189697e-01
  614 1.201009e-01
  615 1.212623e-01
  616 1.222065e-01
  617 1.230850e-01
  618 1.238102e-01
  619 1.244430e-01
  620 1.249555e-01
  621 1.253754e-01
  622 1.256971e-01
  623 1.259359e-01
  624 1.260944e-01
  625 1.261826e-01
  626 1.262058e-01
  627 1.261717e-01
  628 1.260860e-01
  629 1.259550e-01
  630 1.257840e-01
  631 1.255781e-01
  632 1.253420e-01
  633 1.250800e-01
  634 1.247959e-01
  635 1.244933e-01
  636 1.241753e-01
  637 1.238447e-01
  638 1.235042e-01
  639 1.231559e-01
  640 1.228018e-01
  641 1.224436e-01
  642 1.220830e-01
  643 1.217212e-01
  644 1.213594e-01
  645 1.209986e-01
  646 1.206396e-01
  647 1.202832e-01
  648 1.199300e-01
  649 1.195805e-01
  650 1.192351e-01
  651 1.188942e-01
  652 1.185580e-01
  653 1.182268e-01
  654 1.179007e-01
  655 1.175798e-01
  656 1.172643e-01
  657 1.169542e-01
  658 1.166495e-01
  659 1.163503e-01
  660 1.160564e-01
  661 2.594256e-01
  662 2.456557e-01
  663 2.963601e-01
  664 3.079929e-01
  665 3.389852e-01
  666 3.550002e-01
  667 3.770746e-01
  668 3.927009e-01
  669 4.097206e-01
  670 4.235767e-01
  671 4.372358e-01
  672 4.490707e-01
  673 4.602353e-01
  674 4.701786e-01
  675 4.793758e-01
  676 4.876672e-01
  677 4.952698e-01
  678 5.021623e-01
  679 5.084600e-01
  680 5.141871e-01
  681 5.194155e-01
  682 5.241811e-01
  683 5.285351e-01
  684 5.325132e-01
  685 5.361546e-01
  686 5.394909e-01
  687 5.425534e-01
  688 5.453687e-01
  689 5.479620e-01
  690 5.503555e-01
  691 5.525694e-01
  692 5.546217e-01
  693 5.565288e-01
  694 5.583053e-01
  695 5.599642e-01
  696 5.615171e-01
  697 5.629746e-01
  698 5.643458e-01
  699 5.656392e-01
  700 5.668619e-01
  701 5.680207e-01
  702 5.691212e-01
  703 5.701687e-01
  704 5.711677e-01
  705 5.721223e-01
  706 5.730360e-01
  707 5.739120e-01
  708 5.747532e-01
  709 5.755621e-01
  710 5.763408e-01
  711 5.770914e-01
  712 5.778157e-01
  713 5.785150e-01
  714 5.791910e-01
  715 5.798448e-01
  716 5.804776e-01
  717 5.810903e-01
  718 5.816839e-01
  719 5.822592e-01
  720 5.828170e-01
  721 5.833579e-01
  722 5.838827e-01
  723 5.843918e-01
  724 5.848858e-01
  725 5.853653e-01
  726 5.858307e-01
  727 5.862824e-01
  728 5.867209e-01
  729 5.871466e-01
  730 5.875598e-01
  731 5.879609e-01
  732 5.883503e-01
  733 5.887283e-01
  734 5.890952e-01
  735 5.894513e-01
  736 5.897970e-01
  737 5.901324e-01
  738 5.904580e-01
  739 5.907740e-01
  740 5.910805e-01
  741 5.913780e-01
  742 5.916666e-01
  743 5.919467e-01
  744 5.922183e-01
  745 5.924818e-01
  746 5.927374e-01
  747 5.929853e-01
  748 5.932258e-01
  749 5.934590e-01
  750 5.936851e-01
  751 5.939043e-01
  752 5.941169e-01
  753 5.943230e-01
  754 5.945229e-01
  755 5.947166e-01
  756 5.949044e-01
  757 5.950864e-01
  758 5.952628e-01
  759 5.954338e-01
  760 5.955995e-01
  761 5.957600e-01
  762 5.959156e-01
  763 5.960663e-01
  764 5.962124e-01
  765 5.963539e-01
  766 5.964910e-01
  767 5.966237e-01
  768 5.967523e-01
  769 5.968769e-01
  770 5.969975e-01
  771 5.971143e-01
  772 5.972274e-01
  773 5.973370e-01
  774 5.974430e-01
  775 5.975456e-01
  776 5.976450e-01
  777 5.977412e-01
  778 5.978343e-01
  779 5.979244e-01
  780 5.980115e-01
  781 5.980959e-01
  782 5.981775e-01
  783 5.982565e-01
  784 5.983328e-01
  785 5.984067e-01
  786 5.984782e-01
  787 5.985472e-01
  788 5.986140e-01
  789 5.986786e-01
  790 5.987411e-01
  791 5.988014e-01
  792 5.988598e-01
  793 5.989161e-01
  794 5.989706e-01
  795 5.990232e-01
  796 5.990741e-01
  797 5.991232e-01
  798 5.991706e-01
  799 5.992164e-01
  800 5.992606e-01
