    1     0
    2     0
    3     0
    4     0
    5     0
    6     0
    7     0
    8     0
    9     0
   10     0
   11     0
   12     0
   13 -6.794229e-01
   14 2.092338e-01
   15 -7.388471e-01
   16 5.198575e-01
   17 -8.627615e-01
   18 9.115902e-01
   19 -1.101041e+00
   20 1.409570e+00
   21 -1.505088e+00
   22 2.063419e+00
   23 -2.139407e+00
   24 2.950072e+00
   25 -3.093044e+00
   26 4.181358e+00
   27 -4.493284e+00
   28 5.916927e+00
   29 -6.523708e+00
   30 8.383956e+00
   31 -9.449155e+00
   32 1.190609e+01
   33 -1.365098e+01
   34 1.694525e+01
   35 -1.967734e+01
   36 2.416177e+01
   37 -2.831507e+01
   38 3.450054e+01
   39 -4.069272e+01
   40 4.931455e+01
   41 -5.842818e+01
   42 7.054177e+01
   43 -8.384028e+01
   44 1.009586e+02
   45 -1.202519e+02
   46 1.445432e+02
   47 -1.724247e+02
   48 2.069952e+02
   49 -2.471816e+02
   50 2.964820e+02
   51 -3.542990e+02
   52 4.247059e+02
   53 -5.077852e+02
   54 6.084355e+02
   55 -7.277128e+02
   56 8.716976e+02
   57 -1.042843e+03
   58 1.248920e+03
   59 -1.494387e+03
   60 1.789435e+03
   61 -2.141397e+03
   62 2.563927e+03
   63 -3.068484e+03
   64 3.673681e+03
   65 -4.396890e+03
   66 5.263826e+03
   67 -6.300338e+03
   68 7.542311e+03
   69 -9.027751e+03
   70 1.080711e+04
   71 -1.293581e+04
   72 1.548517e+04
   73 -1.853558e+04
   74 2.218827e+04
   75 -2.655940e+04
   76 3.179302e+04
   77 -3.805656e+04
   78 4.555546e+04
   79 -5.453061e+04
   80 6.527540e+04
   81 -7.813596e+04
   82 9.353171e+04
   83 -1.119596e+05
   84 1.340196e+05
   85 -1.604248e+05
   86 1.920339e+05
   87 -2.298697e+05
   88 2.751615e+05
   89 -3.293759e+05
   90 3.942734e+05
   91 -4.719563e+05
   92 5.649464e+05
   93 -6.762570e+05
   94 8.095004e+05
   95 -9.689955e+05
   96 1.159917e+06
   97 -1.388455e+06
   98 1.662022e+06
   99 -1.989489e+06
  100 2.381479e+06
  101 -2.850700e+06
  102 3.412374e+06
  103 -4.084712e+06
  104 4.889523e+06
  105 -5.852904e+06
  106 7.006100e+06
  107 -8.386510e+06
  108 1.003890e+07
  109 -1.201686e+07
  110 1.438455e+07
  111 -1.721873e+07
  112 2.061133e+07
  113 -2.467238e+07
  114 2.953357e+07
  115 -3.535256e+07
  116 4.231807e+07
  117 -5.065599e+07
  118 6.063673e+07
  119 -7.258397e+07
  120 8.688517e+07
  121 -1.040041e+08
  122 1.244960e+08
  123 -1.490255e+08
  124 1.783879e+08
  125 -2.135357e+08
  126 2.556085e+08
  127 -3.059710e+08
  128 3.662564e+08
  129 -4.384199e+08
  130 5.248016e+08
  131 -6.282032e+08
  132 7.519779e+08
  133 -9.001399e+08
  134 1.077494e+09
  135 -1.289793e+09
  136 1.543920e+09
  137 -1.848119e+09
  138 2.212253e+09
  139 -2.648133e+09
  140 3.169893e+09
  141 -3.794457e+09
  142 4.542078e+09
  143 -5.437002e+09
  144 6.508254e+09
  145 -7.790573e+09
  146 9.325548e+09
  147 -1.116296e+10
  148 1.336239e+10
  149 -1.599518e+10
  150 1.914671e+10
  151 -2.291918e+10
  152 2.743494e+10
  153 -3.284044e+10
  154 3.931099e+10
  155 -4.705643e+10
  156 5.632794e+10
  157 -6.742622e+10
  158 8.071120e+10
  159 -9.661371e+10
  160 1.156495e+11
  161 -1.384359e+11
  162 1.657119e+11
  163 -1.983620e+11
  164 2.374453e+11
  165 -2.842290e+11
  166 3.402306e+11
  167 -4.072662e+11
  168 4.875097e+11
  169 -5.835637e+11
  170 6.985431e+11
  171 -8.361769e+11
  172 1.000929e+12
  173 -1.198141e+12
  174 1.434211e+12
  175 -1.716793e+12
  176 2.055052e+12
  177 -2.459959e+12
  178 2.944644e+12
  179 -3.524827e+12
  180 4.219322e+12
  181 -5.050654e+12
  182 6.045784e+12
  183 -7.236983e+12
  184 8.662884e+12
  185 -1.036973e+13
  186 1.241288e+13
  187 -1.485858e+13
  188 1.778616e+13
  189 -2.129057e+13
  190 2.548544e+13
  191 -3.050684e+13
  192 3.651759e+13
  193 -4.371264e+13
  194 5.232534e+13
  195 -6.263498e+13
  196 7.497594e+13
  197 -8.974843e+13
  198 1.074315e+14
  199 -1.285988e+14
  200 1.539365e+14
  201 -1.842666e+14
  202 2.205726e+14
  203 -2.640320e+14
  204 3.160542e+14
  205 -3.783263e+14
  206 452867787874817
  207 -5.420962e+14
  208 6.489053e+14
  209 -7.767590e+14
  210 9.298036e+14
  211 -1.113003e+15
  212 1332297264744458
  213 -1.594799e+15
  214 1909022460573488
  215 -2.285157e+15
  216 2.735401e+15
  217 -3274355963292238
  218 3919501561317127
  219 -4691760047286859
  220 5616176444107862
  221 -6722730389760158
  222 8047308403355444
  223 -9632867716570482
  224 11530829414495340
  225 -13802746066729732
  226 16522297931411584
  227 -19777682470911212
  228 23674474673188640
  229 -28339050941684432
  230 33922687593345244
  231 -40606466882890720
  232 48607149659752808
  233 -58184205113443264
  234 69648225587795632
  235 -83370999364380320
  236 99797568083797600
  237 -119460659838240048
  238 142997966012582384
  239 -171172822177838336
  240 204898963735923584
  241 -245270159163704864
  242 293595681887954304
  243 -351442771175964160
  244 420687459085178944
  245 -503575411835581568
  246 602794758742691456
  247 -721563270619680000
  248 863732714918160128
  249 -1033913771940393472
  250 1237625563261339136
  251 -1481474641703916544
  252 1773369247664881664
  253 -2122775780317463296
  254 2541025801274134528
  255 -3041683527110309888
  256 3640985728856484352
  257 -4358368304781905920
  258 5217096603698073600
  259 -6245019940708238336
  260 7475474775031894016
  261 -8948365840733007872
  262 1.071146e+19
  263 -1.282194e+19
  264 1.534824e+19
  265 -1.837230e+19
  266 2.199219e+19
  267 -2.632531e+19
  268 3.151218e+19
  269 -3.772101e+19
  270 4.515317e+19
  271 -5.404969e+19
  272 6.469909e+19
  273 -7.744674e+19
  274 9.270605e+19
  275 -1.109719e+20
  276 1.328367e+20
  277 -1.590095e+20
  278 1.903390e+20
  279 -2.278415e+20
  280 2.727331e+20
  281 -3.264696e+20
  282 3.907938e+20
  283 -4.677919e+20
  284 5.599608e+20
  285 -6.702897e+20
  286 8.023567e+20
  287 -9.604449e+20
  288 1.149681e+21
  289 -1.376203e+21
  290 1.647355e+21
  291 -1.971933e+21
  292 2.360463e+21
  293 -2.825545e+21
  294 3.382261e+21
  295 -4.048667e+21
  296 4.846375e+21
  297 -5.801255e+21
  298 6.944275e+21
  299 -8.312504e+21
  300 9.950315e+21
  301 -1.191082e+22
  302 1.425761e+22
  303 -1.706678e+22
  304 2.042945e+22
  305 -2.445466e+22
  306 2.927295e+22
  307 -3.504060e+22
  308 4.194464e+22
  309 -5.020898e+22
  310 6.010164e+22
  311 -7.194345e+22
  312 8.611845e+22
  313 -1.030864e+23
  314 1.233974e+23
  315 -1.477104e+23
  316 1.768137e+23
  317 -2.116513e+23
  318 2.533529e+23
  319 -3.032710e+23
  320 3.630244e+23
  321 -4.345510e+23
  322 5.201705e+23
  323 -6.226596e+23
  324 7.453421e+23
  325 -8.921967e+23
  326 1.067986e+24
  327 -1.278411e+24
  328 1.530296e+24
  329 -1.831810e+24
  330 2.192731e+24
  331 -2.624764e+24
  332 3.141921e+24
  333 -3.760973e+24
  334 4.501996e+24
  335 -5.389024e+24
  336 6.450822e+24
  337 -7.721826e+24
  338 9.243255e+24
  339 -1.106445e+25
  340 1.324448e+25
  341 -1.585403e+25
  342 1.897775e+25
  343 -2.271693e+25
  344 2.719285e+25
  345 -3.255065e+25
  346 3.896409e+25
  347 -4.664118e+25
  348 5.583088e+25
  349 -6.683122e+25
  350 7.999896e+25
  351 -9.576114e+25
  352 1.146289e+26
  353 -1.372142e+26
  354 1.642495e+26
  355 -1.966116e+26
  356 2.353499e+26
  357 -2.817209e+26
  358 3.372283e+26
  359 -4.036723e+26
  360 4.832077e+26
  361 -5.784140e+26
  362 6.923788e+26
  363 -8.287981e+26
  364 9.920959e+26
  365 -1.187568e+27
  366 1.421555e+27
  367 -1.701643e+27
  368 2.036918e+27
  369 -2.438251e+27
  370 2.918659e+27
  371 -3.493722e+27
  372 4.182089e+27
  373 -5.006085e+27
  374 5.992433e+27
  375 -7.173121e+27
  376 8.586439e+27
  377 -1.027822e+28
  378 1.230334e+28
  379 -1.472746e+28
  380 1.762921e+28
  381 -2.110269e+28
  382 2.526055e+28
  383 -3.023763e+28
  384 3.619534e+28
  385 -4.332690e+28
  386 5.186359e+28
  387 -6.208226e+28
  388 7.431432e+28
  389 -8.895645e+28
  390 1.064835e+29
  391 -1.274639e+29
  392 1.525781e+29
  393 -1.826406e+29
  394 2.186262e+29
  395 -2.617021e+29
  396 3.132652e+29
  397 -3.749877e+29
  398 4.488715e+29
  399 -5.373125e+29
  400 6.431791e+29
  401 -7.699045e+29
  402 9.215986e+29
  403 -1.103181e+30
  404 1.320540e+30
  405 -1.580726e+30
  406 1.892176e+30
  407 -2.264991e+30
  408 2.711262e+30
  409 -3.245462e+30
  410 3.884914e+30
  411 -4.650358e+30
  412 5.566617e+30
  413 -6.663406e+30
  414 7.976295e+30
  415 -9.547863e+30
  416 1.142908e+31
  417 -1.368094e+31
  418 1.637650e+31
  419 -1.960316e+31
  420 2.346556e+31
  421 -2.808897e+31
  422 3.362334e+31
  423 -4.024814e+31
  424 4.817822e+31
  425 -5.767076e+31
  426 6.903362e+31
  427 -8.263530e+31
  428 9.891691e+31
  429 -1.184065e+32
  430 1.417361e+32
  431 -1.696623e+32
  432 2.030908e+32
  433 -2.431058e+32
  434 2.910049e+32
  435 -3.483415e+32
  436 4.169751e+32
  437 -4.991316e+32
  438 5.974754e+32
  439 -7.151959e+32
  440 8.561107e+32
  441 -1.024790e+33
  442 1.226704e+33
  443 -1.468401e+33
  444 1.757720e+33
  445 -2.104043e+33
  446 2.518603e+33
  447 -3.014842e+33
  448 3.608856e+33
  449 -4.319908e+33
  450 5.171059e+33
  451 -6.189911e+33
  452 7.409508e+33
  453 -8.869401e+33
  454 1.061694e+34
  455 -1.270879e+34
  456 1.521280e+34
  457 -1.821017e+34
  458 2.179812e+34
  459 -2.609300e+34
  460 3.123410e+34
  461 -3.738814e+34
  462 4.475472e+34
  463 -5.357273e+34
  464 6.412816e+34
  465 -7.676331e+34
  466 9.188797e+34
  467 -1.099926e+35
  468 1.316645e+35
  469 -1.576063e+35
  470 1.886594e+35
  471 -2.258309e+35
  472 2.703263e+35
  473 -3.235887e+35
  474 3.873453e+35
  475 -4.636638e+35
  476 5.550194e+35
  477 -6.643748e+35
  478 7.952764e+35
  479 -9.519695e+35
  480 1.139536e+36
  481 -1.364058e+36
  482 1.632818e+36
  483 -1.954532e+36
  484 2.339633e+36
  485 -2.800611e+36
  486 3.352414e+36
  487 -4.012940e+36
  488 4.803608e+36
  489 -5.750062e+36
  490 6.882996e+36
  491 -8.239151e+36
  492 9.862509e+36
  493 -1.180572e+37
  494 1.413179e+37
  495 -1.691618e+37
  496 2.024917e+37
  497 -2.423886e+37
  498 2.901463e+37
  499 -3.473138e+37
  500 4.157450e+37
  501 -4.976591e+37
  502 5.957128e+37
  503 -7.130859e+37
  504 8.535851e+37
  505 -1.021767e+38
  506 1.223085e+38
  507 -1.464069e+38
  508 1.752535e+38
  509 -2.097836e+38
  510 2.511172e+38
  511 -3.005948e+38
  512 3.598209e+38
  513 -4.307164e+38
  514 5.155803e+38
  515 -6.171650e+38
  516 7.387648e+38
  517 -8.843235e+38
  518 1.058562e+39
  519 -1.267130e+39
  520 1.516792e+39
  521 -1.815645e+39
  522 2.173381e+39
  523 -2.601602e+39
  524 3.114195e+39
  525 -3.727784e+39
  526 4.462269e+39
  527 -5.341469e+39
  528 6.393897e+39
  529 -7.653685e+39
  530 9.161689e+39
  531 -1.096681e+40
  532 1.312760e+40
  533 -1.571413e+40
  534 1.881028e+40
  535 -2.251647e+40
  536 2.695288e+40
  537 -3.226340e+40
  538 3.862025e+40
  539 -4.622959e+40
  540 5.533820e+40
  541 -6.624147e+40
  542 7.929302e+40
  543 -9.491610e+40
  544 1.136174e+41
  545 -1.360034e+41
  546 1.628001e+41
  547 -1.948766e+41
  548 2.332731e+41
  549 -2.792348e+41
  550 3.342524e+41
  551 -4.001101e+41
  552 4.789437e+41
  553 -5.733098e+41
  554 6.862690e+41
  555 -8.214844e+41
  556 9.833412e+41
  557 -1.177089e+42
  558 1.409010e+42
  559 -1.686627e+42
  560 2.018943e+42
  561 -2.416735e+42
  562 2.892904e+42
  563 -3.462892e+42
  564 4.145184e+42
  565 -4.961909e+42
  566 5.939553e+42
  567 -7.109822e+42
  568 8.510668e+42
  569 -1.018752e+43
  570 1.219477e+43
  571 -1.459750e+43
  572 1.747364e+43
  573 -2.091647e+43
  574 2.503764e+43
  575 -2.997080e+43
  576 3.587594e+43
  577 -4.294457e+43
  578 5.140592e+43
  579 -6.153442e+43
  580 7.365853e+43
  581 -8.817146e+43
  582 1.055439e+44
  583 -1.263391e+44
  584 1.512317e+44
  585 -1.810289e+44
  586 2.166969e+44
  587 -2.593927e+44
  588 3.105008e+44
  589 -3.716787e+44
  590 4.449104e+44
  591 -5.325710e+44
  592 6.375034e+44
  593 -7.631105e+44
  594 9.134660e+44
  595 -1.093446e+45
  596 1.308887e+45
  597 -1.566777e+45
  598 1.875479e+45
  599 -2.245004e+45
  600 2.687337e+45
  601 -3.216822e+45
  602 3.850632e+45
  603 -4.609321e+45
  604 5.517494e+45
  605 -6.604605e+45
  606 7.905909e+45
  607 -9.463608e+45
  608 1.132822e+46
  609 -1.356022e+46
  610 1.623198e+46
  611 -1.943017e+46
  612 2.325849e+46
  613 -2.784110e+46
  614 3.332663e+46
  615 -3.989297e+46
  616 4.775307e+46
  617 -5.716185e+46
  618 6.842443e+46
  619 -8.190608e+46
  620 9.804402e+46
  621 -1.173616e+47
  622 1.404853e+47
  623 -1.681651e+47
  624 2.012987e+47
  625 -2.409605e+47
  626 2.884369e+47
  627 -3.452676e+47
  628 4.132955e+47
  629 -4.947271e+47
  630 5.922030e+47
  631 -7.088846e+47
  632 8.485560e+47
  633 -1.015747e+48
  634 1.215879e+48
  635 -1.455444e+48
  636 1.742209e+48
  637 -2.085476e+48
  638 2.496377e+48
  639 -2.988238e+48
  640 3.577010e+48
  641 -4.281787e+48
  642 5.125427e+48
  643 -6.135288e+48
  644 7.344123e+48
  645 -8.791134e+48
  646 1.052325e+49
  647 -1.259664e+49
  648 1.507856e+49
  649 -1.804948e+49
  650 2.160576e+49
  651 -2.586274e+49
  652 3.095847e+49
  653 -3.705821e+49
  654 4.435979e+49
  655 -5.309998e+49
  656 6.356226e+49
  657 -7.608592e+49
  658 9.107711e+49
  659 -1.090220e+50
  660 1.305026e+50
  661 -1.562155e+50
  662 1.869946e+50
  663 -2.238381e+50
  664 2.679409e+50
  665 -3.207332e+50
  666 3.839272e+50
  667 -4.595723e+50
  668 5.501217e+50
  669 -6.585120e+50
  670 7.882585e+50
  671 -9.435689e+50
  672 1.129480e+51
  673 -1.352021e+51
  674 1.618410e+51
  675 -1.937285e+51
  676 2.318987e+51
  677 -2.775897e+51
  678 3.322831e+51
  679 -3.977528e+51
  680 4.761219e+51
  681 -5.699321e+51
  682 6.822257e+51
  683 -8.166445e+51
  684 9.775477e+51
  685 -1.170154e+52
  686 1.400709e+52
  687 -1.676690e+52
  688 2.007048e+52
  689 -2.402496e+52
  690 2.875860e+52
  691 -3.442490e+52
  692 4.120762e+52
  693 -4.932675e+52
  694 5.904559e+52
  695 -7.067933e+52
  696 8.460526e+52
  697 -1.012750e+53
  698 1.212292e+53
  699 -1.451150e+53
  700 1.737069e+53
  701 -2.079324e+53
  702 2.489013e+53
  703 -2.979422e+53
  704 3.566457e+53
  705 -4.269155e+53
  706 5.110306e+53
  707 -6.117188e+53
  708 7.322456e+53
  709 -8.765198e+53
  710 1.049220e+54
  711 -1.255948e+54
  712 1.503407e+54
  713 -1.799623e+54
  714 2.154202e+54
  715 -2.578644e+54
  716 3.086714e+54
  717 -3.694889e+54
  718 4.422892e+54
  719 -5.294333e+54
  720 6.337474e+54
  721 -7.586145e+54
  722 9.080842e+54
  723 -1.087004e+55
  724 1.301176e+55
  725 -1.557546e+55
  726 1.864429e+55
  727 -2.231777e+55
  728 2.671504e+55
  729 -3.197870e+55
  730 3.827945e+55
  731 -4.582164e+55
  732 5.484987e+55
  733 -6.565693e+55
  734 7.859330e+55
  735 -9.407852e+55
  736 1.126148e+56
  737 -1.348033e+56
  738 1.613635e+56
  739 -1.931569e+56
  740 2.312146e+56
  741 -2.767707e+56
  742 3.313028e+56
  743 -3.965793e+56
  744 4.747173e+56
  745 -5.682507e+56
  746 6.802130e+56
  747 -8.142352e+56
  748 9.746638e+56
  749 -1.166702e+57
  750 1.396577e+57
  751 -1.671744e+57
  752 2.001127e+57
  753 -2.395408e+57
  754 2.867375e+57
  755 -3.432334e+57
  756 4.108605e+57
  757 -4.918123e+57
  758 5.887140e+57
  759 -7.047081e+57
  760 8.435566e+57
  761 -1.009762e+58
  762 1.208716e+58
  763 -1.446869e+58
  764 1.731945e+58
  765 -2.073189e+58
  766 2.481670e+58
  767 -2.970632e+58
  768 3.555935e+58
  769 -4.256560e+58
  770 5.095229e+58
  771 -6.099141e+58
  772 7.300854e+58
  773 -8.739339e+58
  774 1.046125e+59
  775 -1.252243e+59
  776 1.498972e+59
  777 -1.794314e+59
  778 2.147847e+59
  779 -2.571037e+59
  780 3.077608e+59
  781 -3.683988e+59
  782 4.409843e+59
  783 -5.278714e+59
  784 6.318777e+59
  785 -7.563765e+59
  786 9.054052e+59
  787 -1.083797e+60
  788 1.297337e+60
  789 -1.552951e+60
  790 1.858929e+60
  791 -2.225193e+60
  792 2.663622e+60
  793 -3.188435e+60
  794 3.816652e+60
  795 -4.568646e+60
  796 5.468805e+60
  797 -6.546323e+60
  798 7.836143e+60
  799 -9.380097e+60
  800 1.122826e+61
