    1     0
    2     0
    3     0
    4     0
    5     0
    6     0
    7     0
    8     0
    9     0
   10     0
   11     0
   12     0
   13 2.995782e-01
   14 2.587137e-01
   15 3.100804e-01
   16 3.092207e-01
   17 3.161931e-01
   18 3.148236e-01
   19 3.137158e-01
   20 3.114569e-01
   21 3.094109e-01
   22 3.075255e-01
   23 3.060000e-01
   24 3.048102e-01
   25 3.039417e-01
   26 3.033455e-01
   27 3.029743e-01
   28 3.027812e-01
   29 3.027253e-01
   30 3.027718e-01
   31 3.028920e-01
   32 3.030633e-01
   33 3.032678e-01
   34 3.034916e-01
   35 3.037246e-01
   36 3.039590e-01
   37 3.041895e-01
   38 3.044121e-01
   39 3.046244e-01
   40 3.048248e-01
   41 3.050124e-01
   42 3.051870e-01
   43 3.053486e-01
   44 3.054974e-01
   45 3.056340e-01
   46 3.057590e-01
   47 3.058730e-01
   48 3.059767e-01
   49 3.060708e-01
   50 3.061559e-01
   51 3.062326e-01
   52 3.063016e-01
   53 3.063633e-01
   54 3.064184e-01
   55 3.064672e-01
   56 3.065102e-01
   57 3.065478e-01
   58 3.065804e-01
   59 3.066082e-01
   60 3.066316e-01
   61 3.066509e-01
   62 3.066663e-01
   63 3.066780e-01
   64 3.066863e-01
   65 3.066913e-01
   66 3.066933e-01
   67 3.066923e-01
   68 3.066886e-01
   69 3.066822e-01
   70 3.066733e-01
   71 3.066621e-01
   72 3.066487e-01
   73 3.066331e-01
   74 3.066155e-01
   75 3.065960e-01
   76 3.065746e-01
   77 3.065515e-01
   78 3.065267e-01
   79 3.065003e-01
   80 3.064725e-01
   81 3.064432e-01
   82 3.064126e-01
   83 3.063807e-01
   84 3.063476e-01
   85 3.063134e-01
   86 3.062780e-01
   87 3.062417e-01
   88 3.062043e-01
   89 3.061661e-01
   90 3.061270e-01
   91 3.060871e-01
   92 3.060465e-01
   93 3.060051e-01
   94 3.059631e-01
   95 3.059205e-01
   96 3.058773e-01
   97 3.058336e-01
   98 3.057894e-01
   99 3.057448e-01
  100 3.056998e-01
  101 3.056544e-01
  102 3.056086e-01
  103 3.055626e-01
  104 3.055163e-01
  105 3.054698e-01
  106 3.054230e-01
  107 3.053761e-01
  108 3.053291e-01
  109 3.052819e-01
  110 3.052346e-01
  111 3.051873e-01
  112 3.051399e-01
  113 3.050925e-01
  114 3.050451e-01
  115 3.049978e-01
  116 3.049505e-01
  117 3.049032e-01
  118 3.048560e-01
  119 3.048089e-01
  120 3.047620e-01
  121 3.047152e-01
  122 3.046685e-01
  123 3.046220e-01
  124 3.045756e-01
  125 3.045295e-01
  126 3.044835e-01
  127 3.044378e-01
  128 3.043923e-01
  129 3.043470e-01
  130 3.043020e-01
  131 3.051911e-01
  132 3.025586e-01
  133 3.011794e-01
  134 2.997506e-01
  135 2.989225e-01
  136 2.984521e-01
  137 2.983332e-01
  138 2.984533e-01
  139 2.987424e-01
  140 2.991322e-01
  141 2.995734e-01
  142 3.000291e-01
  143 3.004738e-01
  144 3.008910e-01
  145 3.012711e-01
  146 3.016092e-01
  147 3.019039e-01
  148 3.021563e-01
  149 3.023687e-01
  150 3.025445e-01
  151 3.026871e-01
  152 3.028005e-01
  153 3.028883e-01
  154 3.029538e-01
  155 3.030002e-01
  156 3.030305e-01
  157 3.030470e-01
  158 3.030520e-01
  159 3.030474e-01
  160 3.030349e-01
  161 3.030158e-01
  162 3.029913e-01
  163 3.029625e-01
  164 3.029302e-01
  165 3.028952e-01
  166 3.028580e-01
  167 3.028192e-01
  168 3.027791e-01
  169 3.027381e-01
  170 3.026965e-01
  171 3.026545e-01
  172 3.026124e-01
  173 3.025703e-01
  174 3.025283e-01
  175 3.024865e-01
  176 3.024451e-01
  177 3.024040e-01
  178 3.023635e-01
  179 3.023234e-01
  180 3.022838e-01
  181 3.022449e-01
  182 3.022065e-01
  183 3.021687e-01
  184 3.021316e-01
  185 3.020951e-01
  186 3.020592e-01
  187 3.020239e-01
  188 3.019893e-01
  189 3.019553e-01
  190 3.019220e-01
  191 3.018893e-01
  192 3.018572e-01
  193 3.018258e-01
  194 3.017949e-01
  195 3.017647e-01
  196 3.017350e-01
  197 3.017059e-01
  198 3.016775e-01
  199 3.016496e-01
  200 3.016222e-01
  201 1.232397e-01
  202 1.515688e-01
  203 1.330577e-01
  204 1.485104e-01
  205 1.595977e-01
  206 1.747685e-01
  207 1.883358e-01
  208 2.009928e-01
  209 2.119678e-01
  210 2.214312e-01
  211 2.294372e-01
  212 2.361775e-01
  213 2.418259e-01
  214 2.465585e-01
  215 2.505295e-01
  216 2.538737e-01
  217 2.567046e-01
  218 2.591164e-01
  219 2.611868e-01
  220 2.629791e-01
  221 3.122458e-02
  222 6.249276e-02
  223 8.063014e-03
  224 -1.030946e-02
  225 -3.629053e-02
  226 -5.517452e-02
  227 -7.274580e-02
  228 -8.749048e-02
  229 -1.003989e-01
  230 -1.115179e-01
  231 -1.211733e-01
  232 -1.295454e-01
  233 -1.368247e-01
  234 -1.431626e-01
  235 -1.486931e-01
  236 -1.535297e-01
  237 -1.577703e-01
  238 -1.614983e-01
  239 -1.647853e-01
  240 -1.676924e-01
  241 -1.702719e-01
  242 -1.725687e-01
  243 -1.746210e-01
  244 -1.764615e-01
  245 -1.781184e-01
  246 -1.796155e-01
  247 -1.809735e-01
  248 -1.822099e-01
  249 -1.833399e-01
  250 -1.843764e-01
  251 -1.853306e-01
  252 -1.862121e-01
  253 -1.870290e-01
  254 -1.877885e-01
  255 -1.884968e-01
  256 -1.891591e-01
  257 -1.897801e-01
  258 -1.903637e-01
  259 -1.909135e-01
  260 -1.914324e-01
  261 -1.915495e-01
  262 -1.930495e-01
  263 -1.940245e-01
  264 -1.949974e-01
  265 -1.957097e-01
  266 -1.962600e-01
  267 -1.966521e-01
  268 -1.969320e-01
  269 -1.971289e-01
  270 -1.972709e-01
  271 -1.973785e-01
  272 -1.974674e-01
  273 -1.975483e-01
  274 -1.976285e-01
  275 -1.977125e-01
  276 -1.978027e-01
  277 -1.979001e-01
  278 -1.980048e-01
  279 -1.981163e-01
  280 -1.982337e-01
  281 -1.983558e-01
  282 -1.984816e-01
  283 -1.986099e-01
  284 -1.987396e-01
  285 -1.988699e-01
  286 -1.989997e-01
  287 -1.991285e-01
  288 -1.992555e-01
  289 -1.993803e-01
  290 -1.995024e-01
  291 -1.996215e-01
  292 -1.997373e-01
  293 -1.998496e-01
  294 -1.999584e-01
  295 -2.000634e-01
  296 -2.001646e-01
  297 -2.002620e-01
  298 -2.003556e-01
  299 -2.004454e-01
  300 -2.005315e-01
  301 -2.006139e-01
  302 -2.006927e-01
  303 -2.007680e-01
  304 -2.008398e-01
  305 -2.009082e-01
  306 -2.009733e-01
  307 -2.010352e-01
  308 -2.010941e-01
  309 -2.011499e-01
  310 -2.012028e-01
  311 -2.012529e-01
  312 -2.013003e-01
  313 -2.013450e-01
  314 -2.013873e-01
  315 -2.014270e-01
  316 -2.014644e-01
  317 -2.014995e-01
  318 -2.015324e-01
  319 -2.015632e-01
  320 -2.015919e-01
  321 -2.016187e-01
  322 -2.016436e-01
  323 -2.016666e-01
  324 -2.016879e-01
  325 -2.017076e-01
  326 -2.017256e-01
  327 -2.017420e-01
  328 -2.017570e-01
  329 -2.017705e-01
  330 -2.017826e-01
  331 -2.017934e-01
  332 -2.018029e-01
  333 -2.018113e-01
  334 -2.018184e-01
  335 -2.018245e-01
  336 -2.018294e-01
  337 -2.018334e-01
  338 -2.018363e-01
  339 -2.018384e-01
  340 -2.018395e-01
  341 -2.018397e-01
  342 -2.018392e-01
  343 -2.018378e-01
  344 -2.018358e-01
  345 -2.018330e-01
  346 -2.018295e-01
  347 -2.018254e-01
  348 -2.018206e-01
  349 -2.018153e-01
  350 -2.018094e-01
  351 -2.018030e-01
  352 -2.017961e-01
  353 -2.017887e-01
  354 -2.017808e-01
  355 -2.017726e-01
  356 -2.017639e-01
  357 -2.017548e-01
  358 -2.017454e-01
  359 -2.017356e-01
  360 -2.017255e-01
  361 -2.017152e-01
  362 -2.017045e-01
  363 -2.016936e-01
  364 -2.016824e-01
  365 -2.016710e-01
  366 -2.016594e-01
  367 -2.016475e-01
  368 -2.016355e-01
  369 -2.016233e-01
  370 -2.016110e-01
  371 -2.015985e-01
  372 -2.015859e-01
  373 -2.015732e-01
  374 -2.015603e-01
  375 -2.015474e-01
  376 -2.015343e-01
  377 -2.015212e-01
  378 -2.015081e-01
  379 -2.014948e-01
  380 -2.014815e-01
  381 -2.014682e-01
  382 -2.014549e-01
  383 -2.014415e-01
  384 -2.014281e-01
  385 -2.014147e-01
  386 -2.014013e-01
  387 -2.013879e-01
  388 -2.013745e-01
  389 -2.013611e-01
  390 -2.013477e-01
  391 -2.022683e-01
  392 -1.996669e-01
  393 -1.983187e-01
  394 -1.969206e-01
  395 -1.961229e-01
  396 -1.956828e-01
  397 -1.955939e-01
  398 -1.957436e-01
  399 -1.960622e-01
  400 -1.964812e-01
  401 -1.256091e-01
  402 -1.374355e-01
  403 -1.305145e-01
  404 -1.371510e-01
  405 -1.420037e-01
  406 -1.484474e-01
  407 -1.542059e-01
  408 -1.595574e-01
  409 -1.641957e-01
  410 -1.681922e-01
  411 -1.715722e-01
  412 -1.744162e-01
  413 -1.767974e-01
  414 -1.787895e-01
  415 -1.804576e-01
  416 -1.818583e-01
  417 -1.830394e-01
  418 -1.840410e-01
  419 -1.848961e-01
  420 -1.856315e-01
  421 -1.862692e-01
  422 -1.868270e-01
  423 -1.873193e-01
  424 -1.877578e-01
  425 -1.881518e-01
  426 -1.885089e-01
  427 -1.888352e-01
  428 -1.891357e-01
  429 -1.894144e-01
  430 -1.896745e-01
  431 -1.899188e-01
  432 -1.901492e-01
  433 -1.903678e-01
  434 -1.905758e-01
  435 -1.907745e-01
  436 -1.909649e-01
  437 -1.911478e-01
  438 -1.913240e-01
  439 -1.914940e-01
  440 -1.916583e-01
  441 -5.182547e-02
  442 -6.991253e-02
  443 -3.666743e-02
  444 -2.512740e-02
  445 -9.080184e-03
  446 2.661049e-03
  447 1.357515e-02
  448 2.276040e-02
  449 3.081633e-02
  450 3.777535e-02
  451 4.383638e-02
  452 4.911047e-02
  453 5.371423e-02
  454 5.774029e-02
  455 6.127070e-02
  456 6.437483e-02
  457 6.711239e-02
  458 6.953436e-02
  459 7.168441e-02
  460 7.359987e-02
  461 7.531267e-02
  462 7.685012e-02
  463 7.823560e-02
  464 7.948911e-02
  465 8.062776e-02
  466 8.166622e-02
  467 8.261706e-02
  468 8.349107e-02
  469 8.429749e-02
  470 8.504429e-02
  471 8.573830e-02
  472 8.638541e-02
  473 8.699072e-02
  474 8.755861e-02
  475 8.809288e-02
  476 8.859683e-02
  477 8.907331e-02
  478 8.952483e-02
  479 8.995354e-02
  480 9.036136e-02
  481 9.074995e-02
  482 9.112079e-02
  483 9.147517e-02
  484 9.181423e-02
  485 9.213900e-02
  486 9.245039e-02
  487 9.274921e-02
  488 9.303620e-02
  489 9.331201e-02
  490 9.357725e-02
  491 9.383246e-02
  492 9.407814e-02
  493 9.431474e-02
  494 9.454268e-02
  495 9.476235e-02
  496 9.497410e-02
  497 9.517828e-02
  498 9.537520e-02
  499 9.556513e-02
  500 9.574837e-02
  501 9.592517e-02
  502 9.609577e-02
  503 9.626040e-02
  504 9.641928e-02
  505 9.657262e-02
  506 9.672061e-02
  507 9.686345e-02
  508 9.700132e-02
  509 9.713439e-02
  510 9.726282e-02
  511 9.738678e-02
  512 9.750641e-02
  513 9.762187e-02
  514 9.773328e-02
  515 9.784080e-02
  516 9.794454e-02
  517 9.804464e-02
  518 9.814122e-02
  519 9.823439e-02
  520 9.832427e-02
  521 9.841096e-02
  522 9.849458e-02
  523 9.857522e-02
  524 9.865298e-02
  525 9.872795e-02
  526 9.880024e-02
  527 9.886992e-02
  528 9.893709e-02
  529 9.900182e-02
  530 9.906420e-02
  531 9.912431e-02
  532 9.918221e-02
  533 9.923799e-02
  534 9.929172e-02
  535 9.934345e-02
  536 9.939327e-02
  537 9.944123e-02
  538 9.948739e-02
  539 9.953182e-02
  540 9.957456e-02
  541 9.961569e-02
  542 9.965525e-02
  543 9.969330e-02
  544 9.972988e-02
  545 9.976505e-02
  546 9.979885e-02
  547 9.983133e-02
  548 9.986254e-02
  549 9.989251e-02
  550 9.992129e-02
  551 9.994892e-02
  552 9.997544e-02
  553 1.000009e-01
  554 1.000253e-01
  555 1.000487e-01
  556 1.000712e-01
  557 1.000927e-01
  558 1.001133e-01
  559 1.001330e-01
  560 1.001519e-01
  561 1.001700e-01
  562 1.001873e-01
  563 1.002039e-01
  564 1.002197e-01
  565 1.002349e-01
  566 1.002493e-01
  567 1.002631e-01
  568 1.002763e-01
  569 1.002889e-01
  570 1.003008e-01
  571 1.003122e-01
  572 1.003231e-01
  573 1.003335e-01
  574 1.003433e-01
  575 1.003526e-01
  576 1.003615e-01
  577 1.003699e-01
  578 1.003779e-01
  579 1.003855e-01
  580 1.003927e-01
  581 1.003994e-01
  582 1.004058e-01
  583 1.004119e-01
  584 1.004176e-01
  585 1.004229e-01
  586 1.004280e-01
  587 1.004327e-01
  588 1.004371e-01
  589 1.004413e-01
  590 1.004452e-01
  591 1.004488e-01
  592 1.004521e-01
  593 1.004552e-01
  594 1.004581e-01
  595 1.004608e-01
  596 1.004632e-01
  597 1.004654e-01
  598 1.004675e-01
  599 1.004693e-01
  600 1.004710e-01
  601 2.253214e-01
  602 2.054740e-01
  603 2.184149e-01
  604 2.075814e-01
  605 1.998039e-01
  606 1.891681e-01
  607 1.796550e-01
  608 1.707794e-01
  609 1.630813e-01
  610 1.564416e-01
  611 1.508222e-01
  612 1.460891e-01
  613 1.421205e-01
  614 1.387932e-01
  615 1.359991e-01
  616 1.336441e-01
  617 1.316486e-01
  618 1.299466e-01
  619 1.284838e-01
  620 1.272159e-01
  621 1.261069e-01
  622 1.251279e-01
  623 1.242553e-01
  624 1.234704e-01
  625 1.227579e-01
  626 1.221058e-01
  627 1.215040e-01
  628 1.209448e-01
  629 1.204217e-01
  630 1.199296e-01
  631 1.194641e-01
  632 1.190220e-01
  633 1.186003e-01
  634 1.181967e-01
  635 1.178094e-01
  636 1.174367e-01
  637 1.170773e-01
  638 1.167301e-01
  639 1.163942e-01
  640 1.160686e-01
  641 1.157528e-01
  642 1.154461e-01
  643 1.151479e-01
  644 1.148578e-01
  645 1.145754e-01
  646 1.143003e-01
  647 1.140322e-01
  648 1.137707e-01
  649 1.135156e-01
  650 1.132667e-01
  651 1.130236e-01
  652 1.127862e-01
  653 1.125543e-01
  654 1.123277e-01
  655 1.121061e-01
  656 1.118895e-01
  657 1.116777e-01
  658 1.114705e-01
  659 1.112678e-01
  660 1.110695e-01
  661 3.441953e-01
  662 3.141173e-01
  663 3.695894e-01
  664 3.888831e-01
  665 4.156860e-01
  666 4.353095e-01
  667 4.535522e-01
  668 4.689112e-01
  669 4.823861e-01
  670 4.940309e-01
  671 5.041774e-01
  672 5.130108e-01
  673 5.207254e-01
  674 5.274759e-01
  675 5.333990e-01
  676 5.386104e-01
  677 5.432097e-01
  678 5.472820e-01
  679 5.509001e-01
  680 5.541263e-01
  681 5.570138e-01
  682 5.596083e-01
  683 5.619486e-01
  684 5.640682e-01
  685 5.659957e-01
  686 5.677555e-01
  687 5.693686e-01
  688 5.708530e-01
  689 5.722241e-01
  690 5.734953e-01
  691 5.746780e-01
  692 5.757820e-01
  693 5.768158e-01
  694 5.777867e-01
  695 5.787012e-01
  696 5.795646e-01
  697 5.803818e-01
  698 5.811570e-01
  699 5.818937e-01
  700 5.825952e-01
  701 5.832643e-01
  702 5.839035e-01
  703 5.845148e-01
  704 5.851002e-01
  705 5.856615e-01
  706 5.862002e-01
  707 5.867175e-01
  708 5.872149e-01
  709 5.876933e-01
  710 5.881537e-01
  711 5.885972e-01
  712 5.890245e-01
  713 5.894364e-01
  714 5.898335e-01
  715 5.902166e-01
  716 5.905863e-01
  717 5.909431e-01
  718 5.912875e-01
  719 5.916200e-01
  720 5.919411e-01
  721 5.922513e-01
  722 5.925509e-01
  723 5.928403e-01
  724 5.931199e-01
  725 5.933901e-01
  726 5.936511e-01
  727 5.939033e-01
  728 5.941470e-01
  729 5.943826e-01
  730 5.946101e-01
  731 5.948301e-01
  732 5.950426e-01
  733 5.952480e-01
  734 5.954464e-01
  735 5.956382e-01
  736 5.958235e-01
  737 5.960026e-01
  738 5.961756e-01
  739 5.963427e-01
  740 5.965042e-01
  741 5.966602e-01
  742 5.968109e-01
  743 5.969565e-01
  744 5.970971e-01
  745 5.972329e-01
  746 5.973641e-01
  747 5.974908e-01
  748 5.976131e-01
  749 5.977313e-01
  750 5.978454e-01
  751 5.979555e-01
  752 5.980618e-01
  753 5.981644e-01
  754 5.982635e-01
  755 5.983591e-01
  756 5.984514e-01
  757 5.985404e-01
  758 5.986264e-01
  759 5.987093e-01
  760 5.987892e-01
  761 5.988664e-01
  762 5.989408e-01
  763 5.990126e-01
  764 5.990818e-01
  765 5.991485e-01
  766 5.992128e-01
  767 5.992748e-01
  768 5.993346e-01
  769 5.993922e-01
  770 5.994477e-01
  771 5.995012e-01
  772 5.995527e-01
  773 5.996023e-01
  774 5.996501e-01
  775 5.996961e-01
  776 5.997404e-01
  777 5.997831e-01
  778 5.998241e-01
  779 5.998636e-01
  780 5.999016e-01
  781 5.999382e-01
  782 5.999733e-01
  783 6.000072e-01
  784 6.000397e-01
  785 6.000709e-01
  786 6.001010e-01
  787 6.001298e-01
  788 6.001575e-01
  789 6.001841e-01
  790 6.002097e-01
  791 6.002342e-01
  792 6.002578e-01
  793 6.002804e-01
  794 6.003020e-01
  795 6.003228e-01
  796 6.003427e-01
  797 6.003618e-01
  798 6.003801e-01
  799 6.003976e-01
  800 6.004144e-01
