    1     0
    2     0
    3     0
    4     0
    5     0
    6     0
    7     0
    8     0
    9     0
   10     0
   11     0
   12     0
   13 3.476006e-01
   14 4.494594e-01
   15 4.844975e-01
   16 5.007658e-01
   17 5.123294e-01
   18 5.232363e-01
   19 5.345935e-01
   20 5.466460e-01
   21 5.593871e-01
   22 5.727378e-01
   23 5.866003e-01
   24 6.008737e-01
   25 6.154589e-01
   26 6.302604e-01
   27 6.451868e-01
   28 6.601518e-01
   29 6.750739e-01
   30 6.898773e-01
   31 7.044916e-01
   32 7.188519e-01
   33 7.328995e-01
   34 7.465814e-01
   35 7.598505e-01
   36 7.726655e-01
   37 7.849910e-01
   38 7.967970e-01
   39 8.080592e-01
   40 8.187583e-01
   41 8.288801e-01
   42 8.384152e-01
   43 8.473585e-01
   44 8.557093e-01
   45 8.634705e-01
   46 8.706487e-01
   47 8.772537e-01
   48 8.832982e-01
   49 8.887973e-01
   50 8.937685e-01
   51 8.982312e-01
   52 9.022064e-01
   53 9.057165e-01
   54 9.087850e-01
   55 9.114361e-01
   56 9.136947e-01
   57 9.155859e-01
   58 9.171350e-01
   59 9.183672e-01
   60 9.193075e-01
   61 9.199804e-01
   62 9.204101e-01
   63 9.206198e-01
   64 9.206322e-01
   65 9.204689e-01
   66 9.201508e-01
   67 9.196976e-01
   68 9.191280e-01
   69 9.184597e-01
   70 9.177092e-01
   71 9.168917e-01
   72 9.160217e-01
   73 9.151122e-01
   74 9.141753e-01
   75 9.132219e-01
   76 9.122618e-01
   77 9.113040e-01
   78 9.103562e-01
   79 9.094255e-01
   80 9.085177e-01
   81 9.076382e-01
   82 9.067911e-01
   83 9.059802e-01
   84 9.052084e-01
   85 9.044778e-01
   86 9.037903e-01
   87 9.031467e-01
   88 9.025479e-01
   89 9.019940e-01
   90 9.014847e-01
   91 9.010194e-01
   92 9.005973e-01
   93 9.002172e-01
   94 8.998777e-01
   95 8.995772e-01
   96 8.993140e-01
   97 8.990862e-01
   98 8.988918e-01
   99 8.987289e-01
  100 8.985952e-01
  101 8.984888e-01
  102 8.984074e-01
  103 8.983491e-01
  104 8.983118e-01
  105 8.982934e-01
  106 8.982921e-01
  107 8.983059e-01
  108 8.983330e-01
  109 8.983717e-01
  110 8.984204e-01
  111 8.984776e-01
  112 8.985418e-01
  113 8.986116e-01
  114 8.986859e-01
  115 8.987635e-01
  116 8.988434e-01
  117 8.989245e-01
  118 8.990061e-01
  119 8.990874e-01
  120 8.991677e-01
  121 8.992464e-01
  122 8.993231e-01
  123 8.993972e-01
  124 8.994684e-01
  125 8.995364e-01
  126 8.996009e-01
  127 8.996619e-01
  128 8.997191e-01
  129 8.997724e-01
  130 8.998219e-01
  131 1.227322e+00
  132 1.321739e+00
  133 1.349315e+00
  134 1.354919e+00
  135 1.352069e+00
  136 1.345014e+00
  137 1.335247e+00
  138 1.323429e+00
  139 1.309955e+00
  140 1.295121e+00
  141 1.279179e+00
  142 1.262350e+00
  143 1.244836e+00
  144 1.226818e+00
  145 1.208462e+00
  146 1.189918e+00
  147 1.171321e+00
  148 1.152794e+00
  149 1.134449e+00
  150 1.116385e+00
  151 1.098691e+00
  152 1.081444e+00
  153 1.064714e+00
  154 1.048559e+00
  155 1.033029e+00
  156 1.018168e+00
  157 1.004007e+00
  158 9.905750e-01
  159 9.778903e-01
  160 9.659660e-01
  161 9.548090e-01
  162 9.444202e-01
  163 9.347957e-01
  164 9.259267e-01
  165 9.178000e-01
  166 9.103989e-01
  167 9.037029e-01
  168 8.976889e-01
  169 8.923311e-01
  170 8.876016e-01
  171 8.834708e-01
  172 8.799076e-01
  173 8.768799e-01
  174 8.743549e-01
  175 8.722994e-01
  176 8.706800e-01
  177 8.694635e-01
  178 8.686170e-01
  179 8.681082e-01
  180 8.679053e-01
  181 8.679778e-01
  182 8.682959e-01
  183 8.688312e-01
  184 8.695563e-01
  185 8.704455e-01
  186 8.714743e-01
  187 8.726195e-01
  188 8.738598e-01
  189 8.751750e-01
  190 8.765467e-01
  191 8.779578e-01
  192 8.793927e-01
  193 8.808374e-01
  194 8.822792e-01
  195 8.837067e-01
  196 8.851100e-01
  197 8.864803e-01
  198 8.878100e-01
  199 8.890927e-01
  200 8.903231e-01
  201 9.884273e-02
  202 -1.352710e-01
  203 -2.148502e-01
  204 -2.482169e-01
  205 -2.673590e-01
  206 -2.817481e-01
  207 -2.942320e-01
  208 -3.057033e-01
  209 -3.164714e-01
  210 -3.266673e-01
  211 -3.363630e-01
  212 -3.456076e-01
  213 -3.544390e-01
  214 -3.628880e-01
  215 -3.709798e-01
  216 -3.787351e-01
  217 -3.861714e-01
  218 -3.933028e-01
  219 -4.001414e-01
  220 -4.066969e-01
  221 -4.159187e-01
  222 -4.183131e-01
  223 -4.190214e-01
  224 -4.194650e-01
  225 -4.200865e-01
  226 -4.210280e-01
  227 -4.223327e-01
  228 -4.240068e-01
  229 -4.260390e-01
  230 -4.284076e-01
  231 -4.310842e-01
  232 -4.340354e-01
  233 -4.372249e-01
  234 -4.406145e-01
  235 -4.441653e-01
  236 -4.478383e-01
  237 -4.515957e-01
  238 -4.554008e-01
  239 -4.592192e-01
  240 -4.630185e-01
  241 -4.667691e-01
  242 -4.704441e-01
  243 -4.740193e-01
  244 -4.774736e-01
  245 -4.807888e-01
  246 -4.839495e-01
  247 -4.869431e-01
  248 -4.897597e-01
  249 -4.923917e-01
  250 -4.948343e-01
  251 -4.970845e-01
  252 -4.991414e-01
  253 -5.010061e-01
  254 -5.026811e-01
  255 -5.041706e-01
  256 -5.054798e-01
  257 -5.066153e-01
  258 -5.075844e-01
  259 -5.083952e-01
  260 -5.090565e-01
  261 -6.078138e-01
  262 -6.365164e-01
  263 -6.450471e-01
  264 -6.468756e-01
  265 -6.460680e-01
  266 -6.439080e-01
  267 -6.408533e-01
  268 -6.371115e-01
  269 -6.328099e-01
  270 -6.280459e-01
  271 -6.229033e-01
  272 -6.174563e-01
  273 -6.117726e-01
  274 -6.059135e-01
  275 -5.999349e-01
  276 -5.938876e-01
  277 -5.878177e-01
  278 -5.817671e-01
  279 -5.757733e-01
  280 -5.698700e-01
  281 -5.640873e-01
  282 -5.584516e-01
  283 -5.529859e-01
  284 -5.477103e-01
  285 -5.426416e-01
  286 -5.377938e-01
  287 -5.331783e-01
  288 -5.288037e-01
  289 -5.246764e-01
  290 -5.208007e-01
  291 -5.171785e-01
  292 -5.138101e-01
  293 -5.106938e-01
  294 -5.078266e-01
  295 -5.052039e-01
  296 -5.028199e-01
  297 -5.006676e-01
  298 -4.987390e-01
  299 -4.970256e-01
  300 -4.955178e-01
  301 -4.942057e-01
  302 -4.930788e-01
  303 -4.921265e-01
  304 -4.913376e-01
  305 -4.907013e-01
  306 -4.902064e-01
  307 -4.898418e-01
  308 -4.895966e-01
  309 -4.894602e-01
  310 -4.894222e-01
  311 -4.894723e-01
  312 -4.896009e-01
  313 -4.897987e-01
  314 -4.900566e-01
  315 -4.903662e-01
  316 -4.907196e-01
  317 -4.911093e-01
  318 -4.915282e-01
  319 -4.919699e-01
  320 -4.924284e-01
  321 -4.928981e-01
  322 -4.933741e-01
  323 -4.938519e-01
  324 -4.943274e-01
  325 -4.947970e-01
  326 -4.952574e-01
  327 -4.957060e-01
  328 -4.961404e-01
  329 -4.965586e-01
  330 -4.969588e-01
  331 -4.973398e-01
  332 -4.977006e-01
  333 -4.980403e-01
  334 -4.983585e-01
  335 -4.986549e-01
  336 -4.989294e-01
  337 -4.991822e-01
  338 -4.994135e-01
  339 -4.996239e-01
  340 -4.998137e-01
  341 -4.999838e-01
  342 -5.001348e-01
  343 -5.002677e-01
  344 -5.003832e-01
  345 -5.004825e-01
  346 -5.005663e-01
  347 -5.006358e-01
  348 -5.006919e-01
  349 -5.007356e-01
  350 -5.007680e-01
  351 -5.007901e-01
  352 -5.008027e-01
  353 -5.008069e-01
  354 -5.008036e-01
  355 -5.007935e-01
  356 -5.007777e-01
  357 -5.007568e-01
  358 -5.007316e-01
  359 -5.007027e-01
  360 -5.006710e-01
  361 -5.006369e-01
  362 -5.006010e-01
  363 -5.005638e-01
  364 -5.005258e-01
  365 -5.004874e-01
  366 -5.004491e-01
  367 -5.004110e-01
  368 -5.003736e-01
  369 -5.003370e-01
  370 -5.003016e-01
  371 -5.002674e-01
  372 -5.002347e-01
  373 -5.002036e-01
  374 -5.001741e-01
  375 -5.001464e-01
  376 -5.001204e-01
  377 -5.000963e-01
  378 -5.000740e-01
  379 -5.000535e-01
  380 -5.000348e-01
  381 -5.000179e-01
  382 -5.000027e-01
  383 -4.999891e-01
  384 -4.999772e-01
  385 -4.999667e-01
  386 -4.999577e-01
  387 -4.999501e-01
  388 -4.999437e-01
  389 -4.999385e-01
  390 -4.999345e-01
  391 -6.636587e-01
  392 -7.108440e-01
  393 -7.246122e-01
  394 -7.273961e-01
  395 -7.259564e-01
  396 -7.224159e-01
  397 -7.175218e-01
  398 -7.116044e-01
  399 -7.048606e-01
  400 -6.974387e-01
  401 -2.365190e-01
  402 -9.368719e-02
  403 -3.885527e-02
  404 -1.021667e-02
  405 1.042441e-02
  406 2.840506e-02
  407 4.528483e-02
  408 6.151274e-02
  409 7.721100e-02
  410 9.240569e-02
  411 1.070948e-01
  412 1.212688e-01
  413 1.349164e-01
  414 1.480272e-01
  415 1.605922e-01
  416 1.726041e-01
  417 1.840574e-01
  418 1.949489e-01
  419 2.052774e-01
  420 2.150439e-01
  421 2.242515e-01
  422 2.329055e-01
  423 2.410129e-01
  424 2.485830e-01
  425 2.556266e-01
  426 2.621562e-01
  427 2.681858e-01
  428 2.737310e-01
  429 2.788082e-01
  430 2.834352e-01
  431 2.876305e-01
  432 2.914134e-01
  433 2.948037e-01
  434 2.978216e-01
  435 3.004878e-01
  436 3.028228e-01
  437 3.048475e-01
  438 3.065824e-01
  439 3.080477e-01
  440 3.092637e-01
  441 3.120143e-01
  442 3.106185e-01
  443 3.081756e-01
  444 3.055532e-01
  445 3.030313e-01
  446 3.007086e-01
  447 2.986242e-01
  448 2.967941e-01
  449 2.952229e-01
  450 2.939081e-01
  451 2.928423e-01
  452 2.920141e-01
  453 2.914093e-01
  454 2.910116e-01
  455 2.908034e-01
  456 2.907661e-01
  457 2.908807e-01
  458 2.911282e-01
  459 2.914900e-01
  460 2.919480e-01
  461 2.924850e-01
  462 2.930846e-01
  463 2.937317e-01
  464 2.944121e-01
  465 2.951130e-01
  466 2.958229e-01
  467 2.965313e-01
  468 2.972292e-01
  469 2.979086e-01
  470 2.985627e-01
  471 2.991859e-01
  472 2.997735e-01
  473 3.003220e-01
  474 3.008284e-01
  475 3.012909e-01
  476 3.017083e-01
  477 3.020801e-01
  478 3.024063e-01
  479 3.026875e-01
  480 3.029249e-01
  481 3.031199e-01
  482 3.032742e-01
  483 3.033900e-01
  484 3.034694e-01
  485 3.035150e-01
  486 3.035293e-01
  487 3.035149e-01
  488 3.034745e-01
  489 3.034108e-01
  490 3.033264e-01
  491 3.032239e-01
  492 3.031058e-01
  493 3.029746e-01
  494 3.028325e-01
  495 3.026819e-01
  496 3.025247e-01
  497 3.023628e-01
  498 3.021981e-01
  499 3.020322e-01
  500 3.018665e-01
  501 3.017025e-01
  502 3.015412e-01
  503 3.013839e-01
  504 3.012313e-01
  505 3.010843e-01
  506 3.009434e-01
  507 3.008094e-01
  508 3.006825e-01
  509 3.005632e-01
  510 3.004516e-01
  511 3.003478e-01
  512 3.002520e-01
  513 3.001641e-01
  514 3.000840e-01
  515 3.000116e-01
  516 2.999467e-01
  517 2.998891e-01
  518 2.998384e-01
  519 2.997944e-01
  520 2.997568e-01
  521 2.997251e-01
  522 2.996991e-01
  523 2.996784e-01
  524 2.996625e-01
  525 2.996512e-01
  526 2.996439e-01
  527 2.996404e-01
  528 2.996403e-01
  529 2.996432e-01
  530 2.996487e-01
  531 2.996567e-01
  532 2.996666e-01
  533 2.996783e-01
  534 2.996914e-01
  535 2.997057e-01
  536 2.997209e-01
  537 2.997368e-01
  538 2.997533e-01
  539 2.997700e-01
  540 2.997869e-01
  541 2.998037e-01
  542 2.998204e-01
  543 2.998367e-01
  544 2.998527e-01
  545 2.998682e-01
  546 2.998831e-01
  547 2.998974e-01
  548 2.999110e-01
  549 2.999239e-01
  550 2.999360e-01
  551 2.999473e-01
  552 2.999578e-01
  553 2.999676e-01
  554 2.999766e-01
  555 2.999847e-01
  556 2.999921e-01
  557 2.999988e-01
  558 3.000048e-01
  559 3.000100e-01
  560 3.000146e-01
  561 3.000186e-01
  562 3.000219e-01
  563 3.000247e-01
  564 3.000270e-01
  565 3.000288e-01
  566 3.000302e-01
  567 3.000311e-01
  568 3.000317e-01
  569 3.000319e-01
  570 3.000319e-01
  571 3.000315e-01
  572 3.000310e-01
  573 3.000302e-01
  574 3.000293e-01
  575 3.000282e-01
  576 3.000270e-01
  577 3.000257e-01
  578 3.000243e-01
  579 3.000228e-01
  580 3.000213e-01
  581 3.000198e-01
  582 3.000183e-01
  583 3.000168e-01
  584 3.000154e-01
  585 3.000139e-01
  586 3.000125e-01
  587 3.000111e-01
  588 3.000098e-01
  589 3.000086e-01
  590 3.000074e-01
  591 3.000063e-01
  592 3.000052e-01
  593 3.000043e-01
  594 3.000034e-01
  595 3.000025e-01
  596 3.000018e-01
  597 3.000011e-01
  598 3.000005e-01
  599 2.999999e-01
  600 2.999994e-01
  601 6.963260e-01
  602 8.139393e-01
  603 8.542540e-01
  604 8.714303e-01
  605 8.814616e-01
  606 8.890834e-01
  607 8.957197e-01
  608 9.018172e-01
  609 9.075313e-01
  610 9.129280e-01
  611 9.180444e-01
  612 9.229061e-01
  613 9.275333e-01
  614 9.319427e-01
  615 9.361483e-01
  616 9.401620e-01
  617 9.439938e-01
  618 9.476525e-01
  619 9.511455e-01
  620 9.544794e-01
  621 9.576597e-01
  622 9.606914e-01
  623 9.635791e-01
  624 9.663269e-01
  625 9.689386e-01
  626 9.714177e-01
  627 9.737676e-01
  628 9.759917e-01
  629 9.780932e-01
  630 9.800753e-01
  631 9.819414e-01
  632 9.836947e-01
  633 9.853386e-01
  634 9.868763e-01
  635 9.883115e-01
  636 9.896475e-01
  637 9.908880e-01
  638 9.920366e-01
  639 9.930970e-01
  640 9.940728e-01
  641 9.949679e-01
  642 9.957859e-01
  643 9.965307e-01
  644 9.972059e-01
  645 9.978154e-01
  646 9.983629e-01
  647 9.988519e-01
  648 9.992861e-01
  649 9.996691e-01
  650 1.000004e+00
  651 1.000295e+00
  652 1.000545e+00
  653 1.000756e+00
  654 1.000933e+00
  655 1.001078e+00
  656 1.001194e+00
  657 1.001283e+00
  658 1.001349e+00
  659 1.001393e+00
  660 1.001418e+00
  661 1.004368e+00
  662 1.000742e+00
  663 9.956793e-01
  664 9.905966e-01
  665 9.859336e-01
  666 9.818292e-01
  667 9.783237e-01
  668 9.754202e-01
  669 9.731043e-01
  670 9.713508e-01
  671 9.701277e-01
  672 9.693976e-01
  673 9.691201e-01
  674 9.692521e-01
  675 9.697497e-01
  676 9.705688e-01
  677 9.716657e-01
  678 9.729981e-01
  679 9.745251e-01
  680 9.762079e-01
  681 9.780103e-01
  682 9.798983e-01
  683 9.818410e-01
  684 9.838100e-01
  685 9.857798e-01
  686 9.877280e-01
  687 9.896345e-01
  688 9.914823e-01
  689 9.932567e-01
  690 9.949456e-01
  691 9.965393e-01
  692 9.980299e-01
  693 9.994118e-01
  694 1.000681e+00
  695 1.001836e+00
  696 1.002875e+00
  697 1.003800e+00
  698 1.004611e+00
  699 1.005312e+00
  700 1.005907e+00
  701 1.006400e+00
  702 1.006795e+00
  703 1.007099e+00
  704 1.007318e+00
  705 1.007456e+00
  706 1.007522e+00
  707 1.007520e+00
  708 1.007458e+00
  709 1.007342e+00
  710 1.007177e+00
  711 1.006971e+00
  712 1.006729e+00
  713 1.006456e+00
  714 1.006158e+00
  715 1.005839e+00
  716 1.005505e+00
  717 1.005160e+00
  718 1.004808e+00
  719 1.004452e+00
  720 1.004096e+00
  721 1.003743e+00
  722 1.003395e+00
  723 1.003055e+00
  724 1.002725e+00
  725 1.002407e+00
  726 1.002102e+00
  727 1.001811e+00
  728 1.001536e+00
  729 1.001277e+00
  730 1.001034e+00
  731 1.000808e+00
  732 1.000599e+00
  733 1.000407e+00
  734 1.000232e+00
  735 1.000074e+00
  736 9.999315e-01
  737 9.998048e-01
  738 9.996932e-01
  739 9.995960e-01
  740 9.995125e-01
  741 9.994420e-01
  742 9.993837e-01
  743 9.993367e-01
  744 9.993004e-01
  745 9.992738e-01
  746 9.992561e-01
  747 9.992466e-01
  748 9.992444e-01
  749 9.992489e-01
  750 9.992591e-01
  751 9.992745e-01
  752 9.992943e-01
  753 9.993180e-01
  754 9.993448e-01
  755 9.993743e-01
  756 9.994058e-01
  757 9.994390e-01
  758 9.994733e-01
  759 9.995083e-01
  760 9.995437e-01
  761 9.995790e-01
  762 9.996142e-01
  763 9.996487e-01
  764 9.996825e-01
  765 9.997152e-01
  766 9.997468e-01
  767 9.997771e-01
  768 9.998060e-01
  769 9.998334e-01
  770 9.998592e-01
  771 9.998833e-01
  772 9.999058e-01
  773 9.999266e-01
  774 9.999458e-01
  775 9.999633e-01
  776 9.999792e-01
  777 9.999935e-01
  778 1.000006e+00
  779 1.000018e+00
  780 1.000028e+00
  781 1.000036e+00
  782 1.000043e+00
  783 1.000050e+00
  784 1.000055e+00
  785 1.000059e+00
  786 1.000062e+00
  787 1.000064e+00
  788 1.000065e+00
  789 1.000066e+00
  790 1.000066e+00
  791 1.000065e+00
  792 1.000064e+00
  793 1.000063e+00
  794 1.000061e+00
  795 1.000059e+00
  796 1.000056e+00
  797 1.000054e+00
  798 1.000051e+00
  799 1.000048e+00
  800 1.000045e+00
