    1     0
    2     0
    3     0
    4     0
    5     0
    6     0
    7     0
    8     0
    9     0
   10     0
   11     0
   12     0
   13 2.307569e-01
   14 2.275808e-01
   15 2.681768e-01
   16 2.799561e-01
   17 2.899506e-01
   18 2.943406e-01
   19 2.967258e-01
   20 2.976467e-01
   21 2.979153e-01
   22 2.978773e-01
   23 2.977660e-01
   24 2.976934e-01
   25 2.977130e-01
   26 2.978402e-01
   27 2.980706e-01
   28 2.983898e-01
   29 2.987796e-01
   30 2.992214e-01
   31 2.996981e-01
   32 3.001950e-01
   33 3.006998e-01
   34 3.012028e-01
   35 3.016965e-01
   36 3.021755e-01
   37 3.026359e-01
   38 3.030750e-01
   39 3.034914e-01
   40 3.038843e-01
   41 3.042536e-01
   42 3.045996e-01
   43 3.049230e-01
   44 3.052245e-01
   45 3.055053e-01
   46 3.057663e-01
   47 3.060087e-01
   48 3.062336e-01
   49 3.064420e-01
   50 3.066350e-01
   51 3.068135e-01
   52 3.069786e-01
   53 3.071311e-01
   54 3.072717e-01
   55 3.074013e-01
   56 3.075205e-01
   57 3.076300e-01
   58 3.077304e-01
   59 3.078222e-01
   60 3.079060e-01
   61 3.079822e-01
   62 3.080512e-01
   63 3.081134e-01
   64 3.081693e-01
   65 3.082191e-01
   66 3.082632e-01
   67 3.083018e-01
   68 3.083353e-01
   69 3.083639e-01
   70 3.083878e-01
   71 3.084073e-01
   72 3.084226e-01
   73 3.084338e-01
   74 3.084412e-01
   75 3.084449e-01
   76 3.084452e-01
   77 3.084421e-01
   78 3.084359e-01
   79 3.084267e-01
   80 3.084145e-01
   81 3.083997e-01
   82 3.083822e-01
   83 3.083622e-01
   84 3.083398e-01
   85 3.083152e-01
   86 3.082884e-01
   87 3.082595e-01
   88 3.082287e-01
   89 3.081960e-01
   90 3.081615e-01
   91 3.081254e-01
   92 3.080877e-01
   93 3.080485e-01
   94 3.080078e-01
   95 3.079658e-01
   96 3.079225e-01
   97 3.078780e-01
   98 3.078323e-01
   99 3.077856e-01
  100 3.077379e-01
  101 3.076892e-01
  102 3.076396e-01
  103 3.075892e-01
  104 3.075380e-01
  105 3.074861e-01
  106 3.074335e-01
  107 3.073803e-01
  108 3.073265e-01
  109 3.072722e-01
  110 3.072174e-01
  111 3.071621e-01
  112 3.071064e-01
  113 3.070504e-01
  114 3.069941e-01
  115 3.069374e-01
  116 3.068805e-01
  117 3.068234e-01
  118 3.067661e-01
  119 3.067086e-01
  120 3.066510e-01
  121 3.065934e-01
  122 3.065356e-01
  123 3.064778e-01
  124 3.064199e-01
  125 3.063621e-01
  126 3.063043e-01
  127 3.062465e-01
  128 3.061888e-01
  129 3.061312e-01
  130 3.060738e-01
  131 3.065767e-01
  132 3.055290e-01
  133 3.047766e-01
  134 3.040248e-01
  135 3.034785e-01
  136 3.031076e-01
  137 3.029041e-01
  138 3.028338e-01
  139 3.028646e-01
  140 3.029660e-01
  141 3.031124e-01
  142 3.032831e-01
  143 3.034628e-01
  144 3.036402e-01
  145 3.038074e-01
  146 3.039597e-01
  147 3.040942e-01
  148 3.042096e-01
  149 3.043059e-01
  150 3.043837e-01
  151 3.044440e-01
  152 3.044884e-01
  153 3.045182e-01
  154 3.045351e-01
  155 3.045407e-01
  156 3.045363e-01
  157 3.045233e-01
  158 3.045029e-01
  159 3.044762e-01
  160 3.044442e-01
  161 3.044077e-01
  162 3.043676e-01
  163 3.043244e-01
  164 3.042787e-01
  165 3.042309e-01
  166 3.041816e-01
  167 3.041311e-01
  168 3.040797e-01
  169 3.040276e-01
  170 3.039750e-01
  171 3.039222e-01
  172 3.038693e-01
  173 3.038165e-01
  174 3.037638e-01
  175 3.037113e-01
  176 3.036592e-01
  177 3.036075e-01
  178 3.035562e-01
  179 3.035054e-01
  180 3.034551e-01
  181 3.034054e-01
  182 3.033563e-01
  183 3.033078e-01
  184 3.032599e-01
  185 3.032126e-01
  186 3.031660e-01
  187 3.031200e-01
  188 3.030747e-01
  189 3.030300e-01
  190 3.029860e-01
  191 3.029426e-01
  192 3.028999e-01
  193 3.028578e-01
  194 3.028163e-01
  195 3.027755e-01
  196 3.027353e-01
  197 3.026958e-01
  198 3.026568e-01
  199 3.026185e-01
  200 3.025808e-01
  201 1.751467e-01
  202 1.735447e-01
  203 1.580928e-01
  204 1.613290e-01
  205 1.672744e-01
  206 1.764721e-01
  207 1.863148e-01
  208 1.961183e-01
  209 2.052916e-01
  210 2.136162e-01
  211 2.210081e-01
  212 2.274846e-01
  213 2.331100e-01
  214 2.379722e-01
  215 2.421653e-01
  216 2.457811e-01
  217 2.489043e-01
  218 2.516105e-01
  219 2.539654e-01
  220 2.560254e-01
  221 6.340480e-02
  222 7.430322e-02
  223 3.235794e-02
  224 1.026287e-02
  225 -1.338554e-02
  226 -3.296601e-02
  227 -5.053828e-02
  228 -6.590685e-02
  229 -7.947422e-02
  230 -9.142904e-02
  231 -1.019836e-01
  232 -1.113105e-01
  233 -1.195642e-01
  234 -1.268791e-01
  235 -1.333724e-01
  236 -1.391468e-01
  237 -1.442917e-01
  238 -1.488851e-01
  239 -1.529952e-01
  240 -1.566811e-01
  241 -1.599947e-01
  242 -1.629810e-01
  243 -1.656794e-01
  244 -1.681241e-01
  245 -1.703450e-01
  246 -1.723683e-01
  247 -1.742166e-01
  248 -1.759099e-01
  249 -1.774653e-01
  250 -1.788983e-01
  251 -1.802219e-01
  252 -1.814477e-01
  253 -1.825860e-01
  254 -1.836456e-01
  255 -1.846344e-01
  256 -1.855592e-01
  257 -1.864261e-01
  258 -1.872403e-01
  259 -1.880066e-01
  260 -1.887290e-01
  261 -1.891873e-01
  262 -1.902290e-01
  263 -1.911186e-01
  264 -1.919767e-01
  265 -1.927236e-01
  266 -1.933733e-01
  267 -1.939309e-01
  268 -1.944118e-01
  269 -1.948302e-01
  270 -1.951998e-01
  271 -1.955319e-01
  272 -1.958361e-01
  273 -1.961194e-01
  274 -1.963872e-01
  275 -1.966437e-01
  276 -1.968914e-01
  277 -1.971322e-01
  278 -1.973673e-01
  279 -1.975974e-01
  280 -1.978228e-01
  281 -1.980435e-01
  282 -1.982596e-01
  283 -1.984709e-01
  284 -1.986772e-01
  285 -1.988783e-01
  286 -1.990740e-01
  287 -1.992642e-01
  288 -1.994487e-01
  289 -1.996275e-01
  290 -1.998005e-01
  291 -1.999675e-01
  292 -2.001287e-01
  293 -2.002841e-01
  294 -2.004336e-01
  295 -2.005774e-01
  296 -2.007155e-01
  297 -2.008480e-01
  298 -2.009750e-01
  299 -2.010967e-01
  300 -2.012131e-01
  301 -2.013244e-01
  302 -2.014307e-01
  303 -2.015321e-01
  304 -2.016288e-01
  305 -2.017209e-01
  306 -2.018086e-01
  307 -2.018919e-01
  308 -2.019711e-01
  309 -2.020462e-01
  310 -2.021174e-01
  311 -2.021848e-01
  312 -2.022485e-01
  313 -2.023087e-01
  314 -2.023654e-01
  315 -2.024189e-01
  316 -2.024691e-01
  317 -2.025163e-01
  318 -2.025604e-01
  319 -2.026018e-01
  320 -2.026403e-01
  321 -2.026762e-01
  322 -2.027095e-01
  323 -2.027403e-01
  324 -2.027688e-01
  325 -2.027949e-01
  326 -2.028189e-01
  327 -2.028407e-01
  328 -2.028604e-01
  329 -2.028782e-01
  330 -2.028942e-01
  331 -2.029082e-01
  332 -2.029206e-01
  333 -2.029313e-01
  334 -2.029403e-01
  335 -2.029478e-01
  336 -2.029539e-01
  337 -2.029585e-01
  338 -2.029617e-01
  339 -2.029636e-01
  340 -2.029643e-01
  341 -2.029638e-01
  342 -2.029621e-01
  343 -2.029593e-01
  344 -2.029555e-01
  345 -2.029507e-01
  346 -2.029449e-01
  347 -2.029382e-01
  348 -2.029306e-01
  349 -2.029222e-01
  350 -2.029129e-01
  351 -2.029030e-01
  352 -2.028923e-01
  353 -2.028809e-01
  354 -2.028688e-01
  355 -2.028562e-01
  356 -2.028429e-01
  357 -2.028291e-01
  358 -2.028148e-01
  359 -2.028000e-01
  360 -2.027847e-01
  361 -2.027689e-01
  362 -2.027527e-01
  363 -2.027362e-01
  364 -2.027192e-01
  365 -2.027019e-01
  366 -2.026843e-01
  367 -2.026664e-01
  368 -2.026482e-01
  369 -2.026297e-01
  370 -2.026110e-01
  371 -2.025920e-01
  372 -2.025728e-01
  373 -2.025535e-01
  374 -2.025339e-01
  375 -2.025142e-01
  376 -2.024944e-01
  377 -2.024744e-01
  378 -2.024543e-01
  379 -2.024341e-01
  380 -2.024137e-01
  381 -2.023934e-01
  382 -2.023729e-01
  383 -2.023524e-01
  384 -2.023318e-01
  385 -2.023112e-01
  386 -2.022906e-01
  387 -2.022700e-01
  388 -2.022493e-01
  389 -2.022287e-01
  390 -2.022080e-01
  391 -2.027477e-01
  392 -2.017366e-01
  393 -2.010207e-01
  394 -2.003053e-01
  395 -1.997952e-01
  396 -1.994603e-01
  397 -1.992926e-01
  398 -1.992580e-01
  399 -1.993244e-01
  400 -1.994612e-01
  401 -1.486839e-01
  402 -1.482634e-01
  403 -1.423115e-01
  404 -1.438320e-01
  405 -1.464257e-01
  406 -1.503048e-01
  407 -1.544238e-01
  408 -1.585075e-01
  409 -1.623196e-01
  410 -1.657732e-01
  411 -1.688359e-01
  412 -1.715160e-01
  413 -1.738407e-01
  414 -1.758468e-01
  415 -1.775733e-01
  416 -1.790586e-01
  417 -1.803378e-01
  418 -1.814424e-01
  419 -1.823997e-01
  420 -1.832333e-01
  421 -1.839631e-01
  422 -1.846059e-01
  423 -1.851758e-01
  424 -1.856844e-01
  425 -1.861416e-01
  426 -1.865553e-01
  427 -1.869322e-01
  428 -1.872778e-01
  429 -1.875969e-01
  430 -1.878930e-01
  431 -1.881696e-01
  432 -1.884290e-01
  433 -1.886736e-01
  434 -1.889053e-01
  435 -1.891255e-01
  436 -1.893355e-01
  437 -1.895365e-01
  438 -1.897294e-01
  439 -1.899150e-01
  440 -1.900940e-01
  441 -7.360688e-02
  442 -7.934994e-02
  443 -5.348585e-02
  444 -3.961465e-02
  445 -2.488068e-02
  446 -1.264555e-02
  447 -1.664195e-03
  448 7.953700e-03
  449 1.645592e-02
  450 2.396085e-02
  451 3.060019e-02
  452 3.648097e-02
  453 4.169898e-02
  454 4.633717e-02
  455 5.046808e-02
  456 5.415495e-02
  457 5.745292e-02
  458 6.041003e-02
  459 6.306817e-02
  460 6.546383e-02
  461 6.762880e-02
  462 6.959081e-02
  463 7.137400e-02
  464 7.299943e-02
  465 7.448546e-02
  466 7.584811e-02
  467 7.710135e-02
  468 7.825740e-02
  469 7.932690e-02
  470 8.031919e-02
  471 8.124242e-02
  472 8.210373e-02
  473 8.290939e-02
  474 8.366487e-02
  475 8.437502e-02
  476 8.504407e-02
  477 8.567575e-02
  478 8.627336e-02
  479 8.683982e-02
  480 8.737769e-02
  481 8.788927e-02
  482 8.837658e-02
  483 8.884142e-02
  484 8.928540e-02
  485 8.970997e-02
  486 9.011641e-02
  487 9.050589e-02
  488 9.087944e-02
  489 9.123802e-02
  490 9.158248e-02
  491 9.191359e-02
  492 9.223206e-02
  493 9.253855e-02
  494 9.283365e-02
  495 9.311790e-02
  496 9.339180e-02
  497 9.365583e-02
  498 9.391041e-02
  499 9.415596e-02
  500 9.439283e-02
  501 9.462140e-02
  502 9.484198e-02
  503 9.505489e-02
  504 9.526042e-02
  505 9.545884e-02
  506 9.565043e-02
  507 9.583542e-02
  508 9.601405e-02
  509 9.618655e-02
  510 9.635314e-02
  511 9.651401e-02
  512 9.666937e-02
  513 9.681940e-02
  514 9.696427e-02
  515 9.710417e-02
  516 9.723926e-02
  517 9.736970e-02
  518 9.749564e-02
  519 9.761723e-02
  520 9.773462e-02
  521 9.784793e-02
  522 9.795730e-02
  523 9.806286e-02
  524 9.816474e-02
  525 9.826305e-02
  526 9.835790e-02
  527 9.844941e-02
  528 9.853769e-02
  529 9.862285e-02
  530 9.870497e-02
  531 9.878416e-02
  532 9.886051e-02
  533 9.893412e-02
  534 9.900507e-02
  535 9.907346e-02
  536 9.913935e-02
  537 9.920283e-02
  538 9.926399e-02
  539 9.932288e-02
  540 9.937960e-02
  541 9.943421e-02
  542 9.948677e-02
  543 9.953736e-02
  544 9.958603e-02
  545 9.963285e-02
  546 9.967789e-02
  547 9.972119e-02
  548 9.976282e-02
  549 9.980283e-02
  550 9.984127e-02
  551 9.987820e-02
  552 9.991366e-02
  553 9.994771e-02
  554 9.998039e-02
  555 1.000117e-01
  556 1.000418e-01
  557 1.000706e-01
  558 1.000983e-01
  559 1.001248e-01
  560 1.001501e-01
  561 1.001744e-01
  562 1.001977e-01
  563 1.002199e-01
  564 1.002412e-01
  565 1.002615e-01
  566 1.002809e-01
  567 1.002994e-01
  568 1.003171e-01
  569 1.003340e-01
  570 1.003500e-01
  571 1.003654e-01
  572 1.003799e-01
  573 1.003938e-01
  574 1.004070e-01
  575 1.004195e-01
  576 1.004314e-01
  577 1.004426e-01
  578 1.004533e-01
  579 1.004634e-01
  580 1.004729e-01
  581 1.004820e-01
  582 1.004904e-01
  583 1.004984e-01
  584 1.005060e-01
  585 1.005130e-01
  586 1.005197e-01
  587 1.005259e-01
  588 1.005316e-01
  589 1.005370e-01
  590 1.005420e-01
  591 1.005467e-01
  592 1.005510e-01
  593 1.005549e-01
  594 1.005585e-01
  595 1.005618e-01
  596 1.005649e-01
  597 1.005676e-01
  598 1.005700e-01
  599 1.005722e-01
  600 1.005741e-01
  601 1.897536e-01
  602 1.908509e-01
  603 2.016433e-01
  604 1.993542e-01
  605 1.951687e-01
  606 1.887070e-01
  607 1.817939e-01
  608 1.749084e-01
  609 1.684643e-01
  610 1.626144e-01
  611 1.574177e-01
  612 1.528619e-01
  613 1.489021e-01
  614 1.454768e-01
  615 1.425200e-01
  616 1.399676e-01
  617 1.377601e-01
  618 1.358448e-01
  619 1.341756e-01
  620 1.327131e-01
  621 1.314238e-01
  622 1.302796e-01
  623 1.292573e-01
  624 1.283372e-01
  625 1.275031e-01
  626 1.267419e-01
  627 1.260422e-01
  628 1.253951e-01
  629 1.247929e-01
  630 1.242295e-01
  631 1.236994e-01
  632 1.231985e-01
  633 1.227232e-01
  634 1.222703e-01
  635 1.218374e-01
  636 1.214222e-01
  637 1.210231e-01
  638 1.206385e-01
  639 1.202670e-01
  640 1.199076e-01
  641 1.195592e-01
  642 1.192210e-01
  643 1.188923e-01
  644 1.185724e-01
  645 1.182609e-01
  646 1.179572e-01
  647 1.176608e-01
  648 1.173714e-01
  649 1.170886e-01
  650 1.168121e-01
  651 1.165417e-01
  652 1.162770e-01
  653 1.160179e-01
  654 1.157641e-01
  655 1.155154e-01
  656 1.152717e-01
  657 1.150328e-01
  658 1.147984e-01
  659 1.145686e-01
  660 1.143431e-01
  661 3.085551e-01
  662 2.990451e-01
  663 3.422092e-01
  664 3.653812e-01
  665 3.899875e-01
  666 4.104261e-01
  667 4.287722e-01
  668 4.448433e-01
  669 4.590528e-01
  670 4.715981e-01
  671 4.826989e-01
  672 4.925338e-01
  673 5.012626e-01
  674 5.090236e-01
  675 5.159380e-01
  676 5.221111e-01
  677 5.276349e-01
  678 5.325897e-01
  679 5.370454e-01
  680 5.410627e-01
  681 5.446947e-01
  682 5.479878e-01
  683 5.509822e-01
  684 5.537130e-01
  685 5.562108e-01
  686 5.585025e-01
  687 5.606113e-01
  688 5.625576e-01
  689 5.643592e-01
  690 5.660317e-01
  691 5.675887e-01
  692 5.690420e-01
  693 5.704022e-01
  694 5.716785e-01
  695 5.728788e-01
  696 5.740103e-01
  697 5.750792e-01
  698 5.760910e-01
  699 5.770505e-01
  700 5.779622e-01
  701 5.788297e-01
  702 5.796565e-01
  703 5.804457e-01
  704 5.811998e-01
  705 5.819213e-01
  706 5.826124e-01
  707 5.832749e-01
  708 5.839107e-01
  709 5.845214e-01
  710 5.851083e-01
  711 5.856727e-01
  712 5.862159e-01
  713 5.867389e-01
  714 5.872428e-01
  715 5.877284e-01
  716 5.881965e-01
  717 5.886481e-01
  718 5.890837e-01
  719 5.895041e-01
  720 5.899098e-01
  721 5.903016e-01
  722 5.906799e-01
  723 5.910453e-01
  724 5.913982e-01
  725 5.917391e-01
  726 5.920685e-01
  727 5.923867e-01
  728 5.926942e-01
  729 5.929913e-01
  730 5.932785e-01
  731 5.935560e-01
  732 5.938242e-01
  733 5.940833e-01
  734 5.943338e-01
  735 5.945758e-01
  736 5.948097e-01
  737 5.950357e-01
  738 5.952541e-01
  739 5.954652e-01
  740 5.956691e-01
  741 5.958661e-01
  742 5.960564e-01
  743 5.962403e-01
  744 5.964179e-01
  745 5.965895e-01
  746 5.967552e-01
  747 5.969153e-01
  748 5.970698e-01
  749 5.972191e-01
  750 5.973632e-01
  751 5.975023e-01
  752 5.976366e-01
  753 5.977662e-01
  754 5.978913e-01
  755 5.980120e-01
  756 5.981285e-01
  757 5.982408e-01
  758 5.983492e-01
  759 5.984538e-01
  760 5.985546e-01
  761 5.986519e-01
  762 5.987456e-01
  763 5.988360e-01
  764 5.989231e-01
  765 5.990070e-01
  766 5.990879e-01
  767 5.991658e-01
  768 5.992408e-01
  769 5.993131e-01
  770 5.993827e-01
  771 5.994497e-01
  772 5.995141e-01
  773 5.995762e-01
  774 5.996358e-01
  775 5.996933e-01
  776 5.997485e-01
  777 5.998015e-01
  778 5.998525e-01
  779 5.999016e-01
  780 5.999486e-01
  781 5.999939e-01
  782 6.000373e-01
  783 6.000790e-01
  784 6.001190e-01
  785 6.001573e-01
  786 6.001941e-01
  787 6.002294e-01
  788 6.002632e-01
  789 6.002956e-01
  790 6.003265e-01
  791 6.003562e-01
  792 6.003846e-01
  793 6.004118e-01
  794 6.004377e-01
  795 6.004625e-01
  796 6.004862e-01
  797 6.005088e-01
  798 6.005303e-01
  799 6.005509e-01
  800 6.005704e-01
