    1     0
    2     0
    3     0
    4     0
    5     0
    6     0
    7     0
    8     0
    9     0
   10     0
   11     0
   12     0
   13 -1.020609e-02
   14 -1.781873e-01
   15 -2.223440e-01
   16 -3.296318e-01
   17 -4.050743e-01
   18 -4.958856e-01
   19 -5.768716e-01
   20 -6.599553e-01
   21 -7.382356e-01
   22 -8.145270e-01
   23 -8.867763e-01
   24 -9.554960e-01
   25 -1.019961e+00
   26 -1.080142e+00
   27 -1.135714e+00
   28 -1.186557e+00
   29 -1.232496e+00
   30 -1.273431e+00
   31 -1.309266e+00
   32 -1.339945e+00
   33 -1.365428e+00
   34 -1.385703e+00
   35 -1.400776e+00
   36 -1.410677e+00
   37 -1.415452e+00
   38 -1.415169e+00
   39 -1.409908e+00
   40 -1.399768e+00
   41 -1.384862e+00
   42 -1.365317e+00
   43 -1.341273e+00
   44 -1.312881e+00
   45 -1.280303e+00
   46 -1.243710e+00
   47 -1.203285e+00
   48 -1.159216e+00
   49 -1.111699e+00
   50 -1.060937e+00
   51 -1.007138e+00
   52 -9.505146e-01
   53 -8.912835e-01
   54 -8.296641e-01
   55 -7.658781e-01
   56 -7.001489e-01
   57 -6.327004e-01
   58 -5.637568e-01
   59 -4.935416e-01
   60 -4.222770e-01
   61 -3.501832e-01
   62 -2.774782e-01
   63 -2.043764e-01
   64 -1.310891e-01
   65 -5.782291e-02
   66 1.521986e-02
   67 8.784225e-02
   68 1.598528e-01
   69 2.310662e-01
   70 3.013032e-01
   71 3.703917e-01
   72 4.381664e-01
   73 5.044694e-01
   74 5.691504e-01
   75 6.320671e-01
   76 6.930851e-01
   77 7.520784e-01
   78 8.089291e-01
   79 8.635283e-01
   80 9.157752e-01
   81 9.655780e-01
   82 1.012854e+00
   83 1.057528e+00
   84 1.099534e+00
   85 1.138817e+00
   86 1.175327e+00
   87 1.209025e+00
   88 1.239879e+00
   89 1.267867e+00
   90 1.292973e+00
   91 1.315193e+00
   92 1.334526e+00
   93 1.350981e+00
   94 1.364576e+00
   95 1.375334e+00
   96 1.383285e+00
   97 1.388468e+00
   98 1.390926e+00
   99 1.390710e+00
  100 1.387875e+00
  101 1.382485e+00
  102 1.374605e+00
  103 1.364309e+00
  104 1.351674e+00
  105 1.336781e+00
  106 1.319715e+00
  107 1.300567e+00
  108 1.279428e+00
  109 1.256396e+00
  110 1.231568e+00
  111 1.205046e+00
  112 1.176934e+00
  113 1.147336e+00
  114 1.116359e+00
  115 1.084112e+00
  116 1.050703e+00
  117 1.016240e+00
  118 9.808350e-01
  119 9.445960e-01
  120 9.076325e-01
  121 8.700533e-01
  122 8.319660e-01
  123 7.934774e-01
  124 7.546927e-01
  125 7.157154e-01
  126 6.766474e-01
  127 6.375884e-01
  128 5.986357e-01
  129 5.598843e-01
  130 5.214264e-01
  131 6.777846e-01
  132 6.804109e-01
  133 7.268028e-01
  134 7.502608e-01
  135 7.855390e-01
  136 8.142541e-01
  137 8.452203e-01
  138 8.734340e-01
  139 9.010060e-01
  140 9.264715e-01
  141 9.502438e-01
  142 9.718264e-01
  143 9.912321e-01
  144 1.008255e+00
  145 1.022839e+00
  146 1.034886e+00
  147 1.044353e+00
  148 1.051196e+00
  149 1.055400e+00
  150 1.056960e+00
  151 1.055888e+00
  152 1.052208e+00
  153 1.045959e+00
  154 1.037186e+00
  155 1.025951e+00
  156 1.012319e+00
  157 9.963685e-01
  158 9.781825e-01
  159 9.578524e-01
  160 9.354754e-01
  161 9.111543e-01
  162 8.849970e-01
  163 8.571155e-01
  164 8.276253e-01
  165 7.966454e-01
  166 7.642970e-01
  167 7.307036e-01
  168 6.959899e-01
  169 6.602819e-01
  170 6.237061e-01
  171 5.863890e-01
  172 5.484569e-01
  173 5.100352e-01
  174 4.712483e-01
  175 4.322192e-01
  176 3.930687e-01
  177 3.539158e-01
  178 3.148766e-01
  179 2.760648e-01
  180 2.375907e-01
  181 1.995612e-01
  182 1.620799e-01
  183 1.252464e-01
  184 8.915607e-02
  185 5.390042e-02
  186 1.956636e-02
  187 -1.376370e-02
  188 -4.601203e-02
  189 -7.710566e-02
  190 -1.069765e-01
  191 -1.355616e-01
  192 -1.628027e-01
  193 -1.886469e-01
  194 -2.130464e-01
  195 -2.359583e-01
  196 -2.573450e-01
  197 -2.771741e-01
  198 -2.954180e-01
  199 -3.120543e-01
  200 -3.270657e-01
  201 -5.303529e-01
  202 -4.490343e-01
  203 -5.055656e-01
  204 -4.830001e-01
  205 -4.923777e-01
  206 -4.776547e-01
  207 -4.680516e-01
  208 -4.492231e-01
  209 -4.290323e-01
  210 -4.039777e-01
  211 -3.763355e-01
  212 -3.454109e-01
  213 -3.120067e-01
  214 -2.761433e-01
  215 -2.382239e-01
  216 -1.984404e-01
  217 -1.570776e-01
  218 -1.143587e-01
  219 -7.052398e-02
  220 -2.579153e-02
  221 -2.552783e-03
  222 1.166833e-01
  223 1.670512e-01
  224 2.458320e-01
  225 3.033065e-01
  226 3.646729e-01
  227 4.170115e-01
  228 4.669414e-01
  229 5.111598e-01
  230 5.514645e-01
  231 5.870732e-01
  232 6.185363e-01
  233 6.457343e-01
  234 6.688970e-01
  235 6.880807e-01
  236 7.034340e-01
  237 7.150614e-01
  238 7.230924e-01
  239 7.276464e-01
  240 7.288504e-01
  241 7.268297e-01
  242 7.217132e-01
  243 7.136301e-01
  244 7.027120e-01
  245 6.890916e-01
  246 6.729030e-01
  247 6.542819e-01
  248 6.333647e-01
  249 6.102889e-01
  250 5.851927e-01
  251 5.582148e-01
  252 5.294943e-01
  253 4.991700e-01
  254 4.673806e-01
  255 4.342642e-01
  256 3.999583e-01
  257 3.645990e-01
  258 3.283213e-01
  259 2.912583e-01
  260 2.535415e-01
  261 2.930734e-01
  262 2.705270e-01
  263 2.649923e-01
  264 2.498786e-01
  265 2.391752e-01
  266 2.256145e-01
  267 2.128058e-01
  268 1.988290e-01
  269 1.846076e-01
  270 1.696323e-01
  271 1.541424e-01
  272 1.380105e-01
  273 1.213102e-01
  274 1.040247e-01
  275 8.619413e-02
  276 6.783890e-02
  277 4.899758e-02
  278 2.970644e-02
  279 1.000887e-02
  280 -1.005040e-02
  281 -3.042324e-02
  282 -5.105992e-02
  283 -7.190891e-02
  284 -9.291766e-02
  285 -1.140328e-01
  286 -1.352004e-01
  287 -1.563667e-01
  288 -1.774779e-01
  289 -1.984807e-01
  290 -2.193224e-01
  291 -2.399514e-01
  292 -2.603170e-01
  293 -2.803700e-01
  294 -3.000623e-01
  295 -3.193477e-01
  296 -3.381817e-01
  297 -3.565217e-01
  298 -3.743269e-01
  299 -3.915588e-01
  300 -4.081808e-01
  301 -4.241588e-01
  302 -4.394609e-01
  303 -4.540575e-01
  304 -4.679216e-01
  305 -4.810284e-01
  306 -4.933558e-01
  307 -5.048840e-01
  308 -5.155958e-01
  309 -5.254765e-01
  310 -5.345140e-01
  311 -5.426983e-01
  312 -5.500224e-01
  313 -5.564813e-01
  314 -5.620726e-01
  315 -5.667962e-01
  316 -5.706543e-01
  317 -5.736515e-01
  318 -5.757943e-01
  319 -5.770916e-01
  320 -5.775543e-01
  321 -5.771952e-01
  322 -5.760291e-01
  323 -5.740727e-01
  324 -5.713444e-01
  325 -5.678641e-01
  326 -5.636535e-01
  327 -5.587357e-01
  328 -5.531353e-01
  329 -5.468780e-01
  330 -5.399909e-01
  331 -5.325020e-01
  332 -5.244405e-01
  333 -5.158363e-01
  334 -5.067204e-01
  335 -4.971242e-01
  336 -4.870800e-01
  337 -4.766202e-01
  338 -4.657781e-01
  339 -4.545869e-01
  340 -4.430803e-01
  341 -4.312919e-01
  342 -4.192556e-01
  343 -4.070050e-01
  344 -3.945737e-01
  345 -3.819950e-01
  346 -3.693020e-01
  347 -3.565271e-01
  348 -3.437027e-01
  349 -3.308604e-01
  350 -3.180310e-01
  351 -3.052450e-01
  352 -2.925319e-01
  353 -2.799206e-01
  354 -2.674389e-01
  355 -2.551137e-01
  356 -2.429713e-01
  357 -2.310365e-01
  358 -2.193333e-01
  359 -2.078847e-01
  360 -1.967123e-01
  361 -1.858368e-01
  362 -1.752775e-01
  363 -1.650526e-01
  364 -1.551792e-01
  365 -1.456728e-01
  366 -1.365480e-01
  367 -1.278179e-01
  368 -1.194945e-01
  369 -1.115884e-01
  370 -1.041090e-01
  371 -9.706428e-02
  372 -9.046115e-02
  373 -8.430518e-02
  374 -7.860071e-02
  375 -7.335086e-02
  376 -6.855754e-02
  377 -6.422151e-02
  378 -6.034235e-02
  379 -5.691852e-02
  380 -5.394739e-02
  381 -5.142526e-02
  382 -4.934739e-02
  383 -4.770806e-02
  384 -4.650057e-02
  385 -4.571733e-02
  386 -4.534984e-02
  387 -4.538878e-02
  388 -4.582404e-02
  389 -4.664473e-02
  390 -4.783929e-02
  391 -2.438288e-01
  392 -2.859659e-01
  393 -3.716516e-01
  394 -4.340925e-01
  395 -5.079519e-01
  396 -5.747587e-01
  397 -6.432430e-01
  398 -7.083200e-01
  399 -7.720231e-01
  400 -8.328138e-01
  401 -8.150701e-01
  402 -9.073789e-01
  403 -9.407074e-01
  404 -1.001571e+00
  405 -1.045446e+00
  406 -1.094606e+00
  407 -1.137280e+00
  408 -1.179128e+00
  409 -1.216961e+00
  410 -1.252153e+00
  411 -1.283788e+00
  412 -1.312156e+00
  413 -1.336969e+00
  414 -1.358264e+00
  415 -1.375944e+00
  416 -1.390010e+00
  417 -1.400438e+00
  418 -1.407242e+00
  419 -1.410441e+00
  420 -1.410072e+00
  421 -1.406185e+00
  422 -1.398843e+00
  423 -1.388117e+00
  424 -1.374094e+00
  425 -1.356867e+00
  426 -1.336539e+00
  427 -1.313223e+00
  428 -1.287037e+00
  429 -1.258108e+00
  430 -1.226569e+00
  431 -1.192558e+00
  432 -1.156218e+00
  433 -1.117697e+00
  434 -1.077145e+00
  435 -1.034717e+00
  436 -9.905688e-01
  437 -9.448588e-01
  438 -8.977467e-01
  439 -8.493928e-01
  440 -7.999576e-01
  441 -7.362963e-01
  442 -7.291851e-01
  443 -6.799812e-01
  444 -6.473226e-01
  445 -6.016397e-01
  446 -5.583061e-01
  447 -5.098165e-01
  448 -4.603808e-01
  449 -4.082469e-01
  450 -3.547144e-01
  451 -2.995254e-01
  452 -2.432123e-01
  453 -1.858958e-01
  454 -1.278964e-01
  455 -6.942019e-02
  456 -1.071858e-02
  457 4.799392e-02
  458 1.064982e-01
  459 1.645920e-01
  460 2.220788e-01
  461 2.787738e-01
  462 3.345008e-01
  463 3.890938e-01
  464 4.423961e-01
  465 4.942606e-01
  466 5.445496e-01
  467 5.931350e-01
  468 6.398981e-01
  469 6.847293e-01
  470 7.275284e-01
  471 7.682045e-01
  472 8.066756e-01
  473 8.428687e-01
  474 8.767198e-01
  475 9.081736e-01
  476 9.371833e-01
  477 9.637107e-01
  478 9.877260e-01
  479 1.009207e+00
  480 1.028141e+00
  481 1.044521e+00
  482 1.058349e+00
  483 1.069634e+00
  484 1.078392e+00
  485 1.084645e+00
  486 1.088423e+00
  487 1.089762e+00
  488 1.088705e+00
  489 1.085297e+00
  490 1.079594e+00
  491 1.071653e+00
  492 1.061538e+00
  493 1.049316e+00
  494 1.035061e+00
  495 1.018847e+00
  496 1.000756e+00
  497 9.808712e-01
  498 9.592782e-01
  499 9.360664e-01
  500 9.113277e-01
  501 8.851556e-01
  502 8.576459e-01
  503 8.288954e-01
  504 7.990026e-01
  505 7.680666e-01
  506 7.361872e-01
  507 7.034644e-01
  508 6.699985e-01
  509 6.358895e-01
  510 6.012367e-01
  511 5.661390e-01
  512 5.306939e-01
  513 4.949981e-01
  514 4.591465e-01
  515 4.232324e-01
  516 3.873474e-01
  517 3.515808e-01
  518 3.160196e-01
  519 2.807485e-01
  520 2.458495e-01
  521 2.114018e-01
  522 1.774816e-01
  523 1.441621e-01
  524 1.115135e-01
  525 7.960239e-02
  526 4.849217e-02
  527 1.824270e-02
  528 -1.108972e-02
  529 -3.945241e-02
  530 -6.679634e-02
  531 -9.307625e-02
  532 -1.182506e-01
  533 -1.422815e-01
  534 -1.651352e-01
  535 -1.867813e-01
  536 -2.071934e-01
  537 -2.263489e-01
  538 -2.442288e-01
  539 -2.608178e-01
  540 -2.761044e-01
  541 -2.900804e-01
  542 -3.027414e-01
  543 -3.140863e-01
  544 -3.241174e-01
  545 -3.328403e-01
  546 -3.402639e-01
  547 -3.464000e-01
  548 -3.512636e-01
  549 -3.548724e-01
  550 -3.572470e-01
  551 -3.584106e-01
  552 -3.583891e-01
  553 -3.572105e-01
  554 -3.549053e-01
  555 -3.515062e-01
  556 -3.470477e-01
  557 -3.415663e-01
  558 -3.351003e-01
  559 -3.276895e-01
  560 -3.193753e-01
  561 -3.102001e-01
  562 -3.002079e-01
  563 -2.894435e-01
  564 -2.779525e-01
  565 -2.657816e-01
  566 -2.529778e-01
  567 -2.395888e-01
  568 -2.256625e-01
  569 -2.112471e-01
  570 -1.963910e-01
  571 -1.811424e-01
  572 -1.655494e-01
  573 -1.496599e-01
  574 -1.335213e-01
  575 -1.171806e-01
  576 -1.006841e-01
  577 -8.407750e-02
  578 -6.740561e-02
  579 -5.071234e-02
  580 -3.404063e-02
  581 -1.743232e-02
  582 -9.280967e-04
  583 1.543261e-02
  584 3.161166e-02
  585 4.757231e-02
  586 6.327924e-02
  587 7.869862e-02
  588 9.379819e-02
  589 1.085473e-01
  590 1.229167e-01
  591 1.368793e-01
  592 1.504092e-01
  593 1.634824e-01
  594 1.760768e-01
  595 1.881718e-01
  596 1.997488e-01
  597 2.107907e-01
  598 2.212825e-01
  599 2.312106e-01
  600 2.405635e-01
  601 3.822706e-01
  602 3.253119e-01
  603 3.654021e-01
  604 3.506725e-01
  605 3.588436e-01
  606 3.506758e-01
  607 3.466134e-01
  608 3.366028e-01
  609 3.261354e-01
  610 3.127461e-01
  611 2.980128e-01
  612 2.814331e-01
  613 2.635514e-01
  614 2.443640e-01
  615 2.241338e-01
  616 2.029755e-01
  617 1.810678e-01
  618 1.585457e-01
  619 1.355558e-01
  620 1.122284e-01
  621 8.869207e-02
  622 6.506660e-02
  623 4.146668e-02
  624 1.800024e-02
  625 -5.230506e-03
  626 -2.812944e-02
  627 -5.060621e-02
  628 -7.257624e-02
  629 -9.396061e-02
  630 -1.146860e-01
  631 -1.346846e-01
  632 -1.538940e-01
  633 -1.722570e-01
  634 -1.897220e-01
  635 -2.062421e-01
  636 -2.217758e-01
  637 -2.362864e-01
  638 -2.497421e-01
  639 -2.621158e-01
  640 -2.733851e-01
  641 -2.835321e-01
  642 -2.925432e-01
  643 -3.004091e-01
  644 -3.071248e-01
  645 -3.126890e-01
  646 -3.171044e-01
  647 -3.203775e-01
  648 -3.225182e-01
  649 -3.235397e-01
  650 -3.234588e-01
  651 -3.222950e-01
  652 -3.200710e-01
  653 -3.168120e-01
  654 -3.125461e-01
  655 -3.073035e-01
  656 -3.011170e-01
  657 -2.940211e-01
  658 -2.860526e-01
  659 -2.772499e-01
  660 -2.676529e-01
  661 -2.351276e-01
  662 -2.974117e-01
  663 -2.898804e-01
  664 -3.100474e-01
  665 -3.084184e-01
  666 -3.104089e-01
  667 -3.033087e-01
  668 -2.939381e-01
  669 -2.791877e-01
  670 -2.610402e-01
  671 -2.388901e-01
  672 -2.134561e-01
  673 -1.847785e-01
  674 -1.532382e-01
  675 -1.190342e-01
  676 -8.244880e-02
  677 -4.371176e-02
  678 -3.069110e-03
  679 3.925219e-02
  680 8.302618e-02
  681 1.280371e-01
  682 1.740746e-01
  683 2.209360e-01
  684 2.684254e-01
  685 3.163536e-01
  686 3.645386e-01
  687 4.128048e-01
  688 4.609839e-01
  689 5.089142e-01
  690 5.564411e-01
  691 6.034169e-01
  692 6.497009e-01
  693 6.951594e-01
  694 7.396660e-01
  695 7.831010e-01
  696 8.253523e-01
  697 8.663146e-01
  698 9.058901e-01
  699 9.439879e-01
  700 9.805245e-01
  701 1.015423e+00
  702 1.048615e+00
  703 1.080038e+00
  704 1.109636e+00
  705 1.137362e+00
  706 1.163173e+00
  707 1.187036e+00
  708 1.208921e+00
  709 1.228809e+00
  710 1.246684e+00
  711 1.262536e+00
  712 1.276363e+00
  713 1.288170e+00
  714 1.297963e+00
  715 1.305758e+00
  716 1.311575e+00
  717 1.315439e+00
  718 1.317380e+00
  719 1.317432e+00
  720 1.315635e+00
  721 1.312032e+00
  722 1.306671e+00
  723 1.299602e+00
  724 1.290882e+00
  725 1.280567e+00
  726 1.268718e+00
  727 1.255401e+00
  728 1.240681e+00
  729 1.224627e+00
  730 1.207311e+00
  731 1.188804e+00
  732 1.169180e+00
  733 1.148517e+00
  734 1.126889e+00
  735 1.104375e+00
  736 1.081053e+00
  737 1.057000e+00
  738 1.032296e+00
  739 1.007019e+00
  740 9.812481e-01
  741 9.550599e-01
  742 9.285320e-01
  743 9.017406e-01
  744 8.747609e-01
  745 8.476669e-01
  746 8.205311e-01
  747 7.934245e-01
  748 7.664164e-01
  749 7.395743e-01
  750 7.129636e-01
  751 6.866477e-01
  752 6.606877e-01
  753 6.351424e-01
  754 6.100680e-01
  755 5.855184e-01
  756 5.615448e-01
  757 5.381957e-01
  758 5.155169e-01
  759 4.935512e-01
  760 4.723389e-01
  761 4.519171e-01
  762 4.323202e-01
  763 4.135794e-01
  764 3.957233e-01
  765 3.787774e-01
  766 3.627640e-01
  767 3.477029e-01
  768 3.336107e-01
  769 3.205011e-01
  770 3.083852e-01
  771 2.972709e-01
  772 2.871636e-01
  773 2.780660e-01
  774 2.699779e-01
  775 2.628967e-01
  776 2.568172e-01
  777 2.517318e-01
  778 2.476305e-01
  779 2.445008e-01
  780 2.423284e-01
  781 2.410964e-01
  782 2.407864e-01
  783 2.413776e-01
  784 2.428477e-01
  785 2.451724e-01
  786 2.483260e-01
  787 2.522811e-01
  788 2.570092e-01
  789 2.624800e-01
  790 2.686625e-01
  791 2.755243e-01
  792 2.830321e-01
  793 2.911518e-01
  794 2.998484e-01
  795 3.090864e-01
  796 3.188297e-01
  797 3.290417e-01
  798 3.396855e-01
  799 3.507241e-01
  800 3.621201e-01
