    1     0
    2     0
    3     0
    4     0
    5     0
    6     0
    7     0
    8     0
    9     0
   10     0
   11     0
   12     0
   13 2.475795e-03
   14 -1.379813e-02
   15 -3.451190e-02
   16 -5.608972e-02
   17 -7.766439e-02
   18 -9.909769e-02
   19 -1.204131e-01
   20 -1.416426e-01
   21 -1.627924e-01
   22 -1.838412e-01
   23 -2.047456e-01
   24 -2.254468e-01
   25 -2.458769e-01
   26 -2.659629e-01
   27 -2.856309e-01
   28 -3.048086e-01
   29 -3.234272e-01
   30 -3.414235e-01
   31 -3.587402e-01
   32 -3.753275e-01
   33 -3.911427e-01
   34 -4.061508e-01
   35 -4.203248e-01
   36 -4.336447e-01
   37 -4.460983e-01
   38 -4.576799e-01
   39 -4.683905e-01
   40 -4.782371e-01
   41 -4.872321e-01
   42 -4.953932e-01
   43 -5.027423e-01
   44 -5.093053e-01
   45 -5.151115e-01
   46 -5.201930e-01
   47 -5.245845e-01
   48 -5.283223e-01
   49 -5.314444e-01
   50 -5.339896e-01
   51 -5.359975e-01
   52 -5.375077e-01
   53 -5.385599e-01
   54 -5.391934e-01
   55 -5.394468e-01
   56 -5.393577e-01
   57 -5.389626e-01
   58 -5.382969e-01
   59 -5.373942e-01
   60 -5.362868e-01
   61 -5.350053e-01
   62 -5.335783e-01
   63 -5.320329e-01
   64 -5.303941e-01
   65 -5.286852e-01
   66 -5.269274e-01
   67 -5.251405e-01
   68 -5.233420e-01
   69 -5.215480e-01
   70 -5.197725e-01
   71 -5.180283e-01
   72 -5.163263e-01
   73 -5.146759e-01
   74 -5.130852e-01
   75 -5.115609e-01
   76 -5.101084e-01
   77 -5.087319e-01
   78 -5.074347e-01
   79 -5.062188e-01
   80 -5.050856e-01
   81 -5.040355e-01
   82 -5.030681e-01
   83 -5.021826e-01
   84 -5.013774e-01
   85 -5.006505e-01
   86 -4.999993e-01
   87 -4.994210e-01
   88 -4.989126e-01
   89 -4.984705e-01
   90 -4.980913e-01
   91 -4.977711e-01
   92 -4.975063e-01
   93 -4.972929e-01
   94 -4.971270e-01
   95 -4.970048e-01
   96 -4.969225e-01
   97 -4.968764e-01
   98 -4.968629e-01
   99 -4.968783e-01
  100 -4.969195e-01
  101 -4.969832e-01
  102 -4.970662e-01
  103 -4.971658e-01
  104 -4.972793e-01
  105 -4.974040e-01
  106 -4.975377e-01
  107 -4.976782e-01
  108 -4.978236e-01
  109 -4.979719e-01
  110 -4.981217e-01
  111 -4.982713e-01
  112 -4.984196e-01
  113 -4.985654e-01
  114 -4.987077e-01
  115 -4.988456e-01
  116 -4.989784e-01
  117 -4.991056e-01
  118 -4.992265e-01
  119 -4.993410e-01
  120 -4.994486e-01
  121 -4.995492e-01
  122 -4.996427e-01
  123 -4.997290e-01
  124 -4.998083e-01
  125 -4.998805e-01
  126 -4.999458e-01
  127 -5.000045e-01
  128 -5.000567e-01
  129 -5.001027e-01
  130 -5.001428e-01
  131 -3.978501e-01
  132 -3.241043e-01
  133 -2.625616e-01
  134 -2.080261e-01
  135 -1.582818e-01
  136 -1.121588e-01
  137 -6.892517e-02
  138 -2.807791e-02
  139 1.074062e-02
  140 4.778570e-02
  141 8.323692e-02
  142 1.172172e-01
  143 1.498072e-01
  144 1.810565e-01
  145 2.109923e-01
  146 2.396263e-01
  147 2.669603e-01
  148 2.929901e-01
  149 3.177088e-01
  150 3.411096e-01
  151 3.631874e-01
  152 3.839402e-01
  153 4.033700e-01
  154 4.214837e-01
  155 4.382932e-01
  156 4.538157e-01
  157 4.680735e-01
  158 4.810942e-01
  159 4.929098e-01
  160 5.035571e-01
  161 5.130767e-01
  162 5.215128e-01
  163 5.289128e-01
  164 5.353265e-01
  165 5.408061e-01
  166 5.454050e-01
  167 5.491781e-01
  168 5.521807e-01
  169 5.544686e-01
  170 5.560971e-01
  171 5.571213e-01
  172 5.575952e-01
  173 5.575716e-01
  174 5.571018e-01
  175 5.562356e-01
  176 5.550206e-01
  177 5.535023e-01
  178 5.517243e-01
  179 5.497273e-01
  180 5.475500e-01
  181 5.452283e-01
  182 5.427957e-01
  183 5.402831e-01
  184 5.377190e-01
  185 5.351290e-01
  186 5.325366e-01
  187 5.299629e-01
  188 5.274264e-01
  189 5.249435e-01
  190 5.225286e-01
  191 5.201939e-01
  192 5.179497e-01
  193 5.158044e-01
  194 5.137649e-01
  195 5.118365e-01
  196 5.100228e-01
  197 5.083263e-01
  198 5.067483e-01
  199 5.052888e-01
  200 5.039471e-01
  201 4.325438e-01
  202 4.096939e-01
  203 4.011638e-01
  204 3.976867e-01
  205 3.964287e-01
  206 3.964619e-01
  207 3.974269e-01
  208 3.991391e-01
  209 4.014726e-01
  210 4.043256e-01
  211 4.076091e-01
  212 4.112442e-01
  213 4.151596e-01
  214 4.192913e-01
  215 4.235820e-01
  216 4.279800e-01
  217 4.324395e-01
  218 4.369195e-01
  219 4.413839e-01
  220 4.458008e-01
  221 4.359336e-01
  222 4.291101e-01
  223 4.245152e-01
  224 4.217664e-01
  225 4.205884e-01
  226 4.207530e-01
  227 4.220595e-01
  228 4.243268e-01
  229 4.273913e-01
  230 4.311043e-01
  231 4.353312e-01
  232 4.399507e-01
  233 4.448536e-01
  234 4.499424e-01
  235 4.551306e-01
  236 4.603418e-01
  237 4.655097e-01
  238 4.705767e-01
  239 4.754939e-01
  240 4.802203e-01
  241 4.847221e-01
  242 4.889724e-01
  243 4.929504e-01
  244 4.966408e-01
  245 5.000336e-01
  246 5.031231e-01
  247 5.059077e-01
  248 5.083895e-01
  249 5.105736e-01
  250 5.124677e-01
  251 5.140818e-01
  252 5.154280e-01
  253 5.165194e-01
  254 5.173709e-01
  255 5.179979e-01
  256 5.184166e-01
  257 5.186436e-01
  258 5.186955e-01
  259 5.185891e-01
  260 5.183409e-01
  261 4.872688e-01
  262 4.646525e-01
  263 4.456036e-01
  264 4.285780e-01
  265 4.129242e-01
  266 3.983043e-01
  267 3.845105e-01
  268 3.714032e-01
  269 3.588852e-01
  270 3.468894e-01
  271 3.353703e-01
  272 3.242988e-01
  273 3.136575e-01
  274 3.034373e-01
  275 2.936354e-01
  276 2.842527e-01
  277 2.752924e-01
  278 2.667588e-01
  279 2.586563e-01
  280 2.509890e-01
  281 2.437596e-01
  282 2.369695e-01
  283 2.306185e-01
  284 2.247045e-01
  285 2.192236e-01
  286 2.141698e-01
  287 2.095355e-01
  288 2.053111e-01
  289 2.014857e-01
  290 1.980466e-01
  291 1.949798e-01
  292 1.922703e-01
  293 1.899019e-01
  294 1.878576e-01
  295 1.861199e-01
  296 1.846706e-01
  297 1.834912e-01
  298 1.825633e-01
  299 1.818680e-01
  300 1.813869e-01
  301 1.811016e-01
  302 1.809942e-01
  303 1.810471e-01
  304 1.812434e-01
  305 1.815666e-01
  306 1.820010e-01
  307 1.825316e-01
  308 1.831443e-01
  309 1.838255e-01
  310 1.845626e-01
  311 1.853441e-01
  312 1.861590e-01
  313 1.869972e-01
  314 1.878496e-01
  315 1.887079e-01
  316 1.895646e-01
  317 1.904129e-01
  318 1.912468e-01
  319 1.920613e-01
  320 1.928517e-01
  321 1.936142e-01
  322 1.943456e-01
  323 1.950434e-01
  324 1.957053e-01
  325 1.963299e-01
  326 1.969161e-01
  327 1.974632e-01
  328 1.979709e-01
  329 1.984394e-01
  330 1.988690e-01
  331 1.992603e-01
  332 1.996144e-01
  333 1.999324e-01
  334 2.002155e-01
  335 2.004652e-01
  336 2.006830e-01
  337 2.008707e-01
  338 2.010300e-01
  339 2.011627e-01
  340 2.012705e-01
  341 2.013553e-01
  342 2.014190e-01
  343 2.014633e-01
  344 2.014899e-01
  345 2.015007e-01
  346 2.014973e-01
  347 2.014813e-01
  348 2.014541e-01
  349 2.014174e-01
  350 2.013724e-01
  351 2.013205e-01
  352 2.012629e-01
  353 2.012007e-01
  354 2.011349e-01
  355 2.010666e-01
  356 2.009965e-01
  357 2.009256e-01
  358 2.008544e-01
  359 2.007837e-01
  360 2.007141e-01
  361 2.006459e-01
  362 2.005796e-01
  363 2.005156e-01
  364 2.004542e-01
  365 2.003957e-01
  366 2.003402e-01
  367 2.002878e-01
  368 2.002388e-01
  369 2.001931e-01
  370 2.001507e-01
  371 2.001118e-01
  372 2.000761e-01
  373 2.000438e-01
  374 2.000146e-01
  375 1.999885e-01
  376 1.999654e-01
  377 1.999451e-01
  378 1.999276e-01
  379 1.999126e-01
  380 1.999001e-01
  381 1.998898e-01
  382 1.998815e-01
  383 1.998753e-01
  384 1.998708e-01
  385 1.998679e-01
  386 1.998665e-01
  387 1.998663e-01
  388 1.998674e-01
  389 1.998695e-01
  390 1.998725e-01
  391 1.487127e-01
  392 1.118296e-01
  393 8.105115e-02
  394 5.377905e-02
  395 2.890501e-02
  396 5.843911e-03
  397 -1.577057e-02
  398 -3.619010e-02
  399 -5.559375e-02
  400 -7.410937e-02
  401 -5.172549e-02
  402 -5.628523e-02
  403 -6.826877e-02
  404 -8.240791e-02
  405 -9.709939e-02
  406 -1.118217e-01
  407 -1.263732e-01
  408 -1.406495e-01
  409 -1.545783e-01
  410 -1.681010e-01
  411 -1.811678e-01
  412 -1.937354e-01
  413 -2.057676e-01
  414 -2.172342e-01
  415 -2.281114e-01
  416 -2.383814e-01
  417 -2.480318e-01
  418 -2.570557e-01
  419 -2.654511e-01
  420 -2.732206e-01
  421 -2.803710e-01
  422 -2.869126e-01
  423 -2.928593e-01
  424 -2.982280e-01
  425 -3.030379e-01
  426 -3.073107e-01
  427 -3.110697e-01
  428 -3.143398e-01
  429 -3.171470e-01
  430 -3.195182e-01
  431 -3.214810e-01
  432 -3.230630e-01
  433 -3.242922e-01
  434 -3.251962e-01
  435 -3.258024e-01
  436 -3.261377e-01
  437 -3.262282e-01
  438 -3.260994e-01
  439 -3.257755e-01
  440 -3.252802e-01
  441 -3.161103e-01
  442 -3.086983e-01
  443 -3.025873e-01
  444 -2.975772e-01
  445 -2.935289e-01
  446 -2.903290e-01
  447 -2.878773e-01
  448 -2.860834e-01
  449 -2.848645e-01
  450 -2.841445e-01
  451 -2.838536e-01
  452 -2.839280e-01
  453 -2.843091e-01
  454 -2.849437e-01
  455 -2.857835e-01
  456 -2.867847e-01
  457 -2.879084e-01
  458 -2.891196e-01
  459 -2.903874e-01
  460 -2.916847e-01
  461 -2.929878e-01
  462 -2.942766e-01
  463 -2.955337e-01
  464 -2.967448e-01
  465 -2.978982e-01
  466 -2.989845e-01
  467 -2.999963e-01
  468 -3.009284e-01
  469 -3.017773e-01
  470 -3.025409e-01
  471 -3.032187e-01
  472 -3.038111e-01
  473 -3.043197e-01
  474 -3.047469e-01
  475 -3.050959e-01
  476 -3.053704e-01
  477 -3.055746e-01
  478 -3.057130e-01
  479 -3.057905e-01
  480 -3.058121e-01
  481 -3.057828e-01
  482 -3.057077e-01
  483 -3.055918e-01
  484 -3.054402e-01
  485 -3.052576e-01
  486 -3.050486e-01
  487 -3.048178e-01
  488 -3.045693e-01
  489 -3.043069e-01
  490 -3.040345e-01
  491 -3.037554e-01
  492 -3.034727e-01
  493 -3.031892e-01
  494 -3.029075e-01
  495 -3.026299e-01
  496 -3.023583e-01
  497 -3.020946e-01
  498 -3.018402e-01
  499 -3.015963e-01
  500 -3.013640e-01
  501 -3.011442e-01
  502 -3.009373e-01
  503 -3.007440e-01
  504 -3.005644e-01
  505 -3.003986e-01
  506 -3.002468e-01
  507 -3.001087e-01
  508 -2.999840e-01
  509 -2.998726e-01
  510 -2.997738e-01
  511 -2.996874e-01
  512 -2.996126e-01
  513 -2.995490e-01
  514 -2.994959e-01
  515 -2.994526e-01
  516 -2.994185e-01
  517 -2.993930e-01
  518 -2.993753e-01
  519 -2.993647e-01
  520 -2.993606e-01
  521 -2.993624e-01
  522 -2.993694e-01
  523 -2.993810e-01
  524 -2.993965e-01
  525 -2.994155e-01
  526 -2.994375e-01
  527 -2.994618e-01
  528 -2.994881e-01
  529 -2.995160e-01
  530 -2.995449e-01
  531 -2.995746e-01
  532 -2.996047e-01
  533 -2.996349e-01
  534 -2.996650e-01
  535 -2.996947e-01
  536 -2.997238e-01
  537 -2.997520e-01
  538 -2.997794e-01
  539 -2.998056e-01
  540 -2.998307e-01
  541 -2.998545e-01
  542 -2.998770e-01
  543 -2.998980e-01
  544 -2.999177e-01
  545 -2.999359e-01
  546 -2.999527e-01
  547 -2.999681e-01
  548 -2.999821e-01
  549 -2.999947e-01
  550 -3.000059e-01
  551 -3.000159e-01
  552 -3.000247e-01
  553 -3.000323e-01
  554 -3.000388e-01
  555 -3.000443e-01
  556 -3.000488e-01
  557 -3.000524e-01
  558 -3.000551e-01
  559 -3.000571e-01
  560 -3.000584e-01
  561 -3.000590e-01
  562 -3.000590e-01
  563 -3.000586e-01
  564 -3.000577e-01
  565 -3.000564e-01
  566 -3.000547e-01
  567 -3.000528e-01
  568 -3.000506e-01
  569 -3.000483e-01
  570 -3.000458e-01
  571 -3.000431e-01
  572 -3.000404e-01
  573 -3.000376e-01
  574 -3.000349e-01
  575 -3.000321e-01
  576 -3.000294e-01
  577 -3.000267e-01
  578 -3.000240e-01
  579 -3.000215e-01
  580 -3.000191e-01
  581 -3.000167e-01
  582 -3.000145e-01
  583 -3.000124e-01
  584 -3.000104e-01
  585 -3.000086e-01
  586 -3.000069e-01
  587 -3.000053e-01
  588 -3.000038e-01
  589 -3.000025e-01
  590 -3.000013e-01
  591 -3.000002e-01
  592 -2.999993e-01
  593 -2.999984e-01
  594 -2.999977e-01
  595 -2.999971e-01
  596 -2.999965e-01
  597 -2.999961e-01
  598 -2.999957e-01
  599 -2.999954e-01
  600 -2.999952e-01
  601 -2.649063e-01
  602 -2.540374e-01
  603 -2.502733e-01
  604 -2.489825e-01
  605 -2.487500e-01
  606 -2.491143e-01
  607 -2.498981e-01
  608 -2.510117e-01
  609 -2.523948e-01
  610 -2.539991e-01
  611 -2.557830e-01
  612 -2.577097e-01
  613 -2.597463e-01
  614 -2.618636e-01
  615 -2.640353e-01
  616 -2.662383e-01
  617 -2.684520e-01
  618 -2.706584e-01
  619 -2.728416e-01
  620 -2.749878e-01
  621 -2.770851e-01
  622 -2.791233e-01
  623 -2.810939e-01
  624 -2.829897e-01
  625 -2.848049e-01
  626 -2.865349e-01
  627 -2.881763e-01
  628 -2.897265e-01
  629 -2.911841e-01
  630 -2.925484e-01
  631 -2.938192e-01
  632 -2.949975e-01
  633 -2.960843e-01
  634 -2.970816e-01
  635 -2.979915e-01
  636 -2.988167e-01
  637 -2.995603e-01
  638 -3.002253e-01
  639 -3.008154e-01
  640 -3.013342e-01
  641 -3.017855e-01
  642 -3.021731e-01
  643 -3.025010e-01
  644 -3.027733e-01
  645 -3.029938e-01
  646 -3.031665e-01
  647 -3.032952e-01
  648 -3.033838e-01
  649 -3.034360e-01
  650 -3.034553e-01
  651 -3.034451e-01
  652 -3.034089e-01
  653 -3.033496e-01
  654 -3.032703e-01
  655 -3.031738e-01
  656 -3.030628e-01
  657 -3.029397e-01
  658 -3.028069e-01
  659 -3.026665e-01
  660 -3.025203e-01
  661 -2.881616e-01
  662 -2.769437e-01
  663 -2.680737e-01
  664 -2.611879e-01
  665 -2.560269e-01
  666 -2.523755e-01
  667 -2.500430e-01
  668 -2.488565e-01
  669 -2.486581e-01
  670 -2.493028e-01
  671 -2.506581e-01
  672 -2.526028e-01
  673 -2.550268e-01
  674 -2.578299e-01
  675 -2.609222e-01
  676 -2.642227e-01
  677 -2.676594e-01
  678 -2.711686e-01
  679 -2.746947e-01
  680 -2.781891e-01
  681 -2.816104e-01
  682 -2.849235e-01
  683 -2.880993e-01
  684 -2.911141e-01
  685 -2.939494e-01
  686 -2.965910e-01
  687 -2.990290e-01
  688 -3.012570e-01
  689 -3.032721e-01
  690 -3.050740e-01
  691 -3.066651e-01
  692 -3.080501e-01
  693 -3.092351e-01
  694 -3.102281e-01
  695 -3.110383e-01
  696 -3.116758e-01
  697 -3.121515e-01
  698 -3.124768e-01
  699 -3.126635e-01
  700 -3.127236e-01
  701 -3.126692e-01
  702 -3.125119e-01
  703 -3.122637e-01
  704 -3.119357e-01
  705 -3.115389e-01
  706 -3.110839e-01
  707 -3.105804e-01
  708 -3.100380e-01
  709 -3.094653e-01
  710 -3.088706e-01
  711 -3.082611e-01
  712 -3.076440e-01
  713 -3.070252e-01
  714 -3.064105e-01
  715 -3.058047e-01
  716 -3.052122e-01
  717 -3.046369e-01
  718 -3.040819e-01
  719 -3.035499e-01
  720 -3.030432e-01
  721 -3.025636e-01
  722 -3.021123e-01
  723 -3.016903e-01
  724 -3.012982e-01
  725 -3.009362e-01
  726 -3.006043e-01
  727 -3.003022e-01
  728 -3.000294e-01
  729 -2.997851e-01
  730 -2.995684e-01
  731 -2.993783e-01
  732 -2.992136e-01
  733 -2.990731e-01
  734 -2.989553e-01
  735 -2.988588e-01
  736 -2.987823e-01
  737 -2.987243e-01
  738 -2.986832e-01
  739 -2.986577e-01
  740 -2.986463e-01
  741 -2.986476e-01
  742 -2.986602e-01
  743 -2.986828e-01
  744 -2.987142e-01
  745 -2.987531e-01
  746 -2.987984e-01
  747 -2.988490e-01
  748 -2.989039e-01
  749 -2.989622e-01
  750 -2.990231e-01
  751 -2.990856e-01
  752 -2.991492e-01
  753 -2.992131e-01
  754 -2.992768e-01
  755 -2.993398e-01
  756 -2.994015e-01
  757 -2.994616e-01
  758 -2.995198e-01
  759 -2.995757e-01
  760 -2.996292e-01
  761 -2.996800e-01
  762 -2.997280e-01
  763 -2.997731e-01
  764 -2.998151e-01
  765 -2.998542e-01
  766 -2.998903e-01
  767 -2.999233e-01
  768 -2.999534e-01
  769 -2.999805e-01
  770 -3.000049e-01
  771 -3.000266e-01
  772 -3.000456e-01
  773 -3.000621e-01
  774 -3.000763e-01
  775 -3.000883e-01
  776 -3.000982e-01
  777 -3.001062e-01
  778 -3.001123e-01
  779 -3.001169e-01
  780 -3.001199e-01
  781 -3.001215e-01
  782 -3.001219e-01
  783 -3.001212e-01
  784 -3.001195e-01
  785 -3.001170e-01
  786 -3.001138e-01
  787 -3.001099e-01
  788 -3.001055e-01
  789 -3.001006e-01
  790 -3.000955e-01
  791 -3.000900e-01
  792 -3.000844e-01
  793 -3.000787e-01
  794 -3.000729e-01
  795 -3.000671e-01
  796 -3.000614e-01
  797 -3.000558e-01
  798 -3.000503e-01
  799 -3.000450e-01
  800 -3.000399e-01
