    1     0
    2     0
    3     0
    4     0
    5     0
    6     0
    7     0
    8     0
    9     0
   10     0
   11     0
   12     0
   13 4.524248e-01
   14 6.407856e-01
   15 7.604313e-01
   16 8.626576e-01
   17 9.650075e-01
   18 1.073096e+00
   19 1.188424e+00
   20 1.311042e+00
   21 1.440458e+00
   22 1.575942e+00
   23 1.716634e+00
   24 1.861576e+00
   25 2.009719e+00
   26 2.159933e+00
   27 2.311002e+00
   28 2.461634e+00
   29 2.610457e+00
   30 2.756026e+00
   31 2.896830e+00
   32 3.031297e+00
   33 3.157799e+00
   34 3.274666e+00
   35 3.380192e+00
   36 3.472648e+00
   37 3.550294e+00
   38 3.611393e+00
   39 3.654224e+00
   40 3.677096e+00
   41 3.678370e+00
   42 3.656471e+00
   43 3.609906e+00
   44 3.537284e+00
   45 3.437336e+00
   46 3.308931e+00
   47 3.151098e+00
   48 2.963044e+00
   49 2.744176e+00
   50 2.494116e+00
   51 2.212725e+00
   52 1.900117e+00
   53 1.556678e+00
   54 1.183081e+00
   55 7.803042e-01
   56 3.496402e-01
   57 -1.072886e-01
   58 -5.885218e-01
   59 -1.091753e+00
   60 -1.614323e+00
   61 -2.153220e+00
   62 -2.705077e+00
   63 -3.266174e+00
   64 -3.832446e+00
   65 -4.399493e+00
   66 -4.962590e+00
   67 -5.516706e+00
   68 -6.056525e+00
   69 -6.576466e+00
   70 -7.070716e+00
   71 -7.533261e+00
   72 -7.957919e+00
   73 -8.338386e+00
   74 -8.668275e+00
   75 -8.941165e+00
   76 -9.150657e+00
   77 -9.290422e+00
   78 -9.354267e+00
   79 -9.336193e+00
   80 -9.230458e+00
   81 -9.031650e+00
   82 -8.734750e+00
   83 -8.335204e+00
   84 -7.828999e+00
   85 -7.212731e+00
   86 -6.483679e+00
   87 -5.639880e+00
   88 -4.680193e+00
   89 -3.604377e+00
   90 -2.413151e+00
   91 -1.108257e+00
   92 3.074745e-01
   93 1.830079e+00
   94 3.454402e+00
   95 5.174063e+00
   96 6.981416e+00
   97 8.867527e+00
   98 1.082215e+01
   99 1.283374e+01
  100 1.488942e+01
  101 1.697502e+01
  102 1.907511e+01
  103 2.117302e+01
  104 2.325090e+01
  105 2.528977e+01
  106 2.726964e+01
  107 2.916956e+01
  108 3.096776e+01
  109 3.264175e+01
  110 3.416847e+01
  111 3.552445e+01
  112 3.668597e+01
  113 3.762925e+01
  114 3.833061e+01
  115 3.876675e+01
  116 3.891490e+01
  117 3.875309e+01
  118 3.826039e+01
  119 3.741713e+01
  120 3.620522e+01
  121 3.460834e+01
  122 3.261227e+01
  123 3.020512e+01
  124 2.737762e+01
  125 2.412336e+01
  126 2.043910e+01
  127 1.632496e+01
  128 1.178471e+01
  129 6.826000e+00
  130 1.460530e+00
  131 -4.289945e+00
  132 -1.048185e+01
  133 -1.704984e+01
  134 -2.395267e+01
  135 -3.115105e+01
  136 -3.860323e+01
  137 -4.626332e+01
  138 -5.408086e+01
  139 -6.200060e+01
  140 -6.996259e+01
  141 -7.790232e+01
  142 -8.575085e+01
  143 -9.343514e+01
  144 -1.008783e+02
  145 -1.080000e+02
  146 -1.147169e+02
  147 -1.209431e+02
  148 -1.265906e+02
  149 -1.315699e+02
  150 -1.357911e+02
  151 -1.391638e+02
  152 -1.415985e+02
  153 -1.430070e+02
  154 -1.433037e+02
  155 -1.424060e+02
  156 -1.402355e+02
  157 -1.367189e+02
  158 -1.317890e+02
  159 -1.253856e+02
  160 -1.174567e+02
  161 -1.079594e+02
  162 -9.686099e+01
  163 -8.413977e+01
  164 -6.978629e+01
  165 -5.380417e+01
  166 -3.621100e+01
  167 -1.703923e+01
  168 3.663015e+00
  169 2.583127e+01
  170 4.938405e+01
  171 7.422234e+01
  172 1.002291e+02
  173 1.272692e+02
  174 1.551888e+02
  175 1.838158e+02
  176 2.129595e+02
  177 2.424115e+02
  178 2.719455e+02
  179 3.013183e+02
  180 3.302705e+02
  181 3.585278e+02
  182 3.858018e+02
  183 4.117917e+02
  184 4.361860e+02
  185 4.586640e+02
  186 4.788985e+02
  187 4.965572e+02
  188 5.113059e+02
  189 5.228109e+02
  190 5.307417e+02
  191 5.347743e+02
  192 5.345942e+02
  193 5.298999e+02
  194 5.204061e+02
  195 5.058475e+02
  196 4.859827e+02
  197 4.605972e+02
  198 4.295081e+02
  199 3.925672e+02
  200 3.496650e+02
  201 3.002851e+02
  202 2.451854e+02
  203 1.841539e+02
  204 1.172081e+02
  205 4.446276e+01
  206 -3.389398e+01
  207 -1.176075e+02
  208 -2.063579e+02
  209 -2.997590e+02
  210 -3.973577e+02
  211 -4.986325e+02
  212 -6.029938e+02
  213 -7.097832e+02
  214 -8.182745e+02
  215 -9.276752e+02
  216 -1.037128e+03
  217 -1.145713e+03
  218 -1.252452e+03
  219 -1.356313e+03
  220 -1.456211e+03
  221 -1.551297e+03
  222 -1.639981e+03
  223 -1.721168e+03
  224 -1.793664e+03
  225 -1.856243e+03
  226 -1.907669e+03
  227 -1.946706e+03
  228 -1.972134e+03
  229 -1.982762e+03
  230 -1.977433e+03
  231 -1.955047e+03
  232 -1.914563e+03
  233 -1.855022e+03
  234 -1.775556e+03
  235 -1.675399e+03
  236 -1.553910e+03
  237 -1.410578e+03
  238 -1.245039e+03
  239 -1.057093e+03
  240 -8.467128e+02
  241 -6.140584e+02
  242 -3.594895e+02
  243 -8.357649e+01
  244 2.128892e+02
  245 5.288858e+02
  246 8.631534e+02
  247 1.214187e+03
  248 1.580233e+03
  249 1.959284e+03
  250 2.349078e+03
  251 2.747102e+03
  252 3.150589e+03
  253 3.556530e+03
  254 3.961678e+03
  255 4.362559e+03
  256 4.755484e+03
  257 5.136568e+03
  258 5.501744e+03
  259 5.846787e+03
  260 6.167339e+03
  261 6.458932e+03
  262 6.717048e+03
  263 6.937086e+03
  264 7.114446e+03
  265 7.244563e+03
  266 7.322936e+03
  267 7.345184e+03
  268 7.307079e+03
  269 7.204600e+03
  270 7.033979e+03
  271 6.791754e+03
  272 6.474814e+03
  273 6.080458e+03
  274 5.606440e+03
  275 5.051028e+03
  276 4.413049e+03
  277 3.691944e+03
  278 2.887813e+03
  279 2.001465e+03
  280 1.034460e+03
  281 -1.084903e+01
  282 -1.131281e+03
  283 -2.322789e+03
  284 -3.580440e+03
  285 -4.898385e+03
  286 -6.269845e+03
  287 -7.687105e+03
  288 -9.141506e+03
  289 -1.062345e+04
  290 -1.212243e+04
  291 -1.362702e+04
  292 -1.512494e+04
  293 -1.660307e+04
  294 -1.804752e+04
  295 -1.944369e+04
  296 -2.077633e+04
  297 -2.202962e+04
  298 -2.318729e+04
  299 -2.423269e+04
  300 -2.514894e+04
  301 -2.591900e+04
  302 -2.652586e+04
  303 -2.695267e+04
  304 -2.718287e+04
  305 -2.720037e+04
  306 -2.698972e+04
  307 -2.653629e+04
  308 -2.582643e+04
  309 -2.484767e+04
  310 -2.358892e+04
  311 -2.204067e+04
  312 -2.019512e+04
  313 -1.804647e+04
  314 -1.559101e+04
  315 -1.282740e+04
  316 -9.756759e+03
  317 -6.382903e+03
  318 -2.712468e+03
  319 1.244925e+03
  320 5.476548e+03
  321 9.966440e+03
  322 1.469532e+04
  323 1.964049e+04
  324 2.477580e+04
  325 3.007164e+04
  326 3.549488e+04
  327 4.100894e+04
  328 4.657386e+04
  329 5.214636e+04
  330 5.767998e+04
  331 6.312526e+04
  332 6.842991e+04
  333 7.353908e+04
  334 7.839561e+04
  335 8.294036e+04
  336 8.711257e+04
  337 9.085024e+04
  338 9.409059e+04
  339 9.677051e+04
  340 9.882706e+04
  341 1.001981e+05
  342 1.008226e+05
  343 1.006417e+05
  344 9.959901e+04
  345 9.764123e+04
  346 9.471907e+04
  347 9.078778e+04
  348 8.580792e+04
  349 7.974603e+04
  350 7.257540e+04
  351 6.427674e+04
  352 5.483886e+04
  353 4.425940e+04
  354 3.254547e+04
  355 1.971422e+04
  356 5.793497e+03
  357 -9.177688e+03
  358 -2.514864e+04
  359 -4.205660e+04
  360 -5.982637e+04
  361 -7.837008e+04
  362 -9.758703e+04
  363 -1.173636e+05
  364 -1.375732e+05
  365 -1.580765e+05
  366 -1.787219e+05
  367 -1.993453e+05
  368 -2.197712e+05
  369 -2.398133e+05
  370 -2.592747e+05
  371 -2.779496e+05
  372 -2.956238e+05
  373 -3.120765e+05
  374 -3.270807e+05
  375 -3.404059e+05
  376 -3.518188e+05
  377 -3.610856e+05
  378 -3.679737e+05
  379 -3.722538e+05
  380 -3.737023e+05
  381 -3.721031e+05
  382 -3.672504e+05
  383 -3.589512e+05
  384 -3.470275e+05
  385 -3.313189e+05
  386 -3.116857e+05
  387 -2.880112e+05
  388 -2.602041e+05
  389 -2.282017e+05
  390 -1.919721e+05
  391 -1.515167e+05
  392 -1.068726e+05
  393 -5.811493e+04
  394 -5.359043e+03
  395 5.123781e+04
  396 1.114746e+05
  397 1.751053e+05
  398 2.418373e+05
  399 3.113309e+05
  400 3.831988e+05
  401 4.570058e+05
  402 5.322686e+05
  403 6.084572e+05
  404 6.849957e+05
  405 7.612638e+05
  406 8.365987e+05
  407 9.102980e+05
  408 9.816223e+05
  409 1.049799e+06
  410 1.114027e+06
  411 1.173481e+06
  412 1.227315e+06
  413 1.274670e+06
  414 1.314683e+06
  415 1.346485e+06
  416 1.369220e+06
  417 1.382042e+06
  418 1.384131e+06
  419 1.374695e+06
  420 1.352987e+06
  421 1.318305e+06
  422 1.270009e+06
  423 1.207527e+06
  424 1.130365e+06
  425 1.038117e+06
  426 9.304768e+05
  427 8.072440e+05
  428 6.683361e+05
  429 5.137970e+05
  430 3.438055e+05
  431 1.586835e+05
  432 -4.109640e+04
  433 -2.549037e+05
  434 -4.819445e+05
  435 -7.212561e+05
  436 -9.717028e+05
  437 -1.231974e+06
  438 -1.500580e+06
  439 -1.775857e+06
  440 -2.055961e+06
  441 -2.338879e+06
  442 -2.622426e+06
  443 -2.904257e+06
  444 -3.181870e+06
  445 -3.452621e+06
  446 -3.713732e+06
  447 -3.962309e+06
  448 -4.195351e+06
  449 -4.409777e+06
  450 -4.602438e+06
  451 -4.770143e+06
  452 -4.909682e+06
  453 -5.017852e+06
  454 -5.091484e+06
  455 -5.127471e+06
  456 -5.122802e+06
  457 -5.074590e+06
  458 -4.980109e+06
  459 -4.836828e+06
  460 -4.642443e+06
  461 -4.394918e+06
  462 -4.092515e+06
  463 -3.733838e+06
  464 -3.317862e+06
  465 -2.843974e+06
  466 -2.312004e+06
  467 -1.722258e+06
  468 -1.075555e+06
  469 -3.732501e+05
  470 3.827333e+05
  471 1.189881e+06
  472 2.045068e+06
  473 2.944536e+06
  474 3.883886e+06
  475 4.858065e+06
  476 5.861362e+06
  477 6.887410e+06
  478 7.929193e+06
  479 8.979056e+06
  480 1.002872e+07
  481 1.106933e+07
  482 1.209145e+07
  483 1.308513e+07
  484 1.403995e+07
  485 1.494504e+07
  486 1.578921e+07
  487 1.656095e+07
  488 1.724854e+07
  489 1.784012e+07
  490 1.832380e+07
  491 1.868774e+07
  492 1.892024e+07
  493 1.900990e+07
  494 1.894568e+07
  495 1.871704e+07
  496 1.831410e+07
  497 1.772769e+07
  498 1.694958e+07
  499 1.597253e+07
  500 1.479046e+07
  501 1.339860e+07
  502 1.179360e+07
  503 9.973639e+06
  504 7.938617e+06
  505 5.690221e+06
  506 3.232061e+06
  507 5.697787e+05
  508 -2.288860e+06
  509 -5.333872e+06
  510 -8.552985e+06
  511 -1.193157e+07
  512 -1.545262e+07
  513 -1.909667e+07
  514 -2.284185e+07
  515 -2.666384e+07
  516 -3.053594e+07
  517 -3.442908e+07
  518 -3.831196e+07
  519 -4.215108e+07
  520 -4.591092e+07
  521 -4.955405e+07
  522 -5.304136e+07
  523 -5.633222e+07
  524 -5.938475e+07
  525 -6.215604e+07
  526 -6.460250e+07
  527 -6.668011e+07
  528 -6.834481e+07
  529 -6.955286e+07
  530 -7.026120e+07
  531 -7.042792e+07
  532 -7.001264e+07
  533 -6.897698e+07
  534 -6.728504e+07
  535 -6.490388e+07
  536 -6.180398e+07
  537 -5.795979e+07
  538 -5.335016e+07
  539 -4.795892e+07
  540 -4.177528e+07
  541 -3.479439e+07
  542 -2.701777e+07
  543 -1.845375e+07
  544 -9.117911e+06
  545 9.665386e+05
  546 1.176841e+07
  547 2.324821e+07
  548 3.535791e+07
  549 4.804067e+07
  550 6.123078e+07
  551 7.485348e+07
  552 8.882500e+07
  553 1.030526e+08
  554 1.174347e+08
  555 1.318612e+08
  556 1.462135e+08
  557 1.603652e+08
  558 1.741826e+08
  559 1.875251e+08
  560 2.002460e+08
  561 2.121932e+08
  562 2.232103e+08
  563 2.331376e+08
  564 2.418128e+08
  565 2.490726e+08
  566 2.547542e+08
  567 2.586958e+08
  568 2.607392e+08
  569 2.607305e+08
  570 2.585221e+08
  571 2.539745e+08
  572 2.469575e+08
  573 2.373528e+08
  574 2.250553e+08
  575 2.099747e+08
  576 1.920382e+08
  577 1.711914e+08
  578 1.474009e+08
  579 1.206554e+08
  580 9.096806e+07
  581 5.837743e+07
  582 2.294956e+07
  583 -1.522089e+07
  584 -5.600932e+07
  585 -9.926007e+07
  586 -1.447855e+08
  587 -1.923654e+08
  588 -2.417461e+08
  589 -2.926409e+08
  590 -3.447294e+08
  591 -3.976581e+08
  592 -4.510411e+08
  593 -5.044608e+08
  594 -5.574694e+08
  595 -6.095901e+08
  596 -6.603196e+08
  597 -7.091297e+08
  598 -7.554709e+08
  599 -7.987745e+08
  600 -8.384569e+08
  601 -8.739227e+08
  602 -9.045694e+08
  603 -9.297920e+08
  604 -9.489872e+08
  605 -9.615597e+08
  606 -9.669268e+08
  607 -9.645249e+08
  608 -9.538152e+08
  609 -9.342904e+08
  610 -9.054808e+08
  611 -8.669614e+08
  612 -8.183585e+08
  613 -7.593565e+08
  614 -6.897048e+08
  615 -6.092246e+08
  616 -5.178155e+08
  617 -4.154624e+08
  618 -3.022408e+08
  619 -1.783239e+08
  620 -4.398719e+07
  621 1.003860e+08
  622 2.543001e+08
  623 4.171434e+08
  624 5.881851e+08
  625 7.665723e+08
  626 9.513289e+08
  627 1.141355e+09
  628 1.335427e+09
  629 1.532200e+09
  630 1.730207e+09
  631 1.927868e+09
  632 2.123491e+09
  633 2.315279e+09
  634 2.501339e+09
  635 2.679688e+09
  636 2.848270e+09
  637 3.004958e+09
  638 3.147575e+09
  639 3.273906e+09
  640 3.381715e+09
  641 3.468758e+09
  642 3.532808e+09
  643 3.571670e+09
  644 3.583204e+09
  645 3.565347e+09
  646 3.516135e+09
  647 3.433726e+09
  648 3.316427e+09
  649 3.162718e+09
  650 2.971274e+09
  651 2.740996e+09
  652 2.471031e+09
  653 2.160802e+09
  654 1.810027e+09
  655 1.418748e+09
  656 9.873504e+08
  657 5.165868e+08
  658 7.594939e+06
  659 -5.380828e+08
  660 -1.118484e+09
  661 -1.731210e+09
  662 -2.373422e+09
  663 -3.041822e+09
  664 -3.732658e+09
  665 -4.441718e+09
  666 -5.164332e+09
  667 -5.895381e+09
  668 -6.629307e+09
  669 -7.360126e+09
  670 -8.081451e+09
  671 -8.786514e+09
  672 -9.468200e+09
  673 -1.011908e+10
  674 -1.073144e+10
  675 -1.129735e+10
  676 -1.180869e+10
  677 -1.225723e+10
  678 -1.263466e+10
  679 -1.293269e+10
  680 -1.314308e+10
  681 -1.325776e+10
  682 -1.326887e+10
  683 -1.316887e+10
  684 -1.295061e+10
  685 -1.260741e+10
  686 -1.213319e+10
  687 -1.152252e+10
  688 -1.077072e+10
  689 -9.873998e+09
  690 -8.829474e+09
  691 -7.635328e+09
  692 -6.290866e+09
  693 -4.796612e+09
  694 -3.154392e+09
  695 -1.367410e+09
  696 5.596773e+08
  697 2.620698e+09
  698 4.807904e+09
  699 7.111929e+09
  700 9.521744e+09
  701 1.202464e+10
  702 1.460619e+10
  703 1.725030e+10
  704 1.993916e+10
  705 2.265332e+10
  706 2.537169e+10
  707 2.807166e+10
  708 3.072914e+10
  709 3.331864e+10
  710 3.581344e+10
  711 3.818569e+10
  712 4.040655e+10
  713 4.244642e+10
  714 4.427505e+10
  715 4.586182e+10
  716 4.717596e+10
  717 4.818677e+10
  718 4.886388e+10
  719 4.917759e+10
  720 4.909910e+10
  721 4.860086e+10
  722 4.765685e+10
  723 4.624299e+10
  724 4.433737e+10
  725 4.192070e+10
  726 3.897659e+10
  727 3.549191e+10
  728 3.145717e+10
  729 2.686682e+10
  730 2.171959e+10
  731 1.601884e+10
  732 9.772816e+09
  733 2.994966e+09
  734 -4.295808e+09
  735 -1.207492e+10
  736 -2.031189e+10
  737 -2.897020e+10
  738 -3.800713e+10
  739 -4.737371e+10
  740 -5.701465e+10
  741 -6.686838e+10
  742 -7.686711e+10
  743 -8.693694e+10
  744 -9.699804e+10
  745 -1.069649e+11
  746 -1.167468e+11
  747 -1.262478e+11
  748 -1.353676e+11
  749 -1.440019e+11
  750 -1.520428e+11
  751 -1.593800e+11
  752 -1.659008e+11
  753 -1.714916e+11
  754 -1.760382e+11
  755 -1.794273e+11
  756 -1.815468e+11
  757 -1.822877e+11
  758 -1.815444e+11
  759 -1.792165e+11
  760 -1.752096e+11
  761 -1.694366e+11
  762 -1.618192e+11
  763 -1.522889e+11
  764 -1.407885e+11
  765 -1.272732e+11
  766 -1.117120e+11
  767 -9.408909e+10
  768 -7.440460e+10
  769 -5.267628e+10
  770 -2.894034e+10
  771 -3.252518e+09
  772 2.431096e+10
  773 5.365259e+10
  774 8.465282e+10
  775 1.171695e+11
  776 1.510376e+11
  777 1.860685e+11
  778 2.220507e+11
  779 2.587489e+11
  780 2.959051e+11
  781 3.332391e+11
  782 3.704487e+11
  783 4.072110e+11
  784 4.431839e+11
  785 4.780072e+11
  786 5.113044e+11
  787 5.426849e+11
  788 5.717462e+11
  789 5.980762e+11
  790 6.212564e+11
  791 6.408646e+11
  792 6.564785e+11
  793 6.676789e+11
  794 6.740540e+11
  795 6.752026e+11
  796 6.707392e+11
  797 6.602975e+11
  798 6.435354e+11
  799 6.201397e+11
  800 5.898303e+11
