    1     0
    2     0
    3     0
    4     0
    5     0
    6     0
    7     0
    8     0
    9     0
   10     0
   11     0
   12     0
   13 5.743982e-03
   14 2.015989e-02
   15 3.515938e-02
   16 4.677397e-02
   17 5.322116e-02
   18 5.403751e-02
   19 4.951018e-02
   20 4.031339e-02
   21 2.728213e-02
   22 1.127635e-02
   23 -6.895706e-03
   24 -2.651644e-02
   25 -4.697440e-02
   26 -6.776561e-02
   27 -8.848706e-02
   28 -1.088261e-01
   29 -1.285482e-01
   30 -1.474850e-01
   31 -1.655224e-01
   32 -1.825906e-01
   33 -1.986546e-01
   34 -2.137068e-01
   35 -2.277603e-01
   36 -2.408437e-01
   37 -2.529965e-01
   38 -2.642659e-01
   39 -2.747036e-01
   40 -2.843641e-01
   41 -2.933024e-01
   42 -3.015734e-01
   43 -3.092302e-01
   44 -3.163242e-01
   45 -3.229039e-01
   46 -3.290153e-01
   47 -3.347010e-01
   48 -3.400007e-01
   49 -3.449510e-01
   50 -3.495854e-01
   51 -3.539344e-01
   52 -3.580261e-01
   53 -3.618854e-01
   54 -3.655351e-01
   55 -3.689957e-01
   56 -3.722853e-01
   57 -3.754205e-01
   58 -3.784157e-01
   59 -3.812840e-01
   60 -3.840367e-01
   61 -3.866840e-01
   62 -3.892350e-01
   63 -3.916974e-01
   64 -3.940783e-01
   65 -3.963837e-01
   66 -3.986190e-01
   67 -4.007888e-01
   68 -4.028974e-01
   69 -4.049481e-01
   70 -4.069442e-01
   71 -4.088884e-01
   72 -4.107832e-01
   73 -4.126305e-01
   74 -4.144324e-01
   75 -4.161904e-01
   76 -4.179060e-01
   77 -4.195805e-01
   78 -4.212151e-01
   79 -4.228108e-01
   80 -4.243686e-01
   81 -4.258894e-01
   82 -4.273740e-01
   83 -4.288232e-01
   84 -4.302377e-01
   85 -4.316182e-01
   86 -4.329654e-01
   87 -4.342800e-01
   88 -4.355625e-01
   89 -4.368135e-01
   90 -4.380338e-01
   91 -4.392238e-01
   92 -4.403841e-01
   93 -4.415154e-01
   94 -4.426182e-01
   95 -4.436931e-01
   96 -4.447407e-01
   97 -4.457614e-01
   98 -4.467560e-01
   99 -4.477249e-01
  100 -4.486688e-01
  101 -4.495881e-01
  102 -4.504834e-01
  103 -4.513553e-01
  104 -4.522043e-01
  105 -4.530309e-01
  106 -4.538356e-01
  107 -4.546191e-01
  108 -4.553817e-01
  109 -4.561240e-01
  110 -4.568465e-01
  111 -4.575498e-01
  112 -4.582342e-01
  113 -4.589002e-01
  114 -4.595483e-01
  115 -4.601791e-01
  116 -4.607928e-01
  117 -4.613900e-01
  118 -4.619711e-01
  119 -4.625365e-01
  120 -4.630867e-01
  121 -4.636219e-01
  122 -4.641427e-01
  123 -4.646494e-01
  124 -4.651423e-01
  125 -4.656219e-01
  126 -4.660885e-01
  127 -4.665425e-01
  128 -4.669841e-01
  129 -4.674138e-01
  130 -4.678318e-01
  131 -2.299014e-01
  132 -9.142443e-02
  133 -9.974407e-03
  134 3.818883e-02
  135 6.807142e-02
  136 8.888988e-02
  137 1.060831e-01
  138 1.226680e-01
  139 1.401444e-01
  140 1.590928e-01
  141 1.795630e-01
  142 2.013229e-01
  143 2.240132e-01
  144 2.472401e-01
  145 2.706280e-01
  146 2.938472e-01
  147 3.166245e-01
  148 3.387456e-01
  149 3.600508e-01
  150 3.804295e-01
  151 3.998124e-01
  152 4.181645e-01
  153 4.354780e-01
  154 4.517660e-01
  155 4.670579e-01
  156 4.813940e-01
  157 4.948228e-01
  158 5.073974e-01
  159 5.191734e-01
  160 5.302072e-01
  161 5.405546e-01
  162 5.502698e-01
  163 5.594044e-01
  164 5.680076e-01
  165 5.761252e-01
  166 5.837997e-01
  167 5.910705e-01
  168 5.979737e-01
  169 6.045421e-01
  170 6.108055e-01
  171 6.167909e-01
  172 6.225226e-01
  173 6.280223e-01
  174 6.333095e-01
  175 6.384016e-01
  176 6.433140e-01
  177 6.480606e-01
  178 6.526533e-01
  179 6.571030e-01
  180 6.614193e-01
  181 6.656103e-01
  182 6.696836e-01
  183 6.736457e-01
  184 6.775023e-01
  185 6.812584e-01
  186 6.849186e-01
  187 6.884869e-01
  188 6.919666e-01
  189 6.953611e-01
  190 6.986731e-01
  191 7.019050e-01
  192 7.050593e-01
  193 7.081380e-01
  194 7.111431e-01
  195 7.140762e-01
  196 7.169390e-01
  197 7.197332e-01
  198 7.224600e-01
  199 7.251211e-01
  200 7.277176e-01
  201 7.302509e-01
  202 7.327222e-01
  203 7.351328e-01
  204 7.374838e-01
  205 7.397765e-01
  206 7.420120e-01
  207 7.441915e-01
  208 7.463161e-01
  209 7.483869e-01
  210 7.504050e-01
  211 7.523716e-01
  212 7.542877e-01
  213 7.561544e-01
  214 7.579729e-01
  215 7.597442e-01
  216 7.614693e-01
  217 7.631494e-01
  218 7.647854e-01
  219 7.663783e-01
  220 7.679293e-01
  221 5.612516e-01
  222 4.229679e-01
  223 3.312038e-01
  224 2.727908e-01
  225 2.381954e-01
  226 2.205101e-01
  227 2.147247e-01
  228 2.172020e-01
  229 2.253013e-01
  230 2.371061e-01
  231 2.512285e-01
  232 2.666666e-01
  233 2.827014e-01
  234 2.988216e-01
  235 3.146691e-01
  236 3.299982e-01
  237 3.446463e-01
  238 3.585119e-01
  239 3.715384e-01
  240 3.837022e-01
  241 3.950032e-01
  242 4.054585e-01
  243 4.150969e-01
  244 4.239554e-01
  245 4.320763e-01
  246 4.395046e-01
  247 4.462870e-01
  248 4.524700e-01
  249 4.580998e-01
  250 4.632209e-01
  251 4.678761e-01
  252 4.721061e-01
  253 4.759491e-01
  254 4.794411e-01
  255 4.826155e-01
  256 4.855032e-01
  257 4.881327e-01
  258 4.905302e-01
  259 4.927196e-01
  260 4.947228e-01
  261 4.250584e-01
  262 3.850849e-01
  263 3.620904e-01
  264 3.489672e-01
  265 3.412265e-01
  266 3.361150e-01
  267 3.320113e-01
  268 3.280194e-01
  269 3.236977e-01
  270 3.188790e-01
  271 3.135549e-01
  272 3.078005e-01
  273 3.017285e-01
  274 2.954613e-01
  275 2.891152e-01
  276 2.827925e-01
  277 2.765779e-01
  278 2.705381e-01
  279 2.647231e-01
  280 2.591678e-01
  281 2.538947e-01
  282 2.489154e-01
  283 2.442335e-01
  284 2.398460e-01
  285 2.357448e-01
  286 2.319186e-01
  287 2.283534e-01
  288 2.250337e-01
  289 2.219434e-01
  290 2.190657e-01
  291 2.163843e-01
  292 2.138832e-01
  293 2.115471e-01
  294 2.093615e-01
  295 2.073128e-01
  296 2.053884e-01
  297 2.035766e-01
  298 2.018668e-01
  299 2.002491e-01
  300 1.987149e-01
  301 1.972560e-01
  302 1.958654e-01
  303 1.945366e-01
  304 1.932640e-01
  305 1.920423e-01
  306 1.908671e-01
  307 1.897344e-01
  308 1.886407e-01
  309 1.875828e-01
  310 1.865580e-01
  311 1.855640e-01
  312 1.845987e-01
  313 1.836601e-01
  314 1.827468e-01
  315 1.818574e-01
  316 1.809906e-01
  317 1.801453e-01
  318 1.793207e-01
  319 1.785159e-01
  320 1.777303e-01
  321 1.769631e-01
  322 1.762139e-01
  323 1.754821e-01
  324 1.747672e-01
  325 1.740690e-01
  326 1.733870e-01
  327 1.727208e-01
  328 1.720702e-01
  329 1.714349e-01
  330 1.708144e-01
  331 1.702087e-01
  332 1.696174e-01
  333 1.690403e-01
  334 1.684770e-01
  335 1.679275e-01
  336 1.673913e-01
  337 1.668683e-01
  338 1.663582e-01
  339 1.658608e-01
  340 1.653758e-01
  341 1.649031e-01
  342 1.644422e-01
  343 1.639931e-01
  344 1.635555e-01
  345 1.631291e-01
  346 1.627137e-01
  347 1.623090e-01
  348 1.619149e-01
  349 1.615310e-01
  350 1.611572e-01
  351 1.607932e-01
  352 1.604388e-01
  353 1.600938e-01
  354 1.597579e-01
  355 1.594310e-01
  356 1.591127e-01
  357 1.588030e-01
  358 1.585015e-01
  359 1.582081e-01
  360 1.579225e-01
  361 1.576447e-01
  362 1.573743e-01
  363 1.571112e-01
  364 1.568551e-01
  365 1.566060e-01
  366 1.563636e-01
  367 1.561278e-01
  368 1.558983e-01
  369 1.556751e-01
  370 1.554579e-01
  371 1.552466e-01
  372 1.550410e-01
  373 1.548409e-01
  374 1.546463e-01
  375 1.544570e-01
  376 1.542728e-01
  377 1.540936e-01
  378 1.539193e-01
  379 1.537497e-01
  380 1.535847e-01
  381 1.534242e-01
  382 1.532681e-01
  383 1.531161e-01
  384 1.529683e-01
  385 1.528246e-01
  386 1.526847e-01
  387 1.525486e-01
  388 1.524162e-01
  389 1.522874e-01
  390 1.521621e-01
  391 3.287162e-02
  392 -3.668328e-02
  393 -7.771613e-02
  394 -1.020972e-01
  395 -1.173299e-01
  396 -1.280226e-01
  397 -1.368950e-01
  398 -1.454557e-01
  399 -1.544549e-01
  400 -1.641830e-01
  401 -1.746652e-01
  402 -1.857855e-01
  403 -1.973645e-01
  404 -2.092054e-01
  405 -2.211206e-01
  406 -2.329455e-01
  407 -2.445437e-01
  408 -2.558080e-01
  409 -2.666589e-01
  410 -2.770411e-01
  411 -2.869203e-01
  412 -2.962789e-01
  413 -3.051133e-01
  414 -3.134301e-01
  415 -3.212442e-01
  416 -3.285758e-01
  417 -3.354494e-01
  418 -3.418915e-01
  419 -3.479301e-01
  420 -3.535936e-01
  421 -3.589099e-01
  422 -3.639062e-01
  423 -3.686085e-01
  424 -3.730414e-01
  425 -3.772279e-01
  426 -3.811895e-01
  427 -3.849458e-01
  428 -3.885150e-01
  429 -3.919137e-01
  430 -3.951567e-01
  431 -3.982578e-01
  432 -4.012290e-01
  433 -4.040814e-01
  434 -4.068248e-01
  435 -4.094679e-01
  436 -4.120186e-01
  437 -4.144837e-01
  438 -4.168695e-01
  439 -4.191813e-01
  440 -4.214241e-01
  441 -2.986894e-01
  442 -2.169539e-01
  443 -1.630959e-01
  444 -1.292166e-01
  445 -1.095978e-01
  446 -1.000969e-01
  447 -9.770910e-02
  448 -1.002535e-01
  449 -1.061467e-01
  450 -1.142399e-01
  451 -1.237009e-01
  452 -1.339294e-01
  453 -1.444946e-01
  454 -1.550903e-01
  455 -1.655020e-01
  456 -1.755828e-01
  457 -1.852354e-01
  458 -1.943993e-01
  459 -2.030410e-01
  460 -2.111463e-01
  461 -2.187157e-01
  462 -2.257596e-01
  463 -2.322956e-01
  464 -2.383462e-01
  465 -2.439369e-01
  466 -2.490952e-01
  467 -2.538491e-01
  468 -2.582270e-01
  469 -2.622567e-01
  470 -2.659653e-01
  471 -2.693787e-01
  472 -2.725215e-01
  473 -2.754172e-01
  474 -2.780873e-01
  475 -2.805524e-01
  476 -2.828312e-01
  477 -2.849411e-01
  478 -2.868981e-01
  479 -2.887170e-01
  480 -2.904109e-01
  481 -2.919922e-01
  482 -2.934719e-01
  483 -2.948599e-01
  484 -2.961652e-01
  485 -2.973961e-01
  486 -2.985596e-01
  487 -2.996625e-01
  488 -3.007104e-01
  489 -3.017086e-01
  490 -3.026616e-01
  491 -3.035737e-01
  492 -3.044485e-01
  493 -3.052890e-01
  494 -3.060983e-01
  495 -3.068788e-01
  496 -3.076327e-01
  497 -3.083620e-01
  498 -3.090684e-01
  499 -3.097533e-01
  500 -3.104182e-01
  501 -3.110642e-01
  502 -3.116922e-01
  503 -3.123033e-01
  504 -3.128981e-01
  505 -3.134775e-01
  506 -3.140420e-01
  507 -3.145922e-01
  508 -3.151286e-01
  509 -3.156516e-01
  510 -3.161616e-01
  511 -3.166591e-01
  512 -3.171444e-01
  513 -3.176177e-01
  514 -3.180794e-01
  515 -3.185297e-01
  516 -3.189689e-01
  517 -3.193973e-01
  518 -3.198150e-01
  519 -3.202224e-01
  520 -3.206195e-01
  521 -3.210067e-01
  522 -3.213842e-01
  523 -3.217522e-01
  524 -3.221107e-01
  525 -3.224602e-01
  526 -3.228007e-01
  527 -3.231324e-01
  528 -3.234556e-01
  529 -3.237705e-01
  530 -3.240771e-01
  531 -3.243757e-01
  532 -3.246665e-01
  533 -3.249497e-01
  534 -3.252254e-01
  535 -3.254939e-01
  536 -3.257552e-01
  537 -3.260096e-01
  538 -3.262573e-01
  539 -3.264983e-01
  540 -3.267329e-01
  541 -3.269612e-01
  542 -3.271834e-01
  543 -3.273996e-01
  544 -3.276101e-01
  545 -3.278148e-01
  546 -3.280141e-01
  547 -3.282079e-01
  548 -3.283966e-01
  549 -3.285801e-01
  550 -3.287587e-01
  551 -3.289325e-01
  552 -3.291015e-01
  553 -3.292660e-01
  554 -3.294260e-01
  555 -3.295817e-01
  556 -3.297331e-01
  557 -3.298805e-01
  558 -3.300239e-01
  559 -3.301633e-01
  560 -3.302990e-01
  561 -3.304310e-01
  562 -3.305595e-01
  563 -3.306844e-01
  564 -3.308060e-01
  565 -3.309242e-01
  566 -3.310393e-01
  567 -3.311512e-01
  568 -3.312601e-01
  569 -3.313661e-01
  570 -3.314692e-01
  571 -3.315694e-01
  572 -3.316670e-01
  573 -3.317619e-01
  574 -3.318542e-01
  575 -3.319441e-01
  576 -3.320315e-01
  577 -3.321165e-01
  578 -3.321992e-01
  579 -3.322797e-01
  580 -3.323580e-01
  581 -3.324342e-01
  582 -3.325083e-01
  583 -3.325805e-01
  584 -3.326506e-01
  585 -3.327189e-01
  586 -3.327853e-01
  587 -3.328499e-01
  588 -3.329128e-01
  589 -3.329739e-01
  590 -3.330334e-01
  591 -3.330913e-01
  592 -3.331476e-01
  593 -3.332024e-01
  594 -3.332558e-01
  595 -3.333076e-01
  596 -3.333581e-01
  597 -3.334072e-01
  598 -3.334550e-01
  599 -3.335015e-01
  600 -3.335467e-01
  601 -3.335907e-01
  602 -3.336335e-01
  603 -3.336751e-01
  604 -3.337157e-01
  605 -3.337551e-01
  606 -3.337934e-01
  607 -3.338307e-01
  608 -3.338671e-01
  609 -3.339024e-01
  610 -3.339367e-01
  611 -3.339702e-01
  612 -3.340027e-01
  613 -3.340344e-01
  614 -3.340652e-01
  615 -3.340951e-01
  616 -3.341243e-01
  617 -3.341526e-01
  618 -3.341802e-01
  619 -3.342071e-01
  620 -3.342332e-01
  621 -3.342586e-01
  622 -3.342833e-01
  623 -3.343074e-01
  624 -3.343308e-01
  625 -3.343536e-01
  626 -3.343757e-01
  627 -3.343973e-01
  628 -3.344183e-01
  629 -3.344387e-01
  630 -3.344585e-01
  631 -3.344778e-01
  632 -3.344966e-01
  633 -3.345149e-01
  634 -3.345327e-01
  635 -3.345500e-01
  636 -3.345668e-01
  637 -3.345832e-01
  638 -3.345991e-01
  639 -3.346146e-01
  640 -3.346297e-01
  641 -3.346444e-01
  642 -3.346587e-01
  643 -3.346726e-01
  644 -3.346861e-01
  645 -3.346992e-01
  646 -3.347120e-01
  647 -3.347245e-01
  648 -3.347366e-01
  649 -3.347484e-01
  650 -3.347598e-01
  651 -3.347710e-01
  652 -3.347818e-01
  653 -3.347924e-01
  654 -3.348027e-01
  655 -3.348127e-01
  656 -3.348224e-01
  657 -3.348319e-01
  658 -3.348411e-01
  659 -3.348500e-01
  660 -3.348587e-01
  661 -1.266796e-01
  662 1.306581e-02
  663 1.062527e-01
  664 1.660507e-01
  665 2.019941e-01
  666 2.209914e-01
  667 2.280537e-01
  668 2.268190e-01
  669 2.199291e-01
  670 2.093010e-01
  671 1.963238e-01
  672 1.820000e-01
  673 1.670495e-01
  674 1.519843e-01
  675 1.371633e-01
  676 1.228330e-01
  677 1.091567e-01
  678 9.623663e-02
  679 8.412998e-02
  680 7.286121e-02
  681 6.243097e-02
  682 5.282291e-02
  683 4.400872e-02
  684 3.595205e-02
  685 2.861134e-02
  686 2.194201e-02
  687 1.589808e-02
  688 1.043339e-02
  689 5.502517e-03
  690 1.061364e-03
  691 -2.932338e-03
  692 -6.518739e-03
  693 -9.735674e-03
  694 -1.261855e-02
  695 -1.520031e-02
  696 -1.751145e-02
  697 -1.958004e-02
  698 -2.143186e-02
  699 -2.309042e-02
  700 -2.457714e-02
  701 -2.591143e-02
  702 -2.711085e-02
  703 -2.819118e-02
  704 -2.916662e-02
  705 -3.004987e-02
  706 -3.085225e-02
  707 -3.158384e-02
  708 -3.225357e-02
  709 -3.286934e-02
  710 -3.343811e-02
  711 -3.396599e-02
  712 -3.445833e-02
  713 -3.491979e-02
  714 -3.535445e-02
  715 -3.576581e-02
  716 -3.615690e-02
  717 -3.653035e-02
  718 -3.688837e-02
  719 -3.723288e-02
  720 -3.756550e-02
  721 -3.788757e-02
  722 -3.820026e-02
  723 -3.850451e-02
  724 -3.880113e-02
  725 -3.909076e-02
  726 -3.937394e-02
  727 -3.965110e-02
  728 -3.992260e-02
  729 -4.018872e-02
  730 -4.044967e-02
  731 -4.070563e-02
  732 -4.095674e-02
  733 -4.120309e-02
  734 -4.144475e-02
  735 -4.168180e-02
  736 -4.191427e-02
  737 -4.214219e-02
  738 -4.236560e-02
  739 -4.258451e-02
  740 -4.279894e-02
  741 -4.300891e-02
  742 -4.321444e-02
  743 -4.341555e-02
  744 -4.361227e-02
  745 -4.380463e-02
  746 -4.399265e-02
  747 -4.417637e-02
  748 -4.435583e-02
  749 -4.453108e-02
  750 -4.470216e-02
  751 -4.486912e-02
  752 -4.503202e-02
  753 -4.519091e-02
  754 -4.534586e-02
  755 -4.549693e-02
  756 -4.564418e-02
  757 -4.578768e-02
  758 -4.592751e-02
  759 -4.606373e-02
  760 -4.619641e-02
  761 -4.632564e-02
  762 -4.645147e-02
  763 -4.657399e-02
  764 -4.669326e-02
  765 -4.680937e-02
  766 -4.692239e-02
  767 -4.703239e-02
  768 -4.713944e-02
  769 -4.724362e-02
  770 -4.734499e-02
  771 -4.744363e-02
  772 -4.753961e-02
  773 -4.763299e-02
  774 -4.772384e-02
  775 -4.781223e-02
  776 -4.789823e-02
  777 -4.798189e-02
  778 -4.806328e-02
  779 -4.814245e-02
  780 -4.821948e-02
  781 -4.829441e-02
  782 -4.836731e-02
  783 -4.843822e-02
  784 -4.850720e-02
  785 -4.857431e-02
  786 -4.863960e-02
  787 -4.870311e-02
  788 -4.876489e-02
  789 -4.882500e-02
  790 -4.888347e-02
  791 -4.894035e-02
  792 -4.899569e-02
  793 -4.904953e-02
  794 -4.910190e-02
  795 -4.915285e-02
  796 -4.920242e-02
  797 -4.925065e-02
  798 -4.929757e-02
  799 -4.934322e-02
  800 -4.938763e-02
