    1     0
    2     0
    3     0
    4     0
    5     0
    6     0
    7     0
    8     0
    9     0
   10     0
   11     0
   12     0
   13 9.068457e-02
   14 1.135163e-01
   15 1.444895e-01
   16 1.663620e-01
   17 1.858913e-01
   18 2.024590e-01
   19 2.171482e-01
   20 2.302795e-01
   21 2.422048e-01
   22 2.531394e-01
   23 2.632507e-01
   24 2.726599e-01
   25 2.814603e-01
   26 2.897239e-01
   27 2.975088e-01
   28 3.048622e-01
   29 3.118239e-01
   30 3.184279e-01
   31 3.247036e-01
   32 3.306771e-01
   33 3.363717e-01
   34 3.418080e-01
   35 3.470051e-01
   36 3.519799e-01
   37 3.567482e-01
   38 3.613243e-01
   39 3.657211e-01
   40 3.699508e-01
   41 3.740243e-01
   42 3.779519e-01
   43 3.817428e-01
   44 3.854057e-01
   45 3.889485e-01
   46 3.923784e-01
   47 3.957023e-01
   48 3.989263e-01
   49 4.020562e-01
   50 4.050974e-01
   51 4.080547e-01
   52 4.109326e-01
   53 4.137355e-01
   54 4.164671e-01
   55 4.191311e-01
   56 4.217309e-01
   57 4.242695e-01
   58 4.267499e-01
   59 4.291748e-01
   60 4.315466e-01
   61 4.338677e-01
   62 4.361403e-01
   63 4.383663e-01
   64 4.405477e-01
   65 4.426863e-01
   66 4.447837e-01
   67 4.468414e-01
   68 4.488610e-01
   69 4.508437e-01
   70 4.527908e-01
   71 4.547036e-01
   72 4.565831e-01
   73 4.584305e-01
   74 4.602467e-01
   75 4.620327e-01
   76 4.637894e-01
   77 4.655176e-01
   78 4.672181e-01
   79 4.688917e-01
   80 4.705391e-01
   81 4.721610e-01
   82 4.737580e-01
   83 4.753308e-01
   84 4.768798e-01
   85 4.784058e-01
   86 4.799092e-01
   87 4.813906e-01
   88 4.828503e-01
   89 4.842890e-01
   90 4.857071e-01
   91 4.871049e-01
   92 4.884829e-01
   93 4.898415e-01
   94 4.911812e-01
   95 4.925021e-01
   96 4.938048e-01
   97 4.950896e-01
   98 4.963567e-01
   99 4.976066e-01
  100 4.988395e-01
  101 5.000558e-01
  102 5.012556e-01
  103 5.024394e-01
  104 5.036074e-01
  105 5.047599e-01
  106 5.058971e-01
  107 5.070193e-01
  108 5.081267e-01
  109 5.092195e-01
  110 5.102981e-01
  111 5.113627e-01
  112 5.124134e-01
  113 5.134505e-01
  114 5.144742e-01
  115 5.154847e-01
  116 5.164823e-01
  117 5.174670e-01
  118 5.184392e-01
  119 5.193990e-01
  120 5.203466e-01
  121 5.212822e-01
  122 5.222060e-01
  123 5.231181e-01
  124 5.240187e-01
  125 5.249081e-01
  126 5.257863e-01
  127 5.266535e-01
  128 5.275100e-01
  129 5.283557e-01
  130 5.291910e-01
  131 5.309160e-01
  132 5.317200e-01
  133 5.323220e-01
  134 5.327261e-01
  135 5.330424e-01
  136 5.333082e-01
  137 5.335534e-01
  138 5.337930e-01
  139 5.340353e-01
  140 5.342845e-01
  141 5.345422e-01
  142 5.348088e-01
  143 5.350838e-01
  144 5.353666e-01
  145 5.356565e-01
  146 5.359527e-01
  147 5.362546e-01
  148 5.365616e-01
  149 5.368730e-01
  150 5.371885e-01
  151 5.375077e-01
  152 5.378301e-01
  153 5.381554e-01
  154 5.384833e-01
  155 5.388135e-01
  156 5.391456e-01
  157 5.394794e-01
  158 5.398146e-01
  159 5.401510e-01
  160 5.404882e-01
  161 5.408260e-01
  162 5.411641e-01
  163 5.415024e-01
  164 5.418406e-01
  165 5.421784e-01
  166 5.425157e-01
  167 5.428523e-01
  168 5.431880e-01
  169 5.435225e-01
  170 5.438558e-01
  171 5.441877e-01
  172 5.445181e-01
  173 5.448467e-01
  174 5.451736e-01
  175 5.454985e-01
  176 5.458214e-01
  177 5.461422e-01
  178 5.464608e-01
  179 5.467771e-01
  180 5.470911e-01
  181 5.474027e-01
  182 5.477118e-01
  183 5.480184e-01
  184 5.483225e-01
  185 5.486240e-01
  186 5.489229e-01
  187 5.492192e-01
  188 5.495128e-01
  189 5.498038e-01
  190 5.500921e-01
  191 5.503777e-01
  192 5.506605e-01
  193 5.509408e-01
  194 5.512183e-01
  195 5.514931e-01
  196 5.517652e-01
  197 5.520347e-01
  198 5.523015e-01
  199 5.525657e-01
  200 5.528272e-01
  201 4.803765e-01
  202 4.523826e-01
  203 4.237356e-01
  204 4.022093e-01
  205 3.835739e-01
  206 3.676180e-01
  207 3.534499e-01
  208 3.406825e-01
  209 3.289911e-01
  210 3.181708e-01
  211 3.080737e-01
  212 2.985965e-01
  213 2.896634e-01
  214 2.812173e-01
  215 2.732139e-01
  216 2.656172e-01
  217 2.583968e-01
  218 2.515267e-01
  219 2.449835e-01
  220 2.387462e-01
  221 1.892189e-01
  222 1.878771e-01
  223 1.745138e-01
  224 1.661832e-01
  225 1.577693e-01
  226 1.505445e-01
  227 1.439785e-01
  228 1.380813e-01
  229 1.327283e-01
  230 1.278509e-01
  231 1.233795e-01
  232 1.192576e-01
  233 1.154361e-01
  234 1.118733e-01
  235 1.085334e-01
  236 1.053861e-01
  237 1.024054e-01
  238 9.956934e-02
  239 9.685904e-02
  240 9.425861e-02
  241 9.175449e-02
  242 8.933523e-02
  243 8.699108e-02
  244 8.471382e-02
  245 8.249648e-02
  246 8.033315e-02
  247 7.821887e-02
  248 7.614942e-02
  249 7.412125e-02
  250 7.213136e-02
  251 7.017722e-02
  252 6.825667e-02
  253 6.636790e-02
  254 6.450936e-02
  255 6.267976e-02
  256 6.087795e-02
  257 5.910300e-02
  258 5.735406e-02
  259 5.563042e-02
  260 5.393147e-02
  261 5.261663e-02
  262 5.096113e-02
  263 4.925202e-02
  264 4.749050e-02
  265 4.572020e-02
  266 4.395562e-02
  267 4.220839e-02
  268 4.048406e-02
  269 3.878571e-02
  270 3.711463e-02
  271 3.547116e-02
  272 3.385511e-02
  273 3.226604e-02
  274 3.070337e-02
  275 2.916651e-02
  276 2.765487e-02
  277 2.616788e-02
  278 2.470501e-02
  279 2.326577e-02
  280 2.184966e-02
  281 2.045626e-02
  282 1.908511e-02
  283 1.773580e-02
  284 1.640792e-02
  285 1.510106e-02
  286 1.381484e-02
  287 1.254886e-02
  288 1.130274e-02
  289 1.007610e-02
  290 8.868579e-03
  291 7.679799e-03
  292 6.509405e-03
  293 5.357043e-03
  294 4.222366e-03
  295 3.105034e-03
  296 2.004713e-03
  297 9.210787e-04
  298 -1.461879e-04
  299 -1.197398e-03
  300 -2.232854e-03
  301 -3.252853e-03
  302 -4.257684e-03
  303 -5.247627e-03
  304 -6.222957e-03
  305 -7.183941e-03
  306 -8.130839e-03
  307 -9.063905e-03
  308 -9.983385e-03
  309 -1.088952e-02
  310 -1.178255e-02
  311 -1.266269e-02
  312 -1.353017e-02
  313 -1.438522e-02
  314 -1.522803e-02
  315 -1.605882e-02
  316 -1.687779e-02
  317 -1.768513e-02
  318 -1.848105e-02
  319 -1.926571e-02
  320 -2.003932e-02
  321 -2.080205e-02
  322 -2.155407e-02
  323 -2.229555e-02
  324 -2.302667e-02
  325 -2.374758e-02
  326 -2.445846e-02
  327 -2.515945e-02
  328 -2.585070e-02
  329 -2.653238e-02
  330 -2.720463e-02
  331 -2.786760e-02
  332 -2.852142e-02
  333 -2.916623e-02
  334 -2.980219e-02
  335 -3.042940e-02
  336 -3.104802e-02
  337 -3.165817e-02
  338 -3.225998e-02
  339 -3.285356e-02
  340 -3.343906e-02
  341 -3.401657e-02
  342 -3.458623e-02
  343 -3.514815e-02
  344 -3.570245e-02
  345 -3.624923e-02
  346 -3.678861e-02
  347 -3.732070e-02
  348 -3.784560e-02
  349 -3.836343e-02
  350 -3.887427e-02
  351 -3.937824e-02
  352 -3.987543e-02
  353 -4.036595e-02
  354 -4.084989e-02
  355 -4.132734e-02
  356 -4.179841e-02
  357 -4.226317e-02
  358 -4.272174e-02
  359 -4.317418e-02
  360 -4.362060e-02
  361 -4.406107e-02
  362 -4.449570e-02
  363 -4.492455e-02
  364 -4.534771e-02
  365 -4.576526e-02
  366 -4.617729e-02
  367 -4.658388e-02
  368 -4.698509e-02
  369 -4.738102e-02
  370 -4.777173e-02
  371 -4.815730e-02
  372 -4.853780e-02
  373 -4.891331e-02
  374 -4.928389e-02
  375 -4.964962e-02
  376 -5.001057e-02
  377 -5.036681e-02
  378 -5.071839e-02
  379 -5.106539e-02
  380 -5.140788e-02
  381 -5.174592e-02
  382 -5.207956e-02
  383 -5.240888e-02
  384 -5.273394e-02
  385 -5.305479e-02
  386 -5.337150e-02
  387 -5.368413e-02
  388 -5.399272e-02
  389 -5.429735e-02
  390 -5.459807e-02
  391 -5.579492e-02
  392 -5.607722e-02
  393 -5.616376e-02
  394 -5.605857e-02
  395 -5.587175e-02
  396 -5.564039e-02
  397 -5.539444e-02
  398 -5.514859e-02
  399 -5.491131e-02
  400 -5.468653e-02
  401 -2.539200e-02
  402 -1.389557e-02
  403 -2.152793e-03
  404 6.727487e-03
  405 1.443805e-02
  406 2.106426e-02
  407 2.696361e-02
  408 3.229159e-02
  409 3.717870e-02
  410 4.170747e-02
  411 4.593750e-02
  412 4.991063e-02
  413 5.365761e-02
  414 5.720161e-02
  415 6.056081e-02
  416 6.374997e-02
  417 6.678157e-02
  418 6.966643e-02
  419 7.241419e-02
  420 7.503364e-02
  421 7.753284e-02
  422 7.991927e-02
  423 8.219993e-02
  424 8.438137e-02
  425 8.646972e-02
  426 8.847075e-02
  427 9.038985e-02
  428 9.223209e-02
  429 9.400222e-02
  430 9.570467e-02
  431 9.734359e-02
  432 9.892287e-02
  433 1.004461e-01
  434 1.019167e-01
  435 1.033378e-01
  436 1.047123e-01
  437 1.060429e-01
  438 1.073323e-01
  439 1.085827e-01
  440 1.097963e-01
  441 1.371212e-01
  442 1.356631e-01
  443 1.415380e-01
  444 1.445057e-01
  445 1.476285e-01
  446 1.501362e-01
  447 1.523404e-01
  448 1.542294e-01
  449 1.558722e-01
  450 1.573047e-01
  451 1.585638e-01
  452 1.596787e-01
  453 1.606748e-01
  454 1.615731e-01
  455 1.623911e-01
  456 1.631439e-01
  457 1.638436e-01
  458 1.645006e-01
  459 1.651233e-01
  460 1.657188e-01
  461 1.662927e-01
  462 1.668497e-01
  463 1.673937e-01
  464 1.679276e-01
  465 1.684539e-01
  466 1.689744e-01
  467 1.694906e-01
  468 1.700037e-01
  469 1.705143e-01
  470 1.710232e-01
  471 1.715307e-01
  472 1.720371e-01
  473 1.725424e-01
  474 1.730467e-01
  475 1.735499e-01
  476 1.740519e-01
  477 1.745525e-01
  478 1.750516e-01
  479 1.755490e-01
  480 1.760444e-01
  481 1.765377e-01
  482 1.770285e-01
  483 1.775167e-01
  484 1.780022e-01
  485 1.784846e-01
  486 1.789638e-01
  487 1.794396e-01
  488 1.799119e-01
  489 1.803805e-01
  490 1.808452e-01
  491 1.813060e-01
  492 1.817628e-01
  493 1.822153e-01
  494 1.826636e-01
  495 1.831076e-01
  496 1.835472e-01
  497 1.839824e-01
  498 1.844131e-01
  499 1.848393e-01
  500 1.852609e-01
  501 1.856779e-01
  502 1.860904e-01
  503 1.864983e-01
  504 1.869017e-01
  505 1.873004e-01
  506 1.876946e-01
  507 1.880843e-01
  508 1.884694e-01
  509 1.888501e-01
  510 1.892262e-01
  511 1.895980e-01
  512 1.899653e-01
  513 1.903283e-01
  514 1.906870e-01
  515 1.910413e-01
  516 1.913915e-01
  517 1.917374e-01
  518 1.920792e-01
  519 1.924168e-01
  520 1.927505e-01
  521 1.930800e-01
  522 1.934057e-01
  523 1.937274e-01
  524 1.940452e-01
  525 1.943592e-01
  526 1.946695e-01
  527 1.949760e-01
  528 1.952789e-01
  529 1.955781e-01
  530 1.958738e-01
  531 1.961659e-01
  532 1.964546e-01
  533 1.967398e-01
  534 1.970216e-01
  535 1.973002e-01
  536 1.975754e-01
  537 1.978474e-01
  538 1.981161e-01
  539 1.983818e-01
  540 1.986443e-01
  541 1.989038e-01
  542 1.991603e-01
  543 1.994138e-01
  544 1.996643e-01
  545 1.999120e-01
  546 2.001568e-01
  547 2.003989e-01
  548 2.006382e-01
  549 2.008747e-01
  550 2.011086e-01
  551 2.013398e-01
  552 2.015684e-01
  553 2.017945e-01
  554 2.020180e-01
  555 2.022391e-01
  556 2.024577e-01
  557 2.026739e-01
  558 2.028876e-01
  559 2.030991e-01
  560 2.033082e-01
  561 2.035151e-01
  562 2.037197e-01
  563 2.039221e-01
  564 2.041223e-01
  565 2.043204e-01
  566 2.045164e-01
  567 2.047102e-01
  568 2.049021e-01
  569 2.050918e-01
  570 2.052797e-01
  571 2.054655e-01
  572 2.056494e-01
  573 2.058314e-01
  574 2.060115e-01
  575 2.061898e-01
  576 2.063662e-01
  577 2.065408e-01
  578 2.067137e-01
  579 2.068848e-01
  580 2.070542e-01
  581 2.072219e-01
  582 2.073880e-01
  583 2.075523e-01
  584 2.077151e-01
  585 2.078763e-01
  586 2.080359e-01
  587 2.081939e-01
  588 2.083504e-01
  589 2.085054e-01
  590 2.086589e-01
  591 2.088110e-01
  592 2.089616e-01
  593 2.091107e-01
  594 2.092585e-01
  595 2.094049e-01
  596 2.095500e-01
  597 2.096937e-01
  598 2.098360e-01
  599 2.099771e-01
  600 2.101169e-01
  601 2.611522e-01
  602 2.810646e-01
  603 3.014312e-01
  604 3.168103e-01
  605 3.301627e-01
  606 3.416365e-01
  607 3.518560e-01
  608 3.610922e-01
  609 3.695722e-01
  610 3.774398e-01
  611 3.847982e-01
  612 3.917201e-01
  613 3.982583e-01
  614 4.044530e-01
  615 4.103351e-01
  616 4.159300e-01
  617 4.212587e-01
  618 4.263398e-01
  619 4.311895e-01
  620 4.358227e-01
  621 4.402528e-01
  622 4.444924e-01
  623 4.485534e-01
  624 4.524466e-01
  625 4.561824e-01
  626 4.597703e-01
  627 4.632195e-01
  628 4.665383e-01
  629 4.697346e-01
  630 4.728159e-01
  631 4.757891e-01
  632 4.786606e-01
  633 4.814365e-01
  634 4.841223e-01
  635 4.867234e-01
  636 4.892446e-01
  637 4.916904e-01
  638 4.940650e-01
  639 4.963725e-01
  640 4.986164e-01
  641 5.008001e-01
  642 5.029269e-01
  643 5.049997e-01
  644 5.070212e-01
  645 5.089939e-01
  646 5.109203e-01
  647 5.128026e-01
  648 5.146428e-01
  649 5.164428e-01
  650 5.182044e-01
  651 5.199294e-01
  652 5.216192e-01
  653 5.232754e-01
  654 5.248992e-01
  655 5.264920e-01
  656 5.280549e-01
  657 5.295891e-01
  658 5.310956e-01
  659 5.325753e-01
  660 5.340293e-01
  661 5.790349e-01
  662 5.760994e-01
  663 5.854139e-01
  664 5.899094e-01
  665 5.946879e-01
  666 5.984638e-01
  667 6.017552e-01
  668 6.045408e-01
  669 6.069343e-01
  670 6.089944e-01
  671 6.107814e-01
  672 6.123428e-01
  673 6.137198e-01
  674 6.149466e-01
  675 6.160517e-01
  676 6.170591e-01
  677 6.179886e-01
  678 6.188566e-01
  679 6.196766e-01
  680 6.204597e-01
  681 6.212150e-01
  682 6.219496e-01
  683 6.226695e-01
  684 6.233793e-01
  685 6.240825e-01
  686 6.247820e-01
  687 6.254799e-01
  688 6.261778e-01
  689 6.268766e-01
  690 6.275771e-01
  691 6.282797e-01
  692 6.289846e-01
  693 6.296916e-01
  694 6.304008e-01
  695 6.311117e-01
  696 6.318240e-01
  697 6.325373e-01
  698 6.332512e-01
  699 6.339651e-01
  700 6.346786e-01
  701 6.353911e-01
  702 6.361023e-01
  703 6.368116e-01
  704 6.375186e-01
  705 6.382229e-01
  706 6.389241e-01
  707 6.396217e-01
  708 6.403155e-01
  709 6.410051e-01
  710 6.416903e-01
  711 6.423707e-01
  712 6.430462e-01
  713 6.437165e-01
  714 6.443813e-01
  715 6.450406e-01
  716 6.456942e-01
  717 6.463419e-01
  718 6.469837e-01
  719 6.476194e-01
  720 6.482489e-01
  721 6.488723e-01
  722 6.494894e-01
  723 6.501001e-01
  724 6.507046e-01
  725 6.513027e-01
  726 6.518944e-01
  727 6.524798e-01
  728 6.530588e-01
  729 6.536315e-01
  730 6.541979e-01
  731 6.547581e-01
  732 6.553120e-01
  733 6.558596e-01
  734 6.564012e-01
  735 6.569366e-01
  736 6.574660e-01
  737 6.579893e-01
  738 6.585067e-01
  739 6.590183e-01
  740 6.595239e-01
  741 6.600239e-01
  742 6.605181e-01
  743 6.610067e-01
  744 6.614897e-01
  745 6.619673e-01
  746 6.624394e-01
  747 6.629061e-01
  748 6.633675e-01
  749 6.638237e-01
  750 6.642748e-01
  751 6.647207e-01
  752 6.651617e-01
  753 6.655976e-01
  754 6.660287e-01
  755 6.664550e-01
  756 6.668765e-01
  757 6.672934e-01
  758 6.677056e-01
  759 6.681132e-01
  760 6.685164e-01
  761 6.689152e-01
  762 6.693096e-01
  763 6.696996e-01
  764 6.700855e-01
  765 6.704672e-01
  766 6.708447e-01
  767 6.712183e-01
  768 6.715878e-01
  769 6.719534e-01
  770 6.723151e-01
  771 6.726730e-01
  772 6.730271e-01
  773 6.733775e-01
  774 6.737243e-01
  775 6.740674e-01
  776 6.744070e-01
  777 6.747431e-01
  778 6.750758e-01
  779 6.754051e-01
  780 6.757310e-01
  781 6.760536e-01
  782 6.763730e-01
  783 6.766892e-01
  784 6.770023e-01
  785 6.773122e-01
  786 6.776191e-01
  787 6.779230e-01
  788 6.782239e-01
  789 6.785219e-01
  790 6.788170e-01
  791 6.791093e-01
  792 6.793987e-01
  793 6.796854e-01
  794 6.799694e-01
  795 6.802508e-01
  796 6.805294e-01
  797 6.808055e-01
  798 6.810791e-01
  799 6.813501e-01
  800 6.816186e-01
