    1     0
    2     0
    3     0
    4     0
    5     0
    6     0
    7     0
    8     0
    9     0
   10     0
   11     0
   12     0
   13 1.027484e-01
   14 5.698932e-02
   15 9.700273e-02
   16 8.647844e-02
   17 1.047873e-01
   18 1.058072e-01
   19 1.164149e-01
   20 1.210103e-01
   21 1.287001e-01
   22 1.342127e-01
   23 1.406383e-01
   24 1.462002e-01
   25 1.519511e-01
   26 1.572963e-01
   27 1.625981e-01
   28 1.676609e-01
   29 1.726130e-01
   30 1.773932e-01
   31 1.820499e-01
   32 1.865670e-01
   33 1.909652e-01
   34 1.952434e-01
   35 1.994123e-01
   36 2.034752e-01
   37 2.074394e-01
   38 2.113092e-01
   39 2.150901e-01
   40 2.187865e-01
   41 2.224030e-01
   42 2.259436e-01
   43 2.294123e-01
   44 2.328128e-01
   45 2.361485e-01
   46 2.394226e-01
   47 2.426382e-01
   48 2.457980e-01
   49 2.489048e-01
   50 2.519611e-01
   51 2.549692e-01
   52 2.579313e-01
   53 2.608494e-01
   54 2.637256e-01
   55 2.665615e-01
   56 2.693589e-01
   57 2.721195e-01
   58 2.748445e-01
   59 2.775356e-01
   60 2.801939e-01
   61 2.828208e-01
   62 2.854173e-01
   63 2.879846e-01
   64 2.905237e-01
   65 2.930355e-01
   66 2.955210e-01
   67 2.979810e-01
   68 3.004162e-01
   69 3.028275e-01
   70 3.052156e-01
   71 3.075811e-01
   72 3.099246e-01
   73 3.122468e-01
   74 3.145482e-01
   75 3.168294e-01
   76 3.190908e-01
   77 3.213329e-01
   78 3.235562e-01
   79 3.257611e-01
   80 3.279480e-01
   81 3.301173e-01
   82 3.322693e-01
   83 3.344045e-01
   84 3.365230e-01
   85 3.386253e-01
   86 3.407117e-01
   87 3.427823e-01
   88 3.448376e-01
   89 3.468777e-01
   90 3.489029e-01
   91 3.509134e-01
   92 3.529094e-01
   93 3.548913e-01
   94 3.568591e-01
   95 3.588130e-01
   96 3.607533e-01
   97 3.626801e-01
   98 3.645936e-01
   99 3.664940e-01
  100 3.683814e-01
  101 3.702560e-01
  102 3.721179e-01
  103 3.739672e-01
  104 3.758041e-01
  105 3.776287e-01
  106 3.794412e-01
  107 3.812416e-01
  108 3.830300e-01
  109 3.848067e-01
  110 3.865716e-01
  111 3.883249e-01
  112 3.900667e-01
  113 3.917970e-01
  114 3.935160e-01
  115 3.952237e-01
  116 3.969203e-01
  117 3.986058e-01
  118 4.002802e-01
  119 4.019437e-01
  120 4.035963e-01
  121 4.052382e-01
  122 4.068692e-01
  123 4.084896e-01
  124 4.100994e-01
  125 4.116986e-01
  126 4.132873e-01
  127 4.148656e-01
  128 4.164334e-01
  129 4.179909e-01
  130 4.195381e-01
  131 4.271412e-01
  132 4.325801e-01
  133 4.381043e-01
  134 4.426011e-01
  135 4.468448e-01
  136 4.504943e-01
  137 4.538425e-01
  138 4.568010e-01
  139 4.594922e-01
  140 4.619064e-01
  141 4.641028e-01
  142 4.660937e-01
  143 4.679125e-01
  144 4.695750e-01
  145 4.711029e-01
  146 4.725104e-01
  147 4.738128e-01
  148 4.750215e-01
  149 4.761479e-01
  150 4.772010e-01
  151 4.781891e-01
  152 4.791193e-01
  153 4.799980e-01
  154 4.808305e-01
  155 4.816216e-01
  156 4.823755e-01
  157 4.830959e-01
  158 4.837859e-01
  159 4.844483e-01
  160 4.850854e-01
  161 4.856996e-01
  162 4.862924e-01
  163 4.868657e-01
  164 4.874206e-01
  165 4.879586e-01
  166 4.884806e-01
  167 4.889875e-01
  168 4.894801e-01
  169 4.899592e-01
  170 4.904253e-01
  171 4.908789e-01
  172 4.913204e-01
  173 4.917503e-01
  174 4.921689e-01
  175 4.925764e-01
  176 4.929731e-01
  177 4.933591e-01
  178 4.937347e-01
  179 4.941000e-01
  180 4.944552e-01
  181 4.948002e-01
  182 4.951352e-01
  183 4.954602e-01
  184 4.957754e-01
  185 4.960807e-01
  186 4.963762e-01
  187 4.966620e-01
  188 4.969379e-01
  189 4.972041e-01
  190 4.974605e-01
  191 4.977071e-01
  192 4.979440e-01
  193 4.981711e-01
  194 4.983885e-01
  195 4.985960e-01
  196 4.987938e-01
  197 4.989818e-01
  198 4.991599e-01
  199 4.993283e-01
  200 4.994868e-01
  201 4.991635e-01
  202 4.997639e-01
  203 4.998452e-01
  204 5.003243e-01
  205 5.006563e-01
  206 5.011480e-01
  207 5.016120e-01
  208 5.021495e-01
  209 5.026947e-01
  210 5.032796e-01
  211 5.038802e-01
  212 5.045055e-01
  213 5.051459e-01
  214 5.058032e-01
  215 5.064729e-01
  216 5.071545e-01
  217 5.078455e-01
  218 5.085450e-01
  219 5.092512e-01
  220 5.099633e-01
  221 3.300304e-01
  222 3.998031e-01
  223 3.272296e-01
  224 3.399713e-01
  225 3.052703e-01
  226 3.001041e-01
  227 2.794705e-01
  228 2.693650e-01
  229 2.545043e-01
  230 2.436416e-01
  231 2.315640e-01
  232 2.211983e-01
  233 2.107485e-01
  234 2.011766e-01
  235 1.918491e-01
  236 1.830687e-01
  237 1.746001e-01
  238 1.665271e-01
  239 1.587528e-01
  240 1.512904e-01
  241 1.440929e-01
  242 1.371519e-01
  243 1.304401e-01
  244 1.239440e-01
  245 1.176446e-01
  246 1.115285e-01
  247 1.055813e-01
  248 9.979093e-02
  249 9.414584e-02
  250 8.863575e-02
  251 8.325101e-02
  252 7.798292e-02
  253 7.282343e-02
  254 6.776517e-02
  255 6.280137e-02
  256 5.792578e-02
  257 5.313267e-02
  258 4.841675e-02
  259 4.377313e-02
  260 3.919733e-02
  261 3.711163e-02
  262 3.422421e-02
  263 3.143119e-02
  264 2.828428e-02
  265 2.509006e-02
  266 2.170929e-02
  267 1.825650e-02
  268 1.469383e-02
  269 1.106800e-02
  270 7.373018e-03
  271 3.630578e-03
  272 -1.563003e-04
  273 -3.975947e-03
  274 -7.823628e-03
  275 -1.169222e-02
  276 -1.557741e-02
  277 -1.947447e-02
  278 -2.337999e-02
  279 -2.729068e-02
  280 -3.120400e-02
  281 -3.511765e-02
  282 -3.902979e-02
  283 -4.293881e-02
  284 -4.684342e-02
  285 -5.074253e-02
  286 -5.463526e-02
  287 -5.852091e-02
  288 -6.239890e-02
  289 -6.626879e-02
  290 -7.013027e-02
  291 -7.398310e-02
  292 -7.782712e-02
  293 -8.166225e-02
  294 -8.548847e-02
  295 -8.930579e-02
  296 -9.311428e-02
  297 -9.691405e-02
  298 -1.007052e-01
  299 -1.044880e-01
  300 -1.082625e-01
  301 -1.120289e-01
  302 -1.157875e-01
  303 -1.195384e-01
  304 -1.232820e-01
  305 -1.270184e-01
  306 -1.307479e-01
  307 -1.344706e-01
  308 -1.381870e-01
  309 -1.418972e-01
  310 -1.456014e-01
  311 -1.493000e-01
  312 -1.529931e-01
  313 -1.566810e-01
  314 -1.603640e-01
  315 -1.640423e-01
  316 -1.677160e-01
  317 -1.713856e-01
  318 -1.750511e-01
  319 -1.787128e-01
  320 -1.823710e-01
  321 -1.860258e-01
  322 -1.896775e-01
  323 -1.933263e-01
  324 -1.969723e-01
  325 -2.006159e-01
  326 -2.042571e-01
  327 -2.078962e-01
  328 -2.115334e-01
  329 -2.151688e-01
  330 -2.188027e-01
  331 -2.224352e-01
  332 -2.260665e-01
  333 -2.296967e-01
  334 -2.333261e-01
  335 -2.369548e-01
  336 -2.405830e-01
  337 -2.442108e-01
  338 -2.478383e-01
  339 -2.514658e-01
  340 -2.550934e-01
  341 -2.587211e-01
  342 -2.623493e-01
  343 -2.659779e-01
  344 -2.696072e-01
  345 -2.732372e-01
  346 -2.768682e-01
  347 -2.805001e-01
  348 -2.841333e-01
  349 -2.877677e-01
  350 -2.914035e-01
  351 -2.950408e-01
  352 -2.986797e-01
  353 -3.023204e-01
  354 -3.059630e-01
  355 -3.096075e-01
  356 -3.132540e-01
  357 -3.169028e-01
  358 -3.205538e-01
  359 -3.242072e-01
  360 -3.278631e-01
  361 -3.315215e-01
  362 -3.351826e-01
  363 -3.388465e-01
  364 -3.425132e-01
  365 -3.461828e-01
  366 -3.498555e-01
  367 -3.535313e-01
  368 -3.572102e-01
  369 -3.608925e-01
  370 -3.645781e-01
  371 -3.682671e-01
  372 -3.719596e-01
  373 -3.756558e-01
  374 -3.793556e-01
  375 -3.830591e-01
  376 -3.867664e-01
  377 -3.904776e-01
  378 -3.941927e-01
  379 -3.979119e-01
  380 -4.016351e-01
  381 -4.053625e-01
  382 -4.090941e-01
  383 -4.128299e-01
  384 -4.165701e-01
  385 -4.203146e-01
  386 -4.240636e-01
  387 -4.278171e-01
  388 -4.315752e-01
  389 -4.353379e-01
  390 -4.391053e-01
  391 -4.489434e-01
  392 -4.566325e-01
  393 -4.644218e-01
  394 -4.711988e-01
  395 -4.777377e-01
  396 -4.836974e-01
  397 -4.893709e-01
  398 -4.946696e-01
  399 -4.997162e-01
  400 -5.045009e-01
  401 -5.088942e-01
  402 -5.134704e-01
  403 -5.176859e-01
  404 -5.219235e-01
  405 -5.259866e-01
  406 -5.300125e-01
  407 -5.339413e-01
  408 -5.378252e-01
  409 -5.416488e-01
  410 -5.454344e-01
  411 -5.491805e-01
  412 -5.528979e-01
  413 -5.565891e-01
  414 -5.602602e-01
  415 -5.639143e-01
  416 -5.675554e-01
  417 -5.711860e-01
  418 -5.748091e-01
  419 -5.784268e-01
  420 -5.820411e-01
  421 -5.856537e-01
  422 -5.892661e-01
  423 -5.928796e-01
  424 -5.964953e-01
  425 -6.001141e-01
  426 -6.037370e-01
  427 -6.073646e-01
  428 -6.109976e-01
  429 -6.146364e-01
  430 -6.182817e-01
  431 -6.219337e-01
  432 -6.255928e-01
  433 -6.292594e-01
  434 -6.329336e-01
  435 -6.366157e-01
  436 -6.403059e-01
  437 -6.440044e-01
  438 -6.477113e-01
  439 -6.514266e-01
  440 -6.551506e-01
  441 -5.504934e-01
  442 -5.956662e-01
  443 -5.554382e-01
  444 -5.664071e-01
  445 -5.489184e-01
  446 -5.491589e-01
  447 -5.401279e-01
  448 -5.374228e-01
  449 -5.318740e-01
  450 -5.287336e-01
  451 -5.248742e-01
  452 -5.220520e-01
  453 -5.191895e-01
  454 -5.168642e-01
  455 -5.146961e-01
  456 -5.128669e-01
  457 -5.112356e-01
  458 -5.098525e-01
  459 -5.086597e-01
  460 -5.076649e-01
  461 -5.068403e-01
  462 -5.061808e-01
  463 -5.056700e-01
  464 -5.053000e-01
  465 -5.050594e-01
  466 -5.049401e-01
  467 -5.049337e-01
  468 -5.050329e-01
  469 -5.052307e-01
  470 -5.055212e-01
  471 -5.058984e-01
  472 -5.063573e-01
  473 -5.068930e-01
  474 -5.075012e-01
  475 -5.081778e-01
  476 -5.089191e-01
  477 -5.097217e-01
  478 -5.105824e-01
  479 -5.114984e-01
  480 -5.124669e-01
  481 -5.134856e-01
  482 -5.145521e-01
  483 -5.156643e-01
  484 -5.168203e-01
  485 -5.180184e-01
  486 -5.192567e-01
  487 -5.205338e-01
  488 -5.218483e-01
  489 -5.231987e-01
  490 -5.245840e-01
  491 -5.260028e-01
  492 -5.274543e-01
  493 -5.289372e-01
  494 -5.304508e-01
  495 -5.319942e-01
  496 -5.335665e-01
  497 -5.351670e-01
  498 -5.367950e-01
  499 -5.384497e-01
  500 -5.401307e-01
  501 -5.418372e-01
  502 -5.435688e-01
  503 -5.453250e-01
  504 -5.471051e-01
  505 -5.489088e-01
  506 -5.507357e-01
  507 -5.525853e-01
  508 -5.544572e-01
  509 -5.563511e-01
  510 -5.582666e-01
  511 -5.602034e-01
  512 -5.621612e-01
  513 -5.641397e-01
  514 -5.661385e-01
  515 -5.681574e-01
  516 -5.701962e-01
  517 -5.722547e-01
  518 -5.743324e-01
  519 -5.764294e-01
  520 -5.785452e-01
  521 -5.806798e-01
  522 -5.828329e-01
  523 -5.850043e-01
  524 -5.871938e-01
  525 -5.894013e-01
  526 -5.916267e-01
  527 -5.938696e-01
  528 -5.961300e-01
  529 -5.984077e-01
  530 -6.007026e-01
  531 -6.030145e-01
  532 -6.053433e-01
  533 -6.076888e-01
  534 -6.100509e-01
  535 -6.124296e-01
  536 -6.148246e-01
  537 -6.172358e-01
  538 -6.196632e-01
  539 -6.221066e-01
  540 -6.245659e-01
  541 -6.270410e-01
  542 -6.295319e-01
  543 -6.320383e-01
  544 -6.345602e-01
  545 -6.370975e-01
  546 -6.396501e-01
  547 -6.422180e-01
  548 -6.448010e-01
  549 -6.473990e-01
  550 -6.500120e-01
  551 -6.526399e-01
  552 -6.552825e-01
  553 -6.579399e-01
  554 -6.606119e-01
  555 -6.632985e-01
  556 -6.659996e-01
  557 -6.687150e-01
  558 -6.714449e-01
  559 -6.741890e-01
  560 -6.769473e-01
  561 -6.797197e-01
  562 -6.825063e-01
  563 -6.853068e-01
  564 -6.881213e-01
  565 -6.909497e-01
  566 -6.937919e-01
  567 -6.966479e-01
  568 -6.995175e-01
  569 -7.024009e-01
  570 -7.052978e-01
  571 -7.082083e-01
  572 -7.111322e-01
  573 -7.140696e-01
  574 -7.170204e-01
  575 -7.199845e-01
  576 -7.229619e-01
  577 -7.259525e-01
  578 -7.289563e-01
  579 -7.319733e-01
  580 -7.350033e-01
  581 -7.380464e-01
  582 -7.411025e-01
  583 -7.441715e-01
  584 -7.472534e-01
  585 -7.503482e-01
  586 -7.534559e-01
  587 -7.565763e-01
  588 -7.597095e-01
  589 -7.628554e-01
  590 -7.660139e-01
  591 -7.691851e-01
  592 -7.723688e-01
  593 -7.755651e-01
  594 -7.787739e-01
  595 -7.819952e-01
  596 -7.852290e-01
  597 -7.884751e-01
  598 -7.917336e-01
  599 -7.950045e-01
  600 -7.982877e-01
  601 -8.012528e-01
  602 -8.048836e-01
  603 -8.081701e-01
  604 -8.117543e-01
  605 -8.152545e-01
  606 -8.188856e-01
  607 -8.225163e-01
  608 -8.262175e-01
  609 -8.299431e-01
  610 -8.337154e-01
  611 -8.375177e-01
  612 -8.413562e-01
  613 -8.452242e-01
  614 -8.491228e-01
  615 -8.530491e-01
  616 -8.570025e-01
  617 -8.609813e-01
  618 -8.649848e-01
  619 -8.690119e-01
  620 -8.730619e-01
  621 -8.771338e-01
  622 -8.812271e-01
  623 -8.853411e-01
  624 -8.894752e-01
  625 -8.936291e-01
  626 -8.978022e-01
  627 -9.019941e-01
  628 -9.062046e-01
  629 -9.104332e-01
  630 -9.146797e-01
  631 -9.189439e-01
  632 -9.232254e-01
  633 -9.275242e-01
  634 -9.318400e-01
  635 -9.361726e-01
  636 -9.405219e-01
  637 -9.448878e-01
  638 -9.492701e-01
  639 -9.536688e-01
  640 -9.580837e-01
  641 -9.625147e-01
  642 -9.669619e-01
  643 -9.714250e-01
  644 -9.759040e-01
  645 -9.803989e-01
  646 -9.849097e-01
  647 -9.894362e-01
  648 -9.939784e-01
  649 -9.985363e-01
  650 -1.003110e+00
  651 -1.007699e+00
  652 -1.012304e+00
  653 -1.016924e+00
  654 -1.021560e+00
  655 -1.026211e+00
  656 -1.030878e+00
  657 -1.035560e+00
  658 -1.040258e+00
  659 -1.044971e+00
  660 -1.049699e+00
  661 -8.737931e-01
  662 -9.476044e-01
  663 -8.790818e-01
  664 -8.958877e-01
  665 -8.652647e-01
  666 -8.641908e-01
  667 -8.476645e-01
  668 -8.416816e-01
  669 -8.309594e-01
  670 -8.242513e-01
  671 -8.163447e-01
  672 -8.101668e-01
  673 -8.039217e-01
  674 -7.985719e-01
  675 -7.934838e-01
  676 -7.889604e-01
  677 -7.847666e-01
  678 -7.809862e-01
  679 -7.775226e-01
  680 -7.743887e-01
  681 -7.715381e-01
  682 -7.689622e-01
  683 -7.666337e-01
  684 -7.645393e-01
  685 -7.626600e-01
  686 -7.609824e-01
  687 -7.594921e-01
  688 -7.581772e-01
  689 -7.570261e-01
  690 -7.560285e-01
  691 -7.551747e-01
  692 -7.544562e-01
  693 -7.538648e-01
  694 -7.533932e-01
  695 -7.530345e-01
  696 -7.527827e-01
  697 -7.526318e-01
  698 -7.525767e-01
  699 -7.526124e-01
  700 -7.527345e-01
  701 -7.529387e-01
  702 -7.532213e-01
  703 -7.535787e-01
  704 -7.540075e-01
  705 -7.545047e-01
  706 -7.550675e-01
  707 -7.556933e-01
  708 -7.563796e-01
  709 -7.571241e-01
  710 -7.579247e-01
  711 -7.587794e-01
  712 -7.596864e-01
  713 -7.606440e-01
  714 -7.616505e-01
  715 -7.627045e-01
  716 -7.638045e-01
  717 -7.649492e-01
  718 -7.661374e-01
  719 -7.673679e-01
  720 -7.686396e-01
  721 -7.699514e-01
  722 -7.713024e-01
  723 -7.726917e-01
  724 -7.741183e-01
  725 -7.755816e-01
  726 -7.770806e-01
  727 -7.786146e-01
  728 -7.801829e-01
  729 -7.817849e-01
  730 -7.834199e-01
  731 -7.850873e-01
  732 -7.867866e-01
  733 -7.885171e-01
  734 -7.902783e-01
  735 -7.920698e-01
  736 -7.938910e-01
  737 -7.957415e-01
  738 -7.976208e-01
  739 -7.995285e-01
  740 -8.014642e-01
  741 -8.034274e-01
  742 -8.054179e-01
  743 -8.074351e-01
  744 -8.094788e-01
  745 -8.115487e-01
  746 -8.136442e-01
  747 -8.157653e-01
  748 -8.179115e-01
  749 -8.200825e-01
  750 -8.222780e-01
  751 -8.244977e-01
  752 -8.267415e-01
  753 -8.290089e-01
  754 -8.312997e-01
  755 -8.336137e-01
  756 -8.359506e-01
  757 -8.383102e-01
  758 -8.406921e-01
  759 -8.430963e-01
  760 -8.455225e-01
  761 -8.479704e-01
  762 -8.504398e-01
  763 -8.529305e-01
  764 -8.554423e-01
  765 -8.579751e-01
  766 -8.605285e-01
  767 -8.631024e-01
  768 -8.656967e-01
  769 -8.683111e-01
  770 -8.709454e-01
  771 -8.735995e-01
  772 -8.762733e-01
  773 -8.789664e-01
  774 -8.816787e-01
  775 -8.844102e-01
  776 -8.871606e-01
  777 -8.899297e-01
  778 -8.927175e-01
  779 -8.955237e-01
  780 -8.983482e-01
  781 -9.011909e-01
  782 -9.040515e-01
  783 -9.069301e-01
  784 -9.098263e-01
  785 -9.127402e-01
  786 -9.156714e-01
  787 -9.186201e-01
  788 -9.215858e-01
  789 -9.245687e-01
  790 -9.275684e-01
  791 -9.305850e-01
  792 -9.336183e-01
  793 -9.366681e-01
  794 -9.397343e-01
  795 -9.428168e-01
  796 -9.459156e-01
  797 -9.490305e-01
  798 -9.521613e-01
  799 -9.553080e-01
  800 -9.584704e-01
