    1     0
    2     0
    3     0
    4     0
    5     0
    6     0
    7     0
    8     0
    9     0
   10     0
   11     0
   12     0
   13 1.311614e-02
   14 -2.586903e-03
   15 -2.921659e-02
   16 -6.112587e-02
   17 -9.616275e-02
   18 -1.336540e-01
   19 -1.735106e-01
   20 -2.158534e-01
   21 -2.608629e-01
   22 -3.087222e-01
   23 -3.596000e-01
   24 -4.136487e-01
   25 -4.710080e-01
   26 -5.318099e-01
   27 -5.961829e-01
   28 -6.642568e-01
   29 -7.361651e-01
   30 -8.120478e-01
   31 -8.920534e-01
   32 -9.763402e-01
   33 -1.065077e+00
   34 -1.158446e+00
   35 -1.256639e+00
   36 -1.359863e+00
   37 -1.468339e+00
   38 -1.582299e+00
   39 -1.701991e+00
   40 -1.827679e+00
   41 -1.959641e+00
   42 -2.098169e+00
   43 -2.243575e+00
   44 -2.396183e+00
   45 -2.556339e+00
   46 -2.724404e+00
   47 -2.900759e+00
   48 -3.085803e+00
   49 -3.279957e+00
   50 -3.483663e+00
   51 -3.697385e+00
   52 -3.921609e+00
   53 -4.156847e+00
   54 -4.403634e+00
   55 -4.662535e+00
   56 -4.934139e+00
   57 -5.219067e+00
   58 -5.517969e+00
   59 -5.831528e+00
   60 -6.160459e+00
   61 -6.505513e+00
   62 -6.867478e+00
   63 -7.247181e+00
   64 -7.645489e+00
   65 -8.063311e+00
   66 -8.501602e+00
   67 -8.961361e+00
   68 -9.443640e+00
   69 -9.949540e+00
   70 -1.048022e+01
   71 -1.103688e+01
   72 -1.162080e+01
   73 -1.223331e+01
   74 -1.287582e+01
   75 -1.354978e+01
   76 -1.425674e+01
   77 -1.499831e+01
   78 -1.577619e+01
   79 -1.659215e+01
   80 -1.744805e+01
   81 -1.834585e+01
   82 -1.928761e+01
   83 -2.027546e+01
   84 -2.131166e+01
   85 -2.239859e+01
   86 -2.353873e+01
   87 -2.473467e+01
   88 -2.598914e+01
   89 -2.730503e+01
   90 -2.868532e+01
   91 -3.013317e+01
   92 -3.165189e+01
   93 -3.324494e+01
   94 -3.491596e+01
   95 -3.666877e+01
   96 -3.850738e+01
   97 -4.043597e+01
   98 -4.245895e+01
   99 -4.458095e+01
  100 -4.680681e+01
  101 -4.914161e+01
  102 -5.159068e+01
  103 -5.415962e+01
  104 -5.685429e+01
  105 -5.968084e+01
  106 -6.264574e+01
  107 -6.575575e+01
  108 -6.901797e+01
  109 -7.243985e+01
  110 -7.602921e+01
  111 -7.979424e+01
  112 -8.374354e+01
  113 -8.788613e+01
  114 -9.223147e+01
  115 -9.678948e+01
  116 -1.015706e+02
  117 -1.065857e+02
  118 -1.118462e+02
  119 -1.173642e+02
  120 -1.231523e+02
  121 -1.292236e+02
  122 -1.355921e+02
  123 -1.422723e+02
  124 -1.492794e+02
  125 -1.566295e+02
  126 -1.643393e+02
  127 -1.724264e+02
  128 -1.809093e+02
  129 -1.898074e+02
  130 -1.991410e+02
  131 -2.083765e+02
  132 -2.183937e+02
  133 -2.290310e+02
  134 -2.402467e+02
  135 -2.520370e+02
  136 -2.644155e+02
  137 -2.774046e+02
  138 -2.910311e+02
  139 -3.053248e+02
  140 -3.203176e+02
  141 -3.360435e+02
  142 -3.525383e+02
  143 -3.698396e+02
  144 -3.879868e+02
  145 -4.070215e+02
  146 -4.269871e+02
  147 -4.479293e+02
  148 -4.698959e+02
  149 -4.929373e+02
  150 -5.171059e+02
  151 -5.424572e+02
  152 -5.690490e+02
  153 -5.969421e+02
  154 -6.262002e+02
  155 -6.568901e+02
  156 -6.890820e+02
  157 -7.228494e+02
  158 -7.582695e+02
  159 -7.954231e+02
  160 -8.343951e+02
  161 -8.752745e+02
  162 -9.181547e+02
  163 -9.631335e+02
  164 -1.010314e+03
  165 -1.059803e+03
  166 -1.111715e+03
  167 -1.166167e+03
  168 -1.223284e+03
  169 -1.283197e+03
  170 -1.346043e+03
  171 -1.411964e+03
  172 -1.481111e+03
  173 -1.553643e+03
  174 -1.629724e+03
  175 -1.709529e+03
  176 -1.793240e+03
  177 -1.881049e+03
  178 -1.973154e+03
  179 -2.069768e+03
  180 -2.171110e+03
  181 -2.277412e+03
  182 -2.388916e+03
  183 -2.505878e+03
  184 -2.628565e+03
  185 -2.757256e+03
  186 -2.892245e+03
  187 -3.033841e+03
  188 -3.182367e+03
  189 -3.338162e+03
  190 -3.501582e+03
  191 -3.673001e+03
  192 -3.852808e+03
  193 -4.041416e+03
  194 -4.239255e+03
  195 -4.446777e+03
  196 -4.664455e+03
  197 -4.892787e+03
  198 -5.132294e+03
  199 -5.383523e+03
  200 -5.647047e+03
  201 -5.923918e+03
  202 -6.214046e+03
  203 -6.518260e+03
  204 -6.837311e+03
  205 -7.171953e+03
  206 -7.522963e+03
  207 -7.891147e+03
  208 -8.277347e+03
  209 -8.682447e+03
  210 -9.107371e+03
  211 -9.553092e+03
  212 -1.002063e+04
  213 -1.051104e+04
  214 -1.102546e+04
  215 -1.156505e+04
  216 -1.213105e+04
  217 -1.272475e+04
  218 -1.334751e+04
  219 -1.400074e+04
  220 -1.468595e+04
  221 -1.540469e+04
  222 -1.615861e+04
  223 -1.694941e+04
  224 -1.777892e+04
  225 -1.864903e+04
  226 -1.956173e+04
  227 -2.051909e+04
  228 -2.152331e+04
  229 -2.257668e+04
  230 -2.368161e+04
  231 -2.484061e+04
  232 -2.605634e+04
  233 -2.733156e+04
  234 -2.866920e+04
  235 -3.007231e+04
  236 -3.154409e+04
  237 -3.308790e+04
  238 -3.470727e+04
  239 -3.640589e+04
  240 -3.818764e+04
  241 -4.005660e+04
  242 -4.201703e+04
  243 -4.407341e+04
  244 -4.623043e+04
  245 -4.849302e+04
  246 -5.086635e+04
  247 -5.335583e+04
  248 -5.596715e+04
  249 -5.870627e+04
  250 -6.157945e+04
  251 -6.459326e+04
  252 -6.775456e+04
  253 -7.107058e+04
  254 -7.454890e+04
  255 -7.819745e+04
  256 -8.202457e+04
  257 -8.603900e+04
  258 -9.024990e+04
  259 -9.466690e+04
  260 -9.930006e+04
  261 -1.041602e+05
  262 -1.092580e+05
  263 -1.146053e+05
  264 -1.202143e+05
  265 -1.260979e+05
  266 -1.322693e+05
  267 -1.387428e+05
  268 -1.455332e+05
  269 -1.526558e+05
  270 -1.601271e+05
  271 -1.679640e+05
  272 -1.761845e+05
  273 -1.848073e+05
  274 -1.938521e+05
  275 -2.033396e+05
  276 -2.132914e+05
  277 -2.237303e+05
  278 -2.346801e+05
  279 -2.461658e+05
  280 -2.582137e+05
  281 -2.708512e+05
  282 -2.841071e+05
  283 -2.980119e+05
  284 -3.125972e+05
  285 -3.278963e+05
  286 -3.439442e+05
  287 -3.607775e+05
  288 -3.784347e+05
  289 -3.969560e+05
  290 -4.163839e+05
  291 -4.367625e+05
  292 -4.581386e+05
  293 -4.805608e+05
  294 -5.040804e+05
  295 -5.287511e+05
  296 -5.546292e+05
  297 -5.817739e+05
  298 -6.102471e+05
  299 -6.401138e+05
  300 -6.714423e+05
  301 -7.043040e+05
  302 -7.387741e+05
  303 -7.749312e+05
  304 -8.128578e+05
  305 -8.526408e+05
  306 -8.943707e+05
  307 -9.381430e+05
  308 -9.840577e+05
  309 -1.032219e+06
  310 -1.082738e+06
  311 -1.135730e+06
  312 -1.191315e+06
  313 -1.249620e+06
  314 -1.310779e+06
  315 -1.374931e+06
  316 -1.442223e+06
  317 -1.512808e+06
  318 -1.586848e+06
  319 -1.664512e+06
  320 -1.745977e+06
  321 -1.831428e+06
  322 -1.921062e+06
  323 -2.015083e+06
  324 -2.113705e+06
  325 -2.217154e+06
  326 -2.325666e+06
  327 -2.439489e+06
  328 -2.558882e+06
  329 -2.684119e+06
  330 -2.815486e+06
  331 -2.953281e+06
  332 -3.097821e+06
  333 -3.249435e+06
  334 -3.408469e+06
  335 -3.575286e+06
  336 -3.750268e+06
  337 -3.933814e+06
  338 -4.126343e+06
  339 -4.328294e+06
  340 -4.540130e+06
  341 -4.762333e+06
  342 -4.995411e+06
  343 -5.239897e+06
  344 -5.496348e+06
  345 -5.765351e+06
  346 -6.047519e+06
  347 -6.343497e+06
  348 -6.653961e+06
  349 -6.979619e+06
  350 -7.321216e+06
  351 -7.679531e+06
  352 -8.055383e+06
  353 -8.449630e+06
  354 -8.863172e+06
  355 -9.296954e+06
  356 -9.751966e+06
  357 -1.022925e+07
  358 -1.072989e+07
  359 -1.125503e+07
  360 -1.180587e+07
  361 -1.238368e+07
  362 -1.298976e+07
  363 -1.362551e+07
  364 -1.429237e+07
  365 -1.499186e+07
  366 -1.572560e+07
  367 -1.649524e+07
  368 -1.730255e+07
  369 -1.814937e+07
  370 -1.903764e+07
  371 -1.996938e+07
  372 -2.094672e+07
  373 -2.197190e+07
  374 -2.304725e+07
  375 -2.417523e+07
  376 -2.535842e+07
  377 -2.659951e+07
  378 -2.790134e+07
  379 -2.926689e+07
  380 -3.069927e+07
  381 -3.220176e+07
  382 -3.377778e+07
  383 -3.543093e+07
  384 -3.716500e+07
  385 -3.898393e+07
  386 -4.089188e+07
  387 -4.289321e+07
  388 -4.499249e+07
  389 -4.719452e+07
  390 -4.950432e+07
  391 -5.192716e+07
  392 -5.446858e+07
  393 -5.713438e+07
  394 -5.993066e+07
  395 -6.286379e+07
  396 -6.594047e+07
  397 -6.916773e+07
  398 -7.255294e+07
  399 -7.610383e+07
  400 -7.982851e+07
  401 -8.373548e+07
  402 -8.783367e+07
  403 -9.213243e+07
  404 -9.664158e+07
  405 -1.013714e+08
  406 -1.063327e+08
  407 -1.115369e+08
  408 -1.169957e+08
  409 -1.227217e+08
  410 -1.287280e+08
  411 -1.350282e+08
  412 -1.416368e+08
  413 -1.485688e+08
  414 -1.558400e+08
  415 -1.634671e+08
  416 -1.714676e+08
  417 -1.798595e+08
  418 -1.886622e+08
  419 -1.978958e+08
  420 -2.075812e+08
  421 -2.177406e+08
  422 -2.283973e+08
  423 -2.395755e+08
  424 -2.513008e+08
  425 -2.636000e+08
  426 -2.765012e+08
  427 -2.900337e+08
  428 -3.042285e+08
  429 -3.191181e+08
  430 -3.347364e+08
  431 -3.511191e+08
  432 -3.683036e+08
  433 -3.863291e+08
  434 -4.052368e+08
  435 -4.250700e+08
  436 -4.458738e+08
  437 -4.676957e+08
  438 -4.905857e+08
  439 -5.145960e+08
  440 -5.397814e+08
  441 -5.661994e+08
  442 -5.939104e+08
  443 -6.229775e+08
  444 -6.534673e+08
  445 -6.854494e+08
  446 -7.189967e+08
  447 -7.541858e+08
  448 -7.910973e+08
  449 -8.298152e+08
  450 -8.704280e+08
  451 -9.130286e+08
  452 -9.577141e+08
  453 -1.004587e+09
  454 -1.053753e+09
  455 -1.105326e+09
  456 -1.159423e+09
  457 -1.216167e+09
  458 -1.275689e+09
  459 -1.338124e+09
  460 -1.403614e+09
  461 -1.472310e+09
  462 -1.544368e+09
  463 -1.619953e+09
  464 -1.699236e+09
  465 -1.782401e+09
  466 -1.869635e+09
  467 -1.961139e+09
  468 -2.057121e+09
  469 -2.157801e+09
  470 -2.263408e+09
  471 -2.374184e+09
  472 -2.490381e+09
  473 -2.612265e+09
  474 -2.740115e+09
  475 -2.874222e+09
  476 -3.014892e+09
  477 -3.162447e+09
  478 -3.317224e+09
  479 -3.479576e+09
  480 -3.649873e+09
  481 -3.828505e+09
  482 -4.015880e+09
  483 -4.212426e+09
  484 -4.418591e+09
  485 -4.634845e+09
  486 -4.861684e+09
  487 -5.099625e+09
  488 -5.349211e+09
  489 -5.611013e+09
  490 -5.885627e+09
  491 -6.173682e+09
  492 -6.475834e+09
  493 -6.792775e+09
  494 -7.125227e+09
  495 -7.473951e+09
  496 -7.839741e+09
  497 -8.223434e+09
  498 -8.625906e+09
  499 -9.048075e+09
  500 -9.490907e+09
  501 -9.955411e+09
  502 -1.044265e+10
  503 -1.095373e+10
  504 -1.148983e+10
  505 -1.205217e+10
  506 -1.264203e+10
  507 -1.326075e+10
  508 -1.390976e+10
  509 -1.459053e+10
  510 -1.530462e+10
  511 -1.605366e+10
  512 -1.683936e+10
  513 -1.766352e+10
  514 -1.852801e+10
  515 -1.943480e+10
  516 -2.038598e+10
  517 -2.138371e+10
  518 -2.243028e+10
  519 -2.352806e+10
  520 -2.467957e+10
  521 -2.588744e+10
  522 -2.715443e+10
  523 -2.848342e+10
  524 -2.987746e+10
  525 -3.133972e+10
  526 -3.287355e+10
  527 -3.448245e+10
  528 -3.617009e+10
  529 -3.794033e+10
  530 -3.979721e+10
  531 -4.174497e+10
  532 -4.378805e+10
  533 -4.593113e+10
  534 -4.817909e+10
  535 -5.053707e+10
  536 -5.301046e+10
  537 -5.560490e+10
  538 -5.832632e+10
  539 -6.118093e+10
  540 -6.417525e+10
  541 -6.731612e+10
  542 -7.061071e+10
  543 -7.406654e+10
  544 -7.769151e+10
  545 -8.149389e+10
  546 -8.548237e+10
  547 -8.966605e+10
  548 -9.405449e+10
  549 -9.865771e+10
  550 -1.034862e+11
  551 -1.085511e+11
  552 -1.138638e+11
  553 -1.194365e+11
  554 -1.252820e+11
  555 -1.314135e+11
  556 -1.378452e+11
  557 -1.445916e+11
  558 -1.516682e+11
  559 -1.590911e+11
  560 -1.668774e+11
  561 -1.750447e+11
  562 -1.836118e+11
  563 -1.925981e+11
  564 -2.020242e+11
  565 -2.119117e+11
  566 -2.222831e+11
  567 -2.331621e+11
  568 -2.445735e+11
  569 -2.565435e+11
  570 -2.690992e+11
  571 -2.822695e+11
  572 -2.960844e+11
  573 -3.105753e+11
  574 -3.257755e+11
  575 -3.417197e+11
  576 -3.584441e+11
  577 -3.759871e+11
  578 -3.943887e+11
  579 -4.136909e+11
  580 -4.339378e+11
  581 -4.551756e+11
  582 -4.774528e+11
  583 -5.008203e+11
  584 -5.253315e+11
  585 -5.510423e+11
  586 -5.780114e+11
  587 -6.063005e+11
  588 -6.359741e+11
  589 -6.671000e+11
  590 -6.997492e+11
  591 -7.339964e+11
  592 -7.699197e+11
  593 -8.076011e+11
  594 -8.471268e+11
  595 -8.885869e+11
  596 -9.320762e+11
  597 -9.776939e+11
  598 -1.025544e+12
  599 -1.075736e+12
  600 -1.128385e+12
  601 -1.183611e+12
  602 -1.241539e+12
  603 -1.302302e+12
  604 -1.366040e+12
  605 -1.432897e+12
  606 -1.503026e+12
  607 -1.576587e+12
  608 -1.653748e+12
  609 -1.734686e+12
  610 -1.819585e+12
  611 -1.908639e+12
  612 -2.002052e+12
  613 -2.100036e+12
  614 -2.202817e+12
  615 -2.310627e+12
  616 -2.423714e+12
  617 -2.542335e+12
  618 -2.666762e+12
  619 -2.797279e+12
  620 -2.934184e+12
  621 -3.077789e+12
  622 -3.228422e+12
  623 -3.386428e+12
  624 -3.552166e+12
  625 -3.726017e+12
  626 -3.908376e+12
  627 -4.099660e+12
  628 -4.300305e+12
  629 -4.510771e+12
  630 -4.731538e+12
  631 -4.963109e+12
  632 -5.206013e+12
  633 -5.460806e+12
  634 -5.728069e+12
  635 -6.008413e+12
  636 -6.302477e+12
  637 -6.610933e+12
  638 -6.934486e+12
  639 -7.273874e+12
  640 -7.629872e+12
  641 -8.003294e+12
  642 -8.394991e+12
  643 -8.805859e+12
  644 -9.236836e+12
  645 -9.688906e+12
  646 -1.016310e+13
  647 -1.066050e+13
  648 -1.118225e+13
  649 -1.172953e+13
  650 -1.230360e+13
  651 -1.290576e+13
  652 -1.353740e+13
  653 -1.419995e+13
  654 -1.489492e+13
  655 -1.562391e+13
  656 -1.638858e+13
  657 -1.719067e+13
  658 -1.803201e+13
  659 -1.891454e+13
  660 -1.984025e+13
  661 -2.081127e+13
  662 -2.182982e+13
  663 -2.289822e+13
  664 -2.401890e+13
  665 -2.519444e+13
  666 -2.642751e+13
  667 -2.772092e+13
  668 -2.907764e+13
  669 -3.050076e+13
  670 -3.199353e+13
  671 -3.355936e+13
  672 -3.520182e+13
  673 -3.692467e+13
  674 -3.873184e+13
  675 -4.062746e+13
  676 -4.261585e+13
  677 -4.470156e+13
  678 -4.688934e+13
  679 -4.918420e+13
  680 -5.159138e+13
  681 -5.411637e+13
  682 -5.676493e+13
  683 -5.954312e+13
  684 -6.245729e+13
  685 -6.551407e+13
  686 -6.872047e+13
  687 -7.208379e+13
  688 -7.561172e+13
  689 -7.931231e+13
  690 -8.319402e+13
  691 -8.726570e+13
  692 -9.153667e+13
  693 -9.601666e+13
  694 -1.007159e+14
  695 -1.056452e+14
  696 -1.108156e+14
  697 -1.162392e+14
  698 -1.219282e+14
  699 -1.278956e+14
  700 -1.341551e+14
  701 -1.407209e+14
  702 -1.476081e+14
  703 -1.548323e+14
  704 -1.624101e+14
  705 -1.703588e+14
  706 -1.786965e+14
  707 -1.874423e+14
  708 -1.966161e+14
  709 -2.062389e+14
  710 -2.163326e+14
  711 -2.269204e+14
  712 -2.380263e+14
  713 -2.496758e+14
  714 -2.618955e+14
  715 -274713189569677
  716 -2.881582e+14
  717 -3.022613e+14
  718 -3.170546e+14
  719 -3.325719e+14
  720 -3.488486e+14
  721 -3.659220e+14
  722 -3.838309e+14
  723 -4.026164e+14
  724 -4.223213e+14
  725 -4.429906e+14
  726 -4.646714e+14
  727 -4.874134e+14
  728 -511268421364527
  729 -5.362909e+14
  730 -5.625381e+14
  731 -5.900699e+14
  732 -618949129227229
  733 -6.492418e+14
  734 -6.810170e+14
  735 -714347364135426
  736 -7.493090e+14
  737 -7.859817e+14
  738 -824449268204562
  739 -8.647995e+14
  740 -907124570326238
  741 -9.515211e+14
  742 -9.980905e+14
  743 -1.046939e+15
  744 -1.098178e+15
  745 -1.151926e+15
  746 -1208303159113579
  747 -1267439995659450
  748 -1.329471e+15
  749 -1.394538e+15
  750 -1.462790e+15
  751 -1534381645491588
  752 -1609477432408985
  753 -1688248561265796
  754 -1.770875e+15
  755 -1.857545e+15
  756 -1948457236302017
  757 -2.043819e+15
  758 -2143847416019425
  759 -2.248772e+15
  760 -2358831211454258
  761 -2474277252242010
  762 -2595373459209021
  763 -2.722396e+15
  764 -2.855636e+15
  765 -2995396716766633
  766 -3141997579880540
  767 -3.295773e+15
  768 -3457075304126232
  769 -3626271664861295
  770 -3803748842751783
  771 -3989912117984950
  772 -4.185187e+15
  773 -4390018228226742
  774 -4604874730452804
  775 -4830246750872399
  776 -5066648940528116
  777 -5314621138540847
  778 -5574729604866037
  779 -5847568313383556
  780 -6133760308274032
  781 -6433959126779036
  782 -6748850291594066
  783 -7079152876302310
  784 -7425621147423955
  785 -7789046286830762
  786 -8170258198459128
  787 -8570127403447408
  788 -8989567028025132
  789 -9429534888693624
  790 -9891035679459608
  791 -10375123266116554
  792 -10882903092812824
  793 -11415534706402242
  794 -11974234404341524
  795 -12560278012181268
  796 -13175003796993052
  797 -13819815523385606
  798 -14496185659088716
  799 -15205658737424962
  800 -15949854884347772
