    1     0
    2     0
    3     0
    4     0
    5     0
    6     0
    7     0
    8     0
    9     0
   10     0
   11     0
   12     0
   13 -8.875565e-03
   14 -1.812181e-01
   15 -2.249923e-01
   16 -3.365724e-01
   17 -4.130421e-01
   18 -5.072553e-01
   19 -5.901505e-01
   20 -6.759820e-01
   21 -7.563065e-01
   22 -8.347503e-01
   23 -9.086767e-01
   24 -9.788356e-01
   25 -1.044271e+00
   26 -1.104999e+00
   27 -1.160589e+00
   28 -1.210910e+00
   29 -1.255732e+00
   30 -1.294932e+00
   31 -1.328385e+00
   32 -1.356015e+00
   33 -1.377768e+00
   34 -1.393627e+00
   35 -1.403595e+00
   36 -1.407707e+00
   37 -1.406020e+00
   38 -1.398616e+00
   39 -1.385598e+00
   40 -1.367091e+00
   41 -1.343240e+00
   42 -1.314208e+00
   43 -1.280174e+00
   44 -1.241335e+00
   45 -1.197901e+00
   46 -1.150096e+00
   47 -1.098155e+00
   48 -1.042325e+00
   49 -9.828617e-01
   50 -9.200287e-01
   51 -8.540973e-01
   52 -7.853444e-01
   53 -7.140515e-01
   54 -6.405033e-01
   55 -5.649870e-01
   56 -4.877910e-01
   57 -4.092038e-01
   58 -3.295128e-01
   59 -2.490035e-01
   60 -1.679585e-01
   61 -8.665648e-02
   62 -5.371236e-03
   63 7.562898e-02
   64 1.560824e-01
   65 2.357346e-01
   66 3.143390e-01
   67 3.916576e-01
   68 4.674619e-01
   69 5.415331e-01
   70 6.136627e-01
   71 6.836533e-01
   72 7.513185e-01
   73 8.164838e-01
   74 8.789867e-01
   75 9.386767e-01
   76 9.954162e-01
   77 1.049080e+00
   78 1.099556e+00
   79 1.146745e+00
   80 1.190559e+00
   81 1.230927e+00
   82 1.267788e+00
   83 1.301093e+00
   84 1.330807e+00
   85 1.356909e+00
   86 1.379388e+00
   87 1.398246e+00
   88 1.413496e+00
   89 1.425163e+00
   90 1.433285e+00
   91 1.437907e+00
   92 1.439088e+00
   93 1.436894e+00
   94 1.431402e+00
   95 1.422698e+00
   96 1.410876e+00
   97 1.396038e+00
   98 1.378295e+00
   99 1.357762e+00
  100 1.334564e+00
  101 1.308828e+00
  102 1.280690e+00
  103 1.250289e+00
  104 1.217768e+00
  105 1.183273e+00
  106 1.146955e+00
  107 1.108967e+00
  108 1.069463e+00
  109 1.028598e+00
  110 9.865294e-01
  111 9.434146e-01
  112 8.994104e-01
  113 8.546728e-01
  114 8.093570e-01
  115 7.636164e-01
  116 7.176023e-01
  117 6.714635e-01
  118 6.253458e-01
  119 5.793915e-01
  120 5.337394e-01
  121 4.885240e-01
  122 4.438754e-01
  123 3.999189e-01
  124 3.567748e-01
  125 3.145580e-01
  126 2.733779e-01
  127 2.333381e-01
  128 1.945360e-01
  129 1.570630e-01
  130 1.210043e-01
  131 2.808717e-01
  132 2.872404e-01
  133 3.419924e-01
  134 3.725484e-01
  135 4.178919e-01
  136 4.567095e-01
  137 4.995132e-01
  138 5.401087e-01
  139 5.811627e-01
  140 6.207288e-01
  141 6.593446e-01
  142 6.962892e-01
  143 7.315523e-01
  144 7.647938e-01
  145 7.958894e-01
  146 8.246410e-01
  147 8.509263e-01
  148 8.746183e-01
  149 8.956255e-01
  150 9.138687e-01
  151 9.292919e-01
  152 9.418543e-01
  153 9.515333e-01
  154 9.583214e-01
  155 9.622263e-01
  156 9.632696e-01
  157 9.614862e-01
  158 9.569231e-01
  159 9.496390e-01
  160 9.397034e-01
  161 9.271957e-01
  162 9.122046e-01
  163 8.948271e-01
  164 8.751684e-01
  165 8.533402e-01
  166 8.294610e-01
  167 8.036548e-01
  168 7.760504e-01
  169 7.467812e-01
  170 7.159840e-01
  171 6.837986e-01
  172 6.503674e-01
  173 6.158341e-01
  174 5.803440e-01
  175 5.440425e-01
  176 5.070754e-01
  177 4.695875e-01
  178 4.317229e-01
  179 3.936238e-01
  180 3.554304e-01
  181 3.172803e-01
  182 2.793082e-01
  183 2.416452e-01
  184 2.044188e-01
  185 1.677520e-01
  186 1.317636e-01
  187 9.656731e-02
  188 6.227183e-02
  189 2.898040e-02
  190 -3.209383e-03
  191 -3.420578e-02
  192 -6.392310e-02
  193 -9.228184e-02
  194 -1.192089e-01
  195 -1.446375e-01
  196 -1.685074e-01
  197 -1.907653e-01
  198 -2.113640e-01
  199 -2.302632e-01
  200 -2.474292e-01
  201 -4.527484e-01
  202 -3.724837e-01
  203 -4.339666e-01
  204 -4.115559e-01
  205 -4.243908e-01
  206 -4.102903e-01
  207 -4.026003e-01
  208 -3.843069e-01
  209 -3.649122e-01
  210 -3.399295e-01
  211 -3.122286e-01
  212 -2.807899e-01
  213 -2.466309e-01
  214 -2.096843e-01
  215 -1.704429e-01
  216 -1.290932e-01
  217 -8.597183e-02
  218 -4.132486e-02
  219 4.565582e-03
  220 5.144832e-02
  221 7.467522e-02
  222 2.035784e-01
  223 2.558547e-01
  224 3.411829e-01
  225 4.016447e-01
  226 4.674423e-01
  227 5.224899e-01
  228 5.751887e-01
  229 6.211063e-01
  230 6.626229e-01
  231 6.985665e-01
  232 7.296655e-01
  233 7.556697e-01
  234 7.768630e-01
  235 7.932637e-01
  236 8.050437e-01
  237 8.123066e-01
  238 8.152035e-01
  239 8.138713e-01
  240 8.084645e-01
  241 7.991379e-01
  242 7.860555e-01
  243 7.693848e-01
  244 7.492995e-01
  245 7.259774e-01
  246 6.996008e-01
  247 6.703557e-01
  248 6.384313e-01
  249 6.040195e-01
  250 5.673147e-01
  251 5.285126e-01
  252 4.878102e-01
  253 4.454049e-01
  254 4.014944e-01
  255 3.562753e-01
  256 3.099433e-01
  257 2.626925e-01
  258 2.147144e-01
  259 1.661981e-01
  260 1.173289e-01
  261 1.460621e-01
  262 1.127763e-01
  263 9.837093e-02
  264 7.395828e-02
  265 5.527290e-02
  266 3.392736e-02
  267 1.426078e-02
  268 -6.074359e-03
  269 -2.588526e-02
  270 -4.582906e-02
  271 -6.557411e-02
  272 -8.529732e-02
  273 -1.048967e-01
  274 -1.244075e-01
  275 -1.437847e-01
  276 -1.630186e-01
  277 -1.820750e-01
  278 -2.009281e-01
  279 -2.195438e-01
  280 -2.378894e-01
  281 -2.559297e-01
  282 -2.736292e-01
  283 -2.909519e-01
  284 -3.078621e-01
  285 -3.243242e-01
  286 -3.403033e-01
  287 -3.557657e-01
  288 -3.706786e-01
  289 -3.850106e-01
  290 -3.987319e-01
  291 -4.118146e-01
  292 -4.242324e-01
  293 -4.359612e-01
  294 -4.469788e-01
  295 -4.572653e-01
  296 -4.668031e-01
  297 -4.755768e-01
  298 -4.835734e-01
  299 -4.907824e-01
  300 -4.971955e-01
  301 -5.028070e-01
  302 -5.076135e-01
  303 -5.116140e-01
  304 -5.148101e-01
  305 -5.172053e-01
  306 -5.188058e-01
  307 -5.196200e-01
  308 -5.196582e-01
  309 -5.189331e-01
  310 -5.174594e-01
  311 -5.152538e-01
  312 -5.123347e-01
  313 -5.087227e-01
  314 -5.044397e-01
  315 -4.995094e-01
  316 -4.939570e-01
  317 -4.878092e-01
  318 -4.810938e-01
  319 -4.738399e-01
  320 -4.660777e-01
  321 -4.578383e-01
  322 -4.491536e-01
  323 -4.400565e-01
  324 -4.305802e-01
  325 -4.207585e-01
  326 -4.106257e-01
  327 -4.002161e-01
  328 -3.895645e-01
  329 -3.787055e-01
  330 -3.676738e-01
  331 -3.565037e-01
  332 -3.452294e-01
  333 -3.338848e-01
  334 -3.225031e-01
  335 -3.111171e-01
  336 -2.997589e-01
  337 -2.884599e-01
  338 -2.772506e-01
  339 -2.661605e-01
  340 -2.552184e-01
  341 -2.444518e-01
  342 -2.338872e-01
  343 -2.235499e-01
  344 -2.134640e-01
  345 -2.036524e-01
  346 -1.941364e-01
  347 -1.849363e-01
  348 -1.760709e-01
  349 -1.675573e-01
  350 -1.594116e-01
  351 -1.516482e-01
  352 -1.442800e-01
  353 -1.373185e-01
  354 -1.307737e-01
  355 -1.246541e-01
  356 -1.189667e-01
  357 -1.137171e-01
  358 -1.089095e-01
  359 -1.045465e-01
  360 -1.006294e-01
  361 -9.715815e-02
  362 -9.413123e-02
  363 -9.154591e-02
  364 -8.939816e-02
  365 -8.768270e-02
  366 -8.639309e-02
  367 -8.552172e-02
  368 -8.505989e-02
  369 -8.499789e-02
  370 -8.532499e-02
  371 -8.602954e-02
  372 -8.709903e-02
  373 -8.852011e-02
  374 -9.027871e-02
  375 -9.236006e-02
  376 -9.474874e-02
  377 -9.742879e-02
  378 -1.003837e-01
  379 -1.035966e-01
  380 -1.070503e-01
  381 -1.107270e-01
  382 -1.146089e-01
  383 -1.186780e-01
  384 -1.229162e-01
  385 -1.273051e-01
  386 -1.318266e-01
  387 -1.364624e-01
  388 -1.411944e-01
  389 -1.460047e-01
  390 -1.508756e-01
  391 -3.502229e-01
  392 -3.945326e-01
  393 -4.856045e-01
  394 -5.507841e-01
  395 -6.289869e-01
  396 -6.988389e-01
  397 -7.707985e-01
  398 -8.386249e-01
  399 -9.049459e-01
  400 -9.677833e-01
  401 -9.516844e-01
  402 -1.045397e+00
  403 -1.077962e+00
  404 -1.139287e+00
  405 -1.181596e+00
  406 -1.229574e+00
  407 -1.269778e+00
  408 -1.308915e+00
  409 -1.343129e+00
  410 -1.374180e+00
  411 -1.400913e+00
  412 -1.423756e+00
  413 -1.442342e+00
  414 -1.456763e+00
  415 -1.466908e+00
  416 -1.472806e+00
  417 -1.474445e+00
  418 -1.471868e+00
  419 -1.465117e+00
  420 -1.454265e+00
  421 -1.439392e+00
  422 -1.420599e+00
  423 -1.398001e+00
  424 -1.371725e+00
  425 -1.341913e+00
  426 -1.308716e+00
  427 -1.272297e+00
  428 -1.232828e+00
  429 -1.190489e+00
  430 -1.145468e+00
  431 -1.097960e+00
  432 -1.048164e+00
  433 -9.962866e-01
  434 -9.425348e-01
  435 -8.871202e-01
  436 -8.302559e-01
  437 -7.721561e-01
  438 -7.130353e-01
  439 -6.531076e-01
  440 -5.925854e-01
  441 -5.170437e-01
  442 -5.044337e-01
  443 -4.457189e-01
  444 -4.070417e-01
  445 -3.539764e-01
  446 -3.049586e-01
  447 -2.506394e-01
  448 -1.963501e-01
  449 -1.397091e-01
  450 -8.240882e-02
  451 -2.399670e-02
  452 3.485385e-02
  453 9.407127e-02
  454 1.532784e-01
  455 2.122729e-01
  456 2.707753e-01
  457 3.285633e-01
  458 3.854015e-01
  459 4.410789e-01
  460 4.953898e-01
  461 5.481441e-01
  462 5.991621e-01
  463 6.482773e-01
  464 6.953351e-01
  465 7.401936e-01
  466 7.827230e-01
  467 8.228061e-01
  468 8.603378e-01
  469 8.952253e-01
  470 9.273881e-01
  471 9.567575e-01
  472 9.832767e-01
  473 1.006901e+00
  474 1.027596e+00
  475 1.045340e+00
  476 1.060121e+00
  477 1.071939e+00
  478 1.080804e+00
  479 1.086735e+00
  480 1.089763e+00
  481 1.089927e+00
  482 1.087274e+00
  483 1.081862e+00
  484 1.073757e+00
  485 1.063029e+00
  486 1.049761e+00
  487 1.034040e+00
  488 1.015958e+00
  489 9.956158e-01
  490 9.731184e-01
  491 9.485760e-01
  492 9.221030e-01
  493 8.938183e-01
  494 8.638439e-01
  495 8.323051e-01
  496 7.993297e-01
  497 7.650475e-01
  498 7.295898e-01
  499 6.930892e-01
  500 6.556788e-01
  501 6.174918e-01
  502 5.786613e-01
  503 5.393195e-01
  504 4.995975e-01
  505 4.596251e-01
  506 4.195299e-01
  507 3.794371e-01
  508 3.394696e-01
  509 2.997469e-01
  510 2.603854e-01
  511 2.214977e-01
  512 1.831926e-01
  513 1.455745e-01
  514 1.087435e-01
  515 7.279509e-02
  516 3.781964e-02
  517 3.902627e-03
  518 -2.887575e-02
  519 -6.044065e-02
  520 -9.072276e-02
  521 -1.196583e-01
  522 -1.471893e-01
  523 -1.732634e-01
  524 -1.978340e-01
  525 -2.208603e-01
  526 -2.423074e-01
  527 -2.621461e-01
  528 -2.803530e-01
  529 -2.969102e-01
  530 -3.118056e-01
  531 -3.250324e-01
  532 -3.365896e-01
  533 -3.464810e-01
  534 -3.547160e-01
  535 -3.613087e-01
  536 -3.662782e-01
  537 -3.696482e-01
  538 -3.714469e-01
  539 -3.717070e-01
  540 -3.704649e-01
  541 -3.677612e-01
  542 -3.636401e-01
  543 -3.581491e-01
  544 -3.513391e-01
  545 -3.432638e-01
  546 -3.339797e-01
  547 -3.235457e-01
  548 -3.120232e-01
  549 -2.994752e-01
  550 -2.859667e-01
  551 -2.715641e-01
  552 -2.563351e-01
  553 -2.403483e-01
  554 -2.236732e-01
  555 -2.063796e-01
  556 -1.885379e-01
  557 -1.702181e-01
  558 -1.514905e-01
  559 -1.324247e-01
  560 -1.130898e-01
  561 -9.355409e-02
  562 -7.388475e-02
  563 -5.414787e-02
  564 -3.440811e-02
  565 -1.472858e-02
  566 4.829342e-03
  567 2.420615e-02
  568 4.334436e-02
  569 6.218866e-02
  570 8.068599e-02
  571 9.878571e-02
  572 1.164397e-01
  573 1.336024e-01
  574 1.502309e-01
  575 1.662851e-01
  576 1.817278e-01
  577 1.965244e-01
  578 2.106434e-01
  579 2.240563e-01
  580 2.367374e-01
  581 2.486640e-01
  582 2.598164e-01
  583 2.701779e-01
  584 2.797346e-01
  585 2.884757e-01
  586 2.963931e-01
  587 3.034817e-01
  588 3.097391e-01
  589 3.151656e-01
  590 3.197642e-01
  591 3.235405e-01
  592 3.265025e-01
  593 3.286607e-01
  594 3.300279e-01
  595 3.306191e-01
  596 3.304516e-01
  597 3.295444e-01
  598 3.279187e-01
  599 3.255973e-01
  600 3.226047e-01
  601 4.519065e-01
  602 3.819287e-01
  603 4.118421e-01
  604 3.837334e-01
  605 3.810321e-01
  606 3.602404e-01
  607 3.447260e-01
  608 3.226015e-01
  609 3.005369e-01
  610 2.754071e-01
  611 2.492332e-01
  612 2.213103e-01
  613 1.923566e-01
  614 1.623272e-01
  615 1.315669e-01
  616 1.002024e-01
  617 6.846315e-02
  618 3.651193e-02
  619 4.534235e-03
  620 -2.730875e-02
  621 -5.885554e-02
  622 -8.995737e-02
  623 -1.204713e-01
  624 -1.502642e-01
  625 -1.792102e-01
  626 -2.071925e-01
  627 -2.341023e-01
  628 -2.598393e-01
  629 -2.843115e-01
  630 -3.074352e-01
  631 -3.291352e-01
  632 -3.493440e-01
  633 -3.680028e-01
  634 -3.850604e-01
  635 -4.004738e-01
  636 -4.142076e-01
  637 -4.262341e-01
  638 -4.365331e-01
  639 -4.450918e-01
  640 -4.519043e-01
  641 -4.569718e-01
  642 -4.603020e-01
  643 -4.619092e-01
  644 -4.618137e-01
  645 -4.600421e-01
  646 -4.566262e-01
  647 -4.516034e-01
  648 -4.450164e-01
  649 -4.369123e-01
  650 -4.273430e-01
  651 -4.163645e-01
  652 -4.040365e-01
  653 -3.904224e-01
  654 -3.755890e-01
  655 -3.596056e-01
  656 -3.425445e-01
  657 -3.244799e-01
  658 -3.054883e-01
  659 -2.856475e-01
  660 -2.650368e-01
  661 -2.193436e-01
  662 -2.782213e-01
  663 -2.596835e-01
  664 -2.737151e-01
  665 -2.626956e-01
  666 -2.571149e-01
  667 -2.411648e-01
  668 -2.235137e-01
  669 -1.999849e-01
  670 -1.732031e-01
  671 -1.422288e-01
  672 -1.080109e-01
  673 -7.050706e-02
  674 -3.019632e-02
  675 1.272085e-02
  676 5.790332e-02
  677 1.050918e-01
  678 1.539927e-01
  679 2.043403e-01
  680 2.558645e-01
  681 3.083083e-01
  682 3.614194e-01
  683 4.149546e-01
  684 4.686783e-01
  685 5.223635e-01
  686 5.757914e-01
  687 6.287523e-01
  688 6.810455e-01
  689 7.324795e-01
  690 7.828722e-01
  691 8.320512e-01
  692 8.798538e-01
  693 9.261275e-01
  694 9.707297e-01
  695 1.013528e+00
  696 1.054401e+00
  697 1.093236e+00
  698 1.129933e+00
  699 1.164400e+00
  700 1.196558e+00
  701 1.226336e+00
  702 1.253675e+00
  703 1.278526e+00
  704 1.300848e+00
  705 1.320612e+00
  706 1.337800e+00
  707 1.352401e+00
  708 1.364413e+00
  709 1.373846e+00
  710 1.380717e+00
  711 1.385051e+00
  712 1.386882e+00
  713 1.386252e+00
  714 1.383210e+00
  715 1.377814e+00
  716 1.370125e+00
  717 1.360215e+00
  718 1.348158e+00
  719 1.334037e+00
  720 1.317937e+00
  721 1.299951e+00
  722 1.280173e+00
  723 1.258704e+00
  724 1.235646e+00
  725 1.211106e+00
  726 1.185193e+00
  727 1.158017e+00
  728 1.129691e+00
  729 1.100330e+00
  730 1.070048e+00
  731 1.038961e+00
  732 1.007184e+00
  733 9.748331e-01
  734 9.420227e-01
  735 9.088666e-01
  736 8.754771e-01
  737 8.419648e-01
  738 8.084383e-01
  739 7.750039e-01
  740 7.417651e-01
  741 7.088226e-01
  742 6.762738e-01
  743 6.442128e-01
  744 6.127299e-01
  745 5.819116e-01
  746 5.518403e-01
  747 5.225941e-01
  748 4.942468e-01
  749 4.668675e-01
  750 4.405207e-01
  751 4.152661e-01
  752 3.911588e-01
  753 3.682485e-01
  754 3.465804e-01
  755 3.261943e-01
  756 3.071253e-01
  757 2.894032e-01
  758 2.730531e-01
  759 2.580950e-01
  760 2.445439e-01
  761 2.324101e-01
  762 2.216990e-01
  763 2.124115e-01
  764 2.045438e-01
  765 1.980877e-01
  766 1.930307e-01
  767 1.893561e-01
  768 1.870432e-01
  769 1.860673e-01
  770 1.864003e-01
  771 1.880103e-01
  772 1.908622e-01
  773 1.949177e-01
  774 2.001357e-01
  775 2.064722e-01
  776 2.138807e-01
  777 2.223125e-01
  778 2.317166e-01
  779 2.420402e-01
  780 2.532287e-01
  781 2.652263e-01
  782 2.779757e-01
  783 2.914187e-01
  784 3.054960e-01
  785 3.201481e-01
  786 3.353147e-01
  787 3.509355e-01
  788 3.669501e-01
  789 3.832984e-01
  790 3.999206e-01
  791 4.167573e-01
  792 4.337500e-01
  793 4.508411e-01
  794 4.679741e-01
  795 4.850935e-01
  796 5.021454e-01
  797 5.190773e-01
  798 5.358383e-01
  799 5.523795e-01
  800 5.686536e-01
