    1     0
    2     0
    3     0
    4     0
    5     0
    6     0
    7     0
    8     0
    9     0
   10     0
   11     0
   12     0
   13 -3.074746e-02
   14 -4.392133e-02
   15 -4.544435e-02
   16 -3.906157e-02
   17 -2.745560e-02
   18 -1.254359e-02
   19 4.308727e-03
   20 2.213339e-02
   21 4.024979e-02
   22 5.818522e-02
   23 7.561745e-02
   24 9.233325e-02
   25 1.081983e-01
   26 1.231353e-01
   27 1.371081e-01
   28 1.501099e-01
   29 1.621545e-01
   30 1.732704e-01
   31 1.834959e-01
   32 1.928757e-01
   33 2.014582e-01
   34 2.092937e-01
   35 2.164333e-01
   36 2.229272e-01
   37 2.288249e-01
   38 2.341737e-01
   39 2.390190e-01
   40 2.434039e-01
   41 2.473689e-01
   42 2.509520e-01
   43 2.541887e-01
   44 2.571118e-01
   45 2.597519e-01
   46 2.621368e-01
   47 2.642924e-01
   48 2.662422e-01
   49 2.680076e-01
   50 2.696083e-01
   51 2.710619e-01
   52 2.723845e-01
   53 2.735906e-01
   54 2.746931e-01
   55 2.757038e-01
   56 2.766330e-01
   57 2.774903e-01
   58 2.782837e-01
   59 2.790209e-01
   60 2.797082e-01
   61 2.803515e-01
   62 2.809559e-01
   63 2.815258e-01
   64 2.820652e-01
   65 2.825775e-01
   66 2.830658e-01
   67 2.835326e-01
   68 2.839802e-01
   69 2.844105e-01
   70 2.848253e-01
   71 2.852260e-01
   72 2.856138e-01
   73 2.859898e-01
   74 2.863549e-01
   75 2.867099e-01
   76 2.870555e-01
   77 2.873921e-01
   78 2.877203e-01
   79 2.880406e-01
   80 2.883531e-01
   81 2.886582e-01
   82 2.889562e-01
   83 2.892473e-01
   84 2.895316e-01
   85 2.898094e-01
   86 2.900807e-01
   87 2.903457e-01
   88 2.906044e-01
   89 2.908571e-01
   90 2.911038e-01
   91 2.913445e-01
   92 2.915794e-01
   93 2.918087e-01
   94 2.920322e-01
   95 2.922502e-01
   96 2.924628e-01
   97 2.926700e-01
   98 2.928719e-01
   99 2.930686e-01
  100 2.932602e-01
  101 2.934468e-01
  102 2.936285e-01
  103 2.938054e-01
  104 2.939776e-01
  105 2.941451e-01
  106 2.943081e-01
  107 2.944667e-01
  108 2.946210e-01
  109 2.947711e-01
  110 2.949170e-01
  111 2.950589e-01
  112 2.951969e-01
  113 2.953310e-01
  114 2.954614e-01
  115 2.955882e-01
  116 2.957114e-01
  117 2.958312e-01
  118 2.959476e-01
  119 2.960607e-01
  120 2.961707e-01
  121 2.962775e-01
  122 2.963814e-01
  123 2.964822e-01
  124 2.965803e-01
  125 2.966756e-01
  126 2.967681e-01
  127 2.968581e-01
  128 2.969455e-01
  129 2.970305e-01
  130 2.971130e-01
  131 4.276897e-01
  132 5.097151e-01
  133 5.593915e-01
  134 5.865028e-01
  135 5.980318e-01
  136 5.989533e-01
  137 5.928055e-01
  138 5.820987e-01
  139 5.686061e-01
  140 5.535738e-01
  141 5.378694e-01
  142 5.220896e-01
  143 5.066373e-01
  144 4.917765e-01
  145 4.776722e-01
  146 4.644191e-01
  147 4.520624e-01
  148 4.406124e-01
  149 4.300554e-01
  150 4.203616e-01
  151 4.114908e-01
  152 4.033961e-01
  153 3.960273e-01
  154 3.893326e-01
  155 3.832604e-01
  156 3.777602e-01
  157 3.727833e-01
  158 3.682833e-01
  159 3.642164e-01
  160 3.605416e-01
  161 3.572207e-01
  162 3.542184e-01
  163 3.515022e-01
  164 3.490420e-01
  165 3.468108e-01
  166 3.447837e-01
  167 3.429380e-01
  168 3.412536e-01
  169 3.397120e-01
  170 3.382967e-01
  171 3.369930e-01
  172 3.357877e-01
  173 3.346691e-01
  174 3.336267e-01
  175 3.326515e-01
  176 3.317351e-01
  177 3.308705e-01
  178 3.300514e-01
  179 3.292724e-01
  180 3.285287e-01
  181 3.278162e-01
  182 3.271312e-01
  183 3.264707e-01
  184 3.258322e-01
  185 3.252132e-01
  186 3.246120e-01
  187 3.240268e-01
  188 3.234564e-01
  189 3.228996e-01
  190 3.223554e-01
  191 3.218230e-01
  192 3.213018e-01
  193 3.207913e-01
  194 3.202909e-01
  195 3.198004e-01
  196 3.193195e-01
  197 3.188479e-01
  198 3.183855e-01
  199 3.179321e-01
  200 3.174876e-01
  201 3.170518e-01
  202 3.166248e-01
  203 3.162064e-01
  204 3.157965e-01
  205 3.153952e-01
  206 3.150022e-01
  207 3.146177e-01
  208 3.142415e-01
  209 3.138735e-01
  210 3.135137e-01
  211 3.131620e-01
  212 3.128183e-01
  213 3.124825e-01
  214 3.121546e-01
  215 3.118345e-01
  216 3.115219e-01
  217 3.112169e-01
  218 3.109194e-01
  219 3.106291e-01
  220 3.103460e-01
  221 2.525687e-01
  222 2.059665e-01
  223 1.669088e-01
  224 1.334838e-01
  225 1.043436e-01
  226 7.853764e-02
  227 5.539350e-02
  228 3.443265e-02
  229 1.531139e-02
  230 -2.220690e-03
  231 -1.834972e-02
  232 -3.321773e-02
  233 -4.693660e-02
  234 -5.959764e-02
  235 -7.127812e-02
  236 -8.204570e-02
  237 -9.196129e-02
  238 -1.010810e-01
  239 -1.094573e-01
  240 -1.171400e-01
  241 -1.241761e-01
  242 -1.306109e-01
  243 -1.364872e-01
  244 -1.418463e-01
  245 -1.467272e-01
  246 -1.511670e-01
  247 -1.552009e-01
  248 -1.588619e-01
  249 -1.621813e-01
  250 -1.651883e-01
  251 -1.679102e-01
  252 -1.703724e-01
  253 -1.725987e-01
  254 -1.746110e-01
  255 -1.764293e-01
  256 -1.780724e-01
  257 -1.795573e-01
  258 -1.808997e-01
  259 -1.821139e-01
  260 -1.832131e-01
  261 -2.233579e-01
  262 -2.488455e-01
  263 -2.645463e-01
  264 -2.734043e-01
  265 -2.775222e-01
  266 -2.783995e-01
  267 -2.771043e-01
  268 -2.743951e-01
  269 -2.708092e-01
  270 -2.667249e-01
  271 -2.624065e-01
  272 -2.580367e-01
  273 -2.537394e-01
  274 -2.495968e-01
  275 -2.456608e-01
  276 -2.419621e-01
  277 -2.385161e-01
  278 -2.353276e-01
  279 -2.323940e-01
  280 -2.297076e-01
  281 -2.272576e-01
  282 -2.250308e-01
  283 -2.230131e-01
  284 -2.211896e-01
  285 -2.195457e-01
  286 -2.180665e-01
  287 -2.167382e-01
  288 -2.155470e-01
  289 -2.144804e-01
  290 -2.135263e-01
  291 -2.126736e-01
  292 -2.119119e-01
  293 -2.112316e-01
  294 -2.106241e-01
  295 -2.100812e-01
  296 -2.095957e-01
  297 -2.091610e-01
  298 -2.087711e-01
  299 -2.084205e-01
  300 -2.081046e-01
  301 -2.078188e-01
  302 -2.075594e-01
  303 -2.073230e-01
  304 -2.071064e-01
  305 -2.069071e-01
  306 -2.067226e-01
  307 -2.065509e-01
  308 -2.063901e-01
  309 -2.062388e-01
  310 -2.060955e-01
  311 -2.059590e-01
  312 -2.058284e-01
  313 -2.057029e-01
  314 -2.055816e-01
  315 -2.054639e-01
  316 -2.053494e-01
  317 -2.052377e-01
  318 -2.051283e-01
  319 -2.050210e-01
  320 -2.049156e-01
  321 -2.048119e-01
  322 -2.047097e-01
  323 -2.046090e-01
  324 -2.045096e-01
  325 -2.044116e-01
  326 -2.043148e-01
  327 -2.042193e-01
  328 -2.041250e-01
  329 -2.040320e-01
  330 -2.039403e-01
  331 -2.038498e-01
  332 -2.037607e-01
  333 -2.036729e-01
  334 -2.035864e-01
  335 -2.035013e-01
  336 -2.034175e-01
  337 -2.033352e-01
  338 -2.032543e-01
  339 -2.031749e-01
  340 -2.030969e-01
  341 -2.030204e-01
  342 -2.029454e-01
  343 -2.028718e-01
  344 -2.027997e-01
  345 -2.027291e-01
  346 -2.026600e-01
  347 -2.025924e-01
  348 -2.025262e-01
  349 -2.024616e-01
  350 -2.023983e-01
  351 -2.023365e-01
  352 -2.022761e-01
  353 -2.022171e-01
  354 -2.021595e-01
  355 -2.021033e-01
  356 -2.020484e-01
  357 -2.019949e-01
  358 -2.019427e-01
  359 -2.018917e-01
  360 -2.018420e-01
  361 -2.017935e-01
  362 -2.017463e-01
  363 -2.017002e-01
  364 -2.016554e-01
  365 -2.016116e-01
  366 -2.015690e-01
  367 -2.015274e-01
  368 -2.014870e-01
  369 -2.014475e-01
  370 -2.014091e-01
  371 -2.013717e-01
  372 -2.013353e-01
  373 -2.012998e-01
  374 -2.012652e-01
  375 -2.012315e-01
  376 -2.011987e-01
  377 -2.011668e-01
  378 -2.011357e-01
  379 -2.011055e-01
  380 -2.010760e-01
  381 -2.010473e-01
  382 -2.010193e-01
  383 -2.009921e-01
  384 -2.009657e-01
  385 -2.009399e-01
  386 -2.009148e-01
  387 -2.008903e-01
  388 -2.008665e-01
  389 -2.008434e-01
  390 -2.008208e-01
  391 -2.660471e-01
  392 -3.069995e-01
  393 -3.317790e-01
  394 -3.452776e-01
  395 -3.509866e-01
  396 -3.513934e-01
  397 -3.482671e-01
  398 -3.428626e-01
  399 -3.360668e-01
  400 -3.285024e-01
  401 -3.206032e-01
  402 -3.126678e-01
  403 -3.048972e-01
  404 -2.974237e-01
  405 -2.903296e-01
  406 -2.836623e-01
  407 -2.774443e-01
  408 -2.716807e-01
  409 -2.663647e-01
  410 -2.614813e-01
  411 -2.570104e-01
  412 -2.529285e-01
  413 -2.492106e-01
  414 -2.458306e-01
  415 -2.427627e-01
  416 -2.399818e-01
  417 -2.374633e-01
  418 -2.351841e-01
  419 -2.331222e-01
  420 -2.312572e-01
  421 -2.295699e-01
  422 -2.280426e-01
  423 -2.266590e-01
  424 -2.254042e-01
  425 -2.242646e-01
  426 -2.232276e-01
  427 -2.222820e-01
  428 -2.214177e-01
  429 -2.206253e-01
  430 -2.198968e-01
  431 -2.192245e-01
  432 -2.186021e-01
  433 -2.180235e-01
  434 -2.174836e-01
  435 -2.169777e-01
  436 -2.165018e-01
  437 -2.160523e-01
  438 -2.156260e-01
  439 -2.152201e-01
  440 -2.148324e-01
  441 -1.799599e-01
  442 -1.518025e-01
  443 -1.281804e-01
  444 -1.079452e-01
  445 -9.028725e-02
  446 -7.463520e-02
  447 -6.058486e-02
  448 -4.784853e-02
  449 -3.621949e-02
  450 -2.554708e-02
  451 -1.571929e-02
  452 -6.650663e-03
  453 1.726134e-03
  454 9.466036e-03
  455 1.661552e-02
  456 2.321524e-02
  457 2.930180e-02
  458 3.490890e-02
  459 4.006803e-02
  460 4.480900e-02
  461 4.916013e-02
  462 5.314845e-02
  463 5.679976e-02
  464 6.013868e-02
  465 6.318861e-02
  466 6.597182e-02
  467 6.850933e-02
  468 7.082103e-02
  469 7.292561e-02
  470 7.484057e-02
  471 7.658232e-02
  472 7.816609e-02
  473 7.960609e-02
  474 8.091543e-02
  475 8.210625e-02
  476 8.318972e-02
  477 8.417613e-02
  478 8.507487e-02
  479 8.589456e-02
  480 8.664304e-02
  481 8.732745e-02
  482 8.795428e-02
  483 8.852941e-02
  484 8.905814e-02
  485 8.954527e-02
  486 8.999511e-02
  487 9.041153e-02
  488 9.079802e-02
  489 9.115768e-02
  490 9.149330e-02
  491 9.180735e-02
  492 9.210204e-02
  493 9.237933e-02
  494 9.264097e-02
  495 9.288849e-02
  496 9.312325e-02
  497 9.334647e-02
  498 9.355921e-02
  499 9.376240e-02
  500 9.395686e-02
  501 9.414333e-02
  502 9.432245e-02
  503 9.449476e-02
  504 9.466077e-02
  505 9.482091e-02
  506 9.497556e-02
  507 9.512505e-02
  508 9.526968e-02
  509 9.540972e-02
  510 9.554539e-02
  511 9.567691e-02
  512 9.580445e-02
  513 9.592818e-02
  514 9.604825e-02
  515 9.616479e-02
  516 9.627794e-02
  517 9.638779e-02
  518 9.649446e-02
  519 9.659804e-02
  520 9.669863e-02
  521 9.679630e-02
  522 9.689115e-02
  523 9.698324e-02
  524 9.707265e-02
  525 9.715946e-02
  526 9.724373e-02
  527 9.732553e-02
  528 9.740493e-02
  529 9.748198e-02
  530 9.755675e-02
  531 9.762931e-02
  532 9.769970e-02
  533 9.776800e-02
  534 9.783425e-02
  535 9.789852e-02
  536 9.796085e-02
  537 9.802131e-02
  538 9.807994e-02
  539 9.813680e-02
  540 9.819194e-02
  541 9.824540e-02
  542 9.829725e-02
  543 9.834752e-02
  544 9.839626e-02
  545 9.844351e-02
  546 9.848933e-02
  547 9.853376e-02
  548 9.857683e-02
  549 9.861859e-02
  550 9.865909e-02
  551 9.869835e-02
  552 9.873641e-02
  553 9.877332e-02
  554 9.880911e-02
  555 9.884382e-02
  556 9.887747e-02
  557 9.891010e-02
  558 9.894175e-02
  559 9.897244e-02
  560 9.900221e-02
  561 9.903108e-02
  562 9.905908e-02
  563 9.908624e-02
  564 9.911258e-02
  565 9.913814e-02
  566 9.916293e-02
  567 9.918698e-02
  568 9.921031e-02
  569 9.923295e-02
  570 9.925492e-02
  571 9.927623e-02
  572 9.929691e-02
  573 9.931699e-02
  574 9.933646e-02
  575 9.935537e-02
  576 9.937371e-02
  577 9.939152e-02
  578 9.940881e-02
  579 9.942558e-02
  580 9.944187e-02
  581 9.945768e-02
  582 9.947303e-02
  583 9.948793e-02
  584 9.950240e-02
  585 9.951645e-02
  586 9.953009e-02
  587 9.954334e-02
  588 9.955620e-02
  589 9.956869e-02
  590 9.958082e-02
  591 9.959259e-02
  592 9.960403e-02
  593 9.961515e-02
  594 9.962594e-02
  595 9.963642e-02
  596 9.964660e-02
  597 9.965649e-02
  598 9.966610e-02
  599 9.967543e-02
  600 9.968449e-02
  601 9.969330e-02
  602 9.970186e-02
  603 9.971017e-02
  604 9.971825e-02
  605 9.972610e-02
  606 9.973372e-02
  607 9.974113e-02
  608 9.974833e-02
  609 9.975532e-02
  610 9.976212e-02
  611 9.976872e-02
  612 9.977514e-02
  613 9.978138e-02
  614 9.978744e-02
  615 9.979333e-02
  616 9.979906e-02
  617 9.980462e-02
  618 9.981003e-02
  619 9.981528e-02
  620 9.982039e-02
  621 9.982536e-02
  622 9.983018e-02
  623 9.983487e-02
  624 9.983943e-02
  625 9.984386e-02
  626 9.984817e-02
  627 9.985236e-02
  628 9.985643e-02
  629 9.986039e-02
  630 9.986423e-02
  631 9.986797e-02
  632 9.987161e-02
  633 9.987514e-02
  634 9.987858e-02
  635 9.988192e-02
  636 9.988516e-02
  637 9.988832e-02
  638 9.989139e-02
  639 9.989438e-02
  640 9.989728e-02
  641 9.990010e-02
  642 9.990284e-02
  643 9.990551e-02
  644 9.990810e-02
  645 9.991062e-02
  646 9.991307e-02
  647 9.991545e-02
  648 9.991777e-02
  649 9.992003e-02
  650 9.992222e-02
  651 9.992435e-02
  652 9.992642e-02
  653 9.992843e-02
  654 9.993039e-02
  655 9.993230e-02
  656 9.993415e-02
  657 9.993595e-02
  658 9.993770e-02
  659 9.993941e-02
  660 9.994106e-02
  661 1.574440e-01
  662 2.037786e-01
  663 2.425756e-01
  664 2.757465e-01
  665 3.046391e-01
  666 3.302038e-01
  667 3.531130e-01
  668 3.738450e-01
  669 3.927433e-01
  670 4.100584e-01
  671 4.259760e-01
  672 4.406383e-01
  673 4.541568e-01
  674 4.666229e-01
  675 4.781135e-01
  676 4.886964e-01
  677 4.984322e-01
  678 5.073769e-01
  679 5.155829e-01
  680 5.230998e-01
  681 5.299747e-01
  682 5.362525e-01
  683 5.419762e-01
  684 5.471867e-01
  685 5.519230e-01
  686 5.562221e-01
  687 5.601191e-01
  688 5.636469e-01
  689 5.668368e-01
  690 5.697177e-01
  691 5.723170e-01
  692 5.746599e-01
  693 5.767701e-01
  694 5.786694e-01
  695 5.803778e-01
  696 5.819140e-01
  697 5.832949e-01
  698 5.845361e-01
  699 5.856519e-01
  700 5.866553e-01
  701 5.875579e-01
  702 5.883706e-01
  703 5.891030e-01
  704 5.897639e-01
  705 5.903611e-01
  706 5.909016e-01
  707 5.913919e-01
  708 5.918376e-01
  709 5.922438e-01
  710 5.926150e-01
  711 5.929552e-01
  712 5.932680e-01
  713 5.935565e-01
  714 5.938235e-01
  715 5.940715e-01
  716 5.943026e-01
  717 5.945188e-01
  718 5.947217e-01
  719 5.949127e-01
  720 5.950932e-01
  721 5.952642e-01
  722 5.954267e-01
  723 5.955815e-01
  724 5.957294e-01
  725 5.958710e-01
  726 5.960068e-01
  727 5.961374e-01
  728 5.962630e-01
  729 5.963841e-01
  730 5.965010e-01
  731 5.966139e-01
  732 5.967230e-01
  733 5.968286e-01
  734 5.969309e-01
  735 5.970299e-01
  736 5.971258e-01
  737 5.972187e-01
  738 5.973088e-01
  739 5.973961e-01
  740 5.974808e-01
  741 5.975628e-01
  742 5.976423e-01
  743 5.977193e-01
  744 5.977940e-01
  745 5.978663e-01
  746 5.979363e-01
  747 5.980042e-01
  748 5.980699e-01
  749 5.981335e-01
  750 5.981950e-01
  751 5.982545e-01
  752 5.983122e-01
  753 5.983679e-01
  754 5.984218e-01
  755 5.984739e-01
  756 5.985243e-01
  757 5.985730e-01
  758 5.986201e-01
  759 5.986656e-01
  760 5.987095e-01
  761 5.987520e-01
  762 5.987930e-01
  763 5.988327e-01
  764 5.988710e-01
  765 5.989079e-01
  766 5.989436e-01
  767 5.989781e-01
  768 5.990114e-01
  769 5.990436e-01
  770 5.990746e-01
  771 5.991046e-01
  772 5.991335e-01
  773 5.991615e-01
  774 5.991885e-01
  775 5.992146e-01
  776 5.992398e-01
  777 5.992641e-01
  778 5.992876e-01
  779 5.993103e-01
  780 5.993322e-01
  781 5.993533e-01
  782 5.993738e-01
  783 5.993936e-01
  784 5.994126e-01
  785 5.994311e-01
  786 5.994489e-01
  787 5.994662e-01
  788 5.994828e-01
  789 5.994989e-01
  790 5.995145e-01
  791 5.995295e-01
  792 5.995441e-01
  793 5.995581e-01
  794 5.995717e-01
  795 5.995849e-01
  796 5.995976e-01
  797 5.996099e-01
  798 5.996218e-01
  799 5.996334e-01
  800 5.996445e-01
