    1     0
    2     0
    3     0
    4     0
    5     0
    6     0
    7     0
    8     0
    9     0
   10     0
   11     0
   12     0
   13 6.178596e-02
   14 7.983322e-01
   15 -1.063909e+00
   16 3.021323e+00
   17 -5.242157e+00
   18 1.141931e+01
   19 -2.179868e+01
   20 4.451914e+01
   21 -8.761891e+01
   22 1.758072e+02
   23 -3.491431e+02
   24 6.971206e+02
   25 -1.387983e+03
   26 2.767577e+03
   27 -5.514199e+03
   28 1.099101e+04
   29 -2.190300e+04
   30 4.365314e+04
   31 -8.699690e+04
   32 1.733821e+05
   33 -3.455400e+05
   34 6.886456e+05
   35 -1.372434e+06
   36 2.735194e+06
   37 -5.451102e+06
   38 1.086377e+07
   39 -2.165095e+07
   40 4.314925e+07
   41 -8.599428e+07
   42 1.713823e+08
   43 -3.415562e+08
   44 6.807043e+08
   45 -1.356609e+09
   46 2.703654e+09
   47 -5.388246e+09
   48 1.073850e+10
   49 -2.140129e+10
   50 4.265170e+10
   51 -8.500268e+10
   52 1.694061e+11
   53 -3.376177e+11
   54 6.728551e+11
   55 -1.340966e+12
   56 2.672478e+12
   57 -5.326114e+12
   58 1.061468e+13
   59 -2.115452e+13
   60 4.215988e+13
   61 -8.402252e+13
   62 1.674526e+14
   63 -3.337247e+14
   64 6.650965e+14
   65 -1325503684301409
   66 2.641662e+15
   67 -5264699099739400
   68 10492279764568930
   69 -20910584360544252
   70 41673739941245584
   71 -83053661760285776
   72 165521758822632896
   73 -329876516737020864
   74 657427259525171968
   75 -1310219368877778176
   76 2611201117249602560
   77 -5203992122758535168
   78 1.037129e+19
   79 -2.066947e+19
   80 4.119320e+19
   81 -8.209597e+19
   82 1.636131e+20
   83 -3.260727e+20
   84 6.498465e+20
   85 -1.295111e+21
   86 2.581091e+21
   87 -5.143985e+21
   88 1.025170e+22
   89 -2.043113e+22
   90 4.071821e+22
   91 -8.114933e+22
   92 1.617265e+23
   93 -3.223128e+23
   94 6.423532e+23
   95 -1.280177e+24
   96 2.551329e+24
   97 -5.084670e+24
   98 1.013349e+25
   99 -2.019554e+25
  100 4.024869e+25
  101 -8.021360e+25
  102 1.598617e+26
  103 -3.185962e+26
  104 6.349462e+26
  105 -1.265416e+27
  106 2.521910e+27
  107 -5.026039e+27
  108 1.001664e+28
  109 -1.996266e+28
  110 3.978458e+28
  111 -7.928866e+28
  112 1.580183e+29
  113 -3.149225e+29
  114 6.276247e+29
  115 -1.250824e+30
  116 2.492830e+30
  117 -4.968084e+30
  118 9.901141e+30
  119 -1.973247e+31
  120 3.932583e+31
  121 -7.837439e+31
  122 1.561962e+32
  123 -3.112912e+32
  124 6.203876e+32
  125 -1.236401e+33
  126 2.464085e+33
  127 -4.910797e+33
  128 9.786971e+33
  129 -1.950494e+34
  130 3.887236e+34
  131 -7.747066e+34
  132 1.543951e+35
  133 -3.077017e+35
  134 6.132339e+35
  135 -1.222144e+36
  136 2.435672e+36
  137 -4.854171e+36
  138 9.674118e+36
  139 -1.928003e+37
  140 3.842413e+37
  141 -7.657735e+37
  142 1.526148e+38
  143 -3.041536e+38
  144 6.061627e+38
  145 -1.208052e+39
  146 2.407586e+39
  147 -4.798198e+39
  148 9.562567e+39
  149 -1.905771e+40
  150 3.798106e+40
  151 -7.569434e+40
  152 1.508550e+41
  153 -3.006464e+41
  154 5.991731e+41
  155 -1.194122e+42
  156 2.379825e+42
  157 -4.742870e+42
  158 9.452301e+42
  159 -1.883796e+43
  160 3.754310e+43
  161 -7.482151e+43
  162 1.491155e+44
  163 -2.971797e+44
  164 5.922641e+44
  165 -1.180352e+45
  166 2.352383e+45
  167 -4.688180e+45
  168 9.343307e+45
  169 -1.862074e+46
  170 3.711020e+46
  171 -7.395875e+46
  172 1.473961e+47
  173 -2.937529e+47
  174 5.854347e+47
  175 -1.166742e+48
  176 2.325258e+48
  177 -4.634121e+48
  178 9.235570e+48
  179 -1.840602e+49
  180 3.668228e+49
  181 -7.310593e+49
  182 1.456964e+50
  183 -2.903656e+50
  184 5.786841e+50
  185 -1.153288e+51
  186 2.298445e+51
  187 -4.580685e+51
  188 9.129075e+51
  189 -1.819379e+52
  190 3.625930e+52
  191 -7.226295e+52
  192 1.440164e+53
  193 -2.870175e+53
  194 5.720113e+53
  195 -1.139990e+54
  196 2.271942e+54
  197 -4.527866e+54
  198 9.023808e+54
  199 -1.798399e+55
  200 3.584119e+55
  201 -7.142969e+55
  202 1.423558e+56
  203 -2.837079e+56
  204 5.654155e+56
  205 -1.126845e+57
  206 2.245744e+57
  207 -4.475655e+57
  208 8.919755e+57
  209 -1.777662e+58
  210 3.542791e+58
  211 -7.060604e+58
  212 1.407143e+59
  213 -2.804365e+59
  214 5.588957e+59
  215 -1.113851e+60
  216 2.219849e+60
  217 -4.424047e+60
  218 8.816902e+60
  219 -1.757164e+61
  220 3.501939e+61
  221 -6.979188e+61
  222 1.390917e+62
  223 -2.772028e+62
  224 5.524511e+62
  225 -1.101007e+63
  226 2.194252e+63
  227 -4.373033e+63
  228 8.715235e+63
  229 -1.736902e+64
  230 3.461559e+64
  231 -6.898712e+64
  232 1.374878e+65
  233 -2.740063e+65
  234 5.460808e+65
  235 -1.088312e+66
  236 2.168950e+66
  237 -4.322608e+66
  238 8.614740e+66
  239 -1.716874e+67
  240 3.421644e+67
  241 -6.819163e+67
  242 1.359025e+68
  243 -2.708468e+68
  244 5.397840e+68
  245 -1.075762e+69
  246 2.143940e+69
  247 -4.272764e+69
  248 8.515403e+69
  249 -1.697077e+70
  250 3.382189e+70
  251 -6.740532e+70
  252 1.343354e+71
  253 -2.677237e+71
  254 5.335598e+71
  255 -1.063358e+72
  256 2.119218e+72
  257 -4.223495e+72
  258 8.417213e+72
  259 -1.677508e+73
  260 3.343189e+73
  261 -6.662807e+73
  262 1.327864e+74
  263 -2.646366e+74
  264 5.274073e+74
  265 -1.051096e+75
  266 2.094782e+75
  267 -4.174794e+75
  268 8.320154e+75
  269 -1.658165e+76
  270 3.304639e+76
  271 -6.585978e+76
  272 1.312552e+77
  273 -2.615851e+77
  274 5.213258e+77
  275 -1.038976e+78
  276 2.070627e+78
  277 -4.126655e+78
  278 8.224215e+78
  279 -1.639045e+79
  280 3.266533e+79
  281 -6.510036e+79
  282 1.297417e+80
  283 -2.585687e+80
  284 5.153144e+80
  285 -1.026996e+81
  286 2.046751e+81
  287 -4.079071e+81
  288 8.129382e+81
  289 -1.620145e+82
  290 3.228867e+82
  291 -6.434969e+82
  292 1.282457e+83
  293 -2.555872e+83
  294 5.093724e+83
  295 -1.015153e+84
  296 2.023150e+84
  297 -4.032035e+84
  298 8.035643e+84
  299 -1.601463e+85
  300 3.191635e+85
  301 -6.360768e+85
  302 1.267669e+86
  303 -2.526400e+86
  304 5.034988e+86
  305 -1.003448e+87
  306 1.999821e+87
  307 -3.985542e+87
  308 7.942984e+87
  309 -1.582997e+88
  310 3.154832e+88
  311 -6.287422e+88
  312 1.253051e+89
  313 -2.497268e+89
  314 4.976930e+89
  315 -9.918770e+89
  316 1.976761e+90
  317 -3.939585e+90
  318 7.851394e+90
  319 -1.564743e+91
  320 3.118454e+91
  321 -6.214922e+91
  322 1.238603e+92
  323 -2.468473e+92
  324 4.919541e+92
  325 -9.804398e+92
  326 1.953967e+93
  327 -3.894158e+93
  328 7.760860e+93
  329 -1.546700e+94
  330 3.082496e+94
  331 -6.143258e+94
  332 1.224320e+95
  333 -2.440009e+95
  334 4.862814e+95
  335 -9.691344e+95
  336 1.931436e+96
  337 -3.849254e+96
  338 7.671370e+96
  339 -1.528865e+97
  340 3.046951e+97
  341 -6.072421e+97
  342 1.210203e+98
  343 -2.411873e+98
  344 4.806741e+98
  345 -9.579593e+98
  346 1.909165e+99
  347 -3.804869e+99
  348 7.582912e+99
  349 -1.511236e+100
  350 3.011817e+100
  351 -6.002400e+100
  352 1.196248e+101
  353 -2.384062e+101
  354 4.751315e+101
  355 -9.469131e+101
  356 1.887150e+102
  357 -3.760995e+102
  358 7.495473e+102
  359 -1.493810e+103
  360 2.977088e+103
  361 -5.933186e+103
  362 1.182454e+104
  363 -2.356571e+104
  364 4.696528e+104
  365 -9.359943e+104
  366 1.865390e+105
  367 -3.717627e+105
  368 7.409043e+105
  369 -1.476585e+106
  370 2.942759e+106
  371 -5.864771e+106
  372 1.168819e+107
  373 -2.329398e+107
  374 4.642373e+107
  375 -9.252014e+107
  376 1.843880e+108
  377 -3.674759e+108
  378 7.323610e+108
  379 -1.459559e+109
  380 2.908827e+109
  381 -5.797145e+109
  382 1.155342e+110
  383 -2.302538e+110
  384 4.588842e+110
  385 -9.145330e+110
  386 1.822618e+111
  387 -3.632386e+111
  388 7.239162e+111
  389 -1.442728e+112
  390 2.875285e+112
  391 -5.730298e+112
  392 1.142020e+113
  393 -2.275987e+113
  394 4.535928e+113
  395 -9.039876e+113
  396 1.801602e+114
  397 -3.590501e+114
  398 7.155688e+114
  399 -1.426092e+115
  400 2.842130e+115
  401 -5.664222e+115
  402 1.128851e+116
  403 -2.249743e+116
  404 4.483624e+116
  405 -8.935637e+116
  406 1.780827e+117
  407 -3.549099e+117
  408 7.073176e+117
  409 -1.409648e+118
  410 2.809358e+118
  411 -5.598909e+118
  412 1.115834e+119
  413 -2.223801e+119
  414 4.431924e+119
  415 -8.832601e+119
  416 1.760293e+120
  417 -3.508175e+120
  418 6.991615e+120
  419 -1.393394e+121
  420 2.776963e+121
  421 -5.534348e+121
  422 1.102968e+122
  423 -2.198159e+122
  424 4.380820e+122
  425 -8.730753e+122
  426 1.739995e+123
  427 -3.467722e+123
  428 6.910995e+123
  429 -1.377327e+124
  430 2.744942e+124
  431 -5.470532e+124
  432 1.090249e+125
  433 -2.172812e+125
  434 4.330305e+125
  435 -8.630079e+125
  436 1.719931e+126
  437 -3.427736e+126
  438 6.831305e+126
  439 -1.361445e+127
  440 2.713290e+127
  441 -5.407451e+127
  442 1.077678e+128
  443 -2.147757e+128
  444 4.280372e+128
  445 -8.530566e+128
  446 1.700099e+129
  447 -3.388211e+129
  448 6.752534e+129
  449 -1.345746e+130
  450 2.682004e+130
  451 -5.345098e+130
  452 1.065251e+131
  453 -2.122992e+131
  454 4.231015e+131
  455 -8.432200e+131
  456 1.680495e+132
  457 -3.349142e+132
  458 6.674670e+132
  459 -1.330228e+133
  460 2.651078e+133
  461 -5.283464e+133
  462 1.052968e+134
  463 -2.098512e+134
  464 4.182228e+134
  465 -8.334969e+134
  466 1.661117e+135
  467 -3.310523e+135
  468 6.597705e+135
  469 -1.314889e+136
  470 2.620508e+136
  471 -5.222541e+136
  472 1.040826e+137
  473 -2.074314e+137
  474 4.134003e+137
  475 -8.238859e+137
  476 1.641963e+138
  477 -3.272349e+138
  478 6.521627e+138
  479 -1.299727e+139
  480 2.590291e+139
  481 -5.162320e+139
  482 1.028824e+140
  483 -2.050395e+140
  484 4.086334e+140
  485 -8.143857e+140
  486 1.623030e+141
  487 -3.234616e+141
  488 6.446427e+141
  489 -1.284740e+142
  490 2.560423e+142
  491 -5.102793e+142
  492 1.016961e+143
  493 -2.026752e+143
  494 4.039214e+143
  495 -8.049951e+143
  496 1.604315e+144
  497 -3.197318e+144
  498 6.372093e+144
  499 -1.269926e+145
  500 2.530899e+145
  501 -5.043953e+145
  502 1.005234e+146
  503 -2.003382e+146
  504 3.992638e+146
  505 -7.957127e+146
  506 1.585815e+147
  507 -3.160450e+147
  508 6.298617e+147
  509 -1.255283e+148
  510 2.501715e+148
  511 -4.985792e+148
  512 9.936431e+148
  513 -1.980281e+149
  514 3.946599e+149
  515 -7.865374e+149
  516 1.567529e+150
  517 -3.124007e+150
  518 6.225988e+150
  519 -1.240808e+151
  520 2.472868e+151
  521 -4.928301e+151
  522 9.821855e+151
  523 -1.957446e+152
  524 3.901091e+152
  525 -7.774678e+152
  526 1.549454e+153
  527 -3.087984e+153
  528 6.154197e+153
  529 -1.226500e+154
  530 2.444353e+154
  531 -4.871473e+154
  532 9.708600e+154
  533 -1.934875e+155
  534 3.856108e+155
  535 -7.685029e+155
  536 1.531588e+156
  537 -3.052377e+156
  538 6.083233e+156
  539 -1.212358e+157
  540 2.416168e+157
  541 -4.815300e+157
  542 9.596650e+157
  543 -1.912564e+158
  544 3.811644e+158
  545 -7.596413e+158
  546 1.513927e+159
  547 -3.017180e+159
  548 6.013087e+159
  549 -1.198378e+160
  550 2.388307e+160
  551 -4.759775e+160
  552 9.485992e+160
  553 -1.890510e+161
  554 3.767692e+161
  555 -7.508820e+161
  556 1.496470e+162
  557 -2.982389e+162
  558 5.943751e+162
  559 -1.184560e+163
  560 2.360767e+163
  561 -4.704890e+163
  562 9.376609e+163
  563 -1.868711e+164
  564 3.724247e+164
  565 -7.422236e+164
  566 1.479214e+165
  567 -2.947999e+165
  568 5.875214e+165
  569 -1.170900e+166
  570 2.333546e+166
  571 -4.650639e+166
  572 9.268488e+166
  573 -1.847163e+167
  574 3.681303e+167
  575 -7.336650e+167
  576 1.462157e+168
  577 -2.914006e+168
  578 5.807467e+168
  579 -1.157399e+169
  580 2.306638e+169
  581 -4.597012e+169
  582 9.161614e+169
  583 -1.825863e+170
  584 3.638854e+170
  585 -7.252052e+170
  586 1.445297e+171
  587 -2.880405e+171
  588 5.740501e+171
  589 -1.144053e+172
  590 2.280040e+172
  591 -4.544004e+172
  592 9.055972e+172
  593 -1.804809e+173
  594 3.596894e+173
  595 -7.168429e+173
  596 1.428632e+174
  597 -2.847191e+174
  598 5.674308e+174
  599 -1.130861e+175
  600 2.253749e+175
  601 -4.491608e+175
  602 8.951548e+175
  603 -1.783998e+176
  604 3.555419e+176
  605 -7.085770e+176
  606 1.412158e+177
  607 -2.814360e+177
  608 5.608878e+177
  609 -1.117821e+178
  610 2.227761e+178
  611 -4.439815e+178
  612 8.848328e+178
  613 -1.763427e+179
  614 3.514421e+179
  615 -7.004064e+179
  616 1.395875e+180
  617 -2.781908e+180
  618 5.544202e+180
  619 -1.104931e+181
  620 2.202073e+181
  621 -4.388620e+181
  622 8.746298e+181
  623 -1.743093e+182
  624 3.473897e+182
  625 -6.923301e+182
  626 1.379779e+183
  627 -2.749830e+183
  628 5.480272e+183
  629 -1.092191e+184
  630 2.176681e+184
  631 -4.338015e+184
  632 8.645445e+184
  633 -1.722994e+185
  634 3.433839e+185
  635 -6.843469e+185
  636 1.363869e+186
  637 -2.718122e+186
  638 5.417079e+186
  639 -1.079597e+187
  640 2.151582e+187
  641 -4.287994e+187
  642 8.545755e+187
  643 -1.703126e+188
  644 3.394244e+188
  645 -6.764557e+188
  646 1.348142e+189
  647 -2.686779e+189
  648 5.354615e+189
  649 -1.067148e+190
  650 2.126772e+190
  651 -4.238549e+190
  652 8.447214e+190
  653 -1.683487e+191
  654 3.355105e+191
  655 -6.686555e+191
  656 1.332597e+192
  657 -2.655798e+192
  658 5.292872e+192
  659 -1.054843e+193
  660 2.102248e+193
  661 -4.189674e+193
  662 8.349810e+193
  663 -1.664075e+194
  664 3.316417e+194
  665 -6.609453e+194
  666 1.317231e+195
  667 -2.625174e+195
  668 5.231840e+195
  669 -1.042679e+196
  670 2.078007e+196
  671 -4.141363e+196
  672 8.253529e+196
  673 -1.644887e+197
  674 3.278176e+197
  675 -6.533240e+197
  676 1.302042e+198
  677 -2.594903e+198
  678 5.171512e+198
  679 -1.030656e+199
  680 2.054046e+199
  681 -4.093610e+199
  682 8.158358e+199
  683 -1.625920e+200
  684 3.240376e+200
  685 -6.457905e+200
  686 1.287028e+201
  687 -2.564982e+201
  688 5.111879e+201
  689 -1.018772e+202
  690 2.030361e+202
  691 -4.046406e+202
  692 8.064284e+202
  693 -1.607171e+203
  694 3.203011e+203
  695 -6.383439e+203
  696 1.272187e+204
  697 -2.535405e+204
  698 5.052934e+204
  699 -1.007024e+205
  700 2.006949e+205
  701 -3.999748e+205
  702 7.971295e+205
  703 -1.588639e+206
  704 3.166077e+206
  705 -6.309832e+206
  706 1.257518e+207
  707 -2.506169e+207
  708 4.994669e+207
  709 -9.954124e+207
  710 1.983807e+208
  711 -3.953627e+208
  712 7.879378e+208
  713 -1.570320e+209
  714 3.129569e+209
  715 -6.237074e+209
  716 1.243017e+210
  717 -2.477271e+210
  718 4.937076e+210
  719 -9.839343e+210
  720 1.960931e+211
  721 -3.908038e+211
  722 7.788522e+211
  723 -1.552213e+212
  724 3.093482e+212
  725 -6.165154e+212
  726 1.228684e+213
  727 -2.448706e+213
  728 4.880147e+213
  729 -9.725886e+213
  730 1.938320e+214
  731 -3.862974e+214
  732 7.698713e+214
  733 -1.534315e+215
  734 3.057812e+215
  735 -6.094064e+215
  736 1.214516e+216
  737 -2.420470e+216
  738 4.823874e+216
  739 -9.613738e+216
  740 1.915969e+217
  741 -3.818430e+217
  742 7.609939e+217
  743 -1.516623e+218
  744 3.022552e+218
  745 -6.023794e+218
  746 1.200512e+219
  747 -2.392559e+219
  748 4.768250e+219
  749 -9.502882e+219
  750 1.893876e+220
  751 -3.774400e+220
  752 7.522189e+220
  753 -1.499134e+221
  754 2.987699e+221
  755 -5.954334e+221
  756 1.186669e+222
  757 -2.364971e+222
  758 4.713268e+222
  759 -9.393305e+222
  760 1.872038e+223
  761 -3.730878e+223
  762 7.435451e+223
  763 -1.481848e+224
  764 2.953248e+224
  765 -5.885675e+224
  766 1.172985e+225
  767 -2.337701e+225
  768 4.658919e+225
  769 -9.284991e+225
  770 1.850452e+226
  771 -3.687857e+226
  772 7.349714e+226
  773 -1.464761e+227
  774 2.919195e+227
  775 -5.817807e+227
  776 1.159460e+228
  777 -2.310745e+228
  778 4.605198e+228
  779 -9.177926e+228
  780 1.829114e+229
  781 -3.645333e+229
  782 7.264964e+229
  783 -1.447871e+230
  784 2.885533e+230
  785 -5.750723e+230
  786 1.146090e+231
  787 -2.284100e+231
  788 4.552095e+231
  789 -9.072096e+231
  790 1.808023e+232
  791 -3.603299e+232
  792 7.181193e+232
  793 -1.431175e+233
  794 2.852260e+233
  795 -5.684411e+233
  796 1.132874e+234
  797 -2.257762e+234
  798 4.499605e+234
  799 -8.967486e+234
  800 1.787175e+235
