    1     0
    2     0
    3     0
    4     0
    5     0
    6     0
    7     0
    8     0
    9     0
   10     0
   11     0
   12     0
   13 7.734489e-03
   14 3.541415e-02
   15 6.532728e-02
   16 8.931200e-02
   17 1.038026e-01
   18 1.079205e-01
   19 1.022613e-01
   20 8.814781e-02
   21 6.718265e-02
   22 4.099045e-02
   23 1.107895e-02
   24 -2.122705e-02
   25 -5.480834e-02
   26 -8.874918e-02
   27 -1.223219e-01
   28 -1.549655e-01
   29 -1.862624e-01
   30 -2.159153e-01
   31 -2.437266e-01
   32 -2.695793e-01
   33 -2.934207e-01
   34 -3.152488e-01
   35 -3.351003e-01
   36 -3.530412e-01
   37 -3.691587e-01
   38 -3.835546e-01
   39 -3.963402e-01
   40 -4.076321e-01
   41 -4.175488e-01
   42 -4.262081e-01
   43 -4.337254e-01
   44 -4.402117e-01
   45 -4.457731e-01
   46 -4.505095e-01
   47 -4.545146e-01
   48 -4.578753e-01
   49 -4.606719e-01
   50 -4.629777e-01
   51 -4.648597e-01
   52 -4.663783e-01
   53 -4.675880e-01
   54 -4.685373e-01
   55 -4.692697e-01
   56 -4.698232e-01
   57 -4.702314e-01
   58 -4.705237e-01
   59 -4.707252e-01
   60 -4.708578e-01
   61 -4.709401e-01
   62 -4.709876e-01
   63 -4.710134e-01
   64 -4.710282e-01
   65 -4.710409e-01
   66 -4.710583e-01
   67 -4.710858e-01
   68 -4.711274e-01
   69 -4.711862e-01
   70 -4.712639e-01
   71 -4.713617e-01
   72 -4.714800e-01
   73 -4.716187e-01
   74 -4.717770e-01
   75 -4.719542e-01
   76 -4.721489e-01
   77 -4.723596e-01
   78 -4.725849e-01
   79 -4.728230e-01
   80 -4.730723e-01
   81 -4.733309e-01
   82 -4.735973e-01
   83 -4.738697e-01
   84 -4.741466e-01
   85 -4.744264e-01
   86 -4.747078e-01
   87 -4.749895e-01
   88 -4.752703e-01
   89 -4.755490e-01
   90 -4.758248e-01
   91 -4.760967e-01
   92 -4.763639e-01
   93 -4.766258e-01
   94 -4.768818e-01
   95 -4.771315e-01
   96 -4.773744e-01
   97 -4.776102e-01
   98 -4.778387e-01
   99 -4.780597e-01
  100 -4.782731e-01
  101 -4.784788e-01
  102 -4.786768e-01
  103 -4.788672e-01
  104 -4.790499e-01
  105 -4.792252e-01
  106 -4.793931e-01
  107 -4.795538e-01
  108 -4.797074e-01
  109 -4.798542e-01
  110 -4.799943e-01
  111 -4.801280e-01
  112 -4.802555e-01
  113 -4.803771e-01
  114 -4.804928e-01
  115 -4.806031e-01
  116 -4.807080e-01
  117 -4.808079e-01
  118 -4.809029e-01
  119 -4.809933e-01
  120 -4.810793e-01
  121 -4.811610e-01
  122 -4.812388e-01
  123 -4.813128e-01
  124 -4.813831e-01
  125 -4.814501e-01
  126 -4.815137e-01
  127 -4.815743e-01
  128 -4.816319e-01
  129 -4.816867e-01
  130 -4.817389e-01
  131 -1.608586e-01
  132 -5.058020e-03
  133 6.675986e-02
  134 9.580340e-02
  135 1.063777e-01
  136 1.121269e-01
  137 1.201292e-01
  138 1.335203e-01
  139 1.531576e-01
  140 1.786585e-01
  141 2.090367e-01
  142 2.430804e-01
  143 2.795675e-01
  144 3.173800e-01
  145 3.555560e-01
  146 3.933060e-01
  147 4.300082e-01
  148 4.651935e-01
  149 4.985261e-01
  150 5.297823e-01
  151 5.588308e-01
  152 5.856146e-01
  153 6.101349e-01
  154 6.324380e-01
  155 6.526032e-01
  156 6.707341e-01
  157 6.869503e-01
  158 7.013816e-01
  159 7.141633e-01
  160 7.254317e-01
  161 7.353217e-01
  162 7.439644e-01
  163 7.514856e-01
  164 7.580042e-01
  165 7.636322e-01
  166 7.684734e-01
  167 7.726240e-01
  168 7.761718e-01
  169 7.791971e-01
  170 7.817724e-01
  171 7.839627e-01
  172 7.858264e-01
  173 7.874153e-01
  174 7.887749e-01
  175 7.899454e-01
  176 7.909616e-01
  177 7.918538e-01
  178 7.926480e-01
  179 7.933662e-01
  180 7.940270e-01
  181 7.946459e-01
  182 7.952359e-01
  183 7.958072e-01
  184 7.963682e-01
  185 7.969255e-01
  186 7.974837e-01
  187 7.980466e-01
  188 7.986166e-01
  189 7.991950e-01
  190 7.997826e-01
  191 8.003794e-01
  192 8.009848e-01
  193 8.015980e-01
  194 8.022177e-01
  195 8.028425e-01
  196 8.034708e-01
  197 8.041010e-01
  198 8.047312e-01
  199 8.053598e-01
  200 8.059851e-01
  201 8.066055e-01
  202 8.072194e-01
  203 8.078254e-01
  204 8.084222e-01
  205 8.090086e-01
  206 8.095835e-01
  207 8.101460e-01
  208 8.106953e-01
  209 8.112306e-01
  210 8.117514e-01
  211 8.122572e-01
  212 8.127477e-01
  213 8.132226e-01
  214 8.136817e-01
  215 8.141250e-01
  216 8.145525e-01
  217 8.149643e-01
  218 8.153605e-01
  219 8.157413e-01
  220 8.161069e-01
  221 5.361253e-01
  222 3.604554e-01
  223 2.510365e-01
  224 1.871315e-01
  225 1.544294e-01
  226 1.430246e-01
  227 1.460264e-01
  228 1.586173e-01
  229 1.774122e-01
  230 2.000226e-01
  231 2.247578e-01
  232 2.504201e-01
  233 2.761629e-01
  234 3.013920e-01
  235 3.256965e-01
  236 3.487999e-01
  237 3.705244e-01
  238 3.907660e-01
  239 4.094755e-01
  240 4.266444e-01
  241 4.422950e-01
  242 4.564714e-01
  243 4.692343e-01
  244 4.806552e-01
  245 4.908137e-01
  246 4.997934e-01
  247 5.076803e-01
  248 5.145607e-01
  249 5.205199e-01
  250 5.256406e-01
  251 5.300028e-01
  252 5.336828e-01
  253 5.367524e-01
  254 5.392794e-01
  255 5.413268e-01
  256 5.429530e-01
  257 5.442117e-01
  258 5.451522e-01
  259 5.458193e-01
  260 5.462535e-01
  261 4.502123e-01
  262 4.035320e-01
  263 3.819125e-01
  264 3.730170e-01
  265 3.695766e-01
  266 3.675177e-01
  267 3.647340e-01
  268 3.602994e-01
  269 3.539693e-01
  270 3.458690e-01
  271 3.363033e-01
  272 3.256431e-01
  273 3.142607e-01
  274 3.024964e-01
  275 2.906424e-01
  276 2.789381e-01
  277 2.675720e-01
  278 2.566860e-01
  279 2.463817e-01
  280 2.367261e-01
  281 2.277586e-01
  282 2.194955e-01
  283 2.119357e-01
  284 2.050644e-01
  285 1.988565e-01
  286 1.932797e-01
  287 1.882967e-01
  288 1.838671e-01
  289 1.799491e-01
  290 1.765002e-01
  291 1.734787e-01
  292 1.708438e-01
  293 1.685566e-01
  294 1.665800e-01
  295 1.648795e-01
  296 1.634227e-01
  297 1.621798e-01
  298 1.611235e-01
  299 1.602288e-01
  300 1.594733e-01
  301 1.588365e-01
  302 1.583006e-01
  303 1.578492e-01
  304 1.574682e-01
  305 1.571452e-01
  306 1.568692e-01
  307 1.566308e-01
  308 1.564219e-01
  309 1.562358e-01
  310 1.560664e-01
  311 1.559091e-01
  312 1.557597e-01
  313 1.556152e-01
  314 1.554728e-01
  315 1.553305e-01
  316 1.551869e-01
  317 1.550409e-01
  318 1.548916e-01
  319 1.547387e-01
  320 1.545819e-01
  321 1.544213e-01
  322 1.542571e-01
  323 1.540895e-01
  324 1.539190e-01
  325 1.537459e-01
  326 1.535709e-01
  327 1.533945e-01
  328 1.532172e-01
  329 1.530397e-01
  330 1.528623e-01
  331 1.526858e-01
  332 1.525106e-01
  333 1.523371e-01
  334 1.521658e-01
  335 1.519971e-01
  336 1.518313e-01
  337 1.516688e-01
  338 1.515099e-01
  339 1.513547e-01
  340 1.512036e-01
  341 1.510566e-01
  342 1.509139e-01
  343 1.507755e-01
  344 1.506417e-01
  345 1.505124e-01
  346 1.503875e-01
  347 1.502672e-01
  348 1.501514e-01
  349 1.500400e-01
  350 1.499330e-01
  351 1.498304e-01
  352 1.497319e-01
  353 1.496376e-01
  354 1.495473e-01
  355 1.494609e-01
  356 1.493783e-01
  357 1.492994e-01
  358 1.492240e-01
  359 1.491520e-01
  360 1.490834e-01
  361 1.490179e-01
  362 1.489554e-01
  363 1.488959e-01
  364 1.488391e-01
  365 1.487850e-01
  366 1.487335e-01
  367 1.486844e-01
  368 1.486377e-01
  369 1.485931e-01
  370 1.485507e-01
  371 1.485103e-01
  372 1.484718e-01
  373 1.484351e-01
  374 1.484002e-01
  375 1.483669e-01
  376 1.483352e-01
  377 1.483049e-01
  378 1.482761e-01
  379 1.482487e-01
  380 1.482225e-01
  381 1.481975e-01
  382 1.481737e-01
  383 1.481510e-01
  384 1.481294e-01
  385 1.481087e-01
  386 1.480890e-01
  387 1.480701e-01
  388 1.480522e-01
  389 1.480350e-01
  390 1.480186e-01
  391 -1.246197e-02
  392 -9.040088e-02
  393 -1.263466e-01
  394 -1.409035e-01
  395 -1.462241e-01
  396 -1.491306e-01
  397 -1.531622e-01
  398 -1.598869e-01
  399 -1.697333e-01
  400 -1.825102e-01
  401 -1.977246e-01
  402 -2.147706e-01
  403 -2.330372e-01
  404 -2.519655e-01
  405 -2.710746e-01
  406 -2.899697e-01
  407 -3.083400e-01
  408 -3.259510e-01
  409 -3.426349e-01
  410 -3.582797e-01
  411 -3.728200e-01
  412 -3.862272e-01
  413 -3.985021e-01
  414 -4.096676e-01
  415 -4.197636e-01
  416 -4.288418e-01
  417 -4.369622e-01
  418 -4.441896e-01
  419 -4.505916e-01
  420 -4.562365e-01
  421 -4.611918e-01
  422 -4.655229e-01
  423 -4.692929e-01
  424 -4.725611e-01
  425 -4.753837e-01
  426 -4.778125e-01
  427 -4.798956e-01
  428 -4.816770e-01
  429 -4.831968e-01
  430 -4.844913e-01
  431 -4.855930e-01
  432 -4.865311e-01
  433 -4.873315e-01
  434 -4.880171e-01
  435 -4.886078e-01
  436 -4.891211e-01
  437 -4.895722e-01
  438 -4.899741e-01
  439 -4.903378e-01
  440 -4.906725e-01
  441 -3.227867e-01
  442 -2.174820e-01
  443 -1.519269e-01
  444 -1.136831e-01
  445 -9.416708e-02
  446 -8.743753e-02
  447 -8.936167e-02
  448 -9.704988e-02
  449 -1.084716e-01
  450 -1.221939e-01
  451 -1.372019e-01
  452 -1.527767e-01
  453 -1.684094e-01
  454 -1.837428e-01
  455 -1.985294e-01
  456 -2.126021e-01
  457 -2.258534e-01
  458 -2.382196e-01
  459 -2.496701e-01
  460 -2.601989e-01
  461 -2.698183e-01
  462 -2.785538e-01
  463 -2.864408e-01
  464 -2.935216e-01
  465 -2.998430e-01
  466 -3.054545e-01
  467 -3.104071e-01
  468 -3.147521e-01
  469 -3.185400e-01
  470 -3.218202e-01
  471 -3.246402e-01
  472 -3.270455e-01
  473 -3.290791e-01
  474 -3.307813e-01
  475 -3.321898e-01
  476 -3.333396e-01
  477 -3.342628e-01
  478 -3.349891e-01
  479 -3.355452e-01
  480 -3.359556e-01
  481 -3.362422e-01
  482 -3.364246e-01
  483 -3.365206e-01
  484 -3.365456e-01
  485 -3.365133e-01
  486 -3.364357e-01
  487 -3.363233e-01
  488 -3.361850e-01
  489 -3.360286e-01
  490 -3.358607e-01
  491 -3.356867e-01
  492 -3.355111e-01
  493 -3.353378e-01
  494 -3.351697e-01
  495 -3.350091e-01
  496 -3.348579e-01
  497 -3.347174e-01
  498 -3.345885e-01
  499 -3.344717e-01
  500 -3.343673e-01
  501 -3.342753e-01
  502 -3.341955e-01
  503 -3.341275e-01
  504 -3.340709e-01
  505 -3.340251e-01
  506 -3.339894e-01
  507 -3.339631e-01
  508 -3.339456e-01
  509 -3.339360e-01
  510 -3.339336e-01
  511 -3.339377e-01
  512 -3.339475e-01
  513 -3.339625e-01
  514 -3.339819e-01
  515 -3.340050e-01
  516 -3.340315e-01
  517 -3.340606e-01
  518 -3.340918e-01
  519 -3.341249e-01
  520 -3.341592e-01
  521 -3.341945e-01
  522 -3.342303e-01
  523 -3.342665e-01
  524 -3.343028e-01
  525 -3.343388e-01
  526 -3.343744e-01
  527 -3.344095e-01
  528 -3.344439e-01
  529 -3.344774e-01
  530 -3.345101e-01
  531 -3.345417e-01
  532 -3.345723e-01
  533 -3.346017e-01
  534 -3.346300e-01
  535 -3.346572e-01
  536 -3.346832e-01
  537 -3.347081e-01
  538 -3.347318e-01
  539 -3.347544e-01
  540 -3.347758e-01
  541 -3.347962e-01
  542 -3.348156e-01
  543 -3.348339e-01
  544 -3.348513e-01
  545 -3.348678e-01
  546 -3.348833e-01
  547 -3.348981e-01
  548 -3.349120e-01
  549 -3.349251e-01
  550 -3.349375e-01
  551 -3.349492e-01
  552 -3.349603e-01
  553 -3.349707e-01
  554 -3.349806e-01
  555 -3.349899e-01
  556 -3.349987e-01
  557 -3.350070e-01
  558 -3.350148e-01
  559 -3.350223e-01
  560 -3.350293e-01
  561 -3.350359e-01
  562 -3.350422e-01
  563 -3.350482e-01
  564 -3.350539e-01
  565 -3.350592e-01
  566 -3.350643e-01
  567 -3.350692e-01
  568 -3.350738e-01
  569 -3.350781e-01
  570 -3.350823e-01
  571 -3.350863e-01
  572 -3.350900e-01
  573 -3.350936e-01
  574 -3.350970e-01
  575 -3.351003e-01
  576 -3.351034e-01
  577 -3.351064e-01
  578 -3.351092e-01
  579 -3.351119e-01
  580 -3.351145e-01
  581 -3.351170e-01
  582 -3.351194e-01
  583 -3.351216e-01
  584 -3.351238e-01
  585 -3.351259e-01
  586 -3.351278e-01
  587 -3.351297e-01
  588 -3.351315e-01
  589 -3.351333e-01
  590 -3.351349e-01
  591 -3.351365e-01
  592 -3.351381e-01
  593 -3.351395e-01
  594 -3.351409e-01
  595 -3.351423e-01
  596 -3.351435e-01
  597 -3.351448e-01
  598 -3.351459e-01
  599 -3.351471e-01
  600 -3.351481e-01
  601 -3.351492e-01
  602 -3.351501e-01
  603 -3.351511e-01
  604 -3.351520e-01
  605 -3.351529e-01
  606 -3.351537e-01
  607 -3.351545e-01
  608 -3.351552e-01
  609 -3.351559e-01
  610 -3.351566e-01
  611 -3.351573e-01
  612 -3.351579e-01
  613 -3.351585e-01
  614 -3.351591e-01
  615 -3.351597e-01
  616 -3.351602e-01
  617 -3.351607e-01
  618 -3.351612e-01
  619 -3.351617e-01
  620 -3.351621e-01
  621 -3.351625e-01
  622 -3.351629e-01
  623 -3.351633e-01
  624 -3.351637e-01
  625 -3.351640e-01
  626 -3.351644e-01
  627 -3.351647e-01
  628 -3.351650e-01
  629 -3.351653e-01
  630 -3.351656e-01
  631 -3.351658e-01
  632 -3.351661e-01
  633 -3.351663e-01
  634 -3.351666e-01
  635 -3.351668e-01
  636 -3.351670e-01
  637 -3.351672e-01
  638 -3.351674e-01
  639 -3.351676e-01
  640 -3.351678e-01
  641 -3.351680e-01
  642 -3.351681e-01
  643 -3.351683e-01
  644 -3.351684e-01
  645 -3.351686e-01
  646 -3.351687e-01
  647 -3.351688e-01
  648 -3.351690e-01
  649 -3.351691e-01
  650 -3.351692e-01
  651 -3.351693e-01
  652 -3.351694e-01
  653 -3.351695e-01
  654 -3.351696e-01
  655 -3.351697e-01
  656 -3.351698e-01
  657 -3.351699e-01
  658 -3.351699e-01
  659 -3.351700e-01
  660 -3.351701e-01
  661 -5.483770e-02
  662 1.211683e-01
  663 2.309092e-01
  664 2.951224e-01
  665 3.281193e-01
  666 3.398059e-01
  667 3.370734e-01
  668 3.247397e-01
  669 3.061903e-01
  670 2.838141e-01
  671 2.593024e-01
  672 2.338532e-01
  673 2.083136e-01
  674 1.832782e-01
  675 1.591582e-01
  676 1.362307e-01
  677 1.146738e-01
  678 9.459190e-02
  679 7.603457e-02
  680 5.901051e-02
  681 4.349806e-02
  682 2.945317e-02
  683 1.681569e-02
  684 5.514139e-03
  685 -4.530485e-03
  686 -1.340170e-02
  687 -2.118523e-02
  688 -2.796709e-02
  689 -3.383224e-02
  690 -3.886338e-02
  691 -4.314017e-02
  692 -4.673858e-02
  693 -4.973047e-02
  694 -5.218329e-02
  695 -5.415989e-02
  696 -5.571852e-02
  697 -5.691278e-02
  698 -5.779174e-02
  699 -5.840006e-02
  700 -5.877813e-02
  701 -5.896233e-02
  702 -5.898520e-02
  703 -5.887571e-02
  704 -5.865946e-02
  705 -5.835895e-02
  706 -5.799385e-02
  707 -5.758119e-02
  708 -5.713560e-02
  709 -5.666959e-02
  710 -5.619368e-02
  711 -5.571667e-02
  712 -5.524580e-02
  713 -5.478691e-02
  714 -5.434467e-02
  715 -5.392264e-02
  716 -5.352348e-02
  717 -5.314907e-02
  718 -5.280058e-02
  719 -5.247862e-02
  720 -5.218332e-02
  721 -5.191441e-02
  722 -5.167129e-02
  723 -5.145311e-02
  724 -5.125881e-02
  725 -5.108718e-02
  726 -5.093691e-02
  727 -5.080661e-02
  728 -5.069486e-02
  729 -5.060022e-02
  730 -5.052126e-02
  731 -5.045657e-02
  732 -5.040481e-02
  733 -5.036465e-02
  734 -5.033486e-02
  735 -5.031425e-02
  736 -5.030173e-02
  737 -5.029625e-02
  738 -5.029688e-02
  739 -5.030272e-02
  740 -5.031297e-02
  741 -5.032690e-02
  742 -5.034386e-02
  743 -5.036324e-02
  744 -5.038452e-02
  745 -5.040722e-02
  746 -5.043093e-02
  747 -5.045529e-02
  748 -5.047999e-02
  749 -5.050475e-02
  750 -5.052935e-02
  751 -5.055359e-02
  752 -5.057732e-02
  753 -5.060040e-02
  754 -5.062272e-02
  755 -5.064422e-02
  756 -5.066483e-02
  757 -5.068451e-02
  758 -5.070324e-02
  759 -5.072100e-02
  760 -5.073779e-02
  761 -5.075362e-02
  762 -5.076851e-02
  763 -5.078249e-02
  764 -5.079558e-02
  765 -5.080781e-02
  766 -5.081922e-02
  767 -5.082986e-02
  768 -5.083975e-02
  769 -5.084894e-02
  770 -5.085747e-02
  771 -5.086539e-02
  772 -5.087272e-02
  773 -5.087952e-02
  774 -5.088581e-02
  775 -5.089164e-02
  776 -5.089703e-02
  777 -5.090203e-02
  778 -5.090665e-02
  779 -5.091094e-02
  780 -5.091492e-02
  781 -5.091861e-02
  782 -5.092204e-02
  783 -5.092523e-02
  784 -5.092820e-02
  785 -5.093097e-02
  786 -5.093355e-02
  787 -5.093597e-02
  788 -5.093824e-02
  789 -5.094037e-02
  790 -5.094237e-02
  791 -5.094425e-02
  792 -5.094603e-02
  793 -5.094771e-02
  794 -5.094930e-02
  795 -5.095080e-02
  796 -5.095223e-02
  797 -5.095360e-02
  798 -5.095489e-02
  799 -5.095613e-02
  800 -5.095731e-02
