    1     0
    2     0
    3     0
    4     0
    5     0
    6     0
    7     0
    8     0
    9     0
   10     0
   11     0
   12     0
   13 7.728561e-02
   14 5.974267e-02
   15 8.132650e-02
   16 8.029407e-02
   17 8.881984e-02
   18 9.155480e-02
   19 9.635541e-02
   20 9.946553e-02
   21 1.028368e-01
   22 1.055733e-01
   23 1.081781e-01
   24 1.104535e-01
   25 1.125425e-01
   26 1.144137e-01
   27 1.161176e-01
   28 1.176602e-01
   29 1.190656e-01
   30 1.203460e-01
   31 1.215166e-01
   32 1.225886e-01
   33 1.235731e-01
   34 1.244793e-01
   35 1.253157e-01
   36 1.260894e-01
   37 1.268072e-01
   38 1.274747e-01
   39 1.280971e-01
   40 1.286789e-01
   41 1.292242e-01
   42 1.297364e-01
   43 1.302188e-01
   44 1.306741e-01
   45 1.311050e-01
   46 1.315135e-01
   47 1.319016e-01
   48 1.322712e-01
   49 1.326238e-01
   50 1.329608e-01
   51 1.332834e-01
   52 1.335927e-01
   53 1.338898e-01
   54 1.341755e-01
   55 1.344506e-01
   56 1.347159e-01
   57 1.349720e-01
   58 1.352195e-01
   59 1.354588e-01
   60 1.356906e-01
   61 1.359152e-01
   62 1.361329e-01
   63 1.363442e-01
   64 1.365494e-01
   65 1.367487e-01
   66 1.369425e-01
   67 1.371310e-01
   68 1.373144e-01
   69 1.374928e-01
   70 1.376666e-01
   71 1.378359e-01
   72 1.380009e-01
   73 1.381616e-01
   74 1.383183e-01
   75 1.384711e-01
   76 1.386201e-01
   77 1.387654e-01
   78 1.389072e-01
   79 1.390455e-01
   80 1.391805e-01
   81 1.393122e-01
   82 1.394408e-01
   83 1.395662e-01
   84 1.396887e-01
   85 1.398083e-01
   86 1.399250e-01
   87 1.400390e-01
   88 1.401503e-01
   89 1.402589e-01
   90 1.403650e-01
   91 1.404686e-01
   92 1.405698e-01
   93 1.406685e-01
   94 1.407650e-01
   95 1.408592e-01
   96 1.409512e-01
   97 1.410410e-01
   98 1.411287e-01
   99 1.412143e-01
  100 1.412980e-01
  101 1.413797e-01
  102 1.414595e-01
  103 1.415374e-01
  104 1.416135e-01
  105 1.416878e-01
  106 1.417603e-01
  107 1.418312e-01
  108 1.419004e-01
  109 1.419680e-01
  110 1.420341e-01
  111 1.420985e-01
  112 1.421615e-01
  113 1.422230e-01
  114 1.422831e-01
  115 1.423418e-01
  116 1.423991e-01
  117 1.424551e-01
  118 1.425098e-01
  119 1.425632e-01
  120 1.426154e-01
  121 1.426664e-01
  122 1.427162e-01
  123 1.427649e-01
  124 1.428125e-01
  125 1.428590e-01
  126 1.429044e-01
  127 1.429488e-01
  128 1.429922e-01
  129 1.430346e-01
  130 1.430761e-01
  131 1.434205e-01
  132 1.436850e-01
  133 1.439361e-01
  134 1.441706e-01
  135 1.443923e-01
  136 1.446013e-01
  137 1.447993e-01
  138 1.449870e-01
  139 1.451654e-01
  140 1.453354e-01
  141 1.454977e-01
  142 1.456529e-01
  143 1.458018e-01
  144 1.459447e-01
  145 1.460823e-01
  146 1.462150e-01
  147 1.463432e-01
  148 1.464672e-01
  149 1.465875e-01
  150 1.467043e-01
  151 1.468179e-01
  152 1.469285e-01
  153 1.470365e-01
  154 1.471419e-01
  155 1.472450e-01
  156 1.473459e-01
  157 1.474449e-01
  158 1.475420e-01
  159 1.476374e-01
  160 1.477312e-01
  161 1.478235e-01
  162 1.479144e-01
  163 1.480040e-01
  164 1.480925e-01
  165 1.481797e-01
  166 1.482659e-01
  167 1.483511e-01
  168 1.484353e-01
  169 1.485186e-01
  170 1.486011e-01
  171 1.486828e-01
  172 1.487637e-01
  173 1.488439e-01
  174 1.489234e-01
  175 1.490022e-01
  176 1.490804e-01
  177 1.491581e-01
  178 1.492351e-01
  179 1.493116e-01
  180 1.493876e-01
  181 1.494631e-01
  182 1.495381e-01
  183 1.496126e-01
  184 1.496867e-01
  185 1.497604e-01
  186 1.498336e-01
  187 1.499065e-01
  188 1.499789e-01
  189 1.500510e-01
  190 1.501227e-01
  191 1.501941e-01
  192 1.502652e-01
  193 1.503359e-01
  194 1.504063e-01
  195 1.504763e-01
  196 1.505461e-01
  197 1.506156e-01
  198 1.506848e-01
  199 1.507538e-01
  200 1.508225e-01
  201 6.540737e-02
  202 8.507977e-02
  203 6.136582e-02
  204 6.271793e-02
  205 5.346708e-02
  206 5.063082e-02
  207 4.549987e-02
  208 4.223903e-02
  209 3.868510e-02
  210 3.583176e-02
  211 3.312141e-02
  212 3.077370e-02
  213 2.863024e-02
  214 2.672583e-02
  215 2.500470e-02
  216 2.346048e-02
  217 2.206628e-02
  218 2.080890e-02
  219 1.967144e-02
  220 1.864155e-02
  221 1.661642e-02
  222 1.522433e-02
  223 1.379699e-02
  224 1.255806e-02
  225 1.137361e-02
  226 1.029254e-02
  227 9.276309e-03
  228 8.331772e-03
  229 7.444904e-03
  230 6.613347e-03
  231 5.830085e-03
  232 5.091376e-03
  233 4.392698e-03
  234 3.730643e-03
  235 3.101889e-03
  236 2.503627e-03
  237 1.933282e-03
  238 1.388588e-03
  239 8.675018e-04
  240 3.682003e-04
  241 -1.109581e-04
  242 -5.714483e-04
  243 -1.014601e-03
  244 -1.441616e-03
  245 -1.853580e-03
  246 -2.251479e-03
  247 -2.636204e-03
  248 -3.008571e-03
  249 -3.369318e-03
  250 -3.719123e-03
  251 -4.058602e-03
  252 -4.388322e-03
  253 -4.708802e-03
  254 -5.020518e-03
  255 -5.323911e-03
  256 -5.619383e-03
  257 -5.907310e-03
  258 -6.188037e-03
  259 -6.461885e-03
  260 -6.729150e-03
  261 -6.868540e-03
  262 -7.033511e-03
  263 -7.197691e-03
  264 -7.362565e-03
  265 -7.526859e-03
  266 -7.690739e-03
  267 -7.853720e-03
  268 -8.015691e-03
  269 -8.176403e-03
  270 -8.335715e-03
  271 -8.493468e-03
  272 -8.649543e-03
  273 -8.803831e-03
  274 -8.956242e-03
  275 -9.106701e-03
  276 -9.255144e-03
  277 -9.401520e-03
  278 -9.545787e-03
  279 -9.687915e-03
  280 -9.827880e-03
  281 -9.965665e-03
  282 -1.010126e-02
  283 -1.023466e-02
  284 -1.036587e-02
  285 -1.049488e-02
  286 -1.062172e-02
  287 -1.074640e-02
  288 -1.086892e-02
  289 -1.098930e-02
  290 -1.110758e-02
  291 -1.122376e-02
  292 -1.133788e-02
  293 -1.144996e-02
  294 -1.156002e-02
  295 -1.166810e-02
  296 -1.177422e-02
  297 -1.187841e-02
  298 -1.198070e-02
  299 -1.208113e-02
  300 -1.217972e-02
  301 -1.227650e-02
  302 -1.237151e-02
  303 -1.246478e-02
  304 -1.255633e-02
  305 -1.264620e-02
  306 -1.273442e-02
  307 -1.282102e-02
  308 -1.290604e-02
  309 -1.298949e-02
  310 -1.307142e-02
  311 -1.315185e-02
  312 -1.323080e-02
  313 -1.330832e-02
  314 -1.338443e-02
  315 -1.345916e-02
  316 -1.353253e-02
  317 -1.360457e-02
  318 -1.367531e-02
  319 -1.374478e-02
  320 -1.381301e-02
  321 -1.388001e-02
  322 -1.394582e-02
  323 -1.401045e-02
  324 -1.407394e-02
  325 -1.413632e-02
  326 -1.419759e-02
  327 -1.425779e-02
  328 -1.431694e-02
  329 -1.437506e-02
  330 -1.443217e-02
  331 -1.448831e-02
  332 -1.454347e-02
  333 -1.459770e-02
  334 -1.465101e-02
  335 -1.470341e-02
  336 -1.475493e-02
  337 -1.480559e-02
  338 -1.485541e-02
  339 -1.490441e-02
  340 -1.495260e-02
  341 -1.500000e-02
  342 -1.504664e-02
  343 -1.509252e-02
  344 -1.513767e-02
  345 -1.518209e-02
  346 -1.522582e-02
  347 -1.526886e-02
  348 -1.531123e-02
  349 -1.535294e-02
  350 -1.539402e-02
  351 -1.543447e-02
  352 -1.547431e-02
  353 -1.551355e-02
  354 -1.555221e-02
  355 -1.559031e-02
  356 -1.562784e-02
  357 -1.566484e-02
  358 -1.570131e-02
  359 -1.573726e-02
  360 -1.577271e-02
  361 -1.580766e-02
  362 -1.584214e-02
  363 -1.587614e-02
  364 -1.590970e-02
  365 -1.594280e-02
  366 -1.597547e-02
  367 -1.600772e-02
  368 -1.603956e-02
  369 -1.607099e-02
  370 -1.610203e-02
  371 -1.613269e-02
  372 -1.616297e-02
  373 -1.619290e-02
  374 -1.622247e-02
  375 -1.625169e-02
  376 -1.628058e-02
  377 -1.630914e-02
  378 -1.633738e-02
  379 -1.636532e-02
  380 -1.639295e-02
  381 -1.642029e-02
  382 -1.644735e-02
  383 -1.647413e-02
  384 -1.650064e-02
  385 -1.652689e-02
  386 -1.655288e-02
  387 -1.657863e-02
  388 -1.660413e-02
  389 -1.662940e-02
  390 -1.665445e-02
  391 -1.698320e-02
  392 -1.723266e-02
  393 -1.746938e-02
  394 -1.769020e-02
  395 -1.789883e-02
  396 -1.809537e-02
  397 -1.828149e-02
  398 -1.845791e-02
  399 -1.862566e-02
  400 -1.878548e-02
  401 1.525525e-02
  402 7.267399e-03
  403 1.663990e-02
  404 1.599126e-02
  405 1.958858e-02
  406 2.062443e-02
  407 2.258212e-02
  408 2.379536e-02
  409 2.512911e-02
  410 2.618561e-02
  411 2.718764e-02
  412 2.804710e-02
  413 2.882712e-02
  414 2.951360e-02
  415 3.012866e-02
  416 3.067470e-02
  417 3.116232e-02
  418 3.159668e-02
  419 3.198442e-02
  420 3.233036e-02
  421 3.263930e-02
  422 3.291518e-02
  423 3.316166e-02
  424 3.338186e-02
  425 3.357862e-02
  426 3.375439e-02
  427 3.391138e-02
  428 3.405151e-02
  429 3.417651e-02
  430 3.428790e-02
  431 3.438701e-02
  432 3.447503e-02
  433 3.455304e-02
  434 3.462195e-02
  435 3.468260e-02
  436 3.473573e-02
  437 3.478200e-02
  438 3.482198e-02
  439 3.485619e-02
  440 3.488510e-02
  441 3.556350e-02
  442 3.590870e-02
  443 3.631644e-02
  444 3.664798e-02
  445 3.697964e-02
  446 3.727852e-02
  447 3.756458e-02
  448 3.783092e-02
  449 3.808349e-02
  450 3.832153e-02
  451 3.854732e-02
  452 3.876139e-02
  453 3.896496e-02
  454 3.915872e-02
  455 3.934349e-02
  456 3.951990e-02
  457 3.968857e-02
  458 3.985004e-02
  459 4.000479e-02
  460 4.015327e-02
  461 4.029589e-02
  462 4.043302e-02
  463 4.056501e-02
  464 4.069217e-02
  465 4.081478e-02
  466 4.093313e-02
  467 4.104745e-02
  468 4.115797e-02
  469 4.126491e-02
  470 4.136848e-02
  471 4.146885e-02
  472 4.156619e-02
  473 4.166067e-02
  474 4.175245e-02
  475 4.184165e-02
  476 4.192842e-02
  477 4.201287e-02
  478 4.209513e-02
  479 4.217530e-02
  480 4.225349e-02
  481 4.232978e-02
  482 4.240428e-02
  483 4.247706e-02
  484 4.254821e-02
  485 4.261780e-02
  486 4.268589e-02
  487 4.275257e-02
  488 4.281789e-02
  489 4.288191e-02
  490 4.294468e-02
  491 4.300627e-02
  492 4.306671e-02
  493 4.312607e-02
  494 4.318437e-02
  495 4.324167e-02
  496 4.329800e-02
  497 4.335341e-02
  498 4.340793e-02
  499 4.346159e-02
  500 4.351443e-02
  501 4.356647e-02
  502 4.361775e-02
  503 4.366830e-02
  504 4.371815e-02
  505 4.376731e-02
  506 4.381581e-02
  507 4.386369e-02
  508 4.391095e-02
  509 4.395762e-02
  510 4.400373e-02
  511 4.404928e-02
  512 4.409431e-02
  513 4.413883e-02
  514 4.418286e-02
  515 4.422640e-02
  516 4.426949e-02
  517 4.431214e-02
  518 4.435436e-02
  519 4.439616e-02
  520 4.443756e-02
  521 4.447858e-02
  522 4.451922e-02
  523 4.455950e-02
  524 4.459944e-02
  525 4.463903e-02
  526 4.467831e-02
  527 4.471727e-02
  528 4.475593e-02
  529 4.479430e-02
  530 4.483238e-02
  531 4.487020e-02
  532 4.490775e-02
  533 4.494506e-02
  534 4.498211e-02
  535 4.501894e-02
  536 4.505554e-02
  537 4.509193e-02
  538 4.512810e-02
  539 4.516408e-02
  540 4.519986e-02
  541 4.523546e-02
  542 4.527088e-02
  543 4.530614e-02
  544 4.534123e-02
  545 4.537616e-02
  546 4.541095e-02
  547 4.544559e-02
  548 4.548010e-02
  549 4.551448e-02
  550 4.554874e-02
  551 4.558288e-02
  552 4.561691e-02
  553 4.565083e-02
  554 4.568466e-02
  555 4.571839e-02
  556 4.575203e-02
  557 4.578559e-02
  558 4.581907e-02
  559 4.585248e-02
  560 4.588582e-02
  561 4.591910e-02
  562 4.595232e-02
  563 4.598548e-02
  564 4.601860e-02
  565 4.605167e-02
  566 4.608470e-02
  567 4.611770e-02
  568 4.615067e-02
  569 4.618360e-02
  570 4.621652e-02
  571 4.624941e-02
  572 4.628229e-02
  573 4.631516e-02
  574 4.634802e-02
  575 4.638088e-02
  576 4.641373e-02
  577 4.644659e-02
  578 4.647945e-02
  579 4.651232e-02
  580 4.654521e-02
  581 4.657811e-02
  582 4.661103e-02
  583 4.664397e-02
  584 4.667693e-02
  585 4.670993e-02
  586 4.674295e-02
  587 4.677601e-02
  588 4.680911e-02
  589 4.684225e-02
  590 4.687542e-02
  591 4.690864e-02
  592 4.694191e-02
  593 4.697523e-02
  594 4.700860e-02
  595 4.704203e-02
  596 4.707551e-02
  597 4.710905e-02
  598 4.714265e-02
  599 4.717632e-02
  600 4.721005e-02
  601 1.070823e-01
  602 9.339322e-02
  603 1.100745e-01
  604 1.092094e-01
  605 1.157663e-01
  606 1.178329e-01
  607 1.215058e-01
  608 1.238694e-01
  609 1.264382e-01
  610 1.285166e-01
  611 1.304947e-01
  612 1.322190e-01
  613 1.338003e-01
  614 1.352142e-01
  615 1.364998e-01
  616 1.376615e-01
  617 1.387182e-01
  618 1.396791e-01
  619 1.405561e-01
  620 1.413578e-01
  621 1.420926e-01
  622 1.427678e-01
  623 1.433899e-01
  624 1.439644e-01
  625 1.444963e-01
  626 1.449903e-01
  627 1.454501e-01
  628 1.458792e-01
  629 1.462808e-01
  630 1.466575e-01
  631 1.470118e-01
  632 1.473458e-01
  633 1.476615e-01
  634 1.479604e-01
  635 1.482441e-01
  636 1.485140e-01
  637 1.487712e-01
  638 1.490168e-01
  639 1.492517e-01
  640 1.494767e-01
  641 1.496926e-01
  642 1.499001e-01
  643 1.500997e-01
  644 1.502921e-01
  645 1.504775e-01
  646 1.506566e-01
  647 1.508297e-01
  648 1.509971e-01
  649 1.511592e-01
  650 1.513162e-01
  651 1.514684e-01
  652 1.516160e-01
  653 1.517592e-01
  654 1.518983e-01
  655 1.520334e-01
  656 1.521647e-01
  657 1.522923e-01
  658 1.524163e-01
  659 1.525370e-01
  660 1.526544e-01
  661 1.538592e-01
  662 1.545132e-01
  663 1.552755e-01
  664 1.559143e-01
  665 1.565567e-01
  666 1.571473e-01
  667 1.577193e-01
  668 1.582609e-01
  669 1.587817e-01
  670 1.592803e-01
  671 1.597603e-01
  672 1.602226e-01
  673 1.606689e-01
  674 1.611002e-01
  675 1.615180e-01
  676 1.619230e-01
  677 1.623163e-01
  678 1.626986e-01
  679 1.630708e-01
  680 1.634334e-01
  681 1.637872e-01
  682 1.641326e-01
  683 1.644703e-01
  684 1.648006e-01
  685 1.651241e-01
  686 1.654412e-01
  687 1.657522e-01
  688 1.660574e-01
  689 1.663573e-01
  690 1.666521e-01
  691 1.669422e-01
  692 1.672277e-01
  693 1.675090e-01
  694 1.677862e-01
  695 1.680596e-01
  696 1.683294e-01
  697 1.685957e-01
  698 1.688589e-01
  699 1.691189e-01
  700 1.693761e-01
  701 1.696305e-01
  702 1.698823e-01
  703 1.701315e-01
  704 1.703785e-01
  705 1.706231e-01
  706 1.708656e-01
  707 1.711061e-01
  708 1.713446e-01
  709 1.715813e-01
  710 1.718161e-01
  711 1.720493e-01
  712 1.722809e-01
  713 1.725110e-01
  714 1.727395e-01
  715 1.729667e-01
  716 1.731925e-01
  717 1.734170e-01
  718 1.736402e-01
  719 1.738623e-01
  720 1.740833e-01
  721 1.743031e-01
  722 1.745219e-01
  723 1.747397e-01
  724 1.749565e-01
  725 1.751723e-01
  726 1.753873e-01
  727 1.756014e-01
  728 1.758147e-01
  729 1.760272e-01
  730 1.762389e-01
  731 1.764499e-01
  732 1.766601e-01
  733 1.768697e-01
  734 1.770786e-01
  735 1.772868e-01
  736 1.774944e-01
  737 1.777015e-01
  738 1.779079e-01
  739 1.781138e-01
  740 1.783192e-01
  741 1.785241e-01
  742 1.787284e-01
  743 1.789323e-01
  744 1.791357e-01
  745 1.793386e-01
  746 1.795411e-01
  747 1.797432e-01
  748 1.799449e-01
  749 1.801462e-01
  750 1.803472e-01
  751 1.805477e-01
  752 1.807479e-01
  753 1.809478e-01
  754 1.811474e-01
  755 1.813466e-01
  756 1.815455e-01
  757 1.817442e-01
  758 1.819425e-01
  759 1.821406e-01
  760 1.823385e-01
  761 1.825361e-01
  762 1.827334e-01
  763 1.829305e-01
  764 1.831274e-01
  765 1.833241e-01
  766 1.835206e-01
  767 1.837169e-01
  768 1.839130e-01
  769 1.841090e-01
  770 1.843047e-01
  771 1.845003e-01
  772 1.846958e-01
  773 1.848911e-01
  774 1.850862e-01
  775 1.852813e-01
  776 1.854762e-01
  777 1.856710e-01
  778 1.858656e-01
  779 1.860602e-01
  780 1.862547e-01
  781 1.864491e-01
  782 1.866434e-01
  783 1.868376e-01
  784 1.870317e-01
  785 1.872258e-01
  786 1.874198e-01
  787 1.876138e-01
  788 1.878077e-01
  789 1.880015e-01
  790 1.881954e-01
  791 1.883891e-01
  792 1.885829e-01
  793 1.887766e-01
  794 1.889703e-01
  795 1.891640e-01
  796 1.893577e-01
  797 1.895514e-01
  798 1.897450e-01
  799 1.899387e-01
  800 1.901324e-01
