    1     0
    2     0
    3     0
    4     0
    5     0
    6     0
    7     0
    8     0
    9     0
   10     0
   11     0
   12     0
   13 1.265859e-01
   14 1.932509e-01
   15 2.467333e-01
   16 2.878255e-01
   17 3.200421e-01
   18 3.455027e-01
   19 3.659040e-01
   20 3.824925e-01
   21 3.962079e-01
   22 4.077532e-01
   23 4.176560e-01
   24 4.263119e-01
   25 4.340182e-01
   26 4.409980e-01
   27 4.474188e-01
   28 4.534068e-01
   29 4.590568e-01
   30 4.644402e-01
   31 4.696109e-01
   32 4.746096e-01
   33 4.794668e-01
   34 4.842058e-01
   35 4.888443e-01
   36 4.933955e-01
   37 4.978696e-01
   38 5.022745e-01
   39 5.066161e-01
   40 5.108990e-01
   41 5.151269e-01
   42 5.193025e-01
   43 5.234280e-01
   44 5.275053e-01
   45 5.315357e-01
   46 5.355206e-01
   47 5.394608e-01
   48 5.433573e-01
   49 5.472108e-01
   50 5.510219e-01
   51 5.547914e-01
   52 5.585196e-01
   53 5.622072e-01
   54 5.658546e-01
   55 5.694623e-01
   56 5.730307e-01
   57 5.765603e-01
   58 5.800515e-01
   59 5.835047e-01
   60 5.869203e-01
   61 5.902988e-01
   62 5.936404e-01
   63 5.969456e-01
   64 6.002148e-01
   65 6.034483e-01
   66 6.066466e-01
   67 6.098100e-01
   68 6.129389e-01
   69 6.160336e-01
   70 6.190945e-01
   71 6.221220e-01
   72 6.251164e-01
   73 6.280780e-01
   74 6.310073e-01
   75 6.339046e-01
   76 6.367702e-01
   77 6.396045e-01
   78 6.424078e-01
   79 6.451803e-01
   80 6.479226e-01
   81 6.506348e-01
   82 6.533174e-01
   83 6.559706e-01
   84 6.585947e-01
   85 6.611902e-01
   86 6.637572e-01
   87 6.662961e-01
   88 6.688072e-01
   89 6.712908e-01
   90 6.737472e-01
   91 6.761767e-01
   92 6.785796e-01
   93 6.809561e-01
   94 6.833067e-01
   95 6.856314e-01
   96 6.879308e-01
   97 6.902049e-01
   98 6.924541e-01
   99 6.946787e-01
  100 6.968789e-01
  101 6.990550e-01
  102 7.012073e-01
  103 7.033360e-01
  104 7.054414e-01
  105 7.075237e-01
  106 7.095832e-01
  107 7.116201e-01
  108 7.136348e-01
  109 7.156273e-01
  110 7.175980e-01
  111 7.195472e-01
  112 7.214750e-01
  113 7.233816e-01
  114 7.252674e-01
  115 7.271326e-01
  116 7.289773e-01
  117 7.308018e-01
  118 7.326063e-01
  119 7.343910e-01
  120 7.361562e-01
  121 7.379021e-01
  122 7.396288e-01
  123 7.413367e-01
  124 7.430258e-01
  125 7.446964e-01
  126 7.463488e-01
  127 7.479830e-01
  128 7.495993e-01
  129 7.511980e-01
  130 7.527791e-01
  131 7.577314e-01
  132 7.613812e-01
  133 7.643025e-01
  134 7.667042e-01
  135 7.687438e-01
  136 7.705315e-01
  137 7.721450e-01
  138 7.736384e-01
  139 7.750490e-01
  140 7.764025e-01
  141 7.777162e-01
  142 7.790017e-01
  143 7.802667e-01
  144 7.815158e-01
  145 7.827520e-01
  146 7.839772e-01
  147 7.851922e-01
  148 7.863973e-01
  149 7.875927e-01
  150 7.887783e-01
  151 7.899539e-01
  152 7.911192e-01
  153 7.922740e-01
  154 7.934182e-01
  155 7.945515e-01
  156 7.956737e-01
  157 7.967849e-01
  158 7.978848e-01
  159 7.989735e-01
  160 8.000510e-01
  161 8.011172e-01
  162 8.021721e-01
  163 8.032159e-01
  164 8.042486e-01
  165 8.052702e-01
  166 8.062808e-01
  167 8.072805e-01
  168 8.082694e-01
  169 8.092475e-01
  170 8.102151e-01
  171 8.111721e-01
  172 8.121188e-01
  173 8.130551e-01
  174 8.139812e-01
  175 8.148972e-01
  176 8.158033e-01
  177 8.166994e-01
  178 8.175858e-01
  179 8.184624e-01
  180 8.193295e-01
  181 8.201872e-01
  182 8.210355e-01
  183 8.218744e-01
  184 8.227043e-01
  185 8.235250e-01
  186 8.243368e-01
  187 8.251398e-01
  188 8.259339e-01
  189 8.267194e-01
  190 8.274963e-01
  191 8.282647e-01
  192 8.290246e-01
  193 8.297763e-01
  194 8.305198e-01
  195 8.312551e-01
  196 8.319824e-01
  197 8.327018e-01
  198 8.334133e-01
  199 8.341170e-01
  200 8.348130e-01
  201 6.958957e-01
  202 6.194407e-01
  203 5.596592e-01
  204 5.138208e-01
  205 4.782344e-01
  206 4.503535e-01
  207 4.282350e-01
  208 4.104371e-01
  209 3.958811e-01
  210 3.837612e-01
  211 3.734753e-01
  212 3.645736e-01
  213 3.567194e-01
  214 3.496611e-01
  215 3.432105e-01
  216 3.372266e-01
  217 3.316040e-01
  218 3.262636e-01
  219 3.211462e-01
  220 3.162075e-01
  221 3.041986e-01
  222 3.006157e-01
  223 2.952698e-01
  224 2.905739e-01
  225 2.859337e-01
  226 2.814455e-01
  227 2.770607e-01
  228 2.727699e-01
  229 2.685598e-01
  230 2.644221e-01
  231 2.603497e-01
  232 2.563376e-01
  233 2.523817e-01
  234 2.484788e-01
  235 2.446264e-01
  236 2.408224e-01
  237 2.370651e-01
  238 2.333531e-01
  239 2.296851e-01
  240 2.260601e-01
  241 2.224771e-01
  242 2.189353e-01
  243 2.154340e-01
  244 2.119723e-01
  245 2.085497e-01
  246 2.051656e-01
  247 2.018193e-01
  248 1.985104e-01
  249 1.952383e-01
  250 1.920026e-01
  251 1.888027e-01
  252 1.856382e-01
  253 1.825086e-01
  254 1.794135e-01
  255 1.763526e-01
  256 1.733253e-01
  257 1.703314e-01
  258 1.673703e-01
  259 1.644418e-01
  260 1.615454e-01
  261 1.600363e-01
  262 1.580444e-01
  263 1.557989e-01
  264 1.533831e-01
  265 1.508594e-01
  266 1.482717e-01
  267 1.456504e-01
  268 1.430169e-01
  269 1.403857e-01
  270 1.377667e-01
  271 1.351665e-01
  272 1.325892e-01
  273 1.300376e-01
  274 1.275133e-01
  275 1.250169e-01
  276 1.225489e-01
  277 1.201093e-01
  278 1.176978e-01
  279 1.153142e-01
  280 1.129580e-01
  281 1.106289e-01
  282 1.083264e-01
  283 1.060501e-01
  284 1.037996e-01
  285 1.015744e-01
  286 9.937426e-02
  287 9.719871e-02
  288 9.504745e-02
  289 9.292013e-02
  290 9.081644e-02
  291 8.873607e-02
  292 8.667873e-02
  293 8.464413e-02
  294 8.263199e-02
  295 8.064206e-02
  296 7.867406e-02
  297 7.672774e-02
  298 7.480286e-02
  299 7.289916e-02
  300 7.101642e-02
  301 6.915438e-02
  302 6.731283e-02
  303 6.549153e-02
  304 6.369024e-02
  305 6.190877e-02
  306 6.014687e-02
  307 5.840433e-02
  308 5.668095e-02
  309 5.497651e-02
  310 5.329079e-02
  311 5.162359e-02
  312 4.997471e-02
  313 4.834395e-02
  314 4.673110e-02
  315 4.513597e-02
  316 4.355835e-02
  317 4.199807e-02
  318 4.045492e-02
  319 3.892872e-02
  320 3.741928e-02
  321 3.592642e-02
  322 3.444995e-02
  323 3.298969e-02
  324 3.154546e-02
  325 3.011709e-02
  326 2.870440e-02
  327 2.730722e-02
  328 2.592538e-02
  329 2.455870e-02
  330 2.320703e-02
  331 2.187019e-02
  332 2.054802e-02
  333 1.924037e-02
  334 1.794706e-02
  335 1.666795e-02
  336 1.540287e-02
  337 1.415167e-02
  338 1.291420e-02
  339 1.169030e-02
  340 1.047984e-02
  341 9.282647e-03
  342 8.098591e-03
  343 6.927523e-03
  344 5.769299e-03
  345 4.623779e-03
  346 3.490821e-03
  347 2.370289e-03
  348 1.262045e-03
  349 1.659535e-04
  350 -9.181190e-04
  351 -1.990305e-03
  352 -3.050735e-03
  353 -4.099539e-03
  354 -5.136844e-03
  355 -6.162778e-03
  356 -7.177465e-03
  357 -8.181029e-03
  358 -9.173593e-03
  359 -1.015528e-02
  360 -1.112620e-02
  361 -1.208648e-02
  362 -1.303624e-02
  363 -1.397559e-02
  364 -1.490465e-02
  365 -1.582352e-02
  366 -1.673233e-02
  367 -1.763118e-02
  368 -1.852018e-02
  369 -1.939943e-02
  370 -2.026906e-02
  371 -2.112916e-02
  372 -2.197983e-02
  373 -2.282118e-02
  374 -2.365332e-02
  375 -2.447634e-02
  376 -2.529035e-02
  377 -2.609544e-02
  378 -2.689171e-02
  379 -2.767926e-02
  380 -2.845818e-02
  381 -2.922858e-02
  382 -2.999053e-02
  383 -3.074414e-02
  384 -3.148950e-02
  385 -3.222669e-02
  386 -3.295581e-02
  387 -3.367695e-02
  388 -3.439019e-02
  389 -3.509562e-02
  390 -3.579333e-02
  391 -3.987189e-02
  392 -4.265752e-02
  393 -4.472404e-02
  394 -4.628034e-02
  395 -4.748383e-02
  396 -4.844463e-02
  397 -4.924025e-02
  398 -4.992467e-02
  399 -5.053519e-02
  400 -5.109736e-02
  401 4.213846e-03
  402 3.455676e-02
  403 5.823943e-02
  404 7.634937e-02
  405 9.036009e-02
  406 1.012887e-01
  407 1.099116e-01
  408 1.168051e-01
  409 1.224010e-01
  410 1.270216e-01
  411 1.309082e-01
  412 1.342410e-01
  413 1.371549e-01
  414 1.397511e-01
  415 1.421050e-01
  416 1.442734e-01
  417 1.462985e-01
  418 1.482122e-01
  419 1.500383e-01
  420 1.517948e-01
  421 1.534950e-01
  422 1.551490e-01
  423 1.567645e-01
  424 1.583472e-01
  425 1.599014e-01
  426 1.614303e-01
  427 1.629364e-01
  428 1.644218e-01
  429 1.658877e-01
  430 1.673353e-01
  431 1.687655e-01
  432 1.701789e-01
  433 1.715762e-01
  434 1.729578e-01
  435 1.743239e-01
  436 1.756750e-01
  437 1.770113e-01
  438 1.783330e-01
  439 1.796404e-01
  440 1.809335e-01
  441 1.865419e-01
  442 1.871531e-01
  443 1.888691e-01
  444 1.902339e-01
  445 1.915978e-01
  446 1.928981e-01
  447 1.941606e-01
  448 1.953883e-01
  449 1.965869e-01
  450 1.977600e-01
  451 1.989105e-01
  452 2.000406e-01
  453 2.011522e-01
  454 2.022464e-01
  455 2.033243e-01
  456 2.043870e-01
  457 2.054350e-01
  458 2.064690e-01
  459 2.074896e-01
  460 2.084971e-01
  461 2.094920e-01
  462 2.104747e-01
  463 2.114453e-01
  464 2.124043e-01
  465 2.133519e-01
  466 2.142884e-01
  467 2.152139e-01
  468 2.161286e-01
  469 2.170328e-01
  470 2.179267e-01
  471 2.188103e-01
  472 2.196840e-01
  473 2.205477e-01
  474 2.214017e-01
  475 2.222461e-01
  476 2.230811e-01
  477 2.239067e-01
  478 2.247232e-01
  479 2.255305e-01
  480 2.263288e-01
  481 2.271183e-01
  482 2.278991e-01
  483 2.286712e-01
  484 2.294347e-01
  485 2.301898e-01
  486 2.309365e-01
  487 2.316750e-01
  488 2.324053e-01
  489 2.331275e-01
  490 2.338418e-01
  491 2.345482e-01
  492 2.352468e-01
  493 2.359376e-01
  494 2.366208e-01
  495 2.372965e-01
  496 2.379648e-01
  497 2.386256e-01
  498 2.392791e-01
  499 2.399255e-01
  500 2.405646e-01
  501 2.411968e-01
  502 2.418219e-01
  503 2.424401e-01
  504 2.430515e-01
  505 2.436562e-01
  506 2.442541e-01
  507 2.448455e-01
  508 2.454303e-01
  509 2.460086e-01
  510 2.465806e-01
  511 2.471462e-01
  512 2.477056e-01
  513 2.482588e-01
  514 2.488059e-01
  515 2.493469e-01
  516 2.498819e-01
  517 2.504111e-01
  518 2.509344e-01
  519 2.514518e-01
  520 2.519636e-01
  521 2.524697e-01
  522 2.529703e-01
  523 2.534652e-01
  524 2.539548e-01
  525 2.544389e-01
  526 2.549176e-01
  527 2.553911e-01
  528 2.558593e-01
  529 2.563223e-01
  530 2.567803e-01
  531 2.572331e-01
  532 2.576810e-01
  533 2.581239e-01
  534 2.585620e-01
  535 2.589952e-01
  536 2.594236e-01
  537 2.598472e-01
  538 2.602662e-01
  539 2.606806e-01
  540 2.610904e-01
  541 2.614957e-01
  542 2.618965e-01
  543 2.622928e-01
  544 2.626848e-01
  545 2.630725e-01
  546 2.634559e-01
  547 2.638351e-01
  548 2.642101e-01
  549 2.645809e-01
  550 2.649477e-01
  551 2.653104e-01
  552 2.656691e-01
  553 2.660238e-01
  554 2.663747e-01
  555 2.667217e-01
  556 2.670648e-01
  557 2.674042e-01
  558 2.677398e-01
  559 2.680718e-01
  560 2.684000e-01
  561 2.687247e-01
  562 2.690458e-01
  563 2.693633e-01
  564 2.696774e-01
  565 2.699880e-01
  566 2.702952e-01
  567 2.705989e-01
  568 2.708994e-01
  569 2.711965e-01
  570 2.714904e-01
  571 2.717810e-01
  572 2.720685e-01
  573 2.723528e-01
  574 2.726339e-01
  575 2.729120e-01
  576 2.731870e-01
  577 2.734589e-01
  578 2.737279e-01
  579 2.739939e-01
  580 2.742570e-01
  581 2.745172e-01
  582 2.747746e-01
  583 2.750291e-01
  584 2.752808e-01
  585 2.755298e-01
  586 2.757760e-01
  587 2.760195e-01
  588 2.762603e-01
  589 2.764985e-01
  590 2.767341e-01
  591 2.769671e-01
  592 2.771975e-01
  593 2.774254e-01
  594 2.776508e-01
  595 2.778737e-01
  596 2.780941e-01
  597 2.783122e-01
  598 2.785278e-01
  599 2.787411e-01
  600 2.789521e-01
  601 3.768847e-01
  602 4.310861e-01
  603 4.736086e-01
  604 5.063637e-01
  605 5.319349e-01
  606 5.521051e-01
  607 5.682344e-01
  608 5.813322e-01
  609 5.921538e-01
  610 6.012631e-01
  611 6.090817e-01
  612 6.159247e-01
  613 6.220278e-01
  614 6.275670e-01
  615 6.326744e-01
  616 6.374485e-01
  617 6.419634e-01
  618 6.462743e-01
  619 6.504229e-01
  620 6.544402e-01
  621 6.583497e-01
  622 6.621690e-01
  623 6.659114e-01
  624 6.695867e-01
  625 6.732027e-01
  626 6.767650e-01
  627 6.802781e-01
  628 6.837453e-01
  629 6.871693e-01
  630 6.905520e-01
  631 6.938950e-01
  632 6.971997e-01
  633 7.004670e-01
  634 7.036979e-01
  635 7.068931e-01
  636 7.100531e-01
  637 7.131785e-01
  638 7.162699e-01
  639 7.193276e-01
  640 7.223521e-01
  641 7.253438e-01
  642 7.283030e-01
  643 7.312302e-01
  644 7.341256e-01
  645 7.369895e-01
  646 7.398225e-01
  647 7.426246e-01
  648 7.453964e-01
  649 7.481380e-01
  650 7.508499e-01
  651 7.535323e-01
  652 7.561855e-01
  653 7.588098e-01
  654 7.614056e-01
  655 7.639732e-01
  656 7.665127e-01
  657 7.690247e-01
  658 7.715092e-01
  659 7.739667e-01
  660 7.763974e-01
  661 7.860170e-01
  662 7.873047e-01
  663 7.904308e-01
  664 7.929685e-01
  665 7.955015e-01
  666 7.979256e-01
  667 8.002838e-01
  668 8.025808e-01
  669 8.048266e-01
  670 8.070270e-01
  671 8.091870e-01
  672 8.113103e-01
  673 8.133997e-01
  674 8.154577e-01
  675 8.174859e-01
  676 8.194860e-01
  677 8.214591e-01
  678 8.234064e-01
  679 8.253287e-01
  680 8.272268e-01
  681 8.291014e-01
  682 8.309532e-01
  683 8.327826e-01
  684 8.345902e-01
  685 8.363765e-01
  686 8.381419e-01
  687 8.398868e-01
  688 8.416116e-01
  689 8.433165e-01
  690 8.450021e-01
  691 8.466684e-01
  692 8.483159e-01
  693 8.499449e-01
  694 8.515555e-01
  695 8.531481e-01
  696 8.547229e-01
  697 8.562801e-01
  698 8.578199e-01
  699 8.593427e-01
  700 8.608485e-01
  701 8.623377e-01
  702 8.638103e-01
  703 8.652667e-01
  704 8.667069e-01
  705 8.681312e-01
  706 8.695398e-01
  707 8.709329e-01
  708 8.723105e-01
  709 8.736729e-01
  710 8.750203e-01
  711 8.763529e-01
  712 8.776707e-01
  713 8.789740e-01
  714 8.802629e-01
  715 8.815376e-01
  716 8.827982e-01
  717 8.840449e-01
  718 8.852779e-01
  719 8.864973e-01
  720 8.877032e-01
  721 8.888958e-01
  722 8.900752e-01
  723 8.912416e-01
  724 8.923951e-01
  725 8.935359e-01
  726 8.946642e-01
  727 8.957799e-01
  728 8.968833e-01
  729 8.979746e-01
  730 8.990538e-01
  731 9.001211e-01
  732 9.011766e-01
  733 9.022204e-01
  734 9.032528e-01
  735 9.042737e-01
  736 9.052833e-01
  737 9.062818e-01
  738 9.072693e-01
  739 9.082459e-01
  740 9.092116e-01
  741 9.101668e-01
  742 9.111113e-01
  743 9.120455e-01
  744 9.129693e-01
  745 9.138829e-01
  746 9.147865e-01
  747 9.156800e-01
  748 9.165637e-01
  749 9.174377e-01
  750 9.183020e-01
  751 9.191568e-01
  752 9.200021e-01
  753 9.208381e-01
  754 9.216649e-01
  755 9.224825e-01
  756 9.232911e-01
  757 9.240909e-01
  758 9.248818e-01
  759 9.256639e-01
  760 9.264375e-01
  761 9.272025e-01
  762 9.279590e-01
  763 9.287073e-01
  764 9.294473e-01
  765 9.301791e-01
  766 9.309029e-01
  767 9.316186e-01
  768 9.323265e-01
  769 9.330266e-01
  770 9.337190e-01
  771 9.344038e-01
  772 9.350810e-01
  773 9.357507e-01
  774 9.364131e-01
  775 9.370682e-01
  776 9.377160e-01
  777 9.383568e-01
  778 9.389904e-01
  779 9.396171e-01
  780 9.402369e-01
  781 9.408499e-01
  782 9.414562e-01
  783 9.420557e-01
  784 9.426487e-01
  785 9.432351e-01
  786 9.438151e-01
  787 9.443887e-01
  788 9.449560e-01
  789 9.455171e-01
  790 9.460720e-01
  791 9.466208e-01
  792 9.471635e-01
  793 9.477003e-01
  794 9.482312e-01
  795 9.487562e-01
  796 9.492755e-01
  797 9.497891e-01
  798 9.502970e-01
  799 9.507993e-01
  800 9.512961e-01
