    1     0
    2     0
    3     0
    4     0
    5     0
    6     0
    7     0
    8     0
    9     0
   10     0
   11     0
   12     0
   13 -3.338653e-01
   14 -2.149143e-02
   15 -1.905906e-01
   16 3.056546e-03
   17 -7.693255e-02
   18 4.792444e-02
   19 1.375662e-02
   20 9.600700e-02
   21 8.527003e-02
   22 1.404654e-01
   23 1.410144e-01
   24 1.786609e-01
   25 1.839969e-01
   26 2.100145e-01
   27 2.167850e-01
   28 2.349388e-01
   29 2.415251e-01
   30 2.542657e-01
   31 2.599833e-01
   32 2.689437e-01
   33 2.735926e-01
   34 2.798860e-01
   35 2.835014e-01
   36 2.879014e-01
   37 2.906191e-01
   38 2.936723e-01
   39 2.956576e-01
   40 2.977546e-01
   41 2.991679e-01
   42 3.005895e-01
   43 3.015712e-01
   44 3.025204e-01
   45 3.031859e-01
   46 3.038087e-01
   47 3.042492e-01
   48 3.046506e-01
   49 3.049357e-01
   50 3.051900e-01
   51 3.053713e-01
   52 3.055308e-01
   53 3.056456e-01
   54 3.057464e-01
   55 3.058207e-01
   56 3.058870e-01
   57 3.059385e-01
   58 3.059861e-01
   59 3.060262e-01
   60 3.060650e-01
   61 3.061006e-01
   62 3.061365e-01
   63 3.061714e-01
   64 3.062073e-01
   65 3.062433e-01
   66 3.062804e-01
   67 3.063179e-01
   68 3.063562e-01
   69 3.063947e-01
   70 3.064336e-01
   71 3.064724e-01
   72 3.065111e-01
   73 3.065491e-01
   74 3.065864e-01
   75 3.066226e-01
   76 3.066577e-01
   77 3.066912e-01
   78 3.067230e-01
   79 3.067530e-01
   80 3.067810e-01
   81 3.068069e-01
   82 3.068305e-01
   83 3.068517e-01
   84 3.068706e-01
   85 3.068869e-01
   86 3.069007e-01
   87 3.069120e-01
   88 3.069207e-01
   89 3.069268e-01
   90 3.069304e-01
   91 3.069315e-01
   92 3.069301e-01
   93 3.069263e-01
   94 3.069200e-01
   95 3.069115e-01
   96 3.069007e-01
   97 3.068876e-01
   98 3.068724e-01
   99 3.068552e-01
  100 3.068359e-01
  101 3.068148e-01
  102 3.067917e-01
  103 3.067669e-01
  104 3.067404e-01
  105 3.067123e-01
  106 3.066826e-01
  107 3.066514e-01
  108 3.066188e-01
  109 3.065849e-01
  110 3.065498e-01
  111 3.065134e-01
  112 3.064759e-01
  113 3.064373e-01
  114 3.063977e-01
  115 3.063571e-01
  116 3.063157e-01
  117 3.062734e-01
  118 3.062304e-01
  119 3.061866e-01
  120 3.061422e-01
  121 3.060971e-01
  122 3.060514e-01
  123 3.060052e-01
  124 3.059585e-01
  125 3.059114e-01
  126 3.058639e-01
  127 3.058159e-01
  128 3.057677e-01
  129 3.057191e-01
  130 3.056703e-01
  131 7.804047e-01
  132 3.807629e-01
  133 6.498122e-01
  134 4.088726e-01
  135 5.535040e-01
  136 4.063356e-01
  137 4.825392e-01
  138 3.916292e-01
  139 4.304092e-01
  140 3.736389e-01
  141 3.923252e-01
  142 3.565150e-01
  143 3.647180e-01
  144 3.419388e-01
  145 3.449088e-01
  146 3.303348e-01
  147 3.308765e-01
  148 3.215317e-01
  149 3.210935e-01
  150 3.151157e-01
  151 3.144062e-01
  152 3.106127e-01
  153 3.099465e-01
  154 3.075753e-01
  155 3.070656e-01
  156 3.056192e-01
  157 3.052821e-01
  158 3.044326e-01
  159 3.042430e-01
  160 3.037726e-01
  161 3.036924e-01
  162 3.034563e-01
  163 3.034480e-01
  164 3.033502e-01
  165 3.033823e-01
  166 3.033599e-01
  167 3.034085e-01
  168 3.034210e-01
  169 3.034694e-01
  170 3.034917e-01
  171 3.035292e-01
  172 3.035463e-01
  173 3.035669e-01
  174 3.035709e-01
  175 3.035722e-01
  176 3.035595e-01
  177 3.035413e-01
  178 3.035113e-01
  179 3.034749e-01
  180 3.034289e-01
  181 3.033765e-01
  182 3.033164e-01
  183 3.032508e-01
  184 3.031791e-01
  185 3.031029e-01
  186 3.030223e-01
  187 3.029382e-01
  188 3.028511e-01
  189 3.027616e-01
  190 3.026701e-01
  191 3.025774e-01
  192 3.024836e-01
  193 3.023893e-01
  194 3.022949e-01
  195 3.022006e-01
  196 3.021068e-01
  197 3.020138e-01
  198 3.019217e-01
  199 3.018308e-01
  200 3.017413e-01
  201 2.617377e-01
  202 3.331972e-01
  203 2.701179e-01
  204 3.188291e-01
  205 2.778831e-01
  206 3.050827e-01
  207 2.799287e-01
  208 2.944512e-01
  209 2.788668e-01
  210 2.862974e-01
  211 2.764821e-01
  212 2.800460e-01
  213 2.737687e-01
  214 2.753002e-01
  215 2.712456e-01
  216 2.717738e-01
  217 2.691551e-01
  218 2.692453e-01
  219 2.675815e-01
  220 2.675335e-01
  221 9.153224e-02
  222 1.295408e-01
  223 5.681208e-02
  224 6.239894e-02
  225 1.564621e-02
  226 1.196816e-02
  227 -2.055656e-02
  228 -2.787118e-02
  229 -5.125597e-02
  230 -5.965208e-02
  231 -7.688623e-02
  232 -8.509584e-02
  233 -9.805392e-02
  234 -1.054964e-01
  235 -1.153954e-01
  236 -1.218621e-01
  237 -1.295189e-01
  238 -1.349948e-01
  239 -1.409764e-01
  240 -1.455397e-01
  241 -1.502516e-01
  242 -1.540186e-01
  243 -1.577584e-01
  244 -1.608533e-01
  245 -1.638440e-01
  246 -1.663844e-01
  247 -1.687953e-01
  248 -1.708852e-01
  249 -1.728462e-01
  250 -1.745743e-01
  251 -1.761856e-01
  252 -1.776250e-01
  253 -1.789639e-01
  254 -1.801743e-01
  255 -1.813005e-01
  256 -1.823293e-01
  257 -1.832889e-01
  258 -1.841737e-01
  259 -1.850020e-01
  260 -1.857722e-01
  261 3.417115e-03
  262 -1.570982e-01
  263 -5.009926e-02
  264 -1.470592e-01
  265 -8.975956e-02
  266 -1.491501e-01
  267 -1.191657e-01
  268 -1.560021e-01
  269 -1.409404e-01
  270 -1.640781e-01
  271 -1.570143e-01
  272 -1.717311e-01
  273 -1.688262e-01
  274 -1.782985e-01
  275 -1.774565e-01
  276 -1.836182e-01
  277 -1.837205e-01
  278 -1.877648e-01
  279 -1.882346e-01
  280 -1.909088e-01
  281 -1.914647e-01
  282 -1.932437e-01
  283 -1.937617e-01
  284 -1.949519e-01
  285 -1.953881e-01
  286 -1.961898e-01
  287 -1.965391e-01
  288 -1.970848e-01
  289 -1.973584e-01
  290 -1.977363e-01
  291 -1.979504e-01
  292 -1.982194e-01
  293 -1.983900e-01
  294 -1.985894e-01
  295 -1.987301e-01
  296 -1.988860e-01
  297 -1.990072e-01
  298 -1.991366e-01
  299 -1.992457e-01
  300 -1.993595e-01
  301 -1.994616e-01
  302 -1.995664e-01
  303 -1.996646e-01
  304 -1.997644e-01
  305 -1.998604e-01
  306 -1.999573e-01
  307 -2.000518e-01
  308 -2.001467e-01
  309 -2.002398e-01
  310 -2.003327e-01
  311 -2.004241e-01
  312 -2.005149e-01
  313 -2.006041e-01
  314 -2.006923e-01
  315 -2.007787e-01
  316 -2.008637e-01
  317 -2.009469e-01
  318 -2.010282e-01
  319 -2.011075e-01
  320 -2.011848e-01
  321 -2.012598e-01
  322 -2.013326e-01
  323 -2.014031e-01
  324 -2.014712e-01
  325 -2.015369e-01
  326 -2.016001e-01
  327 -2.016609e-01
  328 -2.017192e-01
  329 -2.017750e-01
  330 -2.018284e-01
  331 -2.018793e-01
  332 -2.019277e-01
  333 -2.019738e-01
  334 -2.020175e-01
  335 -2.020589e-01
  336 -2.020980e-01
  337 -2.021349e-01
  338 -2.021695e-01
  339 -2.022021e-01
  340 -2.022325e-01
  341 -2.022609e-01
  342 -2.022874e-01
  343 -2.023119e-01
  344 -2.023346e-01
  345 -2.023555e-01
  346 -2.023746e-01
  347 -2.023920e-01
  348 -2.024078e-01
  349 -2.024221e-01
  350 -2.024348e-01
  351 -2.024460e-01
  352 -2.024559e-01
  353 -2.024644e-01
  354 -2.024715e-01
  355 -2.024774e-01
  356 -2.024821e-01
  357 -2.024857e-01
  358 -2.024881e-01
  359 -2.024895e-01
  360 -2.024898e-01
  361 -2.024891e-01
  362 -2.024875e-01
  363 -2.024850e-01
  364 -2.024817e-01
  365 -2.024775e-01
  366 -2.024725e-01
  367 -2.024667e-01
  368 -2.024603e-01
  369 -2.024531e-01
  370 -2.024453e-01
  371 -2.024369e-01
  372 -2.024278e-01
  373 -2.024182e-01
  374 -2.024081e-01
  375 -2.023974e-01
  376 -2.023862e-01
  377 -2.023746e-01
  378 -2.023626e-01
  379 -2.023501e-01
  380 -2.023372e-01
  381 -2.023240e-01
  382 -2.023104e-01
  383 -2.022964e-01
  384 -2.022822e-01
  385 -2.022676e-01
  386 -2.022528e-01
  387 -2.022377e-01
  388 -2.022224e-01
  389 -2.022068e-01
  390 -2.021911e-01
  391 -6.769585e-01
  392 -2.773498e-01
  393 -5.464322e-01
  394 -3.055257e-01
  395 -4.501902e-01
  396 -3.030548e-01
  397 -3.792914e-01
  398 -2.884143e-01
  399 -3.272271e-01
  400 -2.704895e-01
  401 -2.732423e-01
  402 -2.660830e-01
  403 -2.491205e-01
  404 -2.458912e-01
  405 -2.325473e-01
  406 -2.289167e-01
  407 -2.194594e-01
  408 -2.159852e-01
  409 -2.093740e-01
  410 -2.064280e-01
  411 -2.018511e-01
  412 -1.995408e-01
  413 -1.964204e-01
  414 -1.947174e-01
  415 -1.926406e-01
  416 -1.914592e-01
  417 -1.901274e-01
  418 -1.893657e-01
  419 -1.885615e-01
  420 -1.881217e-01
  421 -1.876860e-01
  422 -1.874831e-01
  423 -1.873000e-01
  424 -1.872644e-01
  425 -1.872497e-01
  426 -1.873267e-01
  427 -1.874199e-01
  428 -1.875682e-01
  429 -1.877264e-01
  430 -1.879156e-01
  431 -1.881089e-01
  432 -1.883177e-01
  433 -1.885258e-01
  434 -1.887395e-01
  435 -1.889492e-01
  436 -1.891584e-01
  437 -1.893614e-01
  438 -1.895604e-01
  439 -1.897521e-01
  440 -1.899378e-01
  441 -8.512196e-02
  442 -1.081207e-01
  443 -6.498031e-02
  444 -6.846578e-02
  445 -4.070248e-02
  446 -3.855715e-02
  447 -1.917822e-02
  448 -1.478174e-02
  449 -7.751051e-04
  450 4.330352e-03
  451 1.472792e-02
  452 1.977015e-02
  453 2.766041e-02
  454 3.227963e-02
  455 3.837527e-02
  456 4.243591e-02
  457 4.721371e-02
  458 5.069795e-02
  459 5.448785e-02
  460 5.743547e-02
  461 6.047309e-02
  462 6.294809e-02
  463 6.540629e-02
  464 6.747888e-02
  465 6.948722e-02
  466 7.122464e-02
  467 7.288175e-02
  468 7.434412e-02
  469 7.572584e-02
  470 7.696468e-02
  471 7.812972e-02
  472 7.918800e-02
  473 8.018190e-02
  474 8.109469e-02
  475 8.195283e-02
  476 8.274840e-02
  477 8.349820e-02
  478 8.419902e-02
  479 8.486174e-02
  480 8.548553e-02
  481 8.607758e-02
  482 8.663822e-02
  483 8.717228e-02
  484 8.768057e-02
  485 8.816641e-02
  486 8.863074e-02
  487 8.907589e-02
  488 8.950277e-02
  489 8.991304e-02
  490 9.030754e-02
  491 9.068746e-02
  492 9.105352e-02
  493 9.140662e-02
  494 9.174736e-02
  495 9.207643e-02
  496 9.239432e-02
  497 9.270159e-02
  498 9.299866e-02
  499 9.328595e-02
  500 9.356384e-02
  501 9.383267e-02
  502 9.409277e-02
  503 9.434443e-02
  504 9.458794e-02
  505 9.482356e-02
  506 9.505152e-02
  507 9.527208e-02
  508 9.548545e-02
  509 9.569186e-02
  510 9.589149e-02
  511 9.608455e-02
  512 9.627124e-02
  513 9.645173e-02
  514 9.662621e-02
  515 9.679485e-02
  516 9.695782e-02
  517 9.711527e-02
  518 9.726738e-02
  519 9.741430e-02
  520 9.755617e-02
  521 9.769316e-02
  522 9.782539e-02
  523 9.795301e-02
  524 9.807616e-02
  525 9.819497e-02
  526 9.830957e-02
  527 9.842008e-02
  528 9.852664e-02
  529 9.862936e-02
  530 9.872836e-02
  531 9.882375e-02
  532 9.891564e-02
  533 9.900415e-02
  534 9.908937e-02
  535 9.917140e-02
  536 9.925036e-02
  537 9.932633e-02
  538 9.939941e-02
  539 9.946969e-02
  540 9.953726e-02
  541 9.960220e-02
  542 9.966460e-02
  543 9.972454e-02
  544 9.978209e-02
  545 9.983735e-02
  546 9.989037e-02
  547 9.994123e-02
  548 9.999000e-02
  549 1.000368e-01
  550 1.000816e-01
  551 1.001245e-01
  552 1.001655e-01
  553 1.002048e-01
  554 1.002424e-01
  555 1.002784e-01
  556 1.003127e-01
  557 1.003455e-01
  558 1.003768e-01
  559 1.004067e-01
  560 1.004351e-01
  561 1.004623e-01
  562 1.004881e-01
  563 1.005126e-01
  564 1.005359e-01
  565 1.005581e-01
  566 1.005791e-01
  567 1.005990e-01
  568 1.006179e-01
  569 1.006358e-01
  570 1.006526e-01
  571 1.006685e-01
  572 1.006835e-01
  573 1.006976e-01
  574 1.007109e-01
  575 1.007233e-01
  576 1.007349e-01
  577 1.007458e-01
  578 1.007559e-01
  579 1.007653e-01
  580 1.007740e-01
  581 1.007821e-01
  582 1.007895e-01
  583 1.007963e-01
  584 1.008025e-01
  585 1.008081e-01
  586 1.008132e-01
  587 1.008178e-01
  588 1.008219e-01
  589 1.008254e-01
  590 1.008285e-01
  591 1.008312e-01
  592 1.008334e-01
  593 1.008352e-01
  594 1.008366e-01
  595 1.008376e-01
  596 1.008383e-01
  597 1.008386e-01
  598 1.008386e-01
  599 1.008382e-01
  600 1.008375e-01
  601 1.287775e-01
  602 7.869410e-02
  603 1.227889e-01
  604 8.863131e-02
  605 1.172349e-01
  606 9.813762e-02
  607 1.156891e-01
  608 1.054682e-01
  609 1.163234e-01
  610 1.110693e-01
  611 1.178886e-01
  612 1.153437e-01
  613 1.196888e-01
  614 1.185691e-01
  615 1.213609e-01
  616 1.209459e-01
  617 1.227349e-01
  618 1.226289e-01
  619 1.237519e-01
  620 1.237450e-01
  621 1.244134e-01
  622 1.244010e-01
  623 1.247522e-01
  624 1.246883e-01
  625 1.248144e-01
  626 1.246844e-01
  627 1.246496e-01
  628 1.244550e-01
  629 1.243052e-01
  630 1.240549e-01
  631 1.238237e-01
  632 1.235293e-01
  633 1.232417e-01
  634 1.229147e-01
  635 1.225896e-01
  636 1.222405e-01
  637 1.218920e-01
  638 1.215297e-01
  639 1.211683e-01
  640 1.208000e-01
  641 1.204336e-01
  642 1.200649e-01
  643 1.196993e-01
  644 1.193345e-01
  645 1.189738e-01
  646 1.186160e-01
  647 1.182630e-01
  648 1.179144e-01
  649 1.175711e-01
  650 1.172330e-01
  651 1.169007e-01
  652 1.165740e-01
  653 1.162534e-01
  654 1.159385e-01
  655 1.156298e-01
  656 1.153270e-01
  657 1.150302e-01
  658 1.147393e-01
  659 1.144542e-01
  660 1.141750e-01
  661 2.888914e-01
  662 2.505779e-01
  663 3.224893e-01
  664 3.166850e-01
  665 3.629556e-01
  666 3.665240e-01
  667 3.988096e-01
  668 4.061196e-01
  669 4.294420e-01
  670 4.379253e-01
  671 4.552252e-01
  672 4.635968e-01
  673 4.767125e-01
  674 4.843746e-01
  675 4.944957e-01
  676 5.012241e-01
  677 5.091469e-01
  678 5.149134e-01
  679 5.211892e-01
  680 5.260614e-01
  681 5.310840e-01
  682 5.351695e-01
  683 5.392279e-01
  684 5.426447e-01
  685 5.459555e-01
  686 5.488161e-01
  687 5.515442e-01
  688 5.539493e-01
  689 5.562215e-01
  690 5.582572e-01
  691 5.601716e-01
  692 5.619097e-01
  693 5.635422e-01
  694 5.650413e-01
  695 5.664510e-01
  696 5.677581e-01
  697 5.689906e-01
  698 5.701431e-01
  699 5.712338e-01
  700 5.722612e-01
  701 5.732372e-01
  702 5.741625e-01
  703 5.750449e-01
  704 5.758859e-01
  705 5.766908e-01
  706 5.774612e-01
  707 5.782011e-01
  708 5.789117e-01
  709 5.795959e-01
  710 5.802550e-01
  711 5.808909e-01
  712 5.815049e-01
  713 5.820983e-01
  714 5.826721e-01
  715 5.832275e-01
  716 5.837652e-01
  717 5.842861e-01
  718 5.847908e-01
  719 5.852800e-01
  720 5.857544e-01
  721 5.862145e-01
  722 5.866607e-01
  723 5.870935e-01
  724 5.875134e-01
  725 5.879207e-01
  726 5.883159e-01
  727 5.886993e-01
  728 5.890713e-01
  729 5.894322e-01
  730 5.897823e-01
  731 5.901219e-01
  732 5.904513e-01
  733 5.907707e-01
  734 5.910806e-01
  735 5.913811e-01
  736 5.916724e-01
  737 5.919549e-01
  738 5.922289e-01
  739 5.924944e-01
  740 5.927518e-01
  741 5.930013e-01
  742 5.932431e-01
  743 5.934775e-01
  744 5.937046e-01
  745 5.939247e-01
  746 5.941379e-01
  747 5.943445e-01
  748 5.945446e-01
  749 5.947385e-01
  750 5.949262e-01
  751 5.951081e-01
  752 5.952843e-01
  753 5.954549e-01
  754 5.956200e-01
  755 5.957800e-01
  756 5.959349e-01
  757 5.960848e-01
  758 5.962300e-01
  759 5.963705e-01
  760 5.965065e-01
  761 5.966382e-01
  762 5.967656e-01
  763 5.968889e-01
  764 5.970082e-01
  765 5.971237e-01
  766 5.972354e-01
  767 5.973435e-01
  768 5.974481e-01
  769 5.975493e-01
  770 5.976471e-01
  771 5.977418e-01
  772 5.978333e-01
  773 5.979219e-01
  774 5.980075e-01
  775 5.980902e-01
  776 5.981703e-01
  777 5.982476e-01
  778 5.983224e-01
  779 5.983947e-01
  780 5.984646e-01
  781 5.985321e-01
  782 5.985973e-01
  783 5.986604e-01
  784 5.987213e-01
  785 5.987801e-01
  786 5.988369e-01
  787 5.988918e-01
  788 5.989448e-01
  789 5.989959e-01
  790 5.990453e-01
  791 5.990930e-01
  792 5.991390e-01
  793 5.991835e-01
  794 5.992263e-01
  795 5.992677e-01
  796 5.993076e-01
  797 5.993460e-01
  798 5.993831e-01
  799 5.994189e-01
  800 5.994534e-01
