    1     0
    2     0
    3     0
    4     0
    5     0
    6     0
    7     0
    8     0
    9     0
   10     0
   11     0
   12     0
   13 -2.105321e-01
   14 5.260165e-01
   15 1.294080e-01
   16 5.183992e-01
   17 2.639152e-01
   18 4.833785e-01
   19 3.363430e-01
   20 4.654254e-01
   21 3.840505e-01
   22 4.622204e-01
   23 4.191061e-01
   24 4.679266e-01
   25 4.467233e-01
   26 4.784069e-01
   27 4.695949e-01
   28 4.911496e-01
   29 4.892341e-01
   30 5.047070e-01
   31 5.065340e-01
   32 5.182769e-01
   33 5.220485e-01
   34 5.314388e-01
   35 5.361409e-01
   36 5.439953e-01
   37 5.490652e-01
   38 5.558762e-01
   39 5.610105e-01
   40 5.670818e-01
   41 5.721241e-01
   42 5.776487e-01
   43 5.825257e-01
   44 5.876302e-01
   45 5.923141e-01
   46 5.970848e-01
   47 6.015716e-01
   48 6.060696e-01
   49 6.103674e-01
   50 6.146373e-01
   51 6.187592e-01
   52 6.228344e-01
   53 6.267952e-01
   54 6.307013e-01
   55 6.345151e-01
   56 6.382722e-01
   57 6.419519e-01
   58 6.455758e-01
   59 6.491326e-01
   60 6.526357e-01
   61 6.560794e-01
   62 6.594718e-01
   63 6.628103e-01
   64 6.661001e-01
   65 6.693401e-01
   66 6.725339e-01
   67 6.756812e-01
   68 6.787843e-01
   69 6.818434e-01
   70 6.848603e-01
   71 6.878354e-01
   72 6.907698e-01
   73 6.936641e-01
   74 6.965192e-01
   75 6.993356e-01
   76 7.021142e-01
   77 7.048553e-01
   78 7.075598e-01
   79 7.102280e-01
   80 7.128604e-01
   81 7.154577e-01
   82 7.180203e-01
   83 7.205485e-01
   84 7.230430e-01
   85 7.255040e-01
   86 7.279322e-01
   87 7.303278e-01
   88 7.326912e-01
   89 7.350229e-01
   90 7.373234e-01
   91 7.395928e-01
   92 7.418317e-01
   93 7.440405e-01
   94 7.462194e-01
   95 7.483689e-01
   96 7.504893e-01
   97 7.525810e-01
   98 7.546444e-01
   99 7.566798e-01
  100 7.586876e-01
  101 7.606680e-01
  102 7.626216e-01
  103 7.645485e-01
  104 7.664491e-01
  105 7.683239e-01
  106 7.701730e-01
  107 7.719969e-01
  108 7.737958e-01
  109 7.755701e-01
  110 7.773201e-01
  111 7.790461e-01
  112 7.807484e-01
  113 7.824274e-01
  114 7.840833e-01
  115 7.857165e-01
  116 7.873272e-01
  117 7.889157e-01
  118 7.904824e-01
  119 7.920274e-01
  120 7.935512e-01
  121 7.950540e-01
  122 7.965360e-01
  123 7.979975e-01
  124 7.994389e-01
  125 8.008603e-01
  126 8.022621e-01
  127 8.036445e-01
  128 8.050077e-01
  129 8.063521e-01
  130 8.076778e-01
  131 1.676124e+00
  132 7.373404e-01
  133 1.373900e+00
  134 8.500232e-01
  135 1.228136e+00
  136 9.282651e-01
  137 1.146255e+00
  138 9.721555e-01
  139 1.096289e+00
  140 9.942694e-01
  141 1.064225e+00
  142 1.003869e+00
  143 1.042757e+00
  144 1.006612e+00
  145 1.027780e+00
  146 1.005779e+00
  147 1.016908e+00
  148 1.003228e+00
  149 1.008722e+00
  150 9.999822e-01
  151 1.002360e+00
  152 9.965875e-01
  153 9.972769e-01
  154 9.933148e-01
  155 9.931205e-01
  156 9.902824e-01
  157 9.896508e-01
  158 9.875253e-01
  159 9.866991e-01
  160 9.850356e-01
  161 9.841425e-01
  162 9.827855e-01
  163 9.818892e-01
  164 9.807400e-01
  165 9.798692e-01
  166 9.788637e-01
  167 9.780284e-01
  168 9.771240e-01
  169 9.763251e-01
  170 9.754928e-01
  171 9.747270e-01
  172 9.739469e-01
  173 9.732094e-01
  174 9.724673e-01
  175 9.717531e-01
  176 9.710392e-01
  177 9.703440e-01
  178 9.696512e-01
  179 9.689713e-01
  180 9.682948e-01
  181 9.676274e-01
  182 9.669636e-01
  183 9.663067e-01
  184 9.656533e-01
  185 9.650052e-01
  186 9.643607e-01
  187 9.637206e-01
  188 9.630838e-01
  189 9.624510e-01
  190 9.618216e-01
  191 9.611958e-01
  192 9.605733e-01
  193 9.599544e-01
  194 9.593388e-01
  195 9.587267e-01
  196 9.581181e-01
  197 9.575131e-01
  198 9.569115e-01
  199 9.563136e-01
  200 9.557193e-01
  201 2.309778e-01
  202 4.071700e-01
  203 1.946798e-01
  204 3.003582e-01
  205 1.983149e-01
  206 2.613451e-01
  207 2.035292e-01
  208 2.387379e-01
  209 2.038287e-01
  210 2.222571e-01
  211 2.001753e-01
  212 2.088125e-01
  213 1.940953e-01
  214 1.971034e-01
  215 1.866689e-01
  216 1.864801e-01
  217 1.785699e-01
  218 1.765972e-01
  219 1.702044e-01
  220 1.672671e-01
  221 1.536966e-01
  222 2.243060e-01
  223 1.395212e-01
  224 2.033864e-01
  225 1.471681e-01
  226 1.841010e-01
  227 1.495882e-01
  228 1.692491e-01
  229 1.475592e-01
  230 1.571411e-01
  231 1.428877e-01
  232 1.466882e-01
  233 1.367731e-01
  234 1.372972e-01
  235 1.299461e-01
  236 1.286476e-01
  237 1.228436e-01
  238 1.205643e-01
  239 1.157226e-01
  240 1.129479e-01
  241 1.087303e-01
  242 1.057381e-01
  243 1.019468e-01
  244 9.889378e-02
  245 9.541080e-02
  246 9.238318e-02
  247 8.913630e-02
  248 8.617947e-02
  249 8.312265e-02
  250 8.025845e-02
  251 7.736095e-02
  252 7.459786e-02
  253 7.183799e-02
  254 6.917714e-02
  255 6.653881e-02
  256 6.397742e-02
  257 6.144812e-02
  258 5.898158e-02
  259 5.655126e-02
  260 5.417423e-02
  261 3.986900e-01
  262 2.036811e-02
  263 2.722275e-01
  264 5.996146e-02
  265 2.085342e-01
  266 8.595838e-02
  267 1.705683e-01
  268 9.838473e-02
  269 1.455338e-01
  270 1.022616e-01
  271 1.278173e-01
  272 1.012863e-01
  273 1.144890e-01
  274 9.771450e-02
  275 1.039001e-01
  276 9.285273e-02
  277 9.509059e-02
  278 8.743825e-02
  279 8.748808e-02
  280 8.187595e-02
  281 8.074211e-02
  282 7.637918e-02
  283 7.463114e-02
  284 7.105223e-02
  285 6.900969e-02
  286 6.593846e-02
  287 6.377813e-02
  288 6.104822e-02
  289 5.886546e-02
  290 5.637491e-02
  291 5.421915e-02
  292 5.190413e-02
  293 4.979925e-02
  294 4.761873e-02
  295 4.557467e-02
  296 4.350152e-02
  297 4.152087e-02
  298 3.953662e-02
  299 3.761830e-02
  300 3.570999e-02
  301 3.385129e-02
  302 3.200956e-02
  303 3.020724e-02
  304 2.842516e-02
  305 2.667596e-02
  306 2.494831e-02
  307 2.324922e-02
  308 2.157195e-02
  309 1.992032e-02
  310 1.829024e-02
  311 1.668376e-02
  312 1.509834e-02
  313 1.353501e-02
  314 1.199217e-02
  315 1.047028e-02
  316 8.968289e-03
  317 7.486349e-03
  318 6.023743e-03
  319 4.580448e-03
  320 3.155951e-03
  321 1.750140e-03
  322 3.626229e-04
  323 -1.006757e-03
  324 -2.358315e-03
  325 -3.692230e-03
  326 -5.008770e-03
  327 -6.308122e-03
  328 -7.590525e-03
  329 -8.856167e-03
  330 -1.010527e-02
  331 -1.133801e-02
  332 -1.255461e-02
  333 -1.375525e-02
  334 -1.494013e-02
  335 -1.610942e-02
  336 -1.726332e-02
  337 -1.840201e-02
  338 -1.952567e-02
  339 -2.063449e-02
  340 -2.172864e-02
  341 -2.280829e-02
  342 -2.387363e-02
  343 -2.492483e-02
  344 -2.596205e-02
  345 -2.698547e-02
  346 -2.799526e-02
  347 -2.899158e-02
  348 -2.997461e-02
  349 -3.094450e-02
  350 -3.190142e-02
  351 -3.284553e-02
  352 -3.377699e-02
  353 -3.469595e-02
  354 -3.560258e-02
  355 -3.649703e-02
  356 -3.737945e-02
  357 -3.825000e-02
  358 -3.910882e-02
  359 -3.995606e-02
  360 -4.079188e-02
  361 -4.161641e-02
  362 -4.242981e-02
  363 -4.323220e-02
  364 -4.402374e-02
  365 -4.480457e-02
  366 -4.557482e-02
  367 -4.633462e-02
  368 -4.708412e-02
  369 -4.782344e-02
  370 -4.855272e-02
  371 -4.927208e-02
  372 -4.998166e-02
  373 -5.068159e-02
  374 -5.137198e-02
  375 -5.205297e-02
  376 -5.272467e-02
  377 -5.338720e-02
  378 -5.404069e-02
  379 -5.468526e-02
  380 -5.532102e-02
  381 -5.594808e-02
  382 -5.656657e-02
  383 -5.717658e-02
  384 -5.777825e-02
  385 -5.837166e-02
  386 -5.895694e-02
  387 -5.953419e-02
  388 -6.010352e-02
  389 -6.066502e-02
  390 -6.121881e-02
  391 -9.289034e-01
  392 1.063032e-02
  393 -6.251890e-01
  394 -1.005827e-01
  395 -4.779762e-01
  396 -1.773955e-01
  397 -3.946858e-01
  398 -2.198966e-01
  399 -3.433497e-01
  400 -2.406597e-01
  401 -2.029368e-02
  402 -2.999787e-02
  403 1.652000e-02
  404 1.079590e-02
  405 3.084027e-02
  406 2.801648e-02
  407 4.039514e-02
  408 4.036524e-02
  409 4.920132e-02
  410 5.093026e-02
  411 5.773924e-02
  412 6.040386e-02
  413 6.594234e-02
  414 6.903612e-02
  415 7.373312e-02
  416 7.696968e-02
  417 8.108258e-02
  418 8.430854e-02
  419 8.799777e-02
  420 9.113650e-02
  421 9.450586e-02
  422 9.752389e-02
  423 1.006433e-01
  424 1.035306e-01
  425 1.064489e-01
  426 1.092078e-01
  427 1.119607e-01
  428 1.145992e-01
  429 1.172132e-01
  430 1.197415e-01
  431 1.222371e-01
  432 1.246658e-01
  433 1.270591e-01
  434 1.293979e-01
  435 1.317014e-01
  436 1.339592e-01
  437 1.361828e-01
  438 1.383670e-01
  439 1.405189e-01
  440 1.426358e-01
  441 1.495927e-01
  442 1.072249e-01
  443 1.572143e-01
  444 1.187043e-01
  445 1.517459e-01
  446 1.293034e-01
  447 1.494492e-01
  448 1.373334e-01
  449 1.498751e-01
  450 1.438011e-01
  451 1.519474e-01
  452 1.493535e-01
  453 1.549491e-01
  454 1.543408e-01
  455 1.584407e-01
  456 1.589494e-01
  457 1.621573e-01
  458 1.632788e-01
  459 1.659405e-01
  460 1.673832e-01
  461 1.696977e-01
  462 1.712936e-01
  463 1.733766e-01
  464 1.750300e-01
  465 1.769495e-01
  466 1.786070e-01
  467 1.804041e-01
  468 1.820369e-01
  469 1.837372e-01
  470 1.853305e-01
  471 1.869509e-01
  472 1.884981e-01
  473 1.900500e-01
  474 1.915492e-01
  475 1.930410e-01
  476 1.944927e-01
  477 1.959307e-01
  478 1.973366e-01
  479 1.987260e-01
  480 2.000883e-01
  481 2.014330e-01
  482 2.027543e-01
  483 2.040577e-01
  484 2.053402e-01
  485 2.066052e-01
  486 2.078512e-01
  487 2.090801e-01
  488 2.102914e-01
  489 2.114863e-01
  490 2.126646e-01
  491 2.138273e-01
  492 2.149742e-01
  493 2.161061e-01
  494 2.172229e-01
  495 2.183252e-01
  496 2.194131e-01
  497 2.204870e-01
  498 2.215471e-01
  499 2.225935e-01
  500 2.236266e-01
  501 2.246464e-01
  502 2.256533e-01
  503 2.266474e-01
  504 2.276288e-01
  505 2.285978e-01
  506 2.295545e-01
  507 2.304991e-01
  508 2.314317e-01
  509 2.323525e-01
  510 2.332615e-01
  511 2.341591e-01
  512 2.350452e-01
  513 2.359200e-01
  514 2.367837e-01
  515 2.376364e-01
  516 2.384782e-01
  517 2.393092e-01
  518 2.401296e-01
  519 2.409395e-01
  520 2.417390e-01
  521 2.425283e-01
  522 2.433074e-01
  523 2.440764e-01
  524 2.448355e-01
  525 2.455849e-01
  526 2.463245e-01
  527 2.470546e-01
  528 2.477752e-01
  529 2.484864e-01
  530 2.491884e-01
  531 2.498813e-01
  532 2.505651e-01
  533 2.512400e-01
  534 2.519061e-01
  535 2.525635e-01
  536 2.532123e-01
  537 2.538526e-01
  538 2.544844e-01
  539 2.551080e-01
  540 2.557234e-01
  541 2.563307e-01
  542 2.569300e-01
  543 2.575214e-01
  544 2.581050e-01
  545 2.586808e-01
  546 2.592491e-01
  547 2.598098e-01
  548 2.603631e-01
  549 2.609091e-01
  550 2.614478e-01
  551 2.619794e-01
  552 2.625039e-01
  553 2.630214e-01
  554 2.635320e-01
  555 2.640359e-01
  556 2.645330e-01
  557 2.650234e-01
  558 2.655073e-01
  559 2.659848e-01
  560 2.664558e-01
  561 2.669206e-01
  562 2.673791e-01
  563 2.678315e-01
  564 2.682778e-01
  565 2.687181e-01
  566 2.691524e-01
  567 2.695810e-01
  568 2.700037e-01
  569 2.704208e-01
  570 2.708323e-01
  571 2.712382e-01
  572 2.716386e-01
  573 2.720336e-01
  574 2.724233e-01
  575 2.728077e-01
  576 2.731869e-01
  577 2.735609e-01
  578 2.739299e-01
  579 2.742939e-01
  580 2.746530e-01
  581 2.750071e-01
  582 2.753565e-01
  583 2.757011e-01
  584 2.760410e-01
  585 2.763763e-01
  586 2.767070e-01
  587 2.770333e-01
  588 2.773550e-01
  589 2.776724e-01
  590 2.779855e-01
  591 2.782942e-01
  592 2.785988e-01
  593 2.788992e-01
  594 2.791955e-01
  595 2.794877e-01
  596 2.797759e-01
  597 2.800602e-01
  598 2.803405e-01
  599 2.806171e-01
  600 2.808898e-01
  601 7.880644e-01
  602 6.645844e-01
  603 8.131811e-01
  604 7.390589e-01
  605 8.103410e-01
  606 7.660709e-01
  607 8.063925e-01
  608 7.815962e-01
  609 8.058820e-01
  610 7.928310e-01
  611 8.081368e-01
  612 8.019390e-01
  613 8.120890e-01
  614 8.098312e-01
  615 8.169830e-01
  616 8.169629e-01
  617 8.223476e-01
  618 8.235762e-01
  619 8.278989e-01
  620 8.298029e-01
  621 8.334682e-01
  622 8.357164e-01
  623 8.389574e-01
  624 8.413591e-01
  625 8.443111e-01
  626 8.467575e-01
  627 8.494999e-01
  628 8.519301e-01
  629 8.545106e-01
  630 8.568913e-01
  631 8.593394e-01
  632 8.616534e-01
  633 8.639881e-01
  634 8.662278e-01
  635 8.684621e-01
  636 8.706248e-01
  637 8.727681e-01
  638 8.748543e-01
  639 8.769139e-01
  640 8.789255e-01
  641 8.809072e-01
  642 8.828470e-01
  643 8.847557e-01
  644 8.866267e-01
  645 8.884666e-01
  646 8.902720e-01
  647 8.920469e-01
  648 8.937895e-01
  649 8.955027e-01
  650 8.971855e-01
  651 8.988399e-01
  652 9.004656e-01
  653 9.020640e-01
  654 9.036350e-01
  655 9.051797e-01
  656 9.066983e-01
  657 9.081917e-01
  658 9.096601e-01
  659 9.111041e-01
  660 9.125242e-01
  661 9.220383e-01
  662 8.493741e-01
  663 9.306637e-01
  664 8.644806e-01
  665 9.175736e-01
  666 8.782168e-01
  667 9.098625e-01
  668 8.877606e-01
  669 9.067752e-01
  670 8.947843e-01
  671 9.065136e-01
  672 9.003619e-01
  673 9.078785e-01
  674 9.050739e-01
  675 9.101349e-01
  676 9.092284e-01
  677 9.128387e-01
  678 9.129894e-01
  679 9.157245e-01
  680 9.164453e-01
  681 9.186364e-01
  682 9.196468e-01
  683 9.214861e-01
  684 9.226262e-01
  685 9.242265e-01
  686 9.254067e-01
  687 9.268361e-01
  688 9.280079e-01
  689 9.293087e-01
  690 9.304472e-01
  691 9.316469e-01
  692 9.327407e-01
  693 9.338582e-01
  694 9.349037e-01
  695 9.359524e-01
  696 9.369499e-01
  697 9.379401e-01
  698 9.388921e-01
  699 9.398318e-01
  700 9.407416e-01
  701 9.416370e-01
  702 9.425083e-01
  703 9.433647e-01
  704 9.442009e-01
  705 9.450225e-01
  706 9.458267e-01
  707 9.466170e-01
  708 9.473921e-01
  709 9.481541e-01
  710 9.489024e-01
  711 9.496385e-01
  712 9.503621e-01
  713 9.510742e-01
  714 9.517749e-01
  715 9.524647e-01
  716 9.531438e-01
  717 9.538128e-01
  718 9.544716e-01
  719 9.551208e-01
  720 9.557604e-01
  721 9.563908e-01
  722 9.570120e-01
  723 9.576244e-01
  724 9.582281e-01
  725 9.588232e-01
  726 9.594100e-01
  727 9.599885e-01
  728 9.605589e-01
  729 9.611213e-01
  730 9.616759e-01
  731 9.622227e-01
  732 9.627619e-01
  733 9.632936e-01
  734 9.638179e-01
  735 9.643349e-01
  736 9.648447e-01
  737 9.653474e-01
  738 9.658431e-01
  739 9.663319e-01
  740 9.668139e-01
  741 9.672891e-01
  742 9.677577e-01
  743 9.682198e-01
  744 9.686753e-01
  745 9.691245e-01
  746 9.695674e-01
  747 9.700041e-01
  748 9.704346e-01
  749 9.708591e-01
  750 9.712776e-01
  751 9.716902e-01
  752 9.720970e-01
  753 9.724981e-01
  754 9.728934e-01
  755 9.732832e-01
  756 9.736675e-01
  757 9.740464e-01
  758 9.744199e-01
  759 9.747881e-01
  760 9.751511e-01
  761 9.755089e-01
  762 9.758617e-01
  763 9.762094e-01
  764 9.765522e-01
  765 9.768901e-01
  766 9.772233e-01
  767 9.775517e-01
  768 9.778754e-01
  769 9.781945e-01
  770 9.785090e-01
  771 9.788191e-01
  772 9.791248e-01
  773 9.794261e-01
  774 9.797231e-01
  775 9.800159e-01
  776 9.803044e-01
  777 9.805889e-01
  778 9.808693e-01
  779 9.811457e-01
  780 9.814182e-01
  781 9.816867e-01
  782 9.819514e-01
  783 9.822124e-01
  784 9.824696e-01
  785 9.827231e-01
  786 9.829730e-01
  787 9.832193e-01
  788 9.834621e-01
  789 9.837014e-01
  790 9.839373e-01
  791 9.841698e-01
  792 9.843990e-01
  793 9.846248e-01
  794 9.848475e-01
  795 9.850669e-01
  796 9.852832e-01
  797 9.854964e-01
  798 9.857066e-01
  799 9.859137e-01
  800 9.861179e-01
