    1     0
    2     0
    3     0
    4     0
    5     0
    6     0
    7     0
    8     0
    9     0
   10     0
   11     0
   12     0
   13 2.046546e-01
   14 2.921225e-01
   15 3.596110e-01
   16 4.064788e-01
   17 4.406384e-01
   18 4.656880e-01
   19 4.845702e-01
   20 4.991611e-01
   21 5.107851e-01
   22 5.203396e-01
   23 5.284444e-01
   24 5.355257e-01
   25 5.418776e-01
   26 5.477035e-01
   27 5.531447e-01
   28 5.582991e-01
   29 5.632354e-01
   30 5.680014e-01
   31 5.726309e-01
   32 5.771478e-01
   33 5.815689e-01
   34 5.859063e-01
   35 5.901687e-01
   36 5.943625e-01
   37 5.984923e-01
   38 6.025616e-01
   39 6.065730e-01
   40 6.105284e-01
   41 6.144295e-01
   42 6.182776e-01
   43 6.220737e-01
   44 6.258187e-01
   45 6.295134e-01
   46 6.331585e-01
   47 6.367547e-01
   48 6.403026e-01
   49 6.438027e-01
   50 6.472558e-01
   51 6.506622e-01
   52 6.540226e-01
   53 6.573374e-01
   54 6.606073e-01
   55 6.638327e-01
   56 6.670142e-01
   57 6.701522e-01
   58 6.732474e-01
   59 6.763002e-01
   60 6.793111e-01
   61 6.822807e-01
   62 6.852095e-01
   63 6.880979e-01
   64 6.909466e-01
   65 6.937559e-01
   66 6.965264e-01
   67 6.992586e-01
   68 7.019530e-01
   69 7.046101e-01
   70 7.072303e-01
   71 7.098142e-01
   72 7.123621e-01
   73 7.148747e-01
   74 7.173524e-01
   75 7.197956e-01
   76 7.222048e-01
   77 7.245804e-01
   78 7.269230e-01
   79 7.292328e-01
   80 7.315105e-01
   81 7.337564e-01
   82 7.359710e-01
   83 7.381546e-01
   84 7.403078e-01
   85 7.424309e-01
   86 7.445243e-01
   87 7.465885e-01
   88 7.486238e-01
   89 7.506306e-01
   90 7.526094e-01
   91 7.545605e-01
   92 7.564843e-01
   93 7.583812e-01
   94 7.602516e-01
   95 7.620957e-01
   96 7.639141e-01
   97 7.657070e-01
   98 7.674748e-01
   99 7.692178e-01
  100 7.709365e-01
  101 7.726310e-01
  102 7.743018e-01
  103 7.759492e-01
  104 7.775736e-01
  105 7.791752e-01
  106 7.807543e-01
  107 7.823113e-01
  108 7.838465e-01
  109 7.853602e-01
  110 7.868526e-01
  111 7.883242e-01
  112 7.897751e-01
  113 7.912057e-01
  114 7.926162e-01
  115 7.940070e-01
  116 7.953782e-01
  117 7.967303e-01
  118 7.980633e-01
  119 7.993777e-01
  120 8.006737e-01
  121 8.019515e-01
  122 8.032114e-01
  123 8.044536e-01
  124 8.056784e-01
  125 8.068861e-01
  126 8.080768e-01
  127 8.092508e-01
  128 8.104083e-01
  129 8.115496e-01
  130 8.126749e-01
  131 8.239500e-01
  132 8.303930e-01
  133 8.346219e-01
  134 8.373730e-01
  135 8.392076e-01
  136 8.404767e-01
  137 8.414084e-01
  138 8.421461e-01
  139 8.427788e-01
  140 8.433609e-01
  141 8.439237e-01
  142 8.444850e-01
  143 8.450533e-01
  144 8.456323e-01
  145 8.462223e-01
  146 8.468223e-01
  147 8.474303e-01
  148 8.480440e-01
  149 8.486613e-01
  150 8.492800e-01
  151 8.498985e-01
  152 8.505152e-01
  153 8.511288e-01
  154 8.517382e-01
  155 8.523426e-01
  156 8.529414e-01
  157 8.535339e-01
  158 8.541200e-01
  159 8.546991e-01
  160 8.552712e-01
  161 8.558361e-01
  162 8.563937e-01
  163 8.569439e-01
  164 8.574868e-01
  165 8.580223e-01
  166 8.585505e-01
  167 8.590714e-01
  168 8.595851e-01
  169 8.600917e-01
  170 8.605912e-01
  171 8.610837e-01
  172 8.615693e-01
  173 8.620481e-01
  174 8.625202e-01
  175 8.629857e-01
  176 8.634446e-01
  177 8.638970e-01
  178 8.643431e-01
  179 8.647830e-01
  180 8.652166e-01
  181 8.656442e-01
  182 8.660657e-01
  183 8.664813e-01
  184 8.668911e-01
  185 8.672951e-01
  186 8.676934e-01
  187 8.680861e-01
  188 8.684734e-01
  189 8.688551e-01
  190 8.692316e-01
  191 8.696027e-01
  192 8.699686e-01
  193 8.703294e-01
  194 8.706851e-01
  195 8.710359e-01
  196 8.713817e-01
  197 8.717227e-01
  198 8.720588e-01
  199 8.723903e-01
  200 8.727171e-01
  201 6.403632e-01
  202 5.352215e-01
  203 4.574876e-01
  204 4.034916e-01
  205 3.648671e-01
  206 3.369258e-01
  207 3.162296e-01
  208 3.005082e-01
  209 2.881959e-01
  210 2.782313e-01
  211 2.698890e-01
  212 2.626745e-01
  213 2.562499e-01
  214 2.503841e-01
  215 2.449189e-01
  216 2.397460e-01
  217 2.347909e-01
  218 2.300027e-01
  219 2.253460e-01
  220 2.207966e-01
  221 2.073184e-01
  222 2.064327e-01
  223 2.014626e-01
  224 1.977498e-01
  225 1.937173e-01
  226 1.898129e-01
  227 1.859074e-01
  228 1.820396e-01
  229 1.782013e-01
  230 1.743983e-01
  231 1.706322e-01
  232 1.669053e-01
  233 1.632195e-01
  234 1.595762e-01
  235 1.559766e-01
  236 1.524215e-01
  237 1.489114e-01
  238 1.454466e-01
  239 1.420273e-01
  240 1.386535e-01
  241 1.353249e-01
  242 1.320415e-01
  243 1.288028e-01
  244 1.256085e-01
  245 1.224581e-01
  246 1.193512e-01
  247 1.162873e-01
  248 1.132659e-01
  249 1.102865e-01
  250 1.073484e-01
  251 1.044513e-01
  252 1.015945e-01
  253 9.877754e-02
  254 9.599985e-02
  255 9.326092e-02
  256 9.056021e-02
  257 8.789719e-02
  258 8.527136e-02
  259 8.268220e-02
  260 8.012921e-02
  261 8.167808e-02
  262 8.133554e-02
  263 8.014820e-02
  264 7.840997e-02
  265 7.634483e-02
  266 7.409268e-02
  267 7.174417e-02
  268 6.935608e-02
  269 6.696360e-02
  270 6.458783e-02
  271 6.224091e-02
  272 5.992934e-02
  273 5.765611e-02
  274 5.542214e-02
  275 5.322713e-02
  276 5.107013e-02
  277 4.894989e-02
  278 4.686505e-02
  279 4.481427e-02
  280 4.279629e-02
  281 4.080993e-02
  282 3.885413e-02
  283 3.692795e-02
  284 3.503055e-02
  285 3.316116e-02
  286 3.131909e-02
  287 2.950372e-02
  288 2.771450e-02
  289 2.595091e-02
  290 2.421246e-02
  291 2.249871e-02
  292 2.080923e-02
  293 1.914363e-02
  294 1.750152e-02
  295 1.588255e-02
  296 1.428636e-02
  297 1.271261e-02
  298 1.116097e-02
  299 9.631116e-03
  300 8.122736e-03
  301 6.635522e-03
  302 5.169173e-03
  303 3.723393e-03
  304 2.297892e-03
  305 8.923825e-04
  306 -4.934152e-04
  307 -1.859778e-03
  308 -3.206979e-03
  309 -4.535287e-03
  310 -5.844965e-03
  311 -7.136276e-03
  312 -8.409475e-03
  313 -9.664817e-03
  314 -1.090255e-02
  315 -1.212293e-02
  316 -1.332618e-02
  317 -1.451256e-02
  318 -1.568229e-02
  319 -1.683562e-02
  320 -1.797277e-02
  321 -1.909396e-02
  322 -2.019943e-02
  323 -2.128938e-02
  324 -2.236405e-02
  325 -2.342364e-02
  326 -2.446836e-02
  327 -2.549843e-02
  328 -2.651405e-02
  329 -2.751541e-02
  330 -2.850273e-02
  331 -2.947620e-02
  332 -3.043601e-02
  333 -3.138235e-02
  334 -3.231542e-02
  335 -3.323539e-02
  336 -3.414246e-02
  337 -3.503681e-02
  338 -3.591860e-02
  339 -3.678803e-02
  340 -3.764526e-02
  341 -3.849046e-02
  342 -3.932380e-02
  343 -4.014546e-02
  344 -4.095559e-02
  345 -4.175435e-02
  346 -4.254191e-02
  347 -4.331842e-02
  348 -4.408403e-02
  349 -4.483891e-02
  350 -4.558320e-02
  351 -4.631705e-02
  352 -4.704060e-02
  353 -4.775401e-02
  354 -4.845740e-02
  355 -4.915093e-02
  356 -4.983474e-02
  357 -5.050895e-02
  358 -5.117371e-02
  359 -5.182914e-02
  360 -5.247537e-02
  361 -5.311255e-02
  362 -5.374079e-02
  363 -5.436021e-02
  364 -5.497095e-02
  365 -5.557313e-02
  366 -5.616685e-02
  367 -5.675225e-02
  368 -5.732944e-02
  369 -5.789854e-02
  370 -5.845966e-02
  371 -5.901290e-02
  372 -5.955839e-02
  373 -6.009623e-02
  374 -6.062652e-02
  375 -6.114938e-02
  376 -6.166490e-02
  377 -6.217320e-02
  378 -6.267437e-02
  379 -6.316851e-02
  380 -6.365572e-02
  381 -6.413610e-02
  382 -6.460974e-02
  383 -6.507674e-02
  384 -6.553720e-02
  385 -6.599119e-02
  386 -6.643882e-02
  387 -6.688017e-02
  388 -6.731534e-02
  389 -6.774440e-02
  390 -6.816745e-02
  391 -7.875005e-02
  392 -8.451034e-02
  393 -8.806616e-02
  394 -9.015355e-02
  395 -9.133371e-02
  396 -9.195766e-02
  397 -9.225322e-02
  398 -9.236359e-02
  399 -9.237793e-02
  400 -9.235017e-02
  401 7.586328e-04
  402 4.297398e-02
  403 7.420898e-02
  404 9.592821e-02
  405 1.114780e-01
  406 1.227349e-01
  407 1.310761e-01
  408 1.374124e-01
  409 1.423721e-01
  410 1.463822e-01
  411 1.497345e-01
  412 1.526287e-01
  413 1.552013e-01
  414 1.575458e-01
  415 1.597266e-01
  416 1.617877e-01
  417 1.637596e-01
  418 1.656632e-01
  419 1.675129e-01
  420 1.693188e-01
  421 1.710879e-01
  422 1.728251e-01
  423 1.745337e-01
  424 1.762162e-01
  425 1.778743e-01
  426 1.795092e-01
  427 1.811218e-01
  428 1.827128e-01
  429 1.842827e-01
  430 1.858319e-01
  431 1.873608e-01
  432 1.888696e-01
  433 1.903586e-01
  434 1.918280e-01
  435 1.932780e-01
  436 1.947088e-01
  437 1.961207e-01
  438 1.975137e-01
  439 1.988882e-01
  440 2.002443e-01
  441 2.069937e-01
  442 2.062170e-01
  443 2.079155e-01
  444 2.088809e-01
  445 2.100574e-01
  446 2.111746e-01
  447 2.123089e-01
  448 2.134364e-01
  449 2.145613e-01
  450 2.156800e-01
  451 2.167912e-01
  452 2.178931e-01
  453 2.189846e-01
  454 2.200647e-01
  455 2.211325e-01
  456 2.221875e-01
  457 2.232291e-01
  458 2.242573e-01
  459 2.252716e-01
  460 2.262721e-01
  461 2.272588e-01
  462 2.282316e-01
  463 2.291906e-01
  464 2.301360e-01
  465 2.310679e-01
  466 2.319865e-01
  467 2.328918e-01
  468 2.337842e-01
  469 2.346638e-01
  470 2.355307e-01
  471 2.363851e-01
  472 2.372274e-01
  473 2.380575e-01
  474 2.388758e-01
  475 2.396824e-01
  476 2.404775e-01
  477 2.412612e-01
  478 2.420337e-01
  479 2.427953e-01
  480 2.435461e-01
  481 2.442862e-01
  482 2.450157e-01
  483 2.457350e-01
  484 2.464440e-01
  485 2.471430e-01
  486 2.478322e-01
  487 2.485116e-01
  488 2.491813e-01
  489 2.498417e-01
  490 2.504927e-01
  491 2.511345e-01
  492 2.517672e-01
  493 2.523911e-01
  494 2.530061e-01
  495 2.536125e-01
  496 2.542103e-01
  497 2.547997e-01
  498 2.553808e-01
  499 2.559537e-01
  500 2.565185e-01
  501 2.570754e-01
  502 2.576244e-01
  503 2.581657e-01
  504 2.586994e-01
  505 2.592255e-01
  506 2.597443e-01
  507 2.602557e-01
  508 2.607600e-01
  509 2.612571e-01
  510 2.617473e-01
  511 2.622305e-01
  512 2.627069e-01
  513 2.631767e-01
  514 2.636398e-01
  515 2.640964e-01
  516 2.645466e-01
  517 2.649904e-01
  518 2.654280e-01
  519 2.658594e-01
  520 2.662847e-01
  521 2.667041e-01
  522 2.671175e-01
  523 2.675252e-01
  524 2.679270e-01
  525 2.683233e-01
  526 2.687139e-01
  527 2.690991e-01
  528 2.694788e-01
  529 2.698532e-01
  530 2.702223e-01
  531 2.705862e-01
  532 2.709450e-01
  533 2.712987e-01
  534 2.716475e-01
  535 2.719913e-01
  536 2.723303e-01
  537 2.726646e-01
  538 2.729941e-01
  539 2.733190e-01
  540 2.736393e-01
  541 2.739551e-01
  542 2.742665e-01
  543 2.745734e-01
  544 2.748761e-01
  545 2.751745e-01
  546 2.754687e-01
  547 2.757587e-01
  548 2.760447e-01
  549 2.763266e-01
  550 2.766046e-01
  551 2.768787e-01
  552 2.771489e-01
  553 2.774153e-01
  554 2.776779e-01
  555 2.779369e-01
  556 2.781922e-01
  557 2.784439e-01
  558 2.786921e-01
  559 2.789368e-01
  560 2.791780e-01
  561 2.794159e-01
  562 2.796503e-01
  563 2.798815e-01
  564 2.801095e-01
  565 2.803342e-01
  566 2.805558e-01
  567 2.807742e-01
  568 2.809896e-01
  569 2.812020e-01
  570 2.814113e-01
  571 2.816177e-01
  572 2.818213e-01
  573 2.820219e-01
  574 2.822197e-01
  575 2.824148e-01
  576 2.826071e-01
  577 2.827967e-01
  578 2.829836e-01
  579 2.831679e-01
  580 2.833496e-01
  581 2.835287e-01
  582 2.837053e-01
  583 2.838795e-01
  584 2.840512e-01
  585 2.842204e-01
  586 2.843873e-01
  587 2.845519e-01
  588 2.847141e-01
  589 2.848740e-01
  590 2.850317e-01
  591 2.851872e-01
  592 2.853405e-01
  593 2.854916e-01
  594 2.856406e-01
  595 2.857876e-01
  596 2.859324e-01
  597 2.860752e-01
  598 2.862160e-01
  599 2.863548e-01
  600 2.864917e-01
  601 4.494999e-01
  602 5.234546e-01
  603 5.782187e-01
  604 6.163614e-01
  605 6.437392e-01
  606 6.636341e-01
  607 6.784526e-01
  608 6.897841e-01
  609 6.987246e-01
  610 7.060173e-01
  611 7.121698e-01
  612 7.175285e-01
  613 7.223300e-01
  614 7.267361e-01
  615 7.308575e-01
  616 7.347701e-01
  617 7.385262e-01
  618 7.421614e-01
  619 7.457006e-01
  620 7.491607e-01
  621 7.525536e-01
  622 7.558876e-01
  623 7.591683e-01
  624 7.623997e-01
  625 7.655849e-01
  626 7.687259e-01
  627 7.718242e-01
  628 7.748810e-01
  629 7.778972e-01
  630 7.808734e-01
  631 7.838104e-01
  632 7.867086e-01
  633 7.895684e-01
  634 7.923905e-01
  635 7.951750e-01
  636 7.979225e-01
  637 8.006334e-01
  638 8.033080e-01
  639 8.059467e-01
  640 8.085499e-01
  641 8.111180e-01
  642 8.136513e-01
  643 8.161504e-01
  644 8.186154e-01
  645 8.210470e-01
  646 8.234454e-01
  647 8.258110e-01
  648 8.281442e-01
  649 8.304455e-01
  650 8.327151e-01
  651 8.349536e-01
  652 8.371613e-01
  653 8.393385e-01
  654 8.414857e-01
  655 8.436032e-01
  656 8.456915e-01
  657 8.477509e-01
  658 8.497818e-01
  659 8.517845e-01
  660 8.537594e-01
  661 8.647262e-01
  662 8.631523e-01
  663 8.657068e-01
  664 8.670427e-01
  665 8.687333e-01
  666 8.703281e-01
  667 8.719546e-01
  668 8.735727e-01
  669 8.751898e-01
  670 8.767996e-01
  671 8.783998e-01
  672 8.799879e-01
  673 8.815616e-01
  674 8.831193e-01
  675 8.846597e-01
  676 8.861817e-01
  677 8.876846e-01
  678 8.891679e-01
  679 8.906312e-01
  680 8.920745e-01
  681 8.934976e-01
  682 8.949005e-01
  683 8.962834e-01
  684 8.976464e-01
  685 8.989897e-01
  686 9.003136e-01
  687 9.016184e-01
  688 9.029042e-01
  689 9.041713e-01
  690 9.054201e-01
  691 9.066508e-01
  692 9.078638e-01
  693 9.090592e-01
  694 9.102374e-01
  695 9.113987e-01
  696 9.125432e-01
  697 9.136714e-01
  698 9.147834e-01
  699 9.158795e-01
  700 9.169599e-01
  701 9.180250e-01
  702 9.190748e-01
  703 9.201097e-01
  704 9.211299e-01
  705 9.221356e-01
  706 9.231271e-01
  707 9.241044e-01
  708 9.250680e-01
  709 9.260178e-01
  710 9.269543e-01
  711 9.278775e-01
  712 9.287876e-01
  713 9.296849e-01
  714 9.305694e-01
  715 9.314415e-01
  716 9.323013e-01
  717 9.331490e-01
  718 9.339846e-01
  719 9.348085e-01
  720 9.356208e-01
  721 9.364216e-01
  722 9.372111e-01
  723 9.379895e-01
  724 9.387569e-01
  725 9.395135e-01
  726 9.402594e-01
  727 9.409948e-01
  728 9.417198e-01
  729 9.424346e-01
  730 9.431393e-01
  731 9.438341e-01
  732 9.445191e-01
  733 9.451945e-01
  734 9.458603e-01
  735 9.465167e-01
  736 9.471639e-01
  737 9.478020e-01
  738 9.484310e-01
  739 9.490512e-01
  740 9.496627e-01
  741 9.502655e-01
  742 9.508599e-01
  743 9.514458e-01
  744 9.520235e-01
  745 9.525931e-01
  746 9.531546e-01
  747 9.537083e-01
  748 9.542541e-01
  749 9.547922e-01
  750 9.553227e-01
  751 9.558458e-01
  752 9.563615e-01
  753 9.568699e-01
  754 9.573712e-01
  755 9.578654e-01
  756 9.583526e-01
  757 9.588329e-01
  758 9.593065e-01
  759 9.597734e-01
  760 9.602338e-01
  761 9.606876e-01
  762 9.611351e-01
  763 9.615762e-01
  764 9.620111e-01
  765 9.624399e-01
  766 9.628627e-01
  767 9.632795e-01
  768 9.636904e-01
  769 9.640955e-01
  770 9.644950e-01
  771 9.648888e-01
  772 9.652770e-01
  773 9.656598e-01
  774 9.660372e-01
  775 9.664092e-01
  776 9.667761e-01
  777 9.671377e-01
  778 9.674943e-01
  779 9.678458e-01
  780 9.681924e-01
  781 9.685341e-01
  782 9.688710e-01
  783 9.692031e-01
  784 9.695306e-01
  785 9.698535e-01
  786 9.701718e-01
  787 9.704856e-01
  788 9.707950e-01
  789 9.711000e-01
  790 9.714008e-01
  791 9.716973e-01
  792 9.719896e-01
  793 9.722778e-01
  794 9.725620e-01
  795 9.728421e-01
  796 9.731183e-01
  797 9.733906e-01
  798 9.736591e-01
  799 9.739238e-01
  800 9.741848e-01
