    1     0
    2     0
    3     0
    4     0
    5     0
    6     0
    7     0
    8     0
    9     0
   10     0
   11     0
   12     0
   13 -2.008882e-02
   14 -3.659918e-02
   15 -5.117075e-02
   16 -6.465071e-02
   17 -7.756786e-02
   18 -9.023450e-02
   19 -1.028185e-01
   20 -1.153934e-01
   21 -1.279731e-01
   22 -1.405357e-01
   23 -1.530396e-01
   24 -1.654341e-01
   25 -1.776668e-01
   26 -1.896872e-01
   27 -2.014501e-01
   28 -2.129163e-01
   29 -2.240534e-01
   30 -2.348361e-01
   31 -2.452452e-01
   32 -2.552676e-01
   33 -2.648958e-01
   34 -2.741265e-01
   35 -2.829610e-01
   36 -2.914035e-01
   37 -2.994614e-01
   38 -3.071441e-01
   39 -3.144630e-01
   40 -3.214309e-01
   41 -3.280613e-01
   42 -3.343687e-01
   43 -3.403680e-01
   44 -3.460741e-01
   45 -3.515020e-01
   46 -3.566665e-01
   47 -3.615821e-01
   48 -3.662629e-01
   49 -3.707225e-01
   50 -3.749741e-01
   51 -3.790301e-01
   52 -3.829024e-01
   53 -3.866023e-01
   54 -3.901403e-01
   55 -3.935266e-01
   56 -3.967705e-01
   57 -3.998807e-01
   58 -4.028655e-01
   59 -4.057325e-01
   60 -4.084889e-01
   61 -4.111411e-01
   62 -4.136954e-01
   63 -4.161574e-01
   64 -4.185323e-01
   65 -4.208250e-01
   66 -4.230400e-01
   67 -4.251813e-01
   68 -4.272528e-01
   69 -4.292580e-01
   70 -4.312002e-01
   71 -4.330823e-01
   72 -4.349072e-01
   73 -4.366773e-01
   74 -4.383951e-01
   75 -4.400627e-01
   76 -4.416822e-01
   77 -4.432555e-01
   78 -4.447844e-01
   79 -4.462704e-01
   80 -4.477151e-01
   81 -4.491200e-01
   82 -4.504864e-01
   83 -4.518155e-01
   84 -4.531086e-01
   85 -4.543668e-01
   86 -4.555912e-01
   87 -4.567827e-01
   88 -4.579424e-01
   89 -4.590711e-01
   90 -4.601697e-01
   91 -4.612391e-01
   92 -4.622801e-01
   93 -4.632935e-01
   94 -4.642800e-01
   95 -4.652402e-01
   96 -4.661750e-01
   97 -4.670850e-01
   98 -4.679709e-01
   99 -4.688332e-01
  100 -4.696726e-01
  101 -4.704897e-01
  102 -4.712850e-01
  103 -4.720592e-01
  104 -4.728127e-01
  105 -4.735462e-01
  106 -4.742601e-01
  107 -4.749549e-01
  108 -4.756311e-01
  109 -4.762893e-01
  110 -4.769299e-01
  111 -4.775532e-01
  112 -4.781599e-01
  113 -4.787503e-01
  114 -4.793249e-01
  115 -4.798840e-01
  116 -4.804281e-01
  117 -4.809575e-01
  118 -4.814727e-01
  119 -4.819741e-01
  120 -4.824619e-01
  121 -4.829366e-01
  122 -4.833984e-01
  123 -4.838478e-01
  124 -4.842851e-01
  125 -4.847106e-01
  126 -4.851246e-01
  127 -4.855274e-01
  128 -4.859193e-01
  129 -4.863006e-01
  130 -4.866716e-01
  131 -4.125540e-01
  132 -3.545105e-01
  133 -3.068453e-01
  134 -2.664584e-01
  135 -2.312090e-01
  136 -1.996302e-01
  137 -1.707251e-01
  138 -1.438229e-01
  139 -1.184770e-01
  140 -9.439430e-02
  141 -7.138504e-02
  142 -4.932808e-02
  143 -2.814704e-02
  144 -7.793771e-03
  145 1.176274e-02
  146 3.054382e-02
  147 4.856599e-02
  148 6.584402e-02
  149 8.239279e-02
  150 9.822834e-02
  151 1.133683e-01
  152 1.278321e-01
  153 1.416409e-01
  154 1.548173e-01
  155 1.673850e-01
  156 1.793686e-01
  157 1.907933e-01
  158 2.016847e-01
  159 2.120683e-01
  160 2.219693e-01
  161 2.314125e-01
  162 2.404224e-01
  163 2.490224e-01
  164 2.572354e-01
  165 2.650831e-01
  166 2.725864e-01
  167 2.797653e-01
  168 2.866386e-01
  169 2.932242e-01
  170 2.995389e-01
  171 3.055984e-01
  172 3.114178e-01
  173 3.170108e-01
  174 3.223905e-01
  175 3.275690e-01
  176 3.325576e-01
  177 3.373668e-01
  178 3.420063e-01
  179 3.464853e-01
  180 3.508122e-01
  181 3.549948e-01
  182 3.590403e-01
  183 3.629555e-01
  184 3.667465e-01
  185 3.704192e-01
  186 3.739790e-01
  187 3.774308e-01
  188 3.807792e-01
  189 3.840286e-01
  190 3.871829e-01
  191 3.902460e-01
  192 3.932212e-01
  193 3.961120e-01
  194 3.989212e-01
  195 4.016519e-01
  196 4.043066e-01
  197 4.068880e-01
  198 4.093985e-01
  199 4.118402e-01
  200 4.142154e-01
  201 4.165262e-01
  202 4.187744e-01
  203 4.209618e-01
  204 4.230904e-01
  205 4.251618e-01
  206 4.271775e-01
  207 4.291392e-01
  208 4.310483e-01
  209 4.329064e-01
  210 4.347148e-01
  211 4.364747e-01
  212 4.381877e-01
  213 4.398548e-01
  214 4.414774e-01
  215 4.430566e-01
  216 4.445935e-01
  217 4.460893e-01
  218 4.475451e-01
  219 4.489618e-01
  220 4.503407e-01
  221 4.230984e-01
  222 4.032592e-01
  223 3.888102e-01
  224 3.785808e-01
  225 3.716688e-01
  226 3.673731e-01
  227 3.651433e-01
  228 3.645436e-01
  229 3.652258e-01
  230 3.669096e-01
  231 3.693682e-01
  232 3.724168e-01
  233 3.759047e-01
  234 3.797084e-01
  235 3.837272e-01
  236 3.878785e-01
  237 3.920951e-01
  238 3.963229e-01
  239 4.005181e-01
  240 4.046460e-01
  241 4.086796e-01
  242 4.125981e-01
  243 4.163860e-01
  244 4.200324e-01
  245 4.235298e-01
  246 4.268741e-01
  247 4.300635e-01
  248 4.330983e-01
  249 4.359805e-01
  250 4.387135e-01
  251 4.413015e-01
  252 4.437496e-01
  253 4.460635e-01
  254 4.482493e-01
  255 4.503131e-01
  256 4.522614e-01
  257 4.541007e-01
  258 4.558373e-01
  259 4.574775e-01
  260 4.590273e-01
  261 4.381490e-01
  262 4.220169e-01
  263 4.089276e-01
  264 3.979560e-01
  265 3.884647e-01
  266 3.800179e-01
  267 3.723208e-01
  268 3.651758e-01
  269 3.584527e-01
  270 3.520669e-01
  271 3.459644e-01
  272 3.401118e-01
  273 3.344887e-01
  274 3.290831e-01
  275 3.238879e-01
  276 3.188986e-01
  277 3.141123e-01
  278 3.095260e-01
  279 3.051369e-01
  280 3.009415e-01
  281 2.969358e-01
  282 2.931151e-01
  283 2.894741e-01
  284 2.860070e-01
  285 2.827075e-01
  286 2.795690e-01
  287 2.765846e-01
  288 2.737474e-01
  289 2.710503e-01
  290 2.684862e-01
  291 2.660482e-01
  292 2.637294e-01
  293 2.615232e-01
  294 2.594231e-01
  295 2.574229e-01
  296 2.555166e-01
  297 2.536987e-01
  298 2.519638e-01
  299 2.503066e-01
  300 2.487225e-01
  301 2.472069e-01
  302 2.457556e-01
  303 2.443647e-01
  304 2.430303e-01
  305 2.417491e-01
  306 2.405179e-01
  307 2.393337e-01
  308 2.381937e-01
  309 2.370954e-01
  310 2.360364e-01
  311 2.350145e-01
  312 2.340277e-01
  313 2.330741e-01
  314 2.321520e-01
  315 2.312598e-01
  316 2.303961e-01
  317 2.295593e-01
  318 2.287484e-01
  319 2.279621e-01
  320 2.271994e-01
  321 2.264592e-01
  322 2.257407e-01
  323 2.250429e-01
  324 2.243650e-01
  325 2.237064e-01
  326 2.230662e-01
  327 2.224440e-01
  328 2.218389e-01
  329 2.212505e-01
  330 2.206783e-01
  331 2.201216e-01
  332 2.195800e-01
  333 2.190531e-01
  334 2.185404e-01
  335 2.180415e-01
  336 2.175560e-01
  337 2.170835e-01
  338 2.166236e-01
  339 2.161760e-01
  340 2.157404e-01
  341 2.153164e-01
  342 2.149038e-01
  343 2.145021e-01
  344 2.141111e-01
  345 2.137306e-01
  346 2.133603e-01
  347 2.129998e-01
  348 2.126489e-01
  349 2.123075e-01
  350 2.119751e-01
  351 2.116517e-01
  352 2.113369e-01
  353 2.110305e-01
  354 2.107324e-01
  355 2.104422e-01
  356 2.101599e-01
  357 2.098851e-01
  358 2.096177e-01
  359 2.093575e-01
  360 2.091043e-01
  361 2.088579e-01
  362 2.086181e-01
  363 2.083848e-01
  364 2.081578e-01
  365 2.079369e-01
  366 2.077220e-01
  367 2.075129e-01
  368 2.073094e-01
  369 2.071114e-01
  370 2.069188e-01
  371 2.067314e-01
  372 2.065490e-01
  373 2.063716e-01
  374 2.061990e-01
  375 2.060310e-01
  376 2.058676e-01
  377 2.057086e-01
  378 2.055539e-01
  379 2.054035e-01
  380 2.052570e-01
  381 2.051146e-01
  382 2.049760e-01
  383 2.048412e-01
  384 2.047100e-01
  385 2.045824e-01
  386 2.044582e-01
  387 2.043374e-01
  388 2.042198e-01
  389 2.041055e-01
  390 2.039943e-01
  391 1.666467e-01
  392 1.373440e-01
  393 1.132382e-01
  394 9.277882e-02
  395 7.489542e-02
  396 5.885432e-02
  397 4.415691e-02
  398 3.046752e-02
  399 1.756279e-02
  400 5.295940e-03
  401 -6.428097e-03
  402 -1.767004e-02
  403 -2.846824e-02
  404 -3.884692e-02
  405 -4.882176e-02
  406 -5.840355e-02
  407 -6.760071e-02
  408 -7.642075e-02
  409 -8.487127e-02
  410 -9.296039e-02
  411 -1.006971e-01
  412 -1.080912e-01
  413 -1.151534e-01
  414 -1.218951e-01
  415 -1.283283e-01
  416 -1.344654e-01
  417 -1.403192e-01
  418 -1.459024e-01
  419 -1.512280e-01
  420 -1.563087e-01
  421 -1.611570e-01
  422 -1.657852e-01
  423 -1.702051e-01
  424 -1.744282e-01
  425 -1.784656e-01
  426 -1.823277e-01
  427 -1.860246e-01
  428 -1.895657e-01
  429 -1.929602e-01
  430 -1.962165e-01
  431 -1.993425e-01
  432 -2.023458e-01
  433 -2.052334e-01
  434 -2.080119e-01
  435 -2.106874e-01
  436 -2.132656e-01
  437 -2.157518e-01
  438 -2.181510e-01
  439 -2.204678e-01
  440 -2.227064e-01
  441 -2.077203e-01
  442 -1.971272e-01
  443 -1.897222e-01
  444 -1.848053e-01
  445 -1.818379e-01
  446 -1.804015e-01
  447 -1.801677e-01
  448 -1.808771e-01
  449 -1.823223e-01
  450 -1.843369e-01
  451 -1.867861e-01
  452 -1.895604e-01
  453 -1.925706e-01
  454 -1.957439e-01
  455 -1.990207e-01
  456 -2.023526e-01
  457 -2.057002e-01
  458 -2.090317e-01
  459 -2.123218e-01
  460 -2.155503e-01
  461 -2.187018e-01
  462 -2.217645e-01
  463 -2.247296e-01
  464 -2.275911e-01
  465 -2.303452e-01
  466 -2.329900e-01
  467 -2.355248e-01
  468 -2.379503e-01
  469 -2.402682e-01
  470 -2.424809e-01
  471 -2.445914e-01
  472 -2.466032e-01
  473 -2.485200e-01
  474 -2.503460e-01
  475 -2.520851e-01
  476 -2.537416e-01
  477 -2.553198e-01
  478 -2.568237e-01
  479 -2.582575e-01
  480 -2.596250e-01
  481 -2.609302e-01
  482 -2.621767e-01
  483 -2.633680e-01
  484 -2.645074e-01
  485 -2.655981e-01
  486 -2.666429e-01
  487 -2.676448e-01
  488 -2.686063e-01
  489 -2.695299e-01
  490 -2.704178e-01
  491 -2.712722e-01
  492 -2.720950e-01
  493 -2.728880e-01
  494 -2.736531e-01
  495 -2.743916e-01
  496 -2.751051e-01
  497 -2.757949e-01
  498 -2.764623e-01
  499 -2.771083e-01
  500 -2.777341e-01
  501 -2.783406e-01
  502 -2.789286e-01
  503 -2.794992e-01
  504 -2.800529e-01
  505 -2.805905e-01
  506 -2.811127e-01
  507 -2.816200e-01
  508 -2.821132e-01
  509 -2.825925e-01
  510 -2.830587e-01
  511 -2.835121e-01
  512 -2.839531e-01
  513 -2.843822e-01
  514 -2.847998e-01
  515 -2.852062e-01
  516 -2.856017e-01
  517 -2.859867e-01
  518 -2.863614e-01
  519 -2.867263e-01
  520 -2.870815e-01
  521 -2.874273e-01
  522 -2.877640e-01
  523 -2.880918e-01
  524 -2.884109e-01
  525 -2.887217e-01
  526 -2.890242e-01
  527 -2.893188e-01
  528 -2.896056e-01
  529 -2.898849e-01
  530 -2.901567e-01
  531 -2.904214e-01
  532 -2.906790e-01
  533 -2.909299e-01
  534 -2.911740e-01
  535 -2.914118e-01
  536 -2.916431e-01
  537 -2.918684e-01
  538 -2.920876e-01
  539 -2.923010e-01
  540 -2.925087e-01
  541 -2.927109e-01
  542 -2.929077e-01
  543 -2.930992e-01
  544 -2.932855e-01
  545 -2.934669e-01
  546 -2.936434e-01
  547 -2.938152e-01
  548 -2.939824e-01
  549 -2.941451e-01
  550 -2.943034e-01
  551 -2.944575e-01
  552 -2.946074e-01
  553 -2.947532e-01
  554 -2.948952e-01
  555 -2.950333e-01
  556 -2.951677e-01
  557 -2.952984e-01
  558 -2.954257e-01
  559 -2.955495e-01
  560 -2.956700e-01
  561 -2.957872e-01
  562 -2.959012e-01
  563 -2.960122e-01
  564 -2.961201e-01
  565 -2.962252e-01
  566 -2.963274e-01
  567 -2.964268e-01
  568 -2.965235e-01
  569 -2.966177e-01
  570 -2.967093e-01
  571 -2.967984e-01
  572 -2.968851e-01
  573 -2.969694e-01
  574 -2.970515e-01
  575 -2.971313e-01
  576 -2.972090e-01
  577 -2.972846e-01
  578 -2.973581e-01
  579 -2.974297e-01
  580 -2.974993e-01
  581 -2.975670e-01
  582 -2.976329e-01
  583 -2.976970e-01
  584 -2.977594e-01
  585 -2.978200e-01
  586 -2.978791e-01
  587 -2.979365e-01
  588 -2.979924e-01
  589 -2.980468e-01
  590 -2.980997e-01
  591 -2.981511e-01
  592 -2.982012e-01
  593 -2.982499e-01
  594 -2.982973e-01
  595 -2.983434e-01
  596 -2.983883e-01
  597 -2.984320e-01
  598 -2.984744e-01
  599 -2.985157e-01
  600 -2.985559e-01
  601 -2.985950e-01
  602 -2.986331e-01
  603 -2.986701e-01
  604 -2.987061e-01
  605 -2.987412e-01
  606 -2.987753e-01
  607 -2.988084e-01
  608 -2.988407e-01
  609 -2.988721e-01
  610 -2.989027e-01
  611 -2.989324e-01
  612 -2.989613e-01
  613 -2.989894e-01
  614 -2.990168e-01
  615 -2.990434e-01
  616 -2.990693e-01
  617 -2.990946e-01
  618 -2.991191e-01
  619 -2.991429e-01
  620 -2.991661e-01
  621 -2.991887e-01
  622 -2.992107e-01
  623 -2.992321e-01
  624 -2.992529e-01
  625 -2.992731e-01
  626 -2.992928e-01
  627 -2.993120e-01
  628 -2.993306e-01
  629 -2.993487e-01
  630 -2.993664e-01
  631 -2.993835e-01
  632 -2.994002e-01
  633 -2.994165e-01
  634 -2.994323e-01
  635 -2.994477e-01
  636 -2.994626e-01
  637 -2.994772e-01
  638 -2.994913e-01
  639 -2.995051e-01
  640 -2.995185e-01
  641 -2.995316e-01
  642 -2.995443e-01
  643 -2.995566e-01
  644 -2.995686e-01
  645 -2.995803e-01
  646 -2.995917e-01
  647 -2.996027e-01
  648 -2.996135e-01
  649 -2.996240e-01
  650 -2.996341e-01
  651 -2.996441e-01
  652 -2.996537e-01
  653 -2.996631e-01
  654 -2.996722e-01
  655 -2.996811e-01
  656 -2.996897e-01
  657 -2.996981e-01
  658 -2.997063e-01
  659 -2.997143e-01
  660 -2.997220e-01
  661 -2.711454e-01
  662 -2.500077e-01
  663 -2.342950e-01
  664 -2.228358e-01
  665 -2.147271e-01
  666 -2.092668e-01
  667 -2.059038e-01
  668 -2.042013e-01
  669 -2.038104e-01
  670 -2.044501e-01
  671 -2.058926e-01
  672 -2.079526e-01
  673 -2.104784e-01
  674 -2.133462e-01
  675 -2.164541e-01
  676 -2.197192e-01
  677 -2.230737e-01
  678 -2.264625e-01
  679 -2.298413e-01
  680 -2.331751e-01
  681 -2.364359e-01
  682 -2.396026e-01
  683 -2.426590e-01
  684 -2.455936e-01
  685 -2.483986e-01
  686 -2.510691e-01
  687 -2.536031e-01
  688 -2.560002e-01
  689 -2.582619e-01
  690 -2.603912e-01
  691 -2.623919e-01
  692 -2.642686e-01
  693 -2.660266e-01
  694 -2.676715e-01
  695 -2.692091e-01
  696 -2.706455e-01
  697 -2.719867e-01
  698 -2.732387e-01
  699 -2.744074e-01
  700 -2.754985e-01
  701 -2.765175e-01
  702 -2.774696e-01
  703 -2.783600e-01
  704 -2.791933e-01
  705 -2.799740e-01
  706 -2.807062e-01
  707 -2.813940e-01
  708 -2.820409e-01
  709 -2.826503e-01
  710 -2.832254e-01
  711 -2.837689e-01
  712 -2.842835e-01
  713 -2.847717e-01
  714 -2.852357e-01
  715 -2.856774e-01
  716 -2.860987e-01
  717 -2.865012e-01
  718 -2.868865e-01
  719 -2.872559e-01
  720 -2.876106e-01
  721 -2.879518e-01
  722 -2.882805e-01
  723 -2.885975e-01
  724 -2.889036e-01
  725 -2.891996e-01
  726 -2.894862e-01
  727 -2.897638e-01
  728 -2.900331e-01
  729 -2.902944e-01
  730 -2.905483e-01
  731 -2.907950e-01
  732 -2.910350e-01
  733 -2.912684e-01
  734 -2.914957e-01
  735 -2.917170e-01
  736 -2.919326e-01
  737 -2.921427e-01
  738 -2.923474e-01
  739 -2.925469e-01
  740 -2.927415e-01
  741 -2.929311e-01
  742 -2.931160e-01
  743 -2.932964e-01
  744 -2.934722e-01
  745 -2.936437e-01
  746 -2.938109e-01
  747 -2.939739e-01
  748 -2.941329e-01
  749 -2.942878e-01
  750 -2.944389e-01
  751 -2.945862e-01
  752 -2.947298e-01
  753 -2.948698e-01
  754 -2.950062e-01
  755 -2.951392e-01
  756 -2.952687e-01
  757 -2.953949e-01
  758 -2.955179e-01
  759 -2.956378e-01
  760 -2.957545e-01
  761 -2.958682e-01
  762 -2.959790e-01
  763 -2.960868e-01
  764 -2.961919e-01
  765 -2.962942e-01
  766 -2.963938e-01
  767 -2.964908e-01
  768 -2.965852e-01
  769 -2.966772e-01
  770 -2.967667e-01
  771 -2.968538e-01
  772 -2.969386e-01
  773 -2.970212e-01
  774 -2.971016e-01
  775 -2.971798e-01
  776 -2.972559e-01
  777 -2.973300e-01
  778 -2.974021e-01
  779 -2.974723e-01
  780 -2.975406e-01
  781 -2.976071e-01
  782 -2.976718e-01
  783 -2.977347e-01
  784 -2.977960e-01
  785 -2.978556e-01
  786 -2.979135e-01
  787 -2.979700e-01
  788 -2.980249e-01
  789 -2.980783e-01
  790 -2.981303e-01
  791 -2.981809e-01
  792 -2.982301e-01
  793 -2.982780e-01
  794 -2.983246e-01
  795 -2.983699e-01
  796 -2.984140e-01
  797 -2.984569e-01
  798 -2.984987e-01
  799 -2.985393e-01
  800 -2.985788e-01
