    1     0
    2     0
    3     0
    4     0
    5     0
    6     0
    7     0
    8     0
    9     0
   10     0
   11     0
   12     0
   13 -1.897418e-01
   14 -6.908680e-02
   15 -1.836079e-01
   16 -1.230660e-01
   17 -1.953447e-01
   18 -1.658246e-01
   19 -2.122668e-01
   20 -1.996235e-01
   21 -2.304520e-01
   22 -2.269356e-01
   23 -2.482272e-01
   24 -2.494814e-01
   25 -2.648183e-01
   26 -2.683977e-01
   27 -2.799058e-01
   28 -2.844586e-01
   29 -2.934192e-01
   30 -2.982193e-01
   31 -3.054221e-01
   32 -3.100993e-01
   33 -3.160457e-01
   34 -3.204298e-01
   35 -3.254490e-01
   36 -3.294793e-01
   37 -3.337956e-01
   38 -3.374691e-01
   39 -3.412414e-01
   40 -3.445832e-01
   41 -3.479276e-01
   42 -3.509743e-01
   43 -3.539778e-01
   44 -3.567690e-01
   45 -3.594982e-01
   46 -3.620713e-01
   47 -3.645779e-01
   48 -3.669664e-01
   49 -3.692907e-01
   50 -3.715233e-01
   51 -3.736971e-01
   52 -3.757978e-01
   53 -3.778459e-01
   54 -3.798344e-01
   55 -3.817762e-01
   56 -3.836683e-01
   57 -3.855190e-01
   58 -3.873275e-01
   59 -3.890990e-01
   60 -3.908338e-01
   61 -3.925355e-01
   62 -3.942045e-01
   63 -3.958435e-01
   64 -3.974530e-01
   65 -3.990348e-01
   66 -4.005897e-01
   67 -4.021189e-01
   68 -4.036229e-01
   69 -4.051029e-01
   70 -4.065592e-01
   71 -4.079927e-01
   72 -4.094038e-01
   73 -4.107931e-01
   74 -4.121610e-01
   75 -4.135080e-01
   76 -4.148344e-01
   77 -4.161406e-01
   78 -4.174270e-01
   79 -4.186939e-01
   80 -4.199415e-01
   81 -4.211703e-01
   82 -4.223804e-01
   83 -4.235722e-01
   84 -4.247459e-01
   85 -4.259018e-01
   86 -4.270401e-01
   87 -4.281611e-01
   88 -4.292650e-01
   89 -4.303521e-01
   90 -4.314226e-01
   91 -4.324767e-01
   92 -4.335147e-01
   93 -4.345368e-01
   94 -4.355431e-01
   95 -4.365341e-01
   96 -4.375098e-01
   97 -4.384705e-01
   98 -4.394164e-01
   99 -4.403478e-01
  100 -4.412648e-01
  101 -4.421676e-01
  102 -4.430565e-01
  103 -4.439317e-01
  104 -4.447933e-01
  105 -4.456417e-01
  106 -4.464769e-01
  107 -4.472992e-01
  108 -4.481088e-01
  109 -4.489058e-01
  110 -4.496906e-01
  111 -4.504631e-01
  112 -4.512237e-01
  113 -4.519726e-01
  114 -4.527098e-01
  115 -4.534356e-01
  116 -4.541502e-01
  117 -4.548538e-01
  118 -4.555464e-01
  119 -4.562283e-01
  120 -4.568997e-01
  121 -4.575606e-01
  122 -4.582114e-01
  123 -4.588521e-01
  124 -4.594828e-01
  125 -4.601038e-01
  126 -4.607152e-01
  127 -4.613171e-01
  128 -4.619098e-01
  129 -4.624932e-01
  130 -4.630677e-01
  131 -1.926588e-01
  132 -3.612482e-01
  133 -2.022135e-01
  134 -2.930365e-01
  135 -1.965170e-01
  136 -2.446725e-01
  137 -1.852865e-01
  138 -2.096629e-01
  139 -1.723361e-01
  140 -1.835639e-01
  141 -1.594531e-01
  142 -1.635495e-01
  143 -1.474656e-01
  144 -1.478204e-01
  145 -1.367003e-01
  146 -1.352025e-01
  147 -1.272200e-01
  148 -1.249034e-01
  149 -1.189547e-01
  150 -1.163686e-01
  151 -1.117747e-01
  152 -1.091970e-01
  153 -1.055313e-01
  154 -1.030904e-01
  155 -1.000780e-01
  156 -9.782175e-02
  157 -9.528084e-02
  158 -9.321600e-02
  159 -9.102299e-02
  160 -8.913671e-02
  161 -8.720548e-02
  162 -8.547712e-02
  163 -8.374630e-02
  164 -8.215361e-02
  165 -8.057868e-02
  166 -7.910079e-02
  167 -7.764899e-02
  168 -7.626766e-02
  169 -7.491470e-02
  170 -7.361467e-02
  171 -7.234239e-02
  172 -7.111125e-02
  173 -6.990605e-02
  174 -6.873392e-02
  175 -6.758559e-02
  176 -6.646471e-02
  177 -6.536556e-02
  178 -6.428992e-02
  179 -6.323418e-02
  180 -6.219911e-02
  181 -6.118243e-02
  182 -6.018436e-02
  183 -5.920341e-02
  184 -5.823958e-02
  185 -5.729185e-02
  186 -5.636009e-02
  187 -5.544360e-02
  188 -5.454222e-02
  189 -5.365543e-02
  190 -5.278304e-02
  191 -5.192468e-02
  192 -5.108015e-02
  193 -5.024916e-02
  194 -4.943151e-02
  195 -4.862696e-02
  196 -4.783533e-02
  197 -4.705640e-02
  198 -4.629000e-02
  199 -4.553594e-02
  200 -4.479403e-02
  201 -1.081767e-01
  202 -7.048056e-02
  203 -1.054291e-01
  204 -8.076284e-02
  205 -9.970394e-02
  206 -8.445773e-02
  207 -9.455042e-02
  208 -8.497727e-02
  209 -9.004100e-02
  210 -8.377988e-02
  211 -8.597013e-02
  212 -8.164466e-02
  213 -8.220727e-02
  214 -7.903058e-02
  215 -7.869077e-02
  216 -7.621480e-02
  217 -7.539466e-02
  218 -7.336340e-02
  219 -7.230721e-02
  220 -7.057289e-02
  221 -1.086393e-01
  222 -8.361927e-02
  223 -1.040690e-01
  224 -8.908956e-02
  225 -9.979252e-02
  226 -9.022161e-02
  227 -9.541971e-02
  228 -8.894946e-02
  229 -9.100796e-02
  230 -8.636228e-02
  231 -8.666038e-02
  232 -8.312327e-02
  233 -8.246849e-02
  234 -7.963578e-02
  235 -7.849851e-02
  236 -7.613907e-02
  237 -7.478998e-02
  238 -7.276818e-02
  239 -7.135960e-02
  240 -6.959248e-02
  241 -6.820670e-02
  242 -6.664045e-02
  243 -6.531868e-02
  244 -6.391590e-02
  245 -6.267555e-02
  246 -6.140845e-02
  247 -6.025351e-02
  248 -5.910029e-02
  249 -5.802756e-02
  250 -5.697044e-02
  251 -5.597321e-02
  252 -5.499742e-02
  253 -5.406762e-02
  254 -5.316075e-02
  255 -5.229016e-02
  256 -5.144183e-02
  257 -5.062276e-02
  258 -4.982427e-02
  259 -4.904985e-02
  260 -4.829399e-02
  261 6.083152e-02
  262 -5.662343e-03
  263 5.887284e-02
  264 2.344687e-02
  265 6.293978e-02
  266 4.454625e-02
  267 6.915315e-02
  268 6.024011e-02
  269 7.599368e-02
  270 7.231164e-02
  271 8.275163e-02
  272 8.189598e-02
  273 8.909996e-02
  274 8.971651e-02
  275 9.491136e-02
  276 9.624598e-02
  277 1.001635e-01
  278 1.018039e-01
  279 1.048867e-01
  280 1.066142e-01
  281 1.091348e-01
  282 1.108391e-01
  283 1.129689e-01
  284 1.145993e-01
  285 1.164489e-01
  286 1.179869e-01
  287 1.196298e-01
  288 1.210733e-01
  289 1.225593e-01
  290 1.239139e-01
  291 1.252780e-01
  292 1.265526e-01
  293 1.278198e-01
  294 1.290236e-01
  295 1.302123e-01
  296 1.313541e-01
  297 1.324776e-01
  298 1.335652e-01
  299 1.346337e-01
  300 1.356736e-01
  301 1.366949e-01
  302 1.376923e-01
  303 1.386721e-01
  304 1.396315e-01
  305 1.405744e-01
  306 1.414992e-01
  307 1.424085e-01
  308 1.433016e-01
  309 1.441800e-01
  310 1.450436e-01
  311 1.458933e-01
  312 1.467291e-01
  313 1.475517e-01
  314 1.483612e-01
  315 1.491581e-01
  316 1.499425e-01
  317 1.507148e-01
  318 1.514752e-01
  319 1.522239e-01
  320 1.529610e-01
  321 1.536870e-01
  322 1.544017e-01
  323 1.551056e-01
  324 1.557987e-01
  325 1.564812e-01
  326 1.571532e-01
  327 1.578150e-01
  328 1.584666e-01
  329 1.591083e-01
  330 1.597401e-01
  331 1.603621e-01
  332 1.609747e-01
  333 1.615778e-01
  334 1.621716e-01
  335 1.627562e-01
  336 1.633318e-01
  337 1.638986e-01
  338 1.644565e-01
  339 1.650059e-01
  340 1.655467e-01
  341 1.660792e-01
  342 1.666033e-01
  343 1.671194e-01
  344 1.676274e-01
  345 1.681276e-01
  346 1.686200e-01
  347 1.691047e-01
  348 1.695819e-01
  349 1.700517e-01
  350 1.705142e-01
  351 1.709694e-01
  352 1.714176e-01
  353 1.718588e-01
  354 1.722932e-01
  355 1.727207e-01
  356 1.731417e-01
  357 1.735560e-01
  358 1.739640e-01
  359 1.743655e-01
  360 1.747609e-01
  361 1.751500e-01
  362 1.755331e-01
  363 1.759103e-01
  364 1.762816e-01
  365 1.766471e-01
  366 1.770069e-01
  367 1.773611e-01
  368 1.777098e-01
  369 1.780531e-01
  370 1.783910e-01
  371 1.787237e-01
  372 1.790512e-01
  373 1.793737e-01
  374 1.796911e-01
  375 1.800036e-01
  376 1.803112e-01
  377 1.806141e-01
  378 1.809122e-01
  379 1.812057e-01
  380 1.814947e-01
  381 1.817792e-01
  382 1.820592e-01
  383 1.823350e-01
  384 1.826064e-01
  385 1.828736e-01
  386 1.831367e-01
  387 1.833957e-01
  388 1.836507e-01
  389 1.839018e-01
  390 1.841489e-01
  391 -8.658226e-02
  392 8.168985e-02
  393 -7.765715e-02
  394 1.285824e-02
  395 -8.396412e-02
  396 -3.610675e-02
  397 -9.578631e-02
  398 -7.169897e-02
  399 -1.093103e-01
  400 -9.836271e-02
  401 -9.710436e-02
  402 -1.080709e-01
  403 -1.101603e-01
  404 -1.196573e-01
  405 -1.231868e-01
  406 -1.307693e-01
  407 -1.347014e-01
  408 -1.408345e-01
  409 -1.447454e-01
  410 -1.498240e-01
  411 -1.535303e-01
  412 -1.578272e-01
  413 -1.612573e-01
  414 -1.649587e-01
  415 -1.680973e-01
  416 -1.713346e-01
  417 -1.741947e-01
  418 -1.770635e-01
  419 -1.796708e-01
  420 -1.822431e-01
  421 -1.846280e-01
  422 -1.869591e-01
  423 -1.891515e-01
  424 -1.912849e-01
  425 -1.933126e-01
  426 -1.952825e-01
  427 -1.971698e-01
  428 -1.990037e-01
  429 -2.007714e-01
  430 -2.024910e-01
  431 -2.041563e-01
  432 -2.057790e-01
  433 -2.073563e-01
  434 -2.088958e-01
  435 -2.103968e-01
  436 -2.118641e-01
  437 -2.132980e-01
  438 -2.147018e-01
  439 -2.160761e-01
  440 -2.174233e-01
  441 -1.952127e-01
  442 -2.106061e-01
  443 -1.989058e-01
  444 -2.083222e-01
  445 -2.024393e-01
  446 -2.086411e-01
  447 -2.060462e-01
  448 -2.104072e-01
  449 -2.096889e-01
  450 -2.129673e-01
  451 -2.133012e-01
  452 -2.159210e-01
  453 -2.168234e-01
  454 -2.190228e-01
  455 -2.202107e-01
  456 -2.221249e-01
  457 -2.234347e-01
  458 -2.251423e-01
  459 -2.264811e-01
  460 -2.280296e-01
  461 -2.293465e-01
  462 -2.307664e-01
  463 -2.320355e-01
  464 -2.333477e-01
  465 -2.345575e-01
  466 -2.357776e-01
  467 -2.369249e-01
  468 -2.380651e-01
  469 -2.391511e-01
  470 -2.402215e-01
  471 -2.412499e-01
  472 -2.422590e-01
  473 -2.432343e-01
  474 -2.441895e-01
  475 -2.451165e-01
  476 -2.460238e-01
  477 -2.469072e-01
  478 -2.477719e-01
  479 -2.486159e-01
  480 -2.494425e-01
  481 -2.502508e-01
  482 -2.510431e-01
  483 -2.518191e-01
  484 -2.525802e-01
  485 -2.533265e-01
  486 -2.540591e-01
  487 -2.547782e-01
  488 -2.554845e-01
  489 -2.561783e-01
  490 -2.568601e-01
  491 -2.575303e-01
  492 -2.581893e-01
  493 -2.588373e-01
  494 -2.594748e-01
  495 -2.601018e-01
  496 -2.607188e-01
  497 -2.613259e-01
  498 -2.619234e-01
  499 -2.625115e-01
  500 -2.630903e-01
  501 -2.636601e-01
  502 -2.642210e-01
  503 -2.647733e-01
  504 -2.653169e-01
  505 -2.658522e-01
  506 -2.663792e-01
  507 -2.668981e-01
  508 -2.674090e-01
  509 -2.679121e-01
  510 -2.684074e-01
  511 -2.688951e-01
  512 -2.693753e-01
  513 -2.698481e-01
  514 -2.703136e-01
  515 -2.707720e-01
  516 -2.712233e-01
  517 -2.716677e-01
  518 -2.721053e-01
  519 -2.725361e-01
  520 -2.729602e-01
  521 -2.733778e-01
  522 -2.737890e-01
  523 -2.741938e-01
  524 -2.745924e-01
  525 -2.749848e-01
  526 -2.753712e-01
  527 -2.757516e-01
  528 -2.761261e-01
  529 -2.764948e-01
  530 -2.768578e-01
  531 -2.772151e-01
  532 -2.775670e-01
  533 -2.779134e-01
  534 -2.782544e-01
  535 -2.785901e-01
  536 -2.789206e-01
  537 -2.792460e-01
  538 -2.795664e-01
  539 -2.798818e-01
  540 -2.801923e-01
  541 -2.804979e-01
  542 -2.807989e-01
  543 -2.810951e-01
  544 -2.813868e-01
  545 -2.816739e-01
  546 -2.819566e-01
  547 -2.822349e-01
  548 -2.825089e-01
  549 -2.827786e-01
  550 -2.830442e-01
  551 -2.833056e-01
  552 -2.835629e-01
  553 -2.838163e-01
  554 -2.840657e-01
  555 -2.843113e-01
  556 -2.845530e-01
  557 -2.847910e-01
  558 -2.850253e-01
  559 -2.852560e-01
  560 -2.854831e-01
  561 -2.857067e-01
  562 -2.859268e-01
  563 -2.861435e-01
  564 -2.863568e-01
  565 -2.865668e-01
  566 -2.867736e-01
  567 -2.869771e-01
  568 -2.871775e-01
  569 -2.873748e-01
  570 -2.875690e-01
  571 -2.877603e-01
  572 -2.879485e-01
  573 -2.881339e-01
  574 -2.883163e-01
  575 -2.884960e-01
  576 -2.886729e-01
  577 -2.888470e-01
  578 -2.890184e-01
  579 -2.891872e-01
  580 -2.893533e-01
  581 -2.895169e-01
  582 -2.896780e-01
  583 -2.898365e-01
  584 -2.899926e-01
  585 -2.901463e-01
  586 -2.902976e-01
  587 -2.904466e-01
  588 -2.905932e-01
  589 -2.907376e-01
  590 -2.908798e-01
  591 -2.910197e-01
  592 -2.911575e-01
  593 -2.912932e-01
  594 -2.914268e-01
  595 -2.915583e-01
  596 -2.916877e-01
  597 -2.918152e-01
  598 -2.919407e-01
  599 -2.920643e-01
  600 -2.921859e-01
  601 -2.474268e-01
  602 -2.734294e-01
  603 -2.485870e-01
  604 -2.654812e-01
  605 -2.518564e-01
  606 -2.621687e-01
  607 -2.547498e-01
  608 -2.611029e-01
  609 -2.572160e-01
  610 -2.612621e-01
  611 -2.593980e-01
  612 -2.621004e-01
  613 -2.613865e-01
  614 -2.632956e-01
  615 -2.632242e-01
  616 -2.646532e-01
  617 -2.649283e-01
  618 -2.660562e-01
  619 -2.665066e-01
  620 -2.674365e-01
  621 -2.679639e-01
  622 -2.687564e-01
  623 -2.693059e-01
  624 -2.699978e-01
  625 -2.705396e-01
  626 -2.711542e-01
  627 -2.716734e-01
  628 -2.722263e-01
  629 -2.727165e-01
  630 -2.732190e-01
  631 -2.736785e-01
  632 -2.741389e-01
  633 -2.745687e-01
  634 -2.749937e-01
  635 -2.753961e-01
  636 -2.757910e-01
  637 -2.761686e-01
  638 -2.765380e-01
  639 -2.768936e-01
  640 -2.772411e-01
  641 -2.775776e-01
  642 -2.779063e-01
  643 -2.782258e-01
  644 -2.785383e-01
  645 -2.788431e-01
  646 -2.791415e-01
  647 -2.794333e-01
  648 -2.797194e-01
  649 -2.799997e-01
  650 -2.802749e-01
  651 -2.805450e-01
  652 -2.808104e-01
  653 -2.810713e-01
  654 -2.813279e-01
  655 -2.815804e-01
  656 -2.818291e-01
  657 -2.820739e-01
  658 -2.823151e-01
  659 -2.825528e-01
  660 -2.827871e-01
  661 -2.437992e-01
  662 -2.675225e-01
  663 -2.461268e-01
  664 -2.599604e-01
  665 -2.483293e-01
  666 -2.568716e-01
  667 -2.507844e-01
  668 -2.563207e-01
  669 -2.534211e-01
  670 -2.572115e-01
  671 -2.561224e-01
  672 -2.588704e-01
  673 -2.587827e-01
  674 -2.608829e-01
  675 -2.613228e-01
  676 -2.629984e-01
  677 -2.636911e-01
  678 -2.650711e-01
  679 -2.658600e-01
  680 -2.670217e-01
  681 -2.678205e-01
  682 -2.688133e-01
  683 -2.695771e-01
  684 -2.704344e-01
  685 -2.711426e-01
  686 -2.718889e-01
  687 -2.725347e-01
  688 -2.731892e-01
  689 -2.737735e-01
  690 -2.743516e-01
  691 -2.748792e-01
  692 -2.753940e-01
  693 -2.758712e-01
  694 -2.763334e-01
  695 -2.767671e-01
  696 -2.771860e-01
  697 -2.775828e-01
  698 -2.779659e-01
  699 -2.783316e-01
  700 -2.786853e-01
  701 -2.790252e-01
  702 -2.793546e-01
  703 -2.796730e-01
  704 -2.799824e-01
  705 -2.802829e-01
  706 -2.805757e-01
  707 -2.808612e-01
  708 -2.811401e-01
  709 -2.814129e-01
  710 -2.816801e-01
  711 -2.819420e-01
  712 -2.821991e-01
  713 -2.824516e-01
  714 -2.826999e-01
  715 -2.829441e-01
  716 -2.831845e-01
  717 -2.834213e-01
  718 -2.836546e-01
  719 -2.838846e-01
  720 -2.841113e-01
  721 -2.843350e-01
  722 -2.845556e-01
  723 -2.847733e-01
  724 -2.849881e-01
  725 -2.852001e-01
  726 -2.854094e-01
  727 -2.856160e-01
  728 -2.858199e-01
  729 -2.860211e-01
  730 -2.862198e-01
  731 -2.864159e-01
  732 -2.866095e-01
  733 -2.868005e-01
  734 -2.869891e-01
  735 -2.871753e-01
  736 -2.873589e-01
  737 -2.875402e-01
  738 -2.877191e-01
  739 -2.878957e-01
  740 -2.880698e-01
  741 -2.882417e-01
  742 -2.884113e-01
  743 -2.885785e-01
  744 -2.887436e-01
  745 -2.889063e-01
  746 -2.890669e-01
  747 -2.892253e-01
  748 -2.893815e-01
  749 -2.895356e-01
  750 -2.896876e-01
  751 -2.898374e-01
  752 -2.899852e-01
  753 -2.901309e-01
  754 -2.902747e-01
  755 -2.904164e-01
  756 -2.905561e-01
  757 -2.906938e-01
  758 -2.908297e-01
  759 -2.909636e-01
  760 -2.910956e-01
  761 -2.912258e-01
  762 -2.913541e-01
  763 -2.914806e-01
  764 -2.916054e-01
  765 -2.917283e-01
  766 -2.918495e-01
  767 -2.919690e-01
  768 -2.920868e-01
  769 -2.922029e-01
  770 -2.923173e-01
  771 -2.924301e-01
  772 -2.925413e-01
  773 -2.926509e-01
  774 -2.927589e-01
  775 -2.928654e-01
  776 -2.929703e-01
  777 -2.930737e-01
  778 -2.931757e-01
  779 -2.932761e-01
  780 -2.933752e-01
  781 -2.934728e-01
  782 -2.935689e-01
  783 -2.936637e-01
  784 -2.937572e-01
  785 -2.938492e-01
  786 -2.939400e-01
  787 -2.940294e-01
  788 -2.941175e-01
  789 -2.942044e-01
  790 -2.942900e-01
  791 -2.943743e-01
  792 -2.944574e-01
  793 -2.945393e-01
  794 -2.946201e-01
  795 -2.946996e-01
  796 -2.947780e-01
  797 -2.948552e-01
  798 -2.949314e-01
  799 -2.950064e-01
  800 -2.950803e-01
