    1     0
    2     0
    3     0
    4     0
    5     0
    6     0
    7     0
    8     0
    9     0
   10     0
   11     0
   12     0
   13 -1.759831e-01
   14 -3.777609e-01
   15 -5.969937e-01
   16 -8.310302e-01
   17 -1.079836e+00
   18 -1.344577e+00
   19 -1.626907e+00
   20 -1.928626e+00
   21 -2.251539e+00
   22 -2.597395e+00
   23 -2.967872e+00
   24 -3.364578e+00
   25 -3.789061e+00
   26 -4.242815e+00
   27 -4.727282e+00
   28 -5.243857e+00
   29 -5.793886e+00
   30 -6.378655e+00
   31 -6.999392e+00
   32 -7.657247e+00
   33 -8.353284e+00
   34 -9.088462e+00
   35 -9.863618e+00
   36 -1.067945e+01
   37 -1.153647e+01
   38 -1.243504e+01
   39 -1.337525e+01
   40 -1.435697e+01
   41 -1.537976e+01
   42 -1.644288e+01
   43 -1.754520e+01
   44 -1.868519e+01
   45 -1.986084e+01
   46 -2.106965e+01
   47 -2.230854e+01
   48 -2.357381e+01
   49 -2.486102e+01
   50 -2.616503e+01
   51 -2.747979e+01
   52 -2.879837e+01
   53 -3.011280e+01
   54 -3.141404e+01
   55 -3.269181e+01
   56 -3.393454e+01
   57 -3.512926e+01
   58 -3.626142e+01
   59 -3.731486e+01
   60 -3.827159e+01
   61 -3.911171e+01
   62 -3.981324e+01
   63 -4.035196e+01
   64 -4.070127e+01
   65 -4.083202e+01
   66 -4.071230e+01
   67 -4.030730e+01
   68 -3.957911e+01
   69 -3.848651e+01
   70 -3.698475e+01
   71 -3.502541e+01
   72 -3.255608e+01
   73 -2.952025e+01
   74 -2.585700e+01
   75 -2.150079e+01
   76 -1.638127e+01
   77 -1.042300e+01
   78 -3.545210e+00
   79 4.338391e+00
   80 1.331988e+01
   81 2.349734e+01
   82 3.497507e+01
   83 4.786382e+01
   84 6.228097e+01
   85 7.835071e+01
   86 9.620425e+01
   87 1.159799e+02
   88 1.378233e+02
   89 1.618874e+02
   90 1.883325e+02
   91 2.173265e+02
   92 2.490446e+02
   93 2.836692e+02
   94 3.213903e+02
   95 3.624044e+02
   96 4.069150e+02
   97 4.551320e+02
   98 5.072712e+02
   99 5.635536e+02
  100 6.242050e+02
  101 6.894552e+02
  102 7.595369e+02
  103 8.346847e+02
  104 9.151340e+02
  105 1.001119e+03
  106 1.092873e+03
  107 1.190623e+03
  108 1.294590e+03
  109 1.404989e+03
  110 1.522022e+03
  111 1.645875e+03
  112 1.776720e+03
  113 1.914707e+03
  114 2.059960e+03
  115 2.212577e+03
  116 2.372618e+03
  117 2.540108e+03
  118 2.715024e+03
  119 2.897294e+03
  120 3.086788e+03
  121 3.283311e+03
  122 3.486594e+03
  123 3.696288e+03
  124 3.911950e+03
  125 4.133040e+03
  126 4.358903e+03
  127 4.588761e+03
  128 4.821699e+03
  129 5.056654e+03
  130 5.292398e+03
  131 5.528077e+03
  132 5.761397e+03
  133 5.990612e+03
  134 6.213708e+03
  135 6.428403e+03
  136 6.632137e+03
  137 6.822047e+03
  138 6.994952e+03
  139 7.147325e+03
  140 7.275271e+03
  141 7.374495e+03
  142 7.440279e+03
  143 7.467448e+03
  144 7.450343e+03
  145 7.382782e+03
  146 7.258034e+03
  147 7.068779e+03
  148 6.807072e+03
  149 6.464306e+03
  150 6.031176e+03
  151 5.497634e+03
  152 4.852855e+03
  153 4.085192e+03
  154 3.182134e+03
  155 2.130268e+03
  156 9.152325e+02
  157 -4.783215e+02
  158 -2.066773e+03
  159 -3.867572e+03
  160 -5.899278e+03
  161 -8.181600e+03
  162 -1.073543e+04
  163 -1.358288e+04
  164 -1.674730e+04
  165 -2.025334e+04
  166 -2.412692e+04
  167 -2.839530e+04
  168 -3.308704e+04
  169 -3.823204e+04
  170 -4.386154e+04
  171 -5.000809e+04
  172 -5.670550e+04
  173 -6.398888e+04
  174 -7.189452e+04
  175 -8.045985e+04
  176 -8.972340e+04
  177 -9.972464e+04
  178 -1.105039e+05
  179 -1.221022e+05
  180 -1.345612e+05
  181 -1.479229e+05
  182 -1.622292e+05
  183 -1.775223e+05
  184 -1.938437e+05
  185 -2.112343e+05
  186 -2.297339e+05
  187 -2.493808e+05
  188 -2.702113e+05
  189 -2.922594e+05
  190 -3.155558e+05
  191 -3.401278e+05
  192 -3.659981e+05
  193 -3.931845e+05
  194 -4.216987e+05
  195 -4.515454e+05
  196 -4.827216e+05
  197 -5.152153e+05
  198 -5.490040e+05
  199 -5.840540e+05
  200 -6.203186e+05
  201 -6.577364e+05
  202 -6.962301e+05
  203 -7.357044e+05
  204 -7.760441e+05
  205 -8.171122e+05
  206 -8.587474e+05
  207 -9.007619e+05
  208 -9.429387e+05
  209 -9.850290e+05
  210 -1.026749e+06
  211 -1.067778e+06
  212 -1.107752e+06
  213 -1.146264e+06
  214 -1.182858e+06
  215 -1.217026e+06
  216 -1.248202e+06
  217 -1.275761e+06
  218 -1.299012e+06
  219 -1.317191e+06
  220 -1.329462e+06
  221 -1.334906e+06
  222 -1.332517e+06
  223 -1.321200e+06
  224 -1.299757e+06
  225 -1.266888e+06
  226 -1.221183e+06
  227 -1.161112e+06
  228 -1.085021e+06
  229 -9.911248e+05
  230 -8.774993e+05
  231 -7.420737e+05
  232 -5.826239e+05
  233 -3.967647e+05
  234 -1.819420e+05
  235 6.457409e+04
  236 3.456973e+05
  237 6.645321e+05
  238 1.024381e+06
  239 1.428751e+06
  240 1.881360e+06
  241 2.386145e+06
  242 2.947264e+06
  243 3.569104e+06
  244 4.256281e+06
  245 5.013650e+06
  246 5.846300e+06
  247 6.759559e+06
  248 7.758991e+06
  249 8.850398e+06
  250 1.003981e+07
  251 1.133348e+07
  252 1.273789e+07
  253 1.425971e+07
  254 1.590581e+07
  255 1.768325e+07
  256 1.959921e+07
  257 2.166103e+07
  258 2.387615e+07
  259 2.625205e+07
  260 2.879627e+07
  261 3.151632e+07
  262 3.441964e+07
  263 3.751356e+07
  264 4.080521e+07
  265 4.430146e+07
  266 4.800884e+07
  267 5.193345e+07
  268 5.608084e+07
  269 6.045595e+07
  270 6.506291e+07
  271 6.990496e+07
  272 7.498429e+07
  273 8.030186e+07
  274 8.585725e+07
  275 9.164843e+07
  276 9.767156e+07
  277 1.039208e+08
  278 1.103879e+08
  279 1.170622e+08
  280 1.239301e+08
  281 1.309748e+08
  282 1.381761e+08
  283 1.455097e+08
  284 1.529471e+08
  285 1.604553e+08
  286 1.679957e+08
  287 1.755245e+08
  288 1.829914e+08
  289 1.903394e+08
  290 1.975044e+08
  291 2.044141e+08
  292 2.109877e+08
  293 2.171351e+08
  294 2.227561e+08
  295 2.277397e+08
  296 2.319632e+08
  297 2.352913e+08
  298 2.375755e+08
  299 2.386526e+08
  300 2.383443e+08
  301 2.364557e+08
  302 2.327745e+08
  303 2.270696e+08
  304 2.190904e+08
  305 2.085652e+08
  306 1.952001e+08
  307 1.786778e+08
  308 1.586563e+08
  309 1.347675e+08
  310 1.066159e+08
  311 7.377743e+07
  312 3.579787e+07
  313 -7.808358e+06
  314 -5.755953e+07
  315 -1.140080e+08
  316 -1.777412e+08
  317 -2.493835e+08
  318 -3.295965e+08
  319 -4.190810e+08
  320 -5.185771e+08
  321 -6.288659e+08
  322 -7.507699e+08
  323 -8.851532e+08
  324 -1.032923e+09
  325 -1.195027e+09
  326 -1.372459e+09
  327 -1.566251e+09
  328 -1.777479e+09
  329 -2.007259e+09
  330 -2.256743e+09
  331 -2.527125e+09
  332 -2.819630e+09
  333 -3.135514e+09
  334 -3.476064e+09
  335 -3.842589e+09
  336 -4.236415e+09
  337 -4.658884e+09
  338 -5.111340e+09
  339 -5.595127e+09
  340 -6.111578e+09
  341 -6.662005e+09
  342 -7.247685e+09
  343 -7.869852e+09
  344 -8.529679e+09
  345 -9.228262e+09
  346 -9.966605e+09
  347 -1.074560e+10
  348 -1.156599e+10
  349 -1.242838e+10
  350 -1.333317e+10
  351 -1.428055e+10
  352 -1.527047e+10
  353 -1.630259e+10
  354 -1.737625e+10
  355 -1.849044e+10
  356 -1.964371e+10
  357 -2.083421e+10
  358 -2.205953e+10
  359 -2.331673e+10
  360 -2.460223e+10
  361 -2.591176e+10
  362 -2.724031e+10
  363 -2.858199e+10
  364 -2.993005e+10
  365 -3.127667e+10
  366 -3.261299e+10
  367 -3.392892e+10
  368 -3.521309e+10
  369 -3.645269e+10
  370 -3.763342e+10
  371 -3.873929e+10
  372 -3.975254e+10
  373 -4.065348e+10
  374 -4.142034e+10
  375 -4.202914e+10
  376 -4.245348e+10
  377 -4.266443e+10
  378 -4.263032e+10
  379 -4.231654e+10
  380 -4.168538e+10
  381 -4.069582e+10
  382 -3.930332e+10
  383 -3.745962e+10
  384 -3.511248e+10
  385 -3.220553e+10
  386 -2.867796e+10
  387 -2.446435e+10
  388 -1.949438e+10
  389 -1.369263e+10
  390 -6.978348e+09
  391 7.348448e+08
  392 9.539140e+09
  393 1.953280e+10
  394 3.082037e+10
  395 4.351291e+10
  396 5.772822e+10
  397 7.359100e+10
  398 9.123304e+10
  399 1.107934e+11
  400 1.324186e+11
  401 1.562624e+11
  402 1.824865e+11
  403 2.112599e+11
  404 2.427593e+11
  405 2.771690e+11
  406 3.146806e+11
  407 3.554930e+11
  408 3.998120e+11
  409 4.478502e+11
  410 4.998262e+11
  411 5.559645e+11
  412 6.164945e+11
  413 6.816498e+11
  414 7.516677e+11
  415 8.267876e+11
  416 9.072501e+11
  417 9.932956e+11
  418 1.085162e+12
  419 1.183086e+12
  420 1.287294e+12
  421 1.398009e+12
  422 1.515442e+12
  423 1.639789e+12
  424 1.771231e+12
  425 1.909930e+12
  426 2.056021e+12
  427 2.209614e+12
  428 2.370784e+12
  429 2.539568e+12
  430 2.715961e+12
  431 2.899905e+12
  432 3.091289e+12
  433 3.289935e+12
  434 3.495595e+12
  435 3.707939e+12
  436 3.926548e+12
  437 4.150902e+12
  438 4.380373e+12
  439 4.614206e+12
  440 4.851515e+12
  441 5.091264e+12
  442 5.332254e+12
  443 5.573107e+12
  444 5.812251e+12
  445 6.047902e+12
  446 6.278045e+12
  447 6.500413e+12
  448 6.712469e+12
  449 6.911379e+12
  450 7.093995e+12
  451 7.256823e+12
  452 7.396003e+12
  453 7.507279e+12
  454 7.585967e+12
  455 7.626931e+12
  456 7.624548e+12
  457 7.572674e+12
  458 7.464613e+12
  459 7.293077e+12
  460 7.050156e+12
  461 6.727273e+12
  462 6.315148e+12
  463 5.803761e+12
  464 5.182305e+12
  465 4.439148e+12
  466 3.561791e+12
  467 2.536824e+12
  468 1.349883e+12
  469 -1.439324e+10
  470 -1.572404e+12
  471 -3.341630e+12
  472 -5.340674e+12
  473 -7.589299e+12
  474 -1.010847e+13
  475 -1.292038e+13
  476 -1.604850e+13
  477 -1.951758e+13
  478 -2.335371e+13
  479 -2.758429e+13
  480 -3.223811e+13
  481 -3.734528e+13
  482 -4.293730e+13
  483 -4.904699e+13
  484 -5.570852e+13
  485 -6.295736e+13
  486 -7.083019e+13
  487 -7.936494e+13
  488 -8.860062e+13
  489 -9.857727e+13
  490 -1.093358e+14
  491 -1.209181e+14
  492 -1.333664e+14
  493 -1.467234e+14
  494 -1.610323e+14
  495 -1.763360e+14
  496 -1.926772e+14
  497 -2.100980e+14
  498 -2.286393e+14
  499 -2.483410e+14
  500 -2.692407e+14
  501 -291374116032610
  502 -314773705063199
  503 -3.394685e+14
  504 -3.654834e+14
  505 -3.928383e+14
  506 -4.215470e+14
  507 -4.516170e+14
  508 -4.830477e+14
  509 -5.158299e+14
  510 -5.499442e+14
  511 -5.853600e+14
  512 -6.220339e+14
  513 -6.599082e+14
  514 -6.989093e+14
  515 -7.389458e+14
  516 -7.799068e+14
  517 -821659478779380
  518 -8.640473e+14
  519 -9.068871e+14
  520 -949966938147356
  521 -9.930433e+14
  522 -1.035838e+15
  523 -1.078035e+15
  524 -1.119277e+15
  525 -1159163816111604
  526 -1.197244e+15
  527 -1233017076868731
  528 -1.265923e+15
  529 -1295343922427347
  530 -1320593815993115
  531 -1340917744887447
  532 -1.355485e+15
  533 -1.363383e+15
  534 -1.363615e+15
  535 -1.355089e+15
  536 -1.336615e+15
  537 -1.306901e+15
  538 -1264539627144424
  539 -1.208008e+15
  540 -1.135658e+15
  541 -1.045707e+15
  542 -9.362353e+14
  543 -8.051752e+14
  544 -650304330193336
  545 -4.692382e+14
  546 -2.594225e+14
  547 -1.812510e+13
  548 2.575710e+14
  549 5.707758e+14
  550 924799072312703
  551 1.323158e+15
  552 1769582928735844
  553 2.268025e+15
  554 2.822662e+15
  555 3.437902e+15
  556 4.118388e+15
  557 4869003137234436
  558 5694872620791506
  559 6601363752422184
  560 7594086960761858
  561 8678893865663954
  562 9861873822162828
  563 11149348440849148
  564 12547863832484700
  565 14064180303527296
  566 15705259206836592
  567 17478246628155640
  568 19390453563982488
  569 21449332220136628
  570 23662448032667292
  571 26037446983731632
  572 28582017754683828
  573 31303848226863160
  574 34210575807460464
  575 37309731023398880
  576 40608673790419280
  577 44114521727557880
  578 47834069849004048
  579 51773700926005984
  580 55939285771144832
  581 60336072656039024
  582 64968565031505296
  583 69840386676552864
  584 74954133359509456
  585 80311210051289632
  586 85911652687565952
  587 91753933433676608
  588 97834748363821600
  589 104148786424827296
  590 110688478514907040
  591 117443725469869920
  592 124401603713644384
  593 131546047297355840
  594 138857505022158400
  595 146312571316268096
  596 153883589516946432
  597 161538226194383936
  598 169239015147460288
  599 176942869702226752
  600 184600561953774144
  601 192156167612127360
  602 199546475144254880
  603 206700357948630656
  604 213538108357580352
  605 219970732337558080
  606 225899203850341984
  607 231213677950852736
  608 235792661831989760
  609 239502143185795808
  610 242194675435817952
  611 243708419610326112
  612 243866142872842624
  613 242474174008185216
  614 239321316482083072
  615 234177720053738656
  616 226793712327043712
  617 216898592081286432
  618 204199386730114016
  619 188379576822460576
  620 169097791125576960
  621 145986476522901952
  622 118650547723233968
  623 86666022617672016
  624 49578650042524736
  625 6902537715502256
  626 -41881210785084120
  627 -97325839926534432
  628 -160020255634121920
  629 -230590295410236992
  630 -309699940821586240
  631 -398052456350097920
  632 -496391436804095488
  633 -605501743546379392
  634 -726210307707600512
  635 -859386776309108224
  636 -1005943974811619328
  637 -1166838157026852608
  638 -1343069010571001856
  639 -1535679383093897216
  640 -1745754691378404352
  641 -1974421972063654144
  642 -2222848529195981312
  643 -2492240130046185472
  644 -2783838696644592128
  645 -3098919436270530560
  646 -3438787349685099008
  647 -3804773051211047936
  648 -4198227829837750272
  649 -4620517875360070656
  650 -5073017588146313216
  651 -5557101885472405504
  652 -6074137411458883584
  653 -6625472551507617792
  654 -7212426145762172928
  655 -7836274789517230080
  656 -8498238601688977408
  657 -9199465335443309568
  658 -9.941013e+18
  659 -1.072383e+19
  660 -1.154873e+19
  661 -1.241638e+19
  662 -1.332725e+19
  663 -1.428162e+19
  664 -1.527952e+19
  665 -1.632069e+19
  666 -1.740456e+19
  667 -1.853023e+19
  668 -1.969637e+19
  669 -2.090121e+19
  670 -2.214249e+19
  671 -2.341737e+19
  672 -2.472242e+19
  673 -2.605351e+19
  674 -2.740576e+19
  675 -2.877345e+19
  676 -3.014996e+19
  677 -3.152768e+19
  678 -3.289789e+19
  679 -3.425068e+19
  680 -3.557488e+19
  681 -3.685787e+19
  682 -3.808553e+19
  683 -3.924210e+19
  684 -4.031000e+19
  685 -4.126975e+19
  686 -4.209982e+19
  687 -4.277642e+19
  688 -4.327338e+19
  689 -4.356199e+19
  690 -4.361077e+19
  691 -4.338534e+19
  692 -4.284820e+19
  693 -4.195852e+19
  694 -4.067195e+19
  695 -3.894040e+19
  696 -3.671181e+19
  697 -3.392994e+19
  698 -3.053410e+19
  699 -2.645896e+19
  700 -2.163428e+19
  701 -1.598468e+19
  702 -9.429375e+18
  703 -1881948272243492864
  704 6749898638395287552
  705 1.656459e+19
  706 2.766690e+19
  707 4.016819e+19
  708 5.418664e+19
  709 6.984742e+19
  710 8.728290e+19
  711 1.066328e+20
  712 1.280444e+20
  713 1.516726e+20
  714 1.776800e+20
  715 2.062369e+20
  716 2.375214e+20
  717 2.717194e+20
  718 3.090245e+20
  719 3.496374e+20
  720 3.937663e+20
  721 4.416264e+20
  722 4.934391e+20
  723 5.494320e+20
  724 6.098381e+20
  725 6.748950e+20
  726 7.448439e+20
  727 8.199290e+20
  728 9.003959e+20
  729 9.864906e+20
  730 1.078458e+21
  731 1.176538e+21
  732 1.280969e+21
  733 1.391979e+21
  734 1.509786e+21
  735 1.634598e+21
  736 1.766605e+21
  737 1.905979e+21
  738 2.052866e+21
  739 2.207388e+21
  740 2.369634e+21
  741 2.539654e+21
  742 2.717457e+21
  743 2.903004e+21
  744 3.096197e+21
  745 3.296878e+21
  746 3.504817e+21
  747 3.719704e+21
  748 3.941142e+21
  749 4.168634e+21
  750 4.401572e+21
  751 4.639230e+21
  752 4.880745e+21
  753 5.125110e+21
  754 5.371152e+21
  755 5.617525e+21
  756 5.862688e+21
  757 6.104887e+21
  758 6.342141e+21
  759 6.572217e+21
  760 6.792612e+21
  761 7.000531e+21
  762 7.192860e+21
  763 7.366145e+21
  764 7.516562e+21
  765 7.639894e+21
  766 7.731497e+21
  767 7.786272e+21
  768 7.798635e+21
  769 7.762480e+21
  770 7.671146e+21
  771 7.517384e+21
  772 7.293315e+21
  773 6.990395e+21
  774 6.599375e+21
  775 6.110257e+21
  776 5.512258e+21
  777 4.793764e+21
  778 3.942289e+21
  779 2.944427e+21
  780 1.785814e+21
  781 4.510805e+20
  782 -1.076191e+21
  783 -2.813509e+21
  784 -4.779516e+21
  785 -6.994029e+21
  786 -9.478078e+21
  787 -1.225394e+22
  788 -1.534519e+22
  789 -1.877669e+22
  790 -2.257468e+22
  791 -2.676673e+22
  792 -3.138180e+22
  793 -3.645025e+22
  794 -4.200381e+22
  795 -4.807560e+22
  796 -5.470011e+22
  797 -6.191316e+22
  798 -6.975186e+22
  799 -7.825457e+22
  800 -8.746082e+22
