    1     0
    2     0
    3     0
    4     0
    5     0
    6     0
    7     0
    8     0
    9     0
   10     0
   11     0
   12     0
   13 -1.306930e-01
   14 -2.673235e-01
   15 -4.079256e-01
   16 -5.517601e-01
   17 -6.989830e-01
   18 -8.501671e-01
   19 -1.006041e+00
   20 -1.167357e+00
   21 -1.334828e+00
   22 -1.509107e+00
   23 -1.690779e+00
   24 -1.880367e+00
   25 -2.078342e+00
   26 -2.285130e+00
   27 -2.501120e+00
   28 -2.726672e+00
   29 -2.962123e+00
   30 -3.207789e+00
   31 -3.463968e+00
   32 -3.730946e+00
   33 -4.008994e+00
   34 -4.298370e+00
   35 -4.599318e+00
   36 -4.912070e+00
   37 -5.236844e+00
   38 -5.573839e+00
   39 -5.923243e+00
   40 -6.285220e+00
   41 -6.659916e+00
   42 -7.047457e+00
   43 -7.447940e+00
   44 -7.861440e+00
   45 -8.287999e+00
   46 -8.727630e+00
   47 -9.180308e+00
   48 -9.645974e+00
   49 -1.012453e+01
   50 -1.061582e+01
   51 -1.111966e+01
   52 -1.163580e+01
   53 -1.216393e+01
   54 -1.270371e+01
   55 -1.325471e+01
   56 -1.381643e+01
   57 -1.438831e+01
   58 -1.496971e+01
   59 -1.555989e+01
   60 -1.615805e+01
   61 -1.676326e+01
   62 -1.737454e+01
   63 -1.799074e+01
   64 -1.861065e+01
   65 -1.923292e+01
   66 -1.985607e+01
   67 -2.047848e+01
   68 -2.109841e+01
   69 -2.171396e+01
   70 -2.232306e+01
   71 -2.292349e+01
   72 -2.351285e+01
   73 -2.408855e+01
   74 -2.464782e+01
   75 -2.518767e+01
   76 -2.570492e+01
   77 -2.619614e+01
   78 -2.665768e+01
   79 -2.708565e+01
   80 -2.747589e+01
   81 -2.782398e+01
   82 -2.812522e+01
   83 -2.837463e+01
   84 -2.856690e+01
   85 -2.869642e+01
   86 -2.875724e+01
   87 -2.874308e+01
   88 -2.864729e+01
   89 -2.846286e+01
   90 -2.818239e+01
   91 -2.779807e+01
   92 -2.730170e+01
   93 -2.668463e+01
   94 -2.593778e+01
   95 -2.505160e+01
   96 -2.401609e+01
   97 -2.282073e+01
   98 -2.145453e+01
   99 -1.990595e+01
  100 -1.816295e+01
  101 -1.621292e+01
  102 -1.404269e+01
  103 -1.163853e+01
  104 -8.986111e+00
  105 -6.070485e+00
  106 -2.876106e+00
  107 6.132119e-01
  108 4.414294e+00
  109 8.544620e+00
  110 1.302234e+01
  111 1.786626e+01
  112 2.309591e+01
  113 2.873147e+01
  114 3.479384e+01
  115 4.130463e+01
  116 4.828615e+01
  117 5.576142e+01
  118 6.375419e+01
  119 7.228890e+01
  120 8.139071e+01
  121 9.108550e+01
  122 1.013998e+02
  123 1.123609e+02
  124 1.239967e+02
  125 1.363359e+02
  126 1.494075e+02
  127 1.632415e+02
  128 1.778683e+02
  129 1.933189e+02
  130 2.096249e+02
  131 2.272303e+02
  132 2.456582e+02
  133 2.649817e+02
  134 2.852559e+02
  135 3.065285e+02
  136 3.288429e+02
  137 3.522392e+02
  138 3.767558e+02
  139 4.024297e+02
  140 4.292970e+02
  141 4.573930e+02
  142 4.867521e+02
  143 5.174083e+02
  144 5.493946e+02
  145 5.827433e+02
  146 6.174857e+02
  147 6.536521e+02
  148 6.912713e+02
  149 7.303712e+02
  150 7.709776e+02
  151 8.131148e+02
  152 8.568051e+02
  153 9.020683e+02
  154 9.489222e+02
  155 9.973813e+02
  156 1.047457e+03
  157 1.099159e+03
  158 1.152490e+03
  159 1.207452e+03
  160 1.264041e+03
  161 1.322249e+03
  162 1.382061e+03
  163 1.443460e+03
  164 1.506419e+03
  165 1.570908e+03
  166 1.636887e+03
  167 1.704310e+03
  168 1.773125e+03
  169 1.843267e+03
  170 1.914665e+03
  171 1.987238e+03
  172 2.060892e+03
  173 2.135527e+03
  174 2.211025e+03
  175 2.287259e+03
  176 2.364089e+03
  177 2.441358e+03
  178 2.518898e+03
  179 2.596521e+03
  180 2.674024e+03
  181 2.751187e+03
  182 2.827770e+03
  183 2.903514e+03
  184 2.978139e+03
  185 3.051342e+03
  186 3.122799e+03
  187 3.192160e+03
  188 3.259049e+03
  189 3.323067e+03
  190 3.383782e+03
  191 3.440736e+03
  192 3.493440e+03
  193 3.541372e+03
  194 3.583975e+03
  195 3.620661e+03
  196 3.650802e+03
  197 3.673733e+03
  198 3.688750e+03
  199 3.695105e+03
  200 3.692011e+03
  201 3.678627e+03
  202 3.654121e+03
  203 3.617550e+03
  204 3.567927e+03
  205 3.504215e+03
  206 3.425329e+03
  207 3.330127e+03
  208 3.217411e+03
  209 3.085926e+03
  210 2.934354e+03
  211 2.761316e+03
  212 2.565367e+03
  213 2.344997e+03
  214 2.098627e+03
  215 1.824606e+03
  216 1.521214e+03
  217 1.186656e+03
  218 8.190614e+02
  219 4.164815e+02
  220 -2.310968e+01
  221 -5.019381e+02
  222 -1.022028e+03
  223 -1.585671e+03
  224 -2.195233e+03
  225 -2.853162e+03
  226 -3.561988e+03
  227 -4.324329e+03
  228 -5.142889e+03
  229 -6.020460e+03
  230 -6.959922e+03
  231 -7.964246e+03
  232 -9.036489e+03
  233 -1.017980e+04
  234 -1.139740e+04
  235 -1.269263e+04
  236 -1.406888e+04
  237 -1.552965e+04
  238 -1.707851e+04
  239 -1.871910e+04
  240 -2.045517e+04
  241 -2.229050e+04
  242 -2.422897e+04
  243 -2.627452e+04
  244 -2.843114e+04
  245 -3.070289e+04
  246 -3.309387e+04
  247 -3.560822e+04
  248 -3.825012e+04
  249 -4.102377e+04
  250 -4.393340e+04
  251 -4.698324e+04
  252 -5.017751e+04
  253 -5.352043e+04
  254 -5.701618e+04
  255 -6.066890e+04
  256 -6.448268e+04
  257 -6.846153e+04
  258 -7.260939e+04
  259 -7.693006e+04
  260 -8.142722e+04
  261 -8.610456e+04
  262 -9.096526e+04
  263 -9.601252e+04
  264 -1.012493e+05
  265 -1.066783e+05
  266 -1.123018e+05
  267 -1.181221e+05
  268 -1.241409e+05
  269 -1.303595e+05
  270 -1.367789e+05
  271 -1.433995e+05
  272 -1.502215e+05
  273 -1.572441e+05
  274 -1.644663e+05
  275 -1.718863e+05
  276 -1.795015e+05
  277 -1.873088e+05
  278 -1.953040e+05
  279 -2.034823e+05
  280 -2.118378e+05
  281 -2.203636e+05
  282 -2.290518e+05
  283 -2.378933e+05
  284 -2.468777e+05
  285 -2.559936e+05
  286 -2.652278e+05
  287 -2.745660e+05
  288 -2.839919e+05
  289 -2.934879e+05
  290 -3.030346e+05
  291 -3.126104e+05
  292 -3.221922e+05
  293 -3.317543e+05
  294 -3.412691e+05
  295 -3.507067e+05
  296 -3.600345e+05
  297 -3.692175e+05
  298 -3.782178e+05
  299 -3.869949e+05
  300 -3.955049e+05
  301 -4.037010e+05
  302 -4.115330e+05
  303 -4.189473e+05
  304 -4.258864e+05
  305 -4.322892e+05
  306 -4.380907e+05
  307 -4.432213e+05
  308 -4.476075e+05
  309 -4.511710e+05
  310 -4.538288e+05
  311 -4.554930e+05
  312 -4.560705e+05
  313 -4.554629e+05
  314 -4.535662e+05
  315 -4.502706e+05
  316 -4.454605e+05
  317 -4.390139e+05
  318 -4.308024e+05
  319 -4.206909e+05
  320 -4.085376e+05
  321 -3.941934e+05
  322 -3.775020e+05
  323 -3.582993e+05
  324 -3.364137e+05
  325 -3.116654e+05
  326 -2.838663e+05
  327 -2.528199e+05
  328 -2.183209e+05
  329 -1.801552e+05
  330 -1.380995e+05
  331 -9.192099e+04
  332 -4.137754e+04
  333 1.378286e+04
  334 7.382215e+04
  335 1.390124e+05
  336 2.096359e+05
  337 2.859854e+05
  338 3.683644e+05
  339 4.570867e+05
  340 5.524771e+05
  341 6.548715e+05
  342 7.646163e+05
  343 8.820691e+05
  344 1.007599e+06
  345 1.141584e+06
  346 1.284416e+06
  347 1.436495e+06
  348 1.598234e+06
  349 1.770055e+06
  350 1.952390e+06
  351 2.145683e+06
  352 2.350385e+06
  353 2.566959e+06
  354 2.795875e+06
  355 3.037614e+06
  356 3.292661e+06
  357 3.561513e+06
  358 3.844670e+06
  359 4.142639e+06
  360 4.455933e+06
  361 4.785068e+06
  362 5.130564e+06
  363 5.492942e+06
  364 5.872723e+06
  365 6.270431e+06
  366 6.686583e+06
  367 7.121695e+06
  368 7.576279e+06
  369 8.050835e+06
  370 8.545858e+06
  371 9.061830e+06
  372 9.599219e+06
  373 1.015848e+07
  374 1.074004e+07
  375 1.134431e+07
  376 1.197168e+07
  377 1.262250e+07
  378 1.329711e+07
  379 1.399578e+07
  380 1.471878e+07
  381 1.546632e+07
  382 1.623854e+07
  383 1.703556e+07
  384 1.785742e+07
  385 1.870411e+07
  386 1.957556e+07
  387 2.047160e+07
  388 2.139199e+07
  389 2.233641e+07
  390 2.330444e+07
  391 2.429556e+07
  392 2.530915e+07
  393 2.634445e+07
  394 2.740059e+07
  395 2.847657e+07
  396 2.957123e+07
  397 3.068328e+07
  398 3.181125e+07
  399 3.295351e+07
  400 3.410821e+07
  401 3.527335e+07
  402 3.644670e+07
  403 3.762580e+07
  404 3.880798e+07
  405 3.999029e+07
  406 4.116956e+07
  407 4.234230e+07
  408 4.350475e+07
  409 4.465286e+07
  410 4.578222e+07
  411 4.688810e+07
  412 4.796542e+07
  413 4.900870e+07
  414 5.001208e+07
  415 5.096930e+07
  416 5.187362e+07
  417 5.271790e+07
  418 5.349449e+07
  419 5.419525e+07
  420 5.481152e+07
  421 5.533410e+07
  422 5.575323e+07
  423 5.605855e+07
  424 5.623908e+07
  425 5.628321e+07
  426 5.617868e+07
  427 5.591250e+07
  428 5.547101e+07
  429 5.483976e+07
  430 5.400356e+07
  431 5.294640e+07
  432 5.165147e+07
  433 5.010108e+07
  434 4.827667e+07
  435 4.615875e+07
  436 4.372692e+07
  437 4.095979e+07
  438 3.783497e+07
  439 3.432906e+07
  440 3.041761e+07
  441 2.607507e+07
  442 2.127479e+07
  443 1.598899e+07
  444 1.018874e+07
  445 3.843905e+06
  446 -3.076847e+06
  447 -1.060608e+07
  448 -1.877761e+07
  449 -2.762653e+07
  450 -3.718922e+07
  451 -4.750337e+07
  452 -5.860798e+07
  453 -7.054341e+07
  454 -8.335132e+07
  455 -9.707477e+07
  456 -1.117581e+08
  457 -1.274472e+08
  458 -1.441889e+08
  459 -1.620319e+08
  460 -1.810258e+08
  461 -2.012218e+08
  462 -2.226722e+08
  463 -2.454306e+08
  464 -2.695520e+08
  465 -2.950923e+08
  466 -3.221089e+08
  467 -3.506600e+08
  468 -3.808050e+08
  469 -4.126042e+08
  470 -4.461189e+08
  471 -4.814110e+08
  472 -5.185433e+08
  473 -5.575791e+08
  474 -5.985823e+08
  475 -6.416169e+08
  476 -6.867474e+08
  477 -7.340382e+08
  478 -7.835536e+08
  479 -8.353577e+08
  480 -8.895139e+08
  481 -9.460850e+08
  482 -1.005133e+09
  483 -1.066718e+09
  484 -1.130901e+09
  485 -1.197737e+09
  486 -1.267282e+09
  487 -1.339590e+09
  488 -1.414710e+09
  489 -1.492690e+09
  490 -1.573572e+09
  491 -1.657396e+09
  492 -1.744198e+09
  493 -1.834007e+09
  494 -1.926848e+09
  495 -2.022739e+09
  496 -2.121692e+09
  497 -2.223711e+09
  498 -2.328794e+09
  499 -2.436928e+09
  500 -2.548093e+09
  501 -2.662256e+09
  502 -2.779376e+09
  503 -2.899399e+09
  504 -3.022257e+09
  505 -3.147871e+09
  506 -3.276145e+09
  507 -3.406969e+09
  508 -3.540216e+09
  509 -3.675740e+09
  510 -3.813376e+09
  511 -3.952939e+09
  512 -4.094223e+09
  513 -4.236999e+09
  514 -4.381012e+09
  515 -4.525981e+09
  516 -4.671600e+09
  517 -4.817530e+09
  518 -4.963405e+09
  519 -5.108823e+09
  520 -5.253350e+09
  521 -5.396515e+09
  522 -5.537807e+09
  523 -5.676677e+09
  524 -5.812533e+09
  525 -5.944737e+09
  526 -6.072605e+09
  527 -6.195405e+09
  528 -6.312351e+09
  529 -6.422606e+09
  530 -6.525272e+09
  531 -6.619397e+09
  532 -6.703963e+09
  533 -6.777889e+09
  534 -6.840027e+09
  535 -6.889156e+09
  536 -6.923986e+09
  537 -6.943146e+09
  538 -6.945188e+09
  539 -6.928581e+09
  540 -6.891709e+09
  541 -6.832863e+09
  542 -6.750247e+09
  543 -6.641965e+09
  544 -6.506023e+09
  545 -6.340325e+09
  546 -6.142668e+09
  547 -5.910739e+09
  548 -5.642113e+09
  549 -5.334247e+09
  550 -4.984479e+09
  551 -4.590022e+09
  552 -4.147964e+09
  553 -3.655259e+09
  554 -3.108731e+09
  555 -2.505063e+09
  556 -1.840801e+09
  557 -1.112344e+09
  558 -3.159458e+08
  559 5.522892e+08
  560 1.496410e+09
  561 2.520619e+09
  562 3.629279e+09
  563 4.826909e+09
  564 6.118193e+09
  565 7.507976e+09
  566 9.001268e+09
  567 1.060325e+10
  568 1.231926e+10
  569 1.415480e+10
  570 1.611557e+10
  571 1.820740e+10
  572 2.043630e+10
  573 2.280844e+10
  574 2.533016e+10
  575 2.800795e+10
  576 3.084847e+10
  577 3.385851e+10
  578 3.704502e+10
  579 4.041509e+10
  580 4.397594e+10
  581 4.773493e+10
  582 5.169952e+10
  583 5.587728e+10
  584 6.027588e+10
  585 6.490309e+10
  586 6.976672e+10
  587 7.487468e+10
  588 8.023487e+10
  589 8.585526e+10
  590 9.174378e+10
  591 9.790838e+10
  592 1.043569e+11
  593 1.110973e+11
  594 1.181372e+11
  595 1.254842e+11
  596 1.331457e+11
  597 1.411291e+11
  598 1.494414e+11
  599 1.580894e+11
  600 1.670795e+11
  601 1.764178e+11
  602 1.861100e+11
  603 1.961615e+11
  604 2.065770e+11
  605 2.173607e+11
  606 2.285161e+11
  607 2.400462e+11
  608 2.519531e+11
  609 2.642381e+11
  610 2.769015e+11
  611 2.899428e+11
  612 3.033603e+11
  613 3.171511e+11
  614 3.313111e+11
  615 3.458349e+11
  616 3.607154e+11
  617 3.759441e+11
  618 3.915108e+11
  619 4.074034e+11
  620 4.236078e+11
  621 4.401079e+11
  622 4.568852e+11
  623 4.739191e+11
  624 4.911862e+11
  625 5.086605e+11
  626 5.263130e+11
  627 5.441118e+11
  628 5.620217e+11
  629 5.800039e+11
  630 5.980163e+11
  631 6.160126e+11
  632 6.339425e+11
  633 6.517517e+11
  634 6.693810e+11
  635 6.867666e+11
  636 7.038396e+11
  637 7.205259e+11
  638 7.367458e+11
  639 7.524137e+11
  640 7.674380e+11
  641 7.817205e+11
  642 7.951565e+11
  643 8.076339e+11
  644 8.190337e+11
  645 8.292287e+11
  646 8.380841e+11
  647 8.454563e+11
  648 8.511933e+11
  649 8.551337e+11
  650 8.571066e+11
  651 8.569315e+11
  652 8.544173e+11
  653 8.493624e+11
  654 8.415540e+11
  655 8.307679e+11
  656 8.167679e+11
  657 7.993056e+11
  658 7.781198e+11
  659 7.529359e+11
  660 7.234660e+11
  661 6.894079e+11
  662 6.504451e+11
  663 6.062461e+11
  664 5.564640e+11
  665 5.007362e+11
  666 4.386839e+11
  667 3.699116e+11
  668 2.940070e+11
  669 2.105400e+11
  670 1.190630e+11
  671 1.911022e+10
  672 -8.980288e+10
  673 -2.081796e+11
  674 -3.365423e+11
  675 -4.754331e+11
  676 -6.254137e+11
  677 -7.870658e+11
  678 -9.609915e+11
  679 -1.147813e+12
  680 -1.348173e+12
  681 -1.562735e+12
  682 -1.792183e+12
  683 -2.037222e+12
  684 -2.298577e+12
  685 -2.576993e+12
  686 -2.873236e+12
  687 -3.188091e+12
  688 -3.522365e+12
  689 -3.876881e+12
  690 -4.252482e+12
  691 -4.650029e+12
  692 -5.070401e+12
  693 -5.514490e+12
  694 -5.983209e+12
  695 -6.477479e+12
  696 -6.998240e+12
  697 -7.546439e+12
  698 -8.123037e+12
  699 -8728999470303
  700 -9.365302e+12
  701 -1.003292e+13
  702 -1.073284e+13
  703 -1.146605e+13
  704 -1.223351e+13
  705 -1.303620e+13
  706 -1.387509e+13
  707 -1.475112e+13
  708 -1.566524e+13
  709 -1.661836e+13
  710 -1.761136e+13
  711 -1.864512e+13
  712 -1.972046e+13
  713 -2.083817e+13
  714 -2.199899e+13
  715 -2.320363e+13
  716 -2.445273e+13
  717 -2.574685e+13
  718 -2.708650e+13
  719 -2.847210e+13
  720 -2.990401e+13
  721 -3.138245e+13
  722 -3.290757e+13
  723 -3.447940e+13
  724 -3.609783e+13
  725 -3.776263e+13
  726 -3.947342e+13
  727 -4.122966e+13
  728 -4.303064e+13
  729 -4.487547e+13
  730 -4.676304e+13
  731 -4.869205e+13
  732 -5.066097e+13
  733 -5.266801e+13
  734 -5.471113e+13
  735 -5.678800e+13
  736 -5.889600e+13
  737 -6.103219e+13
  738 -6.319329e+13
  739 -6.537567e+13
  740 -6.757529e+13
  741 -6.978774e+13
  742 -7.200815e+13
  743 -74231219059499
  744 -7.645116e+13
  745 -7.866166e+13
  746 -8.085590e+13
  747 -8.302647e+13
  748 -8.516538e+13
  749 -8.726401e+13
  750 -8.931308e+13
  751 -9.130261e+13
  752 -9.322191e+13
  753 -9.505951e+13
  754 -9.680314e+13
  755 -9.843971e+13
  756 -9.995524e+13
  757 -1.013348e+14
  758 -1.025626e+14
  759 -1.036217e+14
  760 -1.044943e+14
  761 -1.051613e+14
  762 -105602638874315
  763 -1.057970e+14
  764 -1.057218e+14
  765 -1.053532e+14
  766 -1.046662e+14
  767 -1.036341e+14
  768 -1.022290e+14
  769 -1.004215e+14
  770 -9.818071e+13
  771 -9.547394e+13
  772 -9.226706e+13
  773 -8.852420e+13
  774 -8.420772e+13
  775 -7.927821e+13
  776 -7.369440e+13
  777 -6.741310e+13
  778 -6.038920e+13
  779 -5.257553e+13
  780 -4.392291e+13
  781 -3.438002e+13
  782 -2.389339e+13
  783 -1.240733e+13
  784 1.360857e+11
  785 1.379708e+13
  786 2.863823e+13
  787 4.472447e+13
  788 6.212316e+13
  789 8.090410e+13
  790 1.011396e+14
  791 1.229043e+14
  792 1.462756e+14
  793 1.713334e+14
  794 1.981599e+14
  795 2.268400e+14
  796 2.574613e+14
  797 2.901137e+14
  798 3.248897e+14
  799 3.618842e+14
  800 4.011948e+14
