    1     0
    2     0
    3     0
    4     0
    5     0
    6     0
    7     0
    8     0
    9     0
   10     0
   11     0
   12     0
   13 8.710123e-01
   14 5.824408e-01
   15 7.758444e-01
   16 7.000776e-01
   17 7.475901e-01
   18 7.306583e-01
   19 7.444701e-01
   20 7.425956e-01
   21 7.482742e-01
   22 7.500746e-01
   23 7.536880e-01
   24 7.563063e-01
   25 7.593258e-01
   26 7.620582e-01
   27 7.648470e-01
   28 7.675243e-01
   29 7.701754e-01
   30 7.727598e-01
   31 7.752995e-01
   32 7.777854e-01
   33 7.802236e-01
   34 7.826127e-01
   35 7.849550e-01
   36 7.872508e-01
   37 7.895014e-01
   38 7.917077e-01
   39 7.938705e-01
   40 7.959908e-01
   41 7.980693e-01
   42 8.001070e-01
   43 8.021047e-01
   44 8.040631e-01
   45 8.059830e-01
   46 8.078652e-01
   47 8.097105e-01
   48 8.115195e-01
   49 8.132931e-01
   50 8.150318e-01
   51 8.167364e-01
   52 8.184075e-01
   53 8.200459e-01
   54 8.216520e-01
   55 8.232267e-01
   56 8.247705e-01
   57 8.262839e-01
   58 8.277677e-01
   59 8.292223e-01
   60 8.306484e-01
   61 8.320465e-01
   62 8.334172e-01
   63 8.347610e-01
   64 8.360784e-01
   65 8.373699e-01
   66 8.386361e-01
   67 8.398775e-01
   68 8.410944e-01
   69 8.422876e-01
   70 8.434573e-01
   71 8.446040e-01
   72 8.457283e-01
   73 8.468305e-01
   74 8.479111e-01
   75 8.489704e-01
   76 8.500091e-01
   77 8.510273e-01
   78 8.520256e-01
   79 8.530042e-01
   80 8.539637e-01
   81 8.549044e-01
   82 8.558267e-01
   83 8.567309e-01
   84 8.576173e-01
   85 8.584864e-01
   86 8.593385e-01
   87 8.601738e-01
   88 8.609928e-01
   89 8.617958e-01
   90 8.625830e-01
   91 8.633548e-01
   92 8.641116e-01
   93 8.648535e-01
   94 8.655809e-01
   95 8.662940e-01
   96 8.669932e-01
   97 8.676787e-01
   98 8.683509e-01
   99 8.690099e-01
  100 8.696560e-01
  101 8.702895e-01
  102 8.709106e-01
  103 8.715195e-01
  104 8.721166e-01
  105 8.727021e-01
  106 8.732761e-01
  107 8.738389e-01
  108 8.743907e-01
  109 8.749318e-01
  110 8.754623e-01
  111 8.759825e-01
  112 8.764925e-01
  113 8.769926e-01
  114 8.774830e-01
  115 8.779638e-01
  116 8.784353e-01
  117 8.788976e-01
  118 8.793509e-01
  119 8.797954e-01
  120 8.802313e-01
  121 8.806587e-01
  122 8.810778e-01
  123 8.814888e-01
  124 8.818918e-01
  125 8.822870e-01
  126 8.826745e-01
  127 8.830545e-01
  128 8.834272e-01
  129 8.837926e-01
  130 8.841510e-01
  131 8.845653e-01
  132 8.848897e-01
  133 8.852426e-01
  134 8.855688e-01
  135 8.858970e-01
  136 8.862138e-01
  137 8.865263e-01
  138 8.868311e-01
  139 8.871303e-01
  140 8.874231e-01
  141 8.877101e-01
  142 8.879911e-01
  143 8.882666e-01
  144 8.885364e-01
  145 8.888009e-01
  146 8.890600e-01
  147 8.893139e-01
  148 8.895628e-01
  149 8.898067e-01
  150 8.900457e-01
  151 8.902800e-01
  152 8.905096e-01
  153 8.907346e-01
  154 8.909552e-01
  155 8.911715e-01
  156 8.913834e-01
  157 8.915912e-01
  158 8.917948e-01
  159 8.919944e-01
  160 8.921901e-01
  161 8.923819e-01
  162 8.925699e-01
  163 8.927543e-01
  164 8.929350e-01
  165 8.931121e-01
  166 8.932858e-01
  167 8.934560e-01
  168 8.936229e-01
  169 8.937865e-01
  170 8.939469e-01
  171 8.941042e-01
  172 8.942583e-01
  173 8.944095e-01
  174 8.945577e-01
  175 8.947029e-01
  176 8.948454e-01
  177 8.949850e-01
  178 8.951219e-01
  179 8.952561e-01
  180 8.953877e-01
  181 8.955168e-01
  182 8.956433e-01
  183 8.957673e-01
  184 8.958889e-01
  185 8.960081e-01
  186 8.961250e-01
  187 8.962396e-01
  188 8.963520e-01
  189 8.964622e-01
  190 8.965703e-01
  191 8.966762e-01
  192 8.967801e-01
  193 8.968819e-01
  194 8.969818e-01
  195 8.970797e-01
  196 8.971757e-01
  197 8.972699e-01
  198 8.973622e-01
  199 8.974528e-01
  200 8.975415e-01
  201 -6.790600e-02
  202 2.522151e-01
  203 3.798404e-02
  204 1.221538e-01
  205 6.963700e-02
  206 8.855409e-02
  207 7.337700e-02
  208 7.558133e-02
  209 6.940402e-02
  210 6.751934e-02
  211 6.361872e-02
  212 6.081603e-02
  213 5.756384e-02
  214 5.462586e-02
  215 5.162165e-02
  216 4.873779e-02
  217 4.588012e-02
  218 4.309359e-02
  219 4.035428e-02
  220 3.767243e-02
  221 3.155125e-02
  222 2.990549e-02
  223 2.648498e-02
  224 2.416196e-02
  225 2.143527e-02
  226 1.901894e-02
  227 1.654613e-02
  228 1.419121e-02
  229 1.186271e-02
  230 9.601864e-03
  231 7.384772e-03
  232 5.220198e-03
  233 3.101037e-03
  234 1.028309e-03
  235 -1.000773e-03
  236 -2.986920e-03
  237 -4.931710e-03
  238 -6.836151e-03
  239 -8.701412e-03
  240 -1.052848e-02
  241 -1.231832e-02
  242 -1.407186e-02
  243 -1.578995e-02
  244 -1.747343e-02
  245 -1.912307e-02
  246 -2.073964e-02
  247 -2.232387e-02
  248 -2.387645e-02
  249 -2.539806e-02
  250 -2.688936e-02
  251 -2.835099e-02
  252 -2.978355e-02
  253 -3.118766e-02
  254 -3.256389e-02
  255 -3.391281e-02
  256 -3.523498e-02
  257 -3.653094e-02
  258 -3.780122e-02
  259 -3.904632e-02
  260 -4.026676e-02
  261 -4.143787e-02
  262 -4.261856e-02
  263 -4.376193e-02
  264 -4.489067e-02
  265 -4.599368e-02
  266 -4.707693e-02
  267 -4.813802e-02
  268 -4.917872e-02
  269 -5.019876e-02
  270 -5.119886e-02
  271 -5.217924e-02
  272 -5.314036e-02
  273 -5.408255e-02
  274 -5.500621e-02
  275 -5.591167e-02
  276 -5.679931e-02
  277 -5.766947e-02
  278 -5.852248e-02
  279 -5.935868e-02
  280 -6.017841e-02
  281 -6.098198e-02
  282 -6.176972e-02
  283 -6.254193e-02
  284 -6.329891e-02
  285 -6.404097e-02
  286 -6.476841e-02
  287 -6.548150e-02
  288 -6.618053e-02
  289 -6.686579e-02
  290 -6.753753e-02
  291 -6.819602e-02
  292 -6.884154e-02
  293 -6.947433e-02
  294 -7.009464e-02
  295 -7.070272e-02
  296 -7.129881e-02
  297 -7.188316e-02
  298 -7.245598e-02
  299 -7.301751e-02
  300 -7.356798e-02
  301 -7.410759e-02
  302 -7.463657e-02
  303 -7.515513e-02
  304 -7.566346e-02
  305 -7.616178e-02
  306 -7.665029e-02
  307 -7.712916e-02
  308 -7.759861e-02
  309 -7.805880e-02
  310 -7.850993e-02
  311 -7.895218e-02
  312 -7.938572e-02
  313 -7.981072e-02
  314 -8.022736e-02
  315 -8.063579e-02
  316 -8.103618e-02
  317 -8.142870e-02
  318 -8.181348e-02
  319 -8.219070e-02
  320 -8.256050e-02
  321 -8.292302e-02
  322 -8.327841e-02
  323 -8.362682e-02
  324 -8.396837e-02
  325 -8.430321e-02
  326 -8.463146e-02
  327 -8.495327e-02
  328 -8.526875e-02
  329 -8.557803e-02
  330 -8.588124e-02
  331 -8.617850e-02
  332 -8.646991e-02
  333 -8.675561e-02
  334 -8.703569e-02
  335 -8.731028e-02
  336 -8.757949e-02
  337 -8.784341e-02
  338 -8.810216e-02
  339 -8.835583e-02
  340 -8.860453e-02
  341 -8.884835e-02
  342 -8.908740e-02
  343 -8.932176e-02
  344 -8.955153e-02
  345 -8.977681e-02
  346 -8.999767e-02
  347 -9.021421e-02
  348 -9.042651e-02
  349 -9.063467e-02
  350 -9.083875e-02
  351 -9.103884e-02
  352 -9.123501e-02
  353 -9.142736e-02
  354 -9.161595e-02
  355 -9.180086e-02
  356 -9.198215e-02
  357 -9.215991e-02
  358 -9.233420e-02
  359 -9.250509e-02
  360 -9.267265e-02
  361 -9.283694e-02
  362 -9.299804e-02
  363 -9.315599e-02
  364 -9.331087e-02
  365 -9.346274e-02
  366 -9.361165e-02
  367 -9.375766e-02
  368 -9.390084e-02
  369 -9.404123e-02
  370 -9.417890e-02
  371 -9.431389e-02
  372 -9.444627e-02
  373 -9.457607e-02
  374 -9.470336e-02
  375 -9.482818e-02
  376 -9.495059e-02
  377 -9.507062e-02
  378 -9.518833e-02
  379 -9.530376e-02
  380 -9.541696e-02
  381 -9.552798e-02
  382 -9.563685e-02
  383 -9.574361e-02
  384 -9.584832e-02
  385 -9.595101e-02
  386 -9.605172e-02
  387 -9.615048e-02
  388 -9.624735e-02
  389 -9.634235e-02
  390 -9.643553e-02
  391 -9.658982e-02
  392 -9.665916e-02
  393 -9.676206e-02
  394 -9.684295e-02
  395 -9.693074e-02
  396 -9.701168e-02
  397 -9.709286e-02
  398 -9.717093e-02
  399 -9.724767e-02
  400 -9.732232e-02
  401 2.888185e-01
  402 1.607329e-01
  403 2.463891e-01
  404 2.126860e-01
  405 2.336584e-01
  406 2.260581e-01
  407 2.320964e-01
  408 2.311828e-01
  409 2.336228e-01
  410 2.343464e-01
  411 2.358772e-01
  412 2.369695e-01
  413 2.382424e-01
  414 2.393902e-01
  415 2.405652e-01
  416 2.416927e-01
  417 2.428104e-01
  418 2.439002e-01
  419 2.449718e-01
  420 2.460210e-01
  421 2.470504e-01
  422 2.480594e-01
  423 2.490488e-01
  424 2.500188e-01
  425 2.509700e-01
  426 2.519025e-01
  427 2.528168e-01
  428 2.537132e-01
  429 2.545922e-01
  430 2.554539e-01
  431 2.562988e-01
  432 2.571272e-01
  433 2.579393e-01
  434 2.587356e-01
  435 2.595163e-01
  436 2.602818e-01
  437 2.610322e-01
  438 2.617680e-01
  439 2.624894e-01
  440 2.631966e-01
  441 2.659841e-01
  442 2.661043e-01
  443 2.673062e-01
  444 2.678665e-01
  445 2.686853e-01
  446 2.693340e-01
  447 2.700324e-01
  448 2.706755e-01
  449 2.713180e-01
  450 2.719348e-01
  451 2.725399e-01
  452 2.731278e-01
  453 2.737026e-01
  454 2.742632e-01
  455 2.748112e-01
  456 2.753466e-01
  457 2.758702e-01
  458 2.763824e-01
  459 2.768835e-01
  460 2.773739e-01
  461 2.778541e-01
  462 2.783242e-01
  463 2.787846e-01
  464 2.792355e-01
  465 2.796773e-01
  466 2.801101e-01
  467 2.805341e-01
  468 2.809496e-01
  469 2.813568e-01
  470 2.817559e-01
  471 2.821471e-01
  472 2.825304e-01
  473 2.829062e-01
  474 2.832745e-01
  475 2.836356e-01
  476 2.839896e-01
  477 2.843366e-01
  478 2.846767e-01
  479 2.850102e-01
  480 2.853372e-01
  481 2.856577e-01
  482 2.859719e-01
  483 2.862800e-01
  484 2.865821e-01
  485 2.868783e-01
  486 2.871687e-01
  487 2.874534e-01
  488 2.877325e-01
  489 2.880063e-01
  490 2.882746e-01
  491 2.885378e-01
  492 2.887958e-01
  493 2.890488e-01
  494 2.892969e-01
  495 2.895401e-01
  496 2.897786e-01
  497 2.900125e-01
  498 2.902418e-01
  499 2.904667e-01
  500 2.906872e-01
  501 2.909034e-01
  502 2.911154e-01
  503 2.913234e-01
  504 2.915272e-01
  505 2.917272e-01
  506 2.919233e-01
  507 2.921155e-01
  508 2.923041e-01
  509 2.924890e-01
  510 2.926703e-01
  511 2.928481e-01
  512 2.930225e-01
  513 2.931936e-01
  514 2.933613e-01
  515 2.935258e-01
  516 2.936871e-01
  517 2.938453e-01
  518 2.940005e-01
  519 2.941527e-01
  520 2.943019e-01
  521 2.944483e-01
  522 2.945919e-01
  523 2.947327e-01
  524 2.948709e-01
  525 2.950063e-01
  526 2.951392e-01
  527 2.952696e-01
  528 2.953974e-01
  529 2.955228e-01
  530 2.956458e-01
  531 2.957665e-01
  532 2.958848e-01
  533 2.960009e-01
  534 2.961148e-01
  535 2.962266e-01
  536 2.963362e-01
  537 2.964437e-01
  538 2.965492e-01
  539 2.966526e-01
  540 2.967542e-01
  541 2.968538e-01
  542 2.969515e-01
  543 2.970473e-01
  544 2.971414e-01
  545 2.972337e-01
  546 2.973242e-01
  547 2.974130e-01
  548 2.975002e-01
  549 2.975857e-01
  550 2.976697e-01
  551 2.977520e-01
  552 2.978328e-01
  553 2.979121e-01
  554 2.979900e-01
  555 2.980663e-01
  556 2.981413e-01
  557 2.982148e-01
  558 2.982870e-01
  559 2.983578e-01
  560 2.984274e-01
  561 2.984956e-01
  562 2.985626e-01
  563 2.986283e-01
  564 2.986929e-01
  565 2.987562e-01
  566 2.988184e-01
  567 2.988794e-01
  568 2.989393e-01
  569 2.989981e-01
  570 2.990559e-01
  571 2.991126e-01
  572 2.991682e-01
  573 2.992229e-01
  574 2.992765e-01
  575 2.993292e-01
  576 2.993809e-01
  577 2.994317e-01
  578 2.994816e-01
  579 2.995306e-01
  580 2.995787e-01
  581 2.996259e-01
  582 2.996723e-01
  583 2.997178e-01
  584 2.997626e-01
  585 2.998065e-01
  586 2.998497e-01
  587 2.998921e-01
  588 2.999338e-01
  589 2.999747e-01
  590 3.000149e-01
  591 3.000544e-01
  592 3.000932e-01
  593 3.001313e-01
  594 3.001688e-01
  595 3.002056e-01
  596 3.002417e-01
  597 3.002773e-01
  598 3.003122e-01
  599 3.003465e-01
  600 3.003803e-01
  601 9.762876e-01
  602 7.522953e-01
  603 9.023476e-01
  604 8.435177e-01
  605 8.803668e-01
  606 8.672105e-01
  607 8.779186e-01
  608 8.764581e-01
  609 8.808633e-01
  610 8.822621e-01
  611 8.850706e-01
  612 8.871092e-01
  613 8.894610e-01
  614 8.915914e-01
  615 8.937669e-01
  616 8.958568e-01
  617 8.979271e-01
  618 8.999463e-01
  619 9.019313e-01
  620 9.038748e-01
  621 9.057815e-01
  622 9.076502e-01
  623 9.094827e-01
  624 9.112791e-01
  625 9.130405e-01
  626 9.147673e-01
  627 9.164603e-01
  628 9.181201e-01
  629 9.197473e-01
  630 9.213427e-01
  631 9.229068e-01
  632 9.244403e-01
  633 9.259437e-01
  634 9.274176e-01
  635 9.288626e-01
  636 9.302793e-01
  637 9.316681e-01
  638 9.330298e-01
  639 9.343647e-01
  640 9.356734e-01
  641 9.369564e-01
  642 9.382143e-01
  643 9.394474e-01
  644 9.406564e-01
  645 9.418416e-01
  646 9.430036e-01
  647 9.441428e-01
  648 9.452596e-01
  649 9.463544e-01
  650 9.474278e-01
  651 9.484801e-01
  652 9.495118e-01
  653 9.505231e-01
  654 9.515147e-01
  655 9.524867e-01
  656 9.534397e-01
  657 9.543740e-01
  658 9.552899e-01
  659 9.561879e-01
  660 9.570682e-01
  661 9.614214e-01
  662 9.613347e-01
  663 9.630564e-01
  664 9.637143e-01
  665 9.648084e-01
  666 9.656242e-01
  667 9.665281e-01
  668 9.673449e-01
  669 9.681655e-01
  670 9.689482e-01
  671 9.697163e-01
  672 9.704604e-01
  673 9.711870e-01
  674 9.718947e-01
  675 9.725857e-01
  676 9.732601e-01
  677 9.739191e-01
  678 9.745631e-01
  679 9.751928e-01
  680 9.758088e-01
  681 9.764114e-01
  682 9.770013e-01
  683 9.775787e-01
  684 9.781440e-01
  685 9.786977e-01
  686 9.792400e-01
  687 9.797712e-01
  688 9.802916e-01
  689 9.808015e-01
  690 9.813012e-01
  691 9.817908e-01
  692 9.822707e-01
  693 9.827410e-01
  694 9.832020e-01
  695 9.836538e-01
  696 9.840967e-01
  697 9.845309e-01
  698 9.849565e-01
  699 9.853737e-01
  700 9.857827e-01
  701 9.861837e-01
  702 9.865768e-01
  703 9.869622e-01
  704 9.873400e-01
  705 9.877105e-01
  706 9.880737e-01
  707 9.884298e-01
  708 9.887790e-01
  709 9.891213e-01
  710 9.894570e-01
  711 9.897861e-01
  712 9.901088e-01
  713 9.904252e-01
  714 9.907354e-01
  715 9.910396e-01
  716 9.913379e-01
  717 9.916304e-01
  718 9.919172e-01
  719 9.921984e-01
  720 9.924742e-01
  721 9.927446e-01
  722 9.930098e-01
  723 9.932698e-01
  724 9.935248e-01
  725 9.937748e-01
  726 9.940200e-01
  727 9.942605e-01
  728 9.944963e-01
  729 9.947276e-01
  730 9.949544e-01
  731 9.951768e-01
  732 9.953949e-01
  733 9.956088e-01
  734 9.958185e-01
  735 9.960243e-01
  736 9.962260e-01
  737 9.964239e-01
  738 9.966180e-01
  739 9.968084e-01
  740 9.969951e-01
  741 9.971782e-01
  742 9.973578e-01
  743 9.975339e-01
  744 9.977067e-01
  745 9.978762e-01
  746 9.980424e-01
  747 9.982054e-01
  748 9.983654e-01
  749 9.985222e-01
  750 9.986761e-01
  751 9.988271e-01
  752 9.989751e-01
  753 9.991204e-01
  754 9.992629e-01
  755 9.994027e-01
  756 9.995398e-01
  757 9.996743e-01
  758 9.998063e-01
  759 9.999358e-01
  760 1.000063e+00
  761 1.000187e+00
  762 1.000310e+00
  763 1.000430e+00
  764 1.000547e+00
  765 1.000663e+00
  766 1.000776e+00
  767 1.000887e+00
  768 1.000997e+00
  769 1.001104e+00
  770 1.001209e+00
  771 1.001312e+00
  772 1.001413e+00
  773 1.001512e+00
  774 1.001610e+00
  775 1.001705e+00
  776 1.001799e+00
  777 1.001891e+00
  778 1.001982e+00
  779 1.002070e+00
  780 1.002157e+00
  781 1.002243e+00
  782 1.002327e+00
  783 1.002409e+00
  784 1.002490e+00
  785 1.002569e+00
  786 1.002647e+00
  787 1.002724e+00
  788 1.002799e+00
  789 1.002873e+00
  790 1.002945e+00
  791 1.003016e+00
  792 1.003086e+00
  793 1.003154e+00
  794 1.003222e+00
  795 1.003288e+00
  796 1.003352e+00
  797 1.003416e+00
  798 1.003479e+00
  799 1.003540e+00
  800 1.003600e+00
