    1     0
    2     0
    3     0
    4     0
    5     0
    6     0
    7     0
    8     0
    9     0
   10     0
   11     0
   12     0
   13 3.359912e-01
   14 5.122779e-01
   15 6.241061e-01
   16 7.086971e-01
   17 7.827792e-01
   18 8.537364e-01
   19 9.247202e-01
   20 9.969694e-01
   21 1.070862e+00
   22 1.146391e+00
   23 1.223379e+00
   24 1.301575e+00
   25 1.380696e+00
   26 1.460446e+00
   27 1.540527e+00
   28 1.620636e+00
   29 1.700472e+00
   30 1.779734e+00
   31 1.858122e+00
   32 1.935335e+00
   33 2.011074e+00
   34 2.085041e+00
   35 2.156938e+00
   36 2.226473e+00
   37 2.293352e+00
   38 2.357288e+00
   39 2.417997e+00
   40 2.475200e+00
   41 2.528623e+00
   42 2.578000e+00
   43 2.623072e+00
   44 2.663590e+00
   45 2.699312e+00
   46 2.730009e+00
   47 2.755462e+00
   48 2.775464e+00
   49 2.789822e+00
   50 2.798358e+00
   51 2.800907e+00
   52 2.797323e+00
   53 2.787473e+00
   54 2.771244e+00
   55 2.748542e+00
   56 2.719290e+00
   57 2.683432e+00
   58 2.640933e+00
   59 2.591776e+00
   60 2.535969e+00
   61 2.473541e+00
   62 2.404543e+00
   63 2.329047e+00
   64 2.247151e+00
   65 2.158975e+00
   66 2.064662e+00
   67 1.964379e+00
   68 1.858314e+00
   69 1.746683e+00
   70 1.629721e+00
   71 1.507688e+00
   72 1.380865e+00
   73 1.249557e+00
   74 1.114090e+00
   75 9.748098e-01
   76 8.320845e-01
   77 6.863012e-01
   78 5.378657e-01
   79 3.872020e-01
   80 2.347514e-01
   81 8.097073e-02
   82 -7.366800e-02
   83 -2.286792e-01
   84 -3.835650e-01
   85 -5.378162e-01
   86 -6.909144e-01
   87 -8.423326e-01
   88 -9.915375e-01
   89 -1.137991e+00
   90 -1.281150e+00
   91 -1.420472e+00
   92 -1.555414e+00
   93 -1.685434e+00
   94 -1.809993e+00
   95 -1.928560e+00
   96 -2.040609e+00
   97 -2.145623e+00
   98 -2.243100e+00
   99 -2.332546e+00
  100 -2.413485e+00
  101 -2.485456e+00
  102 -2.548020e+00
  103 -2.600755e+00
  104 -2.643262e+00
  105 -2.675169e+00
  106 -2.696127e+00
  107 -2.705816e+00
  108 -2.703946e+00
  109 -2.690258e+00
  110 -2.664524e+00
  111 -2.626552e+00
  112 -2.576185e+00
  113 -2.513303e+00
  114 -2.437824e+00
  115 -2.349706e+00
  116 -2.248945e+00
  117 -2.135581e+00
  118 -2.009694e+00
  119 -1.871410e+00
  120 -1.720894e+00
  121 -1.558357e+00
  122 -1.384055e+00
  123 -1.198288e+00
  124 -1.001398e+00
  125 -7.937741e-01
  126 -5.758479e-01
  127 -3.480950e-01
  128 -1.110341e-01
  129 1.347739e-01
  130 3.887267e-01
  131 6.544623e-01
  132 8.877479e-01
  133 1.106824e+00
  134 1.319027e+00
  135 1.527688e+00
  136 1.734252e+00
  137 1.939256e+00
  138 2.142781e+00
  139 2.344666e+00
  140 2.544608e+00
  141 2.742211e+00
  142 2.937017e+00
  143 3.128522e+00
  144 3.316183e+00
  145 3.499430e+00
  146 3.677673e+00
  147 3.850303e+00
  148 4.016703e+00
  149 4.176246e+00
  150 4.328306e+00
  151 4.472256e+00
  152 4.607476e+00
  153 4.733353e+00
  154 4.849287e+00
  155 4.954692e+00
  156 5.049000e+00
  157 5.131665e+00
  158 5.202162e+00
  159 5.259995e+00
  160 5.304695e+00
  161 5.335824e+00
  162 5.352978e+00
  163 5.355788e+00
  164 5.343924e+00
  165 5.317095e+00
  166 5.275051e+00
  167 5.217588e+00
  168 5.144546e+00
  169 5.055811e+00
  170 4.951319e+00
  171 4.831055e+00
  172 4.695056e+00
  173 4.543409e+00
  174 4.376257e+00
  175 4.193794e+00
  176 3.996270e+00
  177 3.783988e+00
  178 3.557309e+00
  179 3.316646e+00
  180 3.062468e+00
  181 2.795302e+00
  182 2.515724e+00
  183 2.224367e+00
  184 1.921916e+00
  185 1.609108e+00
  186 1.286732e+00
  187 9.556229e-01
  188 6.166663e-01
  189 2.707924e-01
  190 -8.102466e-02
  191 -4.377691e-01
  192 -7.983856e-01
  193 -1.161782e+00
  194 -1.526833e+00
  195 -1.892381e+00
  196 -2.257240e+00
  197 -2.620201e+00
  198 -2.980032e+00
  199 -3.335483e+00
  200 -3.685291e+00
  201 -4.361852e+00
  202 -4.836625e+00
  203 -5.223991e+00
  204 -5.568160e+00
  205 -5.888408e+00
  206 -6.192654e+00
  207 -6.483681e+00
  208 -6.761965e+00
  209 -7.026963e+00
  210 -7.277690e+00
  211 -7.512990e+00
  212 -7.731657e+00
  213 -7.932487e+00
  214 -8.114306e+00
  215 -8.275988e+00
  216 -8.416454e+00
  217 -8.534683e+00
  218 -8.629714e+00
  219 -8.700648e+00
  220 -8.746654e+00
  221 -8.973016e+00
  222 -9.081516e+00
  223 -9.122154e+00
  224 -9.114435e+00
  225 -9.067197e+00
  226 -8.984427e+00
  227 -8.867932e+00
  228 -8.718555e+00
  229 -8.536735e+00
  230 -8.322767e+00
  231 -8.076917e+00
  232 -7.799485e+00
  233 -7.490831e+00
  234 -7.151393e+00
  235 -6.781691e+00
  236 -6.382342e+00
  237 -5.954051e+00
  238 -5.497626e+00
  239 -5.013972e+00
  240 -4.504094e+00
  241 -3.969099e+00
  242 -3.410194e+00
  243 -2.828688e+00
  244 -2.225987e+00
  245 -1.603597e+00
  246 -9.631165e-01
  247 -3.062406e-01
  248 3.652474e-01
  249 1.049477e+00
  250 1.744494e+00
  251 2.448267e+00
  252 3.158689e+00
  253 3.873583e+00
  254 4.590711e+00
  255 5.307774e+00
  256 6.022422e+00
  257 6.732261e+00
  258 7.434855e+00
  259 8.127738e+00
  260 8.808420e+00
  261 9.473107e+00
  262 1.013235e+01
  263 1.077794e+01
  264 1.140493e+01
  265 1.200960e+01
  266 1.258878e+01
  267 1.313963e+01
  268 1.365945e+01
  269 1.414567e+01
  270 1.459580e+01
  271 1.500745e+01
  272 1.537832e+01
  273 1.570620e+01
  274 1.598898e+01
  275 1.622466e+01
  276 1.641136e+01
  277 1.654730e+01
  278 1.663086e+01
  279 1.666054e+01
  280 1.663498e+01
  281 1.655300e+01
  282 1.641354e+01
  283 1.621574e+01
  284 1.595888e+01
  285 1.564246e+01
  286 1.526612e+01
  287 1.482972e+01
  288 1.433329e+01
  289 1.377707e+01
  290 1.316152e+01
  291 1.248726e+01
  292 1.175515e+01
  293 1.096626e+01
  294 1.012185e+01
  295 9.223400e+00
  296 8.272612e+00
  297 7.271382e+00
  298 6.221824e+00
  299 5.126254e+00
  300 3.987193e+00
  301 2.807364e+00
  302 1.589682e+00
  303 3.372577e-01
  304 -9.466176e-01
  305 -2.258472e+00
  306 -3.594663e+00
  307 -4.951383e+00
  308 -6.324674e+00
  309 -7.710428e+00
  310 -9.104405e+00
  311 -1.050224e+01
  312 -1.189945e+01
  313 -1.329147e+01
  314 -1.467362e+01
  315 -1.604116e+01
  316 -1.738928e+01
  317 -1.871315e+01
  318 -2.000787e+01
  319 -2.126854e+01
  320 -2.249027e+01
  321 -2.366817e+01
  322 -2.479738e+01
  323 -2.587309e+01
  324 -2.689057e+01
  325 -2.784515e+01
  326 -2.873227e+01
  327 -2.954748e+01
  328 -3.028646e+01
  329 -3.094505e+01
  330 -3.151926e+01
  331 -3.200526e+01
  332 -3.239945e+01
  333 -3.269843e+01
  334 -3.289903e+01
  335 -3.299835e+01
  336 -3.299372e+01
  337 -3.288279e+01
  338 -3.266347e+01
  339 -3.233398e+01
  340 -3.189289e+01
  341 -3.133906e+01
  342 -3.067172e+01
  343 -2.989044e+01
  344 -2.899515e+01
  345 -2.798618e+01
  346 -2.686420e+01
  347 -2.563028e+01
  348 -2.428589e+01
  349 -2.283289e+01
  350 -2.127352e+01
  351 -1.961045e+01
  352 -1.784672e+01
  353 -1.598580e+01
  354 -1.403152e+01
  355 -1.198813e+01
  356 -9.860270e+00
  357 -7.652946e+00
  358 -5.371548e+00
  359 -3.021833e+00
  360 -6.099095e-01
  361 1.857767e+00
  362 4.374413e+00
  363 6.932929e+00
  364 9.525913e+00
  365 1.214568e+01
  366 1.478429e+01
  367 1.743355e+01
  368 2.008505e+01
  369 2.273016e+01
  370 2.536011e+01
  371 2.796594e+01
  372 3.053859e+01
  373 3.306889e+01
  374 3.554759e+01
  375 3.796540e+01
  376 4.031304e+01
  377 4.258122e+01
  378 4.476069e+01
  379 4.684230e+01
  380 4.881699e+01
  381 5.067587e+01
  382 5.241018e+01
  383 5.401141e+01
  384 5.547127e+01
  385 5.678173e+01
  386 5.793509e+01
  387 5.892397e+01
  388 5.974135e+01
  389 6.038063e+01
  390 6.083563e+01
  391 6.109848e+01
  392 6.118574e+01
  393 6.108321e+01
  394 6.078269e+01
  395 6.027850e+01
  396 5.956653e+01
  397 5.864369e+01
  398 5.750776e+01
  399 5.615730e+01
  400 5.459159e+01
  401 5.300133e+01
  402 5.108598e+01
  403 4.891313e+01
  404 4.651102e+01
  405 4.389441e+01
  406 4.107229e+01
  407 3.805149e+01
  408 3.483829e+01
  409 3.143910e+01
  410 2.786084e+01
  411 2.411108e+01
  412 2.019805e+01
  413 1.613073e+01
  414 1.191879e+01
  415 7.572613e+00
  416 3.103253e+00
  417 -1.477559e+00
  418 -6.157456e+00
  419 -1.092346e+01
  420 -1.576199e+01
  421 -2.065894e+01
  422 -2.559967e+01
  423 -3.056906e+01
  424 -3.555154e+01
  425 -4.053115e+01
  426 -4.549155e+01
  427 -5.041611e+01
  428 -5.528792e+01
  429 -6.008985e+01
  430 -6.480463e+01
  431 -6.941484e+01
  432 -7.390302e+01
  433 -7.825170e+01
  434 -8.244349e+01
  435 -8.646107e+01
  436 -9.028733e+01
  437 -9.390536e+01
  438 -9.729857e+01
  439 -1.004507e+02
  440 -1.033459e+02
  441 -1.058453e+02
  442 -1.081124e+02
  443 -1.101027e+02
  444 -1.117907e+02
  445 -1.131578e+02
  446 -1.141895e+02
  447 -1.148731e+02
  448 -1.151978e+02
  449 -1.151538e+02
  450 -1.147325e+02
  451 -1.139264e+02
  452 -1.127292e+02
  453 -1.111357e+02
  454 -1.091419e+02
  455 -1.067451e+02
  456 -1.039438e+02
  457 -1.007378e+02
  458 -9.712824e+01
  459 -9.311761e+01
  460 -8.870979e+01
  461 -8.391003e+01
  462 -7.872499e+01
  463 -7.316275e+01
  464 -6.723282e+01
  465 -6.094611e+01
  466 -5.431496e+01
  467 -4.735313e+01
  468 -4.007576e+01
  469 -3.249939e+01
  470 -2.464190e+01
  471 -1.652252e+01
  472 -8.161751e+00
  473 4.186232e-01
  474 9.195609e+00
  475 1.814504e+01
  476 2.724163e+01
  477 3.645904e+01
  478 4.576991e+01
  479 5.514598e+01
  480 6.455808e+01
  481 7.397630e+01
  482 8.337000e+01
  483 9.270792e+01
  484 1.019582e+02
  485 1.110888e+02
  486 1.200669e+02
  487 1.288597e+02
  488 1.374343e+02
  489 1.457576e+02
  490 1.537967e+02
  491 1.615187e+02
  492 1.688912e+02
  493 1.758820e+02
  494 1.824595e+02
  495 1.885927e+02
  496 1.942514e+02
  497 1.994062e+02
  498 2.040286e+02
  499 2.080914e+02
  500 2.115683e+02
  501 2.144347e+02
  502 2.166671e+02
  503 2.182436e+02
  504 2.191440e+02
  505 2.193499e+02
  506 2.188446e+02
  507 2.176135e+02
  508 2.156439e+02
  509 2.129253e+02
  510 2.094493e+02
  511 2.052101e+02
  512 2.002037e+02
  513 1.944291e+02
  514 1.878874e+02
  515 1.805825e+02
  516 1.725206e+02
  517 1.637107e+02
  518 1.541644e+02
  519 1.438960e+02
  520 1.329225e+02
  521 1.212636e+02
  522 1.089416e+02
  523 9.598159e+01
  524 8.241122e+01
  525 6.826085e+01
  526 5.356341e+01
  527 3.835435e+01
  528 2.267165e+01
  529 6.555667e+00
  530 -9.950874e+00
  531 -2.680300e+01
  532 -4.395356e+01
  533 -6.135338e+01
  534 -7.895130e+01
  535 -9.669437e+01
  536 -1.145279e+02
  537 -1.323958e+02
  538 -1.502403e+02
  539 -1.680027e+02
  540 -1.856229e+02
  541 -2.030402e+02
  542 -2.201930e+02
  543 -2.370190e+02
  544 -2.534559e+02
  545 -2.694410e+02
  546 -2.849117e+02
  547 -2.998056e+02
  548 -3.140607e+02
  549 -3.276158e+02
  550 -3.404106e+02
  551 -3.523857e+02
  552 -3.634832e+02
  553 -3.736468e+02
  554 -3.828216e+02
  555 -3.909550e+02
  556 -3.979966e+02
  557 -4.038982e+02
  558 -4.086144e+02
  559 -4.121025e+02
  560 -4.143230e+02
  561 -4.152394e+02
  562 -4.148188e+02
  563 -4.130320e+02
  564 -4.098532e+02
  565 -4.052611e+02
  566 -3.992381e+02
  567 -3.917710e+02
  568 -3.828511e+02
  569 -3.724742e+02
  570 -3.606407e+02
  571 -3.473559e+02
  572 -3.326298e+02
  573 -3.164774e+02
  574 -2.989189e+02
  575 -2.799792e+02
  576 -2.596886e+02
  577 -2.380824e+02
  578 -2.152009e+02
  579 -1.910896e+02
  580 -1.657991e+02
  581 -1.393850e+02
  582 -1.119078e+02
  583 -8.343279e+01
  584 -5.403024e+01
  585 -2.377490e+01
  586 7.253955e+00
  587 3.897267e+01
  588 7.129343e+01
  589 1.041244e+02
  590 1.373701e+02
  591 1.709313e+02
  592 2.047056e+02
  593 2.385876e+02
  594 2.724689e+02
  595 3.062388e+02
  596 3.397844e+02
  597 3.729910e+02
  598 4.057421e+02
  599 4.379204e+02
  600 4.694075e+02
  601 5.002514e+02
  602 5.300697e+02
  603 5.588016e+02
  604 5.863521e+02
  605 6.126147e+02
  606 6.374787e+02
  607 6.608327e+02
  608 6.825668e+02
  609 7.025730e+02
  610 7.207463e+02
  611 7.369852e+02
  612 7.511922e+02
  613 7.632741e+02
  614 7.731426e+02
  615 7.807146e+02
  616 7.859125e+02
  617 7.886649e+02
  618 7.889064e+02
  619 7.865786e+02
  620 7.816302e+02
  621 7.740170e+02
  622 7.637028e+02
  623 7.506591e+02
  624 7.348660e+02
  625 7.163119e+02
  626 6.949941e+02
  627 6.709186e+02
  628 6.441009e+02
  629 6.145655e+02
  630 5.823468e+02
  631 5.474882e+02
  632 5.100430e+02
  633 4.700744e+02
  634 4.276548e+02
  635 3.828667e+02
  636 3.358021e+02
  637 2.865624e+02
  638 2.352587e+02
  639 1.820111e+02
  640 1.269492e+02
  641 7.021104e+01
  642 1.194371e+01
  643 -4.769753e+01
  644 -1.085493e+02
  645 -1.704406e+02
  646 -2.331929e+02
  647 -2.966210e+02
  648 -3.605332e+02
  649 -4.247316e+02
  650 -4.890130e+02
  651 -5.531692e+02
  652 -6.169878e+02
  653 -6.802523e+02
  654 -7.427433e+02
  655 -8.042389e+02
  656 -8.645151e+02
  657 -9.233470e+02
  658 -9.805092e+02
  659 -1.035776e+03
  660 -1.088925e+03
  661 -1.139525e+03
  662 -1.187656e+03
  663 -1.233051e+03
  664 -1.275475e+03
  665 -1.314714e+03
  666 -1.350561e+03
  667 -1.382818e+03
  668 -1.411296e+03
  669 -1.435815e+03
  670 -1.456203e+03
  671 -1.472299e+03
  672 -1.483950e+03
  673 -1.491017e+03
  674 -1.493371e+03
  675 -1.490896e+03
  676 -1.483489e+03
  677 -1.471062e+03
  678 -1.453538e+03
  679 -1.430859e+03
  680 -1.402980e+03
  681 -1.369873e+03
  682 -1.331525e+03
  683 -1.287942e+03
  684 -1.239146e+03
  685 -1.185177e+03
  686 -1.126092e+03
  687 -1.061967e+03
  688 -9.928950e+02
  689 -9.189890e+02
  690 -8.403793e+02
  691 -7.572146e+02
  692 -6.696622e+02
  693 -5.779075e+02
  694 -4.821537e+02
  695 -3.826220e+02
  696 -2.795509e+02
  697 -1.731959e+02
  698 -6.382923e+01
  699 4.826091e+01
  700 1.627707e+02
  701 2.793816e+02
  702 3.977606e+02
  703 5.175615e+02
  704 6.384255e+02
  705 7.599819e+02
  706 8.818494e+02
  707 1.003637e+03
  708 1.124945e+03
  709 1.245365e+03
  710 1.364484e+03
  711 1.481883e+03
  712 1.597138e+03
  713 1.709823e+03
  714 1.819512e+03
  715 1.925777e+03
  716 2.028191e+03
  717 2.126333e+03
  718 2.219782e+03
  719 2.308127e+03
  720 2.390960e+03
  721 2.467885e+03
  722 2.538515e+03
  723 2.602474e+03
  724 2.659399e+03
  725 2.708944e+03
  726 2.750777e+03
  727 2.784584e+03
  728 2.810071e+03
  729 2.826962e+03
  730 2.835006e+03
  731 2.833972e+03
  732 2.823657e+03
  733 2.803880e+03
  734 2.774488e+03
  735 2.735358e+03
  736 2.686392e+03
  737 2.627526e+03
  738 2.558724e+03
  739 2.479984e+03
  740 2.391333e+03
  741 2.292835e+03
  742 2.184584e+03
  743 2.066712e+03
  744 1.939381e+03
  745 1.802791e+03
  746 1.657176e+03
  747 1.502805e+03
  748 1.339980e+03
  749 1.169040e+03
  750 9.903568e+02
  751 8.043369e+02
  752 6.114195e+02
  753 4.120768e+02
  754 2.068126e+02
  755 -3.838116e+00
  756 -2.193107e+02
  757 -4.390118e+02
  758 -6.623204e+02
  759 -8.885895e+02
  760 -1.117148e+03
  761 -1.347301e+03
  762 -1.578333e+03
  763 -1.809509e+03
  764 -2.040078e+03
  765 -2.269271e+03
  766 -2.496308e+03
  767 -2.720398e+03
  768 -2.940740e+03
  769 -3.156529e+03
  770 -3.366954e+03
  771 -3.571205e+03
  772 -3.768472e+03
  773 -3.957951e+03
  774 -4.138842e+03
  775 -4.310359e+03
  776 -4.471724e+03
  777 -4.622178e+03
  778 -4.760979e+03
  779 -4.887404e+03
  780 -5.000757e+03
  781 -5.100366e+03
  782 -5.185592e+03
  783 -5.255824e+03
  784 -5.310489e+03
  785 -5.349052e+03
  786 -5.371015e+03
  787 -5.375927e+03
  788 -5.363379e+03
  789 -5.333011e+03
  790 -5.284514e+03
  791 -5.217629e+03
  792 -5.132154e+03
  793 -5.027940e+03
  794 -4.904897e+03
  795 -4.762996e+03
  796 -4.602266e+03
  797 -4.422802e+03
  798 -4.224758e+03
  799 -4.008356e+03
  800 -3.773882e+03
