    1     0
    2     0
    3     0
    4     0
    5     0
    6     0
    7     0
    8     0
    9     0
   10     0
   11     0
   12     0
   13 2.457592e+00
   14 -2.478964e+00
   15 8.398120e+00
   16 -1.515006e+01
   17 3.681337e+01
   18 -7.751619e+01
   19 1.750998e+02
   20 -3.827578e+02
   21 8.503705e+02
   22 -1.875121e+03
   23 4.150200e+03
   24 -9.169834e+03
   25 2.027803e+04
   26 -4.482483e+04
   27 9.910534e+04
   28 -2.190968e+05
   29 4.843897e+05
   30 -1.070889e+06
   31 2.367548e+06
   32 -5.234209e+06
   33 1.157189e+07
   34 -2.558333e+07
   35 5.656008e+07
   36 -1.250440e+08
   37 2.764495e+08
   38 -6.111794e+08
   39 1.351206e+09
   40 -2.987270e+09
   41 6.604310e+09
   42 -1.460092e+10
   43 3.227998e+10
   44 -7.136515e+10
   45 1.577753e+11
   46 -3.488125e+11
   47 7.711608e+11
   48 -1.704896e+12
   49 3.769214e+12
   50 -8.333044e+12
   51 1.842284e+13
   52 -4.072954e+13
   53 9.004559e+13
   54 -1.990744e+14
   55 4.401171e+14
   56 -9.730187e+14
   57 2.151167e+15
   58 -4755837446995215
   59 10514289169967722
   60 -23245175635585648
   61 51390843602876632
   62 -113615781941961808
   63 251183771296584608
   64 -555321504498418944
   65 1227714560405529600
   66 -2714252968094852096
   67 6000718255209328640
   68 -1.326649e+19
   69 2.932980e+19
   70 -6.484283e+19
   71 1.433557e+20
   72 -3.169333e+20
   73 7.006816e+20
   74 -1.549079e+21
   75 3.424732e+21
   76 -7.571457e+21
   77 1.673911e+22
   78 -3.700712e+22
   79 8.181599e+22
   80 -1.808802e+23
   81 3.998932e+23
   82 -8.840910e+23
   83 1.954564e+24
   84 -4.321184e+24
   85 9.553350e+24
   86 -2.112072e+25
   87 4.669405e+25
   88 -1.032320e+26
   89 2.282272e+26
   90 -5.045687e+26
   91 1.115509e+27
   92 -2.466188e+27
   93 5.452291e+27
   94 -1.205402e+28
   95 2.664924e+28
   96 -5.891661e+28
   97 1.302539e+29
   98 -2.879676e+29
   99 6.366438e+29
  100 -1.407503e+30
  101 3.111733e+30
  102 -6.879474e+30
  103 1.520926e+31
  104 -3.362491e+31
  105 7.433854e+31
  106 -1.643489e+32
  107 3.633455e+32
  108 -8.032907e+32
  109 1.775929e+33
  110 -3.926256e+33
  111 8.680235e+33
  112 -1.919042e+34
  113 4.242651e+34
  114 -9.379728e+34
  115 2.073687e+35
  116 -4.584543e+35
  117 1.013559e+36
  118 -2.240794e+36
  119 4.953986e+36
  120 -1.095236e+37
  121 2.421367e+37
  122 -5.353201e+37
  123 1.183495e+38
  124 -2.616492e+38
  125 5.784586e+38
  126 -1.278867e+39
  127 2.827341e+39
  128 -6.250734e+39
  129 1.381923e+40
  130 -3.055181e+40
  131 6.754447e+40
  132 -1.493285e+41
  133 3.301381e+41
  134 -7.298751e+41
  135 1.613621e+42
  136 -3.567421e+42
  137 7.886917e+42
  138 -1.743654e+43
  139 3.854900e+43
  140 -8.522481e+43
  141 1.884165e+44
  142 -4.165545e+44
  143 9.209261e+44
  144 -2.036000e+45
  145 4.501224e+45
  146 -9.951385e+45
  147 2.200070e+46
  148 -4.863953e+46
  149 1.075331e+47
  150 -2.377361e+47
  151 5.255912e+47
  152 -1.161986e+48
  153 2.568940e+48
  154 -5.679457e+48
  155 1.255624e+49
  156 -2.775957e+49
  157 6.137134e+49
  158 -1.356808e+50
  159 2.999656e+50
  160 -6.631692e+50
  161 1.466146e+51
  162 -3.241382e+51
  163 7.166103e+51
  164 -1.584295e+52
  165 3.502587e+52
  166 -7.743580e+52
  167 1.711964e+53
  168 -3.784841e+53
  169 8.367593e+53
  170 -1.849922e+54
  171 4.089841e+54
  172 -9.041892e+54
  173 1.998997e+55
  174 -4.419419e+55
  175 9.770528e+55
  176 -2.160086e+56
  177 4.775555e+56
  178 -1.055788e+57
  179 2.334155e+57
  180 -5.160391e+57
  181 1.140868e+58
  182 -2.522252e+58
  183 5.576239e+58
  184 -1.232805e+59
  185 2.725506e+59
  186 -6.025597e+59
  187 1.332150e+60
  188 -2.945140e+60
  189 6.511167e+60
  190 -1.439500e+61
  191 3.182473e+61
  192 -7.035867e+61
  193 1.555502e+62
  194 -3.438931e+62
  195 7.602849e+62
  196 -1.680851e+63
  197 3.716055e+63
  198 -8.215521e+63
  199 1.816302e+64
  200 -4.015512e+64
  201 8.877564e+64
  202 -1.962668e+65
  203 4.339100e+65
  204 -9.592959e+65
  205 2.120828e+66
  206 -4.688764e+66
  207 1.036600e+67
  208 -2.291734e+67
  209 5.066606e+67
  210 -1.120134e+68
  211 2.476412e+68
  212 -5.474896e+68
  213 1.210400e+69
  214 -2.675973e+69
  215 5.916088e+69
  216 -1.307939e+70
  217 2.891615e+70
  218 -6.392833e+70
  219 1.413339e+71
  220 -3.124634e+71
  221 6.907997e+71
  222 -1.527232e+72
  223 3.376432e+72
  224 -7.464675e+72
  225 1.650303e+73
  226 -3.648520e+73
  227 8.066212e+73
  228 -1.783292e+74
  229 3.942534e+74
  230 -8.716224e+74
  231 1.926998e+75
  232 -4.260241e+75
  233 9.418616e+75
  234 -2.082284e+76
  235 4.603551e+76
  236 -1.017761e+77
  237 2.250084e+77
  238 -4.974526e+77
  239 1.099777e+78
  240 -2.431406e+78
  241 5.375396e+78
  242 -1.188402e+79
  243 2.627340e+79
  244 -5.808569e+79
  245 1.284169e+80
  246 -2.839063e+80
  247 6.276650e+80
  248 -1.387653e+81
  249 3.067847e+81
  250 -6.782451e+81
  251 1.499476e+82
  252 -3.315068e+82
  253 7.329012e+82
  254 -1.620311e+83
  255 3.582212e+83
  256 -7.919617e+83
  257 1.750883e+84
  258 -3.870882e+84
  259 8.557815e+84
  260 -1.891977e+85
  261 4.182816e+85
  262 -9.247443e+85
  263 2.044441e+86
  264 -4.519886e+86
  265 9.992643e+86
  266 -2.209191e+87
  267 4.884119e+87
  268 -1.079790e+88
  269 2.387218e+88
  270 -5.277703e+88
  271 1.166804e+89
  272 -2.579591e+89
  273 5.703004e+89
  274 -1.260830e+90
  275 2.787466e+90
  276 -6.162578e+90
  277 1.362434e+91
  278 -3.012092e+91
  279 6.659187e+91
  280 -1.472225e+92
  281 3.254820e+92
  282 -7.195814e+92
  283 1.590863e+93
  284 -3.517109e+93
  285 7.775685e+93
  286 -1.719062e+94
  287 3.800533e+94
  288 -8.402285e+94
  289 1.857592e+95
  290 -4.106797e+95
  291 9.079380e+95
  292 -2.007285e+96
  293 4.437742e+96
  294 -9.811037e+96
  295 2.169041e+97
  296 -4.795355e+97
  297 1.060165e+98
  298 -2.343833e+98
  299 5.181786e+98
  300 -1.145598e+99
  301 2.532709e+99
  302 -5.599358e+99
  303 1.237916e+100
  304 -2.736806e+100
  305 6.050580e+100
  306 -1.337673e+101
  307 2.957351e+101
  308 -6.538163e+101
  309 1.445469e+102
  310 -3.195667e+102
  311 7.065038e+102
  312 -1.561951e+103
  313 3.453189e+103
  314 -7.634370e+103
  315 1.687820e+104
  316 -3.731462e+104
  317 8.249582e+104
  318 -1.823832e+105
  319 4.032160e+105
  320 -8.914371e+105
  321 1.970805e+106
  322 -4.357090e+106
  323 9.632731e+106
  324 -2.129621e+107
  325 4.708204e+107
  326 -1.040898e+108
  327 2.301236e+108
  328 -5.087613e+108
  329 1.124778e+109
  330 -2.486680e+109
  331 5.497595e+109
  332 -1.215418e+110
  333 2.687068e+110
  334 -5.940616e+110
  335 1.313362e+111
  336 -2.903604e+111
  337 6.419338e+111
  338 -1.419199e+112
  339 3.137589e+112
  340 -6.936638e+112
  341 1.533564e+113
  342 -3.390430e+113
  343 7.495623e+113
  344 -1.657146e+114
  345 3.663647e+114
  346 -8.099655e+114
  347 1.790686e+115
  348 -3.958880e+115
  349 8.752361e+115
  350 -1.934987e+116
  351 4.277904e+116
  352 -9.457666e+116
  353 2.090918e+117
  354 -4.622637e+117
  355 1.021981e+118
  356 -2.259413e+118
  357 4.995150e+118
  358 -1.104337e+119
  359 2.441487e+119
  360 -5.397682e+119
  361 1.193329e+120
  362 -2.638233e+120
  363 5.832652e+120
  364 -1.289493e+121
  365 2.850834e+121
  366 -6.302673e+121
  367 1.393406e+122
  368 -3.080567e+122
  369 6.810571e+122
  370 -1.505693e+123
  371 3.328813e+123
  372 -7.359398e+123
  373 1.627029e+124
  374 -3.597064e+124
  375 7.952451e+124
  376 -1.758142e+125
  377 3.886931e+125
  378 -8.593296e+125
  379 1.899821e+126
  380 -4.200158e+126
  381 9.285783e+126
  382 -2.052917e+127
  383 4.538625e+127
  384 -1.003407e+128
  385 2.218351e+128
  386 -4.904368e+128
  387 1.084266e+129
  388 -2.397115e+129
  389 5.299585e+129
  390 -1.171642e+130
  391 2.590286e+130
  392 -5.726649e+130
  393 1.266058e+131
  394 -2.799023e+131
  395 6.188129e+131
  396 -1.368082e+132
  397 3.024581e+132
  398 -6.686796e+132
  399 1.478329e+133
  400 -3.268315e+133
  401 7.225648e+133
  402 -1.597459e+134
  403 3.531691e+134
  404 -7.807924e+134
  405 1.726190e+135
  406 -3.816290e+135
  407 8.437122e+135
  408 -1.865294e+136
  409 4.123824e+136
  410 -9.117023e+136
  411 2.015607e+137
  412 -4.456141e+137
  413 9.851714e+137
  414 -2.178034e+138
  415 4.815237e+138
  416 -1.064561e+139
  417 2.353550e+139
  418 -5.203270e+139
  419 1.150348e+140
  420 -2.543210e+140
  421 5.622573e+140
  422 -1.243048e+141
  423 2.748153e+141
  424 -6.075666e+141
  425 1.343219e+142
  426 -2.969612e+142
  427 6.565270e+142
  428 -1.451461e+143
  429 3.208917e+143
  430 -7.094329e+143
  431 1.568427e+144
  432 -3.467506e+144
  433 7.666023e+144
  434 -1.694818e+145
  435 3.746933e+145
  436 -8.283785e+145
  437 1.831394e+146
  438 -4.048878e+146
  439 8.951330e+146
  440 -1.978976e+147
  441 4.375155e+147
  442 -9.672669e+147
  443 2.138451e+148
  444 -4.727724e+148
  445 1.045214e+149
  446 -2.310777e+149
  447 5.108706e+149
  448 -1.129442e+150
  449 2.496990e+150
  450 -5.520389e+150
  451 1.220457e+151
  452 -2.698208e+151
  453 5.965246e+151
  454 -1.318807e+152
  455 2.915642e+152
  456 -6.445953e+152
  457 1.425083e+153
  458 -3.150598e+153
  459 6.965397e+153
  460 -1.539922e+154
  461 3.404487e+154
  462 -7.526700e+154
  463 1.664016e+155
  464 -3.678836e+155
  465 8.133236e+155
  466 -1.798110e+156
  467 3.975294e+156
  468 -8.788649e+156
  469 1.943010e+157
  470 -4.295641e+157
  471 9.496878e+157
  472 -2.099587e+158
  473 4.641803e+158
  474 -1.026218e+159
  475 2.268781e+159
  476 -5.015860e+159
  477 1.108915e+160
  478 -2.451609e+160
  479 5.420061e+160
  480 -1.198277e+161
  481 2.649171e+161
  482 -5.856834e+161
  483 1.294839e+162
  484 -2.862653e+162
  485 6.328804e+162
  486 -1.399183e+163
  487 3.093339e+163
  488 -6.838808e+163
  489 1.511936e+164
  490 -3.342614e+164
  491 7.389910e+164
  492 -1.633774e+165
  493 3.611977e+165
  494 -7.985423e+165
  495 1.765431e+166
  496 -3.903047e+166
  497 8.628924e+166
  498 -1.907698e+167
  499 4.217572e+167
  500 -9.324282e+167
  501 2.061429e+168
  502 -4.557443e+168
  503 1.007567e+169
  504 -2.227548e+169
  505 4.924702e+169
  506 -1.088762e+170
  507 2.407054e+170
  508 -5.321557e+170
  509 1.176499e+171
  510 -2.601025e+171
  511 5.750392e+171
  512 -1.271307e+172
  513 2.810627e+172
  514 -6.213785e+172
  515 1.373754e+173
  516 -3.037121e+173
  517 6.714520e+173
  518 -1.484458e+174
  519 3.281865e+174
  520 -7.255606e+174
  521 1.604082e+175
  522 -3.546333e+175
  523 7.840296e+175
  524 -1.733346e+176
  525 3.832113e+176
  526 -8.472102e+176
  527 1.873027e+177
  528 -4.140922e+177
  529 9.154822e+177
  530 -2.023964e+178
  531 4.474616e+178
  532 -9.892559e+178
  533 2.187064e+179
  534 -4.835201e+179
  535 1.068975e+180
  536 -2.363308e+180
  537 5.224843e+180
  538 -1.155117e+181
  539 2.553754e+181
  540 -5.645884e+181
  541 1.248202e+182
  542 -2.759547e+182
  543 6.100855e+182
  544 -1.348788e+183
  545 2.981924e+183
  546 -6.592490e+183
  547 1.457479e+184
  548 -3.222221e+184
  549 7.123743e+184
  550 -1.574930e+185
  551 3.481882e+185
  552 -7.697806e+185
  553 1.701845e+186
  554 -3.762468e+186
  555 8.318130e+186
  556 -1.838987e+187
  557 4.065665e+187
  558 -8.988443e+187
  559 1.987181e+188
  560 -4.393294e+188
  561 9.712772e+188
  562 -2.147317e+189
  563 4.747326e+189
  564 -1.049547e+190
  565 2.320357e+190
  566 -5.129887e+190
  567 1.134124e+191
  568 -2.507342e+191
  569 5.543276e+191
  570 -1.225517e+192
  571 2.709395e+192
  572 -5.989979e+192
  573 1.324275e+193
  574 -2.927730e+193
  575 6.472678e+193
  576 -1.430991e+194
  577 3.163660e+194
  578 -6.994276e+194
  579 1.546307e+195
  580 -3.418602e+195
  581 7.557906e+195
  582 -1.670915e+196
  583 3.694089e+196
  584 -8.166957e+196
  585 1.805565e+197
  586 -3.991775e+197
  587 8.825087e+197
  588 -1.951066e+198
  589 4.313450e+198
  590 -9.536252e+198
  591 2.108291e+199
  592 -4.661048e+199
  593 1.030473e+200
  594 -2.278187e+200
  595 5.036656e+200
  596 -1.113513e+201
  597 2.461774e+201
  598 -5.442533e+201
  599 1.203245e+202
  600 -2.660155e+202
  601 5.881117e+202
  602 -1.300208e+203
  603 2.874522e+203
  604 -6.355044e+203
  605 1.404984e+204
  606 -3.106164e+204
  607 6.867162e+204
  608 -1.518204e+205
  609 3.356473e+205
  610 -7.420549e+205
  611 1.640548e+206
  612 -3.626952e+206
  613 8.018530e+206
  614 -1.772751e+207
  615 3.919229e+207
  616 -8.664700e+207
  617 1.915607e+208
  618 -4.235058e+208
  619 9.362941e+208
  620 -2.069975e+209
  621 4.576338e+209
  622 -1.011745e+210
  623 2.236783e+210
  624 -4.945120e+210
  625 1.093276e+211
  626 -2.417033e+211
  627 5.343620e+211
  628 -1.181377e+212
  629 2.611809e+212
  630 -5.774233e+212
  631 1.276578e+213
  632 -2.822280e+213
  633 6.239547e+213
  634 -1.379450e+214
  635 3.049713e+214
  636 -6.742358e+214
  637 1.490612e+215
  638 -3.295472e+215
  639 7.285688e+215
  640 -1.610733e+216
  641 3.561036e+216
  642 -7.872802e+216
  643 1.740533e+217
  644 -3.848001e+217
  645 8.507228e+217
  646 -1.880793e+218
  647 4.158090e+218
  648 -9.192779e+218
  649 2.032356e+219
  650 -4.493168e+219
  651 9.933574e+219
  652 -2.196132e+220
  653 4.855247e+220
  654 -1.073407e+221
  655 2.373106e+221
  656 -5.246505e+221
  657 1.159907e+222
  658 -2.564342e+222
  659 5.669292e+222
  660 -1.253377e+223
  661 2.770988e+223
  662 -6.126150e+223
  663 1.354380e+224
  664 -2.994287e+224
  665 6.619823e+224
  666 -1.463522e+225
  667 3.235580e+225
  668 -7.153278e+225
  669 1.581459e+226
  670 -3.496318e+226
  671 7.729721e+226
  672 -1.708900e+227
  673 3.778067e+227
  674 -8.352617e+227
  675 1.846611e+228
  676 -4.082521e+228
  677 9.025709e+228
  678 -1.995420e+229
  679 4.411509e+229
  680 -9.753042e+229
  681 2.156220e+230
  682 -4.767008e+230
  683 1.053899e+231
  684 -2.329978e+231
  685 5.151155e+231
  686 -1.138826e+232
  687 2.517738e+232
  688 -5.566259e+232
  689 1.230598e+233
  690 -2.720628e+233
  691 6.014813e+233
  692 -1.329765e+234
  693 2.939869e+234
  694 -6.499514e+234
  695 1.436924e+235
  696 -3.176777e+235
  697 7.023274e+235
  698 -1.552718e+236
  699 3.432776e+236
  700 -7.589241e+236
  701 1.677843e+237
  702 -3.709405e+237
  703 8.200817e+237
  704 -1.813051e+238
  705 4.008325e+238
  706 -8.861676e+238
  707 1.959155e+239
  708 -4.331334e+239
  709 9.575790e+239
  710 -2.117032e+240
  711 4.680373e+240
  712 -1.034745e+241
  713 2.287633e+241
  714 -5.057538e+241
  715 1.118129e+242
  716 -2.471980e+242
  717 5.465098e+242
  718 -1.208233e+243
  719 2.671184e+243
  720 -5.905500e+243
  721 1.305598e+244
  722 -2.886440e+244
  723 6.381392e+244
  724 -1.410809e+245
  725 3.119042e+245
  726 -6.895633e+245
  727 1.524499e+246
  728 -3.370389e+246
  729 7.451315e+246
  730 -1.647350e+247
  731 3.641990e+247
  732 -8.051775e+247
  733 1.780101e+248
  734 -3.935478e+248
  735 8.700624e+248
  736 -1.923549e+249
  737 4.252617e+249
  738 -9.401760e+249
  739 2.078558e+250
  740 -4.595312e+250
  741 1.015940e+251
  742 -2.246057e+251
  743 4.965623e+251
  744 -1.097809e+252
  745 2.427055e+252
  746 -5.365775e+252
  747 1.186275e+253
  748 -2.622638e+253
  749 5.798173e+253
  750 -1.281870e+254
  751 2.833982e+254
  752 -6.265417e+254
  753 1.385169e+255
  754 -3.062357e+255
  755 6.770312e+255
  756 -1.496793e+256
  757 3.309135e+256
  758 -7.315895e+256
  759 1.617411e+257
  760 -3.575800e+257
  761 7.905442e+257
  762 -1.747749e+258
  763 3.863955e+258
  764 -8.542499e+258
  765 1.888591e+259
  766 -4.175330e+259
  767 9.230892e+259
  768 -2.040782e+260
  769 4.511796e+260
  770 -9.974759e+260
  771 2.205237e+261
  772 -4.875377e+261
  773 1.077857e+262
  774 -2.382945e+262
  775 5.268257e+262
  776 -1.164716e+263
  777 2.574974e+263
  778 -5.692797e+263
  779 1.258574e+264
  780 -2.782477e+264
  781 6.151549e+264
  782 -1.359995e+265
  783 3.006701e+265
  784 -6.647269e+265
  785 1.469590e+266
  786 -3.248995e+266
  787 7.182936e+266
  788 -1.588016e+267
  789 3.510814e+267
  790 -7.761769e+267
  791 1.715986e+268
  792 -3.793731e+268
  793 8.387248e+268
  794 -1.854267e+269
  795 4.099447e+269
  796 -9.063130e+269
  797 2.003693e+270
  798 -4.429799e+270
  799 9.793478e+270
  800 -2.165159e+271
