    1     0
    2     0
    3     0
    4     0
    5     0
    6     0
    7     0
    8     0
    9     0
   10     0
   11     0
   12     0
   13 -2.082154e-01
   14 -7.584471e-02
   15 -1.290426e-01
   16 -7.850868e-02
   17 -8.363363e-02
   18 -5.798694e-02
   19 -4.959853e-02
   20 -3.272344e-02
   21 -2.190793e-02
   22 -9.540690e-03
   23 -6.871168e-05
   24 8.728858e-03
   25 1.547551e-02
   26 2.081133e-02
   27 2.431214e-02
   28 2.617153e-02
   29 2.627534e-02
   30 2.470486e-02
   31 2.145804e-02
   32 1.659947e-02
   33 1.017573e-02
   34 2.259559e-03
   35 -7.076336e-03
   36 -1.774684e-02
   37 -2.966297e-02
   38 -4.272884e-02
   39 -5.684488e-02
   40 -7.190752e-02
   41 -8.781078e-02
   42 -1.044467e-01
   43 -1.217065e-01
   44 -1.394810e-01
   45 -1.576615e-01
   46 -1.761405e-01
   47 -1.948123e-01
   48 -2.135735e-01
   49 -2.323239e-01
   50 -2.509665e-01
   51 -2.694083e-01
   52 -2.875608e-01
   53 -3.053401e-01
   54 -3.226675e-01
   55 -3.394695e-01
   56 -3.556784e-01
   57 -3.712321e-01
   58 -3.860748e-01
   59 -4.001564e-01
   60 -4.134334e-01
   61 -4.258683e-01
   62 -4.374296e-01
   63 -4.480924e-01
   64 -4.578375e-01
   65 -4.666520e-01
   66 -4.745286e-01
   67 -4.814658e-01
   68 -4.874674e-01
   69 -4.925428e-01
   70 -4.967060e-01
   71 -4.999760e-01
   72 -5.023762e-01
   73 -5.039339e-01
   74 -5.046806e-01
   75 -5.046510e-01
   76 -5.038832e-01
   77 -5.024180e-01
   78 -5.002986e-01
   79 -4.975704e-01
   80 -4.942808e-01
   81 -4.904782e-01
   82 -4.862125e-01
   83 -4.815342e-01
   84 -4.764941e-01
   85 -4.711434e-01
   86 -4.655328e-01
   87 -4.597127e-01
   88 -4.537329e-01
   89 -4.476417e-01
   90 -4.414866e-01
   91 -4.353134e-01
   92 -4.291660e-01
   93 -4.230868e-01
   94 -4.171156e-01
   95 -4.112904e-01
   96 -4.056464e-01
   97 -4.002167e-01
   98 -3.950315e-01
   99 -3.901182e-01
  100 -3.855019e-01
  101 -3.812044e-01
  102 -3.772450e-01
  103 -3.736401e-01
  104 -3.704030e-01
  105 -3.675447e-01
  106 -3.650730e-01
  107 -3.629933e-01
  108 -3.613082e-01
  109 -3.600177e-01
  110 -3.591197e-01
  111 -3.586093e-01
  112 -3.584797e-01
  113 -3.587219e-01
  114 -3.593249e-01
  115 -3.602759e-01
  116 -3.615605e-01
  117 -3.631625e-01
  118 -3.650647e-01
  119 -3.672485e-01
  120 -3.696941e-01
  121 -3.723811e-01
  122 -3.752880e-01
  123 -3.783930e-01
  124 -3.816738e-01
  125 -3.851077e-01
  126 -3.886720e-01
  127 -3.923438e-01
  128 -3.961006e-01
  129 -3.999200e-01
  130 -4.037801e-01
  131 -1.547499e-01
  132 -2.855481e-01
  133 -2.116197e-01
  134 -2.535457e-01
  135 -2.347174e-01
  136 -2.509577e-01
  137 -2.490709e-01
  138 -2.576174e-01
  139 -2.604998e-01
  140 -2.661706e-01
  141 -2.697132e-01
  142 -2.735941e-01
  143 -2.762871e-01
  144 -2.784947e-01
  145 -2.797342e-01
  146 -2.802020e-01
  147 -2.797476e-01
  148 -2.784325e-01
  149 -2.762209e-01
  150 -2.731463e-01
  151 -2.692184e-01
  152 -2.644721e-01
  153 -2.589391e-01
  154 -2.526620e-01
  155 -2.456851e-01
  156 -2.380584e-01
  157 -2.298344e-01
  158 -2.210687e-01
  159 -2.118186e-01
  160 -2.021434e-01
  161 -1.921030e-01
  162 -1.817582e-01
  163 -1.711696e-01
  164 -1.603977e-01
  165 -1.495020e-01
  166 -1.385410e-01
  167 -1.275718e-01
  168 -1.166497e-01
  169 -1.058279e-01
  170 -9.515727e-02
  171 -8.468611e-02
  172 -7.445998e-02
  173 -6.452147e-02
  174 -5.491007e-02
  175 -4.566201e-02
  176 -3.681020e-02
  177 -2.838410e-02
  178 -2.040972e-02
  179 -1.290952e-02
  180 -5.902483e-03
  181 5.959458e-04
  182 6.573781e-03
  183 1.202246e-02
  184 1.693676e-02
  185 2.131472e-02
  186 2.515753e-02
  187 2.846941e-02
  188 3.125747e-02
  189 3.353156e-02
  190 3.530412e-02
  191 3.659002e-02
  192 3.740635e-02
  193 3.777229e-02
  194 3.770885e-02
  195 3.723877e-02
  196 3.638621e-02
  197 3.517667e-02
  198 3.363669e-02
  199 3.179373e-02
  200 2.967594e-02
  201 2.703572e-02
  202 2.452333e-02
  203 2.177154e-02
  204 1.901202e-02
  205 1.615066e-02
  206 1.327249e-02
  207 1.036462e-02
  208 7.467507e-03
  209 4.591771e-03
  210 1.763438e-03
  211 -1.001111e-03
  212 -3.681633e-03
  213 -6.261614e-03
  214 -8.724264e-03
  215 -1.105484e-02
  216 -1.323949e-02
  217 -1.526594e-02
  218 -1.712321e-02
  219 -1.880181e-02
  220 -2.029362e-02
  221 -9.566792e-02
  222 -1.059543e-01
  223 -1.478552e-01
  224 -1.695056e-01
  225 -1.993861e-01
  226 -2.218986e-01
  227 -2.455658e-01
  228 -2.656923e-01
  229 -2.848202e-01
  230 -3.015313e-01
  231 -3.165830e-01
  232 -3.295508e-01
  233 -3.406683e-01
  234 -3.498209e-01
  235 -3.570977e-01
  236 -3.624893e-01
  237 -3.660532e-01
  238 -3.678234e-01
  239 -3.678591e-01
  240 -3.662176e-01
  241 -3.629684e-01
  242 -3.581847e-01
  243 -3.519471e-01
  244 -3.443407e-01
  245 -3.354558e-01
  246 -3.253863e-01
  247 -3.142298e-01
  248 -3.020864e-01
  249 -2.890584e-01
  250 -2.752491e-01
  251 -2.607630e-01
  252 -2.457044e-01
  253 -2.301772e-01
  254 -2.142841e-01
  255 -1.981263e-01
  256 -1.818028e-01
  257 -1.654098e-01
  258 -1.490405e-01
  259 -1.327844e-01
  260 -1.167271e-01
  261 2.138630e-04
  262 -3.513391e-02
  263 1.097181e-02
  264 1.022437e-02
  265 3.319875e-02
  266 4.150309e-02
  267 5.635912e-02
  268 6.629228e-02
  269 7.769746e-02
  270 8.715567e-02
  271 9.660205e-02
  272 1.050246e-01
  273 1.130144e-01
  274 1.202774e-01
  275 1.269993e-01
  276 1.330999e-01
  277 1.386431e-01
  278 1.436136e-01
  279 1.480398e-01
  280 1.519272e-01
  281 1.552953e-01
  282 1.581577e-01
  283 1.605330e-01
  284 1.624391e-01
  285 1.638963e-01
  286 1.649255e-01
  287 1.655490e-01
  288 1.657901e-01
  289 1.656731e-01
  290 1.652230e-01
  291 1.644657e-01
  292 1.634273e-01
  293 1.621347e-01
  294 1.606147e-01
  295 1.588944e-01
  296 1.570008e-01
  297 1.549607e-01
  298 1.528006e-01
  299 1.505464e-01
  300 1.482237e-01
  301 1.458571e-01
  302 1.434705e-01
  303 1.410870e-01
  304 1.387284e-01
  305 1.364155e-01
  306 1.341681e-01
  307 1.320044e-01
  308 1.299416e-01
  309 1.279954e-01
  310 1.261800e-01
  311 1.245084e-01
  312 1.229919e-01
  313 1.216405e-01
  314 1.204627e-01
  315 1.194654e-01
  316 1.186543e-01
  317 1.180336e-01
  318 1.176058e-01
  319 1.173726e-01
  320 1.173340e-01
  321 1.174887e-01
  322 1.178345e-01
  323 1.183678e-01
  324 1.190841e-01
  325 1.199777e-01
  326 1.210421e-01
  327 1.222700e-01
  328 1.236530e-01
  329 1.251824e-01
  330 1.268487e-01
  331 1.286417e-01
  332 1.305510e-01
  333 1.325657e-01
  334 1.346747e-01
  335 1.368664e-01
  336 1.391295e-01
  337 1.414521e-01
  338 1.438228e-01
  339 1.462301e-01
  340 1.486624e-01
  341 1.511087e-01
  342 1.535580e-01
  343 1.559998e-01
  344 1.584238e-01
  345 1.608202e-01
  346 1.631797e-01
  347 1.654936e-01
  348 1.677534e-01
  349 1.699515e-01
  350 1.720809e-01
  351 1.741349e-01
  352 1.761078e-01
  353 1.779943e-01
  354 1.797899e-01
  355 1.814907e-01
  356 1.830934e-01
  357 1.845955e-01
  358 1.859950e-01
  359 1.872905e-01
  360 1.884815e-01
  361 1.895678e-01
  362 1.905499e-01
  363 1.914289e-01
  364 1.922063e-01
  365 1.928841e-01
  366 1.934651e-01
  367 1.939520e-01
  368 1.943484e-01
  369 1.946580e-01
  370 1.948848e-01
  371 1.950334e-01
  372 1.951082e-01
  373 1.951143e-01
  374 1.950567e-01
  375 1.949406e-01
  376 1.947713e-01
  377 1.945543e-01
  378 1.942951e-01
  379 1.939990e-01
  380 1.936717e-01
  381 1.933184e-01
  382 1.929446e-01
  383 1.925553e-01
  384 1.921558e-01
  385 1.917509e-01
  386 1.913454e-01
  387 1.909437e-01
  388 1.905503e-01
  389 1.901691e-01
  390 1.898041e-01
  391 -6.345089e-02
  392 6.314717e-02
  393 -1.493371e-02
  394 2.290941e-02
  395 8.852281e-05
  396 1.244619e-02
  397 6.804823e-03
  398 1.174159e-02
  399 1.117422e-02
  400 1.356928e-02
  401 1.413267e-02
  402 1.509327e-02
  403 1.509255e-02
  404 1.475972e-02
  405 1.366734e-02
  406 1.199364e-02
  407 9.607891e-03
  408 6.567769e-03
  409 2.844109e-03
  410 -1.530770e-03
  411 -6.546348e-03
  412 -1.217004e-02
  413 -1.837274e-02
  414 -2.511616e-02
  415 -3.236098e-02
  416 -4.006342e-02
  417 -4.817811e-02
  418 -5.665737e-02
  419 -6.545245e-02
  420 -7.451359e-02
  421 -8.379065e-02
  422 -9.323345e-02
  423 -1.027922e-01
  424 -1.124176e-01
  425 -1.220617e-01
  426 -1.316775e-01
  427 -1.412198e-01
  428 -1.506451e-01
  429 -1.599120e-01
  430 -1.689811e-01
  431 -1.778157e-01
  432 -1.863815e-01
  433 -1.946468e-01
  434 -2.025826e-01
  435 -2.101630e-01
  436 -2.173648e-01
  437 -2.241678e-01
  438 -2.305546e-01
  439 -2.365111e-01
  440 -2.420257e-01
  441 -2.026446e-01
  442 -2.017411e-01
  443 -1.812887e-01
  444 -1.724047e-01
  445 -1.580026e-01
  446 -1.474464e-01
  447 -1.356305e-01
  448 -1.253834e-01
  449 -1.151937e-01
  450 -1.059290e-01
  451 -9.715376e-02
  452 -8.914391e-02
  453 -8.178241e-02
  454 -7.516305e-02
  455 -6.925898e-02
  456 -6.410377e-02
  457 -5.969191e-02
  458 -5.603315e-02
  459 -5.312265e-02
  460 -5.095736e-02
  461 -4.952713e-02
  462 -4.881979e-02
  463 -4.881855e-02
  464 -4.950372e-02
  465 -5.085208e-02
  466 -5.283754e-02
  467 -5.543114e-02
  468 -5.860148e-02
  469 -6.231484e-02
  470 -6.653554e-02
  471 -7.122616e-02
  472 -7.634786e-02
  473 -8.186062e-02
  474 -8.772354e-02
  475 -9.389507e-02
  476 -1.003333e-01
  477 -1.069963e-01
  478 -1.138422e-01
  479 -1.208296e-01
  480 -1.279175e-01
  481 -1.350661e-01
  482 -1.422364e-01
  483 -1.493905e-01
  484 -1.564923e-01
  485 -1.635070e-01
  486 -1.704016e-01
  487 -1.771449e-01
  488 -1.837077e-01
  489 -1.900629e-01
  490 -1.961855e-01
  491 -2.020528e-01
  492 -2.076443e-01
  493 -2.129418e-01
  494 -2.179296e-01
  495 -2.225940e-01
  496 -2.269241e-01
  497 -2.309109e-01
  498 -2.345479e-01
  499 -2.378308e-01
  500 -2.407576e-01
  501 -2.433281e-01
  502 -2.455443e-01
  503 -2.474104e-01
  504 -2.489321e-01
  505 -2.501169e-01
  506 -2.509741e-01
  507 -2.515145e-01
  508 -2.517502e-01
  509 -2.516945e-01
  510 -2.513622e-01
  511 -2.507689e-01
  512 -2.499309e-01
  513 -2.488657e-01
  514 -2.475912e-01
  515 -2.461256e-01
  516 -2.444879e-01
  517 -2.426971e-01
  518 -2.407724e-01
  519 -2.387330e-01
  520 -2.365979e-01
  521 -2.343860e-01
  522 -2.321159e-01
  523 -2.298058e-01
  524 -2.274734e-01
  525 -2.251356e-01
  526 -2.228088e-01
  527 -2.205089e-01
  528 -2.182505e-01
  529 -2.160476e-01
  530 -2.139135e-01
  531 -2.118601e-01
  532 -2.098986e-01
  533 -2.080391e-01
  534 -2.062908e-01
  535 -2.046615e-01
  536 -2.031583e-01
  537 -2.017871e-01
  538 -2.005526e-01
  539 -1.994587e-01
  540 -1.985082e-01
  541 -1.977027e-01
  542 -1.970430e-01
  543 -1.965290e-01
  544 -1.961596e-01
  545 -1.959327e-01
  546 -1.958458e-01
  547 -1.958950e-01
  548 -1.960763e-01
  549 -1.963847e-01
  550 -1.968145e-01
  551 -1.973596e-01
  552 -1.980135e-01
  553 -1.987690e-01
  554 -1.996187e-01
  555 -2.005549e-01
  556 -2.015693e-01
  557 -2.026539e-01
  558 -2.038003e-01
  559 -2.049998e-01
  560 -2.062440e-01
  561 -2.075244e-01
  562 -2.088325e-01
  563 -2.101600e-01
  564 -2.114987e-01
  565 -2.128406e-01
  566 -2.141779e-01
  567 -2.155033e-01
  568 -2.168096e-01
  569 -2.180899e-01
  570 -2.193380e-01
  571 -2.205476e-01
  572 -2.217134e-01
  573 -2.228300e-01
  574 -2.238928e-01
  575 -2.248976e-01
  576 -2.258405e-01
  577 -2.267183e-01
  578 -2.275282e-01
  579 -2.282678e-01
  580 -2.289353e-01
  581 -2.295293e-01
  582 -2.300489e-01
  583 -2.304936e-01
  584 -2.308634e-01
  585 -2.311586e-01
  586 -2.313800e-01
  587 -2.315288e-01
  588 -2.316066e-01
  589 -2.316151e-01
  590 -2.315567e-01
  591 -2.314337e-01
  592 -2.312489e-01
  593 -2.310053e-01
  594 -2.307061e-01
  595 -2.303547e-01
  596 -2.299546e-01
  597 -2.295095e-01
  598 -2.290233e-01
  599 -2.284997e-01
  600 -2.279427e-01
  601 -2.271628e-01
  602 -2.265991e-01
  603 -2.259779e-01
  604 -2.254450e-01
  605 -2.249182e-01
  606 -2.244408e-01
  607 -2.239880e-01
  608 -2.235725e-01
  609 -2.231866e-01
  610 -2.228341e-01
  611 -2.225122e-01
  612 -2.222218e-01
  613 -2.219618e-01
  614 -2.217319e-01
  615 -2.215313e-01
  616 -2.213593e-01
  617 -2.212151e-01
  618 -2.210976e-01
  619 -2.210058e-01
  620 -2.209385e-01
  621 -2.208944e-01
  622 -2.208722e-01
  623 -2.208705e-01
  624 -2.208877e-01
  625 -2.209224e-01
  626 -2.209727e-01
  627 -2.210372e-01
  628 -2.211141e-01
  629 -2.212018e-01
  630 -2.212984e-01
  631 -2.214023e-01
  632 -2.215118e-01
  633 -2.216251e-01
  634 -2.217406e-01
  635 -2.218566e-01
  636 -2.219717e-01
  637 -2.220841e-01
  638 -2.221925e-01
  639 -2.222954e-01
  640 -2.223914e-01
  641 -2.224794e-01
  642 -2.225580e-01
  643 -2.226262e-01
  644 -2.226830e-01
  645 -2.227274e-01
  646 -2.227587e-01
  647 -2.227760e-01
  648 -2.227786e-01
  649 -2.227662e-01
  650 -2.227381e-01
  651 -2.226940e-01
  652 -2.226338e-01
  653 -2.225570e-01
  654 -2.224638e-01
  655 -2.223541e-01
  656 -2.222279e-01
  657 -2.220855e-01
  658 -2.219270e-01
  659 -2.217528e-01
  660 -2.215632e-01
  661 -1.472828e-01
  662 -1.378772e-01
  663 -9.664081e-02
  664 -7.543674e-02
  665 -4.578389e-02
  666 -2.328130e-02
  667 5.914948e-04
  668 2.113578e-02
  669 4.088903e-02
  670 5.842740e-02
  671 7.450165e-02
  672 8.867946e-02
  673 1.011861e-01
  674 1.118977e-01
  675 1.208932e-01
  676 1.281528e-01
  677 1.337229e-01
  678 1.376259e-01
  679 1.399091e-01
  680 1.406176e-01
  681 1.398087e-01
  682 1.375430e-01
  683 1.338886e-01
  684 1.289183e-01
  685 1.227100e-01
  686 1.153456e-01
  687 1.069107e-01
  688 9.749393e-02
  689 8.718633e-02
  690 7.608070e-02
  691 6.427106e-02
  692 5.185206e-02
  693 3.891841e-02
  694 2.556430e-02
  695 1.188292e-02
  696 -2.034087e-03
  697 -1.609708e-02
  698 -3.021887e-02
  699 -4.431516e-02
  700 -5.830491e-02
  701 -7.211071e-02
  702 -8.565907e-02
  703 -9.888076e-02
  704 -1.117110e-01
  705 -1.240897e-01
  706 -1.359617e-01
  707 -1.472768e-01
  708 -1.579899e-01
  709 -1.680612e-01
  710 -1.774561e-01
  711 -1.861452e-01
  712 -1.941045e-01
  713 -2.013149e-01
  714 -2.077626e-01
  715 -2.134387e-01
  716 -2.183394e-01
  717 -2.224652e-01
  718 -2.258214e-01
  719 -2.284175e-01
  720 -2.302672e-01
  721 -2.313879e-01
  722 -2.318009e-01
  723 -2.315306e-01
  724 -2.306045e-01
  725 -2.290531e-01
  726 -2.269092e-01
  727 -2.242081e-01
  728 -2.209867e-01
  729 -2.172838e-01
  730 -2.131395e-01
  731 -2.085949e-01
  732 -2.036921e-01
  733 -1.984733e-01
  734 -1.929814e-01
  735 -1.872588e-01
  736 -1.813481e-01
  737 -1.752911e-01
  738 -1.691288e-01
  739 -1.629014e-01
  740 -1.566478e-01
  741 -1.504056e-01
  742 -1.442109e-01
  743 -1.380981e-01
  744 -1.320998e-01
  745 -1.262464e-01
  746 -1.205666e-01
  747 -1.150868e-01
  748 -1.098310e-01
  749 -1.048212e-01
  750 -1.000768e-01
  751 -9.561508e-02
  752 -9.145074e-02
  753 -8.759621e-02
  754 -8.406153e-02
  755 -8.085441e-02
  756 -7.798027e-02
  757 -7.544230e-02
  758 -7.324150e-02
  759 -7.137680e-02
  760 -6.984510e-02
  761 -6.864137e-02
  762 -6.775881e-02
  763 -6.718887e-02
  764 -6.692143e-02
  765 -6.694490e-02
  766 -6.724632e-02
  767 -6.781155e-02
  768 -6.862532e-02
  769 -6.967144e-02
  770 -7.093287e-02
  771 -7.239189e-02
  772 -7.403021e-02
  773 -7.582914e-02
  774 -7.776965e-02
  775 -7.983256e-02
  776 -8.199863e-02
  777 -8.424866e-02
  778 -8.656367e-02
  779 -8.892491e-02
  780 -9.131405e-02
  781 -9.371322e-02
  782 -9.610513e-02
  783 -9.847312e-02
  784 -1.008013e-01
  785 -1.030745e-01
  786 -1.052784e-01
  787 -1.073997e-01
  788 -1.094260e-01
  789 -1.113458e-01
  790 -1.131488e-01
  791 -1.148256e-01
  792 -1.163678e-01
  793 -1.177684e-01
  794 -1.190211e-01
  795 -1.201208e-01
  796 -1.210637e-01
  797 -1.218467e-01
  798 -1.224679e-01
  799 -1.229264e-01
  800 -1.232222e-01
