    1     0
    2     0
    3     0
    4     0
    5     0
    6     0
    7     0
    8     0
    9     0
   10     0
   11     0
   12     0
   13 1.848721e+00
   14 -4.615113e+00
   15 1.677614e+01
   16 -5.439925e+01
   17 1.819926e+02
   18 -6.036265e+02
   19 2.006701e+03
   20 -6.667124e+03
   21 2.215430e+04
   22 -7.361445e+04
   23 2.446082e+05
   24 -8.127902e+05
   25 2.700759e+06
   26 -8.974152e+06
   27 2.981954e+07
   28 -9.908512e+07
   29 3.292425e+08
   30 -1.094015e+09
   31 3.635222e+09
   32 -1.207921e+10
   33 4.013709e+10
   34 -1.333685e+11
   35 4.431603e+11
   36 -1.472544e+12
   37 4.893008e+12
   38 -1.625861e+13
   39 5.402452e+13
   40 -1.795140e+14
   41 5.964937e+14
   42 -1.982044e+15
   43 6585987030977122
   44 -21884083746635968
   45 72716985195569504
   46 -241625831684431808
   47 802880405178714624
   48 -2667831251841561600
   49 8864736942631272448
   50 -2.945597e+19
   51 9.787704e+19
   52 -3.252283e+20
   53 1.080677e+21
   54 -3.590900e+21
   55 1.193193e+22
   56 -3.964773e+22
   57 1.317425e+23
   58 -4.377572e+23
   59 1.454591e+24
   60 -4.833351e+24
   61 1.606038e+25
   62 -5.336584e+25
   63 1.773253e+26
   64 -5.892211e+26
   65 1.957879e+27
   66 -6.505689e+27
   67 2.161727e+28
   68 -7.183040e+28
   69 2.386799e+29
   70 -7.930915e+29
   71 2.635304e+30
   72 -8.756656e+30
   73 2.909684e+31
   74 -9.668370e+31
   75 3.212630e+32
   76 -1.067501e+33
   77 3.547119e+33
   78 -1.178646e+34
   79 3.916434e+34
   80 -1.301362e+35
   81 4.324200e+35
   82 -1.436856e+36
   83 4.774421e+36
   84 -1.586457e+37
   85 5.271519e+37
   86 -1.751633e+38
   87 5.820372e+38
   88 -1.934008e+39
   89 6.426370e+39
   90 -2.135370e+40
   91 7.095463e+40
   92 -2.357698e+41
   93 7.834219e+41
   94 -2.603174e+42
   95 8.649893e+42
   96 -2.874208e+43
   97 9.550491e+43
   98 -3.173461e+44
   99 1.054486e+45
  100 -3.503872e+45
  101 1.164275e+46
  102 -3.868683e+46
  103 1.285496e+47
  104 -4.271478e+47
  105 1.419338e+48
  106 -4.716210e+48
  107 1.567114e+49
  108 -5.207247e+49
  109 1.730277e+50
  110 -5.749408e+50
  111 1.910428e+51
  112 -6.348018e+51
  113 2.109335e+52
  114 -7.008953e+52
  115 2.328953e+53
  116 -7.738702e+53
  117 2.571436e+54
  118 -8.544431e+54
  119 2.839165e+55
  120 -9.434049e+55
  121 3.134770e+56
  122 -1.041629e+57
  123 3.461152e+57
  124 -1.150080e+58
  125 3.821515e+58
  126 -1.269823e+59
  127 4.219399e+59
  128 -1.402033e+60
  129 4.658709e+60
  130 -1.548008e+61
  131 5.143759e+61
  132 -1.709181e+62
  133 5.679310e+62
  134 -1.887136e+63
  135 6.270621e+63
  136 -2.083618e+64
  137 6.923498e+64
  138 -2.300557e+65
  139 7.644350e+65
  140 -2.540084e+66
  141 8.440255e+66
  142 -2.804549e+67
  143 9.319027e+67
  144 -3.096550e+68
  145 1.028929e+69
  146 -3.418952e+69
  147 1.136058e+70
  148 -3.774923e+70
  149 1.254341e+71
  150 -4.167955e+71
  151 1.384939e+72
  152 -4.601909e+72
  153 1.529134e+73
  154 -5.081045e+73
  155 1.688342e+74
  156 -5.610067e+74
  157 1.864127e+75
  158 -6.194169e+75
  159 2.058214e+76
  160 -6.839085e+76
  161 2.272508e+77
  162 -7.551148e+77
  163 2.509115e+78
  164 -8.337349e+78
  165 2.770355e+79
  166 -9.205407e+79
  167 3.058796e+80
  168 -1.016384e+81
  169 3.377268e+81
  170 -1.122207e+82
  171 3.728898e+82
  172 -1.239048e+83
  173 4.117138e+83
  174 -1.368053e+84
  175 4.545801e+84
  176 -1.510490e+85
  177 5.019095e+85
  178 -1.667758e+86
  179 5.541667e+86
  180 -1.841399e+87
  181 6.118648e+87
  182 -2.033120e+88
  183 6.755701e+88
  184 -2.244801e+89
  185 7.459083e+89
  186 -2.478523e+90
  187 8.235698e+90
  188 -2.736579e+91
  189 9.093172e+91
  190 -3.021502e+92
  191 1.003992e+93
  192 -3.336091e+93
  193 1.108525e+94
  194 -3.683434e+94
  195 1.223941e+95
  196 -4.066941e+95
  197 1.351373e+96
  198 -4.490378e+96
  199 1.492074e+97
  200 -4.957901e+97
  201 1.647424e+98
  202 -5.474102e+98
  203 1.818948e+99
  204 -6.044048e+99
  205 2.008331e+100
  206 -6.673334e+100
  207 2.217432e+101
  208 -7.368140e+101
  209 2.448304e+102
  210 -8.135287e+102
  211 2.703214e+103
  212 -8.982306e+103
  213 2.984663e+104
  214 -9.917514e+104
  215 3.295417e+105
  216 -1.095009e+106
  217 3.638525e+106
  218 -1.209018e+107
  219 4.017356e+107
  220 -1.334897e+108
  221 4.435630e+108
  222 -1.473882e+109
  223 4.897453e+109
  224 -1.627338e+110
  225 5.407360e+110
  226 -1.796771e+111
  227 5.970357e+111
  228 -1.983845e+112
  229 6.591971e+112
  230 -2.190397e+113
  231 7.278306e+113
  232 -2.418454e+114
  233 8.036099e+114
  234 -2.670255e+115
  235 8.872792e+115
  236 -2.948274e+116
  237 9.796598e+116
  238 -3.255238e+117
  239 1.081659e+118
  240 -3.594163e+118
  241 1.194278e+119
  242 -3.968375e+119
  243 1.318622e+120
  244 -4.381550e+120
  245 1.455912e+121
  246 -4.837742e+121
  247 1.607497e+122
  248 -5.341432e+122
  249 1.774865e+123
  250 -5.897565e+123
  251 1.959658e+124
  252 -6.511600e+124
  253 2.163691e+125
  254 -7.189567e+125
  255 2.388967e+126
  256 -7.938121e+126
  257 2.637699e+127
  258 -8.764612e+127
  259 2.912327e+128
  260 -9.677155e+128
  261 3.215549e+129
  262 -1.068471e+130
  263 3.550342e+130
  264 -1.179717e+131
  265 3.919992e+131
  266 -1.302545e+132
  267 4.328129e+132
  268 -1.438162e+133
  269 4.778759e+133
  270 -1.587898e+134
  271 5.276308e+134
  272 -1.753225e+135
  273 5.825660e+135
  274 -1.935765e+136
  275 6.432209e+136
  276 -2.137311e+137
  277 7.101910e+137
  278 -2.359840e+138
  279 7.841337e+138
  280 -2.605539e+139
  281 8.657752e+139
  282 -2.876820e+140
  283 9.559169e+140
  284 -3.176345e+141
  285 1.055444e+142
  286 -3.507055e+142
  287 1.165333e+143
  288 -3.872199e+143
  289 1.286664e+144
  290 -4.275359e+144
  291 1.420627e+145
  292 -4.720496e+145
  293 1.568538e+146
  294 -5.211978e+146
  295 1.731849e+147
  296 -5.754632e+147
  297 1.912164e+148
  298 -6.353786e+148
  299 2.111252e+149
  300 -7.015321e+149
  301 2.331069e+150
  302 -7.745734e+150
  303 2.573772e+151
  304 -8.552194e+151
  305 2.841745e+152
  306 -9.442621e+152
  307 3.137618e+153
  308 -1.042576e+154
  309 3.464296e+154
  310 -1.151125e+155
  311 3.824988e+155
  312 -1.270977e+156
  313 4.223233e+156
  314 -1.403306e+157
  315 4.662942e+157
  316 -1.549414e+158
  317 5.148433e+158
  318 -1.710734e+159
  319 5.684471e+159
  320 -1.888850e+160
  321 6.276319e+160
  322 -2.085511e+161
  323 6.929789e+161
  324 -2.302648e+162
  325 7.651296e+162
  326 -2.542392e+163
  327 8.447924e+163
  328 -2.807097e+164
  329 9.327494e+164
  330 -3.099363e+165
  331 1.029864e+166
  332 -3.422059e+166
  333 1.137090e+167
  334 -3.778352e+167
  335 1.255480e+168
  336 -4.171742e+168
  337 1.386197e+169
  338 -4.606090e+169
  339 1.530523e+170
  340 -5.085662e+170
  341 1.689876e+171
  342 -5.615164e+171
  343 1.865821e+172
  344 -6.199797e+172
  345 2.060084e+173
  346 -6.845299e+173
  347 2.274573e+174
  348 -7.558009e+174
  349 2.511394e+175
  350 -8.344925e+175
  351 2.772873e+176
  352 -9.213771e+176
  353 3.061575e+177
  354 -1.017308e+178
  355 3.380336e+178
  356 -1.123227e+179
  357 3.732286e+179
  358 -1.240173e+180
  359 4.120879e+180
  360 -1.369296e+181
  361 4.549932e+181
  362 -1.511863e+182
  363 5.023656e+182
  364 -1.669273e+183
  365 5.546703e+183
  366 -1.843072e+184
  367 6.124207e+184
  368 -2.034967e+185
  369 6.761840e+185
  370 -2.246841e+186
  371 7.465860e+186
  372 -2.480775e+187
  373 8.243181e+187
  374 -2.739065e+188
  375 9.101434e+188
  376 -3.024248e+189
  377 1.004905e+190
  378 -3.339122e+190
  379 1.109532e+191
  380 -3.686781e+191
  381 1.225053e+192
  382 -4.070637e+192
  383 1.352601e+193
  384 -4.494458e+193
  385 1.493430e+194
  386 -4.962406e+194
  387 1.648921e+195
  388 -5.479076e+195
  389 1.820601e+196
  390 -6.049539e+196
  391 2.010156e+197
  392 -6.679398e+197
  393 2.219447e+198
  394 -7.374835e+198
  395 2.450529e+199
  396 -8.142678e+199
  397 2.705670e+200
  398 -8.990467e+200
  399 2.987375e+201
  400 -9.926526e+201
  401 3.298411e+202
  402 -1.096004e+203
  403 3.641831e+203
  404 -1.210117e+204
  405 4.021006e+204
  406 -1.336110e+205
  407 4.439660e+205
  408 -1.475222e+206
  409 4.901903e+206
  410 -1.628817e+207
  411 5.412273e+207
  412 -1.798404e+208
  413 5.975782e+208
  414 -1.985648e+209
  415 6.597961e+209
  416 -2.192387e+210
  417 7.284919e+210
  418 -2.420651e+211
  419 8.043401e+211
  420 -2.672681e+212
  421 8.880853e+212
  422 -2.950952e+213
  423 9.805499e+213
  424 -3.258196e+214
  425 1.082642e+215
  426 -3.597429e+215
  427 1.195363e+216
  428 -3.971981e+216
  429 1.319820e+217
  430 -4.385531e+217
  431 1.457235e+218
  432 -4.842138e+218
  433 1.608958e+219
  434 -5.346286e+219
  435 1.776477e+220
  436 -5.902924e+220
  437 1.961438e+221
  438 -6.517517e+221
  439 2.165657e+222
  440 -7.196099e+222
  441 2.391138e+223
  442 -7.945334e+223
  443 2.640095e+224
  444 -8.772576e+224
  445 2.914974e+225
  446 -9.685948e+225
  447 3.218471e+226
  448 -1.069442e+227
  449 3.553568e+227
  450 -1.180788e+228
  451 3.923554e+228
  452 -1.303728e+229
  453 4.332061e+229
  454 -1.439468e+230
  455 4.783102e+230
  456 -1.589341e+231
  457 5.281102e+231
  458 -1.754818e+232
  459 5.830954e+232
  460 -1.937524e+233
  461 6.438053e+233
  462 -2.139253e+234
  463 7.108363e+234
  464 -2.361985e+235
  465 7.848462e+235
  466 -2.607907e+236
  467 8.665618e+236
  468 -2.879434e+237
  469 9.567854e+237
  470 -3.179231e+238
  471 1.056403e+239
  472 -3.510242e+239
  473 1.166392e+240
  474 -3.875717e+240
  475 1.287833e+241
  476 -4.279244e+241
  477 1.421918e+242
  478 -4.724785e+242
  479 1.569963e+243
  480 -5.216714e+243
  481 1.733423e+244
  482 -5.759861e+244
  483 1.913901e+245
  484 -6.359559e+245
  485 2.113170e+246
  486 -7.021696e+246
  487 2.333187e+247
  488 -7.752772e+247
  489 2.576111e+248
  490 -8.559965e+248
  491 2.844327e+249
  492 -9.451201e+249
  493 3.140469e+250
  494 -1.043523e+251
  495 3.467444e+251
  496 -1.152171e+252
  497 3.828463e+252
  498 -1.272131e+253
  499 4.227070e+253
  500 -1.404582e+254
  501 4.667179e+254
  502 -1.550822e+255
  503 5.153110e+255
  504 -1.712289e+256
  505 5.689635e+256
  506 -1.890566e+257
  507 6.282022e+257
  508 -2.087406e+258
  509 6.936085e+258
  510 -2.304740e+259
  511 7.658248e+259
  512 -2.544702e+260
  513 8.455600e+260
  514 -2.809648e+261
  515 9.335969e+261
  516 -3.102179e+262
  517 1.030800e+263
  518 -3.425168e+263
  519 1.138124e+264
  520 -3.781786e+264
  521 1.256621e+265
  522 -4.175533e+265
  523 1.387457e+266
  524 -4.610276e+266
  525 1.531914e+267
  526 -5.090282e+267
  527 1.691412e+268
  528 -5.620266e+268
  529 1.867516e+269
  530 -6.205430e+269
  531 2.061956e+270
  532 -6.851519e+270
  533 2.276640e+271
  534 -7.564877e+271
  535 2.513676e+272
  536 -8.352507e+272
  537 2.775392e+273
  538 -9.222143e+273
  539 3.064357e+274
  540 -1.018232e+275
  541 3.383408e+275
  542 -1.124247e+276
  543 3.735677e+276
  544 -1.241300e+277
  545 4.124624e+277
  546 -1.370540e+278
  547 4.554066e+278
  548 -1.513237e+279
  549 5.028220e+279
  550 -1.670790e+280
  551 5.551742e+280
  552 -1.844747e+281
  553 6.129772e+281
  554 -2.036816e+282
  555 6.767983e+282
  556 -2.248883e+283
  557 7.472644e+283
  558 -2.483029e+284
  559 8.250671e+284
  560 -2.741554e+285
  561 9.109704e+285
  562 -3.026995e+286
  563 1.005818e+287
  564 -3.342156e+287
  565 1.110540e+288
  566 -3.690131e+288
  567 1.226166e+289
  568 -4.074335e+289
  569 1.353830e+290
  570 -4.498542e+290
  571 1.494787e+291
  572 -4.966915e+291
  573 1.650419e+292
  574 -5.484054e+292
  575 1.822255e+293
  576 -6.055036e+293
  577 2.011983e+294
  578 -6.685467e+294
  579 2.221464e+295
  580 -7.381535e+295
  581 2.452755e+296
  582 -8.150077e+296
  583 2.708128e+297
  584 -8.998636e+297
  585 2.990090e+298
  586 -9.935545e+298
  587 3.301408e+299
  588 -1.097000e+300
  589 3.645140e+300
  590 -1.211216e+301
  591 4.024660e+301
  592 -1.337324e+302
  593 4.443694e+302
  594 -1.476562e+303
  595 4.906357e+303
  596 -1.630297e+304
  597 5.417191e+304
  598 -1.800038e+305
  599 5.981211e+305
  600 -1.987452e+306
  601 6.603956e+306
  602 -2.194379e+307
  603   Inf
  604   NaN
  605   NaN
  606   NaN
  607   NaN
  608   NaN
  609   NaN
  610   NaN
  611   NaN
  612   NaN
  613   NaN
  614   NaN
  615   NaN
  616   NaN
  617   NaN
  618   NaN
  619   NaN
  620   NaN
  621   NaN
  622   NaN
  623   NaN
  624   NaN
  625   NaN
  626   NaN
  627   NaN
  628   NaN
  629   NaN
  630   NaN
  631   NaN
  632   NaN
  633   NaN
  634   NaN
  635   NaN
  636   NaN
  637   NaN
  638   NaN
  639   NaN
  640   NaN
  641   NaN
  642   NaN
  643   NaN
  644   NaN
  645   NaN
  646   NaN
  647   NaN
  648   NaN
  649   NaN
  650   NaN
  651   NaN
  652   NaN
  653   NaN
  654   NaN
  655   NaN
  656   NaN
  657   NaN
  658   NaN
  659   NaN
  660   NaN
  661   NaN
  662   NaN
  663   NaN
  664   NaN
  665   NaN
  666   NaN
  667   NaN
  668   NaN
  669   NaN
  670   NaN
  671   NaN
  672   NaN
  673   NaN
  674   NaN
  675   NaN
  676   NaN
  677   NaN
  678   NaN
  679   NaN
  680   NaN
  681   NaN
  682   NaN
  683   NaN
  684   NaN
  685   NaN
  686   NaN
  687   NaN
  688   NaN
  689   NaN
  690   NaN
  691   NaN
  692   NaN
  693   NaN
  694   NaN
  695   NaN
  696   NaN
  697   NaN
  698   NaN
  699   NaN
  700   NaN
  701   NaN
  702   NaN
  703   NaN
  704   NaN
  705   NaN
  706   NaN
  707   NaN
  708   NaN
  709   NaN
  710   NaN
  711   NaN
  712   NaN
  713   NaN
  714   NaN
  715   NaN
  716   NaN
  717   NaN
  718   NaN
  719   NaN
  720   NaN
  721   NaN
  722   NaN
  723   NaN
  724   NaN
  725   NaN
  726   NaN
  727   NaN
  728   NaN
  729   NaN
  730   NaN
  731   NaN
  732   NaN
  733   NaN
  734   NaN
  735   NaN
  736   NaN
  737   NaN
  738   NaN
  739   NaN
  740   NaN
  741   NaN
  742   NaN
  743   NaN
  744   NaN
  745   NaN
  746   NaN
  747   NaN
  748   NaN
  749   NaN
  750   NaN
  751   NaN
  752   NaN
  753   NaN
  754   NaN
  755   NaN
  756   NaN
  757   NaN
  758   NaN
  759   NaN
  760   NaN
  761   NaN
  762   NaN
  763   NaN
  764   NaN
  765   NaN
  766   NaN
  767   NaN
  768   NaN
  769   NaN
  770   NaN
  771   NaN
  772   NaN
  773   NaN
  774   NaN
  775   NaN
  776   NaN
  777   NaN
  778   NaN
  779   NaN
  780   NaN
  781   NaN
  782   NaN
  783   NaN
  784   NaN
  785   NaN
  786   NaN
  787   NaN
  788   NaN
  789   NaN
  790   NaN
  791   NaN
  792   NaN
  793   NaN
  794   NaN
  795   NaN
  796   NaN
  797   NaN
  798   NaN
  799   NaN
  800   NaN
