    1     0
    2     0
    3     0
    4     0
    5     0
    6     0
    7     0
    8     0
    9     0
   10     0
   11     0
   12     0
   13 -2.285965e-01
   14 -3.517818e-02
   15 -1.237053e-01
   16 -2.382089e-02
   17 -4.927654e-02
   18 7.442452e-03
   19 7.511450e-03
   20 4.250759e-02
   21 5.097852e-02
   22 7.331703e-02
   23 8.230991e-02
   24 9.577229e-02
   25 1.016609e-01
   26 1.078490e-01
   27 1.090306e-01
   28 1.087159e-01
   29 1.046049e-01
   30 9.830596e-02
   31 8.887146e-02
   32 7.709146e-02
   33 6.263571e-02
   34 4.595027e-02
   35 2.699332e-02
   36 6.072253e-03
   37 -1.671607e-02
   38 -4.111647e-02
   39 -6.696388e-02
   40 -9.402138e-02
   41 -1.220910e-01
   42 -1.509431e-01
   43 -1.803666e-01
   44 -2.101381e-01
   45 -2.400454e-01
   46 -2.698750e-01
   47 -2.994224e-01
   48 -3.284880e-01
   49 -3.568822e-01
   50 -3.844237e-01
   51 -4.109433e-01
   52 -4.362826e-01
   53 -4.602966e-01
   54 -4.828533e-01
   55 -5.038352e-01
   56 -5.231392e-01
   57 -5.406776e-01
   58 -5.563779e-01
   59 -5.701829e-01
   60 -5.820514e-01
   61 -5.919572e-01
   62 -5.998896e-01
   63 -6.058529e-01
   64 -6.098658e-01
   65 -6.119610e-01
   66 -6.121847e-01
   67 -6.105957e-01
   68 -6.072648e-01
   69 -6.022740e-01
   70 -5.957152e-01
   71 -5.876898e-01
   72 -5.783073e-01
   73 -5.676844e-01
   74 -5.559440e-01
   75 -5.432138e-01
   76 -5.296258e-01
   77 -5.153146e-01
   78 -5.004165e-01
   79 -4.850688e-01
   80 -4.694080e-01
   81 -4.535696e-01
   82 -4.376865e-01
   83 -4.218883e-01
   84 -4.063005e-01
   85 -3.910435e-01
   86 -3.762320e-01
   87 -3.619738e-01
   88 -3.483701e-01
   89 -3.355138e-01
   90 -3.234900e-01
   91 -3.123748e-01
   92 -3.022355e-01
   93 -2.931300e-01
   94 -2.851069e-01
   95 -2.782049e-01
   96 -2.724534e-01
   97 -2.678719e-01
   98 -2.644707e-01
   99 -2.622505e-01
  100 -2.612031e-01
  101 -2.613114e-01
  102 -2.625500e-01
  103 -2.648853e-01
  104 -2.682765e-01
  105 -2.726754e-01
  106 -2.780276e-01
  107 -2.842725e-01
  108 -2.913445e-01
  109 -2.991731e-01
  110 -3.076841e-01
  111 -3.167997e-01
  112 -3.264396e-01
  113 -3.365214e-01
  114 -3.469616e-01
  115 -3.576759e-01
  116 -3.685800e-01
  117 -3.795904e-01
  118 -3.906248e-01
  119 -4.016029e-01
  120 -4.124466e-01
  121 -4.230808e-01
  122 -4.334341e-01
  123 -4.434387e-01
  124 -4.530312e-01
  125 -4.621531e-01
  126 -4.707505e-01
  127 -4.787750e-01
  128 -4.861839e-01
  129 -4.929398e-01
  130 -4.990114e-01
  131 -2.153338e-01
  132 -4.124491e-01
  133 -2.907917e-01
  134 -3.831742e-01
  135 -3.342323e-01
  136 -3.791591e-01
  137 -3.607827e-01
  138 -3.829516e-01
  139 -3.761431e-01
  140 -3.862084e-01
  141 -3.824000e-01
  142 -3.849737e-01
  143 -3.803486e-01
  144 -3.774964e-01
  145 -3.704467e-01
  146 -3.632059e-01
  147 -3.531859e-01
  148 -3.422152e-01
  149 -3.292150e-01
  150 -3.150640e-01
  151 -2.993610e-01
  152 -2.825739e-01
  153 -2.646078e-01
  154 -2.457545e-01
  155 -2.260585e-01
  156 -2.057357e-01
  157 -1.848927e-01
  158 -1.637113e-01
  159 -1.423234e-01
  160 -1.208921e-01
  161 -9.955578e-02
  162 -7.846318e-02
  163 -5.774853e-02
  164 -3.754640e-02
  165 -1.798022e-02
  166 8.314808e-04
  167 1.878044e-02
  168 3.576620e-02
  169 5.169874e-02
  170 6.649752e-02
  171 8.009278e-02
  172 9.242520e-02
  173 1.034465e-01
  174 1.131191e-01
  175 1.214168e-01
  176 1.283238e-01
  177 1.338354e-01
  178 1.379572e-01
  179 1.407050e-01
  180 1.421045e-01
  181 1.421906e-01
  182 1.410072e-01
  183 1.386064e-01
  184 1.350480e-01
  185 1.303989e-01
  186 1.247323e-01
  187 1.181270e-01
  188 1.106668e-01
  189 1.024396e-01
  190 9.353666e-02
  191 8.405180e-02
  192 7.408072e-02
  193 6.372014e-02
  194 5.306710e-02
  195 4.221819e-02
  196 3.126884e-02
  197 2.031265e-02
  198 9.440692e-03
  199 -1.259066e-03
  200 -1.170237e-02
  201 -2.215448e-02
  202 -3.165799e-02
  203 -4.081698e-02
  204 -4.914167e-02
  205 -5.687462e-02
  206 -6.377991e-02
  207 -6.994906e-02
  208 -7.526596e-02
  209 -7.976312e-02
  210 -8.338508e-02
  211 -8.614591e-02
  212 -8.802451e-02
  213 -8.903413e-02
  214 -8.917598e-02
  215 -8.846978e-02
  216 -8.693303e-02
  217 -8.459440e-02
  218 -8.148427e-02
  219 -7.764042e-02
  220 -7.310364e-02
  221 -1.681403e-01
  222 -1.642051e-01
  223 -2.196595e-01
  224 -2.310909e-01
  225 -2.674567e-01
  226 -2.829669e-01
  227 -3.080707e-01
  228 -3.225161e-01
  229 -3.397509e-01
  230 -3.508239e-01
  231 -3.616855e-01
  232 -3.683957e-01
  233 -3.736089e-01
  234 -3.756171e-01
  235 -3.756353e-01
  236 -3.729585e-01
  237 -3.681814e-01
  238 -3.610573e-01
  239 -3.519203e-01
  240 -3.407391e-01
  241 -3.277440e-01
  242 -3.130085e-01
  243 -2.967258e-01
  244 -2.790228e-01
  245 -2.600814e-01
  246 -2.400560e-01
  247 -2.191262e-01
  248 -1.974595e-01
  249 -1.752336e-01
  250 -1.526197e-01
  251 -1.297914e-01
  252 -1.069167e-01
  253 -8.416133e-02
  254 -6.168445e-02
  255 -3.963993e-02
  256 -1.817379e-02
  257 2.575735e-03
  258 2.247963e-02
  259 4.141844e-02
  260 5.928314e-02
  261 1.915913e-01
  262 1.300315e-01
  263 1.943495e-01
  264 1.713539e-01
  265 2.031388e-01
  266 1.955896e-01
  267 2.115522e-01
  268 2.094782e-01
  269 2.171819e-01
  270 2.163412e-01
  271 2.192867e-01
  272 2.179599e-01
  273 2.178488e-01
  274 2.154312e-01
  275 2.131721e-01
  276 2.095552e-01
  277 2.057102e-01
  278 2.010080e-01
  279 1.959889e-01
  280 1.904156e-01
  281 1.845675e-01
  282 1.783801e-01
  283 1.720160e-01
  284 1.654852e-01
  285 1.588968e-01
  286 1.522911e-01
  287 1.457506e-01
  288 1.393256e-01
  289 1.330829e-01
  290 1.270731e-01
  291 1.213518e-01
  292 1.159652e-01
  293 1.109588e-01
  294 1.063717e-01
  295 1.022398e-01
  296 9.859352e-02
  297 9.545933e-02
  298 9.285832e-02
  299 9.080716e-02
  300 8.931753e-02
  301 8.839650e-02
  302 8.804638e-02
  303 8.826499e-02
  304 8.904571e-02
  305 9.037769e-02
  306 9.224603e-02
  307 9.463203e-02
  308 9.751340e-02
  309 1.008646e-01
  310 1.046569e-01
  311 1.088590e-01
  312 1.134372e-01
  313 1.183555e-01
  314 1.235765e-01
  315 1.290610e-01
  316 1.347690e-01
  317 1.406594e-01
  318 1.466910e-01
  319 1.528224e-01
  320 1.590123e-01
  321 1.652200e-01
  322 1.714056e-01
  323 1.775305e-01
  324 1.835571e-01
  325 1.894497e-01
  326 1.951743e-01
  327 2.006991e-01
  328 2.059945e-01
  329 2.110331e-01
  330 2.157904e-01
  331 2.202443e-01
  332 2.243757e-01
  333 2.281682e-01
  334 2.316083e-01
  335 2.346856e-01
  336 2.373924e-01
  337 2.397241e-01
  338 2.416789e-01
  339 2.432579e-01
  340 2.444647e-01
  341 2.453058e-01
  342 2.457902e-01
  343 2.459292e-01
  344 2.457362e-01
  345 2.452271e-01
  346 2.444194e-01
  347 2.433323e-01
  348 2.419867e-01
  349 2.404047e-01
  350 2.386099e-01
  351 2.366263e-01
  352 2.344790e-01
  353 2.321936e-01
  354 2.297959e-01
  355 2.273118e-01
  356 2.247673e-01
  357 2.221879e-01
  358 2.195989e-01
  359 2.170247e-01
  360 2.144890e-01
  361 2.120147e-01
  362 2.096234e-01
  363 2.073354e-01
  364 2.051698e-01
  365 2.031443e-01
  366 2.012747e-01
  367 1.995756e-01
  368 1.980596e-01
  369 1.967375e-01
  370 1.956185e-01
  371 1.947100e-01
  372 1.940173e-01
  373 1.935442e-01
  374 1.932926e-01
  375 1.932625e-01
  376 1.934525e-01
  377 1.938591e-01
  378 1.944776e-01
  379 1.953017e-01
  380 1.963236e-01
  381 1.975341e-01
  382 1.989230e-01
  383 2.004788e-01
  384 2.021892e-01
  385 2.040409e-01
  386 2.060197e-01
  387 2.081111e-01
  388 2.102999e-01
  389 2.125705e-01
  390 2.149073e-01
  391 -7.174519e-02
  392 1.231591e-01
  393 5.204468e-05
  394 9.173872e-02
  395 4.284144e-02
  396 8.853501e-02
  397 7.162399e-02
  398 9.592907e-02
  399 9.189521e-02
  400 1.053375e-01
  401 1.056067e-01
  402 1.125628e-01
  403 1.128490e-01
  404 1.152189e-01
  405 1.137726e-01
  406 1.123917e-01
  407 1.084905e-01
  408 1.038140e-01
  409 9.725580e-02
  410 8.962985e-02
  411 8.049550e-02
  412 7.026546e-02
  413 5.880227e-02
  414 4.634907e-02
  415 3.290869e-02
  416 1.865438e-02
  417 3.654788e-03
  418 -1.194516e-02
  419 -2.804635e-02
  420 -4.451614e-02
  421 -6.124285e-02
  422 -7.810122e-02
  423 -9.497699e-02
  424 -1.117521e-01
  425 -1.283160e-01
  426 -1.445594e-01
  427 -1.603799e-01
  428 -1.756792e-01
  429 -1.903660e-01
  430 -2.043554e-01
  431 -2.175698e-01
  432 -2.299391e-01
  433 -2.414012e-01
  434 -2.519022e-01
  435 -2.613967e-01
  436 -2.698479e-01
  437 -2.772273e-01
  438 -2.835154e-01
  439 -2.887011e-01
  440 -2.927816e-01
  441 -2.356304e-01
  442 -2.364174e-01
  443 -2.001786e-01
  444 -1.890232e-01
  445 -1.616468e-01
  446 -1.456008e-01
  447 -1.227001e-01
  448 -1.051859e-01
  449 -8.508515e-02
  450 -6.786789e-02
  451 -5.006715e-02
  452 -3.415232e-02
  453 -1.863818e-02
  454 -4.657457e-03
  455 8.410602e-03
  456 2.003588e-02
  457 3.046939e-02
  458 3.945989e-02
  459 4.710766e-02
  460 5.329733e-02
  461 5.807511e-02
  462 6.139794e-02
  463 6.330007e-02
  464 6.378192e-02
  465 6.288343e-02
  466 6.063464e-02
  467 5.708777e-02
  468 5.229497e-02
  469 4.632211e-02
  470 3.923857e-02
  471 3.112284e-02
  472 2.205757e-02
  473 1.213165e-02
  474 1.437474e-03
  475 -9.928568e-03
  476 -2.186774e-02
  477 -3.427924e-02
  478 -4.706132e-02
  479 -6.011192e-02
  480 -7.332952e-02
  481 -8.661382e-02
  482 -9.986657e-02
  483 -1.129921e-01
  484 -1.258982e-01
  485 -1.384965e-01
  486 -1.507031e-01
  487 -1.624393e-01
  488 -1.736316e-01
  489 -1.842126e-01
  490 -1.941211e-01
  491 -2.033024e-01
  492 -2.117088e-01
  493 -2.192992e-01
  494 -2.260399e-01
  495 -2.319043e-01
  496 -2.368730e-01
  497 -2.409337e-01
  498 -2.440811e-01
  499 -2.463171e-01
  500 -2.476500e-01
  501 -2.480947e-01
  502 -2.476723e-01
  503 -2.464098e-01
  504 -2.443397e-01
  505 -2.414997e-01
  506 -2.379321e-01
  507 -2.336836e-01
  508 -2.288047e-01
  509 -2.233491e-01
  510 -2.173734e-01
  511 -2.109367e-01
  512 -2.040998e-01
  513 -1.969247e-01
  514 -1.894745e-01
  515 -1.818124e-01
  516 -1.740016e-01
  517 -1.661046e-01
  518 -1.581829e-01
  519 -1.502962e-01
  520 -1.425027e-01
  521 -1.348579e-01
  522 -1.274149e-01
  523 -1.202235e-01
  524 -1.133306e-01
  525 -1.067792e-01
  526 -1.006085e-01
  527 -9.485398e-02
  528 -8.954669e-02
  529 -8.471351e-02
  530 -8.037694e-02
  531 -7.655502e-02
  532 -7.326136e-02
  533 -7.050514e-02
  534 -6.829114e-02
  535 -6.661983e-02
  536 -6.548750e-02
  537 -6.488635e-02
  538 -6.480472e-02
  539 -6.522722e-02
  540 -6.613497e-02
  541 -6.750586e-02
  542 -6.931475e-02
  543 -7.153379e-02
  544 -7.413265e-02
  545 -7.707889e-02
  546 -8.033816e-02
  547 -8.387460e-02
  548 -8.765112e-02
  549 -9.162969e-02
  550 -9.577169e-02
  551 -1.000382e-01
  552 -1.043902e-01
  553 -1.087892e-01
  554 -1.131972e-01
  555 -1.175768e-01
  556 -1.218920e-01
  557 -1.261082e-01
  558 -1.301922e-01
  559 -1.341126e-01
  560 -1.378402e-01
  561 -1.413477e-01
  562 -1.446102e-01
  563 -1.476054e-01
  564 -1.503133e-01
  565 -1.527166e-01
  566 -1.548007e-01
  567 -1.565538e-01
  568 -1.579667e-01
  569 -1.590332e-01
  570 -1.597495e-01
  571 -1.601147e-01
  572 -1.601304e-01
  573 -1.598008e-01
  574 -1.591326e-01
  575 -1.581347e-01
  576 -1.568182e-01
  577 -1.551963e-01
  578 -1.532842e-01
  579 -1.510987e-01
  580 -1.486582e-01
  581 -1.459825e-01
  582 -1.430927e-01
  583 -1.400106e-01
  584 -1.367592e-01
  585 -1.333619e-01
  586 -1.298426e-01
  587 -1.262255e-01
  588 -1.225346e-01
  589 -1.187941e-01
  590 -1.150277e-01
  591 -1.112586e-01
  592 -1.075095e-01
  593 -1.038022e-01
  594 -1.001575e-01
  595 -9.659531e-02
  596 -9.313413e-02
  597 -8.979130e-02
  598 -8.658270e-02
  599 -8.352274e-02
  600 -8.062429e-02
  601 -7.765686e-02
  602 -7.524756e-02
  603 -7.293233e-02
  604 -7.101507e-02
  605 -6.928944e-02
  606 -6.788671e-02
  607 -6.671175e-02
  608 -6.581776e-02
  609 -6.515708e-02
  610 -6.474679e-02
  611 -6.455868e-02
  612 -6.459245e-02
  613 -6.482719e-02
  614 -6.525378e-02
  615 -6.585352e-02
  616 -6.661254e-02
  617 -6.751241e-02
  618 -6.853663e-02
  619 -6.966651e-02
  620 -7.088417e-02
  621 -7.217075e-02
  622 -7.350785e-02
  623 -7.487681e-02
  624 -7.625940e-02
  625 -7.763759e-02
  626 -7.899390e-02
  627 -8.031139e-02
  628 -8.157382e-02
  629 -8.276577e-02
  630 -8.387267e-02
  631 -8.488096e-02
  632 -8.577812e-02
  633 -8.655274e-02
  634 -8.719461e-02
  635 -8.769471e-02
  636 -8.804530e-02
  637 -8.823991e-02
  638 -8.827336e-02
  639 -8.814178e-02
  640 -8.784261e-02
  641 -8.737454e-02
  642 -8.673754e-02
  643 -8.593280e-02
  644 -8.496268e-02
  645 -8.383069e-02
  646 -8.254142e-02
  647 -8.110047e-02
  648 -7.951437e-02
  649 -7.779054e-02
  650 -7.593718e-02
  651 -7.396323e-02
  652 -7.187820e-02
  653 -6.969219e-02
  654 -6.741571e-02
  655 -6.505963e-02
  656 -6.263510e-02
  657 -6.015341e-02
  658 -5.762595e-02
  659 -5.506411e-02
  660 -5.247917e-02
  661 5.033811e-02
  662 5.478254e-02
  663 1.191523e-01
  664 1.399696e-01
  665 1.861242e-01
  666 2.117578e-01
  667 2.472500e-01
  668 2.722797e-01
  669 3.002252e-01
  670 3.220675e-01
  671 3.436897e-01
  672 3.610869e-01
  673 3.768506e-01
  674 3.892128e-01
  675 3.993313e-01
  676 4.064476e-01
  677 4.111064e-01
  678 4.130151e-01
  679 4.124663e-01
  680 4.093914e-01
  681 4.039883e-01
  682 3.963027e-01
  683 3.865048e-01
  684 3.747034e-01
  685 3.610675e-01
  686 3.457430e-01
  687 3.289062e-01
  688 3.107256e-01
  689 2.913850e-01
  690 2.710657e-01
  691 2.499558e-01
  692 2.282417e-01
  693 2.061113e-01
  694 1.837496e-01
  695 1.613394e-01
  696 1.390586e-01
  697 1.170797e-01
  698 9.556861e-02
  699 7.468332e-02
  700 5.457309e-02
  701 3.537756e-02
  702 1.722591e-02
  703 2.361644e-04
  704 -1.548540e-02
  705 -2.984475e-02
  706 -4.276044e-02
  707 -5.416399e-02
  708 -6.399995e-02
  709 -7.222607e-02
  710 -7.881321e-02
  711 -8.374526e-02
  712 -8.701889e-02
  713 -8.864325e-02
  714 -8.863959e-02
  715 -8.704073e-02
  716 -8.389060e-02
  717 -7.924352e-02
  718 -7.316359e-02
  719 -6.572390e-02
  720 -5.700579e-02
  721 -4.709797e-02
  722 -3.609569e-02
  723 -2.409986e-02
  724 -1.121608e-02
  725 2.446194e-03
  726 1.677466e-02
  727 3.165503e-02
  728 4.697200e-02
  729 6.261009e-02
  730 7.845457e-02
  731 9.439228e-02
  732 1.103124e-01
  733 1.261075e-01
  734 1.416737e-01
  735 1.569119e-01
  736 1.717283e-01
  737 1.860346e-01
  738 1.997490e-01
  739 2.127965e-01
  740 2.251091e-01
  741 2.366263e-01
  742 2.472953e-01
  743 2.570713e-01
  744 2.659175e-01
  745 2.738053e-01
  746 2.807141e-01
  747 2.866315e-01
  748 2.915530e-01
  749 2.954819e-01
  750 2.984289e-01
  751 3.004122e-01
  752 3.014568e-01
  753 3.015944e-01
  754 3.008627e-01
  755 2.993051e-01
  756 2.969705e-01
  757 2.939123e-01
  758 2.901881e-01
  759 2.858594e-01
  760 2.809904e-01
  761 2.756481e-01
  762 2.699016e-01
  763 2.638209e-01
  764 2.574774e-01
  765 2.509423e-01
  766 2.442867e-01
  767 2.375809e-01
  768 2.308938e-01
  769 2.242926e-01
  770 2.178421e-01
  771 2.116044e-01
  772 2.056387e-01
  773 2.000004e-01
  774 1.947414e-01
  775 1.899093e-01
  776 1.855475e-01
  777 1.816947e-01
  778 1.783850e-01
  779 1.756476e-01
  780 1.735067e-01
  781 1.719815e-01
  782 1.710861e-01
  783 1.708298e-01
  784 1.712168e-01
  785 1.722465e-01
  786 1.739135e-01
  787 1.762080e-01
  788 1.791157e-01
  789 1.826182e-01
  790 1.866934e-01
  791 1.913153e-01
  792 1.964547e-01
  793 2.020794e-01
  794 2.081544e-01
  795 2.146425e-01
  796 2.215044e-01
  797 2.286991e-01
  798 2.361843e-01
  799 2.439167e-01
  800 2.518526e-01
