    1     0
    2     0
    3     0
    4     0
    5     0
    6     0
    7     0
    8     0
    9     0
   10     0
   11     0
   12     0
   13 -1.736110e-02
   14 -2.838721e-02
   15 -3.115933e-02
   16 -2.653374e-02
   17 -1.603538e-02
   18 -1.187897e-03
   19 1.669960e-02
   20 3.657047e-02
   21 5.759815e-02
   22 7.914783e-02
   23 1.007385e-01
   24 1.220101e-01
   25 1.426972e-01
   26 1.626076e-01
   27 1.816062e-01
   28 1.996020e-01
   29 2.165384e-01
   30 2.323850e-01
   31 2.471322e-01
   32 2.607860e-01
   33 2.733644e-01
   34 2.848947e-01
   35 2.954109e-01
   36 3.049522e-01
   37 3.135614e-01
   38 3.212835e-01
   39 3.281653e-01
   40 3.342543e-01
   41 3.395980e-01
   42 3.442437e-01
   43 3.482380e-01
   44 3.516266e-01
   45 3.544539e-01
   46 3.567627e-01
   47 3.585944e-01
   48 3.599888e-01
   49 3.609837e-01
   50 3.616153e-01
   51 3.619179e-01
   52 3.619239e-01
   53 3.616639e-01
   54 3.611668e-01
   55 3.604594e-01
   56 3.595670e-01
   57 3.585132e-01
   58 3.573198e-01
   59 3.560070e-01
   60 3.545935e-01
   61 3.530967e-01
   62 3.515322e-01
   63 3.499146e-01
   64 3.482570e-01
   65 3.465715e-01
   66 3.448689e-01
   67 3.431588e-01
   68 3.414501e-01
   69 3.397504e-01
   70 3.380668e-01
   71 3.364052e-01
   72 3.347710e-01
   73 3.331688e-01
   74 3.316024e-01
   75 3.300751e-01
   76 3.285898e-01
   77 3.271487e-01
   78 3.257535e-01
   79 3.244057e-01
   80 3.231061e-01
   81 3.218554e-01
   82 3.206539e-01
   83 3.195016e-01
   84 3.183984e-01
   85 3.173438e-01
   86 3.163372e-01
   87 3.153777e-01
   88 3.144645e-01
   89 3.135965e-01
   90 3.127725e-01
   91 3.119912e-01
   92 3.112515e-01
   93 3.105518e-01
   94 3.098908e-01
   95 3.092670e-01
   96 3.086790e-01
   97 3.081253e-01
   98 3.076044e-01
   99 3.071149e-01
  100 3.066553e-01
  101 3.062241e-01
  102 3.058201e-01
  103 3.054418e-01
  104 3.050878e-01
  105 3.047569e-01
  106 3.044478e-01
  107 3.041593e-01
  108 3.038901e-01
  109 3.036393e-01
  110 3.034055e-01
  111 3.031880e-01
  112 3.029855e-01
  113 3.027972e-01
  114 3.026221e-01
  115 3.024594e-01
  116 3.023083e-01
  117 3.021680e-01
  118 3.020377e-01
  119 3.019168e-01
  120 3.018045e-01
  121 3.017003e-01
  122 3.016036e-01
  123 3.015138e-01
  124 3.014305e-01
  125 3.013531e-01
  126 3.012812e-01
  127 3.012143e-01
  128 3.011521e-01
  129 3.010943e-01
  130 3.010404e-01
  131 4.333359e-01
  132 5.179064e-01
  133 5.713524e-01
  134 6.027001e-01
  135 6.180863e-01
  136 6.218813e-01
  137 6.172912e-01
  138 6.067082e-01
  139 5.919341e-01
  140 5.743315e-01
  141 5.549326e-01
  142 5.345180e-01
  143 5.136766e-01
  144 4.928498e-01
  145 4.723661e-01
  146 4.524669e-01
  147 4.333259e-01
  148 4.150654e-01
  149 3.977672e-01
  150 3.814819e-01
  151 3.662361e-01
  152 3.520379e-01
  153 3.388808e-01
  154 3.267475e-01
  155 3.156122e-01
  156 3.054430e-01
  157 2.962030e-01
  158 2.878523e-01
  159 2.803486e-01
  160 2.736481e-01
  161 2.677064e-01
  162 2.624786e-01
  163 2.579204e-01
  164 2.539879e-01
  165 2.506381e-01
  166 2.478291e-01
  167 2.455204e-01
  168 2.436726e-01
  169 2.422483e-01
  170 2.412113e-01
  171 2.405274e-01
  172 2.401637e-01
  173 2.400894e-01
  174 2.402753e-01
  175 2.406937e-01
  176 2.413187e-01
  177 2.421263e-01
  178 2.430936e-01
  179 2.441997e-01
  180 2.454250e-01
  181 2.467514e-01
  182 2.481622e-01
  183 2.496421e-01
  184 2.511769e-01
  185 2.527539e-01
  186 2.543613e-01
  187 2.559886e-01
  188 2.576261e-01
  189 2.592654e-01
  190 2.608986e-01
  191 2.625190e-01
  192 2.641206e-01
  193 2.656981e-01
  194 2.672468e-01
  195 2.687629e-01
  196 2.702430e-01
  197 2.716842e-01
  198 2.730843e-01
  199 2.744414e-01
  200 2.757540e-01
  201 2.447695e-01
  202 2.363505e-01
  203 2.357841e-01
  204 2.378793e-01
  205 2.406037e-01
  206 2.432111e-01
  207 2.454681e-01
  208 2.473388e-01
  209 2.488585e-01
  210 2.500827e-01
  211 2.510681e-01
  212 2.518661e-01
  213 2.525209e-01
  214 2.530698e-01
  215 2.535435e-01
  216 2.539676e-01
  217 2.543625e-01
  218 2.547452e-01
  219 2.551288e-01
  220 2.555241e-01
  221 2.091411e-01
  222 1.677724e-01
  223 1.301533e-01
  224 9.575328e-02
  225 6.417931e-02
  226 3.512919e-02
  227 8.363572e-03
  228 -1.631206e-02
  229 -3.905967e-02
  230 -6.001726e-02
  231 -7.930503e-02
  232 -9.702988e-02
  233 -1.132886e-01
  234 -1.281703e-01
  235 -1.417578e-01
  236 -1.541293e-01
  237 -1.653587e-01
  238 -1.755166e-01
  239 -1.846705e-01
  240 -1.928851e-01
  241 -2.002224e-01
  242 -2.067419e-01
  243 -2.125007e-01
  244 -2.175535e-01
  245 -2.219524e-01
  246 -2.257475e-01
  247 -2.289863e-01
  248 -2.317139e-01
  249 -2.339734e-01
  250 -2.358053e-01
  251 -2.372480e-01
  252 -2.383378e-01
  253 -2.391086e-01
  254 -2.395925e-01
  255 -2.398194e-01
  256 -2.398171e-01
  257 -2.396117e-01
  258 -2.392273e-01
  259 -2.386865e-01
  260 -2.380098e-01
  261 -2.769202e-01
  262 -3.014130e-01
  263 -3.164844e-01
  264 -3.248572e-01
  265 -3.283859e-01
  266 -3.283938e-01
  267 -3.258537e-01
  268 -3.214934e-01
  269 -3.158622e-01
  270 -3.093770e-01
  271 -3.023545e-01
  272 -2.950352e-01
  273 -2.876012e-01
  274 -2.801897e-01
  275 -2.729034e-01
  276 -2.658182e-01
  277 -2.589893e-01
  278 -2.524557e-01
  279 -2.462440e-01
  280 -2.403709e-01
  281 -2.348458e-01
  282 -2.296717e-01
  283 -2.248475e-01
  284 -2.203681e-01
  285 -2.162259e-01
  286 -2.124111e-01
  287 -2.089123e-01
  288 -2.057170e-01
  289 -2.028118e-01
  290 -2.001829e-01
  291 -1.978159e-01
  292 -1.956966e-01
  293 -1.938105e-01
  294 -1.921433e-01
  295 -1.906811e-01
  296 -1.894100e-01
  297 -1.883167e-01
  298 -1.873883e-01
  299 -1.866122e-01
  300 -1.859765e-01
  301 -1.854695e-01
  302 -1.850804e-01
  303 -1.847987e-01
  304 -1.846144e-01
  305 -1.845183e-01
  306 -1.845014e-01
  307 -1.845554e-01
  308 -1.846726e-01
  309 -1.848457e-01
  310 -1.850679e-01
  311 -1.853328e-01
  312 -1.856346e-01
  313 -1.859679e-01
  314 -1.863277e-01
  315 -1.867094e-01
  316 -1.871087e-01
  317 -1.875219e-01
  318 -1.879454e-01
  319 -1.883762e-01
  320 -1.888113e-01
  321 -1.892482e-01
  322 -1.896845e-01
  323 -1.901183e-01
  324 -1.905478e-01
  325 -1.909714e-01
  326 -1.913876e-01
  327 -1.917954e-01
  328 -1.921937e-01
  329 -1.925817e-01
  330 -1.929586e-01
  331 -1.933240e-01
  332 -1.936773e-01
  333 -1.940182e-01
  334 -1.943465e-01
  335 -1.946621e-01
  336 -1.949648e-01
  337 -1.952548e-01
  338 -1.955320e-01
  339 -1.957966e-01
  340 -1.960488e-01
  341 -1.962888e-01
  342 -1.965169e-01
  343 -1.967333e-01
  344 -1.969384e-01
  345 -1.971325e-01
  346 -1.973160e-01
  347 -1.974892e-01
  348 -1.976525e-01
  349 -1.978063e-01
  350 -1.979510e-01
  351 -1.980869e-01
  352 -1.982146e-01
  353 -1.983342e-01
  354 -1.984463e-01
  355 -1.985511e-01
  356 -1.986492e-01
  357 -1.987407e-01
  358 -1.988261e-01
  359 -1.989058e-01
  360 -1.989799e-01
  361 -1.990490e-01
  362 -1.991132e-01
  363 -1.991728e-01
  364 -1.992282e-01
  365 -1.992796e-01
  366 -1.993272e-01
  367 -1.993714e-01
  368 -1.994123e-01
  369 -1.994502e-01
  370 -1.994852e-01
  371 -1.995176e-01
  372 -1.995476e-01
  373 -1.995753e-01
  374 -1.996009e-01
  375 -1.996246e-01
  376 -1.996464e-01
  377 -1.996667e-01
  378 -1.996854e-01
  379 -1.997026e-01
  380 -1.997186e-01
  381 -1.997334e-01
  382 -1.997471e-01
  383 -1.997598e-01
  384 -1.997716e-01
  385 -1.997825e-01
  386 -1.997926e-01
  387 -1.998021e-01
  388 -1.998109e-01
  389 -1.998191e-01
  390 -1.998268e-01
  391 -2.660068e-01
  392 -3.083222e-01
  393 -3.350734e-01
  394 -3.507737e-01
  395 -3.584915e-01
  396 -3.604123e-01
  397 -3.581390e-01
  398 -3.528681e-01
  399 -3.455005e-01
  400 -3.367175e-01
  401 -3.086060e-01
  402 -2.929067e-01
  403 -2.815070e-01
  404 -2.716617e-01
  405 -2.623734e-01
  406 -2.533363e-01
  407 -2.445038e-01
  408 -2.359161e-01
  409 -2.276338e-01
  410 -2.197135e-01
  411 -2.122003e-01
  412 -2.051269e-01
  413 -1.985149e-01
  414 -1.923760e-01
  415 -1.867143e-01
  416 -1.815274e-01
  417 -1.768082e-01
  418 -1.725454e-01
  419 -1.687247e-01
  420 -1.653294e-01
  421 -1.623411e-01
  422 -1.597402e-01
  423 -1.575061e-01
  424 -1.556180e-01
  425 -1.540546e-01
  426 -1.527945e-01
  427 -1.518169e-01
  428 -1.511010e-01
  429 -1.506265e-01
  430 -1.503739e-01
  431 -1.503241e-01
  432 -1.504589e-01
  433 -1.507609e-01
  434 -1.512133e-01
  435 -1.518002e-01
  436 -1.525068e-01
  437 -1.533187e-01
  438 -1.542228e-01
  439 -1.552065e-01
  440 -1.562582e-01
  441 -1.292884e-01
  442 -1.053588e-01
  443 -8.369865e-02
  444 -6.397943e-02
  445 -4.595639e-02
  446 -2.944057e-02
  447 -1.428191e-02
  448 -3.582422e-04
  449 1.243215e-02
  450 2.417580e-02
  451 3.494784e-02
  452 4.481476e-02
  453 5.383644e-02
  454 6.206760e-02
  455 6.955884e-02
  456 7.635748e-02
  457 8.250805e-02
  458 8.805271e-02
  459 9.303151e-02
  460 9.748264e-02
  461 1.014425e-01
  462 1.049458e-01
  463 1.080258e-01
  464 1.107139e-01
  465 1.130404e-01
  466 1.150337e-01
  467 1.167212e-01
  468 1.181284e-01
  469 1.192798e-01
  470 1.201983e-01
  471 1.209056e-01
  472 1.214219e-01
  473 1.217663e-01
  474 1.219567e-01
  475 1.220097e-01
  476 1.219408e-01
  477 1.217644e-01
  478 1.214939e-01
  479 1.211415e-01
  480 1.207187e-01
  481 1.202358e-01
  482 1.197026e-01
  483 1.191276e-01
  484 1.185190e-01
  485 1.178838e-01
  486 1.172288e-01
  487 1.165596e-01
  488 1.158818e-01
  489 1.151999e-01
  490 1.145182e-01
  491 1.138403e-01
  492 1.131696e-01
  493 1.125088e-01
  494 1.118604e-01
  495 1.112265e-01
  496 1.106089e-01
  497 1.100089e-01
  498 1.094278e-01
  499 1.088666e-01
  500 1.083260e-01
  501 1.078064e-01
  502 1.073083e-01
  503 1.068318e-01
  504 1.063769e-01
  505 1.059436e-01
  506 1.055317e-01
  507 1.051408e-01
  508 1.047707e-01
  509 1.044207e-01
  510 1.040906e-01
  511 1.037795e-01
  512 1.034871e-01
  513 1.032125e-01
  514 1.029553e-01
  515 1.027146e-01
  516 1.024898e-01
  517 1.022802e-01
  518 1.020851e-01
  519 1.019039e-01
  520 1.017357e-01
  521 1.015799e-01
  522 1.014359e-01
  523 1.013030e-01
  524 1.011806e-01
  525 1.010680e-01
  526 1.009646e-01
  527 1.008699e-01
  528 1.007833e-01
  529 1.007043e-01
  530 1.006322e-01
  531 1.005668e-01
  532 1.005074e-01
  533 1.004536e-01
  534 1.004051e-01
  535 1.003613e-01
  536 1.003220e-01
  537 1.002868e-01
  538 1.002553e-01
  539 1.002272e-01
  540 1.002023e-01
  541 1.001802e-01
  542 1.001607e-01
  543 1.001436e-01
  544 1.001285e-01
  545 1.001154e-01
  546 1.001041e-01
  547 1.000942e-01
  548 1.000858e-01
  549 1.000786e-01
  550 1.000725e-01
  551 1.000673e-01
  552 1.000631e-01
  553 1.000595e-01
  554 1.000566e-01
  555 1.000543e-01
  556 1.000524e-01
  557 1.000510e-01
  558 1.000499e-01
  559 1.000491e-01
  560 1.000485e-01
  561 1.000481e-01
  562 1.000479e-01
  563 1.000478e-01
  564 1.000478e-01
  565 1.000478e-01
  566 1.000479e-01
  567 1.000480e-01
  568 1.000481e-01
  569 1.000482e-01
  570 1.000482e-01
  571 1.000482e-01
  572 1.000482e-01
  573 1.000481e-01
  574 1.000480e-01
  575 1.000478e-01
  576 1.000475e-01
  577 1.000472e-01
  578 1.000468e-01
  579 1.000464e-01
  580 1.000459e-01
  581 1.000453e-01
  582 1.000447e-01
  583 1.000441e-01
  584 1.000434e-01
  585 1.000426e-01
  586 1.000418e-01
  587 1.000410e-01
  588 1.000402e-01
  589 1.000393e-01
  590 1.000384e-01
  591 1.000375e-01
  592 1.000365e-01
  593 1.000356e-01
  594 1.000346e-01
  595 1.000336e-01
  596 1.000326e-01
  597 1.000316e-01
  598 1.000307e-01
  599 1.000297e-01
  600 1.000287e-01
  601 1.161535e-01
  602 1.209724e-01
  603 1.218417e-01
  604 1.213568e-01
  605 1.205339e-01
  606 1.197463e-01
  607 1.191110e-01
  608 1.186462e-01
  609 1.183347e-01
  610 1.181493e-01
  611 1.180620e-01
  612 1.180479e-01
  613 1.180852e-01
  614 1.181563e-01
  615 1.182461e-01
  616 1.183427e-01
  617 1.184366e-01
  618 1.185199e-01
  619 1.185867e-01
  620 1.186325e-01
  621 1.186539e-01
  622 1.186485e-01
  623 1.186148e-01
  624 1.185521e-01
  625 1.184600e-01
  626 1.183388e-01
  627 1.181893e-01
  628 1.180123e-01
  629 1.178092e-01
  630 1.175812e-01
  631 1.173301e-01
  632 1.170574e-01
  633 1.167649e-01
  634 1.164545e-01
  635 1.161280e-01
  636 1.157871e-01
  637 1.154337e-01
  638 1.150695e-01
  639 1.146962e-01
  640 1.143154e-01
  641 1.139288e-01
  642 1.135378e-01
  643 1.131438e-01
  644 1.127482e-01
  645 1.123522e-01
  646 1.119570e-01
  647 1.115636e-01
  648 1.111731e-01
  649 1.107863e-01
  650 1.104041e-01
  651 1.100273e-01
  652 1.096565e-01
  653 1.092922e-01
  654 1.089351e-01
  655 1.085856e-01
  656 1.082441e-01
  657 1.079109e-01
  658 1.075862e-01
  659 1.072704e-01
  660 1.069636e-01
  661 1.534636e-01
  662 1.949844e-01
  663 2.327949e-01
  664 2.674286e-01
  665 2.992802e-01
  666 3.286526e-01
  667 3.557850e-01
  668 3.808711e-01
  669 4.040713e-01
  670 4.255218e-01
  671 4.453405e-01
  672 4.636317e-01
  673 4.804896e-01
  674 4.960004e-01
  675 5.102439e-01
  676 5.232953e-01
  677 5.352256e-01
  678 5.461023e-01
  679 5.559902e-01
  680 5.649509e-01
  681 5.730438e-01
  682 5.803259e-01
  683 5.868516e-01
  684 5.926734e-01
  685 5.978411e-01
  686 6.024028e-01
  687 6.064040e-01
  688 6.098880e-01
  689 6.128963e-01
  690 6.154680e-01
  691 6.176400e-01
  692 6.194474e-01
  693 6.209231e-01
  694 6.220982e-01
  695 6.230016e-01
  696 6.236605e-01
  697 6.241005e-01
  698 6.243450e-01
  699 6.244163e-01
  700 6.243345e-01
  701 6.241186e-01
  702 6.237861e-01
  703 6.233528e-01
  704 6.228335e-01
  705 6.222417e-01
  706 6.215896e-01
  707 6.208883e-01
  708 6.201480e-01
  709 6.193777e-01
  710 6.185858e-01
  711 6.177794e-01
  712 6.169653e-01
  713 6.161491e-01
  714 6.153361e-01
  715 6.145306e-01
  716 6.137366e-01
  717 6.129574e-01
  718 6.121960e-01
  719 6.114547e-01
  720 6.107355e-01
  721 6.100400e-01
  722 6.093696e-01
  723 6.087252e-01
  724 6.081076e-01
  725 6.075171e-01
  726 6.069540e-01
  727 6.064184e-01
  728 6.059102e-01
  729 6.054290e-01
  730 6.049744e-01
  731 6.045461e-01
  732 6.041432e-01
  733 6.037652e-01
  734 6.034113e-01
  735 6.030807e-01
  736 6.027725e-01
  737 6.024859e-01
  738 6.022199e-01
  739 6.019736e-01
  740 6.017461e-01
  741 6.015364e-01
  742 6.013437e-01
  743 6.011670e-01
  744 6.010054e-01
  745 6.008581e-01
  746 6.007241e-01
  747 6.006027e-01
  748 6.004930e-01
  749 6.003943e-01
  750 6.003057e-01
  751 6.002266e-01
  752 6.001564e-01
  753 6.000942e-01
  754 6.000395e-01
  755 5.999917e-01
  756 5.999503e-01
  757 5.999146e-01
  758 5.998842e-01
  759 5.998587e-01
  760 5.998374e-01
  761 5.998202e-01
  762 5.998065e-01
  763 5.997960e-01
  764 5.997883e-01
  765 5.997832e-01
  766 5.997803e-01
  767 5.997794e-01
  768 5.997803e-01
  769 5.997826e-01
  770 5.997863e-01
  771 5.997910e-01
  772 5.997967e-01
  773 5.998031e-01
  774 5.998102e-01
  775 5.998177e-01
  776 5.998257e-01
  777 5.998339e-01
  778 5.998423e-01
  779 5.998509e-01
  780 5.998594e-01
  781 5.998679e-01
  782 5.998764e-01
  783 5.998847e-01
  784 5.998928e-01
  785 5.999007e-01
  786 5.999084e-01
  787 5.999158e-01
  788 5.999230e-01
  789 5.999298e-01
  790 5.999363e-01
  791 5.999426e-01
  792 5.999485e-01
  793 5.999541e-01
  794 5.999593e-01
  795 5.999643e-01
  796 5.999689e-01
  797 5.999733e-01
  798 5.999773e-01
  799 5.999810e-01
  800 5.999845e-01
