    1     0
    2     0
    3     0
    4     0
    5     0
    6     0
    7     0
    8     0
    9     0
   10     0
   11     0
   12     0
   13 1.504245e-01
   14 9.036480e-02
   15 1.251488e-01
   16 1.146462e-01
   17 1.238324e-01
   18 1.230728e-01
   19 1.262472e-01
   20 1.271276e-01
   21 1.287075e-01
   22 1.296997e-01
   23 1.307656e-01
   24 1.316511e-01
   25 1.325108e-01
   26 1.333013e-01
   27 1.340633e-01
   28 1.347933e-01
   29 1.355041e-01
   30 1.361982e-01
   31 1.368804e-01
   32 1.375531e-01
   33 1.382184e-01
   34 1.388776e-01
   35 1.395320e-01
   36 1.401820e-01
   37 1.408283e-01
   38 1.414712e-01
   39 1.421108e-01
   40 1.427473e-01
   41 1.433807e-01
   42 1.440111e-01
   43 1.446382e-01
   44 1.452622e-01
   45 1.458829e-01
   46 1.465001e-01
   47 1.471139e-01
   48 1.477242e-01
   49 1.483307e-01
   50 1.489334e-01
   51 1.495322e-01
   52 1.501270e-01
   53 1.507178e-01
   54 1.513043e-01
   55 1.518866e-01
   56 1.524645e-01
   57 1.530379e-01
   58 1.536069e-01
   59 1.541713e-01
   60 1.547310e-01
   61 1.552861e-01
   62 1.558364e-01
   63 1.563820e-01
   64 1.569227e-01
   65 1.574585e-01
   66 1.579894e-01
   67 1.585154e-01
   68 1.590364e-01
   69 1.595524e-01
   70 1.600635e-01
   71 1.605695e-01
   72 1.610705e-01
   73 1.615665e-01
   74 1.620574e-01
   75 1.625433e-01
   76 1.630242e-01
   77 1.635000e-01
   78 1.639708e-01
   79 1.644366e-01
   80 1.648975e-01
   81 1.653533e-01
   82 1.658042e-01
   83 1.662501e-01
   84 1.666911e-01
   85 1.671273e-01
   86 1.675585e-01
   87 1.679849e-01
   88 1.684065e-01
   89 1.688233e-01
   90 1.692354e-01
   91 1.696427e-01
   92 1.700454e-01
   93 1.704434e-01
   94 1.708368e-01
   95 1.712256e-01
   96 1.716099e-01
   97 1.719897e-01
   98 1.723651e-01
   99 1.727360e-01
  100 1.731025e-01
  101 1.734647e-01
  102 1.738226e-01
  103 1.741763e-01
  104 1.745258e-01
  105 1.748711e-01
  106 1.752123e-01
  107 1.755494e-01
  108 1.758825e-01
  109 1.762116e-01
  110 1.765368e-01
  111 1.768581e-01
  112 1.771755e-01
  113 1.774892e-01
  114 1.777990e-01
  115 1.781052e-01
  116 1.784077e-01
  117 1.787066e-01
  118 1.790020e-01
  119 1.792938e-01
  120 1.795821e-01
  121 1.798670e-01
  122 1.801485e-01
  123 1.804266e-01
  124 1.807015e-01
  125 1.809731e-01
  126 1.812415e-01
  127 1.815067e-01
  128 1.817688e-01
  129 1.820279e-01
  130 1.822839e-01
  131 1.853694e-01
  132 1.867915e-01
  133 1.887636e-01
  134 1.903042e-01
  135 1.918952e-01
  136 1.933377e-01
  137 1.947411e-01
  138 1.960689e-01
  139 1.973489e-01
  140 1.985771e-01
  141 1.997626e-01
  142 2.009069e-01
  143 2.020142e-01
  144 2.030866e-01
  145 2.041267e-01
  146 2.051363e-01
  147 2.061172e-01
  148 2.070710e-01
  149 2.079989e-01
  150 2.089023e-01
  151 2.097823e-01
  152 2.106399e-01
  153 2.114762e-01
  154 2.122921e-01
  155 2.130884e-01
  156 2.138659e-01
  157 2.146253e-01
  158 2.153674e-01
  159 2.160928e-01
  160 2.168022e-01
  161 2.174961e-01
  162 2.181751e-01
  163 2.188398e-01
  164 2.194907e-01
  165 2.201282e-01
  166 2.207529e-01
  167 2.213651e-01
  168 2.219653e-01
  169 2.225539e-01
  170 2.231313e-01
  171 2.236978e-01
  172 2.242538e-01
  173 2.247997e-01
  174 2.253357e-01
  175 2.258622e-01
  176 2.263795e-01
  177 2.268878e-01
  178 2.273875e-01
  179 2.278787e-01
  180 2.283618e-01
  181 2.288370e-01
  182 2.293045e-01
  183 2.297645e-01
  184 2.302173e-01
  185 2.306631e-01
  186 2.311020e-01
  187 2.315343e-01
  188 2.319601e-01
  189 2.323797e-01
  190 2.327931e-01
  191 2.332006e-01
  192 2.336023e-01
  193 2.339983e-01
  194 2.343889e-01
  195 2.347741e-01
  196 2.351542e-01
  197 2.355291e-01
  198 2.358992e-01
  199 2.362644e-01
  200 2.366249e-01
  201 2.355071e-01
  202 2.355943e-01
  203 2.351732e-01
  204 2.350244e-01
  205 2.347817e-01
  206 2.346087e-01
  207 2.344259e-01
  208 2.342670e-01
  209 2.341139e-01
  210 2.339729e-01
  211 2.338395e-01
  212 2.337144e-01
  213 2.335962e-01
  214 2.334846e-01
  215 2.333789e-01
  216 2.332786e-01
  217 2.331833e-01
  218 2.330928e-01
  219 2.330066e-01
  220 2.329244e-01
  221 -2.037186e-02
  222 7.809579e-02
  223 1.832815e-02
  224 3.434090e-02
  225 1.758779e-02
  226 1.754592e-02
  227 1.101919e-02
  228 8.398322e-03
  229 4.674401e-03
  230 1.990337e-03
  231 -7.643742e-04
  232 -3.170084e-03
  233 -5.489026e-03
  234 -7.652022e-03
  235 -9.729762e-03
  236 -1.171892e-02
  237 -1.364315e-02
  238 -1.550833e-02
  239 -1.732454e-02
  240 -1.909693e-02
  241 -2.083069e-02
  242 -2.252930e-02
  243 -2.419576e-02
  244 -2.583230e-02
  245 -2.744081e-02
  246 -2.902275e-02
  247 -3.057936e-02
  248 -3.211165e-02
  249 -3.362049e-02
  250 -3.510659e-02
  251 -3.657061e-02
  252 -3.801309e-02
  253 -3.943452e-02
  254 -4.083535e-02
  255 -4.221596e-02
  256 -4.357674e-02
  257 -4.491801e-02
  258 -4.624008e-02
  259 -4.754325e-02
  260 -4.882779e-02
  261 -4.896096e-02
  262 -4.974018e-02
  263 -5.028039e-02
  264 -5.097440e-02
  265 -5.162963e-02
  266 -5.232598e-02
  267 -5.301985e-02
  268 -5.372606e-02
  269 -5.443368e-02
  270 -5.514453e-02
  271 -5.585523e-02
  272 -5.656528e-02
  273 -5.727326e-02
  274 -5.797846e-02
  275 -5.868011e-02
  276 -5.937761e-02
  277 -6.007046e-02
  278 -6.075821e-02
  279 -6.144049e-02
  280 -6.211698e-02
  281 -6.278738e-02
  282 -6.345145e-02
  283 -6.410896e-02
  284 -6.475972e-02
  285 -6.540355e-02
  286 -6.604031e-02
  287 -6.666986e-02
  288 -6.729208e-02
  289 -6.790686e-02
  290 -6.851412e-02
  291 -6.911377e-02
  292 -6.970574e-02
  293 -7.028997e-02
  294 -7.086642e-02
  295 -7.143503e-02
  296 -7.199579e-02
  297 -7.254866e-02
  298 -7.309362e-02
  299 -7.363066e-02
  300 -7.415977e-02
  301 -7.468096e-02
  302 -7.519422e-02
  303 -7.569956e-02
  304 -7.619700e-02
  305 -7.668655e-02
  306 -7.716824e-02
  307 -7.764209e-02
  308 -7.810812e-02
  309 -7.856638e-02
  310 -7.901688e-02
  311 -7.945968e-02
  312 -7.989480e-02
  313 -8.032230e-02
  314 -8.074221e-02
  315 -8.115459e-02
  316 -8.155947e-02
  317 -8.195691e-02
  318 -8.234696e-02
  319 -8.272967e-02
  320 -8.310510e-02
  321 -8.347330e-02
  322 -8.383433e-02
  323 -8.418825e-02
  324 -8.453510e-02
  325 -8.487496e-02
  326 -8.520789e-02
  327 -8.553393e-02
  328 -8.585316e-02
  329 -8.616563e-02
  330 -8.647141e-02
  331 -8.677056e-02
  332 -8.706314e-02
  333 -8.734921e-02
  334 -8.762885e-02
  335 -8.790210e-02
  336 -8.816904e-02
  337 -8.842972e-02
  338 -8.868421e-02
  339 -8.893258e-02
  340 -8.917489e-02
  341 -8.941119e-02
  342 -8.964156e-02
  343 -8.986606e-02
  344 -9.008474e-02
  345 -9.029767e-02
  346 -9.050492e-02
  347 -9.070654e-02
  348 -9.090260e-02
  349 -9.109316e-02
  350 -9.127828e-02
  351 -9.145801e-02
  352 -9.163243e-02
  353 -9.180158e-02
  354 -9.196554e-02
  355 -9.212435e-02
  356 -9.227808e-02
  357 -9.242679e-02
  358 -9.257053e-02
  359 -9.270936e-02
  360 -9.284333e-02
  361 -9.297251e-02
  362 -9.309695e-02
  363 -9.321670e-02
  364 -9.333183e-02
  365 -9.344238e-02
  366 -9.354840e-02
  367 -9.364996e-02
  368 -9.374710e-02
  369 -9.383989e-02
  370 -9.392836e-02
  371 -9.401257e-02
  372 -9.409257e-02
  373 -9.416841e-02
  374 -9.424015e-02
  375 -9.430783e-02
  376 -9.437150e-02
  377 -9.443121e-02
  378 -9.448700e-02
  379 -9.453893e-02
  380 -9.458704e-02
  381 -9.463138e-02
  382 -9.467199e-02
  383 -9.470892e-02
  384 -9.474222e-02
  385 -9.477192e-02
  386 -9.479807e-02
  387 -9.482072e-02
  388 -9.483991e-02
  389 -9.485568e-02
  390 -9.486807e-02
  391 -9.770963e-02
  392 -9.888748e-02
  393 -1.006149e-01
  394 -1.019105e-01
  395 -1.032562e-01
  396 -1.044529e-01
  397 -1.056103e-01
  398 -1.066916e-01
  399 -1.077248e-01
  400 -1.087059e-01
  401 -1.090543e-01
  402 -1.098449e-01
  403 -1.103966e-01
  404 -1.110237e-01
  405 -1.115822e-01
  406 -1.121392e-01
  407 -1.126648e-01
  408 -1.131739e-01
  409 -1.136607e-01
  410 -1.141288e-01
  411 -1.145776e-01
  412 -1.150083e-01
  413 -1.154215e-01
  414 -1.158177e-01
  415 -1.161975e-01
  416 -1.165616e-01
  417 -1.169105e-01
  418 -1.172446e-01
  419 -1.175646e-01
  420 -1.178709e-01
  421 -1.181639e-01
  422 -1.184441e-01
  423 -1.187118e-01
  424 -1.189676e-01
  425 -1.192117e-01
  426 -1.194446e-01
  427 -1.196665e-01
  428 -1.198779e-01
  429 -1.200790e-01
  430 -1.202701e-01
  431 -1.204515e-01
  432 -1.206236e-01
  433 -1.207865e-01
  434 -1.209406e-01
  435 -1.210861e-01
  436 -1.212232e-01
  437 -1.213521e-01
  438 -1.214731e-01
  439 -1.215863e-01
  440 -1.216921e-01
  441 3.014020e-02
  442 -2.907661e-02
  443 6.656673e-03
  444 -3.069653e-03
  445 6.871882e-03
  446 6.794735e-03
  447 1.061631e-02
  448 1.210194e-02
  449 1.425672e-02
  450 1.579470e-02
  451 1.738196e-02
  452 1.876651e-02
  453 2.010549e-02
  454 2.135722e-02
  455 2.256393e-02
  456 2.372347e-02
  457 2.484984e-02
  458 2.594644e-02
  459 2.701915e-02
  460 2.807093e-02
  461 2.910476e-02
  462 3.012260e-02
  463 3.112610e-02
  464 3.211651e-02
  465 3.309483e-02
  466 3.406183e-02
  467 3.501815e-02
  468 3.596429e-02
  469 3.690068e-02
  470 3.782765e-02
  471 3.874550e-02
  472 3.965446e-02
  473 4.055476e-02
  474 4.144657e-02
  475 4.233006e-02
  476 4.320537e-02
  477 4.407263e-02
  478 4.493196e-02
  479 4.578346e-02
  480 4.662723e-02
  481 4.746337e-02
  482 4.829197e-02
  483 4.911311e-02
  484 4.992687e-02
  485 5.073332e-02
  486 5.153254e-02
  487 5.232461e-02
  488 5.310958e-02
  489 5.388754e-02
  490 5.465854e-02
  491 5.542266e-02
  492 5.617995e-02
  493 5.693049e-02
  494 5.767433e-02
  495 5.841154e-02
  496 5.914219e-02
  497 5.986633e-02
  498 6.058402e-02
  499 6.129534e-02
  500 6.200033e-02
  501 6.269907e-02
  502 6.339162e-02
  503 6.407803e-02
  504 6.475837e-02
  505 6.543271e-02
  506 6.610109e-02
  507 6.676359e-02
  508 6.742027e-02
  509 6.807118e-02
  510 6.871639e-02
  511 6.935597e-02
  512 6.998996e-02
  513 7.061844e-02
  514 7.124146e-02
  515 7.185909e-02
  516 7.247139e-02
  517 7.307842e-02
  518 7.368023e-02
  519 7.427689e-02
  520 7.486847e-02
  521 7.545501e-02
  522 7.603658e-02
  523 7.661325e-02
  524 7.718506e-02
  525 7.775208e-02
  526 7.831437e-02
  527 7.887199e-02
  528 7.942499e-02
  529 7.997343e-02
  530 8.051738e-02
  531 8.105688e-02
  532 8.159200e-02
  533 8.212279e-02
  534 8.264931e-02
  535 8.317161e-02
  536 8.368976e-02
  537 8.420380e-02
  538 8.471379e-02
  539 8.521978e-02
  540 8.572183e-02
  541 8.621999e-02
  542 8.671432e-02
  543 8.720487e-02
  544 8.769168e-02
  545 8.817482e-02
  546 8.865433e-02
  547 8.913026e-02
  548 8.960267e-02
  549 9.007160e-02
  550 9.053710e-02
  551 9.099923e-02
  552 9.145803e-02
  553 9.191355e-02
  554 9.236583e-02
  555 9.281493e-02
  556 9.326088e-02
  557 9.370375e-02
  558 9.414356e-02
  559 9.458038e-02
  560 9.501423e-02
  561 9.544518e-02
  562 9.587325e-02
  563 9.629849e-02
  564 9.672096e-02
  565 9.714068e-02
  566 9.755770e-02
  567 9.797207e-02
  568 9.838381e-02
  569 9.879299e-02
  570 9.919962e-02
  571 9.960376e-02
  572 1.000054e-01
  573 1.004047e-01
  574 1.008016e-01
  575 1.011961e-01
  576 1.015884e-01
  577 1.019783e-01
  578 1.023661e-01
  579 1.027516e-01
  580 1.031350e-01
  581 1.035163e-01
  582 1.038955e-01
  583 1.042726e-01
  584 1.046477e-01
  585 1.050208e-01
  586 1.053919e-01
  587 1.057612e-01
  588 1.061285e-01
  589 1.064940e-01
  590 1.068577e-01
  591 1.072196e-01
  592 1.075797e-01
  593 1.079380e-01
  594 1.082947e-01
  595 1.086497e-01
  596 1.090031e-01
  597 1.093548e-01
  598 1.097050e-01
  599 1.100536e-01
  600 1.104007e-01
  601 1.117779e-01
  602 1.123070e-01
  603 1.131874e-01
  604 1.138728e-01
  605 1.146196e-01
  606 1.153135e-01
  607 1.160101e-01
  608 1.166860e-01
  609 1.173538e-01
  610 1.180094e-01
  611 1.186559e-01
  612 1.192928e-01
  613 1.199214e-01
  614 1.205419e-01
  615 1.211548e-01
  616 1.217604e-01
  617 1.223593e-01
  618 1.229517e-01
  619 1.235379e-01
  620 1.241182e-01
  621 1.246928e-01
  622 1.252620e-01
  623 1.258260e-01
  624 1.263851e-01
  625 1.269394e-01
  626 1.274891e-01
  627 1.280344e-01
  628 1.285755e-01
  629 1.291126e-01
  630 1.296457e-01
  631 1.301750e-01
  632 1.307007e-01
  633 1.312229e-01
  634 1.317417e-01
  635 1.322573e-01
  636 1.327698e-01
  637 1.332792e-01
  638 1.337857e-01
  639 1.342894e-01
  640 1.347903e-01
  641 1.352887e-01
  642 1.357845e-01
  643 1.362778e-01
  644 1.367688e-01
  645 1.372574e-01
  646 1.377438e-01
  647 1.382281e-01
  648 1.387104e-01
  649 1.391906e-01
  650 1.396688e-01
  651 1.401452e-01
  652 1.406197e-01
  653 1.410925e-01
  654 1.415636e-01
  655 1.420330e-01
  656 1.425008e-01
  657 1.429670e-01
  658 1.434318e-01
  659 1.438951e-01
  660 1.443570e-01
  661 3.980353e-01
  662 2.999519e-01
  663 3.601058e-01
  664 3.444811e-01
  665 3.616240e-01
  666 3.620571e-01
  667 3.689764e-01
  668 3.719911e-01
  669 3.761100e-01
  670 3.791901e-01
  671 3.823418e-01
  672 3.851453e-01
  673 3.878627e-01
  674 3.904249e-01
  675 3.929025e-01
  676 3.952920e-01
  677 3.976170e-01
  678 3.998835e-01
  679 4.021013e-01
  680 4.042756e-01
  681 4.064116e-01
  682 4.085127e-01
  683 4.105818e-01
  684 4.126211e-01
  685 4.146326e-01
  686 4.166176e-01
  687 4.185774e-01
  688 4.205130e-01
  689 4.224251e-01
  690 4.243145e-01
  691 4.261819e-01
  692 4.280277e-01
  693 4.298525e-01
  694 4.316566e-01
  695 4.334405e-01
  696 4.352046e-01
  697 4.369491e-01
  698 4.386743e-01
  699 4.403806e-01
  700 4.420682e-01
  701 4.437375e-01
  702 4.453885e-01
  703 4.470216e-01
  704 4.486370e-01
  705 4.502350e-01
  706 4.518156e-01
  707 4.533792e-01
  708 4.549260e-01
  709 4.564561e-01
  710 4.579697e-01
  711 4.594671e-01
  712 4.609484e-01
  713 4.624138e-01
  714 4.638635e-01
  715 4.652977e-01
  716 4.667165e-01
  717 4.681201e-01
  718 4.695087e-01
  719 4.708825e-01
  720 4.722416e-01
  721 4.735862e-01
  722 4.749165e-01
  723 4.762326e-01
  724 4.775347e-01
  725 4.788230e-01
  726 4.800976e-01
  727 4.813587e-01
  728 4.826064e-01
  729 4.838410e-01
  730 4.850625e-01
  731 4.862711e-01
  732 4.874670e-01
  733 4.886503e-01
  734 4.898212e-01
  735 4.909798e-01
  736 4.921262e-01
  737 4.932608e-01
  738 4.943835e-01
  739 4.954945e-01
  740 4.965939e-01
  741 4.976820e-01
  742 4.987589e-01
  743 4.998246e-01
  744 5.008794e-01
  745 5.019234e-01
  746 5.029567e-01
  747 5.039794e-01
  748 5.049918e-01
  749 5.059938e-01
  750 5.069858e-01
  751 5.079677e-01
  752 5.089398e-01
  753 5.099021e-01
  754 5.108548e-01
  755 5.117981e-01
  756 5.127319e-01
  757 5.136566e-01
  758 5.145721e-01
  759 5.154787e-01
  760 5.163764e-01
  761 5.172654e-01
  762 5.181457e-01
  763 5.190176e-01
  764 5.198811e-01
  765 5.207363e-01
  766 5.215833e-01
  767 5.224223e-01
  768 5.232535e-01
  769 5.240767e-01
  770 5.248923e-01
  771 5.257003e-01
  772 5.265008e-01
  773 5.272940e-01
  774 5.280798e-01
  775 5.288585e-01
  776 5.296302e-01
  777 5.303948e-01
  778 5.311527e-01
  779 5.319037e-01
  780 5.326481e-01
  781 5.333859e-01
  782 5.341173e-01
  783 5.348422e-01
  784 5.355609e-01
  785 5.362734e-01
  786 5.369799e-01
  787 5.376803e-01
  788 5.383748e-01
  789 5.390634e-01
  790 5.397464e-01
  791 5.404237e-01
  792 5.410954e-01
  793 5.417616e-01
  794 5.424225e-01
  795 5.430780e-01
  796 5.437283e-01
  797 5.443735e-01
  798 5.450135e-01
  799 5.456486e-01
  800 5.462788e-01
