    1     0
    2     0
    3     0
    4     0
    5     0
    6     0
    7     0
    8     0
    9     0
   10     0
   11     0
   12     0
   13 5.928070e-01
   14 7.529609e-01
   15 8.197821e-01
   16 8.606924e-01
   17 8.950625e-01
   18 9.281852e-01
   19 9.615137e-01
   20 9.954632e-01
   21 1.030180e+00
   22 1.065749e+00
   23 1.102247e+00
   24 1.139756e+00
   25 1.178366e+00
   26 1.218172e+00
   27 1.259278e+00
   28 1.301792e+00
   29 1.345827e+00
   30 1.391503e+00
   31 1.438947e+00
   32 1.488290e+00
   33 1.539671e+00
   34 1.593234e+00
   35 1.649131e+00
   36 1.707522e+00
   37 1.768574e+00
   38 1.832463e+00
   39 1.899374e+00
   40 1.969500e+00
   41 2.043045e+00
   42 2.120225e+00
   43 2.201264e+00
   44 2.286402e+00
   45 2.375887e+00
   46 2.469984e+00
   47 2.568970e+00
   48 2.673138e+00
   49 2.782796e+00
   50 2.898271e+00
   51 3.019904e+00
   52 3.148057e+00
   53 3.283112e+00
   54 3.425472e+00
   55 3.575561e+00
   56 3.733827e+00
   57 3.900743e+00
   58 4.076808e+00
   59 4.262550e+00
   60 4.458524e+00
   61 4.665318e+00
   62 4.883551e+00
   63 5.113878e+00
   64 5.356990e+00
   65 5.613617e+00
   66 5.884529e+00
   67 6.170540e+00
   68 6.472510e+00
   69 6.791346e+00
   70 7.128007e+00
   71 7.483505e+00
   72 7.858909e+00
   73 8.255348e+00
   74 8.674016e+00
   75 9.116172e+00
   76 9.583146e+00
   77 1.007635e+01
   78 1.059725e+01
   79 1.114744e+01
   80 1.172856e+01
   81 1.234237e+01
   82 1.299071e+01
   83 1.367553e+01
   84 1.439891e+01
   85 1.516301e+01
   86 1.597014e+01
   87 1.682273e+01
   88 1.772335e+01
   89 1.867472e+01
   90 1.967970e+01
   91 2.074131e+01
   92 2.186276e+01
   93 2.304743e+01
   94 2.429889e+01
   95 2.562090e+01
   96 2.701746e+01
   97 2.849277e+01
   98 3.005127e+01
   99 3.169767e+01
  100 3.343693e+01
  101 3.527428e+01
  102 3.721528e+01
  103 3.926575e+01
  104 4.143190e+01
  105 4.372024e+01
  106 4.613767e+01
  107 4.869148e+01
  108 5.138937e+01
  109 5.423946e+01
  110 5.725036e+01
  111 6.043113e+01
  112 6.379136e+01
  113 6.734118e+01
  114 7.109130e+01
  115 7.505301e+01
  116 7.923825e+01
  117 8.365965e+01
  118 8.833052e+01
  119 9.326496e+01
  120 9.847782e+01
  121 1.039848e+02
  122 1.098026e+02
  123 1.159486e+02
  124 1.224415e+02
  125 1.293007e+02
  126 1.365470e+02
  127 1.442022e+02
  128 1.522893e+02
  129 1.608328e+02
  130 1.698584e+02
  131 1.793991e+02
  132 1.894345e+02
  133 2.000324e+02
  134 2.112309e+02
  135 2.230646e+02
  136 2.355688e+02
  137 2.487810e+02
  138 2.627406e+02
  139 2.774896e+02
  140 2.930722e+02
  141 3.095354e+02
  142 3.269287e+02
  143 3.453047e+02
  144 3.647186e+02
  145 3.852289e+02
  146 4.068976e+02
  147 4.297899e+02
  148 4.539748e+02
  149 4.795253e+02
  150 5.065183e+02
  151 5.350353e+02
  152 5.651622e+02
  153 5.969899e+02
  154 6.306142e+02
  155 6.661365e+02
  156 7.036640e+02
  157 7.433097e+02
  158 7.851931e+02
  159 8.294406e+02
  160 8.761854e+02
  161 9.255686e+02
  162 9.777389e+02
  163 1.032854e+03
  164 1.091079e+03
  165 1.152590e+03
  166 1.217573e+03
  167 1.286224e+03
  168 1.358748e+03
  169 1.435366e+03
  170 1.516307e+03
  171 1.601817e+03
  172 1.692152e+03
  173 1.787585e+03
  174 1.888404e+03
  175 1.994912e+03
  176 2.107431e+03
  177 2.226300e+03
  178 2.351876e+03
  179 2.484540e+03
  180 2.624690e+03
  181 2.772749e+03
  182 2.929163e+03
  183 3.094404e+03
  184 3.268971e+03
  185 3.453388e+03
  186 3.648212e+03
  187 3.854031e+03
  188 4.071464e+03
  189 4.301167e+03
  190 4.543833e+03
  191 4.800193e+03
  192 5.071020e+03
  193 5.357130e+03
  194 5.659386e+03
  195 5.978699e+03
  196 6.316030e+03
  197 6.672398e+03
  198 7.048877e+03
  199 7.446600e+03
  200 7.866768e+03
  201 8.309869e+03
  202 8.778600e+03
  203 9.273922e+03
  204 9.797236e+03
  205 1.035009e+04
  206 1.093416e+04
  207 1.155118e+04
  208 1.220302e+04
  209 1.289165e+04
  210 1.361914e+04
  211 1.438769e+04
  212 1.519960e+04
  213 1.605734e+04
  214 1.696348e+04
  215 1.792075e+04
  216 1.893205e+04
  217 2.000041e+04
  218 2.112906e+04
  219 2.232141e+04
  220 2.358104e+04
  221 2.491160e+04
  222 2.631738e+04
  223 2.780252e+04
  224 2.937148e+04
  225 3.102896e+04
  226 3.277999e+04
  227 3.462982e+04
  228 3.658404e+04
  229 3.864854e+04
  230 4.082954e+04
  231 4.313362e+04
  232 4.556772e+04
  233 4.813918e+04
  234 5.085576e+04
  235 5.372563e+04
  236 5.675745e+04
  237 5.996036e+04
  238 6.334402e+04
  239 6.691862e+04
  240 7.069494e+04
  241 7.468436e+04
  242 7.889891e+04
  243 8.335129e+04
  244 8.805493e+04
  245 9.302399e+04
  246 9.827347e+04
  247 1.038192e+05
  248 1.096779e+05
  249 1.158671e+05
  250 1.224057e+05
  251 1.293132e+05
  252 1.366105e+05
  253 1.443196e+05
  254 1.524638e+05
  255 1.610675e+05
  256 1.701568e+05
  257 1.797590e+05
  258 1.899030e+05
  259 2.006195e+05
  260 2.119407e+05
  261 2.239008e+05
  262 2.365358e+05
  263 2.498839e+05
  264 2.639851e+05
  265 2.788822e+05
  266 2.946199e+05
  267 3.112457e+05
  268 3.288097e+05
  269 3.473648e+05
  270 3.669671e+05
  271 3.876755e+05
  272 4.095525e+05
  273 4.326641e+05
  274 4.570799e+05
  275 4.828735e+05
  276 5.101226e+05
  277 5.389095e+05
  278 5.693208e+05
  279 6.014483e+05
  280 6.353888e+05
  281 6.712446e+05
  282 7.091238e+05
  283 7.491405e+05
  284 7.914154e+05
  285 8.360760e+05
  286 8.832568e+05
  287 9.331001e+05
  288 9.857561e+05
  289 1.041383e+06
  290 1.100150e+06
  291 1.162233e+06
  292 1.227819e+06
  293 1.297106e+06
  294 1.370304e+06
  295 1.447632e+06
  296 1.529323e+06
  297 1.615625e+06
  298 1.706797e+06
  299 1.803113e+06
  300 1.904865e+06
  301 2.012359e+06
  302 2.125919e+06
  303 2.245887e+06
  304 2.372625e+06
  305 2.506515e+06
  306 2.647961e+06
  307 2.797388e+06
  308 2.955248e+06
  309 3.122017e+06
  310 3.298196e+06
  311 3.484317e+06
  312 3.680941e+06
  313 3.888661e+06
  314 4.108103e+06
  315 4.339928e+06
  316 4.584836e+06
  317 4.843563e+06
  318 5.116892e+06
  319 5.405644e+06
  320 5.710691e+06
  321 6.032952e+06
  322 6.373399e+06
  323 6.733057e+06
  324 7.113012e+06
  325 7.514408e+06
  326 7.938455e+06
  327 8.386431e+06
  328 8.859688e+06
  329 9.359651e+06
  330 9.887827e+06
  331 1.044581e+07
  332 1.103528e+07
  333 1.165801e+07
  334 1.231589e+07
  335 1.301089e+07
  336 1.374511e+07
  337 1.452076e+07
  338 1.534019e+07
  339 1.620585e+07
  340 1.712037e+07
  341 1.808649e+07
  342 1.910713e+07
  343 2.018537e+07
  344 2.132445e+07
  345 2.252782e+07
  346 2.379909e+07
  347 2.514210e+07
  348 2.656090e+07
  349 2.805977e+07
  350 2.964321e+07
  351 3.131601e+07
  352 3.308321e+07
  353 3.495014e+07
  354 3.692242e+07
  355 3.900599e+07
  356 4.120715e+07
  357 4.353252e+07
  358 4.598911e+07
  359 4.858433e+07
  360 5.132600e+07
  361 5.422239e+07
  362 5.728223e+07
  363 6.051473e+07
  364 6.392965e+07
  365 6.753728e+07
  366 7.134849e+07
  367 7.537477e+07
  368 7.962826e+07
  369 8.412177e+07
  370 8.886887e+07
  371 9.388384e+07
  372 9.918182e+07
  373 1.047788e+08
  374 1.106916e+08
  375 1.169380e+08
  376 1.235370e+08
  377 1.305083e+08
  378 1.378731e+08
  379 1.456534e+08
  380 1.538728e+08
  381 1.625560e+08
  382 1.717292e+08
  383 1.814201e+08
  384 1.916579e+08
  385 2.024734e+08
  386 2.138992e+08
  387 2.259698e+08
  388 2.387215e+08
  389 2.521929e+08
  390 2.664244e+08
  391 2.814591e+08
  392 2.973421e+08
  393 3.141215e+08
  394 3.318478e+08
  395 3.505743e+08
  396 3.703577e+08
  397 3.912574e+08
  398 4.133365e+08
  399 4.366616e+08
  400 4.613029e+08
  401 4.873348e+08
  402 5.148357e+08
  403 5.438885e+08
  404 5.745808e+08
  405 6.070051e+08
  406 6.412591e+08
  407 6.774461e+08
  408 7.156752e+08
  409 7.560616e+08
  410 7.987271e+08
  411 8.438002e+08
  412 8.914169e+08
  413 9.417206e+08
  414 9.948630e+08
  415 1.051004e+09
  416 1.110314e+09
  417 1.172970e+09
  418 1.239162e+09
  419 1.309090e+09
  420 1.382963e+09
  421 1.461005e+09
  422 1.543452e+09
  423 1.630550e+09
  424 1.722564e+09
  425 1.819771e+09
  426 1.922463e+09
  427 2.030949e+09
  428 2.145558e+09
  429 2.266635e+09
  430 2.394544e+09
  431 2.529671e+09
  432 2.672423e+09
  433 2.823231e+09
  434 2.982549e+09
  435 3.150858e+09
  436 3.328665e+09
  437 3.516506e+09
  438 3.714946e+09
  439 3.924585e+09
  440 4.146054e+09
  441 4.380021e+09
  442 4.627191e+09
  443 4.888309e+09
  444 5.164162e+09
  445 5.455582e+09
  446 5.763447e+09
  447 6.088685e+09
  448 6.432277e+09
  449 6.795258e+09
  450 7.178722e+09
  451 7.583826e+09
  452 8.011791e+09
  453 8.463906e+09
  454 8.941534e+09
  455 9.446116e+09
  456 9.979171e+09
  457 1.054231e+10
  458 1.113722e+10
  459 1.176571e+10
  460 1.242966e+10
  461 1.313108e+10
  462 1.387209e+10
  463 1.465491e+10
  464 1.548190e+10
  465 1.635556e+10
  466 1.727852e+10
  467 1.825357e+10
  468 1.928364e+10
  469 2.037184e+10
  470 2.152145e+10
  471 2.273593e+10
  472 2.401895e+10
  473 2.537437e+10
  474 2.680627e+10
  475 2.831898e+10
  476 2.991706e+10
  477 3.160531e+10
  478 3.338884e+10
  479 3.527301e+10
  480 3.726351e+10
  481 3.936633e+10
  482 4.158782e+10
  483 4.393467e+10
  484 4.641396e+10
  485 4.903315e+10
  486 5.180015e+10
  487 5.472330e+10
  488 5.781140e+10
  489 6.107377e+10
  490 6.452023e+10
  491 6.816119e+10
  492 7.200760e+10
  493 7.607108e+10
  494 8.036386e+10
  495 8.489889e+10
  496 8.968984e+10
  497 9.475114e+10
  498 1.000981e+11
  499 1.057467e+11
  500 1.117141e+11
  501 1.180183e+11
  502 1.246782e+11
  503 1.317139e+11
  504 1.391467e+11
  505 1.469989e+11
  506 1.552943e+11
  507 1.640577e+11
  508 1.733157e+11
  509 1.830961e+11
  510 1.934284e+11
  511 2.043438e+11
  512 2.158752e+11
  513 2.280573e+11
  514 2.409268e+11
  515 2.545226e+11
  516 2.688856e+11
  517 2.840592e+11
  518 3.000890e+11
  519 3.170234e+11
  520 3.349134e+11
  521 3.538129e+11
  522 3.737790e+11
  523 3.948718e+11
  524 4.171549e+11
  525 4.406955e+11
  526 4.655644e+11
  527 4.918368e+11
  528 5.195917e+11
  529 5.489129e+11
  530 5.798887e+11
  531 6.126126e+11
  532 6.471830e+11
  533 6.837043e+11
  534 7.222866e+11
  535 7.630461e+11
  536 8.061057e+11
  537 8.515952e+11
  538 8.996518e+11
  539 9.504202e+11
  540 1.004054e+12
  541 1.060713e+12
  542 1.120571e+12
  543 1.183806e+12
  544 1.250610e+12
  545 1.321183e+12
  546 1.395739e+12
  547 1.474502e+12
  548 1.557710e+12
  549 1.645613e+12
  550 1.738477e+12
  551 1.836582e+12
  552 1.940222e+12
  553 2.049711e+12
  554 2.165379e+12
  555 2.287574e+12
  556 2.416665e+12
  557 2.553040e+12
  558 2.697111e+12
  559 2.849312e+12
  560 3.010102e+12
  561 3.179966e+12
  562 3.359415e+12
  563 3.548991e+12
  564 3.749265e+12
  565 3.960840e+12
  566 4.184355e+12
  567 4.420484e+12
  568 4.669937e+12
  569 4.933467e+12
  570 5.211868e+12
  571 5.505980e+12
  572 5.816689e+12
  573 6.144932e+12
  574 6.491698e+12
  575 6.858032e+12
  576 7.245039e+12
  577 7.653886e+12
  578 8.085804e+12
  579 8.542095e+12
  580 9.024136e+12
  581 9.533379e+12
  582 1.007136e+13
  583 1.063970e+13
  584 1.124011e+13
  585 1.187440e+13
  586 1.254449e+13
  587 1.325239e+13
  588 1.400024e+13
  589 1.479029e+13
  590 1.562492e+13
  591 1.650665e+13
  592 1.743814e+13
  593 1.842220e+13
  594 1.946179e+13
  595 2.056004e+13
  596 2.172027e+13
  597 2.294597e+13
  598 2.424083e+13
  599 2.560877e+13
  600 2.705391e+13
  601 2.858059e+13
  602 3.019343e+13
  603 3.189728e+13
  604 3.369728e+13
  605 3.559886e+13
  606 3.760775e+13
  607 3.973000e+13
  608 4.197201e+13
  609 4.434054e+13
  610 4.684273e+13
  611 4.948612e+13
  612 5.227868e+13
  613 5.522883e+13
  614 5.834546e+13
  615 6.163796e+13
  616 6.511627e+13
  617 68790858556541
  618 7.267281e+13
  619 7.677382e+13
  620 8.110626e+13
  621 8.568319e+13
  622 9.051839e+13
  623 9.562645e+13
  624 1.010228e+14
  625 1.067236e+14
  626 1.127461e+14
  627 1.191085e+14
  628 1.258300e+14
  629 1.329307e+14
  630 1.404322e+14
  631 1.483569e+14
  632 1.567289e+14
  633 1.655733e+14
  634 1.749168e+14
  635 1.847875e+14
  636 1.952153e+14
  637 2.062316e+14
  638 2.178694e+14
  639 2.301641e+14
  640 2.431525e+14
  641 2.568739e+14
  642 2.713696e+14
  643 2.866833e+14
  644 3.028612e+14
  645 3.199520e+14
  646 3.380073e+14
  647 3.570815e+14
  648 3.772320e+14
  649 3.985196e+14
  650 4.210086e+14
  651 4.447666e+14
  652 4.698653e+14
  653 4.963804e+14
  654 5.243917e+14
  655 5.539838e+14
  656 5.852458e+14
  657 6.182719e+14
  658 6.531617e+14
  659 6.900204e+14
  660 7.289591e+14
  661 7.700951e+14
  662 813552499434549
  663 859462243361008
  664 9.079627e+14
  665 959200155736109
  666 1013328971706405
  667 1.070512e+15
  668 1.130923e+15
  669 1194741959674723
  670 1.262163e+15
  671 1.333388e+15
  672 1.408633e+15
  673 1488123559688096
  674 1572100158129746
  675 1.660816e+15
  676 1754537477543870
  677 1.853548e+15
  678 1.958146e+15
  679 2068646612080544
  680 2185382823082260
  681 2.308707e+15
  682 2438989682718433
  683 2576624797662727
  684 2.722027e+15
  685 2875634068026778
  686 3037909549671900
  687 3.209342e+15
  688 3390449476596233
  689 3581776609601606
  690 3783900562343346
  691 3997430612316957
  692 4.223010e+15
  693 4461319965475499
  694 4713077605371389
  695 4979042231033030
  696 5260015559717672
  697 5556844550549569
  698 5870423957572826
  699 6201699026876098
  700 6551668345919262
  701 6921386853651000
  702 7311969020490954
  703 7724592207762068
  704 8160500216699758
  705 8621007037735902
  706 9107500811359436
  707 9621448012493044
  708 10164397870999296
  709 10737987041641208
  710 11343944537574314
  711 11984096942241580
  712 12660373915381824
  713 13374814009748802
  714 14129570816074730
  715 14926919454801476
  716 15769263434147916
  717 16659141895186284
  718 17599237265766860
  719 18592383346362840
  720 19641573852209084
  721 20749971437484100
  722 21920917228737320
  723 23157940896299188
  724 24464771294033008
  725 25845347699500792
  726 27303831688425100
  727 28844619679241028
  728 30472356185552276
  729 32191947816439320
  730 34008578066821688
  731 35927722942458192
  732 37955167466684640
  733 40097023118646576
  734 42359746255592400
  735 44750157574758600
  736 47275462673512632
  737 49943273769729136
  738 52761632647873200
  739 55739034899958600
  740 58884455534452448
  741 62207376030320928
  742 65717812917767488
  743 69426347971816272
  744 73344160109755760
  745 77483059088593376
  746 81855521104097888
  747 86474726398738656
  748 91354598991885776
  749 96509848652033264
  750 101956015237565200
  751 107709515539724352
  752 113787692768986048
  753 120208868834007008
  754 126992399570738576
  755 134158733088184672
  756 141729471406680960
  757 149727435574496288
  758 158176734459041984
  759 167102837420051424
  760 176532651083795008
  761 186494600449755456
  762 197018714574250496
  763 208136717089284928
  764 219882121829490944
  765 232290333855410496
  766 245398756177643072
  767 259246902503565568
  768 273876516346484384
  769 289331696856260224
  770 305659031750706240
  771 322907737748463488
  772 341129808926673536
  773 360380173450651840
  774 380716859148004224
  775 402201168426290752
  776 424897863061501696
  777 448875359414369856
  778 474205934662974592
  779 500965944673297216
  780 529236054164474240
  781 559101479862552704
  782 590652247375703040
  783 623983462565209344
  784 659195598230248704
  785 696394796970637952
  786 735693191140488960
  787 777209240857231360
  788 821068091084890624
  789 867401948868005888
  790 916350481853307008
  791 968061239300450560
  792 1022690096850897152
  793 1080401726395627776
  794 1141370092458061568
  795 1205778976588458240
  796 1273822531350523904
  797 1345705865570146304
  798 1421645662610419712
  799 1501870833536668672
  800 1586623207140361216
