    1     0
    2     0
    3     0
    4     0
    5     0
    6     0
    7     0
    8     0
    9     0
   10     0
   11     0
   12     0
   13 2.784268e-01
   14 5.949500e-02
   15 1.435586e-01
   16 6.069606e-02
   17 8.204726e-02
   18 4.813549e-02
   19 5.040996e-02
   20 3.464780e-02
   21 3.161637e-02
   22 2.282352e-02
   23 1.857861e-02
   24 1.254494e-02
   25 8.154408e-03
   26 3.220083e-03
   27 -1.127102e-03
   28 -5.649402e-03
   29 -9.979661e-03
   30 -1.438678e-02
   31 -1.875390e-02
   32 -2.317695e-02
   33 -2.761947e-02
   34 -3.211576e-02
   35 -3.665440e-02
   36 -4.124733e-02
   37 -4.589062e-02
   38 -5.058802e-02
   39 -5.533775e-02
   40 -6.014055e-02
   41 -6.499529e-02
   42 -6.990171e-02
   43 -7.485893e-02
   44 -7.986641e-02
   45 -8.492345e-02
   46 -9.002951e-02
   47 -9.518403e-02
   48 -1.003866e-01
   49 -1.056367e-01
   50 -1.109340e-01
   51 -1.162782e-01
   52 -1.216690e-01
   53 -1.271061e-01
   54 -1.325894e-01
   55 -1.381185e-01
   56 -1.436933e-01
   57 -1.493136e-01
   58 -1.549793e-01
   59 -1.606900e-01
   60 -1.664458e-01
   61 -1.722463e-01
   62 -1.780915e-01
   63 -1.839810e-01
   64 -1.899149e-01
   65 -1.958928e-01
   66 -2.019145e-01
   67 -2.079800e-01
   68 -2.140888e-01
   69 -2.202410e-01
   70 -2.264361e-01
   71 -2.326741e-01
   72 -2.389547e-01
   73 -2.452776e-01
   74 -2.516427e-01
   75 -2.580497e-01
   76 -2.644983e-01
   77 -2.709884e-01
   78 -2.775196e-01
   79 -2.840918e-01
   80 -2.907046e-01
   81 -2.973579e-01
   82 -3.040515e-01
   83 -3.107849e-01
   84 -3.175581e-01
   85 -3.243708e-01
   86 -3.312227e-01
   87 -3.381136e-01
   88 -3.450432e-01
   89 -3.520114e-01
   90 -3.590178e-01
   91 -3.660623e-01
   92 -3.731446e-01
   93 -3.802644e-01
   94 -3.874216e-01
   95 -3.946159e-01
   96 -4.018471e-01
   97 -4.091150e-01
   98 -4.164194e-01
   99 -4.237600e-01
  100 -4.311367e-01
  101 -4.385491e-01
  102 -4.459972e-01
  103 -4.534807e-01
  104 -4.609994e-01
  105 -4.685531e-01
  106 -4.761416e-01
  107 -4.837647e-01
  108 -4.914223e-01
  109 -4.991141e-01
  110 -5.068400e-01
  111 -5.145997e-01
  112 -5.223932e-01
  113 -5.302201e-01
  114 -5.380804e-01
  115 -5.459738e-01
  116 -5.539003e-01
  117 -5.618596e-01
  118 -5.698516e-01
  119 -5.778760e-01
  120 -5.859328e-01
  121 -5.940218e-01
  122 -6.021429e-01
  123 -6.102958e-01
  124 -6.184804e-01
  125 -6.266967e-01
  126 -6.349443e-01
  127 -6.432233e-01
  128 -6.515334e-01
  129 -6.598745e-01
  130 -6.682465e-01
  131 -6.081328e-01
  132 -5.680781e-01
  133 -5.362882e-01
  134 -5.144075e-01
  135 -4.981183e-01
  136 -4.873297e-01
  137 -4.800793e-01
  138 -4.759497e-01
  139 -4.739783e-01
  140 -4.737943e-01
  141 -4.748953e-01
  142 -4.770203e-01
  143 -4.798953e-01
  144 -4.833528e-01
  145 -4.872398e-01
  146 -4.914536e-01
  147 -4.959078e-01
  148 -5.005419e-01
  149 -5.053070e-01
  150 -5.101684e-01
  151 -5.150989e-01
  152 -5.200792e-01
  153 -5.250948e-01
  154 -5.301352e-01
  155 -5.351932e-01
  156 -5.402635e-01
  157 -5.453428e-01
  158 -5.504289e-01
  159 -5.555205e-01
  160 -5.606172e-01
  161 -5.657189e-01
  162 -5.708257e-01
  163 -5.759382e-01
  164 -5.810570e-01
  165 -5.861827e-01
  166 -5.913162e-01
  167 -5.964581e-01
  168 -6.016092e-01
  169 -6.067702e-01
  170 -6.119417e-01
  171 -6.171245e-01
  172 -6.223190e-01
  173 -6.275258e-01
  174 -6.327453e-01
  175 -6.379781e-01
  176 -6.432245e-01
  177 -6.484848e-01
  178 -6.537594e-01
  179 -6.590485e-01
  180 -6.643523e-01
  181 -6.696712e-01
  182 -6.750052e-01
  183 -6.803545e-01
  184 -6.857193e-01
  185 -6.910996e-01
  186 -6.964955e-01
  187 -7.019071e-01
  188 -7.073345e-01
  189 -7.127777e-01
  190 -7.182367e-01
  191 -7.237115e-01
  192 -7.292021e-01
  193 -7.347086e-01
  194 -7.402308e-01
  195 -7.457688e-01
  196 -7.513225e-01
  197 -7.568919e-01
  198 -7.624770e-01
  199 -7.680776e-01
  200 -7.736937e-01
  201 -7.794229e-01
  202 -7.826367e-01
  203 -7.877833e-01
  204 -7.917117e-01
  205 -7.962887e-01
  206 -8.004543e-01
  207 -8.048451e-01
  208 -8.091058e-01
  209 -8.134546e-01
  210 -8.177730e-01
  211 -8.221362e-01
  212 -8.265049e-01
  213 -8.309051e-01
  214 -8.353238e-01
  215 -8.397699e-01
  216 -8.442390e-01
  217 -8.487339e-01
  218 -8.532529e-01
  219 -8.577966e-01
  220 -8.623640e-01
  221 -1.445047e+00
  222 -1.169238e+00
  223 -1.381844e+00
  224 -1.301647e+00
  225 -1.384942e+00
  226 -1.367675e+00
  227 -1.404577e+00
  228 -1.406503e+00
  229 -1.426009e+00
  230 -1.433070e+00
  231 -1.445591e+00
  232 -1.453506e+00
  233 -1.462949e+00
  234 -1.470575e+00
  235 -1.478510e+00
  236 -1.485659e+00
  237 -1.492775e+00
  238 -1.499512e+00
  239 -1.506144e+00
  240 -1.512570e+00
  241 -1.518896e+00
  242 -1.525098e+00
  243 -1.531218e+00
  244 -1.537255e+00
  245 -1.543228e+00
  246 -1.549139e+00
  247 -1.554997e+00
  248 -1.560805e+00
  249 -1.566567e+00
  250 -1.572285e+00
  251 -1.577960e+00
  252 -1.583594e+00
  253 -1.589186e+00
  254 -1.594738e+00
  255 -1.600247e+00
  256 -1.605716e+00
  257 -1.611142e+00
  258 -1.616525e+00
  259 -1.621866e+00
  260 -1.627162e+00
  261 -1.605007e+00
  262 -1.590819e+00
  263 -1.579879e+00
  264 -1.572844e+00
  265 -1.567987e+00
  266 -1.565270e+00
  267 -1.563910e+00
  268 -1.563739e+00
  269 -1.564370e+00
  270 -1.565657e+00
  271 -1.567397e+00
  272 -1.569486e+00
  273 -1.571814e+00
  274 -1.574316e+00
  275 -1.576928e+00
  276 -1.579611e+00
  277 -1.582330e+00
  278 -1.585060e+00
  279 -1.587783e+00
  280 -1.590484e+00
  281 -1.593154e+00
  282 -1.595784e+00
  283 -1.598368e+00
  284 -1.600904e+00
  285 -1.603388e+00
  286 -1.605819e+00
  287 -1.608195e+00
  288 -1.610516e+00
  289 -1.612782e+00
  290 -1.614993e+00
  291 -1.617148e+00
  292 -1.619250e+00
  293 -1.621297e+00
  294 -1.623291e+00
  295 -1.625233e+00
  296 -1.627122e+00
  297 -1.628960e+00
  298 -1.630747e+00
  299 -1.632484e+00
  300 -1.634172e+00
  301 -1.635810e+00
  302 -1.637401e+00
  303 -1.638943e+00
  304 -1.640438e+00
  305 -1.641886e+00
  306 -1.643288e+00
  307 -1.644644e+00
  308 -1.645954e+00
  309 -1.647220e+00
  310 -1.648441e+00
  311 -1.649617e+00
  312 -1.650750e+00
  313 -1.651840e+00
  314 -1.652886e+00
  315 -1.653889e+00
  316 -1.654850e+00
  317 -1.655769e+00
  318 -1.656646e+00
  319 -1.657482e+00
  320 -1.658276e+00
  321 -1.659029e+00
  322 -1.659741e+00
  323 -1.660413e+00
  324 -1.661045e+00
  325 -1.661636e+00
  326 -1.662188e+00
  327 -1.662700e+00
  328 -1.663173e+00
  329 -1.663606e+00
  330 -1.664000e+00
  331 -1.664356e+00
  332 -1.664673e+00
  333 -1.664952e+00
  334 -1.665192e+00
  335 -1.665394e+00
  336 -1.665558e+00
  337 -1.665685e+00
  338 -1.665774e+00
  339 -1.665825e+00
  340 -1.665839e+00
  341 -1.665816e+00
  342 -1.665755e+00
  343 -1.665658e+00
  344 -1.665524e+00
  345 -1.665353e+00
  346 -1.665146e+00
  347 -1.664902e+00
  348 -1.664622e+00
  349 -1.664305e+00
  350 -1.663953e+00
  351 -1.663564e+00
  352 -1.663139e+00
  353 -1.662679e+00
  354 -1.662182e+00
  355 -1.661650e+00
  356 -1.661083e+00
  357 -1.660479e+00
  358 -1.659841e+00
  359 -1.659166e+00
  360 -1.658457e+00
  361 -1.657712e+00
  362 -1.656932e+00
  363 -1.656117e+00
  364 -1.655267e+00
  365 -1.654381e+00
  366 -1.653461e+00
  367 -1.652506e+00
  368 -1.651515e+00
  369 -1.650490e+00
  370 -1.649430e+00
  371 -1.648336e+00
  372 -1.647206e+00
  373 -1.646042e+00
  374 -1.644843e+00
  375 -1.643610e+00
  376 -1.642342e+00
  377 -1.641039e+00
  378 -1.639702e+00
  379 -1.638330e+00
  380 -1.636923e+00
  381 -1.635482e+00
  382 -1.634007e+00
  383 -1.632497e+00
  384 -1.630953e+00
  385 -1.629374e+00
  386 -1.627760e+00
  387 -1.626112e+00
  388 -1.624430e+00
  389 -1.622713e+00
  390 -1.620962e+00
  391 -1.687693e+00
  392 -1.734361e+00
  393 -1.772760e+00
  394 -1.801245e+00
  395 -1.824135e+00
  396 -1.841520e+00
  397 -1.855362e+00
  398 -1.866079e+00
  399 -1.874632e+00
  400 -1.881393e+00
  401 -1.886825e+00
  402 -1.892241e+00
  403 -1.896133e+00
  404 -1.899931e+00
  405 -1.903041e+00
  406 -1.905989e+00
  407 -1.908606e+00
  408 -1.911095e+00
  409 -1.913418e+00
  410 -1.915656e+00
  411 -1.917806e+00
  412 -1.919904e+00
  413 -1.921953e+00
  414 -1.923968e+00
  415 -1.925954e+00
  416 -1.927916e+00
  417 -1.929858e+00
  418 -1.931781e+00
  419 -1.933687e+00
  420 -1.935576e+00
  421 -1.937448e+00
  422 -1.939303e+00
  423 -1.941141e+00
  424 -1.942961e+00
  425 -1.944762e+00
  426 -1.946544e+00
  427 -1.948306e+00
  428 -1.950047e+00
  429 -1.951766e+00
  430 -1.953463e+00
  431 -1.955138e+00
  432 -1.956789e+00
  433 -1.958416e+00
  434 -1.960019e+00
  435 -1.961597e+00
  436 -1.963149e+00
  437 -1.964676e+00
  438 -1.966176e+00
  439 -1.967650e+00
  440 -1.969097e+00
  441 -1.623662e+00
  442 -1.793309e+00
  443 -1.669893e+00
  444 -1.722143e+00
  445 -1.676284e+00
  446 -1.690745e+00
  447 -1.672690e+00
  448 -1.675602e+00
  449 -1.667950e+00
  450 -1.667747e+00
  451 -1.664250e+00
  452 -1.663499e+00
  453 -1.661812e+00
  454 -1.661196e+00
  455 -1.660375e+00
  456 -1.660006e+00
  457 -1.659637e+00
  458 -1.659475e+00
  459 -1.659356e+00
  460 -1.659339e+00
  461 -1.659361e+00
  462 -1.659436e+00
  463 -1.659539e+00
  464 -1.659670e+00
  465 -1.659818e+00
  466 -1.659981e+00
  467 -1.660153e+00
  468 -1.660333e+00
  469 -1.660518e+00
  470 -1.660706e+00
  471 -1.660898e+00
  472 -1.661091e+00
  473 -1.661287e+00
  474 -1.661483e+00
  475 -1.661681e+00
  476 -1.661881e+00
  477 -1.662082e+00
  478 -1.662285e+00
  479 -1.662490e+00
  480 -1.662698e+00
  481 -1.662908e+00
  482 -1.663121e+00
  483 -1.663337e+00
  484 -1.663556e+00
  485 -1.663779e+00
  486 -1.664006e+00
  487 -1.664236e+00
  488 -1.664470e+00
  489 -1.664709e+00
  490 -1.664951e+00
  491 -1.665197e+00
  492 -1.665448e+00
  493 -1.665702e+00
  494 -1.665960e+00
  495 -1.666222e+00
  496 -1.666488e+00
  497 -1.666758e+00
  498 -1.667031e+00
  499 -1.667307e+00
  500 -1.667586e+00
  501 -1.667869e+00
  502 -1.668154e+00
  503 -1.668441e+00
  504 -1.668731e+00
  505 -1.669023e+00
  506 -1.669317e+00
  507 -1.669612e+00
  508 -1.669909e+00
  509 -1.670206e+00
  510 -1.670505e+00
  511 -1.670804e+00
  512 -1.671103e+00
  513 -1.671402e+00
  514 -1.671701e+00
  515 -1.671999e+00
  516 -1.672296e+00
  517 -1.672592e+00
  518 -1.672886e+00
  519 -1.673179e+00
  520 -1.673470e+00
  521 -1.673758e+00
  522 -1.674044e+00
  523 -1.674326e+00
  524 -1.674606e+00
  525 -1.674882e+00
  526 -1.675154e+00
  527 -1.675422e+00
  528 -1.675685e+00
  529 -1.675944e+00
  530 -1.676198e+00
  531 -1.676447e+00
  532 -1.676691e+00
  533 -1.676928e+00
  534 -1.677160e+00
  535 -1.677385e+00
  536 -1.677604e+00
  537 -1.677816e+00
  538 -1.678020e+00
  539 -1.678218e+00
  540 -1.678407e+00
  541 -1.678589e+00
  542 -1.678763e+00
  543 -1.678928e+00
  544 -1.679085e+00
  545 -1.679232e+00
  546 -1.679371e+00
  547 -1.679500e+00
  548 -1.679619e+00
  549 -1.679729e+00
  550 -1.679828e+00
  551 -1.679917e+00
  552 -1.679996e+00
  553 -1.680063e+00
  554 -1.680120e+00
  555 -1.680165e+00
  556 -1.680198e+00
  557 -1.680220e+00
  558 -1.680230e+00
  559 -1.680228e+00
  560 -1.680213e+00
  561 -1.680185e+00
  562 -1.680145e+00
  563 -1.680091e+00
  564 -1.680024e+00
  565 -1.679944e+00
  566 -1.679849e+00
  567 -1.679741e+00
  568 -1.679619e+00
  569 -1.679482e+00
  570 -1.679331e+00
  571 -1.679165e+00
  572 -1.678983e+00
  573 -1.678787e+00
  574 -1.678575e+00
  575 -1.678348e+00
  576 -1.678104e+00
  577 -1.677845e+00
  578 -1.677570e+00
  579 -1.677278e+00
  580 -1.676969e+00
  581 -1.676644e+00
  582 -1.676302e+00
  583 -1.675942e+00
  584 -1.675566e+00
  585 -1.675171e+00
  586 -1.674759e+00
  587 -1.674329e+00
  588 -1.673881e+00
  589 -1.673415e+00
  590 -1.672930e+00
  591 -1.672426e+00
  592 -1.671904e+00
  593 -1.671362e+00
  594 -1.670802e+00
  595 -1.670222e+00
  596 -1.669622e+00
  597 -1.669003e+00
  598 -1.668364e+00
  599 -1.667705e+00
  600 -1.667025e+00
  601 -1.666257e+00
  602 -1.667240e+00
  603 -1.666859e+00
  604 -1.667321e+00
  605 -1.667319e+00
  606 -1.667594e+00
  607 -1.667700e+00
  608 -1.667886e+00
  609 -1.667999e+00
  610 -1.668122e+00
  611 -1.668201e+00
  612 -1.668264e+00
  613 -1.668293e+00
  614 -1.668297e+00
  615 -1.668268e+00
  616 -1.668211e+00
  617 -1.668122e+00
  618 -1.668002e+00
  619 -1.667852e+00
  620 -1.667671e+00
  621 -1.667459e+00
  622 -1.667217e+00
  623 -1.666944e+00
  624 -1.666641e+00
  625 -1.666307e+00
  626 -1.665944e+00
  627 -1.665551e+00
  628 -1.665128e+00
  629 -1.664675e+00
  630 -1.664193e+00
  631 -1.663681e+00
  632 -1.663140e+00
  633 -1.662569e+00
  634 -1.661969e+00
  635 -1.661340e+00
  636 -1.660681e+00
  637 -1.659993e+00
  638 -1.659276e+00
  639 -1.658529e+00
  640 -1.657752e+00
  641 -1.656946e+00
  642 -1.656111e+00
  643 -1.655246e+00
  644 -1.654351e+00
  645 -1.653426e+00
  646 -1.652471e+00
  647 -1.651486e+00
  648 -1.650471e+00
  649 -1.649426e+00
  650 -1.648350e+00
  651 -1.647243e+00
  652 -1.646106e+00
  653 -1.644937e+00
  654 -1.643738e+00
  655 -1.642508e+00
  656 -1.641246e+00
  657 -1.639952e+00
  658 -1.638627e+00
  659 -1.637270e+00
  660 -1.635881e+00
  661 -1.056367e+00
  662 -1.335337e+00
  663 -1.125881e+00
  664 -1.209218e+00
  665 -1.129051e+00
  666 -1.149434e+00
  667 -1.115636e+00
  668 -1.116799e+00
  669 -1.100368e+00
  670 -1.096368e+00
  671 -1.086891e+00
  672 -1.082006e+00
  673 -1.075575e+00
  674 -1.070944e+00
  675 -1.065987e+00
  676 -1.061797e+00
  677 -1.057621e+00
  678 -1.053806e+00
  679 -1.050075e+00
  680 -1.046530e+00
  681 -1.043065e+00
  682 -1.039703e+00
  683 -1.036401e+00
  684 -1.033161e+00
  685 -1.029963e+00
  686 -1.026805e+00
  687 -1.023676e+00
  688 -1.020574e+00
  689 -1.017495e+00
  690 -1.014436e+00
  691 -1.011396e+00
  692 -1.008373e+00
  693 -1.005367e+00
  694 -1.002377e+00
  695 -9.994030e-01
  696 -9.964453e-01
  697 -9.935039e-01
  698 -9.905793e-01
  699 -9.876717e-01
  700 -9.847814e-01
  701 -9.819089e-01
  702 -9.790546e-01
  703 -9.762186e-01
  704 -9.734014e-01
  705 -9.706031e-01
  706 -9.678240e-01
  707 -9.650643e-01
  708 -9.623240e-01
  709 -9.596032e-01
  710 -9.569020e-01
  711 -9.542203e-01
  712 -9.515579e-01
  713 -9.489149e-01
  714 -9.462911e-01
  715 -9.436862e-01
  716 -9.411000e-01
  717 -9.385323e-01
  718 -9.359828e-01
  719 -9.334511e-01
  720 -9.309369e-01
  721 -9.284399e-01
  722 -9.259596e-01
  723 -9.234957e-01
  724 -9.210477e-01
  725 -9.186152e-01
  726 -9.161978e-01
  727 -9.137949e-01
  728 -9.114061e-01
  729 -9.090310e-01
  730 -9.066690e-01
  731 -9.043197e-01
  732 -9.019826e-01
  733 -8.996571e-01
  734 -8.973427e-01
  735 -8.950390e-01
  736 -8.927455e-01
  737 -8.904615e-01
  738 -8.881867e-01
  739 -8.859205e-01
  740 -8.836625e-01
  741 -8.814120e-01
  742 -8.791686e-01
  743 -8.769318e-01
  744 -8.747010e-01
  745 -8.724759e-01
  746 -8.702559e-01
  747 -8.680405e-01
  748 -8.658292e-01
  749 -8.636215e-01
  750 -8.614170e-01
  751 -8.592151e-01
  752 -8.570155e-01
  753 -8.548176e-01
  754 -8.526210e-01
  755 -8.504251e-01
  756 -8.482296e-01
  757 -8.460341e-01
  758 -8.438379e-01
  759 -8.416408e-01
  760 -8.394423e-01
  761 -8.372419e-01
  762 -8.350391e-01
  763 -8.328337e-01
  764 -8.306251e-01
  765 -8.284130e-01
  766 -8.261969e-01
  767 -8.239764e-01
  768 -8.217511e-01
  769 -8.195207e-01
  770 -8.172847e-01
  771 -8.150427e-01
  772 -8.127943e-01
  773 -8.105392e-01
  774 -8.082769e-01
  775 -8.060072e-01
  776 -8.037296e-01
  777 -8.014438e-01
  778 -7.991493e-01
  779 -7.968459e-01
  780 -7.945332e-01
  781 -7.922108e-01
  782 -7.898784e-01
  783 -7.875357e-01
  784 -7.851822e-01
  785 -7.828177e-01
  786 -7.804418e-01
  787 -7.780542e-01
  788 -7.756545e-01
  789 -7.732425e-01
  790 -7.708178e-01
  791 -7.683801e-01
  792 -7.659291e-01
  793 -7.634644e-01
  794 -7.609858e-01
  795 -7.584930e-01
  796 -7.559856e-01
  797 -7.534633e-01
  798 -7.509259e-01
  799 -7.483730e-01
  800 -7.458044e-01
