    1     0
    2     0
    3     0
    4     0
    5     0
    6     0
    7     0
    8     0
    9     0
   10     0
   11     0
   12     0
   13 7.748224e-02
   14 3.959676e-02
   15 6.255277e-02
   16 5.084600e-02
   17 5.405374e-02
   18 4.606222e-02
   19 4.066902e-02
   20 3.064622e-02
   21 1.985473e-02
   22 6.325712e-03
   23 -8.823076e-03
   24 -2.608500e-02
   25 -4.508947e-02
   26 -6.590679e-02
   27 -8.836164e-02
   28 -1.123960e-01
   29 -1.378792e-01
   30 -1.647095e-01
   31 -1.927617e-01
   32 -2.219163e-01
   33 -2.520452e-01
   34 -2.830207e-01
   35 -3.147119e-01
   36 -3.469879e-01
   37 -3.797170e-01
   38 -4.127680e-01
   39 -4.460109e-01
   40 -4.793171e-01
   41 -5.125603e-01
   42 -5.456169e-01
   43 -5.783663e-01
   44 -6.106915e-01
   45 -6.424795e-01
   46 -6.736216e-01
   47 -7.040137e-01
   48 -7.335566e-01
   49 -7.621564e-01
   50 -7.897247e-01
   51 -8.161786e-01
   52 -8.414410e-01
   53 -8.654409e-01
   54 -8.881133e-01
   55 -9.093994e-01
   56 -9.292465e-01
   57 -9.476082e-01
   58 -9.644447e-01
   59 -9.797221e-01
   60 -9.934128e-01
   61 -1.005496e+00
   62 -1.015955e+00
   63 -1.024782e+00
   64 -1.031974e+00
   65 -1.037532e+00
   66 -1.041465e+00
   67 -1.043787e+00
   68 -1.044517e+00
   69 -1.043677e+00
   70 -1.041298e+00
   71 -1.037413e+00
   72 -1.032060e+00
   73 -1.025281e+00
   74 -1.017122e+00
   75 -1.007634e+00
   76 -9.968692e-01
   77 -9.848847e-01
   78 -9.717400e-01
   79 -9.574972e-01
   80 -9.422210e-01
   81 -9.259780e-01
   82 -9.088367e-01
   83 -8.908673e-01
   84 -8.721411e-01
   85 -8.527305e-01
   86 -8.327087e-01
   87 -8.121494e-01
   88 -7.911263e-01
   89 -7.697135e-01
   90 -7.479845e-01
   91 -7.260123e-01
   92 -7.038694e-01
   93 -6.816272e-01
   94 -6.593558e-01
   95 -6.371242e-01
   96 -6.149995e-01
   97 -5.930474e-01
   98 -5.713313e-01
   99 -5.499127e-01
  100 -5.288507e-01
  101 -5.082023e-01
  102 -4.880216e-01
  103 -4.683602e-01
  104 -4.492669e-01
  105 -4.307877e-01
  106 -4.129656e-01
  107 -3.958406e-01
  108 -3.794496e-01
  109 -3.638264e-01
  110 -3.490015e-01
  111 -3.350023e-01
  112 -3.218531e-01
  113 -3.095747e-01
  114 -2.981850e-01
  115 -2.876983e-01
  116 -2.781262e-01
  117 -2.694768e-01
  118 -2.617552e-01
  119 -2.549635e-01
  120 -2.491008e-01
  121 -2.441634e-01
  122 -2.401445e-01
  123 -2.370347e-01
  124 -2.348222e-01
  125 -2.334922e-01
  126 -2.330278e-01
  127 -2.334096e-01
  128 -2.346161e-01
  129 -2.366235e-01
  130 -2.394062e-01
  131 -1.993602e-01
  132 -2.102814e-01
  133 -1.990126e-01
  134 -2.006412e-01
  135 -1.956634e-01
  136 -1.940086e-01
  137 -1.901804e-01
  138 -1.868624e-01
  139 -1.824727e-01
  140 -1.777159e-01
  141 -1.721252e-01
  142 -1.658806e-01
  143 -1.588470e-01
  144 -1.510774e-01
  145 -1.425454e-01
  146 -1.332832e-01
  147 -1.233069e-01
  148 -1.126535e-01
  149 -1.013600e-01
  150 -8.947242e-02
  151 -7.703984e-02
  152 -6.411612e-02
  153 -5.075771e-02
  154 -3.702383e-02
  155 -2.297533e-02
  156 -8.674425e-03
  157 5.816024e-03
  158 2.043286e-02
  159 3.511310e-02
  160 4.979435e-02
  161 6.441510e-02
  162 7.891510e-02
  163 9.323561e-02
  164 1.073197e-01
  165 1.211125e-01
  166 1.345612e-01
  167 1.476156e-01
  168 1.602281e-01
  169 1.723536e-01
  170 1.839501e-01
  171 1.949784e-01
  172 2.054024e-01
  173 2.151891e-01
  174 2.243086e-01
  175 2.327343e-01
  176 2.404428e-01
  177 2.474138e-01
  178 2.536304e-01
  179 2.590789e-01
  180 2.637486e-01
  181 2.676321e-01
  182 2.707251e-01
  183 2.730262e-01
  184 2.745370e-01
  185 2.752622e-01
  186 2.752089e-01
  187 2.743872e-01
  188 2.728096e-01
  189 2.704912e-01
  190 2.674495e-01
  191 2.637042e-01
  192 2.592769e-01
  193 2.541917e-01
  194 2.484740e-01
  195 2.421513e-01
  196 2.352525e-01
  197 2.278082e-01
  198 2.198500e-01
  199 2.114108e-01
  200 2.025245e-01
  201 8.483623e-02
  202 1.084218e-01
  203 6.040314e-02
  204 5.051722e-02
  205 2.103173e-02
  206 2.438900e-03
  207 -2.124784e-02
  208 -4.151503e-02
  209 -6.275364e-02
  210 -8.255320e-02
  211 -1.020878e-01
  212 -1.206454e-01
  213 -1.385120e-01
  214 -1.554529e-01
  215 -1.715140e-01
  216 -1.866000e-01
  217 -2.006972e-01
  218 -2.137562e-01
  219 -2.257542e-01
  220 -2.366620e-01
  221 -2.856415e-01
  222 -2.699454e-01
  223 -2.857518e-01
  224 -2.798992e-01
  225 -2.808124e-01
  226 -2.740483e-01
  227 -2.676764e-01
  228 -2.578435e-01
  229 -2.469335e-01
  230 -2.340085e-01
  231 -2.198538e-01
  232 -2.043246e-01
  233 -1.877479e-01
  234 -1.701871e-01
  235 -1.518312e-01
  236 -1.327914e-01
  237 -1.132094e-01
  238 -9.320126e-02
  239 -7.288738e-02
  240 -5.237725e-02
  241 -3.177789e-02
  242 -1.118955e-02
  243 9.291808e-03
  244 2.957566e-02
  245 4.957625e-02
  246 6.921282e-02
  247 8.840947e-02
  248 1.070952e-01
  249 1.252037e-01
  250 1.426735e-01
  251 1.594481e-01
  252 1.754753e-01
  253 1.907081e-01
  254 2.051037e-01
  255 2.186241e-01
  256 2.312359e-01
  257 2.429100e-01
  258 2.536219e-01
  259 2.633513e-01
  260 2.720822e-01
  261 2.972334e-01
  262 3.012671e-01
  263 3.134299e-01
  264 3.196741e-01
  265 3.277915e-01
  266 3.338037e-01
  267 3.399057e-01
  268 3.450236e-01
  269 3.497924e-01
  270 3.539354e-01
  271 3.576468e-01
  272 3.608651e-01
  273 3.636571e-01
  274 3.660164e-01
  275 3.679711e-01
  276 3.695276e-01
  277 3.707008e-01
  278 3.714990e-01
  279 3.719323e-01
  280 3.720088e-01
  281 3.717367e-01
  282 3.711237e-01
  283 3.701775e-01
  284 3.689058e-01
  285 3.673167e-01
  286 3.654183e-01
  287 3.632191e-01
  288 3.607281e-01
  289 3.579548e-01
  290 3.549088e-01
  291 3.516007e-01
  292 3.480413e-01
  293 3.442418e-01
  294 3.402142e-01
  295 3.359707e-01
  296 3.315240e-01
  297 3.268874e-01
  298 3.220743e-01
  299 3.170986e-01
  300 3.119745e-01
  301 3.067165e-01
  302 3.013393e-01
  303 2.958576e-01
  304 2.902866e-01
  305 2.846411e-01
  306 2.789364e-01
  307 2.731875e-01
  308 2.674095e-01
  309 2.616172e-01
  310 2.558254e-01
  311 2.500487e-01
  312 2.443014e-01
  313 2.385975e-01
  314 2.329509e-01
  315 2.273747e-01
  316 2.218820e-01
  317 2.164853e-01
  318 2.111966e-01
  319 2.060276e-01
  320 2.009891e-01
  321 1.960917e-01
  322 1.913453e-01
  323 1.867591e-01
  324 1.823418e-01
  325 1.781016e-01
  326 1.740456e-01
  327 1.701807e-01
  328 1.665130e-01
  329 1.630477e-01
  330 1.597897e-01
  331 1.567428e-01
  332 1.539104e-01
  333 1.512953e-01
  334 1.488992e-01
  335 1.467235e-01
  336 1.447689e-01
  337 1.430353e-01
  338 1.415220e-01
  339 1.402278e-01
  340 1.391508e-01
  341 1.382884e-01
  342 1.376377e-01
  343 1.371950e-01
  344 1.369562e-01
  345 1.369167e-01
  346 1.370713e-01
  347 1.374144e-01
  348 1.379401e-01
  349 1.386419e-01
  350 1.395132e-01
  351 1.405466e-01
  352 1.417349e-01
  353 1.430703e-01
  354 1.445449e-01
  355 1.461503e-01
  356 1.478783e-01
  357 1.497203e-01
  358 1.516676e-01
  359 1.537113e-01
  360 1.558426e-01
  361 1.580526e-01
  362 1.603323e-01
  363 1.626729e-01
  364 1.650653e-01
  365 1.675007e-01
  366 1.699704e-01
  367 1.724659e-01
  368 1.749784e-01
  369 1.774998e-01
  370 1.800219e-01
  371 1.825366e-01
  372 1.850364e-01
  373 1.875136e-01
  374 1.899611e-01
  375 1.923719e-01
  376 1.947393e-01
  377 1.970570e-01
  378 1.993190e-01
  379 2.015195e-01
  380 2.036531e-01
  381 2.057148e-01
  382 2.076999e-01
  383 2.096042e-01
  384 2.114236e-01
  385 2.131546e-01
  386 2.147939e-01
  387 2.163388e-01
  388 2.177867e-01
  389 2.191355e-01
  390 2.203835e-01
  391 1.779528e-01
  392 1.856674e-01
  393 1.704005e-01
  394 1.672712e-01
  395 1.568093e-01
  396 1.489791e-01
  397 1.383210e-01
  398 1.275560e-01
  399 1.151410e-01
  400 1.018201e-01
  401 1.305228e-01
  402 1.014540e-01
  403 9.968565e-02
  404 8.143251e-02
  405 6.981766e-02
  406 5.273340e-02
  407 3.664708e-02
  408 1.824704e-02
  409 -6.174276e-04
  410 -2.080882e-02
  411 -4.175382e-02
  412 -6.362953e-02
  413 -8.621239e-02
  414 -1.094855e-01
  415 -1.333196e-01
  416 -1.576420e-01
  417 -1.823482e-01
  418 -2.073495e-01
  419 -2.325487e-01
  420 -2.578535e-01
  421 -2.831701e-01
  422 -3.084074e-01
  423 -3.334752e-01
  424 -3.582861e-01
  425 -3.827544e-01
  426 -4.067978e-01
  427 -4.303367e-01
  428 -4.532947e-01
  429 -4.755992e-01
  430 -4.971812e-01
  431 -5.179757e-01
  432 -5.379217e-01
  433 -5.569624e-01
  434 -5.750457e-01
  435 -5.921234e-01
  436 -6.081524e-01
  437 -6.230938e-01
  438 -6.369134e-01
  439 -6.495819e-01
  440 -6.610743e-01
  441 -6.478624e-01
  442 -6.715693e-01
  443 -6.744713e-01
  444 -6.884551e-01
  445 -6.964636e-01
  446 -7.071667e-01
  447 -7.157343e-01
  448 -7.244961e-01
  449 -7.320460e-01
  450 -7.389770e-01
  451 -7.448543e-01
  452 -7.498065e-01
  453 -7.536843e-01
  454 -7.565019e-01
  455 -7.582023e-01
  456 -7.587798e-01
  457 -7.582143e-01
  458 -7.565047e-01
  459 -7.536509e-01
  460 -7.496618e-01
  461 -7.445510e-01
  462 -7.383382e-01
  463 -7.310477e-01
  464 -7.227087e-01
  465 -7.133546e-01
  466 -7.030228e-01
  467 -6.917543e-01
  468 -6.795935e-01
  469 -6.665875e-01
  470 -6.527863e-01
  471 -6.382420e-01
  472 -6.230090e-01
  473 -6.071432e-01
  474 -5.907020e-01
  475 -5.737442e-01
  476 -5.563293e-01
  477 -5.385174e-01
  478 -5.203692e-01
  479 -5.019454e-01
  480 -4.833066e-01
  481 -4.645134e-01
  482 -4.456254e-01
  483 -4.267017e-01
  484 -4.078006e-01
  485 -3.889790e-01
  486 -3.702926e-01
  487 -3.517958e-01
  488 -3.335410e-01
  489 -3.155792e-01
  490 -2.979593e-01
  491 -2.807280e-01
  492 -2.639301e-01
  493 -2.476079e-01
  494 -2.318017e-01
  495 -2.165488e-01
  496 -2.018845e-01
  497 -1.878411e-01
  498 -1.744485e-01
  499 -1.617339e-01
  500 -1.497217e-01
  501 -1.384336e-01
  502 -1.278886e-01
  503 -1.181027e-01
  504 -1.090896e-01
  505 -1.008598e-01
  506 -9.342135e-02
  507 -8.677966e-02
  508 -8.093738e-02
  509 -7.589463e-02
  510 -7.164900e-02
  511 -6.819561e-02
  512 -6.552721e-02
  513 -6.363420e-02
  514 -6.250478e-02
  515 -6.212499e-02
  516 -6.247882e-02
  517 -6.354829e-02
  518 -6.531360e-02
  519 -6.775318e-02
  520 -7.084383e-02
  521 -7.456081e-02
  522 -7.887798e-02
  523 -8.376791e-02
  524 -8.920197e-02
  525 -9.515049e-02
  526 -1.015828e-01
  527 -1.084676e-01
  528 -1.157726e-01
  529 -1.234651e-01
  530 -1.315119e-01
  531 -1.398796e-01
  532 -1.485342e-01
  533 -1.574420e-01
  534 -1.665689e-01
  535 -1.758813e-01
  536 -1.853455e-01
  537 -1.949283e-01
  538 -2.045967e-01
  539 -2.143184e-01
  540 -2.240615e-01
  541 -2.337951e-01
  542 -2.434887e-01
  543 -2.531129e-01
  544 -2.626391e-01
  545 -2.720397e-01
  546 -2.812882e-01
  547 -2.903591e-01
  548 -2.992283e-01
  549 -3.078726e-01
  550 -3.162704e-01
  551 -3.244011e-01
  552 -3.322456e-01
  553 -3.397862e-01
  554 -3.470064e-01
  555 -3.538913e-01
  556 -3.604274e-01
  557 -3.666026e-01
  558 -3.724062e-01
  559 -3.778289e-01
  560 -3.828629e-01
  561 -3.875019e-01
  562 -3.917410e-01
  563 -3.955764e-01
  564 -3.990061e-01
  565 -4.020292e-01
  566 -4.046460e-01
  567 -4.068584e-01
  568 -4.086694e-01
  569 -4.100831e-01
  570 -4.111048e-01
  571 -4.117411e-01
  572 -4.119995e-01
  573 -4.118886e-01
  574 -4.114178e-01
  575 -4.105976e-01
  576 -4.094394e-01
  577 -4.079553e-01
  578 -4.061581e-01
  579 -4.040613e-01
  580 -4.016791e-01
  581 -3.990263e-01
  582 -3.961181e-01
  583 -3.929702e-01
  584 -3.895987e-01
  585 -3.860199e-01
  586 -3.822505e-01
  587 -3.783073e-01
  588 -3.742074e-01
  589 -3.699679e-01
  590 -3.656058e-01
  591 -3.611382e-01
  592 -3.565821e-01
  593 -3.519545e-01
  594 -3.472720e-01
  595 -3.425511e-01
  596 -3.378079e-01
  597 -3.330582e-01
  598 -3.283177e-01
  599 -3.236013e-01
  600 -3.189236e-01
  601 -2.384261e-01
  602 -2.571505e-01
  603 -2.260700e-01
  604 -2.219873e-01
  605 -2.044759e-01
  606 -1.948657e-01
  607 -1.819506e-01
  608 -1.716741e-01
  609 -1.609460e-01
  610 -1.514366e-01
  611 -1.423066e-01
  612 -1.340367e-01
  613 -1.264087e-01
  614 -1.195688e-01
  615 -1.134665e-01
  616 -1.081501e-01
  617 -1.036110e-01
  618 -9.986541e-02
  619 -9.691122e-02
  620 -9.475087e-02
  621 -9.337938e-02
  622 -9.279073e-02
  623 -9.297467e-02
  624 -9.391860e-02
  625 -9.560674e-02
  626 -9.802080e-02
  627 -1.011399e-01
  628 -1.049408e-01
  629 -1.093980e-01
  630 -1.144841e-01
  631 -1.201696e-01
  632 -1.264237e-01
  633 -1.332136e-01
  634 -1.405055e-01
  635 -1.482644e-01
  636 -1.564541e-01
  637 -1.650377e-01
  638 -1.739777e-01
  639 -1.832359e-01
  640 -1.927740e-01
  641 -2.025532e-01
  642 -2.125350e-01
  643 -2.226808e-01
  644 -2.329522e-01
  645 -2.433113e-01
  646 -2.537206e-01
  647 -2.641434e-01
  648 -2.745435e-01
  649 -2.848858e-01
  650 -2.951359e-01
  651 -3.052608e-01
  652 -3.152284e-01
  653 -3.250079e-01
  654 -3.345698e-01
  655 -3.438861e-01
  656 -3.529301e-01
  657 -3.616766e-01
  658 -3.701022e-01
  659 -3.781848e-01
  660 -3.859042e-01
  661 -3.540618e-01
  662 -3.853717e-01
  663 -3.836309e-01
  664 -4.019818e-01
  665 -4.119872e-01
  666 -4.280840e-01
  667 -4.422028e-01
  668 -4.582024e-01
  669 -4.737110e-01
  670 -4.896832e-01
  671 -5.053563e-01
  672 -5.209026e-01
  673 -5.360272e-01
  674 -5.507037e-01
  675 -5.647838e-01
  676 -5.782016e-01
  677 -5.908640e-01
  678 -6.027071e-01
  679 -6.136658e-01
  680 -6.236888e-01
  681 -6.327298e-01
  682 -6.407516e-01
  683 -6.477233e-01
  684 -6.536211e-01
  685 -6.584274e-01
  686 -6.621310e-01
  687 -6.647260e-01
  688 -6.662125e-01
  689 -6.665954e-01
  690 -6.658846e-01
  691 -6.640948e-01
  692 -6.612449e-01
  693 -6.573579e-01
  694 -6.524605e-01
  695 -6.465832e-01
  696 -6.397595e-01
  697 -6.320263e-01
  698 -6.234228e-01
  699 -6.139913e-01
  700 -6.037758e-01
  701 -5.928226e-01
  702 -5.811800e-01
  703 -5.688974e-01
  704 -5.560258e-01
  705 -5.426173e-01
  706 -5.287248e-01
  707 -5.144017e-01
  708 -4.997020e-01
  709 -4.846800e-01
  710 -4.693897e-01
  711 -4.538853e-01
  712 -4.382202e-01
  713 -4.224477e-01
  714 -4.066201e-01
  715 -3.907888e-01
  716 -3.750043e-01
  717 -3.593157e-01
  718 -3.437710e-01
  719 -3.284165e-01
  720 -3.132970e-01
  721 -2.984555e-01
  722 -2.839334e-01
  723 -2.697698e-01
  724 -2.560022e-01
  725 -2.426656e-01
  726 -2.297932e-01
  727 -2.174158e-01
  728 -2.055618e-01
  729 -1.942575e-01
  730 -1.835268e-01
  731 -1.733911e-01
  732 -1.638695e-01
  733 -1.549787e-01
  734 -1.467330e-01
  735 -1.391442e-01
  736 -1.322218e-01
  737 -1.259729e-01
  738 -1.204024e-01
  739 -1.155127e-01
  740 -1.113041e-01
  741 -1.077747e-01
  742 -1.049204e-01
  743 -1.027350e-01
  744 -1.012104e-01
  745 -1.003366e-01
  746 -1.001014e-01
  747 -1.004913e-01
  748 -1.014908e-01
  749 -1.030828e-01
  750 -1.052488e-01
  751 -1.079690e-01
  752 -1.112219e-01
  753 -1.149852e-01
  754 -1.192353e-01
  755 -1.239475e-01
  756 -1.290962e-01
  757 -1.346553e-01
  758 -1.405976e-01
  759 -1.468954e-01
  760 -1.535208e-01
  761 -1.604451e-01
  762 -1.676396e-01
  763 -1.750751e-01
  764 -1.827227e-01
  765 -1.905532e-01
  766 -1.985376e-01
  767 -2.066471e-01
  768 -2.148531e-01
  769 -2.231274e-01
  770 -2.314423e-01
  771 -2.397706e-01
  772 -2.480856e-01
  773 -2.563614e-01
  774 -2.645728e-01
  775 -2.726952e-01
  776 -2.807052e-01
  777 -2.885802e-01
  778 -2.962983e-01
  779 -3.038389e-01
  780 -3.111825e-01
  781 -3.183104e-01
  782 -3.252054e-01
  783 -3.318511e-01
  784 -3.382324e-01
  785 -3.443356e-01
  786 -3.501479e-01
  787 -3.556580e-01
  788 -3.608556e-01
  789 -3.657319e-01
  790 -3.702790e-01
  791 -3.744907e-01
  792 -3.783614e-01
  793 -3.818874e-01
  794 -3.850657e-01
  795 -3.878946e-01
  796 -3.903737e-01
  797 -3.925036e-01
  798 -3.942859e-01
  799 -3.957236e-01
  800 -3.968203e-01
