    1     0
    2     0
    3     0
    4     0
    5     0
    6     0
    7     0
    8     0
    9     0
   10     0
   11     0
   12     0
   13     0
   14     0
   15     0
   16     0
   17     0
   18     0
   19     0
   20     0
   21     0
   22     0
   23     0
   24     0
   25     0
   26     0
   27     0
   28     0
   29     0
   30     0
   31     0
   32     0
   33     0
   34     0
   35     0
   36     0
   37 6.394043e-01
   38 7.481418e-03
   39 9.364616e-02
   40 7.753629e-01
   41 -5.349122e-02
   42 9.059036e-02
   43 8.497406e-01
   44 -1.076424e-01
   45 1.466106e-01
   46 8.731294e-01
   47 -1.702596e-01
   48 1.828118e-01
   49 8.965911e-01
   50 -2.292974e-01
   51 2.210331e-01
   52 9.128740e-01
   53 -2.858695e-01
   54 2.508070e-01
   55 9.263391e-01
   56 -3.373709e-01
   57 2.759904e-01
   58 9.355556e-01
   59 -3.834070e-01
   60 2.956271e-01
   61 9.415375e-01
   62 -4.233642e-01
   63 3.107763e-01
   64 9.446015e-01
   65 -4.572104e-01
   66 3.218051e-01
   67 9.453883e-01
   68 -4.850823e-01
   69 3.293688e-01
   70 9.443816e-01
   71 -5.073420e-01
   72 3.340062e-01
   73 9.420537e-01
   74 -5.244687e-01
   75 3.362668e-01
   76 9.387986e-01
   77 -5.370257e-01
   78 3.366429e-01
   79 9.349552e-01
   80 -5.456124e-01
   81 3.355815e-01
   82 9.308006e-01
   83 -5.508349e-01
   84 3.334727e-01
   85 9.265576e-01
   86 -5.532799e-01
   87 3.306506e-01
   88 9.223985e-01
   89 -5.534979e-01
   90 3.273943e-01
   91 9.184515e-01
   92 -5.519908e-01
   93 3.239308e-01
   94 9.148061e-01
   95 -5.492049e-01
   96 3.204391e-01
   97 9.115195e-01
   98 -5.455277e-01
   99 3.170556e-01
  100 9.086222e-01
  101 -5.412875e-01
  102 3.138795e-01
  103 9.061233e-01
  104 -5.367556e-01
  105 3.109777e-01
  106 9.040154e-01
  107 -5.321499e-01
  108 3.083907e-01
  109 9.022788e-01
  110 -5.276397e-01
  111 3.061376e-01
  112 9.008853e-01
  113 -5.233513e-01
  114 3.042202e-01
  115 8.998010e-01
  116 -5.193734e-01
  117 3.026275e-01
  118 8.989893e-01
  119 -5.157632e-01
  120 3.013394e-01
  121 8.984126e-01
  122 -5.125518e-01
  123 3.003291e-01
  124 8.980342e-01
  125 -5.097489e-01
  126 2.995663e-01
  127 8.978190e-01
  128 -5.073483e-01
  129 2.990190e-01
  130 8.977347e-01
  131 -5.053313e-01
  132 2.986550e-01
  133 8.977521e-01
  134 -5.036707e-01
  135 2.984431e-01
  136 8.978456e-01
  137 -5.023335e-01
  138 2.983543e-01
  139 8.979931e-01
  140 -5.012837e-01
  141 2.983622e-01
  142 8.981759e-01
  143 -5.004843e-01
  144 2.984429e-01
  145 8.983787e-01
  146 -4.998988e-01
  147 2.985761e-01
  148 8.985893e-01
  149 -4.994920e-01
  150 2.987442e-01
  151 8.987981e-01
  152 -4.992316e-01
  153 2.989327e-01
  154 8.989979e-01
  155 -4.990880e-01
  156 2.991300e-01
  157 8.991839e-01
  158 -4.990351e-01
  159 2.993269e-01
  160 8.993526e-01
  161 -4.990502e-01
  162 2.995163e-01
  163 8.995022e-01
  164 -4.991138e-01
  165 2.996934e-01
  166 8.996321e-01
  167 -4.992098e-01
  168 2.998547e-01
  169 8.997425e-01
  170 -4.993251e-01
  171 2.999983e-01
  172 8.998341e-01
  173 -4.994492e-01
  174 3.001233e-01
  175 8.999085e-01
  176 -4.995742e-01
  177 3.002297e-01
  178 8.999671e-01
  179 -4.996940e-01
  180 3.003183e-01
  181 9.000118e-01
  182 -4.998046e-01
  183 3.003901e-01
  184 9.000445e-01
  185 -4.999033e-01
  186 3.004466e-01
  187 9.000670e-01
  188 -4.999886e-01
  189 3.004895e-01
  190 9.000810e-01
  191 -5.000600e-01
  192 3.005205e-01
  193 9.000882e-01
  194 -5.001176e-01
  195 3.005412e-01
  196 9.000901e-01
  197 -5.001623e-01
  198 3.005534e-01
  199 9.000879e-01
  200 -5.001950e-01
  201 3.005586e-01
  202 9.000828e-01
  203 -5.002171e-01
  204 3.005583e-01
  205 9.000757e-01
  206 -5.002300e-01
  207 3.005536e-01
  208 9.000675e-01
  209 -5.002351e-01
  210 3.005458e-01
  211 9.000586e-01
  212 -5.002339e-01
  213 3.005356e-01
  214 9.000497e-01
  215 -5.002277e-01
  216 3.005240e-01
  217 9.000411e-01
  218 -5.002177e-01
  219 3.005115e-01
  220 9.000330e-01
  221 -5.002049e-01
  222 3.004986e-01
  223 9.000257e-01
  224 -5.001904e-01
  225 3.004858e-01
  226 9.000192e-01
  227 -5.001749e-01
  228 3.004733e-01
  229 9.000136e-01
  230 -5.001590e-01
  231 3.004614e-01
  232 9.000089e-01
  233 -5.001433e-01
  234 3.004501e-01
  235 9.000050e-01
  236 -5.001281e-01
  237 3.004395e-01
  238 9.000020e-01
  239 -5.001138e-01
  240 3.004297e-01
  241 8.999996e-01
  242 -5.001006e-01
  243 3.004207e-01
  244 8.999978e-01
  245 -5.000885e-01
  246 3.004123e-01
  247 8.999966e-01
  248 -5.000776e-01
  249 3.004046e-01
  250 8.999959e-01
  251 -5.000680e-01
  252 3.003974e-01
  253 8.999955e-01
  254 -5.000595e-01
  255 3.003908e-01
  256 8.999954e-01
  257 -5.000522e-01
  258 3.003846e-01
  259 8.999956e-01
  260 -5.000459e-01
  261 3.003787e-01
  262 8.999959e-01
  263 -5.000406e-01
  264 3.003732e-01
  265 8.999963e-01
  266 -5.000361e-01
  267 3.003679e-01
  268 8.999968e-01
  269 -5.000323e-01
  270 3.003628e-01
  271 8.999973e-01
  272 -5.000292e-01
  273 3.003578e-01
  274 8.999979e-01
  275 -5.000267e-01
  276 3.003529e-01
  277 8.999984e-01
  278 -5.000246e-01
  279 3.003481e-01
  280 8.999989e-01
  281 -5.000229e-01
  282 3.003434e-01
  283 8.999993e-01
  284 -5.000214e-01
  285 3.003386e-01
  286 8.999997e-01
  287 -5.000203e-01
  288 3.003339e-01
  289 9.000001e-01
  290 -5.000193e-01
  291 3.003292e-01
  292 9.000004e-01
  293 -5.000184e-01
  294 3.003244e-01
  295 9.000006e-01
  296 -5.000177e-01
  297 3.003197e-01
  298 9.000008e-01
  299 -5.000170e-01
  300 3.003150e-01
  301 9.000010e-01
  302 -5.000164e-01
  303 3.003102e-01
  304 9.000011e-01
  305 -5.000159e-01
  306 3.003055e-01
  307 9.000011e-01
  308 -5.000153e-01
  309 3.003007e-01
  310 9.000012e-01
  311 -5.000148e-01
  312 3.002960e-01
  313 9.000012e-01
  314 -5.000143e-01
  315 3.002913e-01
  316 9.000012e-01
  317 -5.000137e-01
  318 3.002866e-01
  319 9.000012e-01
  320 -5.000132e-01
  321 3.002819e-01
  322 9.000012e-01
  323 -5.000127e-01
  324 3.002773e-01
  325 9.000011e-01
  326 -5.000122e-01
  327 3.002727e-01
  328 9.000011e-01
  329 -5.000117e-01
  330 3.002682e-01
  331 9.000010e-01
  332 -5.000112e-01
  333 3.002637e-01
  334 9.000010e-01
  335 -5.000107e-01
  336 3.002592e-01
  337 9.000009e-01
  338 -5.000102e-01
  339 3.002548e-01
  340 9.000009e-01
  341 -5.000098e-01
  342 3.002505e-01
  343 9.000008e-01
  344 -5.000093e-01
  345 3.002462e-01
  346 9.000008e-01
  347 -5.000089e-01
  348 3.002419e-01
  349 9.000007e-01
  350 -5.000084e-01
  351 3.002377e-01
  352 9.000007e-01
  353 -5.000080e-01
  354 3.002336e-01
  355 9.000007e-01
  356 -5.000077e-01
  357 3.002296e-01
  358 9.000006e-01
  359 -5.000073e-01
  360 3.002255e-01
  361 9.000006e-01
  362 -5.000069e-01
  363 3.002216e-01
  364 9.000006e-01
  365 -5.000066e-01
  366 3.002177e-01
  367 9.000006e-01
  368 -5.000063e-01
  369 3.002139e-01
  370 9.000005e-01
  371 -5.000060e-01
  372 3.002101e-01
  373 9.000005e-01
  374 -5.000057e-01
  375 3.002064e-01
  376 9.000005e-01
  377 -5.000055e-01
  378 3.002027e-01
  379 9.000005e-01
  380 -5.000052e-01
  381 3.001991e-01
  382 9.000005e-01
  383 -5.000050e-01
  384 3.001956e-01
  385 9.000004e-01
  386 -5.000048e-01
  387 3.001921e-01
  388 9.000004e-01
  389 -5.000046e-01
  390 3.001887e-01
  391 1.437614e+00
  392 -3.320039e-01
  393 5.945446e-01
  394 1.053260e+00
  395 -3.509331e-01
  396 3.961698e-01
  397 9.985472e-01
  398 -2.872889e-01
  399 4.281529e-01
  400 9.177934e-01
  401 -2.477563e-01
  402 3.766428e-01
  403 9.022675e-01
  404 -1.982451e-01
  405 3.587446e-01
  406 8.842231e-01
  407 -1.555620e-01
  408 3.325131e-01
  409 8.761731e-01
  410 -1.154042e-01
  411 3.150166e-01
  412 8.693034e-01
  413 -8.047704e-02
  414 2.998158e-01
  415 8.656891e-01
  416 -5.024121e-02
  417 2.888949e-01
  418 8.638865e-01
  419 -2.499172e-02
  420 2.808808e-01
  421 8.638733e-01
  422 -4.420142e-03
  423 2.756388e-01
  424 8.651138e-01
  425 1.175959e-02
  426 2.725782e-01
  427 8.673125e-01
  428 2.398196e-02
  429 2.713181e-01
  430 8.701444e-01
  431 3.270969e-02
  432 2.714482e-01
  433 8.733626e-01
  434 3.843425e-02
  435 2.726278e-01
  436 8.767563e-01
  437 4.164023e-02
  438 2.745527e-01
  439 8.801621e-01
  440 4.279209e-02
  441 2.769685e-01
  442 8.834546e-01
  443 4.231995e-02
  444 2.796637e-01
  445 8.865428e-01
  446 4.061214e-02
  447 2.824688e-01
  448 8.893651e-01
  449 3.801045e-02
  450 2.852517e-01
  451 8.918843e-01
  452 3.480862e-02
  453 2.879135e-01
  454 8.940834e-01
  455 3.125291e-02
  456 2.903843e-01
  457 8.959609e-01
  458 2.754440e-02
  459 2.926184e-01
  460 8.975272e-01
  461 2.384237e-02
  462 2.945900e-01
  463 8.988017e-01
  464 2.026847e-02
  465 2.962897e-01
  466 8.998096e-01
  467 1.691130e-02
  468 2.977204e-01
  469 9.005793e-01
  470 1.383102e-02
  471 2.988943e-01
  472 9.011413e-01
  473 1.106404e-02
  474 2.998301e-01
  475 9.015260e-01
  476 8.627308e-03
  477 3.005509e-01
  478 9.017627e-01
  479 6.522402e-03
  480 3.010821e-01
  481 9.018792e-01
  482 4.739103e-03
  483 3.014498e-01
  484 9.019006e-01
  485 3.258595e-03
  486 3.016800e-01
  487 9.018493e-01
  488 2.056185e-03
  489 3.017972e-01
  490 9.017451e-01
  491 1.103580e-03
  492 3.018244e-01
  493 9.016046e-01
  494 3.707557e-04
  495 3.017819e-01
  496 9.014418e-01
  497 -1.725771e-04
  498 3.016881e-01
  499 9.012679e-01
  500 -5.558392e-04
  501 3.015584e-01
  502 9.010921e-01
  503 -8.067603e-04
  504 3.014060e-01
  505 9.009210e-01
  506 -9.508144e-04
  507 3.012418e-01
  508 9.007597e-01
  509 -1.010873e-03
  510 3.010741e-01
  511 9.006115e-01
  512 -1.007036e-03
  513 3.009099e-01
  514 9.004786e-01
  515 -9.565993e-04
  516 3.007538e-01
  517 9.003619e-01
  518 -8.741379e-04
  519 3.006094e-01
  520 9.002616e-01
  521 -7.716576e-04
  522 3.004789e-01
  523 9.001773e-01
  524 -6.588065e-04
  525 3.003633e-01
  526 9.001080e-01
  527 -5.431180e-04
  528 3.002631e-01
  529 9.000525e-01
  530 -4.302689e-04
  531 3.001780e-01
  532 9.000094e-01
  533 -3.243416e-04
  534 3.001071e-01
  535 8.999770e-01
  536 -2.280783e-04
  537 3.000495e-01
  538 8.999540e-01
  539 -1.431202e-04
  540 3.000038e-01
  541 8.999387e-01
  542 -7.022800e-05
  543 2.999687e-01
  544 8.999298e-01
  545 -9.478455e-06
  546 2.999428e-01
  547 8.999259e-01
  548 3.956287e-05
  549 2.999245e-01
  550 8.999260e-01
  551 7.769357e-05
  552 2.999127e-01
  553 8.999290e-01
  554 1.059503e-04
  555 2.999060e-01
  556 8.999340e-01
  557 1.255070e-04
  558 2.999034e-01
  559 8.999404e-01
  560 1.375941e-04
  561 2.999040e-01
  562 8.999475e-01
  563 1.434357e-04
  564 2.999067e-01
  565 8.999549e-01
  566 1.442030e-04
  567 2.999111e-01
  568 8.999622e-01
  569 1.409821e-04
  570 2.999164e-01
  571 8.999692e-01
  572 1.347523e-04
  573 2.999222e-01
  574 8.999756e-01
  575 1.263750e-04
  576 2.999281e-01
  577 8.999813e-01
  578 1.165888e-04
  579 2.999339e-01
  580 8.999864e-01
  581 1.060121e-04
  582 2.999393e-01
  583 8.999907e-01
  584 9.514784e-05
  585 2.999443e-01
  586 8.999943e-01
  587 8.439320e-05
  588 2.999487e-01
  589 8.999973e-01
  590 7.404976e-05
  591 2.999525e-01
  592 8.999996e-01
  593 6.433541e-05
  594 2.999557e-01
  595 9.000013e-01
  596 5.539627e-05
  597 2.999583e-01
  598 9.000026e-01
  599 4.731850e-05
  600 2.999604e-01
  601 -3.910974e-01
  602 -1.142673e-01
  603 2.287957e-01
  604 -2.255561e-01
  605 -6.703696e-02
  606 3.628234e-01
  607 -1.663481e-01
  608 -7.080675e-02
  609 3.117527e-01
  610 -1.013934e-01
  611 -5.806099e-02
  612 3.180234e-01
  613 -9.596838e-02
  614 -5.336428e-02
  615 3.059038e-01
  616 -9.335157e-02
  617 -4.599900e-02
  618 3.038645e-01
  619 -9.686402e-02
  620 -3.966243e-02
  621 2.995779e-01
  622 -9.897690e-02
  623 -3.308375e-02
  624 2.970037e-01
  625 -1.010570e-01
  626 -2.698421e-02
  627 2.944291e-01
  628 -1.024392e-01
  629 -2.129551e-02
  630 2.924560e-01
  631 -1.034776e-01
  632 -1.618499e-02
  633 2.908327e-01
  634 -1.041452e-01
  635 -1.167118e-02
  636 2.896198e-01
  637 -1.045396e-01
  638 -7.780511e-03
  639 2.887462e-01
  640 -1.046984e-01
  641 -4.498539e-03
  642 2.881820e-01
  643 -1.046744e-01
  644 -1.797745e-03
  645 2.878780e-01
  646 -1.045082e-01
  647 3.650406e-04
  648 2.877921e-01
  649 -1.042385e-01
  650 2.040882e-03
  651 2.878817e-01
  652 -1.038976e-01
  653 3.286022e-03
  654 2.881085e-01
  655 -1.035133e-01
  656 4.158309e-03
  657 2.884376e-01
  658 -1.031084e-01
  659 4.714904e-03
  660 2.888386e-01
  661 -1.277469e-01
  662 -1.159983e-01
  663 -2.506407e-01
  664 3.833051e-02
  665 -5.359812e-02
  666 -1.154971e-01
  667 -8.288180e-02
  668 -6.385233e-02
  669 -1.850895e-01
  670 -8.436038e-02
  671 -4.470642e-02
  672 -1.685143e-01
  673 -1.054130e-01
  674 -3.617094e-02
  675 -1.837580e-01
  676 -1.061270e-01
  677 -2.442527e-02
  678 -1.861790e-01
  679 -1.096448e-01
  680 -1.541152e-02
  681 -1.921665e-01
  682 -1.101838e-01
  683 -7.164859e-03
  684 -1.953366e-01
  685 -1.108397e-01
  686 -5.092492e-04
  687 -1.981935e-01
  688 -1.107304e-01
  689 4.902690e-03
  690 -1.999632e-01
  691 -1.103518e-01
  692 9.044166e-03
  693 -2.011340e-01
  694 -1.096543e-01
  695 1.207572e-02
  696 -2.017088e-01
  697 -1.087833e-01
  698 1.411462e-02
  699 -2.018590e-01
  700 -1.077941e-01
  701 1.530832e-02
  702 -2.016737e-01
  703 -1.067575e-01
  704 1.579553e-02
  705 -2.012537e-01
  706 -1.057203e-01
  707 1.571261e-02
  708 -2.006756e-01
  709 -1.047212e-01
  710 1.518496e-02
  711 -2.000058e-01
  712 -1.037873e-01
  713 1.432626e-02
  714 -1.992968e-01
  715 -1.029370e-01
  716 1.323625e-02
  717 -1.985896e-01
  718 -1.021812e-01
  719 1.200046e-02
  720 -1.979151e-01
  721 -1.015247e-01
  722 1.069027e-02
  723 -1.972949e-01
  724 -1.009674e-01
  725 9.363558e-03
  726 -1.967433e-01
  727 -1.005059e-01
  728 8.065710e-03
  729 -1.962684e-01
  730 -1.001338e-01
  731 6.830890e-03
  732 -1.958732e-01
  733 -9.984333e-02
  734 5.683399e-03
  735 -1.955570e-01
  736 -9.962533e-02
  737 4.639099e-03
  738 -1.953161e-01
  739 -9.947036e-02
  740 3.706800e-03
  741 -1.951448e-01
  742 -9.936896e-02
  743 2.889591e-03
  744 -1.950361e-01
  745 -9.931199e-02
  746 2.186054e-03
  747 -1.949822e-01
  748 -9.929092e-02
  749 1.591367e-03
  750 -1.949753e-01
  751 -9.929797e-02
  752 1.098256e-03
  753 -1.950074e-01
  754 -9.932624e-02
  755 6.978253e-04
  756 -1.950711e-01
  757 -9.936970e-02
  758 3.802348e-04
  759 -1.951594e-01
  760 -9.942326e-02
  761 1.352619e-04
  762 -1.952662e-01
  763 -9.948267e-02
  764 -4.726110e-05
  765 -1.953859e-01
  766 -9.954451e-02
  767 -1.771141e-04
  768 -1.955139e-01
  769 -9.960608e-02
  770 -2.634491e-04
  771 -1.956463e-01
  772 -9.966535e-02
  773 -3.146286e-04
  774 -1.957798e-01
  775 -9.972087e-02
  776 -3.381311e-04
  777 -1.959120e-01
  778 -9.977165e-02
  779 -3.405091e-04
  780 -1.960408e-01
  781 1.152285e-01
  782 6.687281e-02
  783 -7.842128e-02
  784 -3.855313e-02
  785 5.932493e-02
  786 -1.578883e-01
  787 -6.047265e-02
  788 8.481328e-02
  789 -1.452060e-01
  790 -9.280320e-02
  791 1.006607e-01
  792 -1.659145e-01
  793 -9.903756e-02
  794 1.205009e-01
  795 -1.731718e-01
  796 -1.062747e-01
  797 1.376092e-01
  798 -1.837561e-01
  799 -1.095100e-01
  800 1.537056e-01
