    1     0
    2     0
    3     0
    4     0
    5     0
    6     0
    7     0
    8     0
    9     0
   10     0
   11     0
   12     0
   13 9.364616e-02
   14 9.059036e-02
   15 1.466106e-01
   16 1.828118e-01
   17 2.210331e-01
   18 2.508070e-01
   19 2.759904e-01
   20 2.956271e-01
   21 3.107763e-01
   22 3.218051e-01
   23 3.293688e-01
   24 3.340062e-01
   25 3.362668e-01
   26 3.366429e-01
   27 3.355815e-01
   28 3.334727e-01
   29 3.306506e-01
   30 3.273943e-01
   31 3.239308e-01
   32 3.204391e-01
   33 3.170556e-01
   34 3.138795e-01
   35 3.109777e-01
   36 3.083907e-01
   37 3.061376e-01
   38 3.042202e-01
   39 3.026275e-01
   40 3.013394e-01
   41 3.003291e-01
   42 2.995663e-01
   43 2.990190e-01
   44 2.986550e-01
   45 2.984431e-01
   46 2.983543e-01
   47 2.983622e-01
   48 2.984429e-01
   49 2.985761e-01
   50 2.987442e-01
   51 2.989327e-01
   52 2.991300e-01
   53 2.993269e-01
   54 2.995163e-01
   55 2.996934e-01
   56 2.998547e-01
   57 2.999983e-01
   58 3.001233e-01
   59 3.002297e-01
   60 3.003183e-01
   61 3.003901e-01
   62 3.004466e-01
   63 3.004895e-01
   64 3.005205e-01
   65 3.005412e-01
   66 3.005534e-01
   67 3.005586e-01
   68 3.005583e-01
   69 3.005536e-01
   70 3.005458e-01
   71 3.005356e-01
   72 3.005240e-01
   73 3.005115e-01
   74 3.004986e-01
   75 3.004858e-01
   76 3.004733e-01
   77 3.004614e-01
   78 3.004501e-01
   79 3.004395e-01
   80 3.004297e-01
   81 3.004207e-01
   82 3.004123e-01
   83 3.004046e-01
   84 3.003974e-01
   85 3.003908e-01
   86 3.003846e-01
   87 3.003787e-01
   88 3.003732e-01
   89 3.003679e-01
   90 3.003628e-01
   91 3.003578e-01
   92 3.003529e-01
   93 3.003481e-01
   94 3.003434e-01
   95 3.003386e-01
   96 3.003339e-01
   97 3.003292e-01
   98 3.003244e-01
   99 3.003197e-01
  100 3.003150e-01
  101 3.003102e-01
  102 3.003055e-01
  103 3.003007e-01
  104 3.002960e-01
  105 3.002913e-01
  106 3.002866e-01
  107 3.002819e-01
  108 3.002773e-01
  109 3.002727e-01
  110 3.002682e-01
  111 3.002637e-01
  112 3.002592e-01
  113 3.002548e-01
  114 3.002505e-01
  115 3.002462e-01
  116 3.002419e-01
  117 3.002377e-01
  118 3.002336e-01
  119 3.002296e-01
  120 3.002255e-01
  121 3.002216e-01
  122 3.002177e-01
  123 3.002139e-01
  124 3.002101e-01
  125 3.002064e-01
  126 3.002027e-01
  127 3.001991e-01
  128 3.001956e-01
  129 3.001921e-01
  130 3.001887e-01
  131 5.945446e-01
  132 3.961698e-01
  133 4.281529e-01
  134 3.766428e-01
  135 3.587446e-01
  136 3.325131e-01
  137 3.150166e-01
  138 2.998158e-01
  139 2.888949e-01
  140 2.808808e-01
  141 2.756388e-01
  142 2.725782e-01
  143 2.713181e-01
  144 2.714482e-01
  145 2.726278e-01
  146 2.745527e-01
  147 2.769685e-01
  148 2.796637e-01
  149 2.824688e-01
  150 2.852517e-01
  151 2.879135e-01
  152 2.903843e-01
  153 2.926184e-01
  154 2.945900e-01
  155 2.962897e-01
  156 2.977204e-01
  157 2.988943e-01
  158 2.998301e-01
  159 3.005509e-01
  160 3.010821e-01
  161 3.014498e-01
  162 3.016800e-01
  163 3.017972e-01
  164 3.018244e-01
  165 3.017819e-01
  166 3.016881e-01
  167 3.015584e-01
  168 3.014060e-01
  169 3.012418e-01
  170 3.010741e-01
  171 3.009099e-01
  172 3.007538e-01
  173 3.006094e-01
  174 3.004789e-01
  175 3.003633e-01
  176 3.002631e-01
  177 3.001780e-01
  178 3.001071e-01
  179 3.000495e-01
  180 3.000038e-01
  181 2.999687e-01
  182 2.999428e-01
  183 2.999245e-01
  184 2.999127e-01
  185 2.999060e-01
  186 2.999034e-01
  187 2.999040e-01
  188 2.999067e-01
  189 2.999111e-01
  190 2.999164e-01
  191 2.999222e-01
  192 2.999281e-01
  193 2.999339e-01
  194 2.999393e-01
  195 2.999443e-01
  196 2.999487e-01
  197 2.999525e-01
  198 2.999557e-01
  199 2.999583e-01
  200 2.999604e-01
  201 2.287957e-01
  202 3.628234e-01
  203 3.117527e-01
  204 3.180234e-01
  205 3.059038e-01
  206 3.038645e-01
  207 2.995779e-01
  208 2.970037e-01
  209 2.944291e-01
  210 2.924560e-01
  211 2.908327e-01
  212 2.896198e-01
  213 2.887462e-01
  214 2.881820e-01
  215 2.878780e-01
  216 2.877921e-01
  217 2.878817e-01
  218 2.881085e-01
  219 2.884376e-01
  220 2.888386e-01
  221 -2.506407e-01
  222 -1.154971e-01
  223 -1.850895e-01
  224 -1.685143e-01
  225 -1.837580e-01
  226 -1.861790e-01
  227 -1.921665e-01
  228 -1.953366e-01
  229 -1.981935e-01
  230 -1.999632e-01
  231 -2.011340e-01
  232 -2.017088e-01
  233 -2.018590e-01
  234 -2.016737e-01
  235 -2.012537e-01
  236 -2.006756e-01
  237 -2.000058e-01
  238 -1.992968e-01
  239 -1.985896e-01
  240 -1.979151e-01
  241 -1.972949e-01
  242 -1.967433e-01
  243 -1.962684e-01
  244 -1.958732e-01
  245 -1.955570e-01
  246 -1.953161e-01
  247 -1.951448e-01
  248 -1.950361e-01
  249 -1.949822e-01
  250 -1.949753e-01
  251 -1.950074e-01
  252 -1.950711e-01
  253 -1.951594e-01
  254 -1.952662e-01
  255 -1.953859e-01
  256 -1.955139e-01
  257 -1.956463e-01
  258 -1.957798e-01
  259 -1.959120e-01
  260 -1.960408e-01
  261 -7.842128e-02
  262 -1.578883e-01
  263 -1.452060e-01
  264 -1.659145e-01
  265 -1.731718e-01
  266 -1.837561e-01
  267 -1.908403e-01
  268 -1.970007e-01
  269 -2.014440e-01
  270 -2.047198e-01
  271 -2.068827e-01
  272 -2.081694e-01
  273 -2.087326e-01
  274 -2.087370e-01
  275 -2.083191e-01
  276 -2.076011e-01
  277 -2.066849e-01
  278 -2.056553e-01
  279 -2.045805e-01
  280 -2.035135e-01
  281 -2.024938e-01
  282 -2.015497e-01
  283 -2.006994e-01
  284 -1.999533e-01
  285 -1.993153e-01
  286 -1.987842e-01
  287 -1.983552e-01
  288 -1.980208e-01
  289 -1.977717e-01
  290 -1.975978e-01
  291 -1.974887e-01
  292 -1.974339e-01
  293 -1.974236e-01
  294 -1.974488e-01
  295 -1.975011e-01
  296 -1.975733e-01
  297 -1.976592e-01
  298 -1.977536e-01
  299 -1.978520e-01
  300 -1.979512e-01
  301 -1.980484e-01
  302 -1.981416e-01
  303 -1.982296e-01
  304 -1.983115e-01
  305 -1.983867e-01
  306 -1.984552e-01
  307 -1.985172e-01
  308 -1.985728e-01
  309 -1.986226e-01
  310 -1.986672e-01
  311 -1.987069e-01
  312 -1.987425e-01
  313 -1.987745e-01
  314 -1.988035e-01
  315 -1.988299e-01
  316 -1.988542e-01
  317 -1.988768e-01
  318 -1.988980e-01
  319 -1.989182e-01
  320 -1.989376e-01
  321 -1.989563e-01
  322 -1.989746e-01
  323 -1.989926e-01
  324 -1.990103e-01
  325 -1.990278e-01
  326 -1.990451e-01
  327 -1.990624e-01
  328 -1.990794e-01
  329 -1.990964e-01
  330 -1.991132e-01
  331 -1.991299e-01
  332 -1.991464e-01
  333 -1.991628e-01
  334 -1.991789e-01
  335 -1.991948e-01
  336 -1.992105e-01
  337 -1.992259e-01
  338 -1.992411e-01
  339 -1.992560e-01
  340 -1.992706e-01
  341 -1.992849e-01
  342 -1.992990e-01
  343 -1.993128e-01
  344 -1.993263e-01
  345 -1.993395e-01
  346 -1.993524e-01
  347 -1.993651e-01
  348 -1.993775e-01
  349 -1.993897e-01
  350 -1.994016e-01
  351 -1.994132e-01
  352 -1.994246e-01
  353 -1.994358e-01
  354 -1.994467e-01
  355 -1.994574e-01
  356 -1.994679e-01
  357 -1.994782e-01
  358 -1.994883e-01
  359 -1.994982e-01
  360 -1.995079e-01
  361 -1.995174e-01
  362 -1.995267e-01
  363 -1.995358e-01
  364 -1.995448e-01
  365 -1.995535e-01
  366 -1.995621e-01
  367 -1.995706e-01
  368 -1.995788e-01
  369 -1.995869e-01
  370 -1.995949e-01
  371 -1.996027e-01
  372 -1.996103e-01
  373 -1.996178e-01
  374 -1.996252e-01
  375 -1.996324e-01
  376 -1.996394e-01
  377 -1.996464e-01
  378 -1.996532e-01
  379 -1.996598e-01
  380 -1.996664e-01
  381 -1.996728e-01
  382 -1.996791e-01
  383 -1.996852e-01
  384 -1.996913e-01
  385 -1.996972e-01
  386 -1.997030e-01
  387 -1.997087e-01
  388 -1.997143e-01
  389 -1.997198e-01
  390 -1.997252e-01
  391 -4.940897e-01
  392 -2.957235e-01
  393 -3.277149e-01
  394 -2.762130e-01
  395 -2.583228e-01
  396 -2.320992e-01
  397 -2.146104e-01
  398 -1.994173e-01
  399 -1.885038e-01
  400 -1.804971e-01
  401 -1.467957e-01
  402 -1.973529e-01
  403 -1.756711e-01
  404 -1.783160e-01
  405 -1.746544e-01
  406 -1.757701e-01
  407 -1.764777e-01
  408 -1.781496e-01
  409 -1.799311e-01
  410 -1.819309e-01
  411 -1.839495e-01
  412 -1.859411e-01
  413 -1.878315e-01
  414 -1.895832e-01
  415 -1.911669e-01
  416 -1.925687e-01
  417 -1.937837e-01
  418 -1.948155e-01
  419 -1.956730e-01
  420 -1.963696e-01
  421 -1.969210e-01
  422 -1.973444e-01
  423 -1.976576e-01
  424 -1.978776e-01
  425 -1.980211e-01
  426 -1.981032e-01
  427 -1.981375e-01
  428 -1.981361e-01
  429 -1.981093e-01
  430 -1.980659e-01
  431 -1.980131e-01
  432 -1.979564e-01
  433 -1.979005e-01
  434 -1.978486e-01
  435 -1.978030e-01
  436 -1.977652e-01
  437 -1.977361e-01
  438 -1.977159e-01
  439 -1.977046e-01
  440 -1.977016e-01
  441 1.262493e-01
  442 4.543421e-02
  443 8.745860e-02
  444 7.777305e-02
  445 8.716414e-02
  446 8.884326e-02
  447 9.264185e-02
  448 9.472857e-02
  449 9.660588e-02
  450 9.781019e-02
  451 9.863571e-02
  452 9.908568e-02
  453 9.926481e-02
  454 9.922847e-02
  455 9.903904e-02
  456 9.874432e-02
  457 9.838600e-02
  458 9.799704e-02
  459 9.760363e-02
  460 9.722540e-02
  461 9.687655e-02
  462 9.656654e-02
  463 9.630096e-02
  464 9.608226e-02
  465 9.591043e-02
  466 9.578364e-02
  467 9.569872e-02
  468 9.565165e-02
  469 9.563790e-02
  470 9.565272e-02
  471 9.569142e-02
  472 9.574948e-02
  473 9.582269e-02
  474 9.590726e-02
  475 9.599985e-02
  476 9.609755e-02
  477 9.619795e-02
  478 9.629904e-02
  479 9.639924e-02
  480 9.649734e-02
  481 9.659243e-02
  482 9.668391e-02
  483 9.677139e-02
  484 9.685468e-02
  485 9.693376e-02
  486 9.700870e-02
  487 9.707969e-02
  488 9.714695e-02
  489 9.721077e-02
  490 9.727144e-02
  491 9.732925e-02
  492 9.738450e-02
  493 9.743748e-02
  494 9.748844e-02
  495 9.753761e-02
  496 9.758522e-02
  497 9.763144e-02
  498 9.767643e-02
  499 9.772033e-02
  500 9.776324e-02
  501 9.780527e-02
  502 9.784647e-02
  503 9.788692e-02
  504 9.792665e-02
  505 9.796570e-02
  506 9.800408e-02
  507 9.804183e-02
  508 9.807894e-02
  509 9.811543e-02
  510 9.815130e-02
  511 9.818656e-02
  512 9.822120e-02
  513 9.825523e-02
  514 9.828865e-02
  515 9.832147e-02
  516 9.835368e-02
  517 9.838530e-02
  518 9.841632e-02
  519 9.844675e-02
  520 9.847661e-02
  521 9.850588e-02
  522 9.853460e-02
  523 9.856275e-02
  524 9.859036e-02
  525 9.861743e-02
  526 9.864397e-02
  527 9.867000e-02
  528 9.869552e-02
  529 9.872054e-02
  530 9.874507e-02
  531 9.876913e-02
  532 9.879271e-02
  533 9.881584e-02
  534 9.883852e-02
  535 9.886077e-02
  536 9.888258e-02
  537 9.890397e-02
  538 9.892495e-02
  539 9.894553e-02
  540 9.896570e-02
  541 9.898550e-02
  542 9.900491e-02
  543 9.902394e-02
  544 9.904262e-02
  545 9.906093e-02
  546 9.907890e-02
  547 9.909651e-02
  548 9.911380e-02
  549 9.913075e-02
  550 9.914737e-02
  551 9.916368e-02
  552 9.917967e-02
  553 9.919536e-02
  554 9.921075e-02
  555 9.922584e-02
  556 9.924064e-02
  557 9.925516e-02
  558 9.926941e-02
  559 9.928338e-02
  560 9.929708e-02
  561 9.931052e-02
  562 9.932370e-02
  563 9.933663e-02
  564 9.934931e-02
  565 9.936175e-02
  566 9.937395e-02
  567 9.938592e-02
  568 9.939765e-02
  569 9.940917e-02
  570 9.942046e-02
  571 9.943154e-02
  572 9.944240e-02
  573 9.945306e-02
  574 9.946351e-02
  575 9.947377e-02
  576 9.948382e-02
  577 9.949369e-02
  578 9.950336e-02
  579 9.951285e-02
  580 9.952216e-02
  581 9.953129e-02
  582 9.954025e-02
  583 9.954903e-02
  584 9.955765e-02
  585 9.956610e-02
  586 9.957439e-02
  587 9.958253e-02
  588 9.959050e-02
  589 9.959833e-02
  590 9.960600e-02
  591 9.961353e-02
  592 9.962091e-02
  593 9.962816e-02
  594 9.963526e-02
  595 9.964223e-02
  596 9.964906e-02
  597 9.965577e-02
  598 9.966234e-02
  599 9.966879e-02
  600 9.967512e-02
  601 1.494977e-01
  602 5.568531e-02
  603 9.144134e-02
  604 8.705811e-02
  605 9.554775e-02
  606 9.698104e-02
  607 9.998716e-02
  608 1.017944e-01
  609 1.036019e-01
  610 1.049881e-01
  611 1.061294e-01
  612 1.069832e-01
  613 1.075996e-01
  614 1.079993e-01
  615 1.082168e-01
  616 1.082815e-01
  617 1.082234e-01
  618 1.080691e-01
  619 1.078433e-01
  620 1.075670e-01
  621 1.072585e-01
  622 1.069330e-01
  623 1.066026e-01
  624 1.062771e-01
  625 1.059638e-01
  626 1.056676e-01
  627 1.053921e-01
  628 1.051393e-01
  629 1.049097e-01
  630 1.047032e-01
  631 1.045189e-01
  632 1.043554e-01
  633 1.042108e-01
  634 1.040833e-01
  635 1.039708e-01
  636 1.038712e-01
  637 1.037827e-01
  638 1.037034e-01
  639 1.036315e-01
  640 1.035658e-01
  641 1.035048e-01
  642 1.034474e-01
  643 1.033928e-01
  644 1.033401e-01
  645 1.032888e-01
  646 1.032384e-01
  647 1.031885e-01
  648 1.031390e-01
  649 1.030895e-01
  650 1.030401e-01
  651 1.029907e-01
  652 1.029413e-01
  653 1.028919e-01
  654 1.028426e-01
  655 1.027934e-01
  656 1.027445e-01
  657 1.026959e-01
  658 1.026477e-01
  659 1.025999e-01
  660 1.025527e-01
  661 6.424322e-01
  662 5.077139e-01
  663 5.777388e-01
  664 5.615899e-01
  665 5.772433e-01
  666 5.800499e-01
  667 5.863943e-01
  668 5.898896e-01
  669 5.930391e-01
  670 5.950690e-01
  671 5.964690e-01
  672 5.972440e-01
  673 5.975678e-01
  674 5.975325e-01
  675 5.972417e-01
  676 5.967748e-01
  677 5.962011e-01
  678 5.955755e-01
  679 5.949417e-01
  680 5.943323e-01
  681 5.937710e-01
  682 5.932736e-01
  683 5.928496e-01
  684 5.925029e-01
  685 5.922338e-01
  686 5.920392e-01
  687 5.919138e-01
  688 5.918511e-01
  689 5.918436e-01
  690 5.918833e-01
  691 5.919625e-01
  692 5.920737e-01
  693 5.922100e-01
  694 5.923649e-01
  695 5.925330e-01
  696 5.927095e-01
  697 5.928903e-01
  698 5.930720e-01
  699 5.932522e-01
  700 5.934286e-01
  701 5.935999e-01
  702 5.937650e-01
  703 5.939233e-01
  704 5.940744e-01
  705 5.942184e-01
  706 5.943552e-01
  707 5.944854e-01
  708 5.946091e-01
  709 5.947269e-01
  710 5.948393e-01
  711 5.949468e-01
  712 5.950498e-01
  713 5.951488e-01
  714 5.952443e-01
  715 5.953367e-01
  716 5.954263e-01
  717 5.955133e-01
  718 5.955982e-01
  719 5.956811e-01
  720 5.957622e-01
  721 5.958416e-01
  722 5.959195e-01
  723 5.959960e-01
  724 5.960711e-01
  725 5.961449e-01
  726 5.962175e-01
  727 5.962888e-01
  728 5.963590e-01
  729 5.964279e-01
  730 5.964957e-01
  731 5.965623e-01
  732 5.966278e-01
  733 5.966921e-01
  734 5.967552e-01
  735 5.968172e-01
  736 5.968781e-01
  737 5.969379e-01
  738 5.969965e-01
  739 5.970540e-01
  740 5.971104e-01
  741 5.971658e-01
  742 5.972201e-01
  743 5.972733e-01
  744 5.973256e-01
  745 5.973768e-01
  746 5.974270e-01
  747 5.974763e-01
  748 5.975246e-01
  749 5.975719e-01
  750 5.976184e-01
  751 5.976639e-01
  752 5.977086e-01
  753 5.977524e-01
  754 5.977954e-01
  755 5.978375e-01
  756 5.978788e-01
  757 5.979194e-01
  758 5.979591e-01
  759 5.979981e-01
  760 5.980364e-01
  761 5.980739e-01
  762 5.981107e-01
  763 5.981468e-01
  764 5.981822e-01
  765 5.982169e-01
  766 5.982510e-01
  767 5.982844e-01
  768 5.983172e-01
  769 5.983493e-01
  770 5.983808e-01
  771 5.984118e-01
  772 5.984421e-01
  773 5.984719e-01
  774 5.985011e-01
  775 5.985297e-01
  776 5.985578e-01
  777 5.985853e-01
  778 5.986124e-01
  779 5.986389e-01
  780 5.986649e-01
  781 5.986904e-01
  782 5.987154e-01
  783 5.987399e-01
  784 5.987640e-01
  785 5.987876e-01
  786 5.988108e-01
  787 5.988335e-01
  788 5.988558e-01
  789 5.988776e-01
  790 5.988991e-01
  791 5.989201e-01
  792 5.989407e-01
  793 5.989610e-01
  794 5.989808e-01
  795 5.990003e-01
  796 5.990194e-01
  797 5.990381e-01
  798 5.990565e-01
  799 5.990745e-01
  800 5.990922e-01
