    1     0
    2     0
    3     0
    4     0
    5     0
    6     0
    7     0
    8     0
    9     0
   10     0
   11     0
   12 1.751047e+00
   13 1.351091e+00
   14 1.331010e+00
   15 1.303204e+00
   16 1.304840e+00
   17 1.284395e+00
   18 1.255914e+00
   19 1.217642e+00
   20 1.175007e+00
   21 1.130022e+00
   22 1.085102e+00
   23 1.041740e+00
   24 1.001129e+00
   25 9.640321e-01
   26 9.309228e-01
   27 9.020111e-01
   28 8.773096e-01
   29 8.566767e-01
   30 8.398600e-01
   31 8.265316e-01
   32 8.163183e-01
   33 8.088258e-01
   34 8.036585e-01
   35 8.004334e-01
   36 7.987913e-01
   37 7.984039e-01
   38 7.989779e-01
   39 8.002571e-01
   40 8.020230e-01
   41 8.040928e-01
   42 8.063179e-01
   43 8.085803e-01
   44 8.107899e-01
   45 8.128806e-01
   46 8.148070e-01
   47 8.165407e-01
   48 8.180673e-01
   49 8.193835e-01
   50 8.204944e-01
   51 8.214114e-01
   52 8.221498e-01
   53 8.227279e-01
   54 8.231652e-01
   55 8.234813e-01
   56 8.236954e-01
   57 8.238258e-01
   58 8.238889e-01
   59 8.238999e-01
   60 8.238717e-01
   61 8.238156e-01
   62 8.237409e-01
   63 8.236555e-01
   64 8.235654e-01
   65 8.234754e-01
   66 8.233890e-01
   67 8.233087e-01
   68 8.232362e-01
   69 8.231723e-01
   70 8.231174e-01
   71 8.230713e-01
   72 8.230337e-01
   73 8.230038e-01
   74 8.229809e-01
   75 8.229642e-01
   76 8.229527e-01
   77 8.229455e-01
   78 8.229419e-01
   79 8.229411e-01
   80 8.229423e-01
   81 8.229451e-01
   82 8.229489e-01
   83 8.229533e-01
   84 8.229579e-01
   85 8.229625e-01
   86 8.229669e-01
   87 8.229709e-01
   88 8.229745e-01
   89 8.229775e-01
   90 8.229800e-01
   91 8.229820e-01
   92 8.229835e-01
   93 8.229844e-01
   94 8.229850e-01
   95 8.229852e-01
   96 8.229850e-01
   97 8.229846e-01
   98 8.229840e-01
   99 8.229831e-01
  100 8.229822e-01
  101 8.229811e-01
  102 8.229800e-01
  103 8.229789e-01
  104 8.229777e-01
  105 8.229766e-01
  106 8.229754e-01
  107 8.229743e-01
  108 8.229733e-01
  109 8.229723e-01
  110 8.229713e-01
  111 8.229704e-01
  112 8.229695e-01
  113 8.229687e-01
  114 8.229679e-01
  115 8.229672e-01
  116 8.229665e-01
  117 8.229659e-01
  118 8.229652e-01
  119 8.229647e-01
  120 8.229641e-01
  121 8.229636e-01
  122 8.229630e-01
  123 8.229626e-01
  124 8.229621e-01
  125 8.229616e-01
  126 8.229612e-01
  127 8.229608e-01
  128 8.229603e-01
  129 8.229599e-01
  130 8.229596e-01
  131 -2.230270e-01
  132 2.056866e-02
  133 -1.674110e-02
  134 4.794416e-02
  135 6.145959e-02
  136 9.443958e-02
  137 1.248982e-01
  138 1.606108e-01
  139 1.964330e-01
  140 2.321202e-01
  141 2.660168e-01
  142 2.974866e-01
  143 3.259288e-01
  144 3.510768e-01
  145 3.728171e-01
  146 3.911979e-01
  147 4.063719e-01
  148 4.185723e-01
  149 4.280820e-01
  150 4.352127e-01
  151 4.402858e-01
  152 4.436191e-01
  153 4.455156e-01
  154 4.462565e-01
  155 4.460960e-01
  156 4.452591e-01
  157 4.439402e-01
  158 4.423034e-01
  159 4.404846e-01
  160 4.385928e-01
  161 4.367129e-01
  162 4.349088e-01
  163 4.332260e-01
  164 4.316943e-01
  165 4.303309e-01
  166 4.291428e-01
  167 4.281287e-01
  168 4.272817e-01
  169 4.265902e-01
  170 4.260403e-01
  171 4.256161e-01
  172 4.253012e-01
  173 4.250793e-01
  174 4.249350e-01
  175 4.248537e-01
  176 4.248222e-01
  177 4.248288e-01
  178 4.248635e-01
  179 4.249176e-01
  180 4.249840e-01
  181 4.250569e-01
  182 4.251317e-01
  183 4.252051e-01
  184 4.252744e-01
  185 4.253380e-01
  186 4.253948e-01
  187 4.254443e-01
  188 4.254863e-01
  189 4.255212e-01
  190 4.255493e-01
  191 4.255712e-01
  192 4.255876e-01
  193 4.255993e-01
  194 4.256070e-01
  195 4.256113e-01
  196 4.256130e-01
  197 4.256126e-01
  198 4.256106e-01
  199 4.256076e-01
  200 -1.520004e+00
  201 5.410796e-02
  202 4.995220e-03
  203 7.566086e-03
  204 -5.657969e-02
  205 -6.582496e-02
  206 -7.469728e-02
  207 -7.409889e-02
  208 -7.292945e-02
  209 -6.984200e-02
  210 -6.616149e-02
  211 -6.185358e-02
  212 -5.729302e-02
  213 -5.263789e-02
  214 -4.807119e-02
  215 -4.371124e-02
  216 -3.965045e-02
  217 -3.594703e-02
  218 -3.263498e-02
  219 -2.972700e-02
  220 -2.721961e-02
  221 2.363259e-02
  222 -2.734661e-01
  223 -1.673679e-01
  224 -1.805516e-01
  225 -1.542600e-01
  226 -1.477947e-01
  227 -1.352040e-01
  228 -1.251097e-01
  229 -1.142821e-01
  230 -1.043282e-01
  231 -9.500081e-02
  232 -8.664886e-02
  233 -7.928863e-02
  234 -7.297536e-02
  235 -6.768197e-02
  236 -6.336214e-02
  237 -5.994076e-02
  238 -5.732968e-02
  239 -5.543182e-02
  240 -5.414769e-02
  241 -5.337929e-02
  242 -5.303346e-02
  243 -5.302405e-02
  244 -5.327340e-02
  245 -5.371307e-02
  246 -5.428414e-02
  247 -5.493704e-02
  248 -5.563107e-02
  249 -5.633377e-02
  250 -5.702005e-02
  251 -5.767137e-02
  252 -5.827481e-02
  253 -5.882217e-02
  254 -5.930912e-02
  255 -5.973446e-02
  256 -6.009935e-02
  257 -6.040677e-02
  258 -6.066091e-02
  259 -6.086677e-02
  260 -6.102977e-02
  261 -4.795499e-01
  262 -3.822054e-01
  263 -3.971964e-01
  264 -3.713676e-01
  265 -3.659893e-01
  266 -3.528116e-01
  267 -3.406321e-01
  268 -3.263438e-01
  269 -3.120065e-01
  270 -2.977203e-01
  271 -2.841487e-01
  272 -2.715474e-01
  273 -2.601578e-01
  274 -2.500869e-01
  275 -2.413805e-01
  276 -2.340198e-01
  277 -2.279435e-01
  278 -2.230585e-01
  279 -2.192515e-01
  280 -2.163977e-01
  281 -2.143682e-01
  282 -2.130358e-01
  283 -2.122792e-01
  284 -2.119856e-01
  285 -2.120530e-01
  286 -2.123916e-01
  287 -2.129232e-01
  288 -2.135821e-01
  289 -2.143139e-01
  290 -2.150748e-01
  291 -2.158309e-01
  292 -2.165565e-01
  293 -2.172334e-01
  294 -2.178497e-01
  295 -2.183984e-01
  296 -2.188768e-01
  297 -2.192853e-01
  298 -2.196268e-01
  299 -2.199059e-01
  300 -2.201282e-01
  301 -2.203000e-01
  302 -2.204280e-01
  303 -2.205186e-01
  304 -2.205781e-01
  305 -2.206122e-01
  306 -2.206264e-01
  307 -2.206252e-01
  308 -2.206127e-01
  309 -2.205924e-01
  310 -2.205672e-01
  311 -2.205393e-01
  312 -2.205106e-01
  313 -2.204825e-01
  314 -2.204559e-01
  315 -2.204316e-01
  316 -2.204100e-01
  317 -2.203913e-01
  318 -2.203756e-01
  319 -2.203627e-01
  320 -2.203526e-01
  321 -2.203448e-01
  322 -2.203393e-01
  323 -2.203356e-01
  324 -2.203335e-01
  325 -2.203328e-01
  326 -2.203331e-01
  327 -2.203342e-01
  328 -2.203359e-01
  329 -2.203380e-01
  330 -2.203404e-01
  331 -2.203429e-01
  332 -2.203454e-01
  333 -2.203479e-01
  334 -2.203503e-01
  335 -2.203525e-01
  336 -2.203546e-01
  337 -2.203565e-01
  338 -2.203582e-01
  339 -2.203597e-01
  340 -2.203610e-01
  341 -2.203622e-01
  342 -2.203632e-01
  343 -2.203641e-01
  344 -2.203648e-01
  345 -2.203655e-01
  346 -2.203661e-01
  347 -2.203667e-01
  348 -2.203671e-01
  349 -2.203676e-01
  350 -2.203680e-01
  351 -2.203684e-01
  352 -2.203687e-01
  353 -2.203691e-01
  354 -2.203695e-01
  355 -2.203698e-01
  356 -2.203702e-01
  357 -2.203705e-01
  358 -2.203709e-01
  359 -2.203713e-01
  360 -2.203716e-01
  361 -2.203720e-01
  362 -2.203724e-01
  363 -2.203727e-01
  364 -2.203731e-01
  365 -2.203735e-01
  366 -2.203738e-01
  367 -2.203742e-01
  368 -2.203746e-01
  369 -2.203750e-01
  370 -2.203753e-01
  371 -2.203757e-01
  372 -2.203760e-01
  373 -2.203764e-01
  374 -2.203767e-01
  375 -2.203771e-01
  376 -2.203774e-01
  377 -2.203777e-01
  378 -2.203780e-01
  379 -2.203783e-01
  380 -2.203787e-01
  381 -2.203790e-01
  382 -2.203793e-01
  383 -2.203796e-01
  384 -2.203798e-01
  385 -2.203801e-01
  386 -2.203804e-01
  387 -2.203807e-01
  388 -2.203810e-01
  389 -2.203812e-01
  390 -2.203815e-01
  391 8.256044e-01
  392 5.820081e-01
  393 6.193173e-01
  394 5.546315e-01
  395 5.411154e-01
  396 5.081349e-01
  397 4.776757e-01
  398 4.419626e-01
  399 4.061398e-01
  400 1.148695e+00
  401 4.851518e-01
  402 4.733249e-01
  403 4.438523e-01
  404 4.443606e-01
  405 4.263164e-01
  406 4.114829e-01
  407 3.960680e-01
  408 3.833985e-01
  409 3.726526e-01
  410 3.640488e-01
  411 3.572516e-01
  412 3.520934e-01
  413 3.483343e-01
  414 3.457663e-01
  415 3.441824e-01
  416 3.433947e-01
  417 3.432321e-01
  418 3.435438e-01
  419 3.441993e-01
  420 3.450880e-01
  421 3.461187e-01
  422 3.472174e-01
  423 3.483265e-01
  424 3.494021e-01
  425 3.504128e-01
  426 3.513373e-01
  427 3.521628e-01
  428 3.528835e-01
  429 3.534989e-01
  430 3.540125e-01
  431 3.544307e-01
  432 3.547619e-01
  433 3.550155e-01
  434 3.552017e-01
  435 3.553302e-01
  436 3.554110e-01
  437 3.554528e-01
  438 3.554639e-01
  439 3.554517e-01
  440 3.554223e-01
  441 3.261437e-01
  442 5.054124e-01
  443 4.425622e-01
  444 4.511037e-01
  445 4.358063e-01
  446 4.322741e-01
  447 4.249578e-01
  448 4.190507e-01
  449 4.126330e-01
  450 4.066849e-01
  451 4.010720e-01
  452 3.960154e-01
  453 3.915345e-01
  454 3.876704e-01
  455 3.844133e-01
  456 3.817399e-01
  457 3.796089e-01
  458 3.779699e-01
  459 3.767661e-01
  460 3.759388e-01
  461 3.754294e-01
  462 3.751820e-01
  463 3.751444e-01
  464 3.752694e-01
  465 3.755152e-01
  466 3.758456e-01
  467 3.762299e-01
  468 3.766430e-01
  469 3.770644e-01
  470 3.774786e-01
  471 3.778736e-01
  472 3.782413e-01
  473 3.785761e-01
  474 3.788751e-01
  475 3.791373e-01
  476 3.793632e-01
  477 3.795543e-01
  478 3.797129e-01
  479 3.798422e-01
  480 3.799452e-01
  481 3.800252e-01
  482 3.800856e-01
  483 3.801295e-01
  484 3.801599e-01
  485 3.801793e-01
  486 3.801903e-01
  487 3.801947e-01
  488 3.801944e-01
  489 3.801909e-01
  490 3.801854e-01
  491 3.801788e-01
  492 3.801718e-01
  493 3.801651e-01
  494 3.801589e-01
  495 3.801537e-01
  496 3.801494e-01
  497 3.801462e-01
  498 3.801441e-01
  499 3.801430e-01
  500 3.801429e-01
  501 3.801436e-01
  502 3.801450e-01
  503 3.801470e-01
  504 3.801494e-01
  505 3.801523e-01
  506 3.801554e-01
  507 3.801586e-01
  508 3.801620e-01
  509 3.801654e-01
  510 3.801688e-01
  511 3.801721e-01
  512 3.801753e-01
  513 3.801783e-01
  514 3.801813e-01
  515 3.801841e-01
  516 3.801867e-01
  517 3.801892e-01
  518 3.801915e-01
  519 3.801938e-01
  520 3.801958e-01
  521 3.801978e-01
  522 3.801997e-01
  523 3.802014e-01
  524 3.802031e-01
  525 3.802047e-01
  526 3.802062e-01
  527 3.802077e-01
  528 3.802091e-01
  529 3.802105e-01
  530 3.802118e-01
  531 3.802131e-01
  532 3.802144e-01
  533 3.802156e-01
  534 3.802168e-01
  535 3.802180e-01
  536 3.802191e-01
  537 3.802203e-01
  538 3.802214e-01
  539 3.802225e-01
  540 3.802235e-01
  541 3.802246e-01
  542 3.802256e-01
  543 3.802266e-01
  544 3.802276e-01
  545 3.802286e-01
  546 3.802296e-01
  547 3.802305e-01
  548 3.802314e-01
  549 3.802323e-01
  550 3.802332e-01
  551 3.802341e-01
  552 3.802349e-01
  553 3.802358e-01
  554 3.802366e-01
  555 3.802374e-01
  556 3.802382e-01
  557 3.802390e-01
  558 3.802397e-01
  559 3.802405e-01
  560 3.802412e-01
  561 3.802419e-01
  562 3.802426e-01
  563 3.802433e-01
  564 3.802439e-01
  565 3.802446e-01
  566 3.802452e-01
  567 3.802459e-01
  568 3.802465e-01
  569 3.802471e-01
  570 3.802477e-01
  571 3.802483e-01
  572 3.802489e-01
  573 3.802494e-01
  574 3.802500e-01
  575 3.802505e-01
  576 3.802511e-01
  577 3.802516e-01
  578 3.802521e-01
  579 3.802526e-01
  580 3.802531e-01
  581 3.802536e-01
  582 3.802540e-01
  583 3.802545e-01
  584 3.802549e-01
  585 3.802554e-01
  586 3.802558e-01
  587 3.802563e-01
  588 3.802567e-01
  589 3.802571e-01
  590 3.802575e-01
  591 3.802579e-01
  592 3.802583e-01
  593 3.802587e-01
  594 3.802591e-01
  595 3.802594e-01
  596 3.802598e-01
  597 3.802601e-01
  598 3.802605e-01
  599 3.802608e-01
  600 1.742187e+00
  601 6.403058e-01
  602 6.746821e-01
  603 6.728799e-01
  604 7.177795e-01
  605 7.242490e-01
  606 7.304577e-01
  607 7.300372e-01
  608 7.292173e-01
  609 7.270550e-01
  610 7.244779e-01
  611 7.214619e-01
  612 7.182692e-01
  613 7.150105e-01
  614 7.118139e-01
  615 7.087622e-01
  616 7.059200e-01
  617 7.033280e-01
  618 7.010101e-01
  619 6.989751e-01
  620 6.972205e-01
  621 6.957351e-01
  622 6.945016e-01
  623 6.934982e-01
  624 6.927008e-01
  625 6.920843e-01
  626 6.916235e-01
  627 6.912943e-01
  628 6.910738e-01
  629 6.909414e-01
  630 6.908784e-01
  631 6.908685e-01
  632 6.908976e-01
  633 6.909539e-01
  634 6.910276e-01
  635 6.911108e-01
  636 6.911975e-01
  637 6.912829e-01
  638 6.913636e-01
  639 6.914373e-01
  640 6.915027e-01
  641 6.915589e-01
  642 6.916059e-01
  643 6.916439e-01
  644 6.916735e-01
  645 6.916954e-01
  646 6.917104e-01
  647 6.917196e-01
  648 6.917238e-01
  649 6.917240e-01
  650 6.917209e-01
  651 6.917153e-01
  652 6.917080e-01
  653 6.916994e-01
  654 6.916901e-01
  655 6.916804e-01
  656 6.916707e-01
  657 6.916612e-01
  658 6.916521e-01
  659 6.916436e-01
  660 6.916356e-01
  661 6.428988e-01
  662 9.417538e-01
  663 8.370838e-01
  664 8.514019e-01
  665 8.259868e-01
  666 8.201761e-01
  667 8.080524e-01
  668 7.982700e-01
  669 7.876288e-01
  670 7.777624e-01
  671 7.684470e-01
  672 7.600514e-01
  673 7.526088e-01
  674 7.461883e-01
  675 7.407742e-01
  676 7.363288e-01
  677 7.327837e-01
  678 7.300556e-01
  679 7.280507e-01
  680 7.266715e-01
  681 7.258210e-01
  682 7.254064e-01
  683 7.253411e-01
  684 7.255465e-01
  685 7.259533e-01
  686 7.265013e-01
  687 7.271394e-01
  688 7.278259e-01
  689 7.285268e-01
  690 7.292159e-01
  691 7.298736e-01
  692 7.304861e-01
  693 7.310442e-01
  694 7.315430e-01
  695 7.319807e-01
  696 7.323581e-01
  697 7.326777e-01
  698 7.329435e-01
  699 7.331603e-01
  700 7.333335e-01
  701 7.334684e-01
  702 7.335707e-01
  703 7.336455e-01
  704 7.336977e-01
  705 7.337317e-01
  706 7.337514e-01
  707 7.337603e-01
  708 7.337613e-01
  709 7.337568e-01
  710 7.337489e-01
  711 7.337391e-01
  712 7.337287e-01
  713 7.337187e-01
  714 7.337095e-01
  715 7.337018e-01
  716 7.336957e-01
  717 7.336914e-01
  718 7.336888e-01
  719 7.336879e-01
  720 7.336885e-01
  721 7.336905e-01
  722 7.336937e-01
  723 7.336978e-01
  724 7.337027e-01
  725 7.337081e-01
  726 7.337140e-01
  727 7.337201e-01
  728 7.337264e-01
  729 7.337327e-01
  730 7.337390e-01
  731 7.337451e-01
  732 7.337510e-01
  733 7.337568e-01
  734 7.337622e-01
  735 7.337674e-01
  736 7.337724e-01
  737 7.337771e-01
  738 7.337815e-01
  739 7.337857e-01
  740 7.337897e-01
  741 7.337934e-01
  742 7.337970e-01
  743 7.338004e-01
  744 7.338036e-01
  745 7.338067e-01
  746 7.338097e-01
  747 7.338126e-01
  748 7.338154e-01
  749 7.338180e-01
  750 7.338206e-01
  751 7.338232e-01
  752 7.338256e-01
  753 7.338280e-01
  754 7.338304e-01
  755 7.338327e-01
  756 7.338349e-01
  757 7.338371e-01
  758 7.338393e-01
  759 7.338414e-01
  760 7.338435e-01
  761 7.338456e-01
  762 7.338476e-01
  763 7.338495e-01
  764 7.338515e-01
  765 7.338533e-01
  766 7.338552e-01
  767 7.338570e-01
  768 7.338588e-01
  769 7.338606e-01
  770 7.338623e-01
  771 7.338639e-01
  772 7.338656e-01
  773 7.338672e-01
  774 7.338688e-01
  775 7.338703e-01
  776 7.338718e-01
  777 7.338733e-01
  778 7.338748e-01
  779 7.338762e-01
  780 7.338776e-01
  781 7.338790e-01
  782 7.338803e-01
  783 7.338816e-01
  784 7.338829e-01
  785 7.338842e-01
  786 7.338854e-01
  787 7.338867e-01
  788 7.338878e-01
  789 7.338890e-01
  790 7.338902e-01
  791 7.338913e-01
  792 7.338924e-01
  793 7.338935e-01
  794 7.338945e-01
  795 7.338956e-01
  796 7.338966e-01
  797 7.338976e-01
  798 7.338986e-01
  799 7.338995e-01
  800 7.339005e-01
