    1     0
    2     0
    3     0
    4     0
    5     0
    6     0
    7     0
    8     0
    9     0
   10     0
   11     0
   12 -1.400782e+00
   13 -1.552183e+00
   14 -1.513794e+00
   15 -1.478609e+00
   16 -1.405575e+00
   17 -1.326229e+00
   18 -1.238384e+00
   19 -1.149982e+00
   20 -1.063451e+00
   21 -9.819376e-01
   22 -9.071166e-01
   23 -8.402006e-01
   24 -7.817334e-01
   25 -7.318375e-01
   26 -6.902743e-01
   27 -6.565568e-01
   28 -6.300235e-01
   29 -6.099084e-01
   30 -5.953942e-01
   31 -5.856559e-01
   32 -5.798934e-01
   33 -5.773548e-01
   34 -5.773530e-01
   35 -5.792749e-01
   36 -5.825863e-01
   37 -5.868318e-01
   38 -5.916331e-01
   39 -5.966834e-01
   40 -6.017416e-01
   41 -6.066250e-01
   42 -6.112016e-01
   43 -6.153828e-01
   44 -6.191158e-01
   45 -6.223769e-01
   46 -6.251652e-01
   47 -6.274971e-01
   48 -6.294015e-01
   49 -6.309156e-01
   50 -6.320815e-01
   51 -6.329437e-01
   52 -6.335464e-01
   53 -6.339325e-01
   54 -6.341421e-01
   55 -6.342117e-01
   56 -6.341740e-01
   57 -6.340572e-01
   58 -6.338856e-01
   59 -6.336793e-01
   60 -6.334547e-01
   61 -6.332247e-01
   62 -6.329992e-01
   63 -6.327855e-01
   64 -6.325885e-01
   65 -6.324114e-01
   66 -6.322556e-01
   67 -6.321216e-01
   68 -6.320088e-01
   69 -6.319161e-01
   70 -6.318417e-01
   71 -6.317837e-01
   72 -6.317401e-01
   73 -6.317087e-01
   74 -6.316876e-01
   75 -6.316748e-01
   76 -6.316686e-01
   77 -6.316674e-01
   78 -6.316700e-01
   79 -6.316750e-01
   80 -6.316817e-01
   81 -6.316891e-01
   82 -6.316967e-01
   83 -6.317041e-01
   84 -6.317109e-01
   85 -6.317168e-01
   86 -6.317218e-01
   87 -6.317258e-01
   88 -6.317288e-01
   89 -6.317307e-01
   90 -6.317318e-01
   91 -6.317320e-01
   92 -6.317316e-01
   93 -6.317305e-01
   94 -6.317289e-01
   95 -6.317269e-01
   96 -6.317246e-01
   97 -6.317221e-01
   98 -6.317194e-01
   99 -6.317167e-01
  100 -6.317139e-01
  101 -6.317111e-01
  102 -6.317084e-01
  103 -6.317058e-01
  104 -6.317033e-01
  105 -6.317009e-01
  106 -6.316987e-01
  107 -6.316965e-01
  108 -6.316945e-01
  109 -6.316927e-01
  110 -6.316909e-01
  111 -6.316892e-01
  112 -6.316877e-01
  113 -6.316862e-01
  114 -6.316849e-01
  115 -6.316836e-01
  116 -6.316824e-01
  117 -6.316813e-01
  118 -6.316802e-01
  119 -6.316792e-01
  120 -6.316782e-01
  121 -6.316773e-01
  122 -6.316764e-01
  123 -6.316755e-01
  124 -6.316747e-01
  125 -6.316739e-01
  126 -6.316731e-01
  127 -6.316724e-01
  128 -6.316717e-01
  129 -6.316710e-01
  130 7.691115e-01
  131 4.288899e-01
  132 5.685715e-01
  133 4.818448e-01
  134 4.460659e-01
  135 3.720132e-01
  136 3.041703e-01
  137 2.322634e-01
  138 1.645310e-01
  139 1.008269e-01
  140 4.320168e-02
  141 -7.907387e-03
  142 -5.208100e-02
  143 -8.939032e-02
  144 -1.200990e-01
  145 -1.446718e-01
  146 -1.636828e-01
  147 -1.777758e-01
  148 -1.876198e-01
  149 -1.938789e-01
  150 -1.971882e-01
  151 -1.981373e-01
  152 -1.972595e-01
  153 -1.950257e-01
  154 -1.918423e-01
  155 -1.880519e-01
  156 -1.839360e-01
  157 -1.797197e-01
  158 -1.755773e-01
  159 -1.716381e-01
  160 -1.679926e-01
  161 -1.646988e-01
  162 -1.617879e-01
  163 -1.592697e-01
  164 -1.571376e-01
  165 -1.553726e-01
  166 -1.539472e-01
  167 -1.528284e-01
  168 -1.519805e-01
  169 -1.513664e-01
  170 -1.509500e-01
  171 -1.506970e-01
  172 -1.505755e-01
  173 -1.505569e-01
  174 -1.506158e-01
  175 -1.507306e-01
  176 -1.508828e-01
  177 -1.510572e-01
  178 -1.512417e-01
  179 -1.514267e-01
  180 -1.516052e-01
  181 -1.517721e-01
  182 -1.519240e-01
  183 -1.520589e-01
  184 -1.521760e-01
  185 -1.522755e-01
  186 -1.523579e-01
  187 -1.524245e-01
  188 -1.524768e-01
  189 -1.525164e-01
  190 -1.525450e-01
  191 -1.525643e-01
  192 -1.525760e-01
  193 -1.525816e-01
  194 -1.525823e-01
  195 -1.525796e-01
  196 -1.525743e-01
  197 -1.525673e-01
  198 -1.525594e-01
  199 -1.525512e-01
  200 -1.525430e-01
  201 1.677045e-01
  202 6.519602e-02
  203 9.325435e-02
  204 7.602343e-02
  205 7.801752e-02
  206 7.130925e-02
  207 6.556117e-02
  208 5.748114e-02
  209 4.902673e-02
  210 4.013159e-02
  211 3.137173e-02
  212 2.294993e-02
  213 1.509595e-02
  214 7.931937e-03
  215 1.539642e-03
  216 -4.050215e-03
  217 -8.840295e-03
  218 -1.286110e-02
  219 -1.616228e-02
  220 -1.880668e-02
  221 3.181486e-01
  222 1.735924e-01
  223 2.163114e-01
  224 1.793347e-01
  225 1.670898e-01
  226 1.436232e-01
  227 1.247453e-01
  228 1.056641e-01
  229 8.888830e-02
  230 7.385978e-02
  231 6.097817e-02
  232 5.012525e-02
  233 4.126214e-02
  234 3.423479e-02
  235 2.887512e-02
  236 2.498555e-02
  237 2.236348e-02
  238 2.080656e-02
  239 2.012173e-02
  240 2.012971e-02
  241 2.066861e-02
  242 2.159571e-02
  243 2.278815e-02
  244 2.414270e-02
  245 2.557482e-02
  246 2.701730e-02
  247 2.841852e-02
  248 2.974061e-02
  249 3.095750e-02
  250 3.205304e-02
  251 3.301921e-02
  252 3.385441e-02
  253 3.456203e-02
  254 3.514909e-02
  255 3.562512e-02
  256 3.600123e-02
  257 3.628932e-02
  258 3.650144e-02
  259 3.664939e-02
  260 5.970570e-01
  261 4.610202e-01
  262 5.169112e-01
  263 4.822133e-01
  264 4.678761e-01
  265 4.382169e-01
  266 4.110338e-01
  267 3.822214e-01
  268 3.550780e-01
  269 3.295474e-01
  270 3.064515e-01
  271 2.859664e-01
  272 2.682604e-01
  273 2.533054e-01
  274 2.409958e-01
  275 2.311456e-01
  276 2.235248e-01
  277 2.178755e-01
  278 2.139295e-01
  279 2.114207e-01
  280 2.100946e-01
  281 2.097147e-01
  282 2.100674e-01
  283 2.109639e-01
  284 2.122411e-01
  285 2.137619e-01
  286 2.154132e-01
  287 2.171050e-01
  288 2.187671e-01
  289 2.203480e-01
  290 2.218111e-01
  291 2.231333e-01
  292 2.243020e-01
  293 2.253133e-01
  294 2.261699e-01
  295 2.268792e-01
  296 2.274524e-01
  297 2.279027e-01
  298 2.282444e-01
  299 2.284923e-01
  300 2.286610e-01
  301 2.287641e-01
  302 2.288145e-01
  303 2.288236e-01
  304 2.288016e-01
  305 2.287571e-01
  306 2.286977e-01
  307 2.286293e-01
  308 2.285569e-01
  309 2.284842e-01
  310 2.284141e-01
  311 2.283487e-01
  312 2.282893e-01
  313 2.282366e-01
  314 2.281910e-01
  315 2.281525e-01
  316 2.281208e-01
  317 2.280955e-01
  318 2.280758e-01
  319 2.280613e-01
  320 2.280511e-01
  321 2.280446e-01
  322 2.280412e-01
  323 2.280402e-01
  324 2.280411e-01
  325 2.280434e-01
  326 2.280467e-01
  327 2.280506e-01
  328 2.280549e-01
  329 2.280594e-01
  330 2.280637e-01
  331 2.280680e-01
  332 2.280719e-01
  333 2.280755e-01
  334 2.280787e-01
  335 2.280816e-01
  336 2.280841e-01
  337 2.280862e-01
  338 2.280880e-01
  339 2.280895e-01
  340 2.280908e-01
  341 2.280919e-01
  342 2.280927e-01
  343 2.280934e-01
  344 2.280940e-01
  345 2.280945e-01
  346 2.280949e-01
  347 2.280953e-01
  348 2.280956e-01
  349 2.280960e-01
  350 2.280963e-01
  351 2.280966e-01
  352 2.280969e-01
  353 2.280973e-01
  354 2.280976e-01
  355 2.280980e-01
  356 2.280984e-01
  357 2.280988e-01
  358 2.280992e-01
  359 2.280997e-01
  360 2.281001e-01
  361 2.281006e-01
  362 2.281011e-01
  363 2.281015e-01
  364 2.281020e-01
  365 2.281025e-01
  366 2.281030e-01
  367 2.281034e-01
  368 2.281039e-01
  369 2.281044e-01
  370 2.281049e-01
  371 2.281053e-01
  372 2.281058e-01
  373 2.281062e-01
  374 2.281067e-01
  375 2.281071e-01
  376 2.281075e-01
  377 2.281079e-01
  378 2.281084e-01
  379 2.281088e-01
  380 2.281092e-01
  381 2.281096e-01
  382 2.281100e-01
  383 2.281103e-01
  384 2.281107e-01
  385 2.281111e-01
  386 2.281115e-01
  387 2.281118e-01
  388 2.281122e-01
  389 2.281125e-01
  390 -1.172669e+00
  391 -8.324464e-01
  392 -9.721271e-01
  393 -8.853994e-01
  394 -8.496196e-01
  395 -7.755660e-01
  396 -7.077223e-01
  397 -6.358146e-01
  398 -5.680814e-01
  399 -5.043764e-01
  400 -4.467505e-01
  401 -5.237365e-01
  402 -4.385560e-01
  403 -4.124668e-01
  404 -3.748629e-01
  405 -3.510852e-01
  406 -3.293888e-01
  407 -3.129947e-01
  408 -2.999173e-01
  409 -2.902752e-01
  410 -2.834070e-01
  411 -2.789533e-01
  412 -2.764619e-01
  413 -2.755537e-01
  414 -2.758713e-01
  415 -2.771046e-01
  416 -2.789846e-01
  417 -2.812848e-01
  418 -2.838189e-01
  419 -2.864376e-01
  420 -2.890254e-01
  421 -2.914960e-01
  422 -2.937886e-01
  423 -2.958639e-01
  424 -2.977001e-01
  425 -2.992895e-01
  426 -3.006352e-01
  427 -3.017485e-01
  428 -3.026464e-01
  429 -3.033494e-01
  430 -3.038802e-01
  431 -3.042620e-01
  432 -3.045180e-01
  433 -3.046698e-01
  434 -3.047379e-01
  435 -3.047404e-01
  436 -3.046936e-01
  437 -3.046113e-01
  438 -3.045053e-01
  439 -3.043854e-01
  440 -3.042593e-01
  441 -5.075411e-01
  442 -4.216130e-01
  443 -4.477946e-01
  444 -4.259482e-01
  445 -4.187714e-01
  446 -4.047292e-01
  447 -3.933404e-01
  448 -3.817578e-01
  449 -3.715101e-01
  450 -3.622819e-01
  451 -3.543284e-01
  452 -3.475910e-01
  453 -3.420553e-01
  454 -3.376354e-01
  455 -3.342347e-01
  456 -3.317373e-01
  457 -3.300226e-01
  458 -3.289691e-01
  459 -3.284602e-01
  460 -3.283868e-01
  461 -3.286499e-01
  462 -3.291618e-01
  463 -3.298467e-01
  464 -3.306405e-01
  465 -3.314903e-01
  466 -3.323541e-01
  467 -3.331990e-01
  468 -3.340009e-01
  469 -3.347428e-01
  470 -3.354139e-01
  471 -3.360084e-01
  472 -3.365248e-01
  473 -3.369645e-01
  474 -3.373312e-01
  475 -3.376305e-01
  476 -3.378687e-01
  477 -3.380529e-01
  478 -3.381903e-01
  479 -3.382880e-01
  480 -3.383527e-01
  481 -3.383907e-01
  482 -3.384076e-01
  483 -3.384083e-01
  484 -3.383973e-01
  485 -3.383780e-01
  486 -3.383536e-01
  487 -3.383264e-01
  488 -3.382985e-01
  489 -3.382711e-01
  490 -3.382455e-01
  491 -3.382223e-01
  492 -3.382020e-01
  493 -3.381847e-01
  494 -3.381705e-01
  495 -3.381592e-01
  496 -3.381508e-01
  497 -3.381450e-01
  498 -3.381414e-01
  499 -3.381398e-01
  500 -3.381398e-01
  501 -3.381411e-01
  502 -3.381435e-01
  503 -3.381467e-01
  504 -3.381506e-01
  505 -3.381548e-01
  506 -3.381592e-01
  507 -3.381638e-01
  508 -3.381683e-01
  509 -3.381728e-01
  510 -3.381771e-01
  511 -3.381813e-01
  512 -3.381852e-01
  513 -3.381889e-01
  514 -3.381923e-01
  515 -3.381956e-01
  516 -3.381986e-01
  517 -3.382014e-01
  518 -3.382040e-01
  519 -3.382065e-01
  520 -3.382088e-01
  521 -3.382109e-01
  522 -3.382130e-01
  523 -3.382150e-01
  524 -3.382168e-01
  525 -3.382186e-01
  526 -3.382204e-01
  527 -3.382221e-01
  528 -3.382237e-01
  529 -3.382254e-01
  530 -3.382269e-01
  531 -3.382285e-01
  532 -3.382300e-01
  533 -3.382315e-01
  534 -3.382330e-01
  535 -3.382345e-01
  536 -3.382360e-01
  537 -3.382374e-01
  538 -3.382388e-01
  539 -3.382402e-01
  540 -3.382416e-01
  541 -3.382430e-01
  542 -3.382443e-01
  543 -3.382456e-01
  544 -3.382469e-01
  545 -3.382482e-01
  546 -3.382494e-01
  547 -3.382507e-01
  548 -3.382519e-01
  549 -3.382531e-01
  550 -3.382542e-01
  551 -3.382554e-01
  552 -3.382565e-01
  553 -3.382576e-01
  554 -3.382587e-01
  555 -3.382598e-01
  556 -3.382608e-01
  557 -3.382618e-01
  558 -3.382628e-01
  559 -3.382638e-01
  560 -3.382648e-01
  561 -3.382657e-01
  562 -3.382666e-01
  563 -3.382676e-01
  564 -3.382685e-01
  565 -3.382693e-01
  566 -3.382702e-01
  567 -3.382710e-01
  568 -3.382719e-01
  569 -3.382727e-01
  570 -3.382735e-01
  571 -3.382743e-01
  572 -3.382750e-01
  573 -3.382758e-01
  574 -3.382765e-01
  575 -3.382773e-01
  576 -3.382780e-01
  577 -3.382787e-01
  578 -3.382794e-01
  579 -3.382800e-01
  580 -3.382807e-01
  581 -3.382814e-01
  582 -3.382820e-01
  583 -3.382826e-01
  584 -3.382832e-01
  585 -3.382838e-01
  586 -3.382844e-01
  587 -3.382850e-01
  588 -3.382856e-01
  589 -3.382861e-01
  590 -3.382867e-01
  591 -3.382872e-01
  592 -3.382877e-01
  593 -3.382883e-01
  594 -3.382888e-01
  595 -3.382893e-01
  596 -3.382898e-01
  597 -3.382902e-01
  598 -3.382907e-01
  599 -3.382912e-01
  600 -3.382916e-01
  601 -5.624599e-01
  602 -4.906994e-01
  603 -5.103362e-01
  604 -4.982712e-01
  605 -4.996643e-01
  606 -4.949663e-01
  607 -4.909410e-01
  608 -4.852839e-01
  609 -4.793653e-01
  610 -4.731385e-01
  611 -4.670068e-01
  612 -4.611120e-01
  613 -4.556149e-01
  614 -4.506010e-01
  615 -4.461274e-01
  616 -4.422156e-01
  617 -4.388636e-01
  618 -4.360503e-01
  619 -4.337406e-01
  620 -4.318907e-01
  621 -4.304511e-01
  622 -4.293701e-01
  623 -4.285961e-01
  624 -4.280793e-01
  625 -4.277729e-01
  626 -4.276345e-01
  627 -4.276259e-01
  628 -4.277141e-01
  629 -4.278706e-01
  630 -4.280717e-01
  631 -4.282980e-01
  632 -4.285341e-01
  633 -4.287681e-01
  634 -4.289912e-01
  635 -4.291973e-01
  636 -4.293824e-01
  637 -4.295444e-01
  638 -4.296826e-01
  639 -4.297972e-01
  640 -4.298896e-01
  641 -4.299614e-01
  642 -4.300147e-01
  643 -4.300517e-01
  644 -4.300749e-01
  645 -4.300864e-01
  646 -4.300885e-01
  647 -4.300830e-01
  648 -4.300719e-01
  649 -4.300566e-01
  650 -4.300384e-01
  651 -4.300186e-01
  652 -4.299979e-01
  653 -4.299772e-01
  654 -4.299569e-01
  655 -4.299375e-01
  656 -4.299192e-01
  657 -4.299023e-01
  658 -4.298868e-01
  659 -4.298727e-01
  660 -4.298600e-01
  661 -7.688620e-01
  662 -6.258413e-01
  663 -6.696584e-01
  664 -6.334135e-01
  665 -6.216002e-01
  666 -5.983261e-01
  667 -5.794557e-01
  668 -5.602443e-01
  669 -5.432410e-01
  670 -5.279216e-01
  671 -5.147133e-01
  672 -5.035198e-01
  673 -4.943193e-01
  674 -4.869702e-01
  675 -4.813131e-01
  676 -4.771562e-01
  677 -4.742998e-01
  678 -4.725426e-01
  679 -4.716912e-01
  680 -4.715644e-01
  681 -4.719979e-01
  682 -4.728461e-01
  683 -4.739828e-01
  684 -4.753016e-01
  685 -4.767145e-01
  686 -4.781514e-01
  687 -4.795578e-01
  688 -4.808933e-01
  689 -4.821296e-01
  690 -4.832486e-01
  691 -4.842408e-01
  692 -4.851031e-01
  693 -4.858381e-01
  694 -4.864519e-01
  695 -4.869535e-01
  696 -4.873536e-01
  697 -4.876638e-01
  698 -4.878961e-01
  699 -4.880623e-01
  700 -4.881735e-01
  701 -4.882400e-01
  702 -4.882713e-01
  703 -4.882756e-01
  704 -4.882601e-01
  705 -4.882308e-01
  706 -4.881928e-01
  707 -4.881501e-01
  708 -4.881059e-01
  709 -4.880627e-01
  710 -4.880222e-01
  711 -4.879856e-01
  712 -4.879537e-01
  713 -4.879267e-01
  714 -4.879048e-01
  715 -4.878878e-01
  716 -4.878754e-01
  717 -4.878672e-01
  718 -4.878627e-01
  719 -4.878614e-01
  720 -4.878628e-01
  721 -4.878663e-01
  722 -4.878716e-01
  723 -4.878782e-01
  724 -4.878858e-01
  725 -4.878940e-01
  726 -4.879025e-01
  727 -4.879112e-01
  728 -4.879198e-01
  729 -4.879283e-01
  730 -4.879365e-01
  731 -4.879443e-01
  732 -4.879518e-01
  733 -4.879589e-01
  734 -4.879655e-01
  735 -4.879718e-01
  736 -4.879776e-01
  737 -4.879831e-01
  738 -4.879882e-01
  739 -4.879931e-01
  740 -4.879977e-01
  741 -4.880020e-01
  742 -4.880061e-01
  743 -4.880101e-01
  744 -4.880139e-01
  745 -4.880175e-01
  746 -4.880211e-01
  747 -4.880245e-01
  748 -4.880278e-01
  749 -4.880311e-01
  750 -4.880343e-01
  751 -4.880375e-01
  752 -4.880406e-01
  753 -4.880436e-01
  754 -4.880466e-01
  755 -4.880495e-01
  756 -4.880524e-01
  757 -4.880553e-01
  758 -4.880581e-01
  759 -4.880609e-01
  760 -4.880636e-01
  761 -4.880663e-01
  762 -4.880689e-01
  763 -4.880715e-01
  764 -4.880741e-01
  765 -4.880766e-01
  766 -4.880790e-01
  767 -4.880814e-01
  768 -4.880838e-01
  769 -4.880861e-01
  770 -4.880884e-01
  771 -4.880906e-01
  772 -4.880928e-01
  773 -4.880950e-01
  774 -4.880971e-01
  775 -4.880991e-01
  776 -4.881012e-01
  777 -4.881032e-01
  778 -4.881051e-01
  779 -4.881070e-01
  780 -4.881089e-01
  781 -4.881107e-01
  782 -4.881125e-01
  783 -4.881143e-01
  784 -4.881160e-01
  785 -4.881177e-01
  786 -4.881194e-01
  787 -4.881210e-01
  788 -4.881226e-01
  789 -4.881242e-01
  790 -4.881257e-01
  791 -4.881273e-01
  792 -4.881287e-01
  793 -4.881302e-01
  794 -4.881316e-01
  795 -4.881330e-01
  796 -4.881344e-01
  797 -4.881357e-01
  798 -4.881371e-01
  799 -4.881384e-01
  800 -4.881396e-01
