    1     0
    2     0
    3     0
    4     0
    5     0
    6     0
    7     0
    8     0
    9     0
   10     0
   11     0
   12     0
   13 7.481418e-03
   14 -5.349122e-02
   15 -1.076424e-01
   16 -1.702596e-01
   17 -2.292974e-01
   18 -2.858695e-01
   19 -3.373709e-01
   20 -3.834070e-01
   21 -4.233642e-01
   22 -4.572104e-01
   23 -4.850823e-01
   24 -5.073420e-01
   25 -5.244687e-01
   26 -5.370257e-01
   27 -5.456124e-01
   28 -5.508349e-01
   29 -5.532799e-01
   30 -5.534979e-01
   31 -5.519908e-01
   32 -5.492049e-01
   33 -5.455277e-01
   34 -5.412875e-01
   35 -5.367556e-01
   36 -5.321499e-01
   37 -5.276397e-01
   38 -5.233513e-01
   39 -5.193734e-01
   40 -5.157632e-01
   41 -5.125518e-01
   42 -5.097489e-01
   43 -5.073483e-01
   44 -5.053313e-01
   45 -5.036707e-01
   46 -5.023335e-01
   47 -5.012837e-01
   48 -5.004843e-01
   49 -4.998988e-01
   50 -4.994920e-01
   51 -4.992316e-01
   52 -4.990880e-01
   53 -4.990351e-01
   54 -4.990502e-01
   55 -4.991138e-01
   56 -4.992098e-01
   57 -4.993251e-01
   58 -4.994492e-01
   59 -4.995742e-01
   60 -4.996940e-01
   61 -4.998046e-01
   62 -4.999033e-01
   63 -4.999886e-01
   64 -5.000600e-01
   65 -5.001176e-01
   66 -5.001623e-01
   67 -5.001950e-01
   68 -5.002171e-01
   69 -5.002300e-01
   70 -5.002351e-01
   71 -5.002339e-01
   72 -5.002277e-01
   73 -5.002177e-01
   74 -5.002049e-01
   75 -5.001904e-01
   76 -5.001749e-01
   77 -5.001590e-01
   78 -5.001433e-01
   79 -5.001281e-01
   80 -5.001138e-01
   81 -5.001006e-01
   82 -5.000885e-01
   83 -5.000776e-01
   84 -5.000680e-01
   85 -5.000595e-01
   86 -5.000522e-01
   87 -5.000459e-01
   88 -5.000406e-01
   89 -5.000361e-01
   90 -5.000323e-01
   91 -5.000292e-01
   92 -5.000267e-01
   93 -5.000246e-01
   94 -5.000229e-01
   95 -5.000214e-01
   96 -5.000203e-01
   97 -5.000193e-01
   98 -5.000184e-01
   99 -5.000177e-01
  100 -5.000170e-01
  101 -5.000164e-01
  102 -5.000159e-01
  103 -5.000153e-01
  104 -5.000148e-01
  105 -5.000143e-01
  106 -5.000137e-01
  107 -5.000132e-01
  108 -5.000127e-01
  109 -5.000122e-01
  110 -5.000117e-01
  111 -5.000112e-01
  112 -5.000107e-01
  113 -5.000102e-01
  114 -5.000098e-01
  115 -5.000093e-01
  116 -5.000089e-01
  117 -5.000084e-01
  118 -5.000080e-01
  119 -5.000077e-01
  120 -5.000073e-01
  121 -5.000069e-01
  122 -5.000066e-01
  123 -5.000063e-01
  124 -5.000060e-01
  125 -5.000057e-01
  126 -5.000055e-01
  127 -5.000052e-01
  128 -5.000050e-01
  129 -5.000048e-01
  130 -5.000046e-01
  131 -3.320039e-01
  132 -3.509331e-01
  133 -2.872889e-01
  134 -2.477563e-01
  135 -1.982451e-01
  136 -1.555620e-01
  137 -1.154042e-01
  138 -8.047704e-02
  139 -5.024121e-02
  140 -2.499172e-02
  141 -4.420142e-03
  142 1.175959e-02
  143 2.398196e-02
  144 3.270969e-02
  145 3.843425e-02
  146 4.164023e-02
  147 4.279209e-02
  148 4.231995e-02
  149 4.061214e-02
  150 3.801045e-02
  151 3.480862e-02
  152 3.125291e-02
  153 2.754440e-02
  154 2.384237e-02
  155 2.026847e-02
  156 1.691130e-02
  157 1.383102e-02
  158 1.106404e-02
  159 8.627308e-03
  160 6.522402e-03
  161 4.739103e-03
  162 3.258595e-03
  163 2.056185e-03
  164 1.103580e-03
  165 3.707557e-04
  166 -1.725771e-04
  167 -5.558392e-04
  168 -8.067603e-04
  169 -9.508144e-04
  170 -1.010873e-03
  171 -1.007036e-03
  172 -9.565993e-04
  173 -8.741379e-04
  174 -7.716576e-04
  175 -6.588065e-04
  176 -5.431180e-04
  177 -4.302689e-04
  178 -3.243416e-04
  179 -2.280783e-04
  180 -1.431202e-04
  181 -7.022800e-05
  182 -9.478455e-06
  183 3.956287e-05
  184 7.769357e-05
  185 1.059503e-04
  186 1.255070e-04
  187 1.375941e-04
  188 1.434357e-04
  189 1.442030e-04
  190 1.409821e-04
  191 1.347523e-04
  192 1.263750e-04
  193 1.165888e-04
  194 1.060121e-04
  195 9.514784e-05
  196 8.439320e-05
  197 7.404976e-05
  198 6.433541e-05
  199 5.539627e-05
  200 4.731850e-05
  201 -1.142673e-01
  202 -6.703696e-02
  203 -7.080675e-02
  204 -5.806099e-02
  205 -5.336428e-02
  206 -4.599900e-02
  207 -3.966243e-02
  208 -3.308375e-02
  209 -2.698421e-02
  210 -2.129551e-02
  211 -1.618499e-02
  212 -1.167118e-02
  213 -7.780511e-03
  214 -4.498539e-03
  215 -1.797745e-03
  216 3.650406e-04
  217 2.040882e-03
  218 3.286022e-03
  219 4.158309e-03
  220 4.714904e-03
  221 -1.159983e-01
  222 -5.359812e-02
  223 -6.385233e-02
  224 -4.470642e-02
  225 -3.617094e-02
  226 -2.442527e-02
  227 -1.541152e-02
  228 -7.164859e-03
  229 -5.092492e-04
  230 4.902690e-03
  231 9.044166e-03
  232 1.207572e-02
  233 1.411462e-02
  234 1.530832e-02
  235 1.579553e-02
  236 1.571261e-02
  237 1.518496e-02
  238 1.432626e-02
  239 1.323625e-02
  240 1.200046e-02
  241 1.069027e-02
  242 9.363558e-03
  243 8.065710e-03
  244 6.830890e-03
  245 5.683399e-03
  246 4.639099e-03
  247 3.706800e-03
  248 2.889591e-03
  249 2.186054e-03
  250 1.591367e-03
  251 1.098256e-03
  252 6.978253e-04
  253 3.802348e-04
  254 1.352619e-04
  255 -4.726110e-05
  256 -1.771141e-04
  257 -2.634491e-04
  258 -3.146286e-04
  259 -3.381311e-04
  260 -3.405091e-04
  261 6.687281e-02
  262 5.932493e-02
  263 8.481328e-02
  264 1.006607e-01
  265 1.205009e-01
  266 1.376092e-01
  267 1.537056e-01
  268 1.677068e-01
  269 1.798281e-01
  270 1.899513e-01
  271 1.981996e-01
  272 2.046875e-01
  273 2.095892e-01
  274 2.130899e-01
  275 2.153867e-01
  276 2.166737e-01
  277 2.171372e-01
  278 2.169494e-01
  279 2.162661e-01
  280 2.152243e-01
  281 2.139418e-01
  282 2.125172e-01
  283 2.110313e-01
  284 2.095478e-01
  285 2.081156e-01
  286 2.067702e-01
  287 2.055357e-01
  288 2.044267e-01
  289 2.034501e-01
  290 2.026065e-01
  291 2.018917e-01
  292 2.012983e-01
  293 2.008164e-01
  294 2.004346e-01
  295 2.001409e-01
  296 1.999232e-01
  297 1.997696e-01
  298 1.996691e-01
  299 1.996114e-01
  300 1.995874e-01
  301 1.995890e-01
  302 1.996093e-01
  303 1.996425e-01
  304 1.996836e-01
  305 1.997290e-01
  306 1.997754e-01
  307 1.998207e-01
  308 1.998633e-01
  309 1.999020e-01
  310 1.999361e-01
  311 1.999654e-01
  312 1.999899e-01
  313 2.000096e-01
  314 2.000250e-01
  315 2.000364e-01
  316 2.000443e-01
  317 2.000492e-01
  318 2.000517e-01
  319 2.000521e-01
  320 2.000508e-01
  321 2.000484e-01
  322 2.000451e-01
  323 2.000413e-01
  324 2.000371e-01
  325 2.000328e-01
  326 2.000286e-01
  327 2.000245e-01
  328 2.000207e-01
  329 2.000172e-01
  330 2.000140e-01
  331 2.000112e-01
  332 2.000088e-01
  333 2.000067e-01
  334 2.000049e-01
  335 2.000034e-01
  336 2.000022e-01
  337 2.000012e-01
  338 2.000005e-01
  339 1.999999e-01
  340 1.999994e-01
  341 1.999991e-01
  342 1.999989e-01
  343 1.999988e-01
  344 1.999987e-01
  345 1.999986e-01
  346 1.999986e-01
  347 1.999986e-01
  348 1.999986e-01
  349 1.999986e-01
  350 1.999986e-01
  351 1.999986e-01
  352 1.999986e-01
  353 1.999986e-01
  354 1.999986e-01
  355 1.999986e-01
  356 1.999986e-01
  357 1.999986e-01
  358 1.999986e-01
  359 1.999986e-01
  360 1.999985e-01
  361 1.999985e-01
  362 1.999985e-01
  363 1.999984e-01
  364 1.999984e-01
  365 1.999984e-01
  366 1.999984e-01
  367 1.999984e-01
  368 1.999983e-01
  369 1.999983e-01
  370 1.999983e-01
  371 1.999983e-01
  372 1.999983e-01
  373 1.999983e-01
  374 1.999983e-01
  375 1.999983e-01
  376 1.999983e-01
  377 1.999983e-01
  378 1.999983e-01
  379 1.999983e-01
  380 1.999983e-01
  381 1.999984e-01
  382 1.999984e-01
  383 1.999984e-01
  384 1.999984e-01
  385 1.999984e-01
  386 1.999984e-01
  387 1.999985e-01
  388 1.999985e-01
  389 1.999985e-01
  390 1.999985e-01
  391 3.199802e-02
  392 5.092745e-02
  393 -1.271654e-02
  394 -5.224891e-02
  395 -1.017600e-01
  396 -1.444429e-01
  397 -1.846006e-01
  398 -2.195276e-01
  399 -2.497632e-01
  400 -2.750126e-01
  401 -2.498610e-01
  402 -2.849353e-01
  403 -2.956518e-01
  404 -3.094796e-01
  405 -3.170842e-01
  406 -3.232375e-01
  407 -3.269249e-01
  408 -3.290849e-01
  409 -3.298175e-01
  410 -3.294917e-01
  411 -3.283344e-01
  412 -3.265844e-01
  413 -3.244323e-01
  414 -3.220431e-01
  415 -3.195496e-01
  416 -3.170575e-01
  417 -3.146476e-01
  418 -3.123786e-01
  419 -3.102908e-01
  420 -3.084085e-01
  421 -3.067433e-01
  422 -3.052968e-01
  423 -3.040627e-01
  424 -3.030288e-01
  425 -3.021793e-01
  426 -3.014960e-01
  427 -3.009592e-01
  428 -3.005494e-01
  429 -3.002473e-01
  430 -3.000348e-01
  431 -2.998952e-01
  432 -2.998136e-01
  433 -2.997768e-01
  434 -2.997733e-01
  435 -2.997935e-01
  436 -2.998294e-01
  437 -2.998747e-01
  438 -2.999242e-01
  439 -2.999741e-01
  440 -3.000215e-01
  441 -2.274594e-01
  442 -2.648859e-01
  443 -2.588122e-01
  444 -2.704465e-01
  445 -2.757613e-01
  446 -2.830315e-01
  447 -2.886773e-01
  448 -2.938665e-01
  449 -2.980958e-01
  450 -3.015672e-01
  451 -3.042603e-01
  452 -3.062684e-01
  453 -3.076605e-01
  454 -3.085246e-01
  455 -3.089445e-01
  456 -3.090028e-01
  457 -3.087763e-01
  458 -3.083348e-01
  459 -3.077401e-01
  460 -3.070453e-01
  461 -3.062951e-01
  462 -3.055260e-01
  463 -3.047668e-01
  464 -3.040395e-01
  465 -3.033598e-01
  466 -3.027385e-01
  467 -3.021818e-01
  468 -3.016924e-01
  469 -3.012699e-01
  470 -3.009121e-01
  471 -3.006149e-01
  472 -3.003733e-01
  473 -3.001816e-01
  474 -3.000337e-01
  475 -2.999238e-01
  476 -2.998459e-01
  477 -2.997945e-01
  478 -2.997646e-01
  479 -2.997516e-01
  480 -2.997516e-01
  481 -2.997612e-01
  482 -2.997774e-01
  483 -2.997979e-01
  484 -2.998207e-01
  485 -2.998443e-01
  486 -2.998675e-01
  487 -2.998895e-01
  488 -2.999098e-01
  489 -2.999279e-01
  490 -2.999438e-01
  491 -2.999573e-01
  492 -2.999686e-01
  493 -2.999777e-01
  494 -2.999848e-01
  495 -2.999902e-01
  496 -2.999941e-01
  497 -2.999968e-01
  498 -2.999984e-01
  499 -2.999991e-01
  500 -2.999992e-01
  501 -2.999988e-01
  502 -2.999980e-01
  503 -2.999971e-01
  504 -2.999960e-01
  505 -2.999948e-01
  506 -2.999937e-01
  507 -2.999927e-01
  508 -2.999917e-01
  509 -2.999909e-01
  510 -2.999902e-01
  511 -2.999897e-01
  512 -2.999892e-01
  513 -2.999889e-01
  514 -2.999887e-01
  515 -2.999886e-01
  516 -2.999886e-01
  517 -2.999887e-01
  518 -2.999888e-01
  519 -2.999889e-01
  520 -2.999892e-01
  521 -2.999894e-01
  522 -2.999896e-01
  523 -2.999899e-01
  524 -2.999902e-01
  525 -2.999904e-01
  526 -2.999907e-01
  527 -2.999910e-01
  528 -2.999912e-01
  529 -2.999915e-01
  530 -2.999917e-01
  531 -2.999919e-01
  532 -2.999921e-01
  533 -2.999923e-01
  534 -2.999925e-01
  535 -2.999927e-01
  536 -2.999928e-01
  537 -2.999930e-01
  538 -2.999931e-01
  539 -2.999933e-01
  540 -2.999934e-01
  541 -2.999935e-01
  542 -2.999937e-01
  543 -2.999938e-01
  544 -2.999939e-01
  545 -2.999940e-01
  546 -2.999941e-01
  547 -2.999942e-01
  548 -2.999943e-01
  549 -2.999944e-01
  550 -2.999945e-01
  551 -2.999946e-01
  552 -2.999947e-01
  553 -2.999948e-01
  554 -2.999949e-01
  555 -2.999950e-01
  556 -2.999951e-01
  557 -2.999952e-01
  558 -2.999953e-01
  559 -2.999954e-01
  560 -2.999955e-01
  561 -2.999956e-01
  562 -2.999956e-01
  563 -2.999957e-01
  564 -2.999958e-01
  565 -2.999959e-01
  566 -2.999959e-01
  567 -2.999960e-01
  568 -2.999961e-01
  569 -2.999962e-01
  570 -2.999962e-01
  571 -2.999963e-01
  572 -2.999964e-01
  573 -2.999964e-01
  574 -2.999965e-01
  575 -2.999966e-01
  576 -2.999966e-01
  577 -2.999967e-01
  578 -2.999968e-01
  579 -2.999968e-01
  580 -2.999969e-01
  581 -2.999969e-01
  582 -2.999970e-01
  583 -2.999971e-01
  584 -2.999971e-01
  585 -2.999972e-01
  586 -2.999972e-01
  587 -2.999973e-01
  588 -2.999973e-01
  589 -2.999974e-01
  590 -2.999974e-01
  591 -2.999975e-01
  592 -2.999975e-01
  593 -2.999976e-01
  594 -2.999976e-01
  595 -2.999977e-01
  596 -2.999977e-01
  597 -2.999977e-01
  598 -2.999978e-01
  599 -2.999978e-01
  600 -2.999979e-01
  601 -2.199827e-01
  602 -2.530484e-01
  603 -2.504134e-01
  604 -2.593386e-01
  605 -2.626291e-01
  606 -2.677870e-01
  607 -2.722245e-01
  608 -2.768310e-01
  609 -2.811019e-01
  610 -2.850849e-01
  611 -2.886630e-01
  612 -2.918232e-01
  613 -2.945470e-01
  614 -2.968447e-01
  615 -2.987355e-01
  616 -3.002496e-01
  617 -3.014229e-01
  618 -3.022946e-01
  619 -3.029053e-01
  620 -3.032950e-01
  621 -3.035019e-01
  622 -3.035616e-01
  623 -3.035061e-01
  624 -3.033640e-01
  625 -3.031600e-01
  626 -3.029151e-01
  627 -3.026466e-01
  628 -3.023686e-01
  629 -3.020921e-01
  630 -3.018255e-01
  631 -3.015746e-01
  632 -3.013437e-01
  633 -3.011350e-01
  634 -3.009496e-01
  635 -3.007876e-01
  636 -3.006482e-01
  637 -3.005300e-01
  638 -3.004313e-01
  639 -3.003502e-01
  640 -3.002846e-01
  641 -3.002325e-01
  642 -3.001918e-01
  643 -3.001607e-01
  644 -3.001374e-01
  645 -3.001205e-01
  646 -3.001086e-01
  647 -3.001004e-01
  648 -3.000950e-01
  649 -3.000916e-01
  650 -3.000896e-01
  651 -3.000883e-01
  652 -3.000875e-01
  653 -3.000867e-01
  654 -3.000859e-01
  655 -3.000848e-01
  656 -3.000834e-01
  657 -3.000817e-01
  658 -3.000796e-01
  659 -3.000772e-01
  660 -3.000746e-01
  661 -1.790631e-01
  662 -2.413751e-01
  663 -2.311972e-01
  664 -2.505430e-01
  665 -2.593669e-01
  666 -2.714595e-01
  667 -2.808539e-01
  668 -2.894949e-01
  669 -2.965429e-01
  670 -3.023333e-01
  671 -3.068307e-01
  672 -3.101900e-01
  673 -3.125250e-01
  674 -3.139816e-01
  675 -3.146986e-01
  676 -3.148132e-01
  677 -3.144530e-01
  678 -3.137340e-01
  679 -3.127586e-01
  680 -3.116154e-01
  681 -3.103787e-01
  682 -3.091092e-01
  683 -3.078549e-01
  684 -3.066525e-01
  685 -3.055285e-01
  686 -3.045006e-01
  687 -3.035794e-01
  688 -3.027692e-01
  689 -3.020700e-01
  690 -3.014777e-01
  691 -3.009859e-01
  692 -3.005863e-01
  693 -3.002693e-01
  694 -3.000251e-01
  695 -2.998437e-01
  696 -2.997155e-01
  697 -2.996312e-01
  698 -2.995827e-01
  699 -2.995622e-01
  700 -2.995633e-01
  701 -2.995802e-01
  702 -2.996082e-01
  703 -2.996431e-01
  704 -2.996819e-01
  705 -2.997220e-01
  706 -2.997615e-01
  707 -2.997989e-01
  708 -2.998334e-01
  709 -2.998644e-01
  710 -2.998914e-01
  711 -2.999146e-01
  712 -2.999340e-01
  713 -2.999498e-01
  714 -2.999623e-01
  715 -2.999718e-01
  716 -2.999789e-01
  717 -2.999838e-01
  718 -2.999869e-01
  719 -2.999886e-01
  720 -2.999892e-01
  721 -2.999889e-01
  722 -2.999880e-01
  723 -2.999868e-01
  724 -2.999853e-01
  725 -2.999838e-01
  726 -2.999822e-01
  727 -2.999808e-01
  728 -2.999795e-01
  729 -2.999784e-01
  730 -2.999775e-01
  731 -2.999768e-01
  732 -2.999763e-01
  733 -2.999760e-01
  734 -2.999758e-01
  735 -2.999759e-01
  736 -2.999760e-01
  737 -2.999763e-01
  738 -2.999767e-01
  739 -2.999771e-01
  740 -2.999776e-01
  741 -2.999781e-01
  742 -2.999787e-01
  743 -2.999793e-01
  744 -2.999799e-01
  745 -2.999804e-01
  746 -2.999810e-01
  747 -2.999815e-01
  748 -2.999821e-01
  749 -2.999826e-01
  750 -2.999830e-01
  751 -2.999835e-01
  752 -2.999839e-01
  753 -2.999843e-01
  754 -2.999847e-01
  755 -2.999851e-01
  756 -2.999855e-01
  757 -2.999858e-01
  758 -2.999861e-01
  759 -2.999864e-01
  760 -2.999867e-01
  761 -2.999870e-01
  762 -2.999873e-01
  763 -2.999875e-01
  764 -2.999878e-01
  765 -2.999880e-01
  766 -2.999883e-01
  767 -2.999885e-01
  768 -2.999887e-01
  769 -2.999889e-01
  770 -2.999892e-01
  771 -2.999894e-01
  772 -2.999896e-01
  773 -2.999898e-01
  774 -2.999900e-01
  775 -2.999902e-01
  776 -2.999904e-01
  777 -2.999906e-01
  778 -2.999907e-01
  779 -2.999909e-01
  780 -2.999911e-01
  781 -2.999913e-01
  782 -2.999914e-01
  783 -2.999916e-01
  784 -2.999918e-01
  785 -2.999919e-01
  786 -2.999921e-01
  787 -2.999922e-01
  788 -2.999924e-01
  789 -2.999925e-01
  790 -2.999927e-01
  791 -2.999928e-01
  792 -2.999930e-01
  793 -2.999931e-01
  794 -2.999932e-01
  795 -2.999934e-01
  796 -2.999935e-01
  797 -2.999936e-01
  798 -2.999937e-01
  799 -2.999939e-01
  800 -2.999940e-01
