    1 -5.000000e-01
    2 -5.000000e-01
    3 -5.000000e-01
    4 -5.000000e-01
    5 -5.000000e-01
    6 -5.000000e-01
    7 -5.000000e-01
    8 -5.000000e-01
    9 -5.000000e-01
   10 -5.000000e-01
   11 -5.000000e-01
   12 -5.000000e-01
   13 -5.000000e-01
   14 -5.000000e-01
   15 -5.000000e-01
   16 -5.000000e-01
   17 -5.000000e-01
   18 -5.000000e-01
   19 -5.000000e-01
   20 -5.000000e-01
   21 -5.000000e-01
   22 -5.000000e-01
   23 -5.000000e-01
   24 -5.000000e-01
   25 -5.000000e-01
   26 -5.000000e-01
   27 -5.000000e-01
   28 -5.000000e-01
   29 -5.000000e-01
   30 -5.000000e-01
   31 -5.000000e-01
   32 -5.000000e-01
   33 -5.000000e-01
   34 -5.000000e-01
   35 -5.000000e-01
   36 -5.000000e-01
   37 -5.000000e-01
   38 -5.000000e-01
   39 -5.000000e-01
   40 -5.000000e-01
   41 -5.000000e-01
   42 -5.000000e-01
   43 -5.000000e-01
   44 -5.000000e-01
   45 -5.000000e-01
   46 -5.000000e-01
   47 -5.000000e-01
   48 -5.000000e-01
   49 -5.000000e-01
   50 -5.000000e-01
   51 -5.000000e-01
   52 -5.000000e-01
   53 -5.000000e-01
   54 -5.000000e-01
   55 -5.000000e-01
   56 -5.000000e-01
   57 -5.000000e-01
   58 -5.000000e-01
   59 -5.000000e-01
   60 -5.000000e-01
   61 -5.000000e-01
   62 -5.000000e-01
   63 -5.000000e-01
   64 -5.000000e-01
   65 -5.000000e-01
   66 -5.000000e-01
   67 -5.000000e-01
   68 -5.000000e-01
   69 -5.000000e-01
   70 -5.000000e-01
   71 -5.000000e-01
   72 -5.000000e-01
   73 -5.000000e-01
   74 -5.000000e-01
   75 -5.000000e-01
   76 -5.000000e-01
   77 -5.000000e-01
   78 -5.000000e-01
   79 -5.000000e-01
   80 -5.000000e-01
   81 -5.000000e-01
   82 -5.000000e-01
   83 -5.000000e-01
   84 -5.000000e-01
   85 -5.000000e-01
   86 -5.000000e-01
   87 -5.000000e-01
   88 -5.000000e-01
   89 -5.000000e-01
   90 -5.000000e-01
   91 -5.000000e-01
   92 -5.000000e-01
   93 -5.000000e-01
   94 -5.000000e-01
   95 -5.000000e-01
   96 -5.000000e-01
   97 -5.000000e-01
   98 -5.000000e-01
   99 -5.000000e-01
  100 -5.000000e-01
  101 -5.000000e-01
  102 -5.000000e-01
  103 -5.000000e-01
  104 -5.000000e-01
  105 -5.000000e-01
  106 -5.000000e-01
  107 -5.000000e-01
  108 -5.000000e-01
  109 -5.000000e-01
  110 -5.000000e-01
  111 -5.000000e-01
  112 -5.000000e-01
  113 -5.000000e-01
  114 -5.000000e-01
  115 -5.000000e-01
  116 -5.000000e-01
  117 -5.000000e-01
  118 -5.000000e-01
  119 -5.000000e-01
  120 -5.000000e-01
  121 -5.000000e-01
  122 -5.000000e-01
  123 -5.000000e-01
  124 -5.000000e-01
  125 -5.000000e-01
  126 -5.000000e-01
  127 -5.000000e-01
  128 -5.000000e-01
  129 -5.000000e-01
  130     0
  131     0
  132     0
  133     0
  134     0
  135     0
  136     0
  137     0
  138     0
  139     0
  140     0
  141     0
  142     0
  143     0
  144     0
  145     0
  146     0
  147     0
  148     0
  149     0
  150     0
  151     0
  152     0
  153     0
  154     0
  155     0
  156     0
  157     0
  158     0
  159     0
  160     0
  161     0
  162     0
  163     0
  164     0
  165     0
  166     0
  167     0
  168     0
  169     0
  170     0
  171     0
  172     0
  173     0
  174     0
  175     0
  176     0
  177     0
  178     0
  179     0
  180     0
  181     0
  182     0
  183     0
  184     0
  185     0
  186     0
  187     0
  188     0
  189     0
  190     0
  191     0
  192     0
  193     0
  194     0
  195     0
  196     0
  197     0
  198     0
  199     0
  200     0
  201     0
  202     0
  203     0
  204     0
  205     0
  206     0
  207     0
  208     0
  209     0
  210     0
  211     0
  212     0
  213     0
  214     0
  215     0
  216     0
  217     0
  218     0
  219     0
  220     0
  221     0
  222     0
  223     0
  224     0
  225     0
  226     0
  227     0
  228     0
  229     0
  230     0
  231     0
  232     0
  233     0
  234     0
  235     0
  236     0
  237     0
  238     0
  239     0
  240     0
  241     0
  242     0
  243     0
  244     0
  245     0
  246     0
  247     0
  248     0
  249     0
  250     0
  251     0
  252     0
  253     0
  254     0
  255     0
  256     0
  257     0
  258     0
  259     0
  260 2.000000e-01
  261 2.000000e-01
  262 2.000000e-01
  263 2.000000e-01
  264 2.000000e-01
  265 2.000000e-01
  266 2.000000e-01
  267 2.000000e-01
  268 2.000000e-01
  269 2.000000e-01
  270 2.000000e-01
  271 2.000000e-01
  272 2.000000e-01
  273 2.000000e-01
  274 2.000000e-01
  275 2.000000e-01
  276 2.000000e-01
  277 2.000000e-01
  278 2.000000e-01
  279 2.000000e-01
  280 2.000000e-01
  281 2.000000e-01
  282 2.000000e-01
  283 2.000000e-01
  284 2.000000e-01
  285 2.000000e-01
  286 2.000000e-01
  287 2.000000e-01
  288 2.000000e-01
  289 2.000000e-01
  290 2.000000e-01
  291 2.000000e-01
  292 2.000000e-01
  293 2.000000e-01
  294 2.000000e-01
  295 2.000000e-01
  296 2.000000e-01
  297 2.000000e-01
  298 2.000000e-01
  299 2.000000e-01
  300 2.000000e-01
  301 2.000000e-01
  302 2.000000e-01
  303 2.000000e-01
  304 2.000000e-01
  305 2.000000e-01
  306 2.000000e-01
  307 2.000000e-01
  308 2.000000e-01
  309 2.000000e-01
  310 2.000000e-01
  311 2.000000e-01
  312 2.000000e-01
  313 2.000000e-01
  314 2.000000e-01
  315 2.000000e-01
  316 2.000000e-01
  317 2.000000e-01
  318 2.000000e-01
  319 2.000000e-01
  320 2.000000e-01
  321 2.000000e-01
  322 2.000000e-01
  323 2.000000e-01
  324 2.000000e-01
  325 2.000000e-01
  326 2.000000e-01
  327 2.000000e-01
  328 2.000000e-01
  329 2.000000e-01
  330 2.000000e-01
  331 2.000000e-01
  332 2.000000e-01
  333 2.000000e-01
  334 2.000000e-01
  335 2.000000e-01
  336 2.000000e-01
  337 2.000000e-01
  338 2.000000e-01
  339 2.000000e-01
  340 2.000000e-01
  341 2.000000e-01
  342 2.000000e-01
  343 2.000000e-01
  344 2.000000e-01
  345 2.000000e-01
  346 2.000000e-01
  347 2.000000e-01
  348 2.000000e-01
  349 2.000000e-01
  350 2.000000e-01
  351 2.000000e-01
  352 2.000000e-01
  353 2.000000e-01
  354 2.000000e-01
  355 2.000000e-01
  356 2.000000e-01
  357 2.000000e-01
  358 2.000000e-01
  359 2.000000e-01
  360 2.000000e-01
  361 2.000000e-01
  362 2.000000e-01
  363 2.000000e-01
  364 2.000000e-01
  365 2.000000e-01
  366 2.000000e-01
  367 2.000000e-01
  368 2.000000e-01
  369 2.000000e-01
  370 2.000000e-01
  371 2.000000e-01
  372 2.000000e-01
  373 2.000000e-01
  374 2.000000e-01
  375 2.000000e-01
  376 2.000000e-01
  377 2.000000e-01
  378 2.000000e-01
  379 2.000000e-01
  380 2.000000e-01
  381 2.000000e-01
  382 2.000000e-01
  383 2.000000e-01
  384 2.000000e-01
  385 2.000000e-01
  386 2.000000e-01
  387 2.000000e-01
  388 2.000000e-01
  389 2.000000e-01
  390 -3.000000e-01
  391 -3.000000e-01
  392 -3.000000e-01
  393 -3.000000e-01
  394 -3.000000e-01
  395 -3.000000e-01
  396 -3.000000e-01
  397 -3.000000e-01
  398 -3.000000e-01
  399 -3.000000e-01
  400 -3.000000e-01
  401 -3.000000e-01
  402 -3.000000e-01
  403 -3.000000e-01
  404 -3.000000e-01
  405 -3.000000e-01
  406 -3.000000e-01
  407 -3.000000e-01
  408 -3.000000e-01
  409 -3.000000e-01
  410 -3.000000e-01
  411 -3.000000e-01
  412 -3.000000e-01
  413 -3.000000e-01
  414 -3.000000e-01
  415 -3.000000e-01
  416 -3.000000e-01
  417 -3.000000e-01
  418 -3.000000e-01
  419 -3.000000e-01
  420 -3.000000e-01
  421 -3.000000e-01
  422 -3.000000e-01
  423 -3.000000e-01
  424 -3.000000e-01
  425 -3.000000e-01
  426 -3.000000e-01
  427 -3.000000e-01
  428 -3.000000e-01
  429 -3.000000e-01
  430 -3.000000e-01
  431 -3.000000e-01
  432 -3.000000e-01
  433 -3.000000e-01
  434 -3.000000e-01
  435 -3.000000e-01
  436 -3.000000e-01
  437 -3.000000e-01
  438 -3.000000e-01
  439 -3.000000e-01
  440 -3.000000e-01
  441 -3.000000e-01
  442 -3.000000e-01
  443 -3.000000e-01
  444 -3.000000e-01
  445 -3.000000e-01
  446 -3.000000e-01
  447 -3.000000e-01
  448 -3.000000e-01
  449 -3.000000e-01
  450 -3.000000e-01
  451 -3.000000e-01
  452 -3.000000e-01
  453 -3.000000e-01
  454 -3.000000e-01
  455 -3.000000e-01
  456 -3.000000e-01
  457 -3.000000e-01
  458 -3.000000e-01
  459 -3.000000e-01
  460 -3.000000e-01
  461 -3.000000e-01
  462 -3.000000e-01
  463 -3.000000e-01
  464 -3.000000e-01
  465 -3.000000e-01
  466 -3.000000e-01
  467 -3.000000e-01
  468 -3.000000e-01
  469 -3.000000e-01
  470 -3.000000e-01
  471 -3.000000e-01
  472 -3.000000e-01
  473 -3.000000e-01
  474 -3.000000e-01
  475 -3.000000e-01
  476 -3.000000e-01
  477 -3.000000e-01
  478 -3.000000e-01
  479 -3.000000e-01
  480 -3.000000e-01
  481 -3.000000e-01
  482 -3.000000e-01
  483 -3.000000e-01
  484 -3.000000e-01
  485 -3.000000e-01
  486 -3.000000e-01
  487 -3.000000e-01
  488 -3.000000e-01
  489 -3.000000e-01
  490 -3.000000e-01
  491 -3.000000e-01
  492 -3.000000e-01
  493 -3.000000e-01
  494 -3.000000e-01
  495 -3.000000e-01
  496 -3.000000e-01
  497 -3.000000e-01
  498 -3.000000e-01
  499 -3.000000e-01
  500 -3.000000e-01
  501 -3.000000e-01
  502 -3.000000e-01
  503 -3.000000e-01
  504 -3.000000e-01
  505 -3.000000e-01
  506 -3.000000e-01
  507 -3.000000e-01
  508 -3.000000e-01
  509 -3.000000e-01
  510 -3.000000e-01
  511 -3.000000e-01
  512 -3.000000e-01
  513 -3.000000e-01
  514 -3.000000e-01
  515 -3.000000e-01
  516 -3.000000e-01
  517 -3.000000e-01
  518 -3.000000e-01
  519 -3.000000e-01
  520 -3.000000e-01
  521 -3.000000e-01
  522 -3.000000e-01
  523 -3.000000e-01
  524 -3.000000e-01
  525 -3.000000e-01
  526 -3.000000e-01
  527 -3.000000e-01
  528 -3.000000e-01
  529 -3.000000e-01
  530 -3.000000e-01
  531 -3.000000e-01
  532 -3.000000e-01
  533 -3.000000e-01
  534 -3.000000e-01
  535 -3.000000e-01
  536 -3.000000e-01
  537 -3.000000e-01
  538 -3.000000e-01
  539 -3.000000e-01
  540 -3.000000e-01
  541 -3.000000e-01
  542 -3.000000e-01
  543 -3.000000e-01
  544 -3.000000e-01
  545 -3.000000e-01
  546 -3.000000e-01
  547 -3.000000e-01
  548 -3.000000e-01
  549 -3.000000e-01
  550 -3.000000e-01
  551 -3.000000e-01
  552 -3.000000e-01
  553 -3.000000e-01
  554 -3.000000e-01
  555 -3.000000e-01
  556 -3.000000e-01
  557 -3.000000e-01
  558 -3.000000e-01
  559 -3.000000e-01
  560 -3.000000e-01
  561 -3.000000e-01
  562 -3.000000e-01
  563 -3.000000e-01
  564 -3.000000e-01
  565 -3.000000e-01
  566 -3.000000e-01
  567 -3.000000e-01
  568 -3.000000e-01
  569 -3.000000e-01
  570 -3.000000e-01
  571 -3.000000e-01
  572 -3.000000e-01
  573 -3.000000e-01
  574 -3.000000e-01
  575 -3.000000e-01
  576 -3.000000e-01
  577 -3.000000e-01
  578 -3.000000e-01
  579 -3.000000e-01
  580 -3.000000e-01
  581 -3.000000e-01
  582 -3.000000e-01
  583 -3.000000e-01
  584 -3.000000e-01
  585 -3.000000e-01
  586 -3.000000e-01
  587 -3.000000e-01
  588 -3.000000e-01
  589 -3.000000e-01
  590 -3.000000e-01
  591 -3.000000e-01
  592 -3.000000e-01
  593 -3.000000e-01
  594 -3.000000e-01
  595 -3.000000e-01
  596 -3.000000e-01
  597 -3.000000e-01
  598 -3.000000e-01
  599 -3.000000e-01
  600 -3.000000e-01
  601 -3.000000e-01
  602 -3.000000e-01
  603 -3.000000e-01
  604 -3.000000e-01
  605 -3.000000e-01
  606 -3.000000e-01
  607 -3.000000e-01
  608 -3.000000e-01
  609 -3.000000e-01
  610 -3.000000e-01
  611 -3.000000e-01
  612 -3.000000e-01
  613 -3.000000e-01
  614 -3.000000e-01
  615 -3.000000e-01
  616 -3.000000e-01
  617 -3.000000e-01
  618 -3.000000e-01
  619 -3.000000e-01
  620 -3.000000e-01
  621 -3.000000e-01
  622 -3.000000e-01
  623 -3.000000e-01
  624 -3.000000e-01
  625 -3.000000e-01
  626 -3.000000e-01
  627 -3.000000e-01
  628 -3.000000e-01
  629 -3.000000e-01
  630 -3.000000e-01
  631 -3.000000e-01
  632 -3.000000e-01
  633 -3.000000e-01
  634 -3.000000e-01
  635 -3.000000e-01
  636 -3.000000e-01
  637 -3.000000e-01
  638 -3.000000e-01
  639 -3.000000e-01
  640 -3.000000e-01
  641 -3.000000e-01
  642 -3.000000e-01
  643 -3.000000e-01
  644 -3.000000e-01
  645 -3.000000e-01
  646 -3.000000e-01
  647 -3.000000e-01
  648 -3.000000e-01
  649 -3.000000e-01
  650 -3.000000e-01
  651 -3.000000e-01
  652 -3.000000e-01
  653 -3.000000e-01
  654 -3.000000e-01
  655 -3.000000e-01
  656 -3.000000e-01
  657 -3.000000e-01
  658 -3.000000e-01
  659 -3.000000e-01
  660 -3.000000e-01
  661 -3.000000e-01
  662 -3.000000e-01
  663 -3.000000e-01
  664 -3.000000e-01
  665 -3.000000e-01
  666 -3.000000e-01
  667 -3.000000e-01
  668 -3.000000e-01
  669 -3.000000e-01
  670 -3.000000e-01
  671 -3.000000e-01
  672 -3.000000e-01
  673 -3.000000e-01
  674 -3.000000e-01
  675 -3.000000e-01
  676 -3.000000e-01
  677 -3.000000e-01
  678 -3.000000e-01
  679 -3.000000e-01
  680 -3.000000e-01
  681 -3.000000e-01
  682 -3.000000e-01
  683 -3.000000e-01
  684 -3.000000e-01
  685 -3.000000e-01
  686 -3.000000e-01
  687 -3.000000e-01
  688 -3.000000e-01
  689 -3.000000e-01
  690 -3.000000e-01
  691 -3.000000e-01
  692 -3.000000e-01
  693 -3.000000e-01
  694 -3.000000e-01
  695 -3.000000e-01
  696 -3.000000e-01
  697 -3.000000e-01
  698 -3.000000e-01
  699 -3.000000e-01
  700 -3.000000e-01
  701 -3.000000e-01
  702 -3.000000e-01
  703 -3.000000e-01
  704 -3.000000e-01
  705 -3.000000e-01
  706 -3.000000e-01
  707 -3.000000e-01
  708 -3.000000e-01
  709 -3.000000e-01
  710 -3.000000e-01
  711 -3.000000e-01
  712 -3.000000e-01
  713 -3.000000e-01
  714 -3.000000e-01
  715 -3.000000e-01
  716 -3.000000e-01
  717 -3.000000e-01
  718 -3.000000e-01
  719 -3.000000e-01
  720 -3.000000e-01
  721 -3.000000e-01
  722 -3.000000e-01
  723 -3.000000e-01
  724 -3.000000e-01
  725 -3.000000e-01
  726 -3.000000e-01
  727 -3.000000e-01
  728 -3.000000e-01
  729 -3.000000e-01
  730 -3.000000e-01
  731 -3.000000e-01
  732 -3.000000e-01
  733 -3.000000e-01
  734 -3.000000e-01
  735 -3.000000e-01
  736 -3.000000e-01
  737 -3.000000e-01
  738 -3.000000e-01
  739 -3.000000e-01
  740 -3.000000e-01
  741 -3.000000e-01
  742 -3.000000e-01
  743 -3.000000e-01
  744 -3.000000e-01
  745 -3.000000e-01
  746 -3.000000e-01
  747 -3.000000e-01
  748 -3.000000e-01
  749 -3.000000e-01
  750 -3.000000e-01
  751 -3.000000e-01
  752 -3.000000e-01
  753 -3.000000e-01
  754 -3.000000e-01
  755 -3.000000e-01
  756 -3.000000e-01
  757 -3.000000e-01
  758 -3.000000e-01
  759 -3.000000e-01
  760 -3.000000e-01
  761 -3.000000e-01
  762 -3.000000e-01
  763 -3.000000e-01
  764 -3.000000e-01
  765 -3.000000e-01
  766 -3.000000e-01
  767 -3.000000e-01
  768 -3.000000e-01
  769 -3.000000e-01
  770 -3.000000e-01
  771 -3.000000e-01
  772 -3.000000e-01
  773 -3.000000e-01
  774 -3.000000e-01
  775 -3.000000e-01
  776 -3.000000e-01
  777 -3.000000e-01
  778 -3.000000e-01
  779 -3.000000e-01
  780 -3.000000e-01
  781 -3.000000e-01
  782 -3.000000e-01
  783 -3.000000e-01
  784 -3.000000e-01
  785 -3.000000e-01
  786 -3.000000e-01
  787 -3.000000e-01
  788 -3.000000e-01
  789 -3.000000e-01
  790 -3.000000e-01
  791 -3.000000e-01
  792 -3.000000e-01
  793 -3.000000e-01
  794 -3.000000e-01
  795 -3.000000e-01
  796 -3.000000e-01
  797 -3.000000e-01
  798 -3.000000e-01
  799 -3.000000e-01
  800 -3.000000e-01
