    1     0
    2     0
    3     0
    4     0
    5     0
    6     0
    7     0
    8     0
    9     0
   10     0
   11     0
   12 8.780100e-01
   13 9.187500e-01
   14 9.712500e-01
   15 8.982661e-01
   16 8.363753e-01
   17 7.799307e-01
   18 6.559008e-01
   19 5.315609e-01
   20 4.150748e-01
   21 3.375060e-01
   22 2.938267e-01
   23 2.797641e-01
   24 2.978794e-01
   25 3.458575e-01
   26 4.183852e-01
   27 5.042660e-01
   28 5.940265e-01
   29 6.800230e-01
   30 7.555284e-01
   31 8.148803e-01
   32 8.541262e-01
   33 8.720051e-01
   34 8.694222e-01
   35 8.488477e-01
   36 8.139103e-01
   37 7.690639e-01
   38 7.191530e-01
   39 6.688326e-01
   40 6.221349e-01
   41 5.822035e-01
   42 5.511464e-01
   43 5.299724e-01
   44 5.186232e-01
   45 5.161172e-01
   46 5.207700e-01
   47 5.304464e-01
   48 5.428177e-01
   49 5.556046e-01
   50 5.667891e-01
   51 5.747745e-01
   52 5.784855e-01
   53 5.774047e-01
   54 5.715540e-01
   55 5.614273e-01
   56 5.478877e-01
   57 5.320412e-01
   58 5.151047e-01
   59 4.982786e-01
   60 4.826373e-01
   61 4.690441e-01
   62 4.580973e-01
   63 4.501059e-01
   64 4.450967e-01
   65 4.428457e-01
   66 4.429295e-01
   67 4.447884e-01
   68 4.477942e-01
   69 4.513168e-01
   70 4.547813e-01
   71 4.577140e-01
   72 4.597726e-01
   73 4.607604e-01
   74 4.606254e-01
   75 4.594457e-01
   76 4.574050e-01
   77 4.547608e-01
   78 4.518101e-01
   79 4.488555e-01
   80 4.461748e-01
   81 4.439974e-01
   82 4.424875e-01
   83 4.417358e-01
   84 4.417592e-01
   85 4.425072e-01
   86 4.438742e-01
   87 4.457153e-01
   88 4.478638e-01
   89 4.501484e-01
   90 4.524095e-01
   91 4.545116e-01
   92 4.563524e-01
   93 4.578678e-01
   94 4.590322e-01
   95 4.598560e-01
   96 4.603795e-01
   97 4.606651e-01
   98 4.607886e-01
   99 4.608295e-01
  100 4.608637e-01
  101 4.609559e-01
  102 4.611552e-01
  103 4.614920e-01
  104 4.619776e-01
  105 4.626053e-01
  106 4.633529e-01
  107 4.641873e-01
  108 4.650680e-01
  109 4.659527e-01
  110 4.668009e-01
  111 4.675775e-01
  112 4.682557e-01
  113 4.688183e-01
  114 4.692584e-01
  115 4.695786e-01
  116 4.697897e-01
  117 4.699089e-01
  118 4.699575e-01
  119 4.699582e-01
  120 4.699333e-01
  121 4.699027e-01
  122 4.698822e-01
  123 4.838256e-01
  124 4.965636e-01
  125 5.087247e-01
  126 5.204632e-01
  127 5.319039e-01
  128 5.431457e-01
  129 5.505965e-01
  130 5.547485e-01
  131 5.560247e-01
  132 5.547514e-01
  133 5.511868e-01
  134 5.455355e-01
  135 5.387192e-01
  136 5.315127e-01
  137 5.245217e-01
  138 5.182235e-01
  139 5.129956e-01
  140 5.091366e-01
  141 5.067380e-01
  142 5.057235e-01
  143 5.059022e-01
  144 5.070068e-01
  145 5.087234e-01
  146 5.107119e-01
  147 5.126498e-01
  148 5.142647e-01
  149 5.153526e-01
  150 5.157869e-01
  151 5.155195e-01
  152 5.145775e-01
  153 5.130522e-01
  154 5.110821e-01
  155 5.088337e-01
  156 5.064826e-01
  157 5.041966e-01
  158 5.021207e-01
  159 5.003666e-01
  160 4.990057e-01
  161 4.980683e-01
  162 4.975451e-01
  163 4.973930e-01
  164 4.975436e-01
  165 4.979120e-01
  166 4.984072e-01
  167 4.989408e-01
  168 4.994349e-01
  169 4.998280e-01
  170 5.000785e-01
  171 5.001658e-01
  172 5.000897e-01
  173 4.998675e-01
  174 4.995302e-01
  175 4.991177e-01
  176 4.986739e-01
  177 4.982418e-01
  178 4.978595e-01
  179 4.975571e-01
  180 4.973550e-01
  181 4.972627e-01
  182 4.972793e-01
  183 4.973947e-01
  184 4.975918e-01
  185 4.978485e-01
  186 4.981404e-01
  187 4.984436e-01
  188 4.987362e-01
  189 4.990005e-01
  190 4.992237e-01
  191 4.993987e-01
  192 4.995238e-01
  193 4.996022e-01
  194 4.996411e-01
  195 4.996502e-01
  196 4.996408e-01
  197 4.996245e-01
  198 4.996116e-01
  199 4.996107e-01
  200 2.905781e-01
  201 2.809171e-01
  202 2.684785e-01
  203 2.560604e-01
  204 2.436590e-01
  205 2.312691e-01
  206 2.359356e-01
  207 2.413529e-01
  208 2.453411e-01
  209 2.481754e-01
  210 2.499741e-01
  211 2.508280e-01
  212 2.494131e-01
  213 2.457189e-01
  214 2.405702e-01
  215 2.346620e-01
  216 2.285990e-01
  217 2.229166e-01
  218 2.182088e-01
  219 2.150317e-01
  220 2.137014e-01
  221 2.143359e-01
  222 2.168938e-01
  223 2.212034e-01
  224 2.269769e-01
  225 2.338276e-01
  226 2.413278e-01
  227 2.490560e-01
  228 2.566298e-01
  229 2.637311e-01
  230 2.701228e-01
  231 2.756624e-01
  232 2.803009e-01
  233 2.840736e-01
  234 2.870839e-01
  235 2.894837e-01
  236 2.914528e-01
  237 2.931775e-01
  238 2.948308e-01
  239 2.965578e-01
  240 2.984648e-01
  241 3.006137e-01
  242 3.030220e-01
  243 2.638377e-01
  244 2.285288e-01
  245 1.951311e-01
  246 1.630769e-01
  247 1.318740e-01
  248 1.011088e-01
  249 8.145166e-02
  250 7.134209e-02
  251 6.945399e-02
  252 7.478099e-02
  253 8.655036e-02
  254 1.041769e-01
  255 1.249451e-01
  256 1.465952e-01
  257 1.673824e-01
  258 1.859476e-01
  259 2.012268e-01
  260 2.123814e-01
  261 2.191814e-01
  262 2.218844e-01
  263 2.210772e-01
  264 2.175604e-01
  265 2.122646e-01
  266 2.061891e-01
  267 2.002762e-01
  268 1.953169e-01
  269 1.918978e-01
  270 1.903787e-01
  271 1.908900e-01
  272 1.933431e-01
  273 1.974647e-01
  274 2.028468e-01
  275 2.090029e-01
  276 2.154226e-01
  277 2.216219e-01
  278 2.271850e-01
  279 2.317958e-01
  280 2.352550e-01
  281 2.374846e-01
  282 2.385205e-01
  283 2.384955e-01
  284 2.376151e-01
  285 2.361303e-01
  286 2.343086e-01
  287 2.324075e-01
  288 2.306523e-01
  289 2.292196e-01
  290 2.282274e-01
  291 2.277317e-01
  292 2.277294e-01
  293 2.281667e-01
  294 2.289506e-01
  295 2.299630e-01
  296 2.310750e-01
  297 2.321612e-01
  298 2.331107e-01
  299 2.338368e-01
  300 2.342816e-01
  301 2.344187e-01
  302 2.342519e-01
  303 2.338116e-01
  304 2.331486e-01
  305 2.323272e-01
  306 2.314179e-01
  307 2.304903e-01
  308 2.296066e-01
  309 2.288172e-01
  310 2.281575e-01
  311 2.276468e-01
  312 2.272884e-01
  313 2.270713e-01
  314 2.269737e-01
  315 2.269656e-01
  316 2.270135e-01
  317 2.270835e-01
  318 2.271448e-01
  319 2.271722e-01
  320 2.271479e-01
  321 2.270618e-01
  322 2.269122e-01
  323 2.267044e-01
  324 2.264495e-01
  325 2.261627e-01
  326 2.258614e-01
  327 2.255630e-01
  328 2.252836e-01
  329 2.250364e-01
  330 2.248311e-01
  331 2.246729e-01
  332 2.245631e-01
  333 2.244989e-01
  334 2.244746e-01
  335 2.244822e-01
  336 2.245124e-01
  337 2.245555e-01
  338 2.246028e-01
  339 2.246466e-01
  340 2.246810e-01
  341 2.247024e-01
  342 2.247093e-01
  343 2.247022e-01
  344 2.246831e-01
  345 2.246555e-01
  346 2.246233e-01
  347 2.245908e-01
  348 2.245620e-01
  349 2.245405e-01
  350 2.245287e-01
  351 2.245281e-01
  352 2.245391e-01
  353 2.245611e-01
  354 2.245927e-01
  355 2.246317e-01
  356 2.246758e-01
  357 2.247223e-01
  358 2.247688e-01
  359 2.248131e-01
  360 2.248536e-01
  361 2.248891e-01
  362 2.249191e-01
  363 2.388862e-01
  364 2.516156e-01
  365 2.637357e-01
  366 2.754050e-01
  367 2.867559e-01
  368 2.978974e-01
  369 3.052482e-01
  370 3.093109e-01
  371 3.105176e-01
  372 3.092015e-01
  373 3.056251e-01
  374 2.999944e-01
  375 2.932301e-01
  376 2.861034e-01
  377 2.792147e-01
  378 2.730350e-01
  379 2.679349e-01
  380 2.642063e-01
  381 2.619347e-01
  382 2.610391e-01
  383 2.613249e-01
  384 2.625232e-01
  385 2.643194e-01
  386 2.663743e-01
  387 2.683671e-01
  388 2.700280e-01
  389 2.711560e-01
  390 2.716272e-01
  391 2.713962e-01
  392 2.704921e-01
  393 2.690079e-01
  394 2.670826e-01
  395 2.648828e-01
  396 2.625837e-01
  397 2.603520e-01
  398 2.583312e-01
  399 2.566315e-01
  400 5.061828e-01
  401 5.169338e-01
  402 5.314541e-01
  403 5.463401e-01
  404 5.615226e-01
  405 5.769170e-01
  406 5.719714e-01
  407 5.661573e-01
  408 5.620070e-01
  409 5.591239e-01
  410 5.573213e-01
  411 5.564681e-01
  412 5.581529e-01
  413 5.624073e-01
  414 5.682751e-01
  415 5.749657e-01
  416 5.818010e-01
  417 5.881853e-01
  418 5.934474e-01
  419 5.969531e-01
  420 5.983452e-01
  421 5.974931e-01
  422 5.944460e-01
  423 5.893996e-01
  424 5.826811e-01
  425 5.747313e-01
  426 5.660374e-01
  427 5.570799e-01
  428 5.482941e-01
  429 5.400431e-01
  430 5.325977e-01
  431 5.261216e-01
  432 5.206717e-01
  433 5.162095e-01
  434 5.126187e-01
  435 5.097278e-01
  436 5.073331e-01
  437 5.052241e-01
  438 5.032041e-01
  439 5.011087e-01
  440 4.988171e-01
  441 4.962587e-01
  442 4.934137e-01
  443 4.903089e-01
  444 4.870095e-01
  445 4.836081e-01
  446 4.802127e-01
  447 4.769343e-01
  448 4.738759e-01
  449 4.711235e-01
  450 4.687396e-01
  451 4.667599e-01
  452 4.651929e-01
  453 4.640213e-01
  454 4.632068e-01
  455 4.626953e-01
  456 4.624233e-01
  457 4.623243e-01
  458 4.623347e-01
  459 4.623987e-01
  460 4.624718e-01
  461 4.625229e-01
  462 4.625347e-01
  463 4.625033e-01
  464 4.624359e-01
  465 4.623484e-01
  466 4.622620e-01
  467 4.622001e-01
  468 4.621854e-01
  469 4.622371e-01
  470 4.623692e-01
  471 4.625894e-01
  472 4.628986e-01
  473 4.632911e-01
  474 4.637561e-01
  475 4.642783e-01
  476 4.648401e-01
  477 4.654227e-01
  478 4.660083e-01
  479 4.665808e-01
  480 4.671272e-01
  481 4.676383e-01
  482 4.681084e-01
  483 4.685359e-01
  484 4.689222e-01
  485 4.692714e-01
  486 4.695894e-01
  487 4.698829e-01
  488 4.701589e-01
  489 4.704236e-01
  490 4.706822e-01
  491 4.709381e-01
  492 4.711933e-01
  493 4.714478e-01
  494 4.717005e-01
  495 4.719488e-01
  496 4.721894e-01
  497 4.724188e-01
  498 4.726334e-01
  499 4.728301e-01
  500 4.730065e-01
  501 4.731609e-01
  502 4.732929e-01
  503 4.734028e-01
  504 4.734919e-01
  505 4.735621e-01
  506 4.736157e-01
  507 4.736555e-01
  508 4.736842e-01
  509 4.737043e-01
  510 4.737180e-01
  511 4.737271e-01
  512 4.737330e-01
  513 4.737364e-01
  514 4.737376e-01
  515 4.737368e-01
  516 4.737335e-01
  517 4.737273e-01
  518 4.737178e-01
  519 4.737044e-01
  520 4.736868e-01
  521 4.736648e-01
  522 4.736385e-01
  523 4.736081e-01
  524 4.735741e-01
  525 4.735372e-01
  526 4.734980e-01
  527 4.734575e-01
  528 4.734163e-01
  529 4.733752e-01
  530 4.733349e-01
  531 4.732959e-01
  532 4.732586e-01
  533 4.732232e-01
  534 4.731898e-01
  535 4.731584e-01
  536 4.731288e-01
  537 4.731010e-01
  538 4.730747e-01
  539 4.730497e-01
  540 4.730258e-01
  541 4.730029e-01
  542 4.729809e-01
  543 4.729597e-01
  544 4.729393e-01
  545 4.729199e-01
  546 4.729014e-01
  547 4.728840e-01
  548 4.728678e-01
  549 4.728529e-01
  550 4.728394e-01
  551 4.728273e-01
  552 4.728166e-01
  553 4.728074e-01
  554 4.727995e-01
  555 4.727928e-01
  556 4.727874e-01
  557 4.727830e-01
  558 4.727796e-01
  559 4.727769e-01
  560 4.727749e-01
  561 4.727736e-01
  562 4.727727e-01
  563 4.727722e-01
  564 4.727721e-01
  565 4.727724e-01
  566 4.727730e-01
  567 4.727739e-01
  568 4.727750e-01
  569 4.727765e-01
  570 4.727782e-01
  571 4.727803e-01
  572 4.727825e-01
  573 4.727850e-01
  574 4.727878e-01
  575 4.727906e-01
  576 4.727936e-01
  577 4.727967e-01
  578 4.727999e-01
  579 4.728031e-01
  580 4.728062e-01
  581 4.728093e-01
  582 4.728123e-01
  583 4.728152e-01
  584 4.728180e-01
  585 4.728207e-01
  586 4.728232e-01
  587 4.728257e-01
  588 4.728280e-01
  589 4.728302e-01
  590 4.728323e-01
  591 4.728343e-01
  592 4.728362e-01
  593 4.728380e-01
  594 4.728397e-01
  595 4.728413e-01
  596 4.728428e-01
  597 4.728442e-01
  598 4.728455e-01
  599 4.728467e-01
  600 3.056078e-01
  601 2.978487e-01
  602 2.878496e-01
  603 2.778504e-01
  604 2.678511e-01
  605 2.578517e-01
  606 2.614929e-01
  607 2.657351e-01
  608 2.688390e-01
  609 2.710284e-01
  610 2.724007e-01
  611 2.730301e-01
  612 2.718580e-01
  613 2.688751e-01
  614 2.647401e-01
  615 2.600065e-01
  616 2.551559e-01
  617 2.506137e-01
  618 2.468529e-01
  619 2.443161e-01
  620 2.432547e-01
  621 2.437620e-01
  622 2.458044e-01
  623 2.492447e-01
  624 2.538532e-01
  625 2.593214e-01
  626 2.653083e-01
  627 2.714776e-01
  628 2.775249e-01
  629 2.831964e-01
  630 2.883032e-01
  631 2.927316e-01
  632 2.964427e-01
  633 2.994644e-01
  634 3.018792e-01
  635 3.038079e-01
  636 3.053938e-01
  637 3.067850e-01
  638 3.081194e-01
  639 3.095124e-01
  640 3.110485e-01
  641 3.127771e-01
  642 3.147117e-01
  643 3.168333e-01
  644 3.190958e-01
  645 3.214340e-01
  646 3.237718e-01
  647 3.260312e-01
  648 3.281400e-01
  649 3.300375e-01
  650 3.316800e-01
  651 3.330423e-01
  652 3.341184e-01
  653 3.349205e-01
  654 3.354752e-01
  655 3.358205e-01
  656 3.360007e-01
  657 3.360625e-01
  658 3.360500e-01
  659 3.360024e-01
  660 3.359507e-01
  661 3.359163e-01
  662 3.359111e-01
  663 3.359378e-01
  664 3.359909e-01
  665 3.360591e-01
  666 3.361275e-01
  667 3.361793e-01
  668 3.361987e-01
  669 3.361719e-01
  670 3.360891e-01
  671 3.359448e-01
  672 3.357384e-01
  673 3.354737e-01
  674 3.351582e-01
  675 3.348027e-01
  676 3.344195e-01
  677 3.340217e-01
  678 3.336217e-01
  679 3.332308e-01
  680 3.328579e-01
  681 3.325096e-01
  682 3.321898e-01
  683 3.318995e-01
  684 3.316377e-01
  685 3.314016e-01
  686 3.311869e-01
  687 3.309889e-01
  688 3.308027e-01
  689 3.306240e-01
  690 3.304491e-01
  691 3.302756e-01
  692 3.301022e-01
  693 3.299288e-01
  694 3.297564e-01
  695 3.295866e-01
  696 3.294218e-01
  697 3.292645e-01
  698 3.291173e-01
  699 3.289823e-01
  700 3.288613e-01
  701 3.287553e-01
  702 3.286647e-01
  703 3.285894e-01
  704 3.285284e-01
  705 3.284804e-01
  706 3.284438e-01
  707 3.284166e-01
  708 3.283971e-01
  709 3.283833e-01
  710 3.283739e-01
  711 3.283675e-01
  712 3.283633e-01
  713 3.283607e-01
  714 3.283594e-01
  715 3.283595e-01
  716 3.283613e-01
  717 3.283649e-01
  718 3.283709e-01
  719 3.283796e-01
  720 3.283912e-01
  721 3.284058e-01
  722 3.284234e-01
  723 3.284438e-01
  724 3.284668e-01
  725 3.284918e-01
  726 3.285184e-01
  727 3.285459e-01
  728 3.285740e-01
  729 3.286019e-01
  730 3.286293e-01
  731 3.286558e-01
  732 3.286812e-01
  733 3.287053e-01
  734 3.287280e-01
  735 3.287493e-01
  736 3.287693e-01
  737 3.287882e-01
  738 3.288060e-01
  739 3.288230e-01
  740 3.288392e-01
  741 3.288547e-01
  742 3.288697e-01
  743 3.288841e-01
  744 3.288980e-01
  745 3.289113e-01
  746 3.289239e-01
  747 3.289358e-01
  748 3.289469e-01
  749 3.289571e-01
  750 3.289664e-01
  751 3.289747e-01
  752 3.289820e-01
  753 3.289883e-01
  754 3.289937e-01
  755 3.289983e-01
  756 3.290020e-01
  757 3.290050e-01
  758 3.290074e-01
  759 3.290092e-01
  760 3.290106e-01
  761 3.290115e-01
  762 3.290122e-01
  763 3.290125e-01
  764 3.290126e-01
  765 3.290124e-01
  766 3.290121e-01
  767 3.290115e-01
  768 3.290108e-01
  769 3.290098e-01
  770 3.290086e-01
  771 3.290073e-01
  772 3.290058e-01
  773 3.290041e-01
  774 3.290022e-01
  775 3.290003e-01
  776 3.289982e-01
  777 3.289961e-01
  778 3.289940e-01
  779 3.289919e-01
  780 3.289897e-01
  781 3.289876e-01
  782 3.289856e-01
  783 3.289836e-01
  784 3.289817e-01
  785 3.289799e-01
  786 3.289782e-01
  787 3.289765e-01
  788 3.289749e-01
  789 3.289734e-01
  790 3.289720e-01
  791 3.289707e-01
  792 3.289694e-01
  793 3.289681e-01
  794 3.289670e-01
  795 3.289659e-01
  796 3.289649e-01
  797 3.289639e-01
  798 3.289630e-01
  799 3.289622e-01
  800 3.289615e-01
