    1 9.000000e-01
    2 9.000000e-01
    3 9.000000e-01
    4 9.000000e-01
    5 9.000000e-01
    6 9.000000e-01
    7 9.000000e-01
    8 9.000000e-01
    9 9.000000e-01
   10 9.000000e-01
   11 9.000000e-01
   12 9.000000e-01
   13 9.000000e-01
   14 9.000000e-01
   15 9.000000e-01
   16 9.000000e-01
   17 9.000000e-01
   18 9.000000e-01
   19 9.000000e-01
   20 9.000000e-01
   21 9.000000e-01
   22 9.000000e-01
   23 9.000000e-01
   24 9.000000e-01
   25 9.000000e-01
   26 9.000000e-01
   27 9.000000e-01
   28 9.000000e-01
   29 9.000000e-01
   30 9.000000e-01
   31 9.000000e-01
   32 9.000000e-01
   33 9.000000e-01
   34 9.000000e-01
   35 9.000000e-01
   36 9.000000e-01
   37 9.000000e-01
   38 9.000000e-01
   39 9.000000e-01
   40 9.000000e-01
   41 9.000000e-01
   42 9.000000e-01
   43 9.000000e-01
   44 9.000000e-01
   45 9.000000e-01
   46 9.000000e-01
   47 9.000000e-01
   48 9.000000e-01
   49 9.000000e-01
   50 9.000000e-01
   51 9.000000e-01
   52 9.000000e-01
   53 9.000000e-01
   54 9.000000e-01
   55 9.000000e-01
   56 9.000000e-01
   57 9.000000e-01
   58 9.000000e-01
   59 9.000000e-01
   60 9.000000e-01
   61 9.000000e-01
   62 9.000000e-01
   63 9.000000e-01
   64 9.000000e-01
   65 9.000000e-01
   66 9.000000e-01
   67 9.000000e-01
   68 9.000000e-01
   69 9.000000e-01
   70 9.000000e-01
   71 9.000000e-01
   72 9.000000e-01
   73 9.000000e-01
   74 9.000000e-01
   75 9.000000e-01
   76 9.000000e-01
   77 9.000000e-01
   78 9.000000e-01
   79 9.000000e-01
   80 9.000000e-01
   81 9.000000e-01
   82 9.000000e-01
   83 9.000000e-01
   84 9.000000e-01
   85 9.000000e-01
   86 9.000000e-01
   87 9.000000e-01
   88 9.000000e-01
   89 9.000000e-01
   90 9.000000e-01
   91 9.000000e-01
   92 9.000000e-01
   93 9.000000e-01
   94 9.000000e-01
   95 9.000000e-01
   96 9.000000e-01
   97 9.000000e-01
   98 9.000000e-01
   99 9.000000e-01
  100 9.000000e-01
  101 9.000000e-01
  102 9.000000e-01
  103 9.000000e-01
  104 9.000000e-01
  105 9.000000e-01
  106 9.000000e-01
  107 9.000000e-01
  108 9.000000e-01
  109 9.000000e-01
  110 9.000000e-01
  111 9.000000e-01
  112 9.000000e-01
  113 9.000000e-01
  114 9.000000e-01
  115 9.000000e-01
  116 9.000000e-01
  117 9.000000e-01
  118 9.000000e-01
  119 9.000000e-01
  120 8.000000e-01
  121 8.000000e-01
  122 8.000000e-01
  123 8.000000e-01
  124 8.000000e-01
  125 8.000000e-01
  126 8.000000e-01
  127 8.000000e-01
  128 8.000000e-01
  129 8.000000e-01
  130 8.000000e-01
  131 8.000000e-01
  132 8.000000e-01
  133 8.000000e-01
  134 8.000000e-01
  135 8.000000e-01
  136 8.000000e-01
  137 8.000000e-01
  138 8.000000e-01
  139 8.000000e-01
  140 8.000000e-01
  141 8.000000e-01
  142 8.000000e-01
  143 8.000000e-01
  144 8.000000e-01
  145 8.000000e-01
  146 8.000000e-01
  147 8.000000e-01
  148 8.000000e-01
  149 8.000000e-01
  150 8.000000e-01
  151 8.000000e-01
  152 8.000000e-01
  153 8.000000e-01
  154 8.000000e-01
  155 8.000000e-01
  156 8.000000e-01
  157 8.000000e-01
  158 8.000000e-01
  159 8.000000e-01
  160 8.000000e-01
  161 8.000000e-01
  162 8.000000e-01
  163 8.000000e-01
  164 8.000000e-01
  165 8.000000e-01
  166 8.000000e-01
  167 8.000000e-01
  168 8.000000e-01
  169 8.000000e-01
  170 8.000000e-01
  171 8.000000e-01
  172 8.000000e-01
  173 8.000000e-01
  174 8.000000e-01
  175 8.000000e-01
  176 8.000000e-01
  177 8.000000e-01
  178 8.000000e-01
  179 8.000000e-01
  180 8.000000e-01
  181 8.000000e-01
  182 8.000000e-01
  183 8.000000e-01
  184 8.000000e-01
  185 8.000000e-01
  186 8.000000e-01
  187 8.000000e-01
  188 8.000000e-01
  189 8.000000e-01
  190 8.000000e-01
  191 8.000000e-01
  192 8.000000e-01
  193 8.000000e-01
  194 8.000000e-01
  195 8.000000e-01
  196 8.000000e-01
  197 8.000000e-01
  198 8.000000e-01
  199 8.000000e-01
  200 8.000000e-01
  201 8.000000e-01
  202 8.000000e-01
  203 8.000000e-01
  204 8.000000e-01
  205 8.000000e-01
  206 8.000000e-01
  207 8.000000e-01
  208 8.000000e-01
  209 8.000000e-01
  210 8.000000e-01
  211 8.000000e-01
  212 8.000000e-01
  213 8.000000e-01
  214 8.000000e-01
  215 8.000000e-01
  216 8.000000e-01
  217 8.000000e-01
  218 8.000000e-01
  219 8.000000e-01
  220 8.000000e-01
  221 8.000000e-01
  222 8.000000e-01
  223 8.000000e-01
  224 8.000000e-01
  225 8.000000e-01
  226 8.000000e-01
  227 8.000000e-01
  228 8.000000e-01
  229 8.000000e-01
  230 8.000000e-01
  231 8.000000e-01
  232 8.000000e-01
  233 8.000000e-01
  234 8.000000e-01
  235 8.000000e-01
  236 8.000000e-01
  237 8.000000e-01
  238 8.000000e-01
  239 8.000000e-01
  240 1.100000e+00
  241 1.100000e+00
  242 1.100000e+00
  243 1.100000e+00
  244 1.100000e+00
  245 1.100000e+00
  246 1.100000e+00
  247 1.100000e+00
  248 1.100000e+00
  249 1.100000e+00
  250 1.100000e+00
  251 1.100000e+00
  252 1.100000e+00
  253 1.100000e+00
  254 1.100000e+00
  255 1.100000e+00
  256 1.100000e+00
  257 1.100000e+00
  258 1.100000e+00
  259 1.100000e+00
  260 1.100000e+00
  261 1.100000e+00
  262 1.100000e+00
  263 1.100000e+00
  264 1.100000e+00
  265 1.100000e+00
  266 1.100000e+00
  267 1.100000e+00
  268 1.100000e+00
  269 1.100000e+00
  270 1.100000e+00
  271 1.100000e+00
  272 1.100000e+00
  273 1.100000e+00
  274 1.100000e+00
  275 1.100000e+00
  276 1.100000e+00
  277 1.100000e+00
  278 1.100000e+00
  279 1.100000e+00
  280 1.100000e+00
  281 1.100000e+00
  282 1.100000e+00
  283 1.100000e+00
  284 1.100000e+00
  285 1.100000e+00
  286 1.100000e+00
  287 1.100000e+00
  288 1.100000e+00
  289 1.100000e+00
  290 1.100000e+00
  291 1.100000e+00
  292 1.100000e+00
  293 1.100000e+00
  294 1.100000e+00
  295 1.100000e+00
  296 1.100000e+00
  297 1.100000e+00
  298 1.100000e+00
  299 1.100000e+00
  300 1.100000e+00
  301 1.100000e+00
  302 1.100000e+00
  303 1.100000e+00
  304 1.100000e+00
  305 1.100000e+00
  306 1.100000e+00
  307 1.100000e+00
  308 1.100000e+00
  309 1.100000e+00
  310 1.100000e+00
  311 1.100000e+00
  312 1.100000e+00
  313 1.100000e+00
  314 1.100000e+00
  315 1.100000e+00
  316 1.100000e+00
  317 1.100000e+00
  318 1.100000e+00
  319 1.100000e+00
  320 1.100000e+00
  321 1.100000e+00
  322 1.100000e+00
  323 1.100000e+00
  324 1.100000e+00
  325 1.100000e+00
  326 1.100000e+00
  327 1.100000e+00
  328 1.100000e+00
  329 1.100000e+00
  330 1.100000e+00
  331 1.100000e+00
  332 1.100000e+00
  333 1.100000e+00
  334 1.100000e+00
  335 1.100000e+00
  336 1.100000e+00
  337 1.100000e+00
  338 1.100000e+00
  339 1.100000e+00
  340 1.100000e+00
  341 1.100000e+00
  342 1.100000e+00
  343 1.100000e+00
  344 1.100000e+00
  345 1.100000e+00
  346 1.100000e+00
  347 1.100000e+00
  348 1.100000e+00
  349 1.100000e+00
  350 1.100000e+00
  351 1.100000e+00
  352 1.100000e+00
  353 1.100000e+00
  354 1.100000e+00
  355 1.100000e+00
  356 1.100000e+00
  357 1.100000e+00
  358 1.100000e+00
  359 1.100000e+00
  360     1
  361     1
  362     1
  363     1
  364     1
  365     1
  366     1
  367     1
  368     1
  369     1
  370     1
  371     1
  372     1
  373     1
  374     1
  375     1
  376     1
  377     1
  378     1
  379     1
  380     1
  381     1
  382     1
  383     1
  384     1
  385     1
  386     1
  387     1
  388     1
  389     1
  390     1
  391     1
  392     1
  393     1
  394     1
  395     1
  396     1
  397     1
  398     1
  399     1
  400     1
  401     1
  402     1
  403     1
  404     1
  405     1
  406     1
  407     1
  408     1
  409     1
  410     1
  411     1
  412     1
  413     1
  414     1
  415     1
  416     1
  417     1
  418     1
  419     1
  420     1
  421     1
  422     1
  423     1
  424     1
  425     1
  426     1
  427     1
  428     1
  429     1
  430     1
  431     1
  432     1
  433     1
  434     1
  435     1
  436     1
  437     1
  438     1
  439     1
  440     1
  441     1
  442     1
  443     1
  444     1
  445     1
  446     1
  447     1
  448     1
  449     1
  450     1
  451     1
  452     1
  453     1
  454     1
  455     1
  456     1
  457     1
  458     1
  459     1
  460     1
  461     1
  462     1
  463     1
  464     1
  465     1
  466     1
  467     1
  468     1
  469     1
  470     1
  471     1
  472     1
  473     1
  474     1
  475     1
  476     1
  477     1
  478     1
  479     1
  480     1
  481     1
  482     1
  483     1
  484     1
  485     1
  486     1
  487     1
  488     1
  489     1
  490     1
  491     1
  492     1
  493     1
  494     1
  495     1
  496     1
  497     1
  498     1
  499     1
  500     1
  501     1
  502     1
  503     1
  504     1
  505     1
  506     1
  507     1
  508     1
  509     1
  510     1
  511     1
  512     1
  513     1
  514     1
  515     1
  516     1
  517     1
  518     1
  519     1
  520     1
  521     1
  522     1
  523     1
  524     1
  525     1
  526     1
  527     1
  528     1
  529     1
  530     1
  531     1
  532     1
  533     1
  534     1
  535     1
  536     1
  537     1
  538     1
  539     1
  540     1
  541     1
  542     1
  543     1
  544     1
  545     1
  546     1
  547     1
  548     1
  549     1
  550     1
  551     1
  552     1
  553     1
  554     1
  555     1
  556     1
  557     1
  558     1
  559     1
  560     1
  561     1
  562     1
  563     1
  564     1
  565     1
  566     1
  567     1
  568     1
  569     1
  570     1
  571     1
  572     1
  573     1
  574     1
  575     1
  576     1
  577     1
  578     1
  579     1
  580     1
  581     1
  582     1
  583     1
  584     1
  585     1
  586     1
  587     1
  588     1
  589     1
  590     1
  591     1
  592     1
  593     1
  594     1
  595     1
  596     1
  597     1
  598     1
  599     1
  600     1
  601     1
  602     1
  603     1
  604     1
  605     1
  606     1
  607     1
  608     1
  609     1
  610     1
  611     1
  612     1
  613     1
  614     1
  615     1
  616     1
  617     1
  618     1
  619     1
  620     1
  621     1
  622     1
  623     1
  624     1
  625     1
  626     1
  627     1
  628     1
  629     1
  630     1
  631     1
  632     1
  633     1
  634     1
  635     1
  636     1
  637     1
  638     1
  639     1
  640     1
  641     1
  642     1
  643     1
  644     1
  645     1
  646     1
  647     1
  648     1
  649     1
  650     1
  651     1
  652     1
  653     1
  654     1
  655     1
  656     1
  657     1
  658     1
  659     1
  660     1
  661     1
  662     1
  663     1
  664     1
  665     1
  666     1
  667     1
  668     1
  669     1
  670     1
  671     1
  672     1
  673     1
  674     1
  675     1
  676     1
  677     1
  678     1
  679     1
  680     1
  681     1
  682     1
  683     1
  684     1
  685     1
  686     1
  687     1
  688     1
  689     1
  690     1
  691     1
  692     1
  693     1
  694     1
  695     1
  696     1
  697     1
  698     1
  699     1
  700     1
  701     1
  702     1
  703     1
  704     1
  705     1
  706     1
  707     1
  708     1
  709     1
  710     1
  711     1
  712     1
  713     1
  714     1
  715     1
  716     1
  717     1
  718     1
  719     1
  720     1
  721     1
  722     1
  723     1
  724     1
  725     1
  726     1
  727     1
  728     1
  729     1
  730     1
  731     1
  732     1
  733     1
  734     1
  735     1
  736     1
  737     1
  738     1
  739     1
  740     1
  741     1
  742     1
  743     1
  744     1
  745     1
  746     1
  747     1
  748     1
  749     1
  750     1
  751     1
  752     1
  753     1
  754     1
  755     1
  756     1
  757     1
  758     1
  759     1
  760     1
  761     1
  762     1
  763     1
  764     1
  765     1
  766     1
  767     1
  768     1
  769     1
  770     1
  771     1
  772     1
  773     1
  774     1
  775     1
  776     1
  777     1
  778     1
  779     1
  780     1
  781     1
  782     1
  783     1
  784     1
  785     1
  786     1
  787     1
  788     1
  789     1
  790     1
  791     1
  792     1
  793     1
  794     1
  795     1
  796     1
  797     1
  798     1
  799     1
  800     1
