    1     0
    2     0
    3     0
    4     0
    5     0
    6     0
    7     0
    8     0
    9     0
   10     0
   11     0
   12     0
   13     0
   14     0
   15     0
   16     0
   17 5.887359e-02
   18 2.376460e-01
   19 4.097027e-01
   20 5.705316e-01
   21 7.215991e-01
   22 8.640210e-01
   23 9.872379e-01
   24 1.076395e+00
   25 1.134606e+00
   26 1.166339e+00
   27 1.175348e+00
   28 1.164808e+00
   29 1.139186e+00
   30 1.104581e+00
   31 1.066177e+00
   32 1.027984e+00
   33 9.930648e-01
   34 9.637243e-01
   35 9.414066e-01
   36 9.265544e-01
   37 9.188239e-01
   38 9.173376e-01
   39 9.208779e-01
   40 9.280331e-01
   41 9.373399e-01
   42 9.474317e-01
   43 9.571422e-01
   44 9.655625e-01
   45 9.720624e-01
   46 9.762897e-01
   47 9.781474e-01
   48 9.777531e-01
   49 9.753871e-01
   50 9.714378e-01
   51 9.663488e-01
   52 9.605730e-01
   53 9.545333e-01
   54 9.485947e-01
   55 9.430457e-01
   56 9.380905e-01
   57 9.338489e-01
   58 9.303637e-01
   59 9.276127e-01
   60 9.255232e-01
   61 9.239888e-01
   62 9.228845e-01
   63 9.220807e-01
   64 9.214551e-01
   65 9.209012e-01
   66 9.203336e-01
   67 9.196911e-01
   68 9.189366e-01
   69 9.180552e-01
   70 9.170510e-01
   71 9.159427e-01
   72 9.147589e-01
   73 9.135336e-01
   74 9.123024e-01
   75 9.110985e-01
   76 9.099509e-01
   77 9.088819e-01
   78 9.079071e-01
   79 9.070349e-01
   80 9.062669e-01
   81 9.055994e-01
   82 9.050241e-01
   83 9.045301e-01
   84 9.041043e-01
   85 9.037339e-01
   86 9.034060e-01
   87 9.031097e-01
   88 9.028356e-01
   89 9.025765e-01
   90 9.023275e-01
   91 9.020856e-01
   92 9.018496e-01
   93 9.016198e-01
   94 9.013973e-01
   95 9.011838e-01
   96 9.009814e-01
   97 9.007920e-01
   98 9.006172e-01
   99 9.004581e-01
  100 9.003154e-01
  101 9.001892e-01
  102 9.000789e-01
  103 8.999837e-01
  104 8.999023e-01
  105 8.998332e-01
  106 8.997749e-01
  107 8.997258e-01
  108 8.996844e-01
  109 8.996493e-01
  110 8.996193e-01
  111 8.995934e-01
  112 8.995710e-01
  113 8.995513e-01
  114 8.995342e-01
  115 8.995193e-01
  116 8.995065e-01
  117 8.994957e-01
  118 8.994871e-01
  119 8.994805e-01
  120 8.994759e-01
  121 8.994734e-01
  122 8.994729e-01
  123 8.994742e-01
  124 8.994773e-01
  125 8.994819e-01
  126 8.859967e-01
  127 8.731639e-01
  128 8.614907e-01
  129 8.508196e-01
  130 8.410319e-01
  131 8.320270e-01
  132 8.255394e-01
  133 8.213208e-01
  134 8.189588e-01
  135 8.181105e-01
  136 8.184891e-01
  137 8.198532e-01
  138 8.217539e-01
  139 8.238083e-01
  140 8.257350e-01
  141 8.273331e-01
  142 8.284650e-01
  143 8.290436e-01
  144 8.290540e-01
  145 8.285391e-01
  146 8.275785e-01
  147 8.262732e-01
  148 8.247334e-01
  149 8.230704e-01
  150 8.213863e-01
  151 8.197664e-01
  152 8.182754e-01
  153 8.169565e-01
  154 8.158324e-01
  155 8.149068e-01
  156 8.141683e-01
  157 8.135940e-01
  158 8.131537e-01
  159 8.128140e-01
  160 8.125413e-01
  161 8.123049e-01
  162 8.120786e-01
  163 8.118421e-01
  164 8.115816e-01
  165 8.112891e-01
  166 8.109625e-01
  167 8.106039e-01
  168 8.102192e-01
  169 8.098162e-01
  170 8.094039e-01
  171 8.089913e-01
  172 8.085869e-01
  173 8.081976e-01
  174 8.078287e-01
  175 8.074839e-01
  176 8.071647e-01
  177 8.068713e-01
  178 8.066025e-01
  179 8.063561e-01
  180 8.061293e-01
  181 8.059187e-01
  182 8.057213e-01
  183 8.055340e-01
  184 8.053543e-01
  185 8.051800e-01
  186 8.050098e-01
  187 8.048425e-01
  188 8.046777e-01
  189 8.045153e-01
  190 8.043555e-01
  191 8.041989e-01
  192 8.040459e-01
  193 8.038972e-01
  194 8.037534e-01
  195 8.036147e-01
  196 8.034817e-01
  197 8.033543e-01
  198 8.032328e-01
  199 8.031168e-01
  200 8.030063e-01
  201 8.029008e-01
  202 8.028001e-01
  203 8.027038e-01
  204 8.026113e-01
  205 7.885050e-01
  206 7.747643e-01
  207 7.612303e-01
  208 7.478896e-01
  209 7.347299e-01
  210 7.217394e-01
  211 7.116478e-01
  212 7.042740e-01
  213 6.994093e-01
  214 6.968728e-01
  215 6.965052e-01
  216 6.981653e-01
  217 7.013066e-01
  218 7.054389e-01
  219 7.101481e-01
  220 7.150826e-01
  221 7.199437e-01
  222 7.244768e-01
  223 7.285252e-01
  224 7.320152e-01
  225 7.349365e-01
  226 7.373273e-01
  227 7.392612e-01
  228 7.408381e-01
  229 7.421675e-01
  230 7.433560e-01
  231 7.444987e-01
  232 7.456731e-01
  233 7.469365e-01
  234 7.483245e-01
  235 7.498516e-01
  236 7.515146e-01
  237 7.532957e-01
  238 7.551670e-01
  239 7.570947e-01
  240 7.590427e-01
  241 7.609763e-01
  242 7.628645e-01
  243 7.646821e-01
  244 7.664103e-01
  245 7.680374e-01
  246 8.100316e-01
  247 8.499662e-01
  248 8.863240e-01
  249 9.195851e-01
  250 9.501157e-01
  251 9.782289e-01
  252 9.987312e-01
  253 1.012378e+00
  254 1.020415e+00
  255 1.023878e+00
  256 1.023632e+00
  257 1.020404e+00
  258 1.015544e+00
  259 1.010198e+00
  260 1.005212e+00
  261 1.001187e+00
  262 9.985327e-01
  263 9.975104e-01
  264 9.981629e-01
  265 1.000361e+00
  266 1.003864e+00
  267 1.008371e+00
  268 1.013550e+00
  269 1.019070e+00
  270 1.024625e+00
  271 1.029960e+00
  272 1.034885e+00
  273 1.039270e+00
  274 1.043050e+00
  275 1.046215e+00
  276 1.048801e+00
  277 1.050878e+00
  278 1.052537e+00
  279 1.053880e+00
  280 1.055009e+00
  281 1.056016e+00
  282 1.056980e+00
  283 1.057963e+00
  284 1.059006e+00
  285 1.060134e+00
  286 1.061353e+00
  287 1.062658e+00
  288 1.064030e+00
  289 1.065448e+00
  290 1.066884e+00
  291 1.068312e+00
  292 1.069707e+00
  293 1.071048e+00
  294 1.072321e+00
  295 1.073514e+00
  296 1.074623e+00
  297 1.075648e+00
  298 1.076594e+00
  299 1.077466e+00
  300 1.078275e+00
  301 1.079029e+00
  302 1.079739e+00
  303 1.080414e+00
  304 1.081062e+00
  305 1.081689e+00
  306 1.082300e+00
  307 1.082898e+00
  308 1.083485e+00
  309 1.084061e+00
  310 1.084626e+00
  311 1.085178e+00
  312 1.085716e+00
  313 1.086238e+00
  314 1.086742e+00
  315 1.087228e+00
  316 1.087695e+00
  317 1.088142e+00
  318 1.088569e+00
  319 1.088977e+00
  320 1.089367e+00
  321 1.089739e+00
  322 1.090095e+00
  323 1.090436e+00
  324 1.090763e+00
  325 1.091078e+00
  326 1.091381e+00
  327 1.091673e+00
  328 1.091956e+00
  329 1.092230e+00
  330 1.092495e+00
  331 1.092751e+00
  332 1.092999e+00
  333 1.093239e+00
  334 1.093472e+00
  335 1.093696e+00
  336 1.093913e+00
  337 1.094122e+00
  338 1.094324e+00
  339 1.094519e+00
  340 1.094706e+00
  341 1.094887e+00
  342 1.095061e+00
  343 1.095229e+00
  344 1.095391e+00
  345 1.095547e+00
  346 1.095698e+00
  347 1.095843e+00
  348 1.095983e+00
  349 1.096119e+00
  350 1.096250e+00
  351 1.096376e+00
  352 1.096499e+00
  353 1.096617e+00
  354 1.096731e+00
  355 1.096842e+00
  356 1.096948e+00
  357 1.097052e+00
  358 1.097151e+00
  359 1.097247e+00
  360 1.097340e+00
  361 1.097430e+00
  362 1.097517e+00
  363 1.097601e+00
  364 1.097682e+00
  365 1.097760e+00
  366 1.084344e+00
  367 1.071577e+00
  368 1.059966e+00
  369 1.049354e+00
  370 1.039622e+00
  371 1.030671e+00
  372 1.024234e+00
  373 1.020064e+00
  374 1.017749e+00
  375 1.016945e+00
  376 1.017366e+00
  377 1.018771e+00
  378 1.020711e+00
  379 1.022803e+00
  380 1.024766e+00
  381 1.026399e+00
  382 1.027564e+00
  383 1.028175e+00
  384 1.028216e+00
  385 1.027730e+00
  386 1.026798e+00
  387 1.025519e+00
  388 1.024006e+00
  389 1.022368e+00
  390 1.020707e+00
  391 1.019111e+00
  392 1.017642e+00
  393 1.016344e+00
  394 1.015241e+00
  395 1.014335e+00
  396 1.013616e+00
  397 1.013060e+00
  398 1.012638e+00
  399 1.012315e+00
  400 1.012059e+00
  401 1.011839e+00
  402 1.011628e+00
  403 1.011406e+00
  404 1.011160e+00
  405 1.027703e+00
  406 1.043776e+00
  407 1.059572e+00
  408 1.075113e+00
  409 1.090421e+00
  410 1.105519e+00
  411 1.117141e+00
  412 1.125512e+00
  413 1.130889e+00
  414 1.133496e+00
  415 1.133525e+00
  416 1.131150e+00
  417 1.127025e+00
  418 1.121738e+00
  419 1.115783e+00
  420 1.109579e+00
  421 1.103482e+00
  422 1.097794e+00
  423 1.092699e+00
  424 1.088284e+00
  425 1.084558e+00
  426 1.081475e+00
  427 1.078944e+00
  428 1.076846e+00
  429 1.075049e+00
  430 1.073424e+00
  431 1.071859e+00
  432 1.070261e+00
  433 1.068562e+00
  434 1.066719e+00
  435 1.064715e+00
  436 1.062555e+00
  437 1.060260e+00
  438 1.057864e+00
  439 1.055407e+00
  440 1.052931e+00
  441 1.050479e+00
  442 1.048087e+00
  443 1.045785e+00
  444 1.043595e+00
  445 1.041531e+00
  446 1.039599e+00
  447 1.037798e+00
  448 1.036121e+00
  449 1.034559e+00
  450 1.033099e+00
  451 1.031727e+00
  452 1.030429e+00
  453 1.029193e+00
  454 1.028008e+00
  455 1.026866e+00
  456 1.025761e+00
  457 1.024688e+00
  458 1.023645e+00
  459 1.022633e+00
  460 1.021652e+00
  461 1.020702e+00
  462 1.019788e+00
  463 1.018909e+00
  464 1.018067e+00
  465 1.017264e+00
  466 1.016500e+00
  467 1.015774e+00
  468 1.015086e+00
  469 1.014435e+00
  470 1.013818e+00
  471 1.013234e+00
  472 1.012680e+00
  473 1.012155e+00
  474 1.011655e+00
  475 1.011179e+00
  476 1.010724e+00
  477 1.010290e+00
  478 1.009875e+00
  479 1.009477e+00
  480 1.009096e+00
  481 1.008731e+00
  482 1.008381e+00
  483 1.008046e+00
  484 1.007725e+00
  485 1.007417e+00
  486 1.007124e+00
  487 1.006843e+00
  488 1.006574e+00
  489 1.006318e+00
  490 1.006073e+00
  491 1.005839e+00
  492 1.005616e+00
  493 1.005403e+00
  494 1.005199e+00
  495 1.005004e+00
  496 1.004817e+00
  497 1.004638e+00
  498 1.004467e+00
  499 1.004302e+00
  500 1.004144e+00
  501 1.003993e+00
  502 1.003848e+00
  503 1.003708e+00
  504 1.003574e+00
  505 1.003445e+00
  506 1.003321e+00
  507 1.003202e+00
  508 1.003087e+00
  509 1.002977e+00
  510 1.002872e+00
  511 1.002770e+00
  512 1.002672e+00
  513 1.002578e+00
  514 1.002488e+00
  515 1.002401e+00
  516 1.002317e+00
  517 1.002237e+00
  518 1.002159e+00
  519 1.002084e+00
  520 1.002012e+00
  521 1.001943e+00
  522 1.001876e+00
  523 1.001812e+00
  524 1.001750e+00
  525 1.001690e+00
  526 1.001632e+00
  527 1.001576e+00
  528 1.001522e+00
  529 1.001470e+00
  530 1.001420e+00
  531 1.001372e+00
  532 1.001325e+00
  533 1.001280e+00
  534 1.001237e+00
  535 1.001195e+00
  536 1.001155e+00
  537 1.001116e+00
  538 1.001078e+00
  539 1.001042e+00
  540 1.001006e+00
  541 1.000972e+00
  542 1.000940e+00
  543 1.000908e+00
  544 1.000877e+00
  545 1.000848e+00
  546 1.000819e+00
  547 1.000792e+00
  548 1.000765e+00
  549 1.000739e+00
  550 1.000714e+00
  551 1.000690e+00
  552 1.000667e+00
  553 1.000645e+00
  554 1.000623e+00
  555 1.000602e+00
  556 1.000582e+00
  557 1.000562e+00
  558 1.000543e+00
  559 1.000525e+00
  560 1.000507e+00
  561 1.000490e+00
  562 1.000474e+00
  563 1.000458e+00
  564 1.000443e+00
  565 1.000428e+00
  566 1.000413e+00
  567 1.000399e+00
  568 1.000386e+00
  569 1.000373e+00
  570 1.000360e+00
  571 1.000348e+00
  572 1.000337e+00
  573 1.000325e+00
  574 1.000314e+00
  575 1.000304e+00
  576 1.000294e+00
  577 1.000284e+00
  578 1.000274e+00
  579 1.000265e+00
  580 1.000256e+00
  581 1.000247e+00
  582 1.000239e+00
  583 1.000231e+00
  584 1.000223e+00
  585 1.000216e+00
  586 1.000208e+00
  587 1.000201e+00
  588 1.000195e+00
  589 1.000188e+00
  590 1.000182e+00
  591 1.000176e+00
  592 1.000170e+00
  593 1.000164e+00
  594 1.000158e+00
  595 1.000153e+00
  596 1.000148e+00
  597 1.000143e+00
  598 1.000138e+00
  599 1.000133e+00
  600 1.000129e+00
  601 1.000125e+00
  602 1.000120e+00
  603 1.000116e+00
  604 1.000112e+00
  605 9.888945e-01
  606 9.779668e-01
  607 9.672021e-01
  608 9.565900e-01
  609 9.461208e-01
  610 9.357851e-01
  611 9.277667e-01
  612 9.219210e-01
  613 9.180807e-01
  614 9.161014e-01
  615 9.158555e-01
  616 9.172302e-01
  617 9.197881e-01
  618 9.231374e-01
  619 9.269465e-01
  620 9.309343e-01
  621 9.348619e-01
  622 9.385258e-01
  623 9.418004e-01
  624 9.446270e-01
  625 9.469975e-01
  626 9.489423e-01
  627 9.505205e-01
  628 9.518120e-01
  629 9.529045e-01
  630 9.538834e-01
  631 9.548246e-01
  632 9.557902e-01
  633 9.568263e-01
  634 9.579611e-01
  635 9.592064e-01
  636 9.605596e-01
  637 9.620066e-01
  638 9.635250e-01
  639 9.650877e-01
  640 9.666660e-01
  641 9.682321e-01
  642 9.697612e-01
  643 9.712332e-01
  644 9.726330e-01
  645 9.739514e-01
  646 9.751839e-01
  647 9.763310e-01
  648 9.773968e-01
  649 9.783878e-01
  650 9.793127e-01
  651 9.801804e-01
  652 9.810000e-01
  653 9.817797e-01
  654 9.825268e-01
  655 9.832468e-01
  656 9.839439e-01
  657 9.846206e-01
  658 9.852784e-01
  659 9.859174e-01
  660 9.865372e-01
  661 9.871366e-01
  662 9.877146e-01
  663 9.882697e-01
  664 9.888010e-01
  665 9.893077e-01
  666 9.897895e-01
  667 9.902466e-01
  668 9.906794e-01
  669 9.910887e-01
  670 9.914758e-01
  671 9.918420e-01
  672 9.921887e-01
  673 9.925175e-01
  674 9.928297e-01
  675 9.931269e-01
  676 9.934102e-01
  677 9.936806e-01
  678 9.939392e-01
  679 9.941867e-01
  680 9.944237e-01
  681 9.946507e-01
  682 9.948681e-01
  683 9.950762e-01
  684 9.952754e-01
  685 9.954659e-01
  686 9.956479e-01
  687 9.958218e-01
  688 9.959877e-01
  689 9.961461e-01
  690 9.962972e-01
  691 9.964414e-01
  692 9.965790e-01
  693 9.967104e-01
  694 9.968358e-01
  695 9.969558e-01
  696 9.970704e-01
  697 9.971802e-01
  698 9.972853e-01
  699 9.973860e-01
  700 9.974826e-01
  701 9.975753e-01
  702 9.976642e-01
  703 9.977496e-01
  704 9.978316e-01
  705 9.979103e-01
  706 9.979859e-01
  707 9.980586e-01
  708 9.981284e-01
  709 9.981954e-01
  710 9.982598e-01
  711 9.983217e-01
  712 9.983812e-01
  713 9.984384e-01
  714 9.984933e-01
  715 9.985462e-01
  716 9.985971e-01
  717 9.986460e-01
  718 9.986931e-01
  719 9.987384e-01
  720 9.987821e-01
  721 9.988242e-01
  722 9.988647e-01
  723 9.989038e-01
  724 9.989414e-01
  725 9.989778e-01
  726 9.990128e-01
  727 9.990465e-01
  728 9.990791e-01
  729 9.991105e-01
  730 9.991408e-01
  731 9.991701e-01
  732 9.991983e-01
  733 9.992255e-01
  734 9.992518e-01
  735 9.992771e-01
  736 9.993016e-01
  737 9.993252e-01
  738 9.993480e-01
  739 9.993700e-01
  740 9.993913e-01
  741 9.994118e-01
  742 9.994317e-01
  743 9.994508e-01
  744 9.994693e-01
  745 9.994872e-01
  746 9.995045e-01
  747 9.995211e-01
  748 9.995372e-01
  749 9.995528e-01
  750 9.995678e-01
  751 9.995824e-01
  752 9.995964e-01
  753 9.996100e-01
  754 9.996231e-01
  755 9.996358e-01
  756 9.996480e-01
  757 9.996598e-01
  758 9.996713e-01
  759 9.996823e-01
  760 9.996930e-01
  761 9.997033e-01
  762 9.997133e-01
  763 9.997229e-01
  764 9.997322e-01
  765 9.997412e-01
  766 9.997499e-01
  767 9.997583e-01
  768 9.997665e-01
  769 9.997743e-01
  770 9.997819e-01
  771 9.997892e-01
  772 9.997963e-01
  773 9.998032e-01
  774 9.998098e-01
  775 9.998162e-01
  776 9.998224e-01
  777 9.998284e-01
  778 9.998341e-01
  779 9.998397e-01
  780 9.998451e-01
  781 9.998503e-01
  782 9.998554e-01
  783 9.998602e-01
  784 9.998650e-01
  785 9.998695e-01
  786 9.998739e-01
  787 9.998781e-01
  788 9.998823e-01
  789 9.998862e-01
  790 9.998901e-01
  791 9.998938e-01
  792 9.998973e-01
  793 9.999008e-01
  794 9.999042e-01
  795 9.999074e-01
  796 9.999105e-01
  797 9.999135e-01
  798 9.999164e-01
  799 9.999193e-01
  800 9.999220e-01
