    1     0
    2     0
    3     0
    4     0
    5     0
    6     0
    7     0
    8     0
    9     0
   10 2.713635e-01
   11 4.373358e-01
   12 5.212346e-01
   13 5.428214e-01
   14 5.233618e-01
   15 4.732101e-01
   16 3.918001e-01
   17 3.032148e-01
   18 2.221833e-01
   19 1.560517e-01
   20 1.066266e-01
   21 7.306540e-02
   22 5.361554e-02
   23 4.479777e-02
   24 4.285380e-02
   25 4.459698e-02
   26 4.778440e-02
   27 5.107284e-02
   28 5.379809e-02
   29 5.582567e-02
   30 5.734412e-02
   31 5.867006e-02
   32 6.010295e-02
   33 6.184656e-02
   34 6.398810e-02
   35 6.650857e-02
   36 6.931186e-02
   37 7.226122e-02
   38 7.521317e-02
   39 7.804244e-02
   40 8.065624e-02
   41 8.299882e-02
   42 8.504829e-02
   43 8.680992e-02
   44 8.830688e-02
   45 8.957197e-02
   46 9.064052e-02
   47 9.154576e-02
   48 9.231617e-02
   49 9.297458e-02
   50 9.353876e-02
   51 9.402214e-02
   52 9.443529e-02
   53 9.478683e-02
   54 9.508444e-02
   55 9.533521e-02
   56 9.554586e-02
   57 9.572295e-02
   58 9.587250e-02
   59 9.600003e-02
   60 9.611041e-02
   61 9.620770e-02
   62 9.629511e-02
   63 9.637508e-02
   64 9.644953e-02
   65 9.651986e-02
   66 9.658686e-02
   67 9.665121e-02
   68 9.671326e-02
   69 9.677325e-02
   70 9.683133e-02
   71 9.688757e-02
   72 9.694198e-02
   73 9.699456e-02
   74 9.704527e-02
   75 9.709414e-02
   76 9.714110e-02
   77 9.718617e-02
   78 9.722926e-02
   79 9.727041e-02
   80 9.730957e-02
   81 9.734679e-02
   82 9.738208e-02
   83 9.741541e-02
   84 9.744674e-02
   85 9.747616e-02
   86 9.750385e-02
   87 9.752981e-02
   88 9.755407e-02
   89 9.757666e-02
   90 9.759777e-02
   91 9.761742e-02
   92 9.763584e-02
   93 9.765299e-02
   94 9.766893e-02
   95 9.768376e-02
   96 9.769753e-02
   97 9.771035e-02
   98 9.772228e-02
   99 9.773333e-02
  100 9.774364e-02
  101 9.775320e-02
  102 9.776206e-02
  103 9.777029e-02
  104 9.777802e-02
  105 9.778518e-02
  106 9.779188e-02
  107 9.779809e-02
  108 9.780387e-02
  109 9.780931e-02
  110 9.781437e-02
  111 9.781907e-02
  112 9.782343e-02
  113 9.782749e-02
  114 9.783133e-02
  115 9.783492e-02
  116 9.783820e-02
  117 9.784128e-02
  118 9.784405e-02
  119 9.784665e-02
  120 7.110616e-02
  121 5.252618e-02
  122 4.036059e-02
  123 3.316856e-02
  124 2.934451e-02
  125 2.755319e-02
  126 2.848660e-02
  127 3.051510e-02
  128 3.262861e-02
  129 3.430523e-02
  130 3.539634e-02
  131 3.597411e-02
  132 3.610025e-02
  133 3.593971e-02
  134 3.567263e-02
  135 3.544326e-02
  136 3.533808e-02
  137 3.538696e-02
  138 3.558411e-02
  139 3.589848e-02
  140 3.628688e-02
  141 3.670521e-02
  142 3.711669e-02
  143 3.749586e-02
  144 3.782882e-02
  145 3.811129e-02
  146 3.834587e-02
  147 3.853929e-02
  148 3.869993e-02
  149 3.883575e-02
  150 3.895333e-02
  151 3.905742e-02
  152 3.915100e-02
  153 3.923566e-02
  154 3.931207e-02
  155 3.938058e-02
  156 3.944120e-02
  157 3.949430e-02
  158 3.954027e-02
  159 3.957979e-02
  160 3.961363e-02
  161 3.964261e-02
  162 3.966776e-02
  163 3.968982e-02
  164 3.970941e-02
  165 3.972705e-02
  166 3.974327e-02
  167 3.975835e-02
  168 3.977248e-02
  169 3.978575e-02
  170 3.979824e-02
  171 3.981002e-02
  172 3.982108e-02
  173 3.983161e-02
  174 3.984159e-02
  175 3.985101e-02
  176 3.985990e-02
  177 3.986830e-02
  178 3.987627e-02
  179 3.988383e-02
  180 3.989095e-02
  181 3.989768e-02
  182 3.990399e-02
  183 3.990989e-02
  184 3.991543e-02
  185 3.992059e-02
  186 3.992538e-02
  187 3.992979e-02
  188 3.993382e-02
  189 3.993751e-02
  190 3.994079e-02
  191 3.994371e-02
  192 3.994632e-02
  193 3.994865e-02
  194 3.995064e-02
  195 3.995235e-02
  196 3.995374e-02
  197 3.995488e-02
  198 3.995577e-02
  199 3.995649e-02
  200 3.265302e-02
  201 3.295538e-02
  202 3.905350e-02
  203 4.932990e-02
  204 6.216197e-02
  205 7.794562e-02
  206 9.533292e-02
  207 1.120821e-01
  208 1.268505e-01
  209 1.390073e-01
  210 1.484408e-01
  211 1.551967e-01
  212 1.595602e-01
  213 1.620065e-01
  214 1.630443e-01
  215 1.631232e-01
  216 1.625923e-01
  217 1.617075e-01
  218 1.606393e-01
  219 1.594861e-01
  220 1.582956e-01
  221 1.570868e-01
  222 1.558672e-01
  223 1.546427e-01
  224 1.534224e-01
  225 1.522201e-01
  226 1.510529e-01
  227 1.499389e-01
  228 1.488943e-01
  229 1.479320e-01
  230 1.470599e-01
  231 1.462812e-01
  232 1.455947e-01
  233 1.449957e-01
  234 1.444772e-01
  235 1.440308e-01
  236 1.436477e-01
  237 1.433197e-01
  238 1.430389e-01
  239 1.427985e-01
  240 2.228214e-01
  241 2.783917e-01
  242 3.147432e-01
  243 3.361948e-01
  244 3.475602e-01
  245 3.528420e-01
  246 3.499620e-01
  247 3.438072e-01
  248 3.374057e-01
  249 3.323215e-01
  250 3.289992e-01
  251 3.272209e-01
  252 3.268009e-01
  253 3.272439e-01
  254 3.280087e-01
  255 3.286622e-01
  256 3.289447e-01
  257 3.287669e-01
  258 3.281457e-01
  259 3.271739e-01
  260 3.259812e-01
  261 3.246998e-01
  262 3.234399e-01
  263 3.222779e-01
  264 3.212556e-01
  265 3.203861e-01
  266 3.196612e-01
  267 3.190606e-01
  268 3.185594e-01
  269 3.181337e-01
  270 3.177637e-01
  271 3.174354e-01
  272 3.171395e-01
  273 3.168714e-01
  274 3.166287e-01
  275 3.164108e-01
  276 3.162172e-01
  277 3.160471e-01
  278 3.158992e-01
  279 3.157713e-01
  280 3.156610e-01
  281 3.155657e-01
  282 3.154826e-01
  283 3.154093e-01
  284 3.153438e-01
  285 3.152844e-01
  286 3.152299e-01
  287 3.151793e-01
  288 3.151320e-01
  289 3.150876e-01
  290 3.150457e-01
  291 3.150063e-01
  292 3.149690e-01
  293 3.149337e-01
  294 3.149004e-01
  295 3.148688e-01
  296 3.148388e-01
  297 3.148104e-01
  298 3.147834e-01
  299 3.147578e-01
  300 3.147336e-01
  301 3.147106e-01
  302 3.146888e-01
  303 3.146682e-01
  304 3.146487e-01
  305 3.146303e-01
  306 3.146130e-01
  307 3.145967e-01
  308 3.145815e-01
  309 3.145672e-01
  310 3.145538e-01
  311 3.145412e-01
  312 3.145295e-01
  313 3.145186e-01
  314 3.145084e-01
  315 3.144989e-01
  316 3.144901e-01
  317 3.144818e-01
  318 3.144741e-01
  319 3.144669e-01
  320 3.144603e-01
  321 3.144541e-01
  322 3.144484e-01
  323 3.144430e-01
  324 3.144381e-01
  325 3.144335e-01
  326 3.144292e-01
  327 3.144252e-01
  328 3.144214e-01
  329 3.144180e-01
  330 3.144147e-01
  331 3.144118e-01
  332 3.144090e-01
  333 3.144065e-01
  334 3.144042e-01
  335 3.144020e-01
  336 3.144000e-01
  337 3.143982e-01
  338 3.143964e-01
  339 3.143949e-01
  340 3.143934e-01
  341 3.143920e-01
  342 3.143907e-01
  343 3.143894e-01
  344 3.143883e-01
  345 3.143872e-01
  346 3.143862e-01
  347 3.143852e-01
  348 3.143843e-01
  349 3.143835e-01
  350 3.143827e-01
  351 3.143819e-01
  352 3.143812e-01
  353 3.143806e-01
  354 3.143800e-01
  355 3.143795e-01
  356 3.143790e-01
  357 3.143785e-01
  358 3.143781e-01
  359 3.143776e-01
  360 2.876343e-01
  361 2.690516e-01
  362 2.568836e-01
  363 2.496893e-01
  364 2.458630e-01
  365 2.440697e-01
  366 2.450012e-01
  367 2.470279e-01
  368 2.491397e-01
  369 2.508148e-01
  370 2.519044e-01
  371 2.524810e-01
  372 2.526060e-01
  373 2.524445e-01
  374 2.521764e-01
  375 2.519463e-01
  376 2.518404e-01
  377 2.518885e-01
  378 2.520849e-01
  379 2.523986e-01
  380 2.527865e-01
  381 2.532044e-01
  382 2.536156e-01
  383 2.539946e-01
  384 2.543274e-01
  385 2.546098e-01
  386 2.548444e-01
  387 2.550379e-01
  388 2.551987e-01
  389 2.553347e-01
  390 2.554525e-01
  391 2.555568e-01
  392 2.556506e-01
  393 2.557354e-01
  394 2.558120e-01
  395 2.558806e-01
  396 2.559413e-01
  397 2.559944e-01
  398 2.560403e-01
  399 2.560796e-01
  400 2.648781e-01
  401 2.645447e-01
  402 2.572524e-01
  403 2.449431e-01
  404 2.295646e-01
  405 2.106424e-01
  406 1.897945e-01
  407 1.697112e-01
  408 1.520039e-01
  409 1.374296e-01
  410 1.261225e-01
  411 1.180276e-01
  412 1.128028e-01
  413 1.098780e-01
  414 1.086428e-01
  415 1.085578e-01
  416 1.092045e-01
  417 1.102756e-01
  418 1.115666e-01
  419 1.129596e-01
  420 1.143973e-01
  421 1.158569e-01
  422 1.173292e-01
  423 1.188072e-01
  424 1.202798e-01
  425 1.217305e-01
  426 1.231388e-01
  427 1.244829e-01
  428 1.257433e-01
  429 1.269046e-01
  430 1.279573e-01
  431 1.288975e-01
  432 1.297267e-01
  433 1.304505e-01
  434 1.310774e-01
  435 1.316174e-01
  436 1.320810e-01
  437 1.324782e-01
  438 1.328184e-01
  439 1.331098e-01
  440 1.333596e-01
  441 1.335739e-01
  442 1.337580e-01
  443 1.339164e-01
  444 1.340531e-01
  445 1.341714e-01
  446 1.342745e-01
  447 1.343648e-01
  448 1.344446e-01
  449 1.345159e-01
  450 1.345802e-01
  451 1.346389e-01
  452 1.346930e-01
  453 1.347435e-01
  454 1.347908e-01
  455 1.348356e-01
  456 1.348782e-01
  457 1.349188e-01
  458 1.349576e-01
  459 1.349948e-01
  460 1.350304e-01
  461 1.350645e-01
  462 1.350972e-01
  463 1.351285e-01
  464 1.351583e-01
  465 1.351867e-01
  466 1.352138e-01
  467 1.352396e-01
  468 1.352640e-01
  469 1.352871e-01
  470 1.353089e-01
  471 1.353295e-01
  472 1.353489e-01
  473 1.353671e-01
  474 1.353841e-01
  475 1.354001e-01
  476 1.354151e-01
  477 1.354291e-01
  478 1.354421e-01
  479 1.354543e-01
  480 1.354657e-01
  481 1.354763e-01
  482 1.354861e-01
  483 1.354953e-01
  484 1.355039e-01
  485 1.355118e-01
  486 1.355192e-01
  487 1.355261e-01
  488 1.355325e-01
  489 1.355385e-01
  490 1.355441e-01
  491 1.355492e-01
  492 1.355540e-01
  493 1.355585e-01
  494 1.355627e-01
  495 1.355666e-01
  496 1.355702e-01
  497 1.355735e-01
  498 1.355767e-01
  499 1.355796e-01
  500 1.355823e-01
  501 1.355848e-01
  502 1.355872e-01
  503 1.355894e-01
  504 1.355915e-01
  505 1.355934e-01
  506 1.355952e-01
  507 1.355969e-01
  508 1.355984e-01
  509 1.355999e-01
  510 1.356012e-01
  511 1.356025e-01
  512 1.356037e-01
  513 1.356047e-01
  514 1.356058e-01
  515 1.356067e-01
  516 1.356076e-01
  517 1.356084e-01
  518 1.356092e-01
  519 1.356100e-01
  520 1.356106e-01
  521 1.356113e-01
  522 1.356119e-01
  523 1.356124e-01
  524 1.356129e-01
  525 1.356134e-01
  526 1.356138e-01
  527 1.356143e-01
  528 1.356147e-01
  529 1.356150e-01
  530 1.356154e-01
  531 1.356157e-01
  532 1.356160e-01
  533 1.356163e-01
  534 1.356165e-01
  535 1.356167e-01
  536 1.356169e-01
  537 1.356171e-01
  538 1.356172e-01
  539 1.356174e-01
  540 1.356175e-01
  541 1.356176e-01
  542 1.356177e-01
  543 1.356178e-01
  544 1.356179e-01
  545 1.356179e-01
  546 1.356180e-01
  547 1.356180e-01
  548 1.356180e-01
  549 1.356180e-01
  550 1.356181e-01
  551 1.356180e-01
  552 1.356180e-01
  553 1.356180e-01
  554 1.356180e-01
  555 1.356180e-01
  556 1.356179e-01
  557 1.356179e-01
  558 1.356179e-01
  559 1.356179e-01
  560 1.356180e-01
  561 1.356180e-01
  562 1.356180e-01
  563 1.356180e-01
  564 1.356180e-01
  565 1.356179e-01
  566 1.356179e-01
  567 1.356178e-01
  568 1.356178e-01
  569 1.356178e-01
  570 1.356178e-01
  571 1.356178e-01
  572 1.356177e-01
  573 1.356177e-01
  574 1.356177e-01
  575 1.356176e-01
  576 1.356175e-01
  577 1.356175e-01
  578 1.356173e-01
  579 1.356172e-01
  580 1.356170e-01
  581 1.356167e-01
  582 1.356164e-01
  583 1.356160e-01
  584 1.356156e-01
  585 1.356151e-01
  586 1.356146e-01
  587 1.356141e-01
  588 1.356135e-01
  589 1.356128e-01
  590 1.356122e-01
  591 1.356115e-01
  592 1.356109e-01
  593 1.356103e-01
  594 1.356098e-01
  595 1.356093e-01
  596 1.356090e-01
  597 1.356087e-01
  598 1.356085e-01
  599 1.356083e-01
  600 1.297650e-01
  601 1.300065e-01
  602 1.348847e-01
  603 1.431055e-01
  604 1.533708e-01
  605 1.659973e-01
  606 1.799068e-01
  607 1.933058e-01
  608 2.051201e-01
  609 2.148453e-01
  610 2.223919e-01
  611 2.277965e-01
  612 2.312875e-01
  613 2.332447e-01
  614 2.340752e-01
  615 2.341385e-01
  616 2.337138e-01
  617 2.330059e-01
  618 2.321510e-01
  619 2.312278e-01
  620 2.302746e-01
  621 2.293066e-01
  622 2.283298e-01
  623 2.273489e-01
  624 2.263715e-01
  625 2.254083e-01
  626 2.244733e-01
  627 2.235808e-01
  628 2.227439e-01
  629 2.219728e-01
  630 2.212740e-01
  631 2.206500e-01
  632 2.200998e-01
  633 2.196197e-01
  634 2.192040e-01
  635 2.188460e-01
  636 2.185389e-01
  637 2.182759e-01
  638 2.180507e-01
  639 2.178580e-01
  640 2.176928e-01
  641 2.175512e-01
  642 2.174296e-01
  643 2.173251e-01
  644 2.172350e-01
  645 2.171570e-01
  646 2.170891e-01
  647 2.170297e-01
  648 2.169772e-01
  649 2.169303e-01
  650 2.168879e-01
  651 2.168493e-01
  652 2.168136e-01
  653 2.167803e-01
  654 2.167490e-01
  655 2.167193e-01
  656 2.166912e-01
  657 2.166643e-01
  658 2.166385e-01
  659 2.166138e-01
  660 2.165902e-01
  661 2.165676e-01
  662 2.165459e-01
  663 2.165251e-01
  664 2.165054e-01
  665 2.164865e-01
  666 2.164686e-01
  667 2.164515e-01
  668 2.164354e-01
  669 2.164201e-01
  670 2.164057e-01
  671 2.163920e-01
  672 2.163792e-01
  673 2.163672e-01
  674 2.163560e-01
  675 2.163454e-01
  676 2.163355e-01
  677 2.163263e-01
  678 2.163177e-01
  679 2.163096e-01
  680 2.163021e-01
  681 2.162952e-01
  682 2.162886e-01
  683 2.162826e-01
  684 2.162770e-01
  685 2.162717e-01
  686 2.162669e-01
  687 2.162623e-01
  688 2.162581e-01
  689 2.162542e-01
  690 2.162505e-01
  691 2.162471e-01
  692 2.162439e-01
  693 2.162410e-01
  694 2.162383e-01
  695 2.162357e-01
  696 2.162333e-01
  697 2.162311e-01
  698 2.162290e-01
  699 2.162271e-01
  700 2.162253e-01
  701 2.162237e-01
  702 2.162221e-01
  703 2.162206e-01
  704 2.162193e-01
  705 2.162180e-01
  706 2.162168e-01
  707 2.162157e-01
  708 2.162147e-01
  709 2.162138e-01
  710 2.162129e-01
  711 2.162120e-01
  712 2.162113e-01
  713 2.162106e-01
  714 2.162099e-01
  715 2.162093e-01
  716 2.162087e-01
  717 2.162081e-01
  718 2.162076e-01
  719 2.162071e-01
  720 2.162067e-01
  721 2.162062e-01
  722 2.162059e-01
  723 2.162055e-01
  724 2.162051e-01
  725 2.162048e-01
  726 2.162045e-01
  727 2.162042e-01
  728 2.162040e-01
  729 2.162037e-01
  730 2.162035e-01
  731 2.162033e-01
  732 2.162031e-01
  733 2.162029e-01
  734 2.162027e-01
  735 2.162026e-01
  736 2.162024e-01
  737 2.162023e-01
  738 2.162022e-01
  739 2.162021e-01
  740 2.162019e-01
  741 2.162018e-01
  742 2.162017e-01
  743 2.162016e-01
  744 2.162015e-01
  745 2.162015e-01
  746 2.162014e-01
  747 2.162013e-01
  748 2.162012e-01
  749 2.162012e-01
  750 2.162011e-01
  751 2.162010e-01
  752 2.162010e-01
  753 2.162009e-01
  754 2.162009e-01
  755 2.162008e-01
  756 2.162008e-01
  757 2.162008e-01
  758 2.162008e-01
  759 2.162007e-01
  760 2.162007e-01
  761 2.162007e-01
  762 2.162007e-01
  763 2.162007e-01
  764 2.162007e-01
  765 2.162007e-01
  766 2.162008e-01
  767 2.162008e-01
  768 2.162008e-01
  769 2.162009e-01
  770 2.162009e-01
  771 2.162010e-01
  772 2.162010e-01
  773 2.162011e-01
  774 2.162012e-01
  775 2.162013e-01
  776 2.162015e-01
  777 2.162016e-01
  778 2.162018e-01
  779 2.162019e-01
  780 2.162022e-01
  781 2.162024e-01
  782 2.162027e-01
  783 2.162029e-01
  784 2.162033e-01
  785 2.162036e-01
  786 2.162040e-01
  787 2.162044e-01
  788 2.162048e-01
  789 2.162053e-01
  790 2.162057e-01
  791 2.162062e-01
  792 2.162066e-01
  793 2.162070e-01
  794 2.162073e-01
  795 2.162076e-01
  796 2.162079e-01
  797 2.162081e-01
  798 2.162082e-01
  799 2.162083e-01
  800 2.162084e-01
