    1     0
    2     0
    3     0
    4     0
    5     0
    6     0
    7     0
    8     0
    9     0
   10 2.508472e-01
   11 4.362398e-01
   12 5.686135e-01
   13 6.439217e-01
   14 6.836404e-01
   15 7.037825e-01
   16 7.100758e-01
   17 7.105763e-01
   18 7.096642e-01
   19 7.102466e-01
   20 7.121890e-01
   21 7.139410e-01
   22 7.137204e-01
   23 7.102263e-01
   24 7.028295e-01
   25 6.914747e-01
   26 6.766528e-01
   27 6.592373e-01
   28 6.402812e-01
   29 6.208160e-01
   30 6.017189e-01
   31 5.836517e-01
   32 5.670464e-01
   33 5.521247e-01
   34 5.389405e-01
   35 5.274308e-01
   36 5.174648e-01
   37 5.088823e-01
   38 5.015209e-01
   39 4.952312e-01
   40 4.898831e-01
   41 4.853663e-01
   42 4.815864e-01
   43 4.784608e-01
   44 4.759141e-01
   45 4.738756e-01
   46 4.722774e-01
   47 4.710550e-01
   48 4.701469e-01
   49 4.694961e-01
   50 4.690514e-01
   51 4.687674e-01
   52 4.686054e-01
   53 4.685333e-01
   54 4.685249e-01
   55 4.685596e-01
   56 4.686215e-01
   57 4.686985e-01
   58 4.687817e-01
   59 4.688646e-01
   60 4.689428e-01
   61 4.690132e-01
   62 4.690738e-01
   63 4.691239e-01
   64 4.691628e-01
   65 4.691910e-01
   66 4.692088e-01
   67 4.692173e-01
   68 4.692174e-01
   69 4.692103e-01
   70 4.691972e-01
   71 4.691792e-01
   72 4.691573e-01
   73 4.691328e-01
   74 4.691064e-01
   75 4.690789e-01
   76 4.690512e-01
   77 4.690237e-01
   78 4.689968e-01
   79 4.689710e-01
   80 4.689465e-01
   81 4.689233e-01
   82 4.689017e-01
   83 4.688818e-01
   84 4.688634e-01
   85 4.688467e-01
   86 4.688316e-01
   87 4.688180e-01
   88 4.688059e-01
   89 4.687951e-01
   90 4.687856e-01
   91 4.687772e-01
   92 4.687697e-01
   93 4.687633e-01
   94 4.687578e-01
   95 4.687529e-01
   96 4.687487e-01
   97 4.687451e-01
   98 4.687421e-01
   99 4.687395e-01
  100 4.687373e-01
  101 4.687354e-01
  102 4.687338e-01
  103 4.687326e-01
  104 4.687315e-01
  105 4.687305e-01
  106 4.687297e-01
  107 4.687290e-01
  108 4.687285e-01
  109 4.687281e-01
  110 4.687278e-01
  111 4.687276e-01
  112 4.687274e-01
  113 4.687272e-01
  114 4.687271e-01
  115 4.687269e-01
  116 4.687267e-01
  117 4.687265e-01
  118 4.687264e-01
  119 4.687263e-01
  120 4.739243e-01
  121 4.799922e-01
  122 4.864239e-01
  123 4.943066e-01
  124 5.022857e-01
  125 5.095437e-01
  126 5.151772e-01
  127 5.190956e-01
  128 5.214396e-01
  129 5.223315e-01
  130 5.220607e-01
  131 5.209626e-01
  132 5.193808e-01
  133 5.175853e-01
  134 5.157618e-01
  135 5.140315e-01
  136 5.124567e-01
  137 5.110568e-01
  138 5.098223e-01
  139 5.087307e-01
  140 5.077573e-01
  141 5.068813e-01
  142 5.060879e-01
  143 5.053681e-01
  144 5.047178e-01
  145 5.041356e-01
  146 5.036210e-01
  147 5.031725e-01
  148 5.027876e-01
  149 5.024619e-01
  150 5.021898e-01
  151 5.019648e-01
  152 5.017799e-01
  153 5.016284e-01
  154 5.015042e-01
  155 5.014018e-01
  156 5.013169e-01
  157 5.012456e-01
  158 5.011854e-01
  159 5.011338e-01
  160 5.010891e-01
  161 5.010502e-01
  162 5.010159e-01
  163 5.009853e-01
  164 5.009576e-01
  165 5.009325e-01
  166 5.009094e-01
  167 5.008879e-01
  168 5.008678e-01
  169 5.008489e-01
  170 5.008309e-01
  171 5.008138e-01
  172 5.007974e-01
  173 5.007817e-01
  174 5.007669e-01
  175 5.007529e-01
  176 5.007396e-01
  177 5.007271e-01
  178 5.007154e-01
  179 5.007045e-01
  180 5.006944e-01
  181 5.006851e-01
  182 5.006766e-01
  183 5.006689e-01
  184 5.006619e-01
  185 5.006557e-01
  186 5.006500e-01
  187 5.006451e-01
  188 5.006407e-01
  189 5.006370e-01
  190 5.006339e-01
  191 5.006312e-01
  192 5.006291e-01
  193 5.006275e-01
  194 5.006264e-01
  195 5.006257e-01
  196 5.006254e-01
  197 5.006255e-01
  198 5.006258e-01
  199 5.006264e-01
  200 4.297631e-01
  201 3.726204e-01
  202 3.273219e-01
  203 2.925014e-01
  204 2.659481e-01
  205 2.456012e-01
  206 2.320326e-01
  207 2.235182e-01
  208 2.187137e-01
  209 2.166650e-01
  210 2.167834e-01
  211 2.187196e-01
  212 2.221608e-01
  213 2.268384e-01
  214 2.325043e-01
  215 2.389125e-01
  216 2.458121e-01
  217 2.529541e-01
  218 2.601083e-01
  219 2.670778e-01
  220 2.737061e-01
  221 2.798806e-01
  222 2.855304e-01
  223 2.906216e-01
  224 2.951503e-01
  225 2.991346e-01
  226 3.026071e-01
  227 3.056085e-01
  228 3.081835e-01
  229 3.103767e-01
  230 3.122312e-01
  231 3.137873e-01
  232 3.150822e-01
  233 3.161500e-01
  234 3.170219e-01
  235 3.177263e-01
  236 3.182887e-01
  237 3.187324e-01
  238 3.190781e-01
  239 3.193439e-01
  240 3.039519e-01
  241 2.858998e-01
  242 2.667176e-01
  243 2.431531e-01
  244 2.192776e-01
  245 1.975501e-01
  246 1.806853e-01
  247 1.689586e-01
  248 1.619508e-01
  249 1.592973e-01
  250 1.601305e-01
  251 1.634459e-01
  252 1.682126e-01
  253 1.736214e-01
  254 1.791151e-01
  255 1.843305e-01
  256 1.890798e-01
  257 1.933050e-01
  258 1.970344e-01
  259 2.003356e-01
  260 2.032818e-01
  261 2.059354e-01
  262 2.083409e-01
  263 2.105246e-01
  264 2.124986e-01
  265 2.142672e-01
  266 2.158322e-01
  267 2.171972e-01
  268 2.183704e-01
  269 2.193646e-01
  270 2.201966e-01
  271 2.208863e-01
  272 2.214543e-01
  273 2.219208e-01
  274 2.223045e-01
  275 2.226215e-01
  276 2.228854e-01
  277 2.231071e-01
  278 2.232952e-01
  279 2.234566e-01
  280 2.235962e-01
  281 2.237183e-01
  282 2.238260e-01
  283 2.239219e-01
  284 2.240082e-01
  285 2.240867e-01
  286 2.241588e-01
  287 2.242257e-01
  288 2.242883e-01
  289 2.243474e-01
  290 2.244034e-01
  291 2.244567e-01
  292 2.245075e-01
  293 2.245559e-01
  294 2.246020e-01
  295 2.246457e-01
  296 2.246871e-01
  297 2.247262e-01
  298 2.247631e-01
  299 2.247976e-01
  300 2.248298e-01
  301 2.248599e-01
  302 2.248878e-01
  303 2.249136e-01
  304 2.249374e-01
  305 2.249594e-01
  306 2.249795e-01
  307 2.249980e-01
  308 2.250149e-01
  309 2.250303e-01
  310 2.250444e-01
  311 2.250571e-01
  312 2.250686e-01
  313 2.250791e-01
  314 2.250885e-01
  315 2.250970e-01
  316 2.251047e-01
  317 2.251116e-01
  318 2.251178e-01
  319 2.251233e-01
  320 2.251283e-01
  321 2.251327e-01
  322 2.251366e-01
  323 2.251401e-01
  324 2.251432e-01
  325 2.251460e-01
  326 2.251483e-01
  327 2.251504e-01
  328 2.251521e-01
  329 2.251536e-01
  330 2.251550e-01
  331 2.251561e-01
  332 2.251571e-01
  333 2.251579e-01
  334 2.251587e-01
  335 2.251594e-01
  336 2.251600e-01
  337 2.251605e-01
  338 2.251610e-01
  339 2.251615e-01
  340 2.251619e-01
  341 2.251623e-01
  342 2.251626e-01
  343 2.251630e-01
  344 2.251633e-01
  345 2.251635e-01
  346 2.251638e-01
  347 2.251640e-01
  348 2.251642e-01
  349 2.251644e-01
  350 2.251646e-01
  351 2.251648e-01
  352 2.251650e-01
  353 2.251652e-01
  354 2.251653e-01
  355 2.251654e-01
  356 2.251656e-01
  357 2.251657e-01
  358 2.251658e-01
  359 2.251658e-01
  360 2.303639e-01
  361 2.364319e-01
  362 2.428636e-01
  363 2.507462e-01
  364 2.587253e-01
  365 2.659832e-01
  366 2.716166e-01
  367 2.755348e-01
  368 2.778787e-01
  369 2.787703e-01
  370 2.784993e-01
  371 2.774009e-01
  372 2.758189e-01
  373 2.740231e-01
  374 2.721994e-01
  375 2.704687e-01
  376 2.688936e-01
  377 2.674934e-01
  378 2.662585e-01
  379 2.651663e-01
  380 2.641924e-01
  381 2.633158e-01
  382 2.625217e-01
  383 2.618012e-01
  384 2.611502e-01
  385 2.605672e-01
  386 2.600517e-01
  387 2.596024e-01
  388 2.592166e-01
  389 2.588900e-01
  390 2.586169e-01
  391 2.583909e-01
  392 2.582050e-01
  393 2.580525e-01
  394 2.579273e-01
  395 2.578240e-01
  396 2.577381e-01
  397 2.576660e-01
  398 2.576049e-01
  399 2.575527e-01
  400 3.425445e-01
  401 4.110778e-01
  402 4.654031e-01
  403 5.071590e-01
  404 5.389979e-01
  405 5.633918e-01
  406 5.796538e-01
  407 5.898524e-01
  408 5.956004e-01
  409 5.980423e-01
  410 5.978844e-01
  411 5.955452e-01
  412 5.913998e-01
  413 5.857702e-01
  414 5.789543e-01
  415 5.712475e-01
  416 5.629509e-01
  417 5.543637e-01
  418 5.457621e-01
  419 5.373828e-01
  420 5.294133e-01
  421 5.219891e-01
  422 5.151953e-01
  423 5.090725e-01
  424 5.036255e-01
  425 4.988326e-01
  426 4.946547e-01
  427 4.910429e-01
  428 4.879436e-01
  429 4.853034e-01
  430 4.830704e-01
  431 4.811963e-01
  432 4.796363e-01
  433 4.783496e-01
  434 4.772986e-01
  435 4.764494e-01
  436 4.757711e-01
  437 4.752357e-01
  438 4.748185e-01
  439 4.744974e-01
  440 4.742534e-01
  441 4.740701e-01
  442 4.739338e-01
  443 4.738331e-01
  444 4.737588e-01
  445 4.737034e-01
  446 4.736613e-01
  447 4.736278e-01
  448 4.735998e-01
  449 4.735747e-01
  450 4.735508e-01
  451 4.735269e-01
  452 4.735023e-01
  453 4.734766e-01
  454 4.734497e-01
  455 4.734215e-01
  456 4.733923e-01
  457 4.733622e-01
  458 4.733316e-01
  459 4.733008e-01
  460 4.732701e-01
  461 4.732398e-01
  462 4.732102e-01
  463 4.731814e-01
  464 4.731538e-01
  465 4.731275e-01
  466 4.731025e-01
  467 4.730790e-01
  468 4.730571e-01
  469 4.730366e-01
  470 4.730177e-01
  471 4.730003e-01
  472 4.729843e-01
  473 4.729697e-01
  474 4.729564e-01
  475 4.729444e-01
  476 4.729336e-01
  477 4.729238e-01
  478 4.729151e-01
  479 4.729073e-01
  480 4.729003e-01
  481 4.728941e-01
  482 4.728885e-01
  483 4.728836e-01
  484 4.728793e-01
  485 4.728755e-01
  486 4.728721e-01
  487 4.728691e-01
  488 4.728664e-01
  489 4.728641e-01
  490 4.728621e-01
  491 4.728603e-01
  492 4.728587e-01
  493 4.728573e-01
  494 4.728560e-01
  495 4.728549e-01
  496 4.728539e-01
  497 4.728531e-01
  498 4.728523e-01
  499 4.728517e-01
  500 4.728511e-01
  501 4.728506e-01
  502 4.728501e-01
  503 4.728497e-01
  504 4.728494e-01
  505 4.728491e-01
  506 4.728488e-01
  507 4.728485e-01
  508 4.728483e-01
  509 4.728481e-01
  510 4.728479e-01
  511 4.728478e-01
  512 4.728476e-01
  513 4.728475e-01
  514 4.728475e-01
  515 4.728474e-01
  516 4.728473e-01
  517 4.728473e-01
  518 4.728473e-01
  519 4.728472e-01
  520 4.728472e-01
  521 4.728472e-01
  522 4.728472e-01
  523 4.728471e-01
  524 4.728471e-01
  525 4.728471e-01
  526 4.728471e-01
  527 4.728471e-01
  528 4.728471e-01
  529 4.728471e-01
  530 4.728471e-01
  531 4.728471e-01
  532 4.728472e-01
  533 4.728472e-01
  534 4.728473e-01
  535 4.728473e-01
  536 4.728474e-01
  537 4.728475e-01
  538 4.728475e-01
  539 4.728476e-01
  540 4.728477e-01
  541 4.728478e-01
  542 4.728479e-01
  543 4.728480e-01
  544 4.728481e-01
  545 4.728483e-01
  546 4.728484e-01
  547 4.728485e-01
  548 4.728487e-01
  549 4.728488e-01
  550 4.728490e-01
  551 4.728492e-01
  552 4.728493e-01
  553 4.728495e-01
  554 4.728497e-01
  555 4.728499e-01
  556 4.728501e-01
  557 4.728502e-01
  558 4.728504e-01
  559 4.728506e-01
  560 4.728507e-01
  561 4.728509e-01
  562 4.728510e-01
  563 4.728510e-01
  564 4.728510e-01
  565 4.728510e-01
  566 4.728509e-01
  567 4.728508e-01
  568 4.728507e-01
  569 4.728506e-01
  570 4.728505e-01
  571 4.728505e-01
  572 4.728504e-01
  573 4.728504e-01
  574 4.728505e-01
  575 4.728506e-01
  576 4.728507e-01
  577 4.728510e-01
  578 4.728513e-01
  579 4.728517e-01
  580 4.728522e-01
  581 4.728527e-01
  582 4.728534e-01
  583 4.728541e-01
  584 4.728549e-01
  585 4.728557e-01
  586 4.728566e-01
  587 4.728576e-01
  588 4.728586e-01
  589 4.728597e-01
  590 4.728609e-01
  591 4.728620e-01
  592 4.728632e-01
  593 4.728644e-01
  594 4.728657e-01
  595 4.728668e-01
  596 4.728679e-01
  597 4.728690e-01
  598 4.728699e-01
  599 4.728706e-01
  600 4.161799e-01
  601 3.704653e-01
  602 3.342255e-01
  603 3.063676e-01
  604 2.851229e-01
  605 2.688431e-01
  606 2.579857e-01
  607 2.511716e-01
  608 2.473253e-01
  609 2.456837e-01
  610 2.457760e-01
  611 2.473230e-01
  612 2.500747e-01
  613 2.538163e-01
  614 2.583494e-01
  615 2.634769e-01
  616 2.689981e-01
  617 2.747137e-01
  618 2.804394e-01
  619 2.860174e-01
  620 2.913228e-01
  621 2.962652e-01
  622 3.007879e-01
  623 3.048637e-01
  624 3.084895e-01
  625 3.116797e-01
  626 3.144602e-01
  627 3.168638e-01
  628 3.189261e-01
  629 3.206826e-01
  630 3.221680e-01
  631 3.234144e-01
  632 3.244517e-01
  633 3.253070e-01
  634 3.260054e-01
  635 3.265695e-01
  636 3.270198e-01
  637 3.273751e-01
  638 3.276517e-01
  639 3.278644e-01
  640 3.280259e-01
  641 3.281470e-01
  642 3.282370e-01
  643 3.283035e-01
  644 3.283525e-01
  645 3.283891e-01
  646 3.284170e-01
  647 3.284393e-01
  648 3.284581e-01
  649 3.284750e-01
  650 3.284912e-01
  651 3.285075e-01
  652 3.285242e-01
  653 3.285417e-01
  654 3.285600e-01
  655 3.285792e-01
  656 3.285990e-01
  657 3.286193e-01
  658 3.286399e-01
  659 3.286607e-01
  660 3.286813e-01
  661 3.287016e-01
  662 3.287215e-01
  663 3.287406e-01
  664 3.287591e-01
  665 3.287766e-01
  666 3.287933e-01
  667 3.288089e-01
  668 3.288235e-01
  669 3.288370e-01
  670 3.288495e-01
  671 3.288611e-01
  672 3.288716e-01
  673 3.288812e-01
  674 3.288900e-01
  675 3.288979e-01
  676 3.289050e-01
  677 3.289115e-01
  678 3.289172e-01
  679 3.289223e-01
  680 3.289269e-01
  681 3.289310e-01
  682 3.289346e-01
  683 3.289378e-01
  684 3.289407e-01
  685 3.289432e-01
  686 3.289454e-01
  687 3.289474e-01
  688 3.289491e-01
  689 3.289506e-01
  690 3.289520e-01
  691 3.289532e-01
  692 3.289542e-01
  693 3.289551e-01
  694 3.289560e-01
  695 3.289567e-01
  696 3.289573e-01
  697 3.289579e-01
  698 3.289584e-01
  699 3.289588e-01
  700 3.289592e-01
  701 3.289596e-01
  702 3.289599e-01
  703 3.289601e-01
  704 3.289603e-01
  705 3.289606e-01
  706 3.289607e-01
  707 3.289609e-01
  708 3.289611e-01
  709 3.289612e-01
  710 3.289613e-01
  711 3.289614e-01
  712 3.289615e-01
  713 3.289615e-01
  714 3.289616e-01
  715 3.289616e-01
  716 3.289617e-01
  717 3.289617e-01
  718 3.289617e-01
  719 3.289618e-01
  720 3.289618e-01
  721 3.289618e-01
  722 3.289618e-01
  723 3.289618e-01
  724 3.289618e-01
  725 3.289619e-01
  726 3.289619e-01
  727 3.289619e-01
  728 3.289619e-01
  729 3.289619e-01
  730 3.289619e-01
  731 3.289619e-01
  732 3.289619e-01
  733 3.289619e-01
  734 3.289619e-01
  735 3.289619e-01
  736 3.289619e-01
  737 3.289619e-01
  738 3.289619e-01
  739 3.289619e-01
  740 3.289619e-01
  741 3.289619e-01
  742 3.289618e-01
  743 3.289618e-01
  744 3.289618e-01
  745 3.289618e-01
  746 3.289618e-01
  747 3.289618e-01
  748 3.289618e-01
  749 3.289618e-01
  750 3.289618e-01
  751 3.289618e-01
  752 3.289618e-01
  753 3.289618e-01
  754 3.289618e-01
  755 3.289618e-01
  756 3.289618e-01
  757 3.289618e-01
  758 3.289618e-01
  759 3.289617e-01
  760 3.289617e-01
  761 3.289617e-01
  762 3.289616e-01
  763 3.289616e-01
  764 3.289616e-01
  765 3.289615e-01
  766 3.289614e-01
  767 3.289614e-01
  768 3.289613e-01
  769 3.289611e-01
  770 3.289610e-01
  771 3.289608e-01
  772 3.289607e-01
  773 3.289605e-01
  774 3.289602e-01
  775 3.289600e-01
  776 3.289597e-01
  777 3.289594e-01
  778 3.289591e-01
  779 3.289587e-01
  780 3.289583e-01
  781 3.289578e-01
  782 3.289573e-01
  783 3.289568e-01
  784 3.289563e-01
  785 3.289557e-01
  786 3.289551e-01
  787 3.289544e-01
  788 3.289537e-01
  789 3.289530e-01
  790 3.289523e-01
  791 3.289515e-01
  792 3.289507e-01
  793 3.289500e-01
  794 3.289492e-01
  795 3.289484e-01
  796 3.289477e-01
  797 3.289470e-01
  798 3.289465e-01
  799 3.289460e-01
  800 3.289456e-01
