    1     0
    2     0
    3     0
    4     0
    5     0
    6     0
    7     0
    8     0
    9     0
   10 6.978434e-01
   11 1.060287e+00
   12 1.204309e+00
   13 1.104644e+00
   14 9.738957e-01
   15 9.013633e-01
   16 8.630367e-01
   17 8.591732e-01
   18 8.715503e-01
   19 9.016745e-01
   20 9.105605e-01
   21 8.716953e-01
   22 7.862382e-01
   23 6.784719e-01
   24 5.754057e-01
   25 4.917121e-01
   26 4.372555e-01
   27 4.151400e-01
   28 4.205385e-01
   29 4.415197e-01
   30 4.650853e-01
   31 4.830122e-01
   32 4.921302e-01
   33 4.930328e-01
   34 4.885372e-01
   35 4.824867e-01
   36 4.782282e-01
   37 4.772632e-01
   38 4.791602e-01
   39 4.823439e-01
   40 4.850614e-01
   41 4.860252e-01
   42 4.847272e-01
   43 4.814978e-01
   44 4.772697e-01
   45 4.731505e-01
   46 4.700122e-01
   47 4.682684e-01
   48 4.678645e-01
   49 4.684082e-01
   50 4.693647e-01
   51 4.702489e-01
   52 4.707605e-01
   53 4.708229e-01
   54 4.705397e-01
   55 4.701028e-01
   56 4.697027e-01
   57 4.694619e-01
   58 4.694108e-01
   59 4.695014e-01
   60 4.696433e-01
   61 4.697472e-01
   62 4.697557e-01
   63 4.696570e-01
   64 4.694780e-01
   65 4.692673e-01
   66 4.690757e-01
   67 4.689380e-01
   68 4.688664e-01
   69 4.688517e-01
   70 4.688717e-01
   71 4.689012e-01
   72 4.689201e-01
   73 4.689195e-01
   74 4.688993e-01
   75 4.688677e-01
   76 4.688353e-01
   77 4.688097e-01
   78 4.687948e-01
   79 4.687897e-01
   80 4.687908e-01
   81 4.687933e-01
   82 4.687938e-01
   83 4.687901e-01
   84 4.687809e-01
   85 4.687692e-01
   86 4.687574e-01
   87 4.687482e-01
   88 4.687420e-01
   89 4.687382e-01
   90 4.687368e-01
   91 4.687366e-01
   92 4.687362e-01
   93 4.687359e-01
   94 4.687348e-01
   95 4.687328e-01
   96 4.687301e-01
   97 4.687283e-01
   98 4.687272e-01
   99 4.687267e-01
  100 4.687264e-01
  101 4.687262e-01
  102 4.687267e-01
  103 4.687271e-01
  104 4.687266e-01
  105 4.687258e-01
  106 4.687247e-01
  107 4.687242e-01
  108 4.687246e-01
  109 4.687251e-01
  110 4.687253e-01
  111 4.687257e-01
  112 4.687256e-01
  113 4.687255e-01
  114 4.687249e-01
  115 4.687243e-01
  116 4.687242e-01
  117 4.687241e-01
  118 4.687248e-01
  119 4.687250e-01
  120 4.856837e-01
  121 5.037468e-01
  122 5.197287e-01
  123 5.433061e-01
  124 5.604193e-01
  125 5.675627e-01
  126 5.620433e-01
  127 5.494781e-01
  128 5.353646e-01
  129 5.203716e-01
  130 5.077779e-01
  131 4.994956e-01
  132 4.962232e-01
  133 4.964727e-01
  134 4.980445e-01
  135 4.998523e-01
  136 5.011823e-01
  137 5.017520e-01
  138 5.015991e-01
  139 5.011399e-01
  140 5.009183e-01
  141 5.011773e-01
  142 5.018651e-01
  143 5.027544e-01
  144 5.035854e-01
  145 5.041349e-01
  146 5.042614e-01
  147 5.039637e-01
  148 5.033679e-01
  149 5.026578e-01
  150 5.020019e-01
  151 5.015084e-01
  152 5.012158e-01
  153 5.011012e-01
  154 5.011014e-01
  155 5.011429e-01
  156 5.011687e-01
  157 5.011516e-01
  158 5.010933e-01
  159 5.010132e-01
  160 5.009360e-01
  161 5.008822e-01
  162 5.008588e-01
  163 5.008614e-01
  164 5.008771e-01
  165 5.008919e-01
  166 5.008944e-01
  167 5.008791e-01
  168 5.008482e-01
  169 5.008083e-01
  170 5.007667e-01
  171 5.007306e-01
  172 5.007034e-01
  173 5.006859e-01
  174 5.006770e-01
  175 5.006726e-01
  176 5.006688e-01
  177 5.006634e-01
  178 5.006562e-01
  179 5.006477e-01
  180 5.006392e-01
  181 5.006318e-01
  182 5.006265e-01
  183 5.006235e-01
  184 5.006217e-01
  185 5.006207e-01
  186 5.006196e-01
  187 5.006183e-01
  188 5.006167e-01
  189 5.006148e-01
  190 5.006133e-01
  191 5.006122e-01
  192 5.006117e-01
  193 5.006128e-01
  194 5.006145e-01
  195 5.006165e-01
  196 5.006191e-01
  197 5.006217e-01
  198 5.006246e-01
  199 5.006281e-01
  200 2.981403e-01
  201 1.731429e-01
  202 1.046107e-01
  203 7.782309e-02
  204 7.228854e-02
  205 7.425516e-02
  206 9.520949e-02
  207 1.230551e-01
  208 1.503514e-01
  209 1.753038e-01
  210 2.001713e-01
  211 2.271647e-01
  212 2.545119e-01
  213 2.796221e-01
  214 3.007801e-01
  215 3.168208e-01
  216 3.269252e-01
  217 3.309608e-01
  218 3.299957e-01
  219 3.259792e-01
  220 3.208383e-01
  221 3.160122e-01
  222 3.123663e-01
  223 3.102456e-01
  224 3.095358e-01
  225 3.098022e-01
  226 3.105505e-01
  227 3.114226e-01
  228 3.122520e-01
  229 3.130189e-01
  230 3.137807e-01
  231 3.146120e-01
  232 3.155498e-01
  233 3.165649e-01
  234 3.175715e-01
  235 3.184638e-01
  236 3.191564e-01
  237 3.196086e-01
  238 3.198300e-01
  239 3.198723e-01
  240 2.689350e-01
  241 2.146518e-01
  242 1.666352e-01
  243 9.588248e-02
  244 4.457647e-02
  245 2.321903e-02
  246 3.986724e-02
  247 7.765301e-02
  248 1.200743e-01
  249 1.651182e-01
  250 2.029555e-01
  251 2.278543e-01
  252 2.377256e-01
  253 2.370368e-01
  254 2.323844e-01
  255 2.270221e-01
  256 2.230859e-01
  257 2.214212e-01
  258 2.219132e-01
  259 2.233147e-01
  260 2.239937e-01
  261 2.232275e-01
  262 2.211740e-01
  263 2.185154e-01
  264 2.160316e-01
  265 2.143949e-01
  266 2.140287e-01
  267 2.149324e-01
  268 2.167289e-01
  269 2.188659e-01
  270 2.208404e-01
  271 2.223277e-01
  272 2.232108e-01
  273 2.235591e-01
  274 2.235633e-01
  275 2.234439e-01
  276 2.233720e-01
  277 2.234279e-01
  278 2.236071e-01
  279 2.238510e-01
  280 2.240843e-01
  281 2.242485e-01
  282 2.243204e-01
  283 2.243136e-01
  284 2.242665e-01
  285 2.242234e-01
  286 2.242182e-01
  287 2.242652e-01
  288 2.243594e-01
  289 2.244816e-01
  290 2.246076e-01
  291 2.247167e-01
  292 2.247973e-01
  293 2.248483e-01
  294 2.248765e-01
  295 2.248920e-01
  296 2.249050e-01
  297 2.249216e-01
  298 2.249440e-01
  299 2.249705e-01
  300 2.249974e-01
  301 2.250210e-01
  302 2.250389e-01
  303 2.250511e-01
  304 2.250587e-01
  305 2.250641e-01
  306 2.250694e-01
  307 2.250761e-01
  308 2.250847e-01
  309 2.250946e-01
  310 2.251049e-01
  311 2.251144e-01
  312 2.251225e-01
  313 2.251290e-01
  314 2.251337e-01
  315 2.251372e-01
  316 2.251404e-01
  317 2.251435e-01
  318 2.251464e-01
  319 2.251492e-01
  320 2.251518e-01
  321 2.251540e-01
  322 2.251556e-01
  323 2.251567e-01
  324 2.251573e-01
  325 2.251573e-01
  326 2.251573e-01
  327 2.251572e-01
  328 2.251572e-01
  329 2.251575e-01
  330 2.251582e-01
  331 2.251589e-01
  332 2.251598e-01
  333 2.251606e-01
  334 2.251615e-01
  335 2.251622e-01
  336 2.251627e-01
  337 2.251633e-01
  338 2.251641e-01
  339 2.251648e-01
  340 2.251653e-01
  341 2.251657e-01
  342 2.251658e-01
  343 2.251659e-01
  344 2.251659e-01
  345 2.251659e-01
  346 2.251658e-01
  347 2.251657e-01
  348 2.251658e-01
  349 2.251658e-01
  350 2.251659e-01
  351 2.251659e-01
  352 2.251660e-01
  353 2.251659e-01
  354 2.251659e-01
  355 2.251659e-01
  356 2.251659e-01
  357 2.251660e-01
  358 2.251661e-01
  359 2.251661e-01
  360 2.421243e-01
  361 2.601871e-01
  362 2.761687e-01
  363 2.997461e-01
  364 3.168591e-01
  365 3.240023e-01
  366 3.184830e-01
  367 3.059177e-01
  368 2.918035e-01
  369 2.768105e-01
  370 2.642164e-01
  371 2.559342e-01
  372 2.526621e-01
  373 2.529114e-01
  374 2.544828e-01
  375 2.562904e-01
  376 2.576204e-01
  377 2.581898e-01
  378 2.580363e-01
  379 2.575760e-01
  380 2.573538e-01
  381 2.576118e-01
  382 2.582984e-01
  383 2.591864e-01
  384 2.600168e-01
  385 2.605649e-01
  386 2.606894e-01
  387 2.603903e-01
  388 2.597931e-01
  389 2.590817e-01
  390 2.584238e-01
  391 2.579280e-01
  392 2.576332e-01
  393 2.575165e-01
  394 2.575146e-01
  395 2.575543e-01
  396 2.575786e-01
  397 2.575607e-01
  398 2.575022e-01
  399 2.574227e-01
  400 5.003374e-01
  401 6.502883e-01
  402 7.325133e-01
  403 7.646725e-01
  404 7.713418e-01
  405 7.690067e-01
  406 7.438711e-01
  407 7.104458e-01
  408 6.776608e-01
  409 6.476767e-01
  410 6.177913e-01
  411 5.853551e-01
  412 5.524987e-01
  413 5.223327e-01
  414 4.969164e-01
  415 4.776460e-01
  416 4.655016e-01
  417 4.606405e-01
  418 4.617800e-01
  419 4.665820e-01
  420 4.727348e-01
  421 4.785126e-01
  422 4.828781e-01
  423 4.854176e-01
  424 4.862679e-01
  425 4.859495e-01
  426 4.850541e-01
  427 4.840103e-01
  428 4.830172e-01
  429 4.820980e-01
  430 4.811837e-01
  431 4.801853e-01
  432 4.790585e-01
  433 4.778386e-01
  434 4.766289e-01
  435 4.755565e-01
  436 4.747237e-01
  437 4.741794e-01
  438 4.739122e-01
  439 4.738603e-01
  440 4.739352e-01
  441 4.740491e-01
  442 4.741363e-01
  443 4.741629e-01
  444 4.741258e-01
  445 4.740417e-01
  446 4.739358e-01
  447 4.738300e-01
  448 4.737373e-01
  449 4.736603e-01
  450 4.735939e-01
  451 4.735304e-01
  452 4.734634e-01
  453 4.733907e-01
  454 4.733148e-01
  455 4.732405e-01
  456 4.731741e-01
  457 4.731198e-01
  458 4.730794e-01
  459 4.730519e-01
  460 4.730341e-01
  461 4.730221e-01
  462 4.730120e-01
  463 4.730015e-01
  464 4.729895e-01
  465 4.729763e-01
  466 4.729630e-01
  467 4.729504e-01
  468 4.729392e-01
  469 4.729297e-01
  470 4.729216e-01
  471 4.729144e-01
  472 4.729078e-01
  473 4.729015e-01
  474 4.728950e-01
  475 4.728888e-01
  476 4.728830e-01
  477 4.728779e-01
  478 4.728735e-01
  479 4.728699e-01
  480 4.728671e-01
  481 4.728648e-01
  482 4.728627e-01
  483 4.728610e-01
  484 4.728594e-01
  485 4.728578e-01
  486 4.728563e-01
  487 4.728550e-01
  488 4.728540e-01
  489 4.728531e-01
  490 4.728522e-01
  491 4.728514e-01
  492 4.728508e-01
  493 4.728504e-01
  494 4.728498e-01
  495 4.728492e-01
  496 4.728486e-01
  497 4.728482e-01
  498 4.728479e-01
  499 4.728478e-01
  500 4.728475e-01
  501 4.728474e-01
  502 4.728473e-01
  503 4.728473e-01
  504 4.728471e-01
  505 4.728469e-01
  506 4.728468e-01
  507 4.728467e-01
  508 4.728467e-01
  509 4.728467e-01
  510 4.728468e-01
  511 4.728468e-01
  512 4.728469e-01
  513 4.728470e-01
  514 4.728471e-01
  515 4.728472e-01
  516 4.728471e-01
  517 4.728470e-01
  518 4.728470e-01
  519 4.728469e-01
  520 4.728468e-01
  521 4.728467e-01
  522 4.728466e-01
  523 4.728465e-01
  524 4.728465e-01
  525 4.728464e-01
  526 4.728464e-01
  527 4.728465e-01
  528 4.728467e-01
  529 4.728469e-01
  530 4.728470e-01
  531 4.728472e-01
  532 4.728474e-01
  533 4.728475e-01
  534 4.728475e-01
  535 4.728476e-01
  536 4.728477e-01
  537 4.728478e-01
  538 4.728478e-01
  539 4.728479e-01
  540 4.728479e-01
  541 4.728479e-01
  542 4.728480e-01
  543 4.728481e-01
  544 4.728481e-01
  545 4.728483e-01
  546 4.728486e-01
  547 4.728490e-01
  548 4.728493e-01
  549 4.728497e-01
  550 4.728501e-01
  551 4.728505e-01
  552 4.728509e-01
  553 4.728513e-01
  554 4.728517e-01
  555 4.728521e-01
  556 4.728525e-01
  557 4.728527e-01
  558 4.728529e-01
  559 4.728529e-01
  560 4.728526e-01
  561 4.728522e-01
  562 4.728514e-01
  563 4.728505e-01
  564 4.728495e-01
  565 4.728486e-01
  566 4.728477e-01
  567 4.728469e-01
  568 4.728463e-01
  569 4.728460e-01
  570 4.728461e-01
  571 4.728463e-01
  572 4.728465e-01
  573 4.728470e-01
  574 4.728476e-01
  575 4.728482e-01
  576 4.728488e-01
  577 4.728496e-01
  578 4.728504e-01
  579 4.728512e-01
  580 4.728522e-01
  581 4.728532e-01
  582 4.728542e-01
  583 4.728554e-01
  584 4.728566e-01
  585 4.728578e-01
  586 4.728592e-01
  587 4.728608e-01
  588 4.728626e-01
  589 4.728646e-01
  590 4.728670e-01
  591 4.728695e-01
  592 4.728721e-01
  593 4.728748e-01
  594 4.728775e-01
  595 4.728798e-01
  596 4.728813e-01
  597 4.728820e-01
  598 4.728819e-01
  599 4.728811e-01
  600 3.108860e-01
  601 2.108813e-01
  602 1.560469e-01
  603 1.346066e-01
  604 1.301683e-01
  605 1.317322e-01
  606 1.484881e-01
  607 1.707592e-01
  608 1.925932e-01
  609 2.125543e-01
  610 2.324491e-01
  611 2.540486e-01
  612 2.759351e-01
  613 2.960347e-01
  614 3.129733e-01
  615 3.258176e-01
  616 3.339118e-01
  617 3.371498e-01
  618 3.363859e-01
  619 3.331793e-01
  620 3.290720e-01
  621 3.252151e-01
  622 3.223009e-01
  623 3.206053e-01
  624 3.200366e-01
  625 3.202474e-01
  626 3.208426e-01
  627 3.215365e-01
  628 3.221961e-01
  629 3.228060e-01
  630 3.234125e-01
  631 3.240753e-01
  632 3.248239e-01
  633 3.256350e-01
  634 3.264397e-01
  635 3.271532e-01
  636 3.277073e-01
  637 3.280692e-01
  638 3.282466e-01
  639 3.282809e-01
  640 3.282309e-01
  641 3.281553e-01
  642 3.280980e-01
  643 3.280815e-01
  644 3.281079e-01
  645 3.281658e-01
  646 3.282383e-01
  647 3.283104e-01
  648 3.283735e-01
  649 3.284256e-01
  650 3.284701e-01
  651 3.285122e-01
  652 3.285564e-01
  653 3.286042e-01
  654 3.286540e-01
  655 3.287028e-01
  656 3.287464e-01
  657 3.287819e-01
  658 3.288082e-01
  659 3.288260e-01
  660 3.288374e-01
  661 3.288452e-01
  662 3.288517e-01
  663 3.288587e-01
  664 3.288668e-01
  665 3.288757e-01
  666 3.288848e-01
  667 3.288933e-01
  668 3.289008e-01
  669 3.289073e-01
  670 3.289127e-01
  671 3.289175e-01
  672 3.289219e-01
  673 3.289261e-01
  674 3.289304e-01
  675 3.289344e-01
  676 3.289383e-01
  677 3.289416e-01
  678 3.289444e-01
  679 3.289468e-01
  680 3.289486e-01
  681 3.289501e-01
  682 3.289515e-01
  683 3.289526e-01
  684 3.289536e-01
  685 3.289547e-01
  686 3.289557e-01
  687 3.289565e-01
  688 3.289572e-01
  689 3.289579e-01
  690 3.289585e-01
  691 3.289590e-01
  692 3.289594e-01
  693 3.289597e-01
  694 3.289601e-01
  695 3.289605e-01
  696 3.289609e-01
  697 3.289612e-01
  698 3.289613e-01
  699 3.289614e-01
  700 3.289616e-01
  701 3.289616e-01
  702 3.289616e-01
  703 3.289617e-01
  704 3.289618e-01
  705 3.289619e-01
  706 3.289620e-01
  707 3.289621e-01
  708 3.289621e-01
  709 3.289621e-01
  710 3.289621e-01
  711 3.289621e-01
  712 3.289620e-01
  713 3.289619e-01
  714 3.289619e-01
  715 3.289618e-01
  716 3.289619e-01
  717 3.289620e-01
  718 3.289620e-01
  719 3.289620e-01
  720 3.289621e-01
  721 3.289621e-01
  722 3.289622e-01
  723 3.289623e-01
  724 3.289623e-01
  725 3.289623e-01
  726 3.289623e-01
  727 3.289623e-01
  728 3.289622e-01
  729 3.289621e-01
  730 3.289620e-01
  731 3.289619e-01
  732 3.289618e-01
  733 3.289617e-01
  734 3.289617e-01
  735 3.289617e-01
  736 3.289616e-01
  737 3.289616e-01
  738 3.289617e-01
  739 3.289617e-01
  740 3.289618e-01
  741 3.289618e-01
  742 3.289618e-01
  743 3.289619e-01
  744 3.289619e-01
  745 3.289619e-01
  746 3.289618e-01
  747 3.289618e-01
  748 3.289617e-01
  749 3.289617e-01
  750 3.289617e-01
  751 3.289616e-01
  752 3.289616e-01
  753 3.289616e-01
  754 3.289616e-01
  755 3.289616e-01
  756 3.289616e-01
  757 3.289615e-01
  758 3.289615e-01
  759 3.289614e-01
  760 3.289614e-01
  761 3.289614e-01
  762 3.289615e-01
  763 3.289616e-01
  764 3.289616e-01
  765 3.289615e-01
  766 3.289614e-01
  767 3.289613e-01
  768 3.289612e-01
  769 3.289611e-01
  770 3.289609e-01
  771 3.289608e-01
  772 3.289607e-01
  773 3.289606e-01
  774 3.289604e-01
  775 3.289602e-01
  776 3.289600e-01
  777 3.289597e-01
  778 3.289594e-01
  779 3.289589e-01
  780 3.289584e-01
  781 3.289578e-01
  782 3.289572e-01
  783 3.289564e-01
  784 3.289556e-01
  785 3.289548e-01
  786 3.289537e-01
  787 3.289526e-01
  788 3.289514e-01
  789 3.289500e-01
  790 3.289484e-01
  791 3.289467e-01
  792 3.289450e-01
  793 3.289432e-01
  794 3.289414e-01
  795 3.289399e-01
  796 3.289390e-01
  797 3.289384e-01
  798 3.289385e-01
  799 3.289391e-01
  800 3.289401e-01
