    1     0
    2     0
    3     0
    4     0
    5     0
    6     0
    7     0
    8     0
    9     0
   10     0
   11     0
   12     0
   13     0
   14     0
   15 2.264900e-02
   16 1.195299e-01
   17 2.568500e-01
   18 4.083243e-01
   19 5.560551e-01
   20 6.896886e-01
   21 8.024974e-01
   22 8.889176e-01
   23 9.494886e-01
   24 9.881668e-01
   25 1.010156e+00
   26 1.020468e+00
   27 1.023335e+00
   28 1.022126e+00
   29 1.019099e+00
   30 1.015491e+00
   31 1.011778e+00
   32 1.007985e+00
   33 1.003934e+00
   34 9.994152e-01
   35 9.942895e-01
   36 9.885349e-01
   37 9.822451e-01
   38 9.755969e-01
   39 9.688073e-01
   40 9.620935e-01
   41 9.556437e-01
   42 9.495989e-01
   43 9.440480e-01
   44 9.390310e-01
   45 9.345485e-01
   46 9.305737e-01
   47 9.270637e-01
   48 9.239690e-01
   49 9.212403e-01
   50 9.188327e-01
   51 9.167071e-01
   52 9.148309e-01
   53 9.131765e-01
   54 9.117202e-01
   55 9.104415e-01
   56 9.093212e-01
   57 9.083418e-01
   58 9.074866e-01
   59 9.067398e-01
   60 9.060869e-01
   61 9.055145e-01
   62 9.050109e-01
   63 9.045655e-01
   64 9.041695e-01
   65 9.038156e-01
   66 9.034975e-01
   67 9.032101e-01
   68 9.029493e-01
   69 9.027117e-01
   70 9.024946e-01
   71 9.022955e-01
   72 9.021126e-01
   73 9.019441e-01
   74 9.017887e-01
   75 9.016451e-01
   76 9.015123e-01
   77 9.013895e-01
   78 9.012757e-01
   79 9.011704e-01
   80 9.010730e-01
   81 9.009828e-01
   82 9.008994e-01
   83 9.008225e-01
   84 9.007515e-01
   85 9.006860e-01
   86 9.006258e-01
   87 9.005705e-01
   88 9.005198e-01
   89 9.004732e-01
   90 9.004306e-01
   91 9.003917e-01
   92 9.003560e-01
   93 9.003235e-01
   94 9.002939e-01
   95 9.002669e-01
   96 9.002423e-01
   97 9.002199e-01
   98 9.001995e-01
   99 9.001810e-01
  100 9.001642e-01
  101 9.001490e-01
  102 9.001351e-01
  103 9.001226e-01
  104 9.001112e-01
  105 9.001008e-01
  106 9.000915e-01
  107 9.000830e-01
  108 9.000753e-01
  109 9.000683e-01
  110 9.000620e-01
  111 9.000562e-01
  112 9.000510e-01
  113 9.000463e-01
  114 9.000420e-01
  115 9.000382e-01
  116 9.000347e-01
  117 9.000316e-01
  118 9.000287e-01
  119 9.000261e-01
  120 9.000238e-01
  121 9.000216e-01
  122 9.000197e-01
  123 9.000179e-01
  124 9.000163e-01
  125 9.004841e-01
  126 8.956597e-01
  127 8.878205e-01
  128 8.787646e-01
  129 8.697009e-01
  130 8.613097e-01
  131 8.538383e-01
  132 8.476509e-01
  133 8.427345e-01
  134 8.388655e-01
  135 8.357497e-01
  136 8.331142e-01
  137 8.307552e-01
  138 8.285239e-01
  139 8.263371e-01
  140 8.241694e-01
  141 8.220349e-01
  142 8.199680e-01
  143 8.180065e-01
  144 8.161820e-01
  145 8.145151e-01
  146 8.130139e-01
  147 8.116752e-01
  148 8.104876e-01
  149 8.094351e-01
  150 8.085002e-01
  151 8.076662e-01
  152 8.069186e-01
  153 8.062456e-01
  154 8.056380e-01
  155 8.050887e-01
  156 8.045925e-01
  157 8.041449e-01
  158 8.037422e-01
  159 8.033806e-01
  160 8.030567e-01
  161 8.027667e-01
  162 8.025074e-01
  163 8.022752e-01
  164 8.020670e-01
  165 8.018800e-01
  166 8.017116e-01
  167 8.015596e-01
  168 8.014221e-01
  169 8.012974e-01
  170 8.011842e-01
  171 8.010812e-01
  172 8.009874e-01
  173 8.009021e-01
  174 8.008242e-01
  175 8.007533e-01
  176 8.006885e-01
  177 8.006294e-01
  178 8.005753e-01
  179 8.005259e-01
  180 8.004807e-01
  181 8.004393e-01
  182 8.004014e-01
  183 8.003667e-01
  184 8.003349e-01
  185 8.003058e-01
  186 8.002791e-01
  187 8.002547e-01
  188 8.002324e-01
  189 8.002120e-01
  190 8.001934e-01
  191 8.001763e-01
  192 8.001607e-01
  193 8.001465e-01
  194 8.001335e-01
  195 8.001217e-01
  196 8.001108e-01
  197 8.001009e-01
  198 8.000919e-01
  199 8.000836e-01
  200 8.000760e-01
  201 8.000691e-01
  202 8.000627e-01
  203 8.000568e-01
  204 8.000515e-01
  205 7.936482e-01
  206 7.809117e-01
  207 7.650078e-01
  208 7.483417e-01
  209 7.325842e-01
  210 7.187427e-01
  211 7.078887e-01
  212 7.005670e-01
  213 6.966769e-01
  214 6.957553e-01
  215 6.971938e-01
  216 7.003839e-01
  217 7.047539e-01
  218 7.098209e-01
  219 7.152252e-01
  220 7.207273e-01
  221 7.261828e-01
  222 7.315126e-01
  223 7.366779e-01
  224 7.416609e-01
  225 7.464507e-01
  226 7.510354e-01
  227 7.553995e-01
  228 7.595254e-01
  229 7.633956e-01
  230 7.669959e-01
  231 7.703172e-01
  232 7.733572e-01
  233 7.761199e-01
  234 7.786155e-01
  235 7.808589e-01
  236 7.828679e-01
  237 7.846622e-01
  238 7.862617e-01
  239 7.876860e-01
  240 7.889534e-01
  241 7.900809e-01
  242 7.910836e-01
  243 7.919753e-01
  244 7.927685e-01
  245 7.920662e-01
  246 8.071633e-01
  247 8.312367e-01
  248 8.588999e-01
  249 8.865336e-01
  250 9.121031e-01
  251 9.348719e-01
  252 9.537531e-01
  253 9.687898e-01
  254 9.806565e-01
  255 9.902393e-01
  256 9.983595e-01
  257 1.005631e+00
  258 1.012502e+00
  259 1.019224e+00
  260 1.025875e+00
  261 1.032414e+00
  262 1.038739e+00
  263 1.044737e+00
  264 1.050315e+00
  265 1.055412e+00
  266 1.060004e+00
  267 1.064101e+00
  268 1.067739e+00
  269 1.070965e+00
  270 1.073833e+00
  271 1.076392e+00
  272 1.078688e+00
  273 1.080756e+00
  274 1.082623e+00
  275 1.084312e+00
  276 1.085838e+00
  277 1.087215e+00
  278 1.088454e+00
  279 1.089567e+00
  280 1.090565e+00
  281 1.091459e+00
  282 1.092258e+00
  283 1.092975e+00
  284 1.093617e+00
  285 1.094195e+00
  286 1.094715e+00
  287 1.095185e+00
  288 1.095610e+00
  289 1.095995e+00
  290 1.096345e+00
  291 1.096664e+00
  292 1.096953e+00
  293 1.097217e+00
  294 1.097458e+00
  295 1.097677e+00
  296 1.097877e+00
  297 1.098060e+00
  298 1.098227e+00
  299 1.098379e+00
  300 1.098519e+00
  301 1.098647e+00
  302 1.098764e+00
  303 1.098871e+00
  304 1.098969e+00
  305 1.099059e+00
  306 1.099141e+00
  307 1.099216e+00
  308 1.099285e+00
  309 1.099348e+00
  310 1.099405e+00
  311 1.099458e+00
  312 1.099506e+00
  313 1.099550e+00
  314 1.099590e+00
  315 1.099626e+00
  316 1.099660e+00
  317 1.099690e+00
  318 1.099718e+00
  319 1.099743e+00
  320 1.099766e+00
  321 1.099787e+00
  322 1.099806e+00
  323 1.099824e+00
  324 1.099839e+00
  325 1.099854e+00
  326 1.099867e+00
  327 1.099879e+00
  328 1.099890e+00
  329 1.099900e+00
  330 1.099909e+00
  331 1.099917e+00
  332 1.099924e+00
  333 1.099931e+00
  334 1.099937e+00
  335 1.099943e+00
  336 1.099948e+00
  337 1.099952e+00
  338 1.099957e+00
  339 1.099960e+00
  340 1.099964e+00
  341 1.099967e+00
  342 1.099970e+00
  343 1.099972e+00
  344 1.099975e+00
  345 1.099977e+00
  346 1.099979e+00
  347 1.099981e+00
  348 1.099982e+00
  349 1.099984e+00
  350 1.099985e+00
  351 1.099986e+00
  352 1.099988e+00
  353 1.099989e+00
  354 1.099990e+00
  355 1.099991e+00
  356 1.099991e+00
  357 1.099992e+00
  358 1.099993e+00
  359 1.099993e+00
  360 1.099994e+00
  361 1.099994e+00
  362 1.099995e+00
  363 1.099995e+00
  364 1.099996e+00
  365 1.100465e+00
  366 1.095643e+00
  367 1.087805e+00
  368 1.078751e+00
  369 1.069688e+00
  370 1.061298e+00
  371 1.053828e+00
  372 1.047642e+00
  373 1.042726e+00
  374 1.038858e+00
  375 1.035743e+00
  376 1.033108e+00
  377 1.030749e+00
  378 1.028519e+00
  379 1.026332e+00
  380 1.024165e+00
  381 1.022031e+00
  382 1.019964e+00
  383 1.018003e+00
  384 1.016179e+00
  385 1.014512e+00
  386 1.013012e+00
  387 1.011673e+00
  388 1.010486e+00
  389 1.009433e+00
  390 1.008499e+00
  391 1.007665e+00
  392 1.006917e+00
  393 1.006245e+00
  394 1.005637e+00
  395 1.005088e+00
  396 1.004592e+00
  397 1.004145e+00
  398 1.003742e+00
  399 1.003381e+00
  400 1.003057e+00
  401 1.002767e+00
  402 1.002508e+00
  403 1.002276e+00
  404 1.002068e+00
  405 1.009559e+00
  406 1.024668e+00
  407 1.043596e+00
  408 1.063453e+00
  409 1.082233e+00
  410 1.098726e+00
  411 1.111645e+00
  412 1.120334e+00
  413 1.124915e+00
  414 1.125941e+00
  415 1.124142e+00
  416 1.120248e+00
  417 1.114944e+00
  418 1.108808e+00
  419 1.102273e+00
  420 1.095623e+00
  421 1.089034e+00
  422 1.082598e+00
  423 1.076363e+00
  424 1.070350e+00
  425 1.064571e+00
  426 1.059040e+00
  427 1.053777e+00
  428 1.048801e+00
  429 1.044135e+00
  430 1.039794e+00
  431 1.035790e+00
  432 1.032125e+00
  433 1.028794e+00
  434 1.025786e+00
  435 1.023081e+00
  436 1.020658e+00
  437 1.018495e+00
  438 1.016566e+00
  439 1.014848e+00
  440 1.013320e+00
  441 1.011960e+00
  442 1.010751e+00
  443 1.009675e+00
  444 1.008719e+00
  445 1.007868e+00
  446 1.007110e+00
  447 1.006435e+00
  448 1.005833e+00
  449 1.005296e+00
  450 1.004815e+00
  451 1.004384e+00
  452 1.003997e+00
  453 1.003648e+00
  454 1.003332e+00
  455 1.003047e+00
  456 1.002788e+00
  457 1.002553e+00
  458 1.002338e+00
  459 1.002142e+00
  460 1.001963e+00
  461 1.001798e+00
  462 1.001648e+00
  463 1.001510e+00
  464 1.001383e+00
  465 1.001266e+00
  466 1.001159e+00
  467 1.001061e+00
  468 1.000970e+00
  469 1.000887e+00
  470 1.000811e+00
  471 1.000741e+00
  472 1.000676e+00
  473 1.000617e+00
  474 1.000563e+00
  475 1.000514e+00
  476 1.000468e+00
  477 1.000427e+00
  478 1.000389e+00
  479 1.000354e+00
  480 1.000322e+00
  481 1.000293e+00
  482 1.000267e+00
  483 1.000243e+00
  484 1.000221e+00
  485 1.000201e+00
  486 1.000183e+00
  487 1.000166e+00
  488 1.000151e+00
  489 1.000137e+00
  490 1.000125e+00
  491 1.000113e+00
  492 1.000103e+00
  493 1.000094e+00
  494 1.000085e+00
  495 1.000077e+00
  496 1.000070e+00
  497 1.000064e+00
  498 1.000058e+00
  499 1.000053e+00
  500 1.000048e+00
  501 1.000044e+00
  502 1.000040e+00
  503 1.000036e+00
  504 1.000033e+00
  505 1.000030e+00
  506 1.000027e+00
  507 1.000025e+00
  508 1.000023e+00
  509 1.000021e+00
  510 1.000019e+00
  511 1.000017e+00
  512 1.000015e+00
  513 1.000014e+00
  514 1.000013e+00
  515 1.000012e+00
  516 1.000011e+00
  517 1.000010e+00
  518 1.000009e+00
  519 1.000008e+00
  520 1.000007e+00
  521 1.000007e+00
  522 1.000006e+00
  523 1.000005e+00
  524 1.000005e+00
  525 1.000004e+00
  526 1.000004e+00
  527 1.000004e+00
  528 1.000003e+00
  529 1.000003e+00
  530 1.000003e+00
  531 1.000002e+00
  532 1.000002e+00
  533 1.000002e+00
  534 1.000002e+00
  535 1.000002e+00
  536 1.000001e+00
  537 1.000001e+00
  538 1.000001e+00
  539 1.000001e+00
  540 1.000001e+00
  541 1.000001e+00
  542 1.000001e+00
  543 1.000001e+00
  544 1.000001e+00
  545 1.000001e+00
  546 1.000001e+00
  547 1.000001e+00
  548 1.000000e+00
  549 1.000000e+00
  550 1.000000e+00
  551 1.000000e+00
  552 1.000000e+00
  553 1.000000e+00
  554 1.000000e+00
  555 1.000000e+00
  556 1.000000e+00
  557 1.000000e+00
  558 1.000000e+00
  559 1.000000e+00
  560 1.000000e+00
  561 1.000000e+00
  562 1.000000e+00
  563 1.000000e+00
  564 1.000000e+00
  565 1.000000e+00
  566 1.000000e+00
  567 1.000000e+00
  568 1.000000e+00
  569 1.000000e+00
  570 1.000000e+00
  571 1.000000e+00
  572 1.000000e+00
  573 1.000000e+00
  574 9.999999e-01
  575 9.999998e-01
  576 9.999997e-01
  577 9.999996e-01
  578 9.999995e-01
  579 9.999994e-01
  580 9.999994e-01
  581 9.999993e-01
  582 9.999992e-01
  583 9.999992e-01
  584 9.999991e-01
  585 9.999991e-01
  586 9.999991e-01
  587 9.999991e-01
  588 9.999991e-01
  589 9.999991e-01
  590 9.999990e-01
  591 9.999990e-01
  592 9.999990e-01
  593 9.999989e-01
  594 9.999988e-01
  595 9.999987e-01
  596 9.999986e-01
  597 9.999985e-01
  598 9.999984e-01
  599 9.999983e-01
  600 9.999983e-01
  601 9.999982e-01
  602 9.999982e-01
  603 9.999982e-01
  604 9.999983e-01
  605 9.948797e-01
  606 9.846943e-01
  607 9.719748e-01
  608 9.586451e-01
  609 9.460420e-01
  610 9.349712e-01
  611 9.262901e-01
  612 9.204345e-01
  613 9.173238e-01
  614 9.165875e-01
  615 9.177391e-01
  616 9.202918e-01
  617 9.237883e-01
  618 9.278423e-01
  619 9.321664e-01
  620 9.365688e-01
  621 9.409341e-01
  622 9.451990e-01
  623 9.493324e-01
  624 9.533202e-01
  625 9.571534e-01
  626 9.608225e-01
  627 9.643152e-01
  628 9.676172e-01
  629 9.707147e-01
  630 9.735961e-01
  631 9.762543e-01
  632 9.786873e-01
  633 9.808984e-01
  634 9.828957e-01
  635 9.846912e-01
  636 9.862990e-01
  637 9.877350e-01
  638 9.890151e-01
  639 9.901549e-01
  640 9.911690e-01
  641 9.920711e-01
  642 9.928733e-01
  643 9.935867e-01
  644 9.942212e-01
  645 9.947856e-01
  646 9.952879e-01
  647 9.957353e-01
  648 9.961342e-01
  649 9.964904e-01
  650 9.968091e-01
  651 9.970948e-01
  652 9.973515e-01
  653 9.975828e-01
  654 9.977918e-01
  655 9.979810e-01
  656 9.981527e-01
  657 9.983090e-01
  658 9.984514e-01
  659 9.985815e-01
  660 9.987005e-01
  661 9.988094e-01
  662 9.989093e-01
  663 9.990010e-01
  664 9.990851e-01
  665 9.991624e-01
  666 9.992334e-01
  667 9.992987e-01
  668 9.993587e-01
  669 9.994137e-01
  670 9.994643e-01
  671 9.995108e-01
  672 9.995534e-01
  673 9.995925e-01
  674 9.996283e-01
  675 9.996611e-01
  676 9.996911e-01
  677 9.997186e-01
  678 9.997437e-01
  679 9.997667e-01
  680 9.997876e-01
  681 9.998067e-01
  682 9.998242e-01
  683 9.998401e-01
  684 9.998545e-01
  685 9.998677e-01
  686 9.998797e-01
  687 9.998907e-01
  688 9.999006e-01
  689 9.999096e-01
  690 9.999179e-01
  691 9.999253e-01
  692 9.999321e-01
  693 9.999383e-01
  694 9.999439e-01
  695 9.999490e-01
  696 9.999537e-01
  697 9.999579e-01
  698 9.999617e-01
  699 9.999652e-01
  700 9.999683e-01
  701 9.999712e-01
  702 9.999738e-01
  703 9.999762e-01
  704 9.999783e-01
  705 9.999803e-01
  706 9.999821e-01
  707 9.999837e-01
  708 9.999852e-01
  709 9.999865e-01
  710 9.999877e-01
  711 9.999888e-01
  712 9.999898e-01
  713 9.999908e-01
  714 9.999916e-01
  715 9.999923e-01
  716 9.999930e-01
  717 9.999937e-01
  718 9.999943e-01
  719 9.999948e-01
  720 9.999953e-01
  721 9.999957e-01
  722 9.999961e-01
  723 9.999965e-01
  724 9.999968e-01
  725 9.999971e-01
  726 9.999974e-01
  727 9.999976e-01
  728 9.999978e-01
  729 9.999980e-01
  730 9.999982e-01
  731 9.999984e-01
  732 9.999985e-01
  733 9.999987e-01
  734 9.999988e-01
  735 9.999989e-01
  736 9.999990e-01
  737 9.999991e-01
  738 9.999992e-01
  739 9.999993e-01
  740 9.999993e-01
  741 9.999994e-01
  742 9.999994e-01
  743 9.999995e-01
  744 9.999995e-01
  745 9.999996e-01
  746 9.999996e-01
  747 9.999997e-01
  748 9.999997e-01
  749 9.999997e-01
  750 9.999998e-01
  751 9.999998e-01
  752 9.999998e-01
  753 9.999998e-01
  754 9.999999e-01
  755 9.999999e-01
  756 9.999999e-01
  757 9.999999e-01
  758 9.999999e-01
  759 9.999999e-01
  760 9.999999e-01
  761 9.999999e-01
  762 9.999999e-01
  763 9.999999e-01
  764 9.999999e-01
  765 9.999999e-01
  766 9.999999e-01
  767 9.999999e-01
  768 9.999999e-01
  769 9.999999e-01
  770 9.999999e-01
  771 9.999999e-01
  772 9.999999e-01
  773 9.999999e-01
  774 9.999999e-01
  775 9.999999e-01
  776 9.999999e-01
  777 9.999999e-01
  778 9.999999e-01
  779 9.999999e-01
  780 9.999999e-01
  781 9.999999e-01
  782 9.999999e-01
  783 9.999999e-01
  784 9.999999e-01
  785 9.999999e-01
  786 9.999999e-01
  787 9.999999e-01
  788 9.999999e-01
  789 9.999999e-01
  790 1.000000e+00
  791 1.000000e+00
  792 1.000000e+00
  793 1.000000e+00
  794 1.000000e+00
  795 1.000000e+00
  796 1.000000e+00
  797 1.000000e+00
  798 1.000001e+00
  799 1.000001e+00
  800 1.000001e+00
