    1     0
    2     0
    3     0
    4     0
    5     0
    6     0
    7     0
    8     0
    9     0
   10     0
   11     0
   12     0
   13 5.410988e-02
   14 1.315097e-01
   15 2.116161e-01
   16 3.059847e-01
   17 4.007063e-01
   18 4.866663e-01
   19 5.550998e-01
   20 6.049186e-01
   21 6.392390e-01
   22 6.623750e-01
   23 6.788311e-01
   24 6.924935e-01
   25 7.064768e-01
   26 7.226608e-01
   27 7.417168e-01
   28 7.633968e-01
   29 7.869112e-01
   30 8.112561e-01
   31 8.354364e-01
   32 8.586242e-01
   33 8.802380e-01
   34 8.999541e-01
   35 9.176681e-01
   36 9.334347e-01
   37 9.474050e-01
   38 9.597729e-01
   39 9.707356e-01
   40 9.804696e-01
   41 9.891203e-01
   42 9.968025e-01
   43 1.003606e+00
   44 1.009605e+00
   45 1.014862e+00
   46 1.019439e+00
   47 1.023396e+00
   48 1.026797e+00
   49 1.029705e+00
   50 1.032181e+00
   51 1.034287e+00
   52 1.036077e+00
   53 1.037603e+00
   54 1.038906e+00
   55 1.040025e+00
   56 1.040992e+00
   57 1.041831e+00
   58 1.042563e+00
   59 1.043208e+00
   60 1.043777e+00
   61 1.044285e+00
   62 1.044739e+00
   63 1.045148e+00
   64 1.045519e+00
   65 1.045858e+00
   66 1.046168e+00
   67 1.046455e+00
   68 1.046720e+00
   69 1.046967e+00
   70 1.047197e+00
   71 1.047411e+00
   72 1.047611e+00
   73 1.047798e+00
   74 1.047973e+00
   75 1.048136e+00
   76 1.048288e+00
   77 1.048429e+00
   78 1.048561e+00
   79 1.048682e+00
   80 1.048795e+00
   81 1.048899e+00
   82 1.048996e+00
   83 1.049084e+00
   84 1.049166e+00
   85 1.049241e+00
   86 1.049309e+00
   87 1.049372e+00
   88 1.049429e+00
   89 1.049482e+00
   90 1.049530e+00
   91 1.049573e+00
   92 1.049613e+00
   93 1.049649e+00
   94 1.049681e+00
   95 1.049711e+00
   96 1.049738e+00
   97 1.049762e+00
   98 1.049784e+00
   99 1.049804e+00
  100 1.049822e+00
  101 1.049838e+00
  102 1.049853e+00
  103 1.049867e+00
  104 1.049879e+00
  105 1.049890e+00
  106 1.049900e+00
  107 1.049909e+00
  108 1.049917e+00
  109 1.049925e+00
  110 1.049931e+00
  111 1.049938e+00
  112 1.049943e+00
  113 1.049948e+00
  114 1.049953e+00
  115 1.049957e+00
  116 1.049961e+00
  117 1.049965e+00
  118 1.049968e+00
  119 1.049971e+00
  120 1.049974e+00
  121 1.049976e+00
  122 1.049978e+00
  123 1.044647e+00
  124 1.036578e+00
  125 1.027544e+00
  126 1.019219e+00
  127 1.012298e+00
  128 1.007042e+00
  129 1.003911e+00
  130 1.002837e+00
  131 1.003483e+00
  132 1.005367e+00
  133 1.008028e+00
  134 1.011097e+00
  135 1.014271e+00
  136 1.017345e+00
  137 1.020207e+00
  138 1.022816e+00
  139 1.025179e+00
  140 1.027325e+00
  141 1.029290e+00
  142 1.031106e+00
  143 1.032798e+00
  144 1.034379e+00
  145 1.035855e+00
  146 1.037225e+00
  147 1.038488e+00
  148 1.039642e+00
  149 1.040688e+00
  150 1.041628e+00
  151 1.042468e+00
  152 1.043215e+00
  153 1.043879e+00
  154 1.044469e+00
  155 1.044993e+00
  156 1.045461e+00
  157 1.045880e+00
  158 1.046256e+00
  159 1.046594e+00
  160 1.046898e+00
  161 1.047173e+00
  162 1.047422e+00
  163 1.047647e+00
  164 1.047851e+00
  165 1.048036e+00
  166 1.048204e+00
  167 1.048356e+00
  168 1.048495e+00
  169 1.048622e+00
  170 1.048738e+00
  171 1.048844e+00
  172 1.048941e+00
  173 1.049030e+00
  174 1.049111e+00
  175 1.049186e+00
  176 1.049255e+00
  177 1.049318e+00
  178 1.049376e+00
  179 1.049430e+00
  180 1.049479e+00
  181 1.049523e+00
  182 1.049565e+00
  183 1.049602e+00
  184 1.049637e+00
  185 1.049669e+00
  186 1.049698e+00
  187 1.049724e+00
  188 1.049749e+00
  189 1.049771e+00
  190 1.049791e+00
  191 1.049810e+00
  192 1.049827e+00
  193 1.049842e+00
  194 1.049856e+00
  195 1.049869e+00
  196 1.049881e+00
  197 1.049892e+00
  198 1.049902e+00
  199 1.049911e+00
  200 1.049919e+00
  201 1.049927e+00
  202 1.049934e+00
  203 1.048484e+00
  204 1.047357e+00
  205 1.047652e+00
  206 1.043030e+00
  207 1.035316e+00
  208 1.026119e+00
  209 1.016543e+00
  210 1.006989e+00
  211 9.974399e-01
  212 9.879026e-01
  213 9.782871e-01
  214 9.684645e-01
  215 9.583396e-01
  216 9.479036e-01
  217 9.372395e-01
  218 9.264917e-01
  219 9.158337e-01
  220 9.054430e-01
  221 8.954791e-01
  222 8.860693e-01
  223 8.773008e-01
  224 8.692212e-01
  225 8.618437e-01
  226 8.551550e-01
  227 8.491235e-01
  228 8.437066e-01
  229 8.388567e-01
  230 8.345255e-01
  231 8.306663e-01
  232 8.272355e-01
  233 8.241926e-01
  234 8.215001e-01
  235 8.191233e-01
  236 8.170298e-01
  237 8.151894e-01
  238 8.135734e-01
  239 8.121557e-01
  240 8.109118e-01
  241 8.098194e-01
  242 8.088587e-01
  243 8.240095e-01
  244 8.474757e-01
  245 8.739181e-01
  246 8.983059e-01
  247 9.185447e-01
  248 9.338425e-01
  249 9.428148e-01
  250 9.456538e-01
  251 9.433696e-01
  252 9.374061e-01
  253 9.291344e-01
  254 9.196664e-01
  255 9.099044e-01
  256 9.004605e-01
  257 8.916728e-01
  258 8.836589e-01
  259 8.763974e-01
  260 8.698007e-01
  261 8.637596e-01
  262 8.581752e-01
  263 8.529750e-01
  264 8.481167e-01
  265 8.435836e-01
  266 8.393745e-01
  267 8.354950e-01
  268 8.319494e-01
  269 8.287365e-01
  270 8.258467e-01
  271 8.232630e-01
  272 8.209618e-01
  273 8.189162e-01
  274 8.170977e-01
  275 8.154785e-01
  276 8.140334e-01
  277 8.127398e-01
  278 8.115785e-01
  279 8.105332e-01
  280 8.095906e-01
  281 8.087392e-01
  282 8.079693e-01
  283 8.072726e-01
  284 8.066414e-01
  285 8.060691e-01
  286 8.055496e-01
  287 8.050773e-01
  288 8.046474e-01
  289 8.042553e-01
  290 8.038972e-01
  291 8.035696e-01
  292 8.032696e-01
  293 8.029944e-01
  294 8.027420e-01
  295 8.025103e-01
  296 8.022975e-01
  297 8.021020e-01
  298 8.019226e-01
  299 8.017579e-01
  300 8.016067e-01
  301 8.014680e-01
  302 8.013408e-01
  303 8.012242e-01
  304 8.011174e-01
  305 8.010195e-01
  306 8.009299e-01
  307 8.008480e-01
  308 8.007730e-01
  309 8.007045e-01
  310 8.006419e-01
  311 8.005848e-01
  312 8.005326e-01
  313 8.004850e-01
  314 8.004417e-01
  315 8.004021e-01
  316 8.003662e-01
  317 8.003334e-01
  318 8.003036e-01
  319 8.002764e-01
  320 8.002518e-01
  321 8.002293e-01
  322 8.002089e-01
  323 8.001904e-01
  324 8.001735e-01
  325 8.001582e-01
  326 8.001443e-01
  327 8.001317e-01
  328 8.001202e-01
  329 8.001098e-01
  330 8.001003e-01
  331 8.000916e-01
  332 8.000838e-01
  333 8.000766e-01
  334 8.000700e-01
  335 8.000641e-01
  336 8.000586e-01
  337 8.000537e-01
  338 8.000491e-01
  339 8.000450e-01
  340 8.000412e-01
  341 8.000377e-01
  342 8.000345e-01
  343 8.000316e-01
  344 8.000290e-01
  345 8.000266e-01
  346 8.000243e-01
  347 8.000223e-01
  348 8.000204e-01
  349 8.000187e-01
  350 8.000171e-01
  351 8.000156e-01
  352 8.000143e-01
  353 8.000130e-01
  354 8.000119e-01
  355 8.000109e-01
  356 8.000099e-01
  357 8.000090e-01
  358 8.000082e-01
  359 8.000075e-01
  360 8.000069e-01
  361 8.000063e-01
  362 8.000057e-01
  363 7.946727e-01
  364 7.866007e-01
  365 7.775648e-01
  366 7.692382e-01
  367 7.623157e-01
  368 7.570583e-01
  369 7.539253e-01
  370 7.528505e-01
  371 7.534955e-01
  372 7.553775e-01
  373 7.580383e-01
  374 7.611061e-01
  375 7.642793e-01
  376 7.673530e-01
  377 7.702140e-01
  378 7.728225e-01
  379 7.751850e-01
  380 7.773304e-01
  381 7.792948e-01
  382 7.811107e-01
  383 7.828020e-01
  384 7.843826e-01
  385 7.858579e-01
  386 7.872279e-01
  387 7.884908e-01
  388 7.896446e-01
  389 7.906899e-01
  390 7.916295e-01
  391 7.924691e-01
  392 7.932162e-01
  393 7.938798e-01
  394 7.944692e-01
  395 7.949936e-01
  396 7.954612e-01
  397 7.958794e-01
  398 7.962546e-01
  399 7.965920e-01
  400 7.968961e-01
  401 7.971706e-01
  402 7.974185e-01
  403 7.993905e-01
  404 8.009522e-01
  405 8.007897e-01
  406 8.065087e-01
  407 8.159236e-01
  408 8.271035e-01
  409 8.387261e-01
  410 8.503118e-01
  411 8.618818e-01
  412 8.734285e-01
  413 8.850610e-01
  414 8.969348e-01
  415 9.091646e-01
  416 9.217615e-01
  417 9.346264e-01
  418 9.475864e-01
  419 9.604336e-01
  420 9.729554e-01
  421 9.849606e-01
  422 9.962969e-01
  423 1.006860e+00
  424 1.016593e+00
  425 1.025480e+00
  426 1.033537e+00
  427 1.040803e+00
  428 1.047329e+00
  429 1.053173e+00
  430 1.058391e+00
  431 1.063041e+00
  432 1.067175e+00
  433 1.070842e+00
  434 1.074086e+00
  435 1.076951e+00
  436 1.079474e+00
  437 1.081692e+00
  438 1.083639e+00
  439 1.085348e+00
  440 1.086847e+00
  441 1.088164e+00
  442 1.089322e+00
  443 1.090342e+00
  444 1.091244e+00
  445 1.092044e+00
  446 1.092756e+00
  447 1.093392e+00
  448 1.093961e+00
  449 1.094474e+00
  450 1.094937e+00
  451 1.095357e+00
  452 1.095739e+00
  453 1.096086e+00
  454 1.096404e+00
  455 1.096696e+00
  456 1.096963e+00
  457 1.097209e+00
  458 1.097436e+00
  459 1.097645e+00
  460 1.097838e+00
  461 1.098016e+00
  462 1.098181e+00
  463 1.098332e+00
  464 1.098472e+00
  465 1.098602e+00
  466 1.098721e+00
  467 1.098830e+00
  468 1.098931e+00
  469 1.099024e+00
  470 1.099109e+00
  471 1.099188e+00
  472 1.099259e+00
  473 1.099325e+00
  474 1.099385e+00
  475 1.099440e+00
  476 1.099490e+00
  477 1.099536e+00
  478 1.099578e+00
  479 1.099616e+00
  480 1.099651e+00
  481 1.099683e+00
  482 1.099711e+00
  483 1.099738e+00
  484 1.099761e+00
  485 1.099783e+00
  486 1.099803e+00
  487 1.099821e+00
  488 1.099837e+00
  489 1.099852e+00
  490 1.099865e+00
  491 1.099877e+00
  492 1.099888e+00
  493 1.099898e+00
  494 1.099907e+00
  495 1.099916e+00
  496 1.099923e+00
  497 1.099930e+00
  498 1.099936e+00
  499 1.099942e+00
  500 1.099947e+00
  501 1.099952e+00
  502 1.099956e+00
  503 1.099960e+00
  504 1.099964e+00
  505 1.099967e+00
  506 1.099970e+00
  507 1.099973e+00
  508 1.099975e+00
  509 1.099977e+00
  510 1.099979e+00
  511 1.099981e+00
  512 1.099983e+00
  513 1.099984e+00
  514 1.099986e+00
  515 1.099987e+00
  516 1.099988e+00
  517 1.099989e+00
  518 1.099990e+00
  519 1.099991e+00
  520 1.099992e+00
  521 1.099993e+00
  522 1.099993e+00
  523 1.099994e+00
  524 1.099994e+00
  525 1.099995e+00
  526 1.099995e+00
  527 1.099996e+00
  528 1.099996e+00
  529 1.099997e+00
  530 1.099997e+00
  531 1.099997e+00
  532 1.099997e+00
  533 1.099998e+00
  534 1.099998e+00
  535 1.099998e+00
  536 1.099998e+00
  537 1.099998e+00
  538 1.099999e+00
  539 1.099999e+00
  540 1.099999e+00
  541 1.099999e+00
  542 1.099999e+00
  543 1.099999e+00
  544 1.099999e+00
  545 1.099999e+00
  546 1.099999e+00
  547 1.099999e+00
  548 1.099999e+00
  549 1.099999e+00
  550 1.100000e+00
  551 1.100000e+00
  552 1.100000e+00
  553 1.100000e+00
  554 1.100000e+00
  555 1.100000e+00
  556 1.100000e+00
  557 1.100000e+00
  558 1.100000e+00
  559 1.100000e+00
  560 1.100000e+00
  561 1.100000e+00
  562 1.100000e+00
  563 1.100001e+00
  564 1.100001e+00
  565 1.100001e+00
  566 1.100001e+00
  567 1.100001e+00
  568 1.100001e+00
  569 1.100002e+00
  570 1.100002e+00
  571 1.100002e+00
  572 1.100002e+00
  573 1.100002e+00
  574 1.100002e+00
  575 1.100002e+00
  576 1.100002e+00
  577 1.100002e+00
  578 1.100002e+00
  579 1.100002e+00
  580 1.100002e+00
  581 1.100002e+00
  582 1.100002e+00
  583 1.100002e+00
  584 1.100002e+00
  585 1.100002e+00
  586 1.100002e+00
  587 1.100002e+00
  588 1.100002e+00
  589 1.100002e+00
  590 1.100002e+00
  591 1.100002e+00
  592 1.100002e+00
  593 1.100002e+00
  594 1.100002e+00
  595 1.100002e+00
  596 1.100003e+00
  597 1.100003e+00
  598 1.100003e+00
  599 1.100004e+00
  600 1.100004e+00
  601 1.100005e+00
  602 1.100006e+00
  603 1.098842e+00
  604 1.097937e+00
  605 1.098169e+00
  606 1.094469e+00
  607 1.088294e+00
  608 1.080934e+00
  609 1.073270e+00
  610 1.065624e+00
  611 1.057982e+00
  612 1.050349e+00
  613 1.042653e+00
  614 1.034792e+00
  615 1.026689e+00
  616 1.018337e+00
  617 1.009803e+00
  618 1.001202e+00
  619 9.926724e-01
  620 9.843570e-01
  621 9.763834e-01
  622 9.688532e-01
  623 9.618362e-01
  624 9.553705e-01
  625 9.494666e-01
  626 9.441140e-01
  627 9.392873e-01
  628 9.349526e-01
  629 9.310717e-01
  630 9.276059e-01
  631 9.245179e-01
  632 9.217729e-01
  633 9.193383e-01
  634 9.171842e-01
  635 9.152829e-01
  636 9.136084e-01
  637 9.121364e-01
  638 9.108441e-01
  639 9.097104e-01
  640 9.087159e-01
  641 9.078427e-01
  642 9.070749e-01
  643 9.063981e-01
  644 9.058000e-01
  645 9.052696e-01
  646 9.047976e-01
  647 9.043761e-01
  648 9.039981e-01
  649 9.036581e-01
  650 9.033510e-01
  651 9.030727e-01
  652 9.028198e-01
  653 9.025892e-01
  654 9.023784e-01
  655 9.021853e-01
  656 9.020079e-01
  657 9.018448e-01
  658 9.016945e-01
  659 9.015560e-01
  660 9.014282e-01
  661 9.013103e-01
  662 9.012014e-01
  663 9.011009e-01
  664 9.010082e-01
  665 9.009227e-01
  666 9.008439e-01
  667 9.007714e-01
  668 9.007047e-01
  669 9.006433e-01
  670 9.005870e-01
  671 9.005353e-01
  672 9.004879e-01
  673 9.004446e-01
  674 9.004049e-01
  675 9.003686e-01
  676 9.003354e-01
  677 9.003052e-01
  678 9.002776e-01
  679 9.002525e-01
  680 9.002296e-01
  681 9.002088e-01
  682 9.001898e-01
  683 9.001726e-01
  684 9.001569e-01
  685 9.001427e-01
  686 9.001297e-01
  687 9.001180e-01
  688 9.001073e-01
  689 9.000976e-01
  690 9.000887e-01
  691 9.000807e-01
  692 9.000735e-01
  693 9.000668e-01
  694 9.000608e-01
  695 9.000554e-01
  696 9.000504e-01
  697 9.000459e-01
  698 9.000418e-01
  699 9.000380e-01
  700 9.000346e-01
  701 9.000315e-01
  702 9.000287e-01
  703 9.000261e-01
  704 9.000238e-01
  705 9.000217e-01
  706 9.000197e-01
  707 9.000180e-01
  708 9.000163e-01
  709 9.000149e-01
  710 9.000135e-01
  711 9.000123e-01
  712 9.000112e-01
  713 9.000102e-01
  714 9.000093e-01
  715 9.000085e-01
  716 9.000077e-01
  717 9.000070e-01
  718 9.000064e-01
  719 9.000058e-01
  720 9.000053e-01
  721 9.000048e-01
  722 9.000044e-01
  723 9.000040e-01
  724 9.000036e-01
  725 9.000033e-01
  726 9.000030e-01
  727 9.000027e-01
  728 9.000025e-01
  729 9.000022e-01
  730 9.000020e-01
  731 9.000018e-01
  732 9.000017e-01
  733 9.000015e-01
  734 9.000014e-01
  735 9.000012e-01
  736 9.000011e-01
  737 9.000010e-01
  738 9.000009e-01
  739 9.000008e-01
  740 9.000008e-01
  741 9.000007e-01
  742 9.000006e-01
  743 9.000006e-01
  744 9.000005e-01
  745 9.000005e-01
  746 9.000005e-01
  747 9.000004e-01
  748 9.000004e-01
  749 9.000004e-01
  750 9.000003e-01
  751 9.000003e-01
  752 9.000003e-01
  753 9.000002e-01
  754 9.000002e-01
  755 9.000002e-01
  756 9.000002e-01
  757 9.000002e-01
  758 9.000001e-01
  759 9.000001e-01
  760 9.000001e-01
  761 9.000001e-01
  762 9.000001e-01
  763 9.000001e-01
  764 9.000001e-01
  765 9.000001e-01
  766 9.000001e-01
  767 9.000001e-01
  768 9.000001e-01
  769 9.000001e-01
  770 9.000001e-01
  771 9.000001e-01
  772 9.000002e-01
  773 9.000002e-01
  774 9.000002e-01
  775 9.000002e-01
  776 9.000002e-01
  777 9.000002e-01
  778 9.000002e-01
  779 9.000002e-01
  780 9.000002e-01
  781 9.000002e-01
  782 9.000002e-01
  783 9.000001e-01
  784 9.000001e-01
  785 9.000001e-01
  786 9.000000e-01
  787 9.000000e-01
  788 9.000000e-01
  789 8.999999e-01
  790 8.999998e-01
  791 8.999998e-01
  792 8.999997e-01
  793 8.999995e-01
  794 8.999994e-01
  795 8.999992e-01
  796 8.999990e-01
  797 8.999988e-01
  798 8.999985e-01
  799 8.999981e-01
  800 8.999976e-01
