    1     0
    2     0
    3     0
    4     0
    5     0
    6     0
    7     0
    8     0
    9     0
   10     0
   11     0
   12 1.156050e+01
   13 1.081500e+00
   14 1.102500e+00
   15 -1.172779e+01
   16 1.258319e+00
   17 1.123611e+00
   18 -1.140136e+01
   19 -7.936307e-01
   20 1.396760e+01
   21 3.119396e+01
   22 -5.229963e-01
   23 -1.663708e+01
   24 1.500962e+01
   25 3.952743e+00
   26 -4.908169e+01
   27 -5.824428e+01
   28 1.929152e+01
   29 8.013622e+01
   30 -2.277520e+01
   31 -3.123117e+01
   32 1.211613e+02
   33 1.033035e+02
   34 -1.091981e+02
   35 -2.432816e+02
   36 6.751678e+01
   37 1.800572e+02
   38 -2.588961e+02
   39 -2.101337e+02
   40 3.996269e+02
   41 6.084213e+02
   42 -2.854323e+02
   43 -7.117310e+02
   44 5.687669e+02
   45 6.114394e+02
   46 -1.165469e+03
   47 -1.399807e+03
   48 1.144642e+03
   49 2.263142e+03
   50 -1.447428e+03
   51 -2.140593e+03
   52 3.066830e+03
   53 3.342978e+03
   54 -3.954919e+03
   55 -6.287989e+03
   56 4.355248e+03
   57 7.325869e+03
   58 -7.890698e+03
   59 -8.980321e+03
   60 1.218087e+04
   61 1.638191e+04
   62 -1.404565e+04
   63 -2.298497e+04
   64 2.112021e+04
   65 2.679512e+04
   66 -3.494338e+04
   67 -4.257570e+04
   68 4.476579e+04
   69 6.675292e+04
   70 -6.012411e+04
   71 -8.266596e+04
   72 9.734877e+04
   73 1.153548e+05
   74 -1.370808e+05
   75 -1.848626e+05
   76 1.789750e+05
   77 2.503276e+05
   78 -2.719741e+05
   79 -3.285290e+05
   80 4.046578e+05
   81 5.045710e+05
   82 -5.404223e+05
   83 -7.321730e+05
   84 7.750672e+05
   85 9.631126e+05
   86 -1.168354e+06
   87 -1.392445e+06
   88 1.620996e+06
   89 2.080788e+06
   90 -2.255021e+06
   91 -2.832216e+06
   92 3.350023e+06
   93 3.926299e+06
   94 -4.795105e+06
   95 -5.829281e+06
   96 6.641106e+06
   97 8.230789e+06
   98 -9.639749e+06
   99 -1.126586e+07
  100 1.401423e+07
  101 1.632441e+07
  102 -1.960848e+07
  103 -2.357292e+07
  104 2.794966e+07
  105 3.254640e+07
  106 -4.068557e+07
  107 -4.607138e+07
  108 5.770223e+07
  109 6.683619e+07
  110 -8.156679e+07
  111 -9.381491e+07
  112 1.179438e+08
  113 1.311795e+08
  114 -1.689437e+08
  115 -1.888564e+08
  116 2.388063e+08
  117 2.687312e+08
  118 -3.424896e+08
  119 -3.754943e+08
  120 4.926379e+08
  121 5.345665e+08
  122 -6.992665e+08
  123 -7.652584e+08
  124 9.970980e+08
  125 1.075686e+09
  126 -1.433540e+09
  127 -1.518813e+09
  128 2.044369e+09
  129 2.172113e+09
  130 -2.908453e+09
  131 -3.074785e+09
  132 4.170018e+09
  133 4.328649e+09
  134 -5.965368e+09
  135 -6.162276e+09
  136 8.489954e+09
  137 8.762491e+09
  138 -1.213725e+10
  139 -1.235156e+10
  140 1.738111e+10
  141 1.750249e+10
  142 -2.477637e+10
  143 -2.491348e+10
  144 3.535355e+10
  145 3.522523e+10
  146 -5.060446e+10
  147 -4.978302e+10
  148 7.225024e+10
  149 7.075991e+10
  150 -1.030267e+11
  151 -1.003142e+11
  152 1.473059e+11
  153 1.417145e+11
  154 -2.105151e+11
  155 -2.009713e+11
  156 3.002541e+11
  157 2.852574e+11
  158 -4.288409e+11
  159 -4.033876e+11
  160 6.129905e+11
  161 5.710386e+11
  162 -8.748001e+11
  163 -8.103666e+11
  164 1.248617e+12
  165 1.147451e+12
  166 -1.784279e+12
  167 -1.623080e+12
  168 2.547669e+12
  169 2.301079e+12
  170 -3.635543e+12
  171 -3.261023e+12
  172 5.192731e+12
  173 4.613167e+12
  174 -7.416358e+12
  175 -6.533341e+12
  176 1.058402e+13
  177 9.260335e+12
  178 -1.511097e+13
  179 -1.310646e+13
  180 2.158176e+13
  181 1.854914e+13
  182 -3.080538e+13
  183 -2.628181e+13
  184 4.396975e+13
  185 3.721414e+13
  186 -6.278754e+13
  187 -5.265566e+13
  188 8.963473e+13
  189 7.456384e+13
  190 -1.279266e+14
  191 -1.055972e+14
  192 1.826339e+14
  193 1.494236e+14
  194 -2.607373e+14
  195 -2.114877e+14
  196 3.721253e+14
  197 2.994681e+14
  198 -5.311587e+14
  199 -4.238211e+14
  200 7.582670e+14
  201 5.996762e+14
  202 -1082238903368324
  203 -8.488784e+14
  204 1.544550e+15
  205 1201450926226831
  206 -2.204703e+15
  207 -1.699758e+15
  208 3.146712e+15
  209 2.405272e+15
  210 -4.490623e+15
  211 -3.404002e+15
  212 6409127611013678
  213 4815671101024762
  214 -9147318432477206
  215 -6812552419004808
  216 13053591395100936
  217 9639355926441650
  218 -18628325117034016
  219 -13636372767974700
  220 26585231276829396
  221 19287086436606756
  222 -37937349522382624
  223 -27283053108648720
  224 54134560456666848
  225 38592359133156336
  226 -77251023772605456
  227 -54577195838786288
  228 110234238792880144
  229 77183984489032416
  230 -157289105514585984
  231 -109159770363120192
  232 224434819798413952
  233 154355490639906528
  234 -320243853709872768
  235 -218244005904880448
  236 456923166824668864
  237 308591414540114944
  238 -651929572609877760
  239 -436298752539240320
  240 930172541554110592
  241 616769747564630528
  242 -1327110058388609792
  243 -871892495956418816
  244 1893371240745158400
  245 1232501770369280768
  246 -2701270696507783168
  247 -1742016180264133120
  248 3853810602467891712
  249 2462024003938854912
  250 -5497874612526699520
  251 -3479575910510938112
  252 7843266832194385920
  253 4917155794375530496
  254 -1.118910e+19
  255 -6947992385696157696
  256 1.596163e+19
  257 9.817326e+18
  258 -2.276939e+19
  259 -1.387060e+19
  260 3.248054e+19
  261 1.959516e+19
  262 -4.633223e+19
  263 -2.768079e+19
  264 6.608939e+19
  265 3.910069e+19
  266 -9.427068e+19
  267 -5.522613e+19
  268 1.344663e+20
  269 7.799542e+19
  270 -1.917954e+20
  271 -1.101463e+20
  272 2.735626e+20
  273 1.555361e+20
  274 -3.901838e+20
  275 -2.196087e+20
  276 5.565074e+20
  277 3.100550e+20
  278 -7.937142e+20
  279 -4.377168e+20
  280 1.132014e+21
  281 6.178779e+20
  282 -1.614472e+21
  283 -8.721188e+20
  284 2.302500e+21
  285 1.230878e+21
  286 -3.283693e+21
  287 -1.737042e+21
  288 4.682932e+21
  289 2.451111e+21
  290 -6.678265e+21
  291 -3.458434e+21
  292 9.523620e+21
  293 4.879256e+21
  294 -1.358106e+22
  295 -6.883056e+21
  296 1.936674e+22
  297 9.708857e+21
  298 -2.761667e+22
  299 -1.369344e+22
  300 3.938032e+22
  301 1.931119e+22
  302 -5.615380e+22
  303 -2.723075e+22
  304 8.007015e+22
  305 3.839424e+22
  306 -1.141708e+23
  307 -5.412819e+22
  308 1.627916e+23
  309 7.630109e+22
  310 -2.321137e+23
  311 -1.075450e+23
  312 3.309496e+23
  313 1.515653e+23
  314 -4.718630e+23
  315 -2.135776e+23
  316 6.727630e+23
  317 3.009259e+23
  318 -9.591807e+23
  319 -4.239463e+23
  320 1.367513e+24
  321 5.971810e+23
  322 -1.949644e+24
  323 -8.410943e+23
  324 2.779529e+24
  325 1.184479e+24
  326 -3.962595e+24
  327 -1.667827e+24
  328 5.649123e+24
  329 2.348085e+24
  330 -8.053314e+24
  331 -3.305341e+24
  332 1.148050e+25
  333 4.652178e+24
  334 -1.636590e+25
  335 -6.546838e+24
  336 2.332982e+25
  337 9.211733e+24
  338 -3.325642e+25
  339 -1.295939e+25
  340 4.740589e+25
  341 1.822882e+25
  342 -6.757436e+25
  343 -2.563669e+25
  344 9.632168e+25
  345 3.604903e+25
  346 -1.372963e+26
  347 -5.068171e+25
  348 1.956982e+26
  349 7.124142e+25
  350 -2.789377e+26
  351 -1.001236e+26
  352 3.975762e+26
  353 1.406891e+26
  354 -5.666650e+26
  355 -1.976525e+26
  356 8.076538e+26
  357 2.776259e+26
  358 -1.151110e+27
  359 -3.898805e+26
  360 1.640595e+27
  361 5.474117e+26
  362 -2.338184e+27
  363 -7.684312e+26
  364 3.332336e+27
  365 1.078455e+27
  366 -4.749107e+27
  367 -1.513222e+27
  368 6.768118e+27
  369 2.122773e+27
  370 -9.645325e+27
  371 -2.977158e+27
  372 1.374544e+28
  373 4.174406e+27
  374 -1.958815e+28
  375 -5.851653e+27
  376 2.791395e+28
  377 8.200682e+27
  378 -3.977791e+28
  379 -1.148962e+28
  380 5.668337e+28
  381 1.609317e+28
  382 -8.077229e+28
  383 -2.253480e+28
  384 1.150965e+29
  385 3.154555e+28
  386 -1.640041e+29
  387 -4.414590e+28
  388 2.336903e+29
  389 6.175979e+28
  390 -3.329810e+29
  391 -8.637330e+28
  392 4.744510e+29
  393 1.207554e+29
  394 -6.760150e+29
  395 -1.687645e+29
  396 9.631953e+29
  397 2.357751e+29
  398 -1.372352e+30
  399 -3.292688e+29
  400 1.955284e+30
  401 4.596558e+29
  402 -2.785782e+30
  403 -6.414128e+29
  404 3.968969e+30
  405 8.946600e+29
  406 -5.654593e+30
  407 -1.247344e+30
  408 8.055975e+30
  409 1.738256e+30
  410 -1.147699e+31
  411 -2.421208e+30
  412 1.635051e+31
  413 3.370793e+30
  414 -2.329311e+31
  415 -4.690330e+30
  416 3.318310e+31
  417 6.522820e+30
  418 -4.727153e+31
  419 -9.066022e+30
  420 6.734038e+31
  421 1.259317e+31
  422 -9.592785e+31
  423 -1.748143e+31
  424 1.366492e+32
  425 2.425093e+31
  426 -1.946537e+32
  427 -3.361813e+31
  428 2.772754e+32
  429 4.656890e+31
  430 -3.949603e+32
  431 -6.445808e+31
  432 5.625858e+32
  433 8.914520e+31
  434 -8.013409e+32
  435 -1.231789e+32
  436 1.141403e+33
  437 1.700469e+32
  438 -1.625752e+33
  439 -2.345145e+32
  440 2.315595e+33
  441 3.230805e+32
  442 -3.298104e+33
  443 -4.445908e+32
  444 4.697419e+33
  445 6.110609e+32
  446 -6.690330e+33
  447 -8.387731e+32
  448 9.528600e+33
  449 1.149735e+33
  450 -1.357075e+34
  451 -1.573606e+33
  452 1.932734e+34
  453 2.150237e+33
  454 -2.752540e+34
  455 -2.932970e+33
  456 3.920022e+34
  457 3.992926e+33
  458 -5.582603e+34
  459 -5.424488e+33
  460 7.950203e+34
  461 7.352247e+33
  462 -1.132174e+35
  463 -9.939653e+33
  464 1.612283e+35
  465 1.339957e+34
  466 -2.295952e+35
  467 -1.800683e+34
  468 3.269473e+35
  469 2.411249e+34
  470 -4.655710e+35
  471 -3.215908e+34
  472 6.629603e+35
  473 4.269515e+34
  474 -9.440228e+35
  475 -5.638562e+34
  476 1.344221e+36
  477 7.401189e+34
  478 -1.914047e+36
  479 -9.645124e+34
  480 2.725383e+36
  481 1.246177e+35
  482 -3.880574e+36
  483 -1.593360e+35
  484 5.525325e+36
  485 2.011012e+35
  486 -7.867069e+36
  487 -2.496522e+35
  488 1.120112e+37
  489 3.032415e+35
  490 -1.594790e+37
  491 -3.574229e+35
  492 2.270590e+37
  493 4.030788e+35
  494 -3.232715e+37
  495 -4.232599e+35
  496 4.602454e+37
  497 3.881868e+35
  498 -6.552468e+37
  499 -2.474212e+35
  500 9.328541e+37
  501 -8.229250e+34
  502 -1.328055e+38
  503 7.357784e+35
  504 1.890652e+38
  505 -1.928178e+36
  506 -2.691538e+38
  507 3.998801e+36
  508 3.831624e+38
  509 -7.477708e+36
  510 -5.454545e+38
  511 1.318643e+37
  512 7.764753e+38
  513 -2.238978e+37
  514 -1.105325e+39
  515 3.702396e+37
  516 1.573425e+39
  517 -6.003838e+37
  518 -2.239728e+39
  519 9.590658e+37
  520 3.188143e+39
  521 -1.513882e+38
  522 -4.538097e+39
  523 2.366629e+38
  524 6.459563e+39
  525 -3.670147e+38
  526 -9.194452e+39
  527 5.653295e+38
  528 1.308706e+40
  529 -8.657927e+38
  530 -1.862736e+40
  531 1.319355e+39
  532 2.651271e+40
  533 -2.001800e+39
  534 -3.773552e+40
  535 3.025640e+39
  536 5.370811e+40
  537 -4.557632e+39
  538 -7.644036e+40
  539 6.844544e+39
  540 1.087925e+41
  541 -1.025101e+40
  542 -1.548348e+41
  543 1.531509e+40
  544 2.203593e+41
  545 -2.282980e+40
  546 -3.136083e+41
  547 3.396249e+40
  548 4.463105e+41
  549 -5.042968e+40
  550 -6.351553e+41
  551 7.475288e+40
  552 9.038911e+41
  553 -1.106324e+41
  554 -1.286310e+42
  555 1.634937e+41
  556 1.830495e+42
  557 -2.412846e+41
  558 -2.604861e+42
  559 3.556387e+41
  560 3.706756e+42
  561 -5.235718e+41
  562 -5.274686e+42
  563 7.699534e+41
  564 7.505725e+42
  565 -1.131107e+42
  566 -1.068026e+43
  567 1.660051e+42
  568 1.519723e+43
  569 -2.434124e+42
  570 -2.162421e+43
  571 3.566070e+42
  572 3.076871e+43
  573 -5.220163e+42
  574 -4.377958e+43
  575 7.635618e+42
  576 6.229126e+43
  577 -1.116061e+43
  578 -8.862902e+43
  579 1.630166e+43
  580 1.261008e+44
  581 -2.379526e+43
  582 -1.794127e+44
  583 3.471187e+43
  584 2.552593e+44
  585 -5.060660e+43
  586 -3.631644e+44
  587 7.373778e+43
  588 5.166758e+44
  589 -1.073836e+44
  590 -7.350656e+44
  591 1.563007e+44
  592 1.045749e+45
  593 -2.273889e+44
  594 -1.487722e+45
  595 3.306523e+44
  596 2.116456e+45
  597 -4.805921e+44
  598 -3.010855e+45
  599 6.982202e+44
  600 4.283154e+45
  601 -1.013973e+45
  602 -6.092992e+45
  603 1.471925e+45
  604 8.667436e+45
  605 -2.135881e+45
  606 -1.232945e+46
  607 3.098181e+45
  608 1.753840e+46
  609 -4.492424e+45
  610 -2.494763e+46
  611 6.511851e+45
  612 3.548638e+46
  613 -9.435901e+45
  614 -5.047626e+46
  615 1.366855e+46
  616 7.179690e+46
  617 -1.979368e+46
  618 -1.021215e+47
  619 2.865498e+46
  620 1.452519e+47
  621 -4.147129e+46
  622 -2.065948e+47
  623 6.000297e+46
  624 2.938393e+47
  625 -8.679201e+46
  626 -4.179202e+47
  627 1.255082e+47
  628 5.943878e+47
  629 -1.814486e+47
  630 -8.453555e+47
  631 2.622572e+47
  632 1.202269e+48
  633 -3.789630e+47
  634 -1.709846e+48
  635 5.474755e+47
  636 2.431674e+48
  637 -7.907410e+47
  638 -3.458171e+48
  639 1.141847e+48
  640 4.917908e+48
  641 -1.648500e+48
  642 -6.993705e+48
  643 2.379466e+48
  644 9.945510e+48
  645 -3.433856e+48
  646 -1.414294e+49
  647 4.954491e+48
  648 2.011152e+49
  649 -7.147146e+48
  650 -2.859849e+49
  651 1.030825e+49
  652 4.066625e+49
  653 -1.486478e+49
  654 -5.782529e+49
  655 2.143161e+49
  656 8.222319e+49
  657 -3.089414e+49
  658 -1.169132e+50
  659 4.452706e+49
  660 1.662361e+50
  661 -6.416533e+49
  662 -2.363633e+50
  663 9.245002e+49
  664 3.360682e+50
  665 -1.331820e+50
  666 -4.778233e+50
  667 1.918304e+50
  668 6.793600e+50
  669 -2.762640e+50
  670 -9.658845e+50
  671 3.978026e+50
  672 1.373229e+51
  673 -5.727287e+50
  674 -1.952331e+51
  675 8.244598e+50
  676 2.775597e+51
  677 -1.186672e+51
  678 -3.945953e+51
  679 1.707787e+51
  680 5.609703e+51
  681 -2.457423e+51
  682 -7.974811e+51
  683 3.535659e+51
  684 1.133688e+52
  685 -5.086352e+51
  686 -1.611606e+52
  687 7.316259e+51
  688 2.290956e+52
  689 -1.052251e+52
  690 -3.256620e+52
  691 1.513208e+52
  692 4.629240e+52
  693 -2.175843e+52
  694 -6.580286e+52
  695 3.128293e+52
  696 9.353457e+52
  697 -4.497166e+52
  698 -1.329511e+53
  699 6.464323e+52
  700 1.889748e+53
  701 -9.290965e+52
  702 -2.686013e+53
  703 1.335221e+53
  704 3.817725e+53
  705 -1.918671e+53
  706 -5.426170e+53
  707 2.756793e+53
  708 7.712129e+53
  709 -3.960635e+53
  710 -1.096093e+54
  711 5.689618e+53
  712 1.557803e+54
  713 -8.172593e+53
  714 -2.213961e+54
  715 1.173805e+54
  716 3.146439e+54
  717 -1.685744e+54
  718 -4.471578e+54
  719 2.420740e+54
  720 6.354689e+54
  721 -3.475890e+54
  722 -9.030667e+54
  723 4.990519e+54
  724 1.283327e+55
  725 -7.164534e+54
  726 -1.823672e+55
  727 1.028474e+55
  728 2.591481e+55
  729 -1.476260e+55
  730 -3.682487e+55
  731 2.118832e+55
  732 5.232706e+55
  733 -3.040851e+55
  734 -7.435381e+55
  735 4.363744e+55
  736 1.056506e+56
  737 -6.261661e+55
  738 -1.501179e+56
  739 8.984344e+55
  740 2.132969e+56
  741 -1.288992e+56
  742 -3.030599e+56
  743 1.849192e+56
  744 4.305901e+56
  745 -2.652661e+56
  746 -6.117742e+56
  747 3.804960e+56
  748 8.691804e+56
  749 -5.457421e+56
  750 -1.234867e+57
  751 7.826983e+56
  752 1.754374e+57
  753 -1.122461e+57
  754 -2.492387e+57
  755 1.609602e+57
  756 3.540791e+57
  757 -2.308005e+57
  758 -5.030098e+57
  759 3.309224e+57
  760 7.145688e+57
  761 -4.744464e+57
  762 -1.015086e+58
  763 6.801744e+57
  764 1.441960e+58
  765 -9.750475e+57
  766 -2.048306e+58
  767 1.397668e+58
  768 2.909562e+58
  769 -2.003345e+58
  770 -4.132868e+58
  771 2.871315e+58
  772 5.870385e+58
  773 -4.115094e+58
  774 -8.338210e+58
  775 5.897297e+58
  776 1.184323e+59
  777 -8.450858e+58
  778 -1.682126e+59
  779 1.210943e+59
  780 2.389119e+59
  781 -1.735088e+59
  782 -3.393188e+59
  783 2.485965e+59
  784 4.819135e+59
  785 -3.561594e+59
  786 -6.844175e+59
  787 5.102347e+59
  788 9.719947e+59
  789 -7.309237e+59
  790 -1.380376e+60
  791 1.047010e+60
  792 1.960297e+60
  793 -1.499708e+60
  794 -2.783792e+60
  795 2.148027e+60
  796 3.953142e+60
  797 -3.076455e+60
  798 -5.613562e+60
  799 4.405946e+60
  800 7.971229e+60
