    1     0
    2     0
    3     0
    4     0
    5     0
    6     0
    7     0
    8     0
    9     0
   10     0
   11     0
   12 5.589000e-01
   13 5.805000e-01
   14 6.075000e-01
   15 6.345000e-01
   16 6.615000e-01
   17 6.519395e-01
   18 5.665088e-01
   19 4.806049e-01
   20 3.964714e-01
   21 3.135075e-01
   22 2.313219e-01
   23 1.567381e-01
   24 9.949354e-02
   25 5.858811e-02
   26 3.219299e-02
   27 1.879848e-02
   28 1.713732e-02
   29 2.504128e-02
   30 3.920145e-02
   31 5.670527e-02
   32 7.520750e-02
   33 9.282362e-02
   34 1.080426e-01
   35 1.198141e-01
   36 1.276612e-01
   37 1.315761e-01
   38 1.318880e-01
   39 1.291604e-01
   40 1.241120e-01
   41 1.175344e-01
   42 1.102030e-01
   43 1.028104e-01
   44 9.592542e-02
   45 8.997258e-02
   46 8.522456e-02
   47 8.180762e-02
   48 7.971922e-02
   49 7.885351e-02
   50 7.903024e-02
   51 8.002365e-02
   52 8.158947e-02
   53 8.348828e-02
   54 8.550392e-02
   55 8.745635e-02
   56 8.920887e-02
   57 9.067045e-02
   58 9.179381e-02
   59 9.257040e-02
   60 9.302306e-02
   61 9.319769e-02
   62 9.315462e-02
   63 9.296061e-02
   64 9.268183e-02
   65 9.237841e-02
   66 9.210052e-02
   67 9.188610e-02
   68 9.176007e-02
   69 9.173478e-02
   70 9.181144e-02
   71 9.198217e-02
   72 9.223240e-02
   73 9.254341e-02
   74 9.289464e-02
   75 9.326577e-02
   76 9.363828e-02
   77 9.399669e-02
   78 9.432916e-02
   79 9.462777e-02
   80 9.488841e-02
   81 9.511033e-02
   82 9.529556e-02
   83 9.544822e-02
   84 9.557371e-02
   85 9.567810e-02
   86 9.576744e-02
   87 9.584731e-02
   88 9.592249e-02
   89 9.599667e-02
   90 9.607246e-02
   91 9.615136e-02
   92 9.623387e-02
   93 9.631968e-02
   94 9.640790e-02
   95 9.649721e-02
   96 9.658610e-02
   97 9.667307e-02
   98 9.675673e-02
   99 9.683594e-02
  100 9.690985e-02
  101 9.697794e-02
  102 9.703999e-02
  103 9.709610e-02
  104 9.714656e-02
  105 9.719189e-02
  106 9.723267e-02
  107 9.726956e-02
  108 9.730322e-02
  109 9.733425e-02
  110 9.736320e-02
  111 9.739050e-02
  112 9.741649e-02
  113 9.744141e-02
  114 9.746540e-02
  115 9.748854e-02
  116 9.751082e-02
  117 9.753221e-02
  118 9.755266e-02
  119 9.757210e-02
  120 3.549047e-02
  121 3.310772e-02
  122 3.012384e-02
  123 2.713883e-02
  124 2.415271e-02
  125 2.116552e-02
  126 2.655538e-02
  127 3.186375e-02
  128 3.684091e-02
  129 4.155288e-02
  130 4.604241e-02
  131 5.034482e-02
  132 5.335876e-02
  133 5.517339e-02
  134 5.597529e-02
  135 5.591913e-02
  136 5.513564e-02
  137 5.373608e-02
  138 5.196838e-02
  139 5.005135e-02
  140 4.815294e-02
  141 4.640007e-02
  142 4.488672e-02
  143 4.368026e-02
  144 4.280597e-02
  145 4.225419e-02
  146 4.199142e-02
  147 4.196890e-02
  148 4.212911e-02
  149 4.241059e-02
  150 4.275430e-02
  151 4.310856e-02
  152 4.343177e-02
  153 4.369359e-02
  154 4.387510e-02
  155 4.396817e-02
  156 4.397401e-02
  157 4.390118e-02
  158 4.376332e-02
  159 4.357703e-02
  160 4.335990e-02
  161 4.312885e-02
  162 4.289882e-02
  163 4.268194e-02
  164 4.248706e-02
  165 4.231967e-02
  166 4.218208e-02
  167 4.207390e-02
  168 4.199256e-02
  169 4.193395e-02
  170 4.189309e-02
  171 4.186469e-02
  172 4.184363e-02
  173 4.182535e-02
  174 4.180615e-02
  175 4.178324e-02
  176 4.175487e-02
  177 4.172019e-02
  178 4.167920e-02
  179 4.163252e-02
  180 4.158125e-02
  181 4.152676e-02
  182 4.147054e-02
  183 4.141402e-02
  184 4.135849e-02
  185 4.130498e-02
  186 4.125428e-02
  187 4.120685e-02
  188 4.116292e-02
  189 4.112245e-02
  190 4.108521e-02
  191 4.105086e-02
  192 4.101894e-02
  193 4.098898e-02
  194 4.096053e-02
  195 4.093315e-02
  196 4.090651e-02
  197 4.088033e-02
  198 4.085444e-02
  199 4.082873e-02
  200 4.080317e-02
  201 4.077780e-02
  202 4.075268e-02
  203 4.072792e-02
  204 4.070362e-02
  205 4.938476e-02
  206 5.817794e-02
  207 6.725719e-02
  208 7.662364e-02
  209 8.627911e-02
  210 9.622531e-02
  211 1.047621e-01
  212 1.119312e-01
  213 1.177798e-01
  214 1.223435e-01
  215 1.256503e-01
  216 1.277220e-01
  217 1.288363e-01
  218 1.292498e-01
  219 1.291870e-01
  220 1.288465e-01
  221 1.284049e-01
  222 1.280207e-01
  223 1.277995e-01
  224 1.278008e-01
  225 1.280471e-01
  226 1.285319e-01
  227 1.292254e-01
  228 1.300800e-01
  229 1.310387e-01
  230 1.320436e-01
  231 1.330405e-01
  232 1.339831e-01
  233 1.348353e-01
  234 1.355729e-01
  235 1.361831e-01
  236 1.366640e-01
  237 1.370225e-01
  238 1.372722e-01
  239 1.374313e-01
  240 3.238203e-01
  241 3.310600e-01
  242 3.400697e-01
  243 3.490664e-01
  244 3.580636e-01
  245 3.670713e-01
  246 3.509615e-01
  247 3.351131e-01
  248 3.202756e-01
  249 3.062489e-01
  250 2.929013e-01
  251 2.801228e-01
  252 2.712126e-01
  253 2.658990e-01
  254 2.636184e-01
  255 2.639038e-01
  256 2.663610e-01
  257 2.706551e-01
  258 2.760421e-01
  259 2.818661e-01
  260 2.876245e-01
  261 2.929379e-01
  262 2.975263e-01
  263 3.011892e-01
  264 3.038526e-01
  265 3.055468e-01
  266 3.063736e-01
  267 3.064801e-01
  268 3.060395e-01
  269 3.052364e-01
  270 3.042479e-01
  271 3.032290e-01
  272 3.023041e-01
  273 3.015639e-01
  274 3.010647e-01
  275 3.008304e-01
  276 3.008572e-01
  277 3.011189e-01
  278 3.015746e-01
  279 3.021742e-01
  280 3.028650e-01
  281 3.035961e-01
  282 3.043229e-01
  283 3.050091e-01
  284 3.056282e-01
  285 3.061640e-01
  286 3.066096e-01
  287 3.069663e-01
  288 3.072419e-01
  289 3.074488e-01
  290 3.076020e-01
  291 3.077174e-01
  292 3.078104e-01
  293 3.078945e-01
  294 3.079810e-01
  295 3.080781e-01
  296 3.081910e-01
  297 3.083222e-01
  298 3.084718e-01
  299 3.086379e-01
  300 3.088170e-01
  301 3.090051e-01
  302 3.091978e-01
  303 3.093907e-01
  304 3.095800e-01
  305 3.097627e-01
  306 3.099363e-01
  307 3.100995e-01
  308 3.102516e-01
  309 3.103928e-01
  310 3.105238e-01
  311 3.106456e-01
  312 3.107596e-01
  313 3.108673e-01
  314 3.109699e-01
  315 3.110689e-01
  316 3.111651e-01
  317 3.112595e-01
  318 3.113527e-01
  319 3.114448e-01
  320 3.115360e-01
  321 3.116262e-01
  322 3.117152e-01
  323 3.118028e-01
  324 3.118886e-01
  325 3.119722e-01
  326 3.120535e-01
  327 3.121322e-01
  328 3.122082e-01
  329 3.122813e-01
  330 3.123516e-01
  331 3.124191e-01
  332 3.124840e-01
  333 3.125464e-01
  334 3.126064e-01
  335 3.126642e-01
  336 3.127200e-01
  337 3.127739e-01
  338 3.128262e-01
  339 3.128768e-01
  340 3.129259e-01
  341 3.129736e-01
  342 3.130199e-01
  343 3.130648e-01
  344 3.131084e-01
  345 3.131508e-01
  346 3.131918e-01
  347 3.132315e-01
  348 3.132699e-01
  349 3.133071e-01
  350 3.133430e-01
  351 3.133777e-01
  352 3.134112e-01
  353 3.134436e-01
  354 3.134748e-01
  355 3.135050e-01
  356 3.135341e-01
  357 3.135623e-01
  358 3.135895e-01
  359 3.136157e-01
  360 2.515411e-01
  361 2.491657e-01
  362 2.461894e-01
  363 2.432124e-01
  364 2.402346e-01
  365 2.372561e-01
  366 2.426549e-01
  367 2.479725e-01
  368 2.529590e-01
  369 2.576804e-01
  370 2.621795e-01
  371 2.664913e-01
  372 2.695147e-01
  373 2.713386e-01
  374 2.721496e-01
  375 2.721023e-01
  376 2.713276e-01
  377 2.699365e-01
  378 2.681772e-01
  379 2.662683e-01
  380 2.643778e-01
  381 2.626327e-01
  382 2.611269e-01
  383 2.599279e-01
  384 2.590608e-01
  385 2.585161e-01
  386 2.582603e-01
  387 2.582446e-01
  388 2.584115e-01
  389 2.586994e-01
  390 2.590495e-01
  391 2.594099e-01
  392 2.597391e-01
  393 2.600068e-01
  394 2.601940e-01
  395 2.602926e-01
  396 2.603038e-01
  397 2.602362e-01
  398 2.601034e-01
  399 2.599220e-01
  400 2.597096e-01
  401 2.594831e-01
  402 2.592575e-01
  403 2.590449e-01
  404 2.588542e-01
  405 2.482450e-01
  406 2.375318e-01
  407 2.265055e-01
  408 2.151623e-01
  409 2.034958e-01
  410 1.914990e-01
  411 1.812069e-01
  412 1.725641e-01
  413 1.655096e-01
  414 1.599968e-01
  415 1.559890e-01
  416 1.534586e-01
  417 1.520713e-01
  418 1.515192e-01
  419 1.515333e-01
  420 1.518765e-01
  421 1.523382e-01
  422 1.527297e-01
  423 1.529256e-01
  424 1.528559e-01
  425 1.524946e-01
  426 1.518503e-01
  427 1.509590e-01
  428 1.498785e-01
  429 1.486767e-01
  430 1.474232e-01
  431 1.461825e-01
  432 1.450098e-01
  433 1.439477e-01
  434 1.430251e-01
  435 1.422567e-01
  436 1.416446e-01
  437 1.411800e-01
  438 1.408466e-01
  439 1.406223e-01
  440 1.404826e-01
  441 1.404025e-01
  442 1.403588e-01
  443 1.403314e-01
  444 1.403040e-01
  445 1.402648e-01
  446 1.402064e-01
  447 1.401254e-01
  448 1.400217e-01
  449 1.398980e-01
  450 1.397586e-01
  451 1.396091e-01
  452 1.394550e-01
  453 1.393019e-01
  454 1.391545e-01
  455 1.390163e-01
  456 1.388900e-01
  457 1.387769e-01
  458 1.386772e-01
  459 1.385902e-01
  460 1.385146e-01
  461 1.384485e-01
  462 1.383899e-01
  463 1.383367e-01
  464 1.382867e-01
  465 1.382384e-01
  466 1.381903e-01
  467 1.381413e-01
  468 1.380908e-01
  469 1.380386e-01
  470 1.379846e-01
  471 1.379291e-01
  472 1.378724e-01
  473 1.378152e-01
  474 1.377578e-01
  475 1.377009e-01
  476 1.376448e-01
  477 1.375899e-01
  478 1.375365e-01
  479 1.374847e-01
  480 1.374347e-01
  481 1.373863e-01
  482 1.373395e-01
  483 1.372942e-01
  484 1.372502e-01
  485 1.372073e-01
  486 1.371654e-01
  487 1.371244e-01
  488 1.370841e-01
  489 1.370444e-01
  490 1.370053e-01
  491 1.369668e-01
  492 1.369289e-01
  493 1.368916e-01
  494 1.368549e-01
  495 1.368189e-01
  496 1.367836e-01
  497 1.367490e-01
  498 1.367153e-01
  499 1.366823e-01
  500 1.366503e-01
  501 1.366190e-01
  502 1.365886e-01
  503 1.365590e-01
  504 1.365303e-01
  505 1.365023e-01
  506 1.364752e-01
  507 1.364487e-01
  508 1.364230e-01
  509 1.363980e-01
  510 1.363737e-01
  511 1.363500e-01
  512 1.363270e-01
  513 1.363046e-01
  514 1.362829e-01
  515 1.362617e-01
  516 1.362411e-01
  517 1.362212e-01
  518 1.362018e-01
  519 1.361829e-01
  520 1.361646e-01
  521 1.361469e-01
  522 1.361297e-01
  523 1.361131e-01
  524 1.360969e-01
  525 1.360813e-01
  526 1.360661e-01
  527 1.360514e-01
  528 1.360372e-01
  529 1.360234e-01
  530 1.360101e-01
  531 1.359972e-01
  532 1.359847e-01
  533 1.359726e-01
  534 1.359608e-01
  535 1.359495e-01
  536 1.359385e-01
  537 1.359279e-01
  538 1.359176e-01
  539 1.359076e-01
  540 1.358980e-01
  541 1.358887e-01
  542 1.358797e-01
  543 1.358709e-01
  544 1.358625e-01
  545 1.358544e-01
  546 1.358465e-01
  547 1.358388e-01
  548 1.358315e-01
  549 1.358244e-01
  550 1.358175e-01
  551 1.358108e-01
  552 1.358044e-01
  553 1.357982e-01
  554 1.357921e-01
  555 1.357863e-01
  556 1.357807e-01
  557 1.357753e-01
  558 1.357700e-01
  559 1.357650e-01
  560 1.357601e-01
  561 1.357553e-01
  562 1.357508e-01
  563 1.357463e-01
  564 1.357421e-01
  565 1.357379e-01
  566 1.357340e-01
  567 1.357301e-01
  568 1.357264e-01
  569 1.357228e-01
  570 1.357193e-01
  571 1.357160e-01
  572 1.357127e-01
  573 1.357096e-01
  574 1.357065e-01
  575 1.357036e-01
  576 1.357008e-01
  577 1.356981e-01
  578 1.356954e-01
  579 1.356929e-01
  580 1.356904e-01
  581 1.356880e-01
  582 1.356857e-01
  583 1.356835e-01
  584 1.356814e-01
  585 1.356793e-01
  586 1.356773e-01
  587 1.356754e-01
  588 1.356735e-01
  589 1.356717e-01
  590 1.356700e-01
  591 1.356683e-01
  592 1.356666e-01
  593 1.356651e-01
  594 1.356636e-01
  595 1.356621e-01
  596 1.356607e-01
  597 1.356593e-01
  598 1.356580e-01
  599 1.356567e-01
  600 1.356555e-01
  601 1.356543e-01
  602 1.356531e-01
  603 1.356520e-01
  604 1.356509e-01
  605 1.426138e-01
  606 1.496658e-01
  607 1.569461e-01
  608 1.644555e-01
  609 1.721956e-01
  610 1.801676e-01
  611 1.870114e-01
  612 1.927605e-01
  613 1.974526e-01
  614 2.011163e-01
  615 2.037741e-01
  616 2.054433e-01
  617 2.063461e-01
  618 2.066880e-01
  619 2.066485e-01
  620 2.063865e-01
  621 2.060434e-01
  622 2.057458e-01
  623 2.055784e-01
  624 2.055888e-01
  625 2.057949e-01
  626 2.061914e-01
  627 2.067547e-01
  628 2.074466e-01
  629 2.082215e-01
  630 2.090331e-01
  631 2.098380e-01
  632 2.105992e-01
  633 2.112879e-01
  634 2.118846e-01
  635 2.123793e-01
  636 2.127702e-01
  637 2.130630e-01
  638 2.132685e-01
  639 2.134014e-01
  640 2.134781e-01
  641 2.135150e-01
  642 2.135279e-01
  643 2.135301e-01
  644 2.135326e-01
  645 2.135433e-01
  646 2.135673e-01
  647 2.136068e-01
  648 2.136620e-01
  649 2.137310e-01
  650 2.138110e-01
  651 2.138983e-01
  652 2.139891e-01
  653 2.140798e-01
  654 2.141672e-01
  655 2.142487e-01
  656 2.143228e-01
  657 2.143884e-01
  658 2.144454e-01
  659 2.144941e-01
  660 2.145356e-01
  661 2.145709e-01
  662 2.146015e-01
  663 2.146288e-01
  664 2.146541e-01
  665 2.146786e-01
  666 2.147032e-01
  667 2.147285e-01
  668 2.147551e-01
  669 2.147831e-01
  670 2.148126e-01
  671 2.148432e-01
  672 2.148748e-01
  673 2.149071e-01
  674 2.149396e-01
  675 2.149721e-01
  676 2.150041e-01
  677 2.150356e-01
  678 2.150662e-01
  679 2.150959e-01
  680 2.151246e-01
  681 2.151523e-01
  682 2.151792e-01
  683 2.152052e-01
  684 2.152305e-01
  685 2.152551e-01
  686 2.152792e-01
  687 2.153029e-01
  688 2.153262e-01
  689 2.153492e-01
  690 2.153720e-01
  691 2.153944e-01
  692 2.154166e-01
  693 2.154385e-01
  694 2.154600e-01
  695 2.154813e-01
  696 2.155021e-01
  697 2.155225e-01
  698 2.155425e-01
  699 2.155620e-01
  700 2.155810e-01
  701 2.155996e-01
  702 2.156177e-01
  703 2.156352e-01
  704 2.156524e-01
  705 2.156690e-01
  706 2.156852e-01
  707 2.157010e-01
  708 2.157163e-01
  709 2.157312e-01
  710 2.157458e-01
  711 2.157599e-01
  712 2.157737e-01
  713 2.157871e-01
  714 2.158002e-01
  715 2.158129e-01
  716 2.158252e-01
  717 2.158373e-01
  718 2.158489e-01
  719 2.158603e-01
  720 2.158713e-01
  721 2.158819e-01
  722 2.158923e-01
  723 2.159023e-01
  724 2.159121e-01
  725 2.159215e-01
  726 2.159306e-01
  727 2.159395e-01
  728 2.159481e-01
  729 2.159564e-01
  730 2.159644e-01
  731 2.159722e-01
  732 2.159798e-01
  733 2.159871e-01
  734 2.159942e-01
  735 2.160010e-01
  736 2.160077e-01
  737 2.160141e-01
  738 2.160203e-01
  739 2.160264e-01
  740 2.160322e-01
  741 2.160378e-01
  742 2.160433e-01
  743 2.160486e-01
  744 2.160537e-01
  745 2.160586e-01
  746 2.160634e-01
  747 2.160680e-01
  748 2.160724e-01
  749 2.160767e-01
  750 2.160809e-01
  751 2.160849e-01
  752 2.160888e-01
  753 2.160926e-01
  754 2.160963e-01
  755 2.160998e-01
  756 2.161032e-01
  757 2.161065e-01
  758 2.161096e-01
  759 2.161127e-01
  760 2.161157e-01
  761 2.161185e-01
  762 2.161213e-01
  763 2.161240e-01
  764 2.161266e-01
  765 2.161291e-01
  766 2.161315e-01
  767 2.161338e-01
  768 2.161361e-01
  769 2.161383e-01
  770 2.161404e-01
  771 2.161424e-01
  772 2.161444e-01
  773 2.161463e-01
  774 2.161481e-01
  775 2.161499e-01
  776 2.161516e-01
  777 2.161532e-01
  778 2.161548e-01
  779 2.161564e-01
  780 2.161579e-01
  781 2.161593e-01
  782 2.161607e-01
  783 2.161620e-01
  784 2.161633e-01
  785 2.161646e-01
  786 2.161658e-01
  787 2.161670e-01
  788 2.161681e-01
  789 2.161692e-01
  790 2.161702e-01
  791 2.161713e-01
  792 2.161723e-01
  793 2.161732e-01
  794 2.161741e-01
  795 2.161750e-01
  796 2.161759e-01
  797 2.161767e-01
  798 2.161775e-01
  799 2.161783e-01
  800 2.161790e-01
