    1     0
    2     0
    3     0
    4     0
    5     0
    6     0
    7     0
    8     0
    9     0
   10     0
   11     0
   12 9.909000e+00
   13 9.270000e-01
   14 9.450000e-01
   15 9.630000e-01
   16 9.810000e-01
   17 -2.660815e+00
   18 -2.333234e+01
   19 -2.016006e+00
   20 4.772970e+00
   21 -1.597412e+00
   22 -1.628024e+00
   23 8.341525e+00
   24 5.694081e+01
   25 3.836489e+00
   26 -2.896958e+01
   27 3.080612e+00
   28 7.794858e+00
   29 -2.099333e+01
   30 -1.371697e+02
   31 -3.346219e+00
   32 1.143542e+02
   33 -4.208860e+00
   34 -3.958106e+01
   35 5.336246e+01
   36 3.348581e+02
   37 -5.587366e+00
   38 -3.809275e+02
   39 7.502310e+00
   40 1.812698e+02
   41 -1.314267e+02
   42 -8.311954e+02
   43 5.001128e+01
   44 1.174936e+03
   45 -1.907655e+01
   46 -7.236541e+02
   47 3.226568e+02
   48 2.127124e+03
   49 -2.095045e+02
   50 -3.463304e+03
   51 7.399174e+01
   52 2.633598e+03
   53 -7.892205e+02
   54 -5.639978e+03
   55 7.254890e+02
   56 9.953266e+03
   57 -3.037337e+02
   58 -8.970370e+03
   59 1.945021e+03
   60 1.550514e+04
   61 -2.286675e+03
   62 -2.822006e+04
   63 1.183701e+03
   64 2.915634e+04
   65 -4.859914e+03
   66 -4.396464e+04
   67 6.834509e+03
   68 7.959617e+04
   69 -4.302136e+03
   70 -9.160859e+04
   71 1.239656e+04
   72 1.275673e+05
   73 -1.975350e+04
   74 -2.245896e+05
   75 1.475196e+04
   76 2.808663e+05
   77 -3.240555e+04
   78 -3.756716e+05
   79 5.589002e+04
   80 6.362228e+05
   81 -4.830670e+04
   82 -8.461048e+05
   83 8.691100e+04
   84 1.115199e+06
   85 -1.560579e+05
   86 -1.812947e+06
   87 1.526233e+05
   88 2.517571e+06
   89 -2.386783e+05
   90 -3.320863e+06
   91 4.325537e+05
   92 5.199866e+06
   93 -4.689383e+05
   94 -7.428466e+06
   95 6.684298e+05
   96 9.889264e+06
   97 -1.195249e+06
   98 -1.500741e+07
   99 1.409783e+06
  100 2.180126e+07
  101 -1.899299e+06
  102 -2.940034e+07
  103 3.302881e+06
  104 4.354709e+07
  105 -4.166891e+06
  106 -6.378153e+07
  107 5.448216e+06
  108 8.719481e+07
  109 -9.146719e+06
  110 -1.269045e+08
  111 1.215493e+07
  112 1.863070e+08
  113 -1.571048e+07
  114 -2.579372e+08
  115 2.541724e+07
  116 3.710002e+08
  117 -3.509979e+07
  118 -5.439412e+08
  119 4.539232e+07
  120 7.612123e+08
  121 -7.091273e+07
  122 -1.086964e+09
  123 1.005870e+08
  124 1.588387e+09
  125 -1.311108e+08
  126 -2.241934e+09
  127 1.986320e+08
  128 3.188933e+09
  129 -2.866322e+08
  130 -4.640917e+09
  131 3.780221e+08
  132 6.592426e+09
  133 -5.583707e+08
  134 -9.362582e+09
  135 8.134554e+08
  136 1.356947e+10
  137 -1.087047e+09
  138 -1.936193e+10
  139 1.574179e+09
  140 2.749649e+10
  141 -2.301921e+09
  142 -3.970449e+10
  143 3.116400e+09
  144 5.681819e+10
  145 -4.447344e+09
  146 -8.075471e+10
  147 6.501012e+09
  148 1.162530e+11
  149 -8.905963e+09
  150 -1.666432e+11
  151 1.258088e+10
  152 2.371353e+11
  153 -1.833467e+10
  154 -3.405712e+11
  155 2.537223e+10
  156 4.885926e+11
  157 -3.560863e+10
  158 -6.961908e+11
  159 5.165768e+10
  160 9.981539e+11
  161 -7.207020e+10
  162 -1.432305e+12
  163 1.007727e+11
  164 2.043405e+12
  165 -1.454292e+11
  166 -2.926321e+12
  167 2.041539e+11
  168 4.198569e+12
  169 -2.849889e+11
  170 -5.996258e+12
  171 4.091136e+11
  172 8.580992e+12
  173 -5.768304e+11
  174 -1.230761e+13
  175 8.050235e+11
  176 1.759218e+13
  177 -1.149957e+12
  178 -2.516570e+13
  179 1.625915e+12
  180 3.608020e+13
  181 -2.270502e+12
  182 -5.160470e+13
  183 3.229223e+12
  184 7.380914e+13
  185 -4.572536e+12
  186 -1.057776e+14
  187 6.391991e+12
  188 1.513582e+14
  189 -9.057335e+12
  190 -2.164824e+14
  191 1.283071e+13
  192 3.101328e+14
  193 -1.795731e+13
  194 -4.438995e+14
  195 2.536750e+13
  196 6.349420e+14
  197 -3.592341e+13
  198 -9.093448e+14
  199 50331616908161
  200 1.301781e+15
  201 -7.092608e+13
  202 -1.862249e+15
  203 1.003478e+14
  204 2666435902471057
  205 -140716077928116
  206 -3817466406925069
  207 197902385341921
  208 5461730826256435
  209 -279630411911513
  210 -7818979895019583
  211 392333792026627
  212 11194473405760340
  213 -550895463312268
  214 -16018085685097872
  215 777180631193964
  216 22928752147290676
  217 -1090618660255924
  218 -32826751638695512
  219 1529344499372516
  220 46976348267464416
  221 -2153803080126696
  222 -67238467409265768
  223 3021861153835960
  224 96261110620581056
  225 -4232425909992384
  226 -137764566961185248
  227 5949644428840064
  228 197178159513633088
  229 -8342871205494912
  230 -282276114281277312
  231 11671610773787136
  232 404005315103962560
  233 -16375591153052416
  234 -578230299679210112
  235 22941355032956288
  236 827748394652688768
  237 -32056118649326464
  238 -1184757689745642496
  239 44885228965875456
  240 1695672994157458432
  241 -62801000281436416
  242 -2427300606120252416
  243 87633979561990144
  244 3474292460767689216
  245 -122444824140968960
  246 -4972575716835841024
  247 171035278333835264
  248 7117860583686311936
  249 -238289930431275008
  250 -1.018823e+19
  251 332181162120034304
  252 1.458203e+19
  253 -463056258685556736
  254 -2.087255e+19
  255 643914842730389504
  256 2.987637e+19
  257 -895346564483674112
  258 -4.276138e+19
  259 1245013640681340928
  260 6.120705e+19
  261 -1727265559241736192
  262 -8.761006e+19
  263 2394748958350065664
  264 1.253956e+20
  265 -3320026850796142592
  266 -1.794843e+20
  267 4592780890138509312
  268 2.569081e+20
  269 -6345909418978017280
  270 -3.677138e+20
  271 8765761654463266816
  272 5.263206e+20
  273 -1.208241e+19
  274 -7.533550e+20
  275 1.662550e+19
  276 1.078287e+21
  277 -2.286158e+19
  278 -1.543379e+21
  279 3.136647e+19
  280 2.209122e+21
  281 -4.293741e+19
  282 -3.161960e+21
  283 5.870473e+19
  284 4.525777e+21
  285 -8.005943e+19
  286 -6.477953e+21
  287 1.088574e+20
  288 9.272049e+21
  289 -1.477125e+20
  290 -1.327125e+22
  291 1.998098e+20
  292 1.899565e+22
  293 -2.692081e+20
  294 -2.718896e+22
  295 3.615217e+20
  296 3.891600e+22
  297 -4.834131e+20
  298 -5.570173e+22
  299 6.427851e+20
  300 7.972731e+22
  301 -8.501204e+20
  302 -1.141149e+23
  303 1.116972e+21
  304 1.633358e+23
  305 -1.454881e+21
  306 -2.337865e+23
  307 1.877176e+21
  308 3.346221e+23
  309 -2.394022e+21
  310 -4.789521e+23
  311 3.005276e+21
  312 6.855348e+23
  313 -3.699353e+21
  314 -9.812157e+23
  315 4.435886e+21
  316 1.404432e+24
  317 -5.114873e+21
  318 -2.010192e+24
  319 5.554799e+21
  320 2.877214e+24
  321 -5.430272e+21
  322 -4.118201e+24
  323 4.155679e+21
  324 5.894452e+24
  325 -7.687332e+20
  326 -8.436800e+24
  327 -6.294061e+21
  328 1.207570e+25
  329 1.960907e+22
  330 -1.728412e+25
  331 -4.325291e+22
  332 2.473894e+25
  333 8.360050e+22
  334 -3.540909e+25
  335 -1.507322e+23
  336 5.068145e+25
  337 2.602683e+23
  338 -7.254080e+25
  339 -4.361551e+23
  340 1.038282e+26
  341 7.153759e+23
  342 -1.486102e+26
  343 -1.154457e+24
  344 2.127068e+26
  345 1.839018e+24
  346 -3.044484e+26
  347 -2.899324e+24
  348 4.357589e+26
  349 4.532515e+24
  350 -6.237038e+26
  351 -7.034794e+24
  352 8.927092e+26
  353 1.085223e+25
  354 -1.277738e+27
  355 -1.665484e+25
  356 1.828830e+27
  357 2.544343e+25
  358 -2.617606e+27
  359 -3.871420e+25
  360 3.746582e+27
  361 5.870135e+25
  362 -5.362483e+27
  363 -8.872695e+25
  364 7.675316e+27
  365 1.337308e+26
  366 -1.098567e+28
  367 -2.010541e+26
  368 1.572377e+28
  369 3.015735e+26
  370 -2.250537e+28
  371 -4.513947e+26
  372 3.221186e+28
  373 6.743615e+26
  374 -4.610469e+28
  375 -1.005693e+27
  376 6.598939e+28
  377 1.497371e+27
  378 -9.445020e+28
  379 -2.226107e+27
  380 1.351859e+29
  381 3.304922e+27
  382 -1.934906e+29
  383 -4.900186e+27
  384 2.769414e+29
  385 7.256768e+27
  386 -3.963838e+29
  387 -1.073465e+28
  388 5.673401e+29
  389 1.586256e+28
  390 -8.120277e+29
  391 -2.341698e+28
  392 1.162246e+30
  393 3.453722e+28
  394 -1.663508e+30
  395 -5.089357e+28
  396 2.380958e+30
  397 7.493432e+28
  398 -3.407832e+30
  399 -1.102457e+29
  400 4.877580e+30
  401 1.620771e+29
  402 -6.981205e+30
  403 -2.381103e+29
  404 9.992087e+30
  405 3.495808e+29
  406 -1.430150e+31
  407 -5.129120e+29
  408 2.046949e+31
  409 7.521031e+29
  410 -2.929760e+31
  411 -1.102210e+30
  412 4.193310e+31
  413 1.614413e+30
  414 -6.001800e+31
  415 -2.363407e+30
  416 8.590252e+31
  417 3.458173e+30
  418 -1.229504e+32
  419 -5.057644e+30
  420 1.759762e+32
  421 7.393524e+30
  422 -2.518707e+32
  423 -1.080352e+31
  424 3.604965e+32
  425 1.577963e+31
  426 -5.159697e+32
  427 -2.303845e+31
  428 7.384944e+32
  429 3.362342e+31
  430 -1.056988e+33
  431 -4.905338e+31
  432 1.512838e+33
  433 7.153855e+31
  434 -2.165283e+33
  435 -1.042945e+32
  436 3.099108e+33
  437 1.519983e+32
  438 -4.435662e+33
  439 -2.214503e+32
  440 6.348630e+33
  441 3.225370e+32
  442 -9.086599e+33
  443 -4.696269e+32
  444 1.300536e+34
  445 6.835980e+32
  446 -1.861415e+34
  447 -9.947805e+32
  448 2.664182e+34
  449 1.447226e+33
  450 -3.813154e+34
  451 -2.104902e+33
  452 5.457635e+34
  453 3.060676e+33
  454 -7.811319e+34
  455 -4.449347e+33
  456 1.118006e+35
  457 6.466538e+33
  458 -1.600160e+35
  459 -9.396087e+33
  460 2.290249e+35
  461 1.364976e+34
  462 -3.277946e+35
  463 -1.982479e+34
  464 4.691595e+35
  465 2.878727e+34
  466 -6.714891e+35
  467 -4.179297e+34
  468 9.610750e+35
  469 6.066238e+34
  470 -1.375547e+36
  471 -8.803419e+34
  472 1.968762e+36
  473 1.277325e+35
  474 -2.817804e+36
  475 -1.852984e+35
  476 4.032998e+36
  477 2.687599e+35
  478 -5.772250e+36
  479 -3.897460e+35
  480 8.261559e+36
  481 5.650998e+35
  482 -1.182439e+37
  483 -8.192133e+35
  484 1.692369e+37
  485 1.187405e+36
  486 -2.422207e+37
  487 -1.720808e+36
  488 3.466787e+37
  489 2.493444e+36
  490 -4.961841e+37
  491 -3.612450e+36
  492 7.101635e+37
  493 5.232880e+36
  494 -1.016421e+38
  495 -7.579103e+36
  496 1.454751e+38
  497 1.097576e+37
  498 -2.082108e+38
  499 -1.589249e+37
  500 2.980011e+38
  501 2.300870e+37
  502 -4.265129e+38
  503 -3.330701e+37
  504 6.104445e+38
  505 4.820855e+37
  506 -8.736953e+38
  507 -6.976840e+37
  508 1.250471e+39
  509 1.009580e+38
  510 -1.789728e+39
  511 -1.460734e+38
  512 2.561534e+39
  513 2.113251e+38
  514 -3.666173e+39
  515 -3.056902e+38
  516 5.247176e+39
  517 4.421440e+38
  518 -7.509967e+39
  519 -6.394381e+38
  520 1.074856e+40
  521 9.246704e+38
  522 -1.538375e+40
  523 -1.336996e+39
  524 2.201780e+40
  525 1.932985e+39
  526 -3.151268e+40
  527 -2.794366e+39
  528 4.510208e+40
  529 4.039200e+39
  530 -6.455168e+40
  531 -5.838019e+39
  532 9.238859e+40
  533 8.437125e+39
  534 -1.322297e+41
  535 -1.219223e+40
  536 1.892514e+41
  537 1.761701e+40
  538 -2.708627e+41
  539 -2.545320e+40
  540 3.876672e+41
  541 3.677176e+40
  542 -5.548411e+41
  543 -5.311891e+40
  544 7.941052e+41
  545 7.672680e+40
  546 -1.136546e+42
  547 -1.108177e+41
  548 1.626657e+42
  549 1.600425e+41
  550 -2.328116e+42
  551 -2.311144e+41
  552 3.332062e+42
  553 3.337218e+41
  554 -4.768934e+42
  555 -4.818462e+41
  556 6.825417e+42
  557 6.956636e+41
  558 -9.768704e+42
  559 -1.004287e+42
  560 1.398120e+43
  561 1.449721e+42
  562 -2.001021e+43
  563 -2.092568e+42
  564 2.863905e+43
  565 3.020257e+42
  566 -4.098882e+43
  567 -4.358911e+42
  568 5.866404e+43
  569 6.290458e+42
  570 -8.396112e+43
  571 -9.077310e+42
  572 1.201667e+44
  573 1.309795e+43
  574 -1.719848e+44
  575 -1.889822e+43
  576 2.461477e+44
  577 2.726532e+43
  578 -3.522906e+44
  579 -3.933443e+43
  580 5.042039e+44
  581 5.674245e+43
  582 -7.216242e+44
  583 -8.184961e+43
  584 1.032799e+45
  585 1.180589e+44
  586 -1.478156e+45
  587 -1.702767e+44
  588 2.115555e+45
  589 2.455762e+44
  590 -3.027807e+45
  591 -3.541541e+44
  592 4.333432e+45
  593 5.107091e+44
  594 -6.202052e+45
  595 -7.364284e+44
  596 8.876437e+45
  597 1.061851e+45
  598 -1.270403e+46
  599 -1.530992e+45
  600 1.818212e+46
  601 2.207288e+45
  602 -2.602238e+46
  603 -3.182161e+45
  604 3.724339e+46
  605 4.587359e+45
  606 -5.330295e+46
  607 -6.612733e+45
  608 7.628745e+46
  609 9.531852e+45
  610 -1.091829e+47
  611 -1.373890e+46
  612 1.562629e+47
  613 1.980183e+46
  614 -2.236439e+47
  615 -2.853891e+46
  616 3.200796e+47
  617 4.112907e+46
  618 -4.580982e+47
  619 -5.927067e+46
  620 6.556303e+47
  621 8.541037e+46
  622 -9.383377e+47
  623 -1.230726e+47
  624 1.342948e+48
  625 1.773342e+47
  626 -1.922024e+48
  627 -2.555078e+47
  628 2.750795e+48
  629 3.681262e+47
  630 -3.936928e+48
  631 -5.303594e+47
  632 5.634514e+48
  633 7.640561e+47
  634 -8.064086e+48
  635 -1.100682e+48
  636 1.154127e+49
  637 1.585551e+48
  638 -1.651779e+49
  639 -2.283918e+48
  640 2.364014e+49
  641 3.289752e+48
  642 -3.383356e+49
  643 -4.738362e+48
  644 4.842229e+49
  645 6.824582e+48
  646 -6.930150e+49
  647 -9.828943e+48
  648 9.918357e+49
  649 1.415535e+49
  650 -1.419504e+50
  651 -2.038534e+49
  652 2.031576e+50
  653 2.935613e+49
  654 -2.907566e+50
  655 -4.227302e+49
  656 4.161268e+50
  657 6.087119e+49
  658 -5.955546e+50
  659 -8.764848e+49
  660 8.523486e+50
  661 1.262006e+50
  662 -1.219867e+51
  663 -1.817033e+50
  664 1.745854e+51
  665 2.616067e+50
  666 -2.498635e+51
  667 -3.766343e+50
  668 3.576000e+51
  669 5.422205e+50
  670 -5.117902e+51
  671 -7.805795e+50
  672 7.324639e+51
  673 1.123683e+51
  674 -1.048287e+52
  675 -1.617544e+51
  676 1.500286e+52
  677 2.328380e+51
  678 -2.147175e+52
  679 -3.351488e+51
  680 3.072987e+52
  681 4.824002e+51
  682 -4.397986e+52
  683 -6.943261e+51
  684 6.294288e+52
  685 9.993229e+51
  686 -9.008224e+52
  687 -1.438251e+52
  688 1.289233e+53
  689 2.069904e+52
  690 -1.845116e+53
  691 -2.978876e+52
  692 2.640678e+53
  693 4.286884e+52
  694 -3.779263e+53
  695 -6.169046e+52
  696 5.408770e+53
  697 8.877312e+52
  698 -7.740867e+53
  699 -1.277416e+53
  700 1.107849e+54
  701 1.838106e+53
  702 -1.585518e+54
  703 -2.644823e+53
  704 2.269142e+54
  705 3.805487e+53
  706 -3.247520e+54
  707 -5.475350e+53
  708 4.647739e+54
  709 7.877736e+53
  710 -6.651682e+54
  711 -1.133389e+54
  712 9.519649e+54
  713 1.630591e+54
  714 -1.362417e+55
  715 -2.345845e+54
  716 1.949841e+55
  717 3.374754e+54
  718 -2.790538e+55
  719 -4.854824e+54
  720 3.993709e+55
  721 6.983828e+54
  722 -5.715638e+55
  723 -1.004621e+55
  724 8.179990e+55
  725 1.445108e+55
  726 -1.170686e+56
  727 -2.078678e+55
  728 1.675437e+56
  729 2.989945e+55
  730 -2.397814e+56
  731 -4.300595e+55
  732 3.431647e+56
  733 6.185621e+55
  734 -4.911220e+56
  735 -8.896669e+55
  736 7.028717e+56
  737 1.279561e+56
  738 -1.005918e+57
  739 -1.840283e+56
  740 1.439622e+57
  741 2.646657e+56
  742 -2.060319e+57
  743 -3.806280e+56
  744 2.948629e+57
  745 5.473861e+56
  746 -4.219932e+57
  747 -7.871851e+56
  748 6.039356e+57
  749 1.132009e+57
  750 -8.643221e+57
  751 -1.627847e+57
  752 1.236973e+58
  753 2.340816e+57
  754 -1.770291e+58
  755 -3.365980e+57
  756 2.533547e+58
  757 4.840010e+57
  758 -3.625876e+58
  759 -6.959397e+57
  760 5.189155e+58
  761 1.000663e+58
  762 -7.426431e+58
  763 -1.438780e+58
  764 1.062829e+59
  765 2.068674e+58
  766 -1.521060e+59
  767 -2.974272e+58
  768 2.176854e+59
  769 4.276222e+58
  770 -3.115385e+59
  771 -6.147959e+58
  772 4.458554e+59
  773 8.838791e+58
  774 -6.380814e+59
  775 -1.270709e+59
  776 9.131832e+59
  777 1.826798e+59
  778 -1.306891e+60
  779 -2.626191e+59
  780 1.870341e+60
  781 3.775319e+59
  782 -2.676714e+60
  783 -5.427160e+59
  784 3.830741e+60
  785 7.801590e+59
  786 -5.482308e+60
  787 -1.121464e+60
  788 7.845918e+60
  789 1.612053e+60
  790 -1.122856e+61
  791 -2.317209e+60
  792 1.606955e+61
  793 3.330757e+60
  794 -2.299765e+61
  795 -4.787544e+60
  796 3.291265e+61
  797 6.881364e+60
  798 -4.710229e+61
  799 -9.890732e+60
  800 6.740948e+61
