    1     0
    2     0
    3     0
    4     0
    5     0
    6     0
    7     0
    8     0
    9     0
   10     0
   11     0
   12 5.853750e+00
   13 4.612500e-01
   14 4.687500e-01
   15 4.762500e-01
   16 4.837500e-01
   17 -6.297783e+00
   18 -8.504937e+00
   19 -8.343527e-01
   20 6.674448e+00
   21 -8.698778e-01
   22 -8.150764e-01
   23 1.611017e+01
   24 1.301393e+01
   25 -6.571970e+00
   26 -2.738929e+01
   27 1.744956e+00
   28 1.113073e+01
   29 -3.123158e+01
   30 -2.029077e+01
   31 3.861069e+01
   32 7.367479e+01
   33 -1.288552e+01
   34 -6.196283e+01
   35 5.783303e+01
   36 4.716703e+01
   37 -1.254393e+02
   38 -1.649286e+02
   39 8.215474e+01
   40 2.307850e+02
   41 -1.198285e+02
   42 -1.706638e+02
   43 3.299493e+02
   44 3.575925e+02
   45 -3.495877e+02
   46 -6.839712e+02
   47 3.342179e+02
   48 6.569182e+02
   49 -7.984990e+02
   50 -8.630448e+02
   51 1.178176e+03
   52 1.792455e+03
   53 -1.136877e+03
   54 -2.253508e+03
   55 1.971296e+03
   56 2.470844e+03
   57 -3.462551e+03
   58 -4.501209e+03
   59 3.915782e+03
   60 6.877707e+03
   61 -5.317159e+03
   62 -7.775419e+03
   63 9.510762e+03
   64 1.163564e+04
   65 -1.265830e+04
   66 -1.935089e+04
   67 1.569333e+04
   68 2.445291e+04
   69 -2.577163e+04
   70 -3.214951e+04
   71 3.833608e+04
   72 5.237808e+04
   73 -4.829594e+04
   74 -7.371714e+04
   75 7.148745e+04
   76 9.386953e+04
   77 -1.111053e+05
   78 -1.417788e+05
   79 1.483370e+05
   80 2.127282e+05
   81 -2.054193e+05
   82 -2.793929e+05
   83 3.159264e+05
   84 3.931580e+05
   85 -4.461620e+05
   86 -5.969963e+05
   87 6.057270e+05
   88 8.243230e+05
   89 -8.990555e+05
   90 -1.120540e+06
   91 1.313432e+06
   92 1.661403e+06
   93 -1.802757e+06
   94 -2.386208e+06
   95 2.587119e+06
   96 3.244832e+06
   97 -3.813721e+06
   98 -4.652813e+06
   99 5.349357e+06
  100 6.794649e+06
  101 -7.534122e+06
  102 -9.414770e+06
  103 1.102101e+07
  104 1.318712e+07
  105 -1.574909e+07
  106 -1.918711e+07
  107 2.210062e+07
  108 2.714000e+07
  109 -3.190089e+07
  110 -3.773552e+07
  111 4.603092e+07
  112 5.416385e+07
  113 -6.494475e+07
  114 -7.759001e+07
  115 9.272879e+07
  116 1.083865e+08
  117 -1.339649e+08
  118 -1.535521e+08
  119 1.904976e+08
  120 2.205309e+08
  121 -2.705573e+08
  122 -3.109112e+08
  123 3.894249e+08
  124 4.374201e+08
  125 -5.570850e+08
  126 -6.255178e+08
  127 7.909237e+08
  128 8.886408e+08
  129 -1.132915e+09
  130 -1.249625e+09
  131 1.624969e+09
  132 1.775728e+09
  133 -2.312354e+09
  134 -2.531164e+09
  135 3.300471e+09
  136 3.571124e+09
  137 -4.733185e+09
  138 -5.050963e+09
  139 6.753888e+09
  140 7.195438e+09
  141 -9.625372e+09
  142 -1.019157e+10
  143 1.378157e+10
  144 1.439030e+10
  145 -1.970224e+10
  146 -2.044627e+10
  147 2.808184e+10
  148 2.903204e+10
  149 -4.013651e+10
  150 -4.102034e+10
  151 5.741768e+10
  152 5.812901e+10
  153 -8.191072e+10
  154 -8.258215e+10
  155 1.169323e+11
  156 1.168785e+11
  157 -1.672345e+11
  158 -1.653717e+11
  159 2.387941e+11
  160 2.347345e+11
  161 -3.407348e+11
  162 -3.327019e+11
  163 4.869784e+11
  164 4.706127e+11
  165 -6.957469e+11
  166 -6.671154e+11
  167 9.928376e+11
  168 9.461359e+11
  169 -1.418004e+12
  170 -1.339018e+12
  171 2.026151e+12
  172 1.896113e+12
  173 -2.892233e+12
  174 -2.688704e+12
  175 4.128968e+12
  176 3.807798e+12
  177 -5.898658e+12
  178 -5.389398e+12
  179 8.422469e+12
  180 7.637565e+12
  181 -1.202191e+13
  182 -1.082108e+13
  183 1.716915e+13
  184 1.531573e+13
  185 -2.451856e+13
  186 -2.169057e+13
  187 3.499734e+13
  188 3.073267e+13
  189 -4.996720e+13
  190 -4.350755e+13
  191 7.135445e+13
  192 6.158940e+13
  193 -1.018584e+14
  194 -8.724063e+13
  195 1.453999e+14
  196 1.235287e+14
  197 -2.076079e+14
  198 -1.748348e+14
  199 2.963786e+14
  200 2.475564e+14
  201 -4.230338e+14
  202 -3.505397e+14
  203 6.039251e+14
  204 4.961224e+14
  205 -8.621578e+14
  206 -7.022404e+14
  207 1.230564e+15
  208 9.942331e+14
  209 -1.756500e+15
  210 -1407181769299620
  211 2507415983459247
  212 1.991342e+15
  213 -3.578833e+15
  214 -2818659389757074
  215 5107868961957858
  216 3989263873453455
  217 -7290823459155245
  218 -5644568087441487
  219 10406011959511012
  220 7987535894887536
  221 -14850925807532308
  222 -11303524473129154
  223 21195577824433304
  224 15992453158851936
  225 -30250654346481344
  226 -22625458874698380
  227 43170286475708880
  228 32012418009200784
  229 -61607864527576592
  230 -45287714257163552
  231 87922023883810720
  232 64059570379937392
  233 -125467490033347664
  234 -90617137455665248
  235 179039834443926976
  236 128178914457390272
  237 -255492389005063488
  238 -181282495234882752
  239 364579468766056064
  240 256381841629913600
  241 -520217061069948672
  242 -362592825642196352
  243 742299544387442048
  244 512739731224537984
  245 -1059179918836423296
  246 -725004364867034624
  247 1511261753695156992
  248 1025144447970459648
  249 -2156270149531914240
  250 -1449421608415572224
  251 3076567662102964224
  252 2049073793125476352
  253 -4389495492242805760
  254 -2896735514080076288
  255 6262538687094775808
  256 4094865709059090432
  257 -8934802151987869696
  258 -5787940158633076736
  259 1.274706e+19
  260 8180535569970921472
  261 -1.818532e+19
  262 -1.156175e+19
  263 2.594341e+19
  264 1.633903e+19
  265 -3.701070e+19
  266 -2.308829e+19
  267 5.279766e+19
  268 3.262403e+19
  269 -7.531714e+19
  270 -4.609481e+19
  271 1.074405e+20
  272 6.512163e+19
  273 -1.532612e+20
  274 -9.199642e+19
  275 2.186180e+20
  276 1.299539e+20
  277 -3.118417e+20
  278 -1.835555e+20
  279 4.448097e+20
  280 2.592451e+20
  281 -6.344594e+20
  282 -3.661219e+20
  283 9.049536e+20
  284 5.170154e+20
  285 -1.290750e+21
  286 -7.300314e+20
  287 1.840975e+21
  288 1.030736e+21
  289 -2.625703e+21
  290 -1.455186e+21
  291 3.744869e+21
  292 2.054223e+21
  293 -5.340957e+21
  294 -2.899611e+21
  295 7.617150e+21
  296 4.092572e+21
  297 -1.086323e+22
  298 -5.775786e+21
  299 1.549237e+22
  300 8.150506e+21
  301 -2.209366e+22
  302 -1.150059e+22
  303 3.150722e+22
  304 1.622609e+22
  305 -4.493091e+22
  306 -2.289092e+22
  307 6.407254e+22
  308 3.229022e+22
  309 -9.136725e+22
  310 -4.554451e+22
  311 1.302873e+23
  312 6.423249e+22
  313 -1.857829e+23
  314 -9.057910e+22
  315 2.649116e+23
  316 1.277193e+23
  317 -3.777366e+23
  318 -1.800681e+23
  319 5.386041e+23
  320 2.538448e+23
  321 -7.679663e+23
  322 -3.578093e+23
  323 1.094982e+24
  324 5.042955e+23
  325 -1.561222e+24
  326 -7.106675e+23
  327 2.225945e+24
  328 1.001373e+24
  329 -3.173632e+24
  330 -1.410824e+24
  331 4.524716e+24
  332 1.987444e+24
  333 -6.450874e+24
  334 -2.799375e+24
  335 9.196829e+24
  336 3.942495e+24
  337 -1.311144e+25
  338 -5.551663e+24
  339 1.869197e+25
  340 7.816553e+24
  341 -2.664724e+25
  342 -1.100392e+25
  343 3.798762e+25
  344 1.548879e+25
  345 -5.415326e+25
  346 -2.179837e+25
  347 7.719687e+25
  348 3.067367e+25
  349 -1.100443e+26
  350 -4.315601e+25
  351 1.568656e+26
  352 6.070839e+25
  353 -2.236047e+26
  354 -8.538593e+25
  355 3.187326e+26
  356 1.200751e+26
  357 -4.543233e+26
  358 -1.688287e+26
  359 6.475841e+26
  360 2.373366e+26
  361 -9.230391e+26
  362 -3.335847e+26
  363 1.315639e+27
  364 4.687799e+26
  365 -1.875194e+27
  366 -6.586439e+26
  367 2.672690e+27
  368 9.252290e+26
  369 -3.809287e+27
  370 -1.299459e+27
  371 5.429147e+27
  372 1.824686e+27
  373 -7.737709e+27
  374 -2.561673e+27
  375 1.102773e+28
  376 3.595559e+27
  377 -1.571638e+28
  378 -5.045612e+27
  379 2.239814e+28
  380 7.078855e+27
  381 -3.192010e+28
  382 -9.929130e+27
  383 4.548933e+28
  384 1.392372e+28
  385 -6.482577e+28
  386 -1.952055e+28
  387 9.238019e+28
  388 2.736012e+28
  389 -1.316446e+29
  390 -3.833805e+28
  391 1.875945e+29
  392 5.370616e+28
  393 -2.673192e+29
  394 -7.521360e+28
  395 3.809195e+29
  396 1.053035e+29
  397 -5.427868e+29
  398 -1.473871e+29
  399 7.734254e+29
  400 2.062250e+29
  401 -1.102048e+30
  402 -2.884590e+29
  403 1.570275e+30
  404 4.033503e+29
  405 -2.237403e+30
  406 -5.638079e+29
  407 3.187906e+30
  408 7.878159e+29
  409 -4.542135e+30
  410 -1.100417e+30
  411 6.471539e+30
  412 1.536464e+30
  413 -9.220369e+30
  414 -2.144439e+30
  415 1.313657e+31
  416 2.991740e+30
  417 -1.871583e+31
  418 -4.172013e+30
  419 2.666424e+31
  420 5.815284e+30
  421 -3.798765e+31
  422 -8.101983e+30
  423 5.411888e+31
  424 1.128230e+31
  425 -7.709894e+31
  426 -1.570292e+31
  427 1.098351e+32
  428 2.184385e+31
  429 -1.564686e+32
  430 -3.036917e+31
  431 2.228981e+32
  432 4.219681e+31
  433 -3.175256e+32
  434 -5.859444e+31
  435 4.523185e+32
  436 8.131107e+31
  437 -6.443223e+32
  438 -1.127572e+32
  439 9.178151e+32
  440 1.562516e+32
  441 -1.307376e+33
  442 -2.163579e+32
  443 1.862255e+33
  444 2.993434e+32
  445 -2.652595e+33
  446 -4.138044e+32
  447 3.778296e+33
  448 5.715133e+32
  449 -5.381636e+33
  450 -7.885670e+32
  451 7.665243e+33
  452 1.086938e+33
  453 -1.091769e+34
  454 -1.496565e+33
  455 1.554995e+34
  456 2.058152e+33
  457 -2.214729e+34
  458 -2.826926e+33
  459 3.154317e+34
  460 3.877623e+33
  461 -4.492452e+34
  462 -5.311117e+33
  463 6.398156e+34
  464 7.263143e+33
  465 -9.112123e+34
  466 -9.915726e+33
  467 1.297710e+35
  468 1.351204e+34
  469 -1.848115e+35
  470 -1.837556e+34
  471 2.631926e+35
  472 2.493439e+34
  473 -3.748105e+35
  474 -3.375196e+34
  475 5.337565e+35
  476 4.556471e+34
  477 -7.600951e+35
  478 -6.132762e+34
  479 1.082396e+36
  480 8.226719e+34
  481 -1.541337e+36
  482 -1.099400e+35
  483 2.194837e+36
  484 1.462924e+35
  485 -3.125363e+36
  486 -1.937110e+35
  487 4.450327e+36
  488 2.550467e+35
  489 -6.336900e+36
  490 -3.335794e+35
  491 9.023086e+36
  492 4.328700e+35
  493 -1.284774e+37
  494 -5.564096e+35
  495 1.829329e+37
  496 7.069207e+35
  497 -2.604654e+37
  498 -8.850805e+35
  499 3.708530e+37
  500 1.087298e+36
  501 -5.280158e+37
  502 -1.301977e+36
  503 7.517707e+37
  504 1.503377e+36
  505 -1.070329e+38
  506 -1.641713e+36
  507 1.523851e+38
  508 1.627399e+36
  509 -2.169508e+38
  510 -1.306267e+36
  511 3.088682e+38
  512 4.209253e+35
  513 -4.397224e+38
  514 1.449025e+36
  515 6.260044e+38
  516 -4.978904e+36
  517 -8.911884e+38
  518 1.123948e+37
  519 1.268689e+39
  520 -2.191078e+37
  521 -1.806067e+39
  522 3.960616e+37
  523 2.571025e+39
  524 -6.836146e+37
  525 -3.659923e+39
  526 1.143712e+38
  527 5.209919e+39
  528 -1.870930e+38
  529 -7.416234e+39
  530 3.009007e+38
  531 1.055672e+40
  532 -4.775519e+38
  533 -1.502686e+40
  534 7.498640e+38
  535 2.138951e+40
  536 -1.167179e+39
  537 -3.044576e+40
  538 1.803475e+39
  539 4.333573e+40
  540 -2.769381e+39
  541 -6.168204e+40
  542 4.229954e+39
  543 8.779398e+40
  544 -6.430931e+39
  545 -1.249580e+41
  546 9.737468e+39
  547 1.778512e+41
  548 -1.469120e+40
  549 -2.531296e+41
  550 2.209425e+40
  551 3.602652e+41
  552 -3.313265e+40
  553 -5.127374e+41
  554 4.955771e+40
  555 7.297282e+41
  556 -7.395202e+40
  557 -1.038534e+42
  558 1.101195e+41
  559 1.477996e+42
  560 -1.636563e+41
  561 -2.103388e+42
  562 2.427872e+41
  563 2.993359e+42
  564 -3.595876e+41
  565 -4.259823e+42
  566 5.317699e+41
  567 6.062022e+42
  568 -7.852922e+41
  569 -8.626545e+42
  570 1.158165e+42
  571 1.227579e+43
  572 -1.706005e+42
  573 -1.746849e+43
  574 2.510125e+42
  575 2.485734e+43
  576 -3.689330e+42
  577 -3.537099e+43
  578 5.417079e+42
  579 5.033070e+43
  580 -7.946475e+42
  581 -7.161632e+43
  582 1.164660e+43
  583 1.019024e+44
  584 -1.705537e+43
  585 -1.449939e+44
  586 2.495628e+43
  587 2.063045e+44
  588 -3.649002e+43
  589 -2.935356e+44
  590 5.331636e+43
  591 4.176438e+44
  592 -7.784931e+43
  593 -5.942162e+44
  594 1.135982e+44
  595 8.454272e+44
  596 -1.656622e+44
  597 -1.202821e+45
  598 2.414480e+44
  599 1.711273e+45
  600 -3.517089e+44
  601 -2.434617e+45
  602 5.120513e+44
  603 3.463658e+45
  604 -7.451163e+44
  605 -4.927569e+45
  606 1.083739e+45
  607 7.010089e+45
  608 -1.575519e+45
  609 -9.972579e+45
  610 2.289442e+45
  611 1.418681e+46
  612 -3.325450e+45
  613 -2.018157e+46
  614 4.828287e+45
  615 2.870901e+46
  616 -7.007524e+45
  617 -4.083896e+46
  618 1.016650e+46
  619 5.809306e+46
  620 -1.474415e+46
  621 -8.263555e+46
  622 2.137544e+46
  623 1.175446e+47
  624 -3.097870e+46
  625 -1.671981e+47
  626 4.488168e+46
  627 2.378227e+47
  628 -6.500364e+46
  629 -3.382737e+47
  630 9.411819e+46
  631 4.811451e+47
  632 -1.362327e+47
  633 -6.843480e+47
  634 1.971355e+47
  635 9.733543e+47
  636 -2.851861e+47
  637 -1.384388e+48
  638 4.124540e+47
  639 1.968964e+48
  640 -5.963621e+47
  641 -2.800339e+48
  642 8.620557e+47
  643 3.982689e+48
  644 -1.245818e+48
  645 -5.664155e+48
  646 1.799994e+48
  647 8.055394e+48
  648 -2.600086e+48
  649 -1.145596e+49
  650 3.754977e+48
  651 1.629179e+49
  652 -5.421665e+48
  653 -2.316856e+49
  654 7.826479e+48
  655 3.294749e+49
  656 -1.129565e+49
  657 -4.685310e+49
  658 1.629930e+49
  659 6.662652e+49
  660 -2.351487e+49
  661 -9.474336e+49
  662 3.391828e+49
  663 1.347235e+50
  664 -4.891534e+49
  665 -1.915713e+50
  666 7.053072e+49
  667 2.724021e+50
  668 -1.016800e+50
  669 -3.873318e+50
  670 1.465610e+50
  671 5.507425e+50
  672 -2.112171e+50
  673 -7.830811e+50
  674 3.043471e+50
  675 1.113416e+51
  676 -4.384704e+50
  677 -1.583073e+51
  678 6.316029e+50
  679 2.250802e+51
  680 -9.096664e+50
  681 -3.200118e+51
  682 1.309954e+51
  683 4.549748e+51
  684 -1.886110e+51
  685 -6.468467e+51
  686 2.715292e+51
  687 9.196189e+51
  688 -3.908465e+51
  689 -1.307396e+52
  690 5.625189e+51
  691 1.858654e+52
  692 -8.094882e+51
  693 -2.642304e+52
  694 1.164737e+52
  695 3.756293e+52
  696 -1.675675e+52
  697 -5.339843e+52
  698 2.410450e+52
  699 7.590844e+52
  700 -3.466998e+52
  701 -1.079056e+53
  702 4.986058e+52
  703 1.533876e+53
  704 -7.169855e+52
  705 -2.180364e+53
  706 1.030893e+53
  707 3.099275e+53
  708 -1.482069e+53
  709 -4.405382e+53
  710 2.130469e+53
  711 6.261801e+53
  712 -3.062212e+53
  713 -8.900354e+53
  714 4.400979e+53
  715 1.265050e+54
  716 -6.324385e+53
  717 -1.798043e+54
  718 9.087470e+53
  719 2.555552e+54
  720 -1.305642e+54
  721 -3.632131e+54
  722 1.875698e+54
  723 5.162149e+54
  724 -2.694384e+54
  725 -7.336547e+54
  726 3.870036e+54
  727 1.042665e+55
  728 -5.558149e+54
  729 -1.481802e+55
  730 7.981886e+54
  731 2.105851e+55
  732 -1.146151e+55
  733 -2.992657e+55
  734 1.645659e+55
  735 4.252833e+55
  736 -2.362654e+55
  737 -6.043543e+55
  738 3.391745e+55
  739 8.588095e+55
  740 -4.868665e+55
  741 -1.220377e+56
  742 6.988125e+55
  743 1.734135e+56
  744 -1.002943e+56
  745 -2.464131e+56
  746 1.439318e+56
  747 3.501358e+56
  748 -2.065396e+56
  749 -4.975090e+56
  750 2.963578e+56
  751 7.068985e+56
  752 -4.252028e+56
  753 -1.004396e+57
  754 6.100188e+56
  755 1.427068e+57
  756 -8.751012e+56
  757 -2.027569e+57
  758 1.255283e+57
  759 2.880703e+57
  760 -1.800503e+57
  761 -4.092729e+57
  762 2.582352e+57
  763 5.814587e+57
  764 -3.703453e+57
  765 -8.260690e+57
  766 5.310902e+57
  767 1.173560e+58
  768 -7.615536e+57
  769 -1.667192e+58
  770 1.091952e+58
  771 2.368413e+58
  772 -1.565591e+58
  773 -3.364500e+58
  774 2.244527e+58
  775 4.779417e+58
  776 -3.217685e+58
  777 -6.789233e+58
  778 4.612485e+58
  779 9.644011e+58
  780 -6.611491e+58
  781 -1.369891e+59
  782 9.476265e+58
  783 1.945832e+59
  784 -1.358153e+59
  785 -2.763858e+59
  786 1.946410e+59
  787 3.925702e+59
  788 -2.789294e+59
  789 -5.575836e+59
  790 3.996954e+59
  791 7.919425e+59
  792 -5.727156e+59
  793 -1.124782e+60
  794 8.205863e+59
  795 1.597474e+60
  796 -1.175669e+60
  797 -2.268768e+60
  798 1.684311e+60
  799 3.222088e+60
  800 -2.412879e+60
