    1     0
    2     0
    3     0
    4     0
    5     0
    6     0
    7     0
    8     0
    9     0
   10     0
   11     0
   12 2.363812e+01
   13 1.614375e+00
   14 1.640625e+00
   15 -4.082986e+01
   16 2.039601e-01
   17 -1.298322e-01
   18 -5.232245e+01
   19 -5.222910e+00
   20 9.520320e+01
   21 1.884436e+02
   22 1.308495e+01
   23 -1.658110e+02
   24 1.304017e+02
   25 2.732504e+01
   26 -6.460193e+02
   27 -6.622160e+02
   28 3.259541e+02
   29 1.510567e+03
   30 -2.930080e+02
   31 -8.242406e+02
   32 2.979360e+03
   33 2.208220e+03
   34 -4.165163e+03
   35 -8.625856e+03
   36 2.031771e+03
   37 9.894241e+03
   38 -1.153461e+04
   39 -1.046378e+04
   40 2.935478e+04
   41 4.036364e+04
   42 -2.471264e+04
   43 -7.585875e+04
   44 4.608649e+04
   45 7.893902e+04
   46 -1.593565e+05
   47 -1.837759e+05
   48 2.212899e+05
   49 4.574099e+05
   50 -2.534076e+05
   51 -6.225106e+05
   52 7.655923e+05
   53 9.688530e+05
   54 -1.528808e+06
   55 -2.442177e+06
   56 1.824085e+06
   57 4.309478e+06
   58 -3.720569e+06
   59 -6.107156e+06
   60 8.952735e+06
   61 1.280173e+07
   62 -1.324477e+07
   63 -2.641604e+07
   64 2.053836e+07
   65 4.083508e+07
   66 -4.819446e+07
   67 -7.143134e+07
   68 8.748856e+07
   69 1.507633e+08
   70 -1.287661e+08
   71 -2.638625e+08
   72 2.580156e+08
   73 4.309011e+08
   74 -5.274737e+08
   75 -8.470554e+08
   76 8.389598e+08
   77 1.613252e+09
   78 -1.456768e+09
   79 -2.695746e+09
   80 3.010160e+09
   81 4.880356e+09
   82 -5.316920e+09
   83 -9.488249e+09
   84 8.750574e+09
   85 1.675477e+10
   86 -1.697643e+10
   87 -2.912427e+10
   88 3.222472e+10
   89 5.515217e+10
   90 -5.415073e+10
   91 -1.017145e+11
   92 9.775322e+10
   93 1.773151e+11
   94 -1.889867e+11
   95 -3.235279e+11
   96 3.336163e+11
   97 6.054280e+11
   98 -5.800109e+11
   99 -1.080194e+12
  100 1.095810e+12
  101 1.927955e+12
  102 -2.015102e+12
  103 -3.576153e+12
  104 3.506429e+12
  105 6.518206e+12
  106 -6.397329e+12
  107 -1.160946e+13
  108 1.195205e+13
  109 2.118306e+13
  110 -2.124434e+13
  111 -3.895856e+13
  112 3.787692e+13
  113 7.003328e+13
  114 -7.029130e+13
  115 -1.263444e+14
  116 1.276956e+14
  117 2.318034e+14
  118 -226686943981108
  119 -420931394263354
  120 4.139249e+14
  121 7.575282e+14
  122 -7.603500e+14
  123 -1380011410166538
  124 1.360953e+15
  125 2518705536341227
  126 -2452840976152739
  127 -4548572158428021
  128 4502455890112175
  129 8239843485613049
  130 -8148256778143517
  131 -15033804478085770
  132 14620284149895442
  133 27276008827260756
  134 -26647570526126988
  135 -49324570018961344
  136 48560487088697792
  137 89726809951199728
  138 -87363807439614352
  139 -163231644047059584
  140 158122969138137344
  141 295537466510875136
  142 -288448115232048256
  143 -536165532229992576
  144 521683990726578048
  145 975588345865270144
  146 -941117010696780160
  147 -1770005631483234304
  148 1711880193250938368
  149 3207746625284370432
  150 -3108541101354620928
  151 -5829645688765075456
  152 5610681206671087616
  153 1.059118e+19
  154 -1.016933e+19
  155 -1.920136e+19
  156 1.848851e+19
  157 3.485173e+19
  158 -3.344998e+19
  159 -6.333307e+19
  160 6.050009e+19
  161 1.149242e+20
  162 -1.098818e+20
  163 -2.084723e+20
  164 1.992382e+20
  165 3.786573e+20
  166 -3.602917e+20
  167 -6.875724e+20
  168 6.532288e+20
  169 1.247368e+21
  170 -1.185550e+21
  171 -2.264328e+21
  172 2.146031e+21
  173 4.112306e+21
  174 -3.886015e+21
  175 -7.463288e+21
  176 7.050875e+21
  177 1.354382e+22
  178 -1.277776e+22
  179 -2.459270e+22
  180 2.313059e+22
  181 4.464676e+22
  182 -4.193451e+22
  183 -8.102214e+22
  184 7.604185e+22
  185 1.470800e+23
  186 -1.377044e+23
  187 -2.670428e+23
  188 2.494763e+23
  189 4.846921e+23
  190 -4.523850e+23
  191 -8.797267e+23
  192 8.196895e+23
  193 1.597143e+24
  194 -1.484616e+24
  195 -2.899304e+24
  196 2.691144e+24
  197 5.262241e+24
  198 -4.877980e+24
  199 -9.552434e+24
  200 8.835967e+24
  201 1.734152e+25
  202 -1.601084e+25
  203 -3.147705e+25
  204 2.902317e+25
  205 5.713515e+25
  206 -5.258657e+25
  207 -1.037204e+26
  208 9.526937e+25
  209 1.882784e+26
  210 -1.726709e+26
  211 -3.417472e+26
  212 3.129250e+26
  213 6.203561e+26
  214 -5.669238e+26
  215 -1.126131e+27
  216 1.027321e+27
  217 2.044116e+27
  218 -1.861893e+27
  219 -3.710434e+27
  220 3.373574e+27
  221 6.735455e+27
  222 -6.112514e+27
  223 -1.222635e+28
  224 1.107755e+28
  225 2.219281e+28
  226 -2.007369e+28
  227 -4.028493e+28
  228 3.637050e+28
  229 7.312701e+28
  230 -6.590681e+28
  231 -1.327388e+29
  232 1.194355e+29
  233 2.409459e+29
  234 -2.164092e+29
  235 -4.373727e+29
  236 3.921255e+29
  237 7.939215e+29
  238 -7.105910e+29
  239 -1.441108e+30
  240 1.287614e+30
  241 2.615907e+30
  242 -2.333056e+30
  243 -4.748431e+30
  244 4.227642e+30
  245 8.619273e+30
  246 -7.660830e+30
  247 -1.564557e+31
  248 1.388102e+31
  249 2.839994e+31
  250 -2.515219e+31
  251 -5.155135e+31
  252 4.557750e+31
  253 9.357482e+31
  254 -8.258604e+31
  255 -1.698561e+32
  256 1.496416e+32
  257 3.083218e+32
  258 -2.711538e+32
  259 -5.596588e+32
  260 4.913351e+32
  261 1.015880e+33
  262 -8.902735e+32
  263 -1.844013e+33
  264 1.613153e+33
  265 3.347214e+33
  266 -2.923050e+33
  267 -6.075766e+33
  268 5.296457e+33
  269 1.102859e+34
  270 -9.596894e+33
  271 -2.001886e+34
  272 1.738941e+34
  273 3.633761e+34
  274 -3.150912e+34
  275 -6.595886e+34
  276 5.709253e+34
  277 1.197267e+35
  278 -1.034490e+35
  279 -2.173240e+35
  280 1.874460e+35
  281 3.944783e+35
  282 -3.396403e+35
  283 -7.160431e+35
  284 6.154045e+35
  285 1.299736e+36
  286 -1.115081e+36
  287 -2.359227e+36
  288 2.020455e+36
  289 4.282369e+36
  290 -3.660898e+36
  291 -7.773180e+36
  292 6.633278e+36
  293 1.410953e+37
  294 -1.201902e+37
  295 -2.561095e+37
  296 2.177740e+37
  297 4.648778e+37
  298 -3.945863e+37
  299 -8.438237e+37
  300 7.149565e+37
  301 1.531665e+38
  302 -1.295433e+38
  303 -2.780196e+38
  304 2.347187e+38
  305 5.046464e+38
  306 -4.252861e+38
  307 -9.160058e+38
  308 7.705738e+38
  309 1.662680e+39
  310 -1.396190e+39
  311 -3.017998e+39
  312 2.529730e+39
  313 5.478089e+39
  314 -4.583573e+39
  315 -9.943480e+39
  316 8.304856e+39
  317 1.804876e+40
  318 -1.504730e+40
  319 -3.276094e+40
  320 2.726371e+40
  321 5.946544e+40
  322 -4.939810e+40
  323 -1.079375e+41
  324 8.950222e+40
  325 1.959206e+41
  326 -1.621648e+41
  327 -3.556209e+41
  328 2.938184e+41
  329 6.454966e+41
  330 -5.323531e+41
  331 -1.171657e+42
  332 9.645379e+41
  333 2.126701e+42
  334 -1.747585e+42
  335 -3.860220e+42
  336 3.166331e+42
  337 7.006759e+42
  338 -5.736840e+42
  339 -1.271809e+43
  340 1.039414e+43
  341 2.308482e+43
  342 -1.883230e+43
  343 -4.190159e+43
  344 3.412061e+43
  345 7.605613e+43
  346 -6.182003e+43
  347 -1.380504e+44
  348 1.120059e+44
  349 2.505766e+44
  350 -2.029324e+44
  351 -4.548235e+44
  352 3.676720e+44
  353 8.255532e+44
  354 -6.661451e+44
  355 -1.498466e+45
  356 1.206913e+45
  357 2.719870e+45
  358 -2.186665e+45
  359 -4.936842e+45
  360 3.961752e+45
  361 8.960863e+45
  362 -7.177800e+45
  363 -1.626485e+46
  364 1.300452e+46
  365 2.952228e+46
  366 -2.356113e+46
  367 -5.358575e+46
  368 4.268711e+46
  369 9.726317e+46
  370 -7.733864e+46
  371 -1.765416e+47
  372 1.401184e+47
  373 3.204391e+47
  374 -2.538590e+47
  375 -5.816255e+47
  376 4.599270e+47
  377 1.055701e+48
  378 -8.332670e+47
  379 -1.916188e+48
  380 1.509657e+48
  381 3.478043e+48
  382 -2.735089e+48
  383 -6.312936e+48
  384 4.955225e+48
  385 1.145849e+49
  386 -8.977475e+48
  387 -2.079807e+49
  388 1.626462e+49
  389 3.775012e+49
  390 -2.946677e+49
  391 -6.851936e+49
  392 5.338510e+49
  393 1.243678e+50
  394 -9.671779e+49
  395 -2.257366e+50
  396 1.752232e+50
  397 4.097281e+50
  398 -3.174503e+50
  399 -7.436853e+50
  400 5.751203e+50
  401 1.349840e+51
  402 -1.041935e+51
  403 -2.450050e+51
  404 1.887649e+51
  405 4.447001e+51
  406 -3.419800e+51
  407 -8.071590e+51
  408 6.195539e+51
  409 1.465044e+52
  410 -1.122423e+52
  411 -2.659144e+52
  412 2.033445e+52
  413 4.826503e+52
  414 -3.683896e+52
  415 -8.760382e+52
  416 6.673922e+52
  417 1.590058e+53
  418 -1.209076e+53
  419 -2.886043e+53
  420 2.190409e+53
  421 5.238320e+53
  422 -3.968217e+53
  423 -9.507821e+53
  424 7.188935e+53
  425 1.725717e+54
  426 -1.302364e+54
  427 -3.132260e+54
  428 2.359387e+54
  429 5.685198e+54
  430 -4.274298e+54
  431 -1.031889e+55
  432 7.743354e+54
  433 1.872924e+55
  434 -1.402789e+55
  435 -3.399436e+55
  436 2.541290e+55
  437 6.170113e+55
  438 -4.603785e+55
  439 -1.119900e+56
  440 8.340164e+55
  441 2.032660e+56
  442 -1.510890e+56
  443 -3.689351e+56
  444 2.737097e+56
  445 6.696299e+56
  446 -4.958452e+56
  447 -1.215400e+57
  448 8.982575e+56
  449 2.205990e+57
  450 -1.627250e+57
  451 -4.003937e+57
  452 2.947859e+57
  453 7.267259e+57
  454 -5.340202e+57
  455 -1.319027e+58
  456 9.674032e+57
  457 2.394067e+58
  458 -1.752492e+58
  459 -4.345289e+58
  460 3.174706e+58
  461 7.886796e+58
  462 -5.751083e+58
  463 -1.431470e+59
  464 1.041824e+59
  465 2.598145e+59
  466 -1.887288e+59
  467 -4.715679e+59
  468 3.418854e+59
  469 8.559033e+59
  470 -6.193293e+59
  471 -1.553477e+60
  472 1.121919e+60
  473 2.819581e+60
  474 -2.032357e+60
  475 -5.117572e+60
  476 3.681607e+60
  477 9.288445e+60
  478 -6.669196e+60
  479 -1.685861e+61
  480 1.208115e+61
  481 3.059849e+61
  482 -2.188476e+61
  483 -5.553642e+61
  484 3.964368e+61
  485 1.007988e+62
  486 -7.181331e+61
  487 -1.829501e+62
  488 1.300872e+62
  489 3.320547e+62
  490 -2.356475e+62
  491 -6.026790e+62
  492 4.268644e+62
  493 1.093861e+63
  494 -7.732425e+62
  495 -1.985354e+63
  496 1.400684e+63
  497 3.603408e+63
  498 -2.537250e+63
  499 -6.540161e+63
  500 4.596054e+63
  501 1.187034e+64
  502 -8.325409e+63
  503 -2.154455e+64
  504 1.508081e+64
  505 3.910313e+64
  506 -2.731761e+64
  507 -7.097169e+64
  508 4.948336e+64
  509 1.288126e+65
  510 -8.963432e+64
  511 -2.337929e+65
  512 1.623634e+65
  513 4.243301e+65
  514 -2.941038e+65
  515 -7.701513e+65
  516 5.327357e+65
  517 1.397809e+66
  518 -9.649873e+65
  519 -2.536994e+66
  520 1.747954e+66
  521 4.604585e+66
  522 -3.166191e+66
  523 -8.357209e+66
  524 5.735125e+66
  525 1.516812e+67
  526 -1.038837e+67
  527 -2.752972e+67
  528 1.881699e+67
  529 4.996564e+67
  530 -3.408410e+67
  531 -9.068612e+67
  532 6.173792e+67
  533 1.645924e+68
  534 -1.118281e+68
  535 -2.987297e+68
  536 2.025575e+68
  537 5.421841e+68
  538 -3.668971e+68
  539 -9.840444e+68
  540 6.645673e+68
  541 1.786003e+69
  542 -1.203739e+69
  543 -3.241526e+69
  544 2.180339e+69
  545 5.883238e+69
  546 -3.949248e+69
  547 -1.067783e+70
  548 7.153250e+69
  549 1.937979e+70
  550 -1.295660e+70
  551 -3.517345e+70
  552 2.346806e+70
  553 6.383816e+70
  554 -4.250714e+70
  555 -1.158632e+71
  556 7.699192e+70
  557 2.102860e+71
  558 -1.394527e+71
  559 -3.816583e+71
  560 2.525849e+71
  561 6.926898e+71
  562 -4.574949e+71
  563 -1.257195e+72
  564 8.286360e+71
  565 2.281738e+72
  566 -1.500859e+72
  567 -4.141225e+72
  568 2.718406e+72
  569 7.516083e+72
  570 -4.923653e+72
  571 -1.364124e+73
  572 8.917827e+72
  573 2.475802e+73
  574 -1.615211e+73
  575 -4.493425e+73
  576 2.925485e+73
  577 8.155277e+73
  578 -5.298647e+73
  579 -1.480129e+74
  580 9.596893e+73
  581 2.686336e+74
  582 -1.738180e+74
  583 -4.875515e+74
  584 3.148165e+74
  585 8.848718e+74
  586 -5.701887e+74
  587 -1.605979e+75
  588 1.032710e+75
  589 2.914735e+75
  590 -1.870408e+75
  591 -5.290028e+75
  592 3.387607e+75
  593 9.601000e+75
  594 -6.135473e+75
  595 -1.742507e+76
  596 1.111224e+76
  597 3.162514e+76
  598 -2.012582e+76
  599 -5.739709e+76
  600 3.645054e+76
  601 1.041710e+77
  602 -6.601656e+76
  603 -1.890618e+77
  604 1.195639e+77
  605 3.431312e+77
  606 -2.165439e+77
  607 -6.227537e+77
  608 3.921843e+77
  609 1.130244e+78
  610 -7.102852e+77
  611 -2.051292e+78
  612 1.286393e+78
  613 3.722910e+78
  614 -2.329771e+78
  615 -6.756740e+78
  616 4.219404e+78
  617 1.226286e+79
  618 -7.641655e+78
  619 -2.225592e+79
  620 1.383955e+79
  621 4.039237e+79
  622 -2.506428e+79
  623 -7.330822e+79
  624 4.539277e+79
  625 1.330472e+80
  626 -8.220846e+79
  627 -2.414673e+80
  628 1.488829e+80
  629 4.382386e+80
  630 -2.696319e+80
  631 -7.953579e+80
  632 4.883107e+80
  633 1.443492e+81
  634 -8.843406e+80
  635 -2.619784e+81
  636 1.601553e+81
  637 4.754628e+81
  638 -2.900423e+81
  639 -8.629132e+81
  640 5.252664e+81
  641 1.566092e+82
  642 -9.512537e+81
  643 -2.842283e+82
  644 1.722707e+82
  645 5.158423e+82
  646 -3.119785e+82
  647 -9.361947e+82
  648 5.649843e+82
  649 1.699085e+83
  650 -1.023167e+83
  651 -3.083640e+83
  652 1.852911e+83
  653 5.596441e+83
  654 -3.355531e+83
  655 -1.015687e+84
  656 6.076677e+83
  657 1.843348e+84
  658 -1.100447e+84
  659 -3.345451e+84
  660 1.992832e+84
  661 6.071578e+84
  662 -3.608864e+84
  663 -1.101915e+85
  664 6.535345e+84
  665 1.999836e+85
  666 -1.183490e+85
  667 -3.629445e+85
  668 2.143183e+85
  669 6.586971e+85
  670 -3.881075e+85
  671 -1.195449e+86
  672 7.028183e+85
  673 2.169581e+86
  674 -1.272718e+86
  675 -3.937498e+86
  676 2.304729e+86
  677 7.146026e+86
  678 -4.173549e+86
  679 -1.296906e+87
  680 7.557696e+86
  681 2.353705e+87
  682 -1.368584e+87
  683 -4.271645e+87
  684 2.478289e+87
  685 7.752433e+87
  686 -4.487768e+87
  687 -1.406956e+88
  688 8.126567e+87
  689 2.553423e+88
  690 -1.471574e+88
  691 -4.634092e+88
  692 2.664742e+88
  693 8.410197e+88
  694 -4.825323e+88
  695 -1.526326e+89
  696 8.737673e+88
  697 2.770054e+89
  698 -1.582207e+89
  699 -5.027230e+89
  700 2.865029e+89
  701 9.123657e+89
  702 -5.187916e+89
  703 -1.655804e+90
  704 9.394094e+89
  705 3.005027e+90
  706 -1.701042e+90
  707 -5.453653e+90
  708 3.080160e+90
  709 9.897520e+90
  710 -5.577372e+90
  711 -1.796242e+91
  712 1.009913e+91
  713 3.259891e+91
  714 -1.828676e+91
  715 -5.916175e+91
  716 3.311214e+91
  717 1.073689e+92
  718 -5.995647e+91
  719 -1.948569e+92
  720 1.085633e+92
  721 3.536329e+92
  722 -1.965747e+92
  723 -6.417845e+92
  724 3.559350e+92
  725 1.164730e+93
  726 -6.444833e+92
  727 -2.113787e+93
  728 1.166946e+93
  729 3.836161e+93
  730 -2.112943e+93
  731 -6.961969e+93
  732 3.825806e+93
  733 1.263476e+94
  734 -6.927173e+93
  735 -2.292987e+94
  736 1.254259e+94
  737 4.161365e+94
  738 -2.270996e+94
  739 -7.552135e+94
  740 4.111909e+94
  741 1.370577e+95
  742 -7.445067e+94
  743 -2.487348e+95
  744 1.348006e+95
  745 4.514083e+95
  746 -2.440691e+95
  747 -8.192230e+95
  748 4.419081e+95
  749 1.486738e+96
  750 -8.001086e+95
  751 -2.698152e+96
  752 1.448652e+96
  753 4.896638e+96
  754 -2.622871e+96
  755 -8.886470e+96
  756 4.748842e+96
  757 1.612725e+97
  758 -8.597981e+96
  759 -2.926786e+97
  760 1.556694e+97
  761 5.311549e+97
  762 -2.818434e+97
  763 -9.639427e+97
  764 5.102821e+97
  765 1.749367e+98
  766 -9.238697e+97
  767 -3.174755e+98
  768 1.672665e+98
  769 5.761549e+98
  770 -3.028344e+98
  771 -1.045606e+99
  772 5.482759e+98
  773 1.897563e+99
  774 -9.926383e+98
  775 -3.443692e+99
  776 1.797135e+99
  777 6.249598e+99
  778 -3.253631e+99
  779 -1.134173e+100
  780 5.890521e+99
  781 2.058290e+100
  782 -1.066441e+100
  783 -3.735367e+100
  784 1.930714e+100
  785 6.778907e+100
  786 -3.495399e+100
  787 -1.230229e+101
  788 6.328101e+100
  789 2.232603e+101
  790 -1.145639e+101
  791 -4.051698e+101
  792 2.074054e+101
  793 7.352959e+101
  794 -3.754827e+101
  795 -1.334403e+102
  796 6.797631e+101
  797 2.421650e+102
  798 -1.230617e+102
  799 -4.394764e+102
  800 2.227851e+102
