    1     0
    2     0
    3     0
    4     0
    5     0
    6     0
    7     0
    8     0
    9     0
   10     0
   11     0
   12 6.520500e-01
   13 6.772500e-01
   14 7.087500e-01
   15 6.710429e-01
   16 6.405270e-01
   17 6.144556e-01
   18 5.523693e-01
   19 4.918420e-01
   20 4.359820e-01
   21 3.972013e-01
   22 3.728203e-01
   23 3.605878e-01
   24 3.611286e-01
   25 3.730910e-01
   26 3.943322e-01
   27 4.210542e-01
   28 4.501623e-01
   29 4.792288e-01
   30 5.061929e-01
   31 5.293878e-01
   32 5.476506e-01
   33 5.605067e-01
   34 5.680127e-01
   35 5.706011e-01
   36 5.689743e-01
   37 5.640205e-01
   38 5.567195e-01
   39 5.480341e-01
   40 5.388312e-01
   41 5.298355e-01
   42 5.216036e-01
   43 5.145135e-01
   44 5.087689e-01
   45 5.044182e-01
   46 5.013840e-01
   47 4.994958e-01
   48 4.985237e-01
   49 4.982097e-01
   50 4.982954e-01
   51 4.985445e-01
   52 4.987581e-01
   53 4.987843e-01
   54 4.985218e-01
   55 4.979179e-01
   56 4.969640e-01
   57 4.956874e-01
   58 4.941418e-01
   59 4.923979e-01
   60 4.905338e-01
   61 4.886273e-01
   62 4.867494e-01
   63 4.849596e-01
   64 4.833030e-01
   65 4.818097e-01
   66 4.804948e-01
   67 4.793601e-01
   68 4.783964e-01
   69 4.775865e-01
   70 4.769076e-01
   71 4.763345e-01
   72 4.758419e-01
   73 4.754063e-01
   74 4.750074e-01
   75 4.746290e-01
   76 4.742594e-01
   77 4.738912e-01
   78 4.735211e-01
   79 4.731490e-01
   80 4.727771e-01
   81 4.724098e-01
   82 4.720518e-01
   83 4.717082e-01
   84 4.713838e-01
   85 4.710824e-01
   86 4.708067e-01
   87 4.705582e-01
   88 4.703372e-01
   89 4.701430e-01
   90 4.699739e-01
   91 4.698275e-01
   92 4.697013e-01
   93 4.695921e-01
   94 4.694973e-01
   95 4.694139e-01
   96 4.693397e-01
   97 4.692726e-01
   98 4.692112e-01
   99 4.691542e-01
  100 4.691008e-01
  101 4.690507e-01
  102 4.690036e-01
  103 4.689596e-01
  104 4.689188e-01
  105 4.688813e-01
  106 4.688472e-01
  107 4.688168e-01
  108 4.687900e-01
  109 4.687668e-01
  110 4.687471e-01
  111 4.687306e-01
  112 4.687172e-01
  113 4.687063e-01
  114 4.686978e-01
  115 4.686913e-01
  116 4.686865e-01
  117 4.686829e-01
  118 4.686805e-01
  119 4.686788e-01
  120 4.686778e-01
  121 4.686772e-01
  122 4.686770e-01
  123 4.763668e-01
  124 4.832577e-01
  125 4.896551e-01
  126 4.956658e-01
  127 5.013781e-01
  128 5.068643e-01
  129 5.106803e-01
  130 5.130855e-01
  131 5.142994e-01
  132 5.144941e-01
  133 5.138060e-01
  134 5.123424e-01
  135 5.104188e-01
  136 5.082904e-01
  137 5.061527e-01
  138 5.041554e-01
  139 5.024131e-01
  140 5.010136e-01
  141 4.999913e-01
  142 4.993395e-01
  143 4.990234e-01
  144 4.989904e-01
  145 4.991765e-01
  146 4.995115e-01
  147 4.999274e-01
  148 5.003642e-01
  149 5.007728e-01
  150 5.011171e-01
  151 5.013737e-01
  152 5.015318e-01
  153 5.015915e-01
  154 5.015617e-01
  155 5.014572e-01
  156 5.012967e-01
  157 5.011000e-01
  158 5.008867e-01
  159 5.006741e-01
  160 5.004763e-01
  161 5.003039e-01
  162 5.001634e-01
  163 5.000579e-01
  164 4.999870e-01
  165 4.999481e-01
  166 4.999365e-01
  167 4.999464e-01
  168 4.999717e-01
  169 5.000064e-01
  170 5.000449e-01
  171 5.000830e-01
  172 5.001170e-01
  173 5.001448e-01
  174 5.001651e-01
  175 5.001779e-01
  176 5.001835e-01
  177 5.001832e-01
  178 5.001784e-01
  179 5.001708e-01
  180 5.001619e-01
  181 5.001532e-01
  182 5.001459e-01
  183 5.001409e-01
  184 5.001387e-01
  185 5.001395e-01
  186 5.001434e-01
  187 5.001500e-01
  188 5.001591e-01
  189 5.001700e-01
  190 5.001822e-01
  191 5.001951e-01
  192 5.002084e-01
  193 5.002215e-01
  194 5.002341e-01
  195 5.002460e-01
  196 5.002572e-01
  197 5.002675e-01
  198 5.002769e-01
  199 5.002857e-01
  200 3.450439e-01
  201 3.390515e-01
  202 3.315589e-01
  203 3.240660e-01
  204 3.165730e-01
  205 3.090800e-01
  206 3.109910e-01
  207 3.131706e-01
  208 3.147240e-01
  209 3.157903e-01
  210 3.164517e-01
  211 3.167737e-01
  212 3.162386e-01
  213 3.148761e-01
  214 3.129661e-01
  215 3.107370e-01
  216 3.083783e-01
  217 3.060493e-01
  218 3.039199e-01
  219 3.021411e-01
  220 3.008017e-01
  221 2.999409e-01
  222 2.995599e-01
  223 2.996296e-01
  224 3.000961e-01
  225 3.008851e-01
  226 3.019133e-01
  227 3.030974e-01
  228 3.043597e-01
  229 3.056326e-01
  230 3.068614e-01
  231 3.080059e-01
  232 3.090408e-01
  233 3.099544e-01
  234 3.107462e-01
  235 3.114249e-01
  236 3.120054e-01
  237 3.125063e-01
  238 3.129475e-01
  239 3.133481e-01
  240 3.137251e-01
  241 3.140922e-01
  242 3.144594e-01
  243 2.917638e-01
  244 2.714740e-01
  245 2.526739e-01
  246 2.350399e-01
  247 2.183024e-01
  248 2.022393e-01
  249 1.911773e-01
  250 1.843330e-01
  251 1.810433e-01
  252 1.807880e-01
  253 1.831563e-01
  254 1.878245e-01
  255 1.938465e-01
  256 2.004571e-01
  257 2.070719e-01
  258 2.132438e-01
  259 2.186314e-01
  260 2.229739e-01
  261 2.261706e-01
  262 2.282439e-01
  263 2.292996e-01
  264 2.294978e-01
  265 2.290317e-01
  266 2.281123e-01
  267 2.269442e-01
  268 2.257081e-01
  269 2.245510e-01
  270 2.235818e-01
  271 2.228703e-01
  272 2.224488e-01
  273 2.223170e-01
  274 2.224486e-01
  275 2.227990e-01
  276 2.233125e-01
  277 2.239295e-01
  278 2.245920e-01
  279 2.252485e-01
  280 2.258567e-01
  281 2.263857e-01
  282 2.268159e-01
  283 2.271389e-01
  284 2.273556e-01
  285 2.274748e-01
  286 2.275106e-01
  287 2.274805e-01
  288 2.274031e-01
  289 2.272967e-01
  290 2.271777e-01
  291 2.270596e-01
  292 2.269528e-01
  293 2.268641e-01
  294 2.267971e-01
  295 2.267525e-01
  296 2.267287e-01
  297 2.267223e-01
  298 2.267290e-01
  299 2.267439e-01
  300 2.267623e-01
  301 2.267799e-01
  302 2.267933e-01
  303 2.267997e-01
  304 2.267977e-01
  305 2.267864e-01
  306 2.267661e-01
  307 2.267374e-01
  308 2.267018e-01
  309 2.266607e-01
  310 2.266158e-01
  311 2.265688e-01
  312 2.265211e-01
  313 2.264740e-01
  314 2.264286e-01
  315 2.263853e-01
  316 2.263446e-01
  317 2.263067e-01
  318 2.262714e-01
  319 2.262384e-01
  320 2.262074e-01
  321 2.261780e-01
  322 2.261499e-01
  323 2.261225e-01
  324 2.260956e-01
  325 2.260690e-01
  326 2.260425e-01
  327 2.260160e-01
  328 2.259896e-01
  329 2.259632e-01
  330 2.259369e-01
  331 2.259110e-01
  332 2.258854e-01
  333 2.258603e-01
  334 2.258359e-01
  335 2.258123e-01
  336 2.257894e-01
  337 2.257673e-01
  338 2.257461e-01
  339 2.257258e-01
  340 2.257063e-01
  341 2.256876e-01
  342 2.256696e-01
  343 2.256523e-01
  344 2.256356e-01
  345 2.256195e-01
  346 2.256039e-01
  347 2.255889e-01
  348 2.255743e-01
  349 2.255602e-01
  350 2.255465e-01
  351 2.255332e-01
  352 2.255204e-01
  353 2.255079e-01
  354 2.254959e-01
  355 2.254842e-01
  356 2.254730e-01
  357 2.254621e-01
  358 2.254516e-01
  359 2.254416e-01
  360 2.254318e-01
  361 2.254225e-01
  362 2.254135e-01
  363 2.330945e-01
  364 2.399768e-01
  365 2.463656e-01
  366 2.523678e-01
  367 2.580717e-01
  368 2.635496e-01
  369 2.673574e-01
  370 2.697544e-01
  371 2.709601e-01
  372 2.711468e-01
  373 2.704507e-01
  374 2.689792e-01
  375 2.670478e-01
  376 2.649118e-01
  377 2.627667e-01
  378 2.607621e-01
  379 2.590128e-01
  380 2.576065e-01
  381 2.565776e-01
  382 2.559194e-01
  383 2.555973e-01
  384 2.555584e-01
  385 2.557388e-01
  386 2.560685e-01
  387 2.564792e-01
  388 2.569111e-01
  389 2.573150e-01
  390 2.576548e-01
  391 2.579070e-01
  392 2.580610e-01
  393 2.581168e-01
  394 2.580831e-01
  395 2.579750e-01
  396 2.578109e-01
  397 2.576109e-01
  398 2.573944e-01
  399 2.571788e-01
  400 4.432780e-01
  401 4.503028e-01
  402 4.591597e-01
  403 4.680516e-01
  404 4.769784e-01
  405 4.859371e-01
  406 4.836386e-01
  407 4.810393e-01
  408 4.792071e-01
  409 4.779689e-01
  410 4.772207e-01
  411 4.768790e-01
  412 4.775620e-01
  413 4.792316e-01
  414 4.815505e-01
  415 4.842447e-01
  416 4.870870e-01
  417 4.898875e-01
  418 4.924439e-01
  419 4.945764e-01
  420 4.961802e-01
  421 4.972095e-01
  422 4.976644e-01
  423 4.975804e-01
  424 4.970230e-01
  425 4.960815e-01
  426 4.948558e-01
  427 4.934458e-01
  428 4.919441e-01
  429 4.904315e-01
  430 4.889731e-01
  431 4.876164e-01
  432 4.863913e-01
  433 4.853117e-01
  434 4.843776e-01
  435 4.835784e-01
  436 4.828962e-01
  437 4.823086e-01
  438 4.817917e-01
  439 4.813226e-01
  440 4.808811e-01
  441 4.804509e-01
  442 4.800203e-01
  443 4.795818e-01
  444 4.791327e-01
  445 4.786735e-01
  446 4.782078e-01
  447 4.777410e-01
  448 4.772795e-01
  449 4.768302e-01
  450 4.763992e-01
  451 4.759919e-01
  452 4.756125e-01
  453 4.752636e-01
  454 4.749466e-01
  455 4.746612e-01
  456 4.744064e-01
  457 4.741800e-01
  458 4.739793e-01
  459 4.738014e-01
  460 4.736430e-01
  461 4.735012e-01
  462 4.733733e-01
  463 4.732569e-01
  464 4.731501e-01
  465 4.730515e-01
  466 4.729601e-01
  467 4.728750e-01
  468 4.727961e-01
  469 4.727232e-01
  470 4.726562e-01
  471 4.725951e-01
  472 4.725402e-01
  473 4.724913e-01
  474 4.724485e-01
  475 4.724116e-01
  476 4.723804e-01
  477 4.723546e-01
  478 4.723337e-01
  479 4.723174e-01
  480 4.723052e-01
  481 4.722966e-01
  482 4.722911e-01
  483 4.722882e-01
  484 4.722876e-01
  485 4.722888e-01
  486 4.722917e-01
  487 4.722959e-01
  488 4.723011e-01
  489 4.723074e-01
  490 4.723144e-01
  491 4.723221e-01
  492 4.723305e-01
  493 4.723395e-01
  494 4.723489e-01
  495 4.723589e-01
  496 4.723693e-01
  497 4.723800e-01
  498 4.723911e-01
  499 4.724024e-01
  500 4.724139e-01
  501 4.724256e-01
  502 4.724373e-01
  503 4.724491e-01
  504 4.724608e-01
  505 4.724725e-01
  506 4.724841e-01
  507 4.724955e-01
  508 4.725067e-01
  509 4.725177e-01
  510 4.725285e-01
  511 4.725391e-01
  512 4.725494e-01
  513 4.725594e-01
  514 4.725692e-01
  515 4.725787e-01
  516 4.725880e-01
  517 4.725970e-01
  518 4.726058e-01
  519 4.726143e-01
  520 4.726225e-01
  521 4.726305e-01
  522 4.726383e-01
  523 4.726458e-01
  524 4.726531e-01
  525 4.726602e-01
  526 4.726670e-01
  527 4.726736e-01
  528 4.726800e-01
  529 4.726861e-01
  530 4.726921e-01
  531 4.726978e-01
  532 4.727033e-01
  533 4.727086e-01
  534 4.727137e-01
  535 4.727187e-01
  536 4.727234e-01
  537 4.727280e-01
  538 4.727324e-01
  539 4.727366e-01
  540 4.727407e-01
  541 4.727446e-01
  542 4.727484e-01
  543 4.727521e-01
  544 4.727556e-01
  545 4.727589e-01
  546 4.727622e-01
  547 4.727653e-01
  548 4.727683e-01
  549 4.727712e-01
  550 4.727740e-01
  551 4.727766e-01
  552 4.727792e-01
  553 4.727817e-01
  554 4.727841e-01
  555 4.727864e-01
  556 4.727886e-01
  557 4.727907e-01
  558 4.727927e-01
  559 4.727947e-01
  560 4.727966e-01
  561 4.727984e-01
  562 4.728001e-01
  563 4.728018e-01
  564 4.728035e-01
  565 4.728050e-01
  566 4.728065e-01
  567 4.728080e-01
  568 4.728094e-01
  569 4.728107e-01
  570 4.728120e-01
  571 4.728132e-01
  572 4.728144e-01
  573 4.728156e-01
  574 4.728167e-01
  575 4.728178e-01
  576 4.728188e-01
  577 4.728198e-01
  578 4.728208e-01
  579 4.728217e-01
  580 4.728226e-01
  581 4.728234e-01
  582 4.728243e-01
  583 4.728251e-01
  584 4.728258e-01
  585 4.728266e-01
  586 4.728273e-01
  587 4.728280e-01
  588 4.728287e-01
  589 4.728293e-01
  590 4.728299e-01
  591 4.728305e-01
  592 4.728311e-01
  593 4.728317e-01
  594 4.728322e-01
  595 4.728327e-01
  596 4.728332e-01
  597 4.728337e-01
  598 4.728342e-01
  599 4.728346e-01
  600 3.486351e-01
  601 3.438355e-01
  602 3.378359e-01
  603 3.318363e-01
  604 3.258367e-01
  605 3.198370e-01
  606 3.213605e-01
  607 3.230989e-01
  608 3.243362e-01
  609 3.251839e-01
  610 3.257075e-01
  611 3.259598e-01
  612 3.255263e-01
  613 3.244310e-01
  614 3.228979e-01
  615 3.211096e-01
  616 3.192178e-01
  617 3.173500e-01
  618 3.156420e-01
  619 3.142146e-01
  620 3.131390e-01
  621 3.124464e-01
  622 3.121378e-01
  623 3.121900e-01
  624 3.125597e-01
  625 3.131874e-01
  626 3.140068e-01
  627 3.149508e-01
  628 3.159576e-01
  629 3.169730e-01
  630 3.179531e-01
  631 3.188658e-01
  632 3.196911e-01
  633 3.204193e-01
  634 3.210502e-01
  635 3.215906e-01
  636 3.220526e-01
  637 3.224510e-01
  638 3.228017e-01
  639 3.231201e-01
  640 3.234196e-01
  641 3.237113e-01
  642 3.240032e-01
  643 3.243000e-01
  644 3.246039e-01
  645 3.249146e-01
  646 3.252296e-01
  647 3.255454e-01
  648 3.258576e-01
  649 3.261618e-01
  650 3.264538e-01
  651 3.267299e-01
  652 3.269874e-01
  653 3.272245e-01
  654 3.274403e-01
  655 3.276348e-01
  656 3.278088e-01
  657 3.279638e-01
  658 3.281014e-01
  659 3.282237e-01
  660 3.283328e-01
  661 3.284307e-01
  662 3.285192e-01
  663 3.285999e-01
  664 3.286741e-01
  665 3.287427e-01
  666 3.288065e-01
  667 3.288659e-01
  668 3.289211e-01
  669 3.289723e-01
  670 3.290195e-01
  671 3.290626e-01
  672 3.291016e-01
  673 3.291364e-01
  674 3.291672e-01
  675 3.291939e-01
  676 3.292167e-01
  677 3.292359e-01
  678 3.292517e-01
  679 3.292645e-01
  680 3.292744e-01
  681 3.292819e-01
  682 3.292872e-01
  683 3.292907e-01
  684 3.292926e-01
  685 3.292932e-01
  686 3.292928e-01
  687 3.292914e-01
  688 3.292892e-01
  689 3.292863e-01
  690 3.292828e-01
  691 3.292789e-01
  692 3.292744e-01
  693 3.292695e-01
  694 3.292643e-01
  695 3.292587e-01
  696 3.292528e-01
  697 3.292466e-01
  698 3.292401e-01
  699 3.292335e-01
  700 3.292267e-01
  701 3.292197e-01
  702 3.292127e-01
  703 3.292056e-01
  704 3.291985e-01
  705 3.291914e-01
  706 3.291844e-01
  707 3.291775e-01
  708 3.291707e-01
  709 3.291639e-01
  710 3.291573e-01
  711 3.291509e-01
  712 3.291446e-01
  713 3.291384e-01
  714 3.291324e-01
  715 3.291266e-01
  716 3.291209e-01
  717 3.291154e-01
  718 3.291100e-01
  719 3.291047e-01
  720 3.290996e-01
  721 3.290947e-01
  722 3.290899e-01
  723 3.290853e-01
  724 3.290808e-01
  725 3.290764e-01
  726 3.290722e-01
  727 3.290681e-01
  728 3.290642e-01
  729 3.290604e-01
  730 3.290568e-01
  731 3.290532e-01
  732 3.290498e-01
  733 3.290466e-01
  734 3.290434e-01
  735 3.290404e-01
  736 3.290374e-01
  737 3.290346e-01
  738 3.290319e-01
  739 3.290293e-01
  740 3.290268e-01
  741 3.290244e-01
  742 3.290221e-01
  743 3.290198e-01
  744 3.290177e-01
  745 3.290156e-01
  746 3.290136e-01
  747 3.290117e-01
  748 3.290098e-01
  749 3.290081e-01
  750 3.290064e-01
  751 3.290047e-01
  752 3.290031e-01
  753 3.290016e-01
  754 3.290002e-01
  755 3.289988e-01
  756 3.289974e-01
  757 3.289961e-01
  758 3.289949e-01
  759 3.289937e-01
  760 3.289925e-01
  761 3.289914e-01
  762 3.289903e-01
  763 3.289893e-01
  764 3.289883e-01
  765 3.289874e-01
  766 3.289865e-01
  767 3.289856e-01
  768 3.289847e-01
  769 3.289839e-01
  770 3.289831e-01
  771 3.289824e-01
  772 3.289816e-01
  773 3.289809e-01
  774 3.289803e-01
  775 3.289796e-01
  776 3.289790e-01
  777 3.289784e-01
  778 3.289778e-01
  779 3.289772e-01
  780 3.289767e-01
  781 3.289762e-01
  782 3.289757e-01
  783 3.289752e-01
  784 3.289747e-01
  785 3.289742e-01
  786 3.289738e-01
  787 3.289734e-01
  788 3.289730e-01
  789 3.289726e-01
  790 3.289722e-01
  791 3.289719e-01
  792 3.289715e-01
  793 3.289712e-01
  794 3.289708e-01
  795 3.289705e-01
  796 3.289702e-01
  797 3.289699e-01
  798 3.289696e-01
  799 3.289694e-01
  800 3.289691e-01
