    1     0
    2     0
    3     0
    4     0
    5     0
    6     0
    7     0
    8     0
    9     0
   10     0
   11     0
   12 9.466875e+00
   13 1.400625e+00
   14 1.434375e+00
   15 1.468125e+00
   16 1.501875e+00
   17 -2.091440e+01
   18 -2.347095e+01
   19 -6.436660e+00
   20 3.360922e+01
   21 -2.288370e+00
   22 -2.225452e+00
   23 9.841887e+01
   24 6.664523e+01
   25 -6.409607e+01
   26 -2.510255e+02
   27 -2.212775e+01
   28 1.473270e+02
   29 -3.501371e+02
   30 -2.036131e+02
   31 7.238930e+02
   32 1.227545e+03
   33 -1.470253e+02
   34 -1.684690e+03
   35 1.022824e+03
   36 1.265981e+03
   37 -4.372843e+03
   38 -5.131258e+03
   39 3.722239e+03
   40 1.183707e+04
   41 -3.548427e+03
   42 -1.189210e+04
   43 2.037651e+04
   44 2.263112e+04
   45 -3.389714e+04
   46 -6.580319e+04
   47 2.632051e+04
   48 9.654254e+04
   49 -8.528247e+04
   50 -1.282534e+05
   51 2.178772e+05
   52 3.316082e+05
   53 -2.400375e+05
   54 -6.467019e+05
   55 3.939866e+05
   56 8.757155e+05
   57 -1.166217e+06
   58 -1.711670e+06
   59 1.844596e+06
   60 3.799804e+06
   61 -2.346540e+06
   62 -6.014280e+06
   63 5.813011e+06
   64 9.793034e+06
   65 -1.191630e+07
   66 -2.102629e+07
   67 1.621680e+07
   68 3.852631e+07
   69 -3.015689e+07
   70 -6.103095e+07
   71 6.853115e+07
   72 1.170091e+08
   73 -1.104668e+08
   74 -2.309738e+08
   75 1.741364e+08
   76 3.878208e+08
   77 -3.744364e+08
   78 -6.800842e+08
   79 6.995825e+08
   80 1.337006e+09
   81 -1.090814e+09
   82 -2.407798e+09
   83 2.067686e+09
   84 4.114702e+09
   85 -4.148868e+09
   86 -7.725366e+09
   87 6.935181e+09
   88 1.449470e+10
   89 -1.196683e+10
   90 -2.525441e+10
   91 2.376281e+10
   92 4.544201e+10
   93 -4.294434e+10
   94 -8.560098e+10
   95 7.228954e+10
   96 1.539457e+11
   97 -1.359222e+11
   98 -2.723608e+11
   99 2.571301e+11
  100 5.038541e+11
  101 -4.435274e+11
  102 -9.257366e+11
  103 7.930684e+11
  104 1.646489e+12
  105 -1.506543e+12
  106 -2.986350e+12
  107 2.700576e+12
  108 5.512188e+12
  109 -4.729817e+12
  110 -9.938989e+12
  111 8.786377e+12
  112 1.785313e+13
  113 -1.618383e+13
  114 -3.273243e+13
  115 2.852108e+13
  116 5.965221e+13
  117 -5.163872e+13
  118 -1.072328e+14
  119 9.578051e+13
  120 1.948548e+14
  121 -1.718208e+14
  122 -3.562909e+14
  123 3.067899e+14
  124 6.441273e+14
  125 -5.643767e+14
  126 -1.164436e+15
  127 1.027886e+15
  128 2124291097600471
  129 -1.835153e+15
  130 -3860100579120269
  131 3333783764207449
  132 6975490212633090
  133 -6107657789575998
  134 -12675485510266780
  135 10987920001568368
  136 23079495892944760
  137 -19793804131285400
  138 -41800719378192032
  139 36175514582728016
  140 75760447489031456
  141 -65603941946774816
  142 -137850760189388320
  143 117983613368532320
  144 250261558179125024
  145 -214364848665691744
  146 -453358867095820672
  147 390331769255183104
  148 823523093839820544
  149 -704073016859914752
  150 -1496729350582325760
  151 1273174181083589632
  152 2713723031072435200
  153 -2317634106847475712
  154 -4923226976740045824
  155 4197364876660773888
  156 8946492475791750144
  157 -7577795639887145984
  158 -1.623820e+19
  159 1.375848e+19
  160 2.944914e+19
  161 -2.498012e+19
  162 -5.347710e+19
  163 4.514268e+19
  164 9.711839e+19
  165 -8.175394e+19
  166 -1.761865e+20
  167 1.484846e+20
  168 3.197489e+20
  169 -2.688513e+20
  170 -5.806863e+20
  171 4.863183e+20
  172 1.053942e+21
  173 -8.823254e+20
  174 -1.912338e+21
  175 1.599885e+21
  176 3.471920e+21
  177 -2.894588e+21
  178 -6.303278e+21
  179 5.244771e+21
  180 1.143831e+22
  181 -9.514056e+21
  182 -2.076097e+22
  183 1.722837e+22
  184 3.769243e+22
  185 -3.119285e+22
  186 -6.841290e+22
  187 5.656178e+22
  188 1.241584e+23
  189 -1.025049e+23
  190 -2.253875e+23
  191 1.855809e+23
  192 4.091390e+23
  193 -3.362952e+23
  194 -7.425487e+23
  195 6.096514e+23
  196 1.347795e+24
  197 -1.104159e+24
  198 -2.446653e+24
  199 1.999968e+24
  200 4.440831e+24
  201 -3.625207e+24
  202 -8.060073e+24
  203 6.568420e+24
  204 1.463069e+25
  205 -1.189615e+25
  206 -2.655722e+25
  207 2.155671e+25
  208 4.820170e+25
  209 -3.906631e+25
  210 -8.749090e+25
  211 7.076348e+25
  212 1.588124e+26
  213 -1.281960e+26
  214 -2.882573e+26
  215 2.323201e+26
  216 5.232013e+26
  217 -4.209024e+26
  218 -9.496856e+26
  219 7.624398e+26
  220 1.723801e+27
  221 -1.381518e+27
  222 -3.128793e+27
  223 2.503259e+27
  224 5.679051e+27
  225 -4.534699e+27
  226 -1.030823e+28
  227 8.215586e+27
  228 1.871030e+28
  229 -1.488650e+28
  230 -3.396046e+28
  231 2.696970e+28
  232 6.164196e+28
  233 -4.885805e+28
  234 -1.118865e+29
  235 8.852436e+28
  236 2.030816e+29
  237 -1.603895e+29
  238 -3.686100e+29
  239 2.905613e+29
  240 6.690649e+29
  241 -5.264189e+29
  242 -1.214405e+30
  243 9.537854e+29
  244 2.204229e+30
  245 -1.727943e+30
  246 -4.000872e+30
  247 3.130422e+30
  248 7.261925e+30
  249 -5.671652e+30
  250 -1.318088e+31
  251 1.027550e+31
  252 2.392426e+31
  253 -1.861541e+31
  254 -4.342452e+31
  255 3.372572e+31
  256 7.881856e+31
  257 -6.110244e+31
  258 -1.430607e+32
  259 1.106964e+32
  260 2.596657e+32
  261 -2.005436e+32
  262 -4.713117e+32
  263 3.633288e+32
  264 8.554595e+32
  265 -6.582348e+32
  266 -1.552713e+33
  267 1.192479e+33
  268 2.818279e+33
  269 -2.160386e+33
  270 -5.115346e+33
  271 3.913936e+33
  272 9.284640e+33
  273 -7.090614e+33
  274 -1.685218e+34
  275 1.284563e+34
  276 3.058770e+34
  277 -2.327200e+34
  278 -5.551827e+34
  279 4.216045e+34
  280 1.007686e+35
  281 -7.637856e+34
  282 -1.829005e+35
  283 1.383704e+35
  284 3.319735e+35
  285 -2.506767e+35
  286 -6.025474e+35
  287 4.541278e+35
  288 1.093653e+36
  289 -8.227033e+35
  290 -1.985031e+36
  291 1.490427e+36
  292 3.602916e+36
  293 -2.700062e+36
  294 -6.539444e+36
  295 4.891409e+36
  296 1.186937e+37
  297 -8.861282e+36
  298 -2.154337e+37
  299 1.605305e+37
  300 3.910201e+37
  301 -2.908135e+37
  302 -7.097161e+37
  303 5.268318e+37
  304 1.288160e+38
  305 -9.543985e+37
  306 -2.338052e+38
  307 1.728957e+38
  308 4.243638e+38
  309 -3.132112e+38
  310 -7.702336e+38
  311 5.674019e+38
  312 1.397996e+39
  313 -1.027880e+39
  314 -2.537400e+39
  315 1.862052e+39
  316 4.605447e+39
  317 -3.373191e+39
  318 -8.359000e+39
  319 6.110678e+39
  320 1.517177e+40
  321 -1.106969e+40
  322 -2.753708e+40
  323 2.005304e+40
  324 4.998035e+40
  325 -3.632661e+40
  326 -9.071524e+40
  327 6.580633e+40
  328 1.646496e+41
  329 -1.192089e+41
  330 -2.988416e+41
  331 2.159479e+41
  332 5.424016e+41
  333 -3.911906e+41
  334 -9.844652e+41
  335 7.086403e+41
  336 1.786815e+42
  337 -1.283696e+42
  338 -3.243085e+42
  339 2.325400e+42
  340 5.886223e+42
  341 -4.212418e+42
  342 -1.068353e+43
  343 7.630691e+42
  344 1.939065e+43
  345 -1.382278e+43
  346 -3.519410e+43
  347 2.503949e+43
  348 6.387733e+43
  349 -4.535801e+43
  350 -1.159373e+44
  351 8.216397e+43
  352 2.104261e+44
  353 -1.488359e+44
  354 -3.819227e+44
  355 2.696078e+44
  356 6.931880e+44
  357 -4.883778e+44
  358 -1.258132e+45
  359 8.846637e+44
  360 2.283500e+45
  361 -1.602504e+45
  362 -4.144531e+45
  363 2.902810e+45
  364 7.522281e+45
  365 -5.258197e+45
  366 -1.365285e+46
  367 9.524756e+45
  368 2.477973e+46
  369 -1.725319e+46
  370 -4.497484e+46
  371 3.125242e+46
  372 8.162860e+46
  373 -5.661044e+46
  374 -1.481544e+47
  375 1.025435e+47
  376 2.688974e+47
  377 -1.857455e+47
  378 -4.880431e+47
  379 3.364551e+47
  380 8.857872e+47
  381 -6.094452e+47
  382 -1.607683e+48
  383 1.103928e+48
  384 2.917903e+48
  385 -1.999611e+48
  386 -5.295915e+48
  387 3.622004e+48
  388 9.611934e+48
  389 -6.560712e+48
  390 -1.744537e+49
  391 1.188370e+49
  392 3.166280e+49
  393 -2.152538e+49
  394 -5.746695e+49
  395 3.898959e+49
  396 1.043005e+50
  397 -7.062283e+49
  398 -1.893017e+50
  399 1.279205e+50
  400 3.435755e+50
  401 -2.317042e+50
  402 -6.235763e+50
  403 4.196876e+50
  404 1.131766e+51
  405 -7.601809e+50
  406 -2.054108e+51
  407 1.376913e+51
  408 3.728116e+51
  409 -2.493988e+51
  410 -6.766365e+51
  411 4.517321e+51
  412 1.228064e+52
  413 -8.182124e+51
  414 -2.228878e+52
  415 1.482005e+52
  416 4.045303e+52
  417 -2.684306e+52
  418 -7.342021e+52
  419 4.861977e+52
  420 1.332539e+53
  421 -8.806275e+52
  422 -2.418486e+53
  423 1.595035e+53
  424 4.389419e+53
  425 -2.888994e+53
  426 -7.966548e+53
  427 5.232649e+53
  428 1.445882e+54
  429 -9.477530e+53
  430 -2.624191e+54
  431 1.716593e+54
  432 4.762747e+54
  433 -3.109122e+54
  434 -8.644089e+54
  435 5.631277e+54
  436 1.568847e+55
  437 -1.019940e+55
  438 -2.847355e+55
  439 1.847313e+55
  440 5.167760e+55
  441 -3.345840e+55
  442 -9.379132e+55
  443 6.059940e+55
  444 1.702247e+56
  445 -1.097564e+56
  446 -3.089458e+56
  447 1.987879e+56
  448 5.607142e+56
  449 -3.600382e+56
  450 -1.017655e+57
  451 6.520871e+56
  452 1.846967e+57
  453 -1.181031e+57
  454 -3.352103e+57
  455 2.139021e+57
  456 6.083805e+57
  457 -3.874071e+57
  458 -1.104162e+58
  459 7.016467e+57
  460 2.003965e+58
  461 -1.270773e+58
  462 -3.637031e+58
  463 2.301525e+58
  464 6.600906e+58
  465 -4.168328e+58
  466 -1.198008e+59
  467 7.549297e+58
  468 2.174280e+59
  469 -1.367255e+59
  470 -3.946127e+59
  471 2.476231e+59
  472 7.161866e+59
  473 -4.484676e+59
  474 -1.299813e+60
  475 8.122120e+59
  476 2.359041e+60
  477 -1.470978e+60
  478 -4.281438e+60
  479 2.664044e+60
  480 7.770401e+60
  481 -4.824751e+60
  482 -1.410252e+61
  483 8.737895e+60
  484 2.559470e+61
  485 -1.582476e+61
  486 -4.645182e+61
  487 2.865932e+61
  488 8.430536e+61
  489 -5.190306e+61
  490 -1.530056e+62
  491 9.399795e+61
  492 2.776892e+62
  493 -1.702324e+62
  494 -5.039766e+62
  495 3.082935e+62
  496 9.146637e+62
  497 -5.583222e+62
  498 -1.660016e+63
  499 1.011122e+63
  500 3.012746e+63
  501 -1.831137e+63
  502 -5.467799e+63
  503 3.316168e+63
  504 9.923441e+63
  505 -6.005516e+63
  506 -1.800991e+64
  507 1.087583e+64
  508 3.268592e+64
  509 -1.969577e+64
  510 -5.932112e+64
  511 3.566825e+64
  512 1.076608e+65
  513 -6.459351e+64
  514 -1.953915e+65
  515 1.169753e+65
  516 3.546120e+65
  517 -2.118351e+65
  518 -6.435773e+65
  519 3.836188e+65
  520 1.168013e+66
  521 -6.947046e+65
  522 -2.119797e+66
  523 1.258052e+66
  524 3.847164e+66
  525 -2.278219e+66
  526 -6.982109e+66
  527 4.125632e+66
  528 1.267162e+67
  529 -7.471087e+66
  530 -2.299734e+67
  531 1.352930e+67
  532 4.173713e+67
  533 -2.449995e+67
  534 -7.574731e+67
  535 4.436629e+67
  536 1.374711e+68
  537 -8.034139e+67
  538 -2.494914e+68
  539 1.454869e+68
  540 4.527924e+68
  541 -2.634550e+68
  542 -8.217551e+68
  543 4.770758e+68
  544 1.491370e+69
  545 -8.639059e+68
  546 -2.706625e+69
  547 1.564385e+69
  548 4.912135e+69
  549 -2.832821e+69
  550 -8.914814e+69
  551 5.129709e+69
  552 1.617908e+70
  553 -9.288906e+69
  554 -2.936265e+70
  555 1.682033e+70
  556 5.328883e+70
  557 -3.045809e+70
  558 -9.671120e+70
  559 5.515297e+70
  560 1.755162e+71
  561 -9.986961e+70
  562 -3.185349e+71
  563 1.808406e+71
  564 5.780916e+71
  565 -3.274587e+71
  566 -1.049146e+72
  567 5.929463e+71
  568 1.904035e+72
  569 -1.073674e+72
  570 -3.455521e+72
  571 1.944139e+72
  572 6.271218e+72
  573 -3.520306e+72
  574 -1.138125e+73
  575 6.374288e+72
  576 2.065511e+73
  577 -1.154200e+73
  578 -3.748563e+73
  579 2.089914e+73
  580 6.803021e+73
  581 -3.784198e+73
  582 -1.234635e+74
  583 6.852000e+73
  584 2.240654e+74
  585 -1.240678e+74
  586 -4.066406e+74
  587 2.246459e+74
  588 7.379831e+74
  589 -4.067581e+74
  590 -1.339312e+75
  591 7.364986e+74
  592 2.430618e+75
  593 -1.333539e+75
  594 -4.411146e+75
  595 2.414557e+75
  596 8.005450e+75
  597 -4.371869e+75
  598 -1.452847e+76
  599 7.915802e+75
  600 2.636656e+76
  601 -1.433246e+76
  602 -4.785054e+76
  603 2.595042e+76
  604 8.684001e+76
  605 -4.698574e+76
  606 -1.575987e+77
  607 8.507183e+76
  608 2.860125e+77
  609 -1.540293e+77
  610 -5.190593e+77
  611 2.788811e+77
  612 9.419953e+77
  613 -5.049316e+77
  614 -1.709543e+78
  615 9.142059e+77
  616 3.102496e+78
  617 -1.655211e+78
  618 -5.630435e+78
  619 2.996821e+78
  620 1.021815e+79
  621 -5.425828e+78
  622 -1.854396e+79
  623 9.823565e+78
  624 3.365365e+79
  625 -1.778567e+79
  626 -6.107474e+79
  627 3.220098e+79
  628 1.108385e+80
  629 -5.829964e+79
  630 -2.011498e+80
  631 1.055506e+80
  632 3.650463e+80
  633 -1.910966e+80
  634 -6.624851e+80
  635 3.459739e+80
  636 1.202275e+81
  637 -6.263709e+80
  638 -2.181883e+81
  639 1.134012e+81
  640 3.959666e+81
  641 -2.053059e+81
  642 -7.185971e+81
  643 3.716920e+81
  644 1.304103e+82
  645 -6.729188e+81
  646 -2.366672e+82
  647 1.218260e+82
  648 4.295009e+82
  649 -2.205540e+82
  650 -7.794524e+82
  651 3.992895e+82
  652 1.414539e+83
  653 -7.228671e+82
  654 -2.567082e+83
  655 1.308660e+83
  656 4.658695e+83
  657 -2.369152e+83
  658 -8.454512e+83
  659 4.289007e+83
  660 1.534308e+84
  661 -7.764587e+83
  662 -2.784429e+84
  663 1.405652e+84
  664 5.053117e+84
  665 -2.544689e+84
  666 -9.170275e+84
  667 4.606694e+84
  668 1.664198e+85
  669 -8.339534e+84
  670 -3.020142e+85
  671 1.509704e+85
  672 5.480868e+85
  673 -2.733000e+85
  674 -9.946517e+85
  675 4.947491e+85
  676 1.805063e+86
  677 -8.956289e+85
  678 -3.275770e+86
  679 1.621320e+86
  680 5.944758e+86
  681 -2.934993e+86
  682 -1.078834e+87
  683 5.313039e+86
  684 1.957828e+87
  685 -9.617819e+86
  686 -3.552993e+87
  687 1.741036e+87
  688 6.447834e+87
  689 -3.151639e+87
  690 -1.170127e+88
  691 5.705094e+87
  692 2.123498e+88
  693 -1.032730e+88
  694 -3.853632e+88
  695 1.869425e+88
  696 6.993401e+88
  697 -3.383974e+88
  698 -1.269131e+89
  699 6.125528e+88
  700 2.303159e+89
  701 -1.108811e+89
  702 -4.179661e+89
  703 2.007100e+89
  704 7.585041e+89
  705 -3.633106e+89
  706 -1.376495e+90
  707 6.576346e+89
  708 2.497990e+90
  709 -1.190388e+90
  710 -4.533219e+90
  711 2.154716e+90
  712 8.226637e+90
  713 -3.900219e+90
  714 -1.492924e+91
  715 7.059685e+90
  716 2.709272e+91
  717 -1.277848e+91
  718 -4.916628e+91
  719 2.312972e+91
  720 8.922400e+91
  721 -4.186575e+91
  722 -1.619182e+92
  723 7.577831e+91
  724 2.938390e+92
  725 -1.371602e+92
  726 -5.332402e+92
  727 2.482613e+92
  728 9.676893e+92
  729 -4.493524e+92
  730 -1.756098e+93
  731 8.133220e+92
  732 3.186847e+93
  733 -1.472093e+93
  734 -5.783268e+93
  735 2.664437e+93
  736 1.049507e+94
  737 -4.822506e+93
  738 -1.904569e+94
  739 8.728457e+93
  740 3.456272e+94
  741 -1.579790e+94
  742 -6.272184e+94
  743 2.859293e+94
  744 1.138228e+95
  745 -5.175058e+94
  746 -2.065569e+95
  747 9.366319e+94
  748 3.748431e+95
  749 -1.695196e+95
  750 -6.802353e+95
  751 3.068090e+95
  752 1.234436e+96
  753 -5.552818e+95
  754 -2.240152e+96
  755 1.004977e+96
  756 4.065240e+96
  757 -1.818845e+96
  758 -7.377251e+96
  759 3.291794e+96
  760 1.338760e+97
  761 -5.957537e+96
  762 -2.429464e+97
  763 1.078197e+97
  764 4.408774e+97
  765 -1.951310e+97
  766 -8.000644e+97
  767 3.531438e+97
  768 1.451884e+98
  769 -6.391078e+97
  770 -2.634743e+98
  771 1.156628e+98
  772 4.781283e+98
  773 -2.093198e+98
  774 -8.676615e+98
  775 3.788123e+98
  776 1.574548e+99
  777 -6.855431e+98
  778 -2.857335e+99
  779 1.240631e+99
  780 5.185207e+99
  781 -2.245160e+99
  782 -9.409591e+99
  783 4.063020e+99
  784 1.707556e+100
  785 -7.352714e+99
  786 -3.098697e+100
  787 1.330587e+100
  788 5.623190e+100
  789 -2.407886e+100
  790 -1.020437e+101
  791 4.357380e+100
  792 1.851779e+101
  793 -7.885185e+100
  794 -3.360408e+101
  795 1.426906e+101
  796 6.098099e+101
  797 -2.582114e+101
  798 -1.106615e+102
  799 4.672534e+101
  800 2.008161e+102
