    1     0
    2     0
    3     0
    4     0
    5     0
    6     0
    7     0
    8     0
    9     0
   10     0
   11     0
   12     0
   13     0
   14     0
   15 4.695870e-01
   16 5.729291e-01
   17 6.635471e-01
   18 1.011744e+00
   19 1.177900e+00
   20 1.206462e+00
   21 8.987501e-01
   22 7.558794e-01
   23 6.489950e-01
   24 4.423497e-01
   25 2.479222e-01
   26 1.790713e-01
   27 3.327038e-01
   28 4.559266e-01
   29 5.510490e-01
   30 7.175566e-01
   31 9.201317e-01
   32 1.051670e+00
   33 1.043580e+00
   34 1.017749e+00
   35 1.009240e+00
   36 9.472356e-01
   37 8.365796e-01
   38 7.533735e-01
   39 7.520655e-01
   40 7.763931e-01
   41 7.893922e-01
   42 8.363190e-01
   43 9.267374e-01
   44 1.012043e+00
   45 1.049667e+00
   46 1.062960e+00
   47 1.080474e+00
   48 1.075698e+00
   49 1.033790e+00
   50 9.831519e-01
   51 9.556381e-01
   52 9.440979e-01
   53 9.293822e-01
   54 9.262156e-01
   55 9.498258e-01
   56 9.857322e-01
   57 1.011585e+00
   58 1.027474e+00
   59 1.045457e+00
   60 1.057964e+00
   61 1.052027e+00
   62 1.033590e+00
   63 1.017517e+00
   64 1.006385e+00
   65 9.930024e-01
   66 9.809674e-01
   67 9.803128e-01
   68 9.899359e-01
   69 1.000619e+00
   70 1.009335e+00
   71 1.020290e+00
   72 1.032085e+00
   73 1.037544e+00
   74 1.035456e+00
   75 1.031123e+00
   76 1.027155e+00
   77 1.021118e+00
   78 1.013260e+00
   79 1.008401e+00
   80 1.008568e+00
   81 1.011001e+00
   82 1.013761e+00
   83 1.018265e+00
   84 1.024819e+00
   85 1.030389e+00
   86 1.032925e+00
   87 1.033653e+00
   88 1.033876e+00
   89 1.032749e+00
   90 1.029738e+00
   91 1.026616e+00
   92 1.025092e+00
   93 1.024782e+00
   94 1.024872e+00
   95 1.025877e+00
   96 1.028376e+00
   97 1.031428e+00
   98 1.033762e+00
   99 1.035353e+00
  100 1.036675e+00
  101 1.037412e+00
  102 1.037032e+00
  103 1.035959e+00
  104 1.035059e+00
  105 1.034511e+00
  106 1.034057e+00
  107 1.033888e+00
  108 1.034448e+00
  109 1.035610e+00
  110 1.036830e+00
  111 1.037906e+00
  112 1.038973e+00
  113 1.039920e+00
  114 1.040406e+00
  115 1.040406e+00
  116 1.040233e+00
  117 1.040058e+00
  118 1.039812e+00
  119 1.039555e+00
  120 1.039532e+00
  121 1.039833e+00
  122 1.040298e+00
  123 9.886273e-01
  124 9.777278e-01
  125 9.682965e-01
  126 9.599106e-01
  127 9.522568e-01
  128 9.452324e-01
  129 9.817530e-01
  130 9.992044e-01
  131 1.011992e+00
  132 1.027774e+00
  133 1.044101e+00
  134 1.060802e+00
  135 1.049889e+00
  136 1.042781e+00
  137 1.040884e+00
  138 1.034601e+00
  139 1.025950e+00
  140 1.015768e+00
  141 1.020852e+00
  142 1.027845e+00
  143 1.030264e+00
  144 1.035623e+00
  145 1.043634e+00
  146 1.053048e+00
  147 1.054098e+00
  148 1.051399e+00
  149 1.051364e+00
  150 1.049461e+00
  151 1.044697e+00
  152 1.038287e+00
  153 1.035976e+00
  154 1.036932e+00
  155 1.036475e+00
  156 1.036862e+00
  157 1.039650e+00
  158 1.044030e+00
  159 1.046579e+00
  160 1.046781e+00
  161 1.047595e+00
  162 1.048153e+00
  163 1.046925e+00
  164 1.044264e+00
  165 1.042239e+00
  166 1.041693e+00
  167 1.040935e+00
  168 1.040136e+00
  169 1.040539e+00
  170 1.042142e+00
  171 1.043707e+00
  172 1.044454e+00
  173 1.045276e+00
  174 1.046284e+00
  175 1.046586e+00
  176 1.045978e+00
  177 1.045172e+00
  178 1.044773e+00
  179 1.044344e+00
  180 1.043693e+00
  181 1.043405e+00
  182 1.043759e+00
  183 1.044376e+00
  184 1.044825e+00
  185 1.045300e+00
  186 1.045988e+00
  187 1.046532e+00
  188 1.046657e+00
  189 1.046538e+00
  190 1.046463e+00
  191 1.046354e+00
  192 1.046060e+00
  193 1.045780e+00
  194 1.045744e+00
  195 1.045894e+00
  196 1.046048e+00
  197 1.046230e+00
  198 1.046553e+00
  199 1.046919e+00
  200 1.047153e+00
  201 1.047255e+00
  202 1.047334e+00
  203 1.047386e+00
  204 1.047332e+00
  205 1.047209e+00
  206 9.833321e-01
  207 9.608473e-01
  208 9.694806e-01
  209 9.647368e-01
  210 9.614896e-01
  211 9.595460e-01
  212 9.749629e-01
  213 9.864968e-01
  214 9.675124e-01
  215 9.548250e-01
  216 9.413106e-01
  217 9.234240e-01
  218 8.979572e-01
  219 8.688708e-01
  220 8.598452e-01
  221 8.512632e-01
  222 8.427235e-01
  223 8.397551e-01
  224 8.431558e-01
  225 8.524795e-01
  226 8.523165e-01
  227 8.506224e-01
  228 8.509016e-01
  229 8.482380e-01
  230 8.415492e-01
  231 8.306341e-01
  232 8.244288e-01
  233 8.207565e-01
  234 8.158391e-01
  235 8.128853e-01
  236 8.133726e-01
  237 8.175314e-01
  238 8.203556e-01
  239 8.216011e-01
  240 8.240835e-01
  241 8.260362e-01
  242 8.258181e-01
  243 9.795998e-01
  244 1.011442e+00
  245 1.040068e+00
  246 1.064416e+00
  247 1.085857e+00
  248 1.106332e+00
  249 9.977622e-01
  250 9.465267e-01
  251 9.085325e-01
  252 8.621788e-01
  253 8.149079e-01
  254 7.660811e-01
  255 7.990574e-01
  256 8.203124e-01
  257 8.263309e-01
  258 8.451427e-01
  259 8.704046e-01
  260 9.003316e-01
  261 8.850559e-01
  262 8.643011e-01
  263 8.570288e-01
  264 8.410859e-01
  265 8.176623e-01
  266 7.900888e-01
  267 7.872635e-01
  268 7.954699e-01
  269 7.958023e-01
  270 8.016644e-01
  271 8.157633e-01
  272 8.346601e-01
  273 8.414188e-01
  274 8.385110e-01
  275 8.397663e-01
  276 8.384961e-01
  277 8.302445e-01
  278 8.173542e-01
  279 8.098878e-01
  280 8.093797e-01
  281 8.070783e-01
  282 8.055587e-01
  283 8.092658e-01
  284 8.171499e-01
  285 8.231381e-01
  286 8.247345e-01
  287 8.269369e-01
  288 8.292320e-01
  289 8.279935e-01
  290 8.232448e-01
  291 8.186201e-01
  292 8.164238e-01
  293 8.140285e-01
  294 8.111028e-01
  295 8.102635e-01
  296 8.120903e-01
  297 8.144930e-01
  298 8.156864e-01
  299 8.169494e-01
  300 8.188533e-01
  301 8.196782e-01
  302 8.186147e-01
  303 8.167812e-01
  304 8.154453e-01
  305 8.140420e-01
  306 8.120237e-01
  307 8.104369e-01
  308 8.100860e-01
  309 8.104511e-01
  310 8.106896e-01
  311 8.110198e-01
  312 8.118871e-01
  313 8.127072e-01
  314 8.128036e-01
  315 8.123534e-01
  316 8.118876e-01
  317 8.113441e-01
  318 8.103878e-01
  319 8.093102e-01
  320 8.086231e-01
  321 8.083261e-01
  322 8.081025e-01
  323 8.079523e-01
  324 8.081170e-01
  325 8.084780e-01
  326 8.086790e-01
  327 8.086449e-01
  328 8.085528e-01
  329 8.084224e-01
  330 8.080837e-01
  331 8.075609e-01
  332 8.070833e-01
  333 8.067444e-01
  334 8.064518e-01
  335 8.061827e-01
  336 8.060535e-01
  337 8.060852e-01
  338 8.061409e-01
  339 8.061358e-01
  340 8.061134e-01
  341 8.060932e-01
  342 8.059976e-01
  343 8.057884e-01
  344 8.055395e-01
  345 8.053164e-01
  346 8.051016e-01
  347 8.048789e-01
  348 8.046983e-01
  349 8.045996e-01
  350 8.045479e-01
  351 8.044975e-01
  352 8.044532e-01
  353 8.044276e-01
  354 8.043901e-01
  355 8.043060e-01
  356 8.041876e-01
  357 8.040639e-01
  358 8.039350e-01
  359 8.037910e-01
  360 8.036492e-01
  361 8.035365e-01
  362 8.034522e-01
  363 7.512028e-01
  364 7.396569e-01
  365 7.295420e-01
  366 7.205929e-01
  367 7.125801e-01
  368 7.053275e-01
  369 7.416813e-01
  370 7.590493e-01
  371 7.718293e-01
  372 7.875782e-01
  373 8.037654e-01
  374 8.202455e-01
  375 8.090700e-01
  376 8.016428e-01
  377 7.993629e-01
  378 7.926945e-01
  379 7.837192e-01
  380 7.732743e-01
  381 7.781344e-01
  382 7.849566e-01
  383 7.872678e-01
  384 7.925513e-01
  385 8.004713e-01
  386 8.097700e-01
  387 8.106872e-01
  388 8.078305e-01
  389 8.075975e-01
  390 8.054717e-01
  391 8.004894e-01
  392 7.938771e-01
  393 7.913784e-01
  394 7.921671e-01
  395 7.915768e-01
  396 7.918606e-01
  397 7.945559e-01
  398 7.988452e-01
  399 8.013047e-01
  400 8.014123e-01
  401 8.021167e-01
  402 8.025491e-01
  403 8.011875e-01
  404 7.983934e-01
  405 7.962364e-01
  406 8.721326e-01
  407 8.982533e-01
  408 8.870306e-01
  409 8.930894e-01
  410 8.986441e-01
  411 9.026786e-01
  412 8.850494e-01
  413 8.720954e-01
  414 8.959262e-01
  415 9.114800e-01
  416 9.270576e-01
  417 9.476162e-01
  418 9.776661e-01
  419 1.012058e+00
  420 1.022167e+00
  421 1.032112e+00
  422 1.042684e+00
  423 1.046884e+00
  424 1.043295e+00
  425 1.032617e+00
  426 1.033532e+00
  427 1.036144e+00
  428 1.035950e+00
  429 1.039011e+00
  430 1.046923e+00
  431 1.059874e+00
  432 1.066986e+00
  433 1.071068e+00
  434 1.076895e+00
  435 1.080574e+00
  436 1.080145e+00
  437 1.075342e+00
  438 1.072286e+00
  439 1.071175e+00
  440 1.068447e+00
  441 1.066212e+00
  442 1.066545e+00
  443 1.069883e+00
  444 1.072940e+00
  445 1.074692e+00
  446 1.077463e+00
  447 1.080398e+00
  448 1.081726e+00
  449 1.080922e+00
  450 1.079722e+00
  451 1.079179e+00
  452 1.077943e+00
  453 1.076202e+00
  454 1.075294e+00
  455 1.075797e+00
  456 1.076843e+00
  457 1.077621e+00
  458 1.078868e+00
  459 1.080707e+00
  460 1.082234e+00
  461 1.082901e+00
  462 1.083101e+00
  463 1.083387e+00
  464 1.083374e+00
  465 1.082835e+00
  466 1.082319e+00
  467 1.082290e+00
  468 1.082601e+00
  469 1.082903e+00
  470 1.083387e+00
  471 1.084283e+00
  472 1.085290e+00
  473 1.086050e+00
  474 1.086583e+00
  475 1.087098e+00
  476 1.087502e+00
  477 1.087599e+00
  478 1.087527e+00
  479 1.087541e+00
  480 1.087674e+00
  481 1.087804e+00
  482 1.087975e+00
  483 1.088337e+00
  484 1.088846e+00
  485 1.089335e+00
  486 1.089755e+00
  487 1.090173e+00
  488 1.090573e+00
  489 1.090846e+00
  490 1.090987e+00
  491 1.091098e+00
  492 1.091226e+00
  493 1.091334e+00
  494 1.091426e+00
  495 1.091578e+00
  496 1.091814e+00
  497 1.092077e+00
  498 1.092333e+00
  499 1.092601e+00
  500 1.092883e+00
  501 1.093131e+00
  502 1.093316e+00
  503 1.093464e+00
  504 1.093602e+00
  505 1.093720e+00
  506 1.093811e+00
  507 1.093907e+00
  508 1.094032e+00
  509 1.094178e+00
  510 1.094328e+00
  511 1.094488e+00
  512 1.094664e+00
  513 1.094840e+00
  514 1.094995e+00
  515 1.095131e+00
  516 1.095257e+00
  517 1.095370e+00
  518 1.095464e+00
  519 1.095548e+00
  520 1.095635e+00
  521 1.095730e+00
  522 1.095826e+00
  523 1.095925e+00
  524 1.096034e+00
  525 1.096149e+00
  526 1.096261e+00
  527 1.096365e+00
  528 1.096465e+00
  529 1.096559e+00
  530 1.096643e+00
  531 1.096717e+00
  532 1.096788e+00
  533 1.096859e+00
  534 1.096928e+00
  535 1.096997e+00
  536 1.097068e+00
  537 1.097144e+00
  538 1.097220e+00
  539 1.097294e+00
  540 1.097367e+00
  541 1.097438e+00
  542 1.097505e+00
  543 1.097566e+00
  544 1.097624e+00
  545 1.097679e+00
  546 1.097733e+00
  547 1.097784e+00
  548 1.097835e+00
  549 1.097887e+00
  550 1.097939e+00
  551 1.097991e+00
  552 1.098043e+00
  553 1.098094e+00
  554 1.098144e+00
  555 1.098191e+00
  556 1.098236e+00
  557 1.098279e+00
  558 1.098321e+00
  559 1.098360e+00
  560 1.098398e+00
  561 1.098436e+00
  562 1.098474e+00
  563 1.098511e+00
  564 1.098547e+00
  565 1.098584e+00
  566 1.098620e+00
  567 1.098655e+00
  568 1.098689e+00
  569 1.098722e+00
  570 1.098753e+00
  571 1.098783e+00
  572 1.098812e+00
  573 1.098841e+00
  574 1.098868e+00
  575 1.098896e+00
  576 1.098922e+00
  577 1.098949e+00
  578 1.098975e+00
  579 1.099000e+00
  580 1.099025e+00
  581 1.099049e+00
  582 1.099073e+00
  583 1.099096e+00
  584 1.099118e+00
  585 1.099139e+00
  586 1.099160e+00
  587 1.099180e+00
  588 1.099200e+00
  589 1.099219e+00
  590 1.099238e+00
  591 1.099257e+00
  592 1.099275e+00
  593 1.099293e+00
  594 1.099311e+00
  595 1.099328e+00
  596 1.099344e+00
  597 1.099360e+00
  598 1.099376e+00
  599 1.099391e+00
  600 1.099405e+00
  601 1.099420e+00
  602 1.099434e+00
  603 1.099447e+00
  604 1.099461e+00
  605 1.099474e+00
  606 1.048441e+00
  607 1.030457e+00
  608 1.037353e+00
  609 1.033536e+00
  610 1.030859e+00
  611 1.029175e+00
  612 1.041390e+00
  613 1.050537e+00
  614 1.035280e+00
  615 1.025067e+00
  616 1.014230e+00
  617 9.999390e-01
  618 9.795905e-01
  619 9.563298e-01
  620 9.491132e-01
  621 9.422521e-01
  622 9.354042e-01
  623 9.329822e-01
  624 9.356444e-01
  625 9.430516e-01
  626 9.428713e-01
  627 9.414636e-01
  628 9.416457e-01
  629 9.394956e-01
  630 9.341379e-01
  631 9.253995e-01
  632 9.204306e-01
  633 9.174931e-01
  634 9.135562e-01
  635 9.111775e-01
  636 9.115422e-01
  637 9.148425e-01
  638 9.170734e-01
  639 9.180370e-01
  640 9.199906e-01
  641 9.215281e-01
  642 9.213365e-01
  643 9.191245e-01
  644 9.170287e-01
  645 9.157576e-01
  646 9.138437e-01
  647 9.118743e-01
  648 9.109895e-01
  649 9.115366e-01
  650 9.123951e-01
  651 9.128581e-01
  652 9.137738e-01
  653 9.149959e-01
  654 9.156524e-01
  655 9.153630e-01
  656 9.146803e-01
  657 9.141400e-01
  658 9.132809e-01
  659 9.120413e-01
  660 9.110138e-01
  661 9.105600e-01
  662 9.104342e-01
  663 9.102778e-01
  664 9.103303e-01
  665 9.107283e-01
  666 9.111092e-01
  667 9.111680e-01
  668 9.109904e-01
  669 9.108006e-01
  670 9.104790e-01
  671 9.098829e-01
  672 9.092112e-01
  673 9.087000e-01
  674 9.083431e-01
  675 9.080090e-01
  676 9.077570e-01
  677 9.077111e-01
  678 9.077791e-01
  679 9.077939e-01
  680 9.077295e-01
  681 9.076601e-01
  682 9.075575e-01
  683 9.073249e-01
  684 9.069924e-01
  685 9.066695e-01
  686 9.063906e-01
  687 9.061154e-01
  688 9.058562e-01
  689 9.056836e-01
  690 9.055997e-01
  691 9.055383e-01
  692 9.054679e-01
  693 9.054096e-01
  694 9.053593e-01
  695 9.052679e-01
  696 9.051194e-01
  697 9.049499e-01
  698 9.047836e-01
  699 9.046092e-01
  700 9.044260e-01
  701 9.042662e-01
  702 9.041489e-01
  703 9.040569e-01
  704 9.039731e-01
  705 9.039036e-01
  706 9.038510e-01
  707 9.037954e-01
  708 9.037191e-01
  709 9.036284e-01
  710 9.035337e-01
  711 9.034318e-01
  712 9.033185e-01
  713 9.032055e-01
  714 9.031063e-01
  715 9.030203e-01
  716 9.029413e-01
  717 9.028714e-01
  718 9.028144e-01
  719 9.027643e-01
  720 9.027114e-01
  721 9.026537e-01
  722 9.025945e-01
  723 9.025324e-01
  724 9.024636e-01
  725 9.023906e-01
  726 9.023200e-01
  727 9.022539e-01
  728 9.021909e-01
  729 9.021318e-01
  730 9.020796e-01
  731 9.020338e-01
  732 9.019904e-01
  733 9.019472e-01
  734 9.019047e-01
  735 9.018625e-01
  736 9.018180e-01
  737 9.017708e-01
  738 9.017231e-01
  739 9.016764e-01
  740 9.016306e-01
  741 9.015859e-01
  742 9.015440e-01
  743 9.015057e-01
  744 9.014700e-01
  745 9.014358e-01
  746 9.014030e-01
  747 9.013715e-01
  748 9.013400e-01
  749 9.013079e-01
  750 9.012752e-01
  751 9.012428e-01
  752 9.012105e-01
  753 9.011784e-01
  754 9.011473e-01
  755 9.011177e-01
  756 9.010897e-01
  757 9.010630e-01
  758 9.010374e-01
  759 9.010131e-01
  760 9.009895e-01
  761 9.009662e-01
  762 9.009430e-01
  763 9.009200e-01
  764 9.008972e-01
  765 9.008744e-01
  766 9.008519e-01
  767 9.008301e-01
  768 9.008091e-01
  769 9.007887e-01
  770 9.007692e-01
  771 9.007505e-01
  772 9.007325e-01
  773 9.007151e-01
  774 9.006980e-01
  775 9.006812e-01
  776 9.006647e-01
  777 9.006484e-01
  778 9.006322e-01
  779 9.006163e-01
  780 9.006009e-01
  781 9.005858e-01
  782 9.005712e-01
  783 9.005570e-01
  784 9.005434e-01
  785 9.005303e-01
  786 9.005175e-01
  787 9.005050e-01
  788 9.004928e-01
  789 9.004809e-01
  790 9.004691e-01
  791 9.004576e-01
  792 9.004463e-01
  793 9.004352e-01
  794 9.004244e-01
  795 9.004139e-01
  796 9.004037e-01
  797 9.003938e-01
  798 9.003842e-01
  799 9.003749e-01
  800 9.003658e-01
