    1     0
    2     0
    3     0
    4     0
    5     0
    6     0
    7     0
    8     0
    9     0
   10     0
   11     0
   12     0
   13     0
   14     0
   15 1.887695e+00
   16 1.824922e+00
   17 1.780334e+00
   18 4.056314e+00
   19 4.083893e+00
   20 -3.546542e-01
   21 -8.635153e+00
   22 -8.559184e+00
   23 -5.311300e-01
   24 -6.198386e+00
   25 -6.898196e+00
   26 2.236764e+01
   27 5.036303e+01
   28 3.252851e+01
   29 -3.676300e+01
   30 -2.124278e+01
   31 1.685669e+01
   32 -1.165762e+02
   33 -2.066599e+02
   34 -7.356414e+00
   35 3.767091e+02
   36 2.611448e+02
   37 -1.961933e+02
   38 3.292782e+02
   39 7.715156e+02
   40 -5.855454e+02
   41 -2.339792e+03
   42 -1.082907e+03
   43 2.362636e+03
   44 1.572893e+02
   45 -3.359367e+03
   46 3.949006e+03
   47 1.184669e+04
   48 1.207678e+03
   49 -1.920628e+04
   50 -6.653056e+03
   51 2.145964e+04
   52 -1.399945e+04
   53 -5.608947e+04
   54 1.565614e+04
   55 1.231358e+05
   56 3.375128e+04
   57 -1.600660e+05
   58 1.600894e+04
   59 2.862481e+05
   60 -1.309434e+05
   61 -6.909320e+05
   62 -5.555094e+04
   63 1.122269e+06
   64 1.340065e+05
   65 -1.689584e+06
   66 5.658915e+05
   67 3.701381e+06
   68 -4.370817e+05
   69 -7.107668e+06
   70 -9.055673e+05
   71 1.088180e+07
   72 -1.316546e+06
   73 -2.037342e+07
   74 4.443444e+06
   75 4.178380e+07
   76 1.676651e+06
   77 -7.013165e+07
   78 -6.680422e+05
   79 1.191645e+08
   80 -2.264121e+07
   81 -2.379683e+08
   82 1.439626e+07
   83 4.350792e+08
   84 1.685119e+07
   85 -7.288417e+08
   86 7.470642e+07
   87 1.363789e+09
   88 -1.603570e+08
   89 -2.600357e+09
   90 -1.832983e+07
   91 4.503019e+09
   92 -1.447114e+08
   93 -8.014144e+09
   94 9.250712e+08
   95 1.523897e+10
   96 -6.159300e+08
   97 -2.747875e+10
   98 1.506468e+08
   99 4.814162e+10
  100 -3.802743e+09
  101 -8.921670e+10
  102 6.356643e+09
  103 1.648433e+11
  104 -2.107558e+09
  105 -2.916220e+11
  106 1.234355e+10
  107 5.273951e+11
  108 -3.933967e+10
  109 -9.779940e+11
  110 3.211625e+10
  111 1.761188e+12
  112 -4.087662e+10
  113 -3.150203e+12
  114 1.860540e+11
  115 5.787822e+12
  116 -2.775863e+11
  117 -1.055963e+13
  118 2.268889e+11
  119 1.891676e+13
  120 -7.541813e+11
  121 -3.436547e+13
  122 1.743372e+12
  123 6.294952e+13
  124 -1.779363e+12
  125 -1.135846e+14
  126 3.082926e+12
  127 2.050006e+14
  128 -8.919770e+12
  129 -3.744719e+14
  130 1.290701e+13
  131 6.801000e+14
  132 -1.551528e+13
  133 -1226542808641231
  134 4.042731e+13
  135 2.229538e+15
  136 -7.893320e+13
  137 -4060821084934778
  138 9.564720e+13
  139 7342788985934578
  140 -1.796188e+14
  141 -13300354866157576
  142 4.156977e+14
  143 24213326945030148
  144 -6.042030e+14
  145 -43916024303878208
  146 870428063304674
  147 79465979858783264
  148 -1971705272836608
  149 -144381856396240448
  150 3.504167e+15
  151 262321422756104768
  152 -4717891315083196
  153 -475043409894708736
  154 8934201535710762
  155 861586831157769216
  156 -18178206278096408
  157 -1565666425107759872
  158 26497591977772652
  159 2839063127834645504
  160 -41126164427604032
  161 -5145270903372565504
  162 85049654511510944
  163 9.343243e+18
  164 -141354722972869952
  165 -1.695833e+19
  166 197319095864191936
  167 3.073788e+19
  168 -365632738441740928
  169 -5.577058e+19
  170 678438740036229632
  171 1.012533e+20
  172 -948603399201804160
  173 -1.836245e+20
  174 1460180436788246272
  175 3.330100e+20
  176 -2800949208616284160
  177 -6.044622e+20
  178 4168770390608304128
  179 1.096721e+21
  180 -5204857831339076608
  181 -1.988836e+21
  182 8932307149889654784
  183 3.608734e+21
  184 -1.407061e+19
  185 -6.548958e+21
  186 1.252798e+19
  187 1.187835e+22
  188 -9.882356e+18
  189 -2.154763e+22
  190 1.031984e+19
  191 3.910230e+22
  192 3.679895e+19
  193 -7.093845e+22
  194 -1.754204e+20
  195 1.286737e+23
  196 3.968455e+20
  197 -2.334697e+23
  198 -9.384692e+20
  199 4.236094e+23
  200 2.355110e+21
  201 -7.684147e+23
  202 -5.042690e+21
  203 1.394053e+24
  204 1.019688e+22
  205 -2.529424e+24
  206 -2.179833e+22
  207 4.588729e+24
  208 4.532381e+22
  209 -8.324323e+24
  210 -8.912649e+22
  211 1.510322e+25
  212 1.777036e+23
  213 -2.740125e+25
  214 -3.581957e+23
  215 4.970823e+25
  216 6.998886e+23
  217 -9.018240e+25
  218 -1.354590e+24
  219 1.636186e+26
  220 2.656353e+24
  221 -2.968286e+26
  222 -5.159169e+24
  223 5.384955e+26
  224 9.872987e+24
  225 -9.769826e+26
  226 -1.898317e+25
  227 1.772453e+27
  228 3.654691e+25
  229 -3.215489e+27
  230 -6.961623e+25
  231 5.833642e+27
  232 1.322863e+26
  233 -1.058363e+28
  234 -2.522484e+26
  235 1.920045e+28
  236 4.787848e+26
  237 -3.483328e+28
  238 -9.041394e+26
  239 6.319586e+28
  240 1.709967e+27
  241 -1.146494e+29
  242 -3.232034e+27
  243 2.079938e+29
  244 6.082268e+27
  245 -3.773458e+29
  246 -1.143581e+28
  247 6.845837e+29
  248 2.151639e+28
  249 -1.241954e+30
  250 -4.038514e+28
  251 2.253145e+30
  252 7.564248e+28
  253 -4.087679e+30
  254 -1.417243e+29
  255 7.415796e+30
  256 2.653171e+29
  257 -1.345359e+31
  258 -4.956842e+29
  259 2.440752e+31
  260 9.256005e+29
  261 -4.427989e+31
  262 -1.728176e+30
  263 8.033150e+31
  264 3.222286e+30
  265 -1.457365e+32
  266 -6.002034e+30
  267 2.643940e+32
  268 1.117838e+31
  269 -4.796575e+32
  270 -2.080464e+31
  271 8.701846e+32
  272 3.867962e+31
  273 -1.578678e+33
  274 -7.188466e+31
  275 2.864004e+33
  276 1.335514e+32
  277 -5.195800e+33
  278 -2.479179e+32
  279 9.426119e+33
  280 4.599507e+32
  281 -1.710067e+34
  282 -8.531084e+32
  283 3.102353e+34
  284 1.581501e+33
  285 -5.628207e+34
  286 -2.929984e+33
  287 1.021056e+35
  288 5.426508e+33
  289 -1.852369e+35
  290 -1.004684e+34
  291 3.360509e+35
  292 1.859135e+34
  293 -6.096538e+35
  294 -3.438906e+34
  295 1.106015e+36
  296 6.359346e+34
  297 -2.006493e+36
  298 -1.175530e+35
  299 3.640111e+36
  300 2.172092e+35
  301 -6.603765e+36
  302 -4.012388e+35
  303 1.198030e+37
  304 7.409686e+35
  305 -2.173420e+37
  306 -1.367850e+36
  307 3.942936e+37
  308 2.524351e+36
  309 -7.153115e+37
  310 -4.657510e+36
  311 1.297688e+38
  312 8.590679e+36
  313 -2.354210e+38
  314 -1.584068e+37
  315 4.270906e+38
  316 2.920243e+37
  317 -7.748082e+38
  318 -5.382166e+37
  319 1.405621e+39
  320 9.916951e+37
  321 -2.550012e+39
  322 -1.826832e+38
  323 4.626107e+39
  324 3.364546e+38
  325 -8.392450e+39
  326 -6.195154e+38
  327 1.522516e+40
  328 1.140460e+39
  329 -2.762069e+40
  330 -2.099046e+39
  331 5.010797e+40
  332 3.862562e+39
  333 -9.090315e+40
  334 -7.106208e+39
  335 1.649115e+41
  336 1.307128e+40
  337 -2.991730e+41
  338 -2.403917e+40
  339 5.427421e+41
  340 4.420166e+40
  341 -9.846107e+41
  342 -8.126044e+40
  343 1.786221e+42
  344 1.493643e+41
  345 -3.240452e+42
  346 -2.744991e+41
  347 5.878625e+42
  348 5.043842e+41
  349 -1.066463e+43
  350 -9.266445e+41
  351 1.934707e+43
  352 1.702151e+42
  353 -3.509816e+43
  354 -3.126188e+42
  355 6.367272e+43
  356 5.740728e+42
  357 -1.155107e+44
  358 -1.054040e+43
  359 2.095514e+44
  360 1.935017e+43
  361 -3.801532e+44
  362 -3.551825e+43
  363 6.896465e+44
  364 6.518686e+43
  365 -1.251106e+45
  366 -1.196221e+44
  367 2.269663e+45
  368 2.194855e+44
  369 -4.117451e+45
  370 -4.026662e+44
  371 7.469562e+45
  372 7.386374e+44
  373 -1.355069e+46
  374 -1.354767e+45
  375 2.458259e+46
  376 2.484540e+45
  377 -4.459576e+46
  378 -4.555934e+45
  379 8.090198e+46
  380 8.353331e+45
  381 -1.467657e+47
  382 -1.531417e+46
  383 2.662499e+47
  384 2.807241e+46
  385 -4.830079e+47
  386 -5.145410e+46
  387 8.762311e+47
  388 9.430068e+46
  389 -1.589582e+48
  390 -1.728085e+47
  391 2.883678e+48
  392 3.166444e+47
  393 -5.231308e+48
  394 -5.801442e+47
  395 9.490162e+48
  396 1.062816e+48
  397 -1.721618e+49
  398 -1.946879e+48
  399 3.123197e+49
  400 3.565988e+48
  401 -5.665808e+49
  402 -6.531021e+48
  403 1.027837e+50
  404 1.196034e+49
  405 -1.864601e+50
  406 -2.190120e+49
  407 3.382576e+50
  408 4.010097e+49
  409 -6.136333e+50
  410 -7.341843e+49
  411 1.113192e+51
  412 1.344062e+50
  413 -2.019439e+51
  414 -2.460358e+50
  415 3.663458e+51
  416 4.503419e+50
  417 -6.645863e+51
  418 -8.242374e+50
  419 1.205622e+52
  420 1.508443e+51
  421 -2.187111e+52
  422 -2.760401e+51
  423 3.967621e+52
  424 5.051069e+51
  425 -7.197626e+52
  426 -9.241926e+51
  427 1.305714e+53
  428 1.690871e+52
  429 -2.368681e+53
  430 -3.093339e+52
  431 4.296994e+53
  432 5.658668e+52
  433 -7.795117e+53
  434 -1.035074e+53
  435 1.414100e+54
  436 1.893211e+53
  437 -2.565297e+54
  438 -3.462564e+53
  439 4.653660e+54
  440 6.332400e+53
  441 -8.442118e+54
  442 -1.158006e+54
  443 1.531468e+55
  444 2.117513e+54
  445 -2.778204e+55
  446 -3.871811e+54
  447 5.039878e+55
  448 7.079059e+54
  449 -9.142725e+55
  450 -1.294228e+55
  451 1.658559e+56
  452 2.366030e+55
  453 -3.008750e+56
  454 -4.325179e+55
  455 5.458092e+56
  456 7.906114e+55
  457 -9.901372e+56
  458 -1.445098e+56
  459 1.796179e+57
  460 2.641236e+56
  461 -3.258393e+57
  462 -4.827178e+56
  463 5.910948e+57
  464 8.821769e+56
  465 -1.072286e+58
  466 -1.612111e+57
  467 1.945197e+58
  468 2.945853e+57
  469 -3.528713e+58
  470 -5.382757e+57
  471 6.401309e+58
  472 9.835039e+57
  473 -1.161237e+59
  474 -1.796907e+58
  475 2.106556e+59
  476 3.282867e+58
  477 -3.821418e+59
  478 -5.997354e+58
  479 6.932277e+59
  480 1.095582e+59
  481 -1.257555e+60
  482 -2.001288e+59
  483 2.281276e+60
  484 3.655558e+59
  485 -4.138360e+60
  486 -6.676942e+59
  487 7.507208e+60
  488 1.219499e+60
  489 -1.361847e+61
  490 -2.227234e+60
  491 2.470461e+61
  492 4.067529e+60
  493 -4.481541e+61
  494 -7.428077e+60
  495 8.129736e+61
  496 1.356448e+61
  497 -1.474773e+62
  498 -2.476916e+61
  499 2.675307e+62
  500 4.522734e+61
  501 -4.853130e+62
  502 -8.257956e+61
  503 8.803793e+62
  504 1.507739e+62
  505 -1.597046e+63
  506 -2.752720e+62
  507 2.897109e+63
  508 5.025512e+62
  509 -5.255473e+63
  510 -9.174478e+62
  511 9.533637e+63
  512 1.674809e+63
  513 -1.729438e+64
  514 -3.057261e+63
  515 3.137266e+64
  516 5.580626e+63
  517 -5.691113e+64
  518 -1.018631e+64
  519 1.032388e+65
  520 1.859237e+64
  521 -1.872786e+65
  522 -3.393411e+64
  523 3.397295e+65
  524 6.193302e+64
  525 -6.162798e+65
  526 -1.130296e+65
  527 1.117950e+66
  528 2.062752e+65
  529 -2.027994e+66
  530 -3.764319e+65
  531 3.678837e+66
  532 6.869270e+65
  533 -6.673507e+66
  534 -1.253487e+66
  535 1.210591e+67
  536 2.287254e+66
  537 -2.196041e+67
  538 -4.173440e+66
  539 3.983669e+67
  540 7.614819e+66
  541 -7.226462e+67
  542 -1.389347e+67
  543 1.310895e+68
  544 2.534823e+67
  545 -2.377989e+68
  546 -4.624563e+67
  547 4.313714e+68
  548 8.436842e+67
  549 -7.825150e+68
  550 -1.539131e+68
  551 1.419494e+69
  552 2.807744e+68
  553 -2.574983e+69
  554 -5.121842e+68
  555 4.671054e+69
  556 9.342900e+68
  557 -8.473347e+69
  558 -1.704214e+69
  559 1.537074e+70
  560 3.108519e+69
  561 -2.788268e+70
  562 -5.669833e+69
  563 5.057941e+70
  564 1.034128e+70
  565 -9.175141e+70
  566 -1.886105e+70
  567 1.664376e+71
  568 3.439892e+70
  569 -3.019186e+71
  570 -6.273526e+70
  571 5.476815e+71
  572 1.144106e+71
  573 -9.934954e+71
  574 -2.086456e+71
  575 1.802202e+72
  576 3.804871e+71
  577 -3.269194e+72
  578 -6.938395e+71
  579 5.930314e+72
  580 1.265221e+72
  581 -1.075757e+73
  582 -2.307078e+72
  583 1.951420e+73
  584 4.206751e+72
  585 -3.539867e+73
  586 -7.670436e+72
  587 6.421296e+73
  588 1.398563e+73
  589 -1.164818e+74
  590 -2.549958e+73
  591 2.112971e+74
  592 4.649144e+73
  593 -3.832909e+74
  594 -8.476218e+73
  595 6.952854e+74
  596 1.545327e+74
  597 -1.261239e+75
  598 -2.817269e+74
  599 2.287871e+75
  600 5.136006e+74
  601 -4.150165e+75
  602 -9.362941e+74
  603 7.528334e+75
  604 1.706824e+75
  605 -1.365627e+76
  606 -3.111394e+75
  607 2.477223e+76
  608 5.671671e+75
  609 -4.493634e+76
  610 -1.033849e+76
  611 8.151359e+76
  612 1.884487e+76
  613 -1.478639e+77
  614 -3.434942e+76
  615 2.682217e+77
  616 6.260887e+76
  617 -4.865476e+77
  618 -1.141150e+77
  619 8.825849e+77
  620 2.079887e+77
  621 -1.600985e+78
  622 -3.790771e+77
  623 2.904143e+78
  624 6.908851e+77
  625 -5.268031e+78
  626 -1.259142e+78
  627 9.556048e+78
  628 2.294746e+78
  629 -1.733437e+79
  630 -4.182011e+78
  631 3.144398e+79
  632 7.621258e+78
  633 -5.703831e+79
  634 -1.388862e+79
  635 1.034655e+80
  636 2.530946e+79
  637 -1.876826e+80
  638 -4.612088e+79
  639 3.404492e+80
  640 8.404340e+79
  641 -6.175616e+80
  642 -1.531443e+80
  643 1.120232e+81
  644 2.790549e+80
  645 -2.032055e+81
  646 -5.084754e+80
  647 3.686061e+81
  648 9.264920e+80
  649 -6.686353e+81
  650 -1.688127e+81
  651 1.212874e+82
  652 3.075815e+81
  653 -2.200098e+82
  654 -5.604114e+81
  655 3.990874e+82
  656 1.021047e+82
  657 -7.239252e+82
  658 -1.860271e+82
  659 1.313164e+83
  660 3.389212e+82
  661 -2.382013e+83
  662 -6.174664e+82
  663 4.320847e+83
  664 1.124916e+83
  665 -7.837785e+83
  666 -2.049363e+83
  667 1.421731e+84
  668 3.733446e+83
  669 -2.578941e+84
  670 -6.801322e+83
  671 4.678052e+84
  672 1.238994e+84
  673 -8.485713e+84
  674 -2.257029e+84
  675 1.539258e+85
  676 4.111477e+84
  677 -2.792120e+85
  678 -7.489470e+84
  679 5.064732e+85
  680 1.364259e+85
  681 -9.187104e+85
  682 -2.485051e+85
  683 1.666481e+86
  684 4.526542e+85
  685 -3.022888e+86
  686 -8.244997e+85
  687 5.483316e+86
  688 1.501783e+86
  689 -9.946361e+86
  690 -2.735376e+86
  691 1.804201e+87
  692 4.982183e+86
  693 -3.272693e+87
  694 -9.074347e+86
  695 5.936430e+87
  696 1.652738e+87
  697 -1.076825e+88
  698 -3.010135e+87
  699 1.953280e+88
  700 5.482277e+87
  701 -3.543103e+88
  702 -9.984568e+87
  703 6.426917e+88
  704 1.818406e+88
  705 -1.165793e+89
  706 -3.311659e+88
  707 2.114655e+89
  708 6.031063e+88
  709 -3.835815e+89
  710 -1.098337e+89
  711 6.957855e+89
  712 2.000187e+89
  713 -1.262097e+90
  714 -3.642498e+89
  715 2.289338e+90
  716 6.633176e+89
  717 -4.152664e+90
  718 -1.207918e+90
  719 7.532572e+90
  720 2.199616e+90
  721 -1.366342e+91
  722 -4.005440e+90
  723 2.478423e+91
  724 7.293688e+90
  725 -4.495636e+91
  726 -1.328122e+91
  727 8.154672e+91
  728 2.418370e+91
  729 -1.479182e+92
  730 -4.403533e+91
  731 2.683097e+92
  732 8.018143e+91
  733 -4.866882e+92
  734 -1.459958e+92
  735 8.828054e+92
  736 2.658281e+92
  737 -1.601323e+93
  738 -4.840113e+92
  739 2.904641e+93
  740 8.812603e+92
  741 -5.268728e+93
  742 -1.604527e+93
  743 9.556938e+93
  744 2.921354e+93
  745 -1.733530e+94
  746 -5.318823e+93
  747 3.144444e+94
  748 9.683697e+93
  749 -5.703690e+94
  750 -1.763036e+94
  751 1.034589e+95
  752 3.209781e+94
  753 -1.876633e+95
  754 -5.843649e+94
  755 3.404007e+95
  756 1.063867e+95
  757 -6.174494e+95
  758 -1.936801e+95
  759 1.119984e+96
  760 3.525958e+95
  761 -2.031526e+96
  762 -6.418947e+95
  763 3.684956e+96
  764 1.168544e+96
  765 -6.684087e+96
  766 -2.127262e+96
  767 1.212416e+97
  768 3.872502e+96
  769 -2.199179e+97
  770 -7.049477e+96
  771 3.989050e+97
  772 1.283267e+97
  773 -7.235657e+97
  774 -2.335994e+97
  775 1.312460e+98
  776 4.252275e+97
  777 -2.380642e+98
  778 -7.740444e+97
  779 4.318190e+98
  780 1.408981e+98
  781 -7.832657e+98
  782 -2.564717e+98
  783 1.420745e+99
  784 4.668406e+98
  785 -2.577050e+99
  786 -8.497533e+98
  787 4.674438e+99
  788 1.546721e+99
  789 -8.478822e+99
  790 -2.815310e+99
  791 1.537947e+100
  792 5.124312e+99
  793 -2.789632e+100
  794 -9.326958e+99
  795 5.060019e+100
  796 1.697616e+100
  797 -9.178191e+100
  798 -3.089828e+100
  799 1.664799e+101
  800 5.623727e+100
