    1     0
    2     0
    3     0
    4     0
    5     0
    6     0
    7     0
    8     0
    9     0
   10     0
   11     0
   12     0
   13 7.223200e-02
   14 1.398049e-01
   15 2.030188e-01
   16 2.621546e-01
   17 3.174752e-01
   18 3.692263e-01
   19 4.176380e-01
   20 4.629257e-01
   21 5.052906e-01
   22 5.449213e-01
   23 5.819941e-01
   24 6.166738e-01
   25 6.491148e-01
   26 6.794615e-01
   27 7.078489e-01
   28 7.344036e-01
   29 7.592436e-01
   30 7.824797e-01
   31 8.042152e-01
   32 8.245471e-01
   33 8.435659e-01
   34 8.613563e-01
   35 8.779977e-01
   36 8.935641e-01
   37 9.081250e-01
   38 9.217453e-01
   39 9.344857e-01
   40 9.464030e-01
   41 9.575504e-01
   42 9.679776e-01
   43 9.777310e-01
   44 9.868542e-01
   45 9.953878e-01
   46 1.003370e+00
   47 1.010836e+00
   48 1.017820e+00
   49 1.024353e+00
   50 1.030463e+00
   51 1.036179e+00
   52 1.041525e+00
   53 1.046525e+00
   54 1.051202e+00
   55 1.055577e+00
   56 1.059669e+00
   57 1.063497e+00
   58 1.067077e+00
   59 1.070426e+00
   60 1.073558e+00
   61 1.076487e+00
   62 1.079228e+00
   63 1.081791e+00
   64 1.084188e+00
   65 1.086431e+00
   66 1.088528e+00
   67 1.090490e+00
   68 1.092325e+00
   69 1.094041e+00
   70 1.095646e+00
   71 1.097148e+00
   72 1.098552e+00
   73 1.099865e+00
   74 1.101094e+00
   75 1.102243e+00
   76 1.103318e+00
   77 1.104323e+00
   78 1.105264e+00
   79 1.106143e+00
   80 1.106966e+00
   81 1.107735e+00
   82 1.108455e+00
   83 1.109128e+00
   84 1.109757e+00
   85 1.110346e+00
   86 1.110897e+00
   87 1.111412e+00
   88 1.111894e+00
   89 1.112345e+00
   90 1.112766e+00
   91 1.113160e+00
   92 1.113529e+00
   93 1.113874e+00
   94 1.114196e+00
   95 1.114498e+00
   96 1.114780e+00
   97 1.115044e+00
   98 1.115291e+00
   99 1.115522e+00
  100 1.115738e+00
  101 1.115940e+00
  102 1.116129e+00
  103 1.116305e+00
  104 1.116471e+00
  105 1.116625e+00
  106 1.116770e+00
  107 1.116905e+00
  108 1.117031e+00
  109 1.117150e+00
  110 1.117260e+00
  111 1.117364e+00
  112 1.117460e+00
  113 1.117551e+00
  114 1.117636e+00
  115 1.117715e+00
  116 1.117789e+00
  117 1.117858e+00
  118 1.117923e+00
  119 1.117983e+00
  120 1.118040e+00
  121 1.118093e+00
  122 1.118143e+00
  123 1.118189e+00
  124 1.118232e+00
  125 1.118273e+00
  126 1.118311e+00
  127 1.118346e+00
  128 1.118380e+00
  129 1.118411e+00
  130 1.118440e+00
  131 1.118467e+00
  132 1.118492e+00
  133 1.118516e+00
  134 1.118538e+00
  135 1.118559e+00
  136 1.118578e+00
  137 1.118597e+00
  138 1.118614e+00
  139 1.118629e+00
  140 1.118644e+00
  141 1.118658e+00
  142 1.118671e+00
  143 1.118683e+00
  144 1.118695e+00
  145 1.118705e+00
  146 1.118715e+00
  147 1.118725e+00
  148 1.118733e+00
  149 1.118742e+00
  150 1.118749e+00
  151 1.118756e+00
  152 1.118763e+00
  153 1.118769e+00
  154 1.118775e+00
  155 1.118780e+00
  156 1.118786e+00
  157 1.118790e+00
  158 1.118795e+00
  159 1.118799e+00
  160 1.118803e+00
  161 1.118806e+00
  162 1.118810e+00
  163 1.118813e+00
  164 1.118816e+00
  165 1.118819e+00
  166 1.118821e+00
  167 1.118824e+00
  168 1.118826e+00
  169 1.118828e+00
  170 1.118830e+00
  171 1.118832e+00
  172 1.118834e+00
  173 1.118836e+00
  174 1.118837e+00
  175 1.118839e+00
  176 1.118840e+00
  177 1.118841e+00
  178 1.118842e+00
  179 1.118843e+00
  180 1.118844e+00
  181 1.118845e+00
  182 1.118846e+00
  183 1.118847e+00
  184 1.118848e+00
  185 1.118849e+00
  186 1.118849e+00
  187 1.118850e+00
  188 1.118851e+00
  189 1.118851e+00
  190 1.118852e+00
  191 1.118852e+00
  192 1.118853e+00
  193 1.118853e+00
  194 1.118853e+00
  195 1.118854e+00
  196 1.118854e+00
  197 1.118854e+00
  198 1.118855e+00
  199 1.118855e+00
  200 1.118855e+00
  201 1.118856e+00
  202 1.118856e+00
  203 1.118856e+00
  204 1.118856e+00
  205 1.118856e+00
  206 1.118857e+00
  207 1.118857e+00
  208 1.118857e+00
  209 1.118857e+00
  210 1.118857e+00
  211 1.118857e+00
  212 1.118857e+00
  213 1.118858e+00
  214 1.118858e+00
  215 1.118858e+00
  216 1.118858e+00
  217 1.118858e+00
  218 1.118858e+00
  219 1.118858e+00
  220 1.118858e+00
  221 1.118858e+00
  222 1.118858e+00
  223 1.118858e+00
  224 1.118858e+00
  225 1.118858e+00
  226 1.118858e+00
  227 1.118859e+00
  228 1.118859e+00
  229 1.118859e+00
  230 1.118859e+00
  231 1.118859e+00
  232 1.118859e+00
  233 1.118859e+00
  234 1.118859e+00
  235 1.118859e+00
  236 1.118859e+00
  237 1.118859e+00
  238 1.118859e+00
  239 1.118859e+00
  240 1.118859e+00
  241 1.118859e+00
  242 1.118859e+00
  243 1.118859e+00
  244 1.118859e+00
  245 1.118859e+00
  246 1.118859e+00
  247 1.118859e+00
  248 1.118859e+00
  249 1.118859e+00
  250 1.118859e+00
  251 1.118859e+00
  252 1.118859e+00
  253 1.118859e+00
  254 1.118859e+00
  255 1.118859e+00
  256 1.118859e+00
  257 1.118859e+00
  258 1.118859e+00
  259 1.118859e+00
  260 1.118859e+00
  261 1.118859e+00
  262 1.118859e+00
  263 1.118859e+00
  264 1.118859e+00
  265 1.118859e+00
  266 1.118859e+00
  267 1.118859e+00
  268 1.118859e+00
  269 1.118859e+00
  270 1.118859e+00
  271 1.118859e+00
  272 1.118859e+00
  273 1.118859e+00
  274 1.118859e+00
  275 1.118859e+00
  276 1.118859e+00
  277 1.118859e+00
  278 1.118859e+00
  279 1.118859e+00
  280 1.118859e+00
  281 1.118859e+00
  282 1.118859e+00
  283 1.118859e+00
  284 1.118859e+00
  285 1.118859e+00
  286 1.118859e+00
  287 1.118859e+00
  288 1.118859e+00
  289 1.118859e+00
  290 1.118859e+00
  291 1.118859e+00
  292 1.118859e+00
  293 1.118859e+00
  294 1.118859e+00
  295 1.118859e+00
  296 1.118859e+00
  297 1.118859e+00
  298 1.118859e+00
  299 1.118859e+00
  300 1.118859e+00
