    1 -1.764915e-01
    2 -4.619288e-01
    3 -8.066377e-01
    4 -1.175029e+00
    5 -1.542456e+00
    6 -1.742369e+00
    7 -1.785889e+00
    8 -1.733372e+00
    9 -1.627828e+00
   10 -1.498748e+00
   11 -1.365391e+00
   12 -1.239503e+00
   13 -1.127490e+00
   14 -1.032113e+00
   15 -9.537589e-01
   16 -8.913824e-01
   17 -8.431633e-01
   18 -8.069601e-01
   19 -7.806010e-01
   20 -7.620588e-01
   21 -7.495449e-01
   22 -7.415457e-01
   23 -7.368247e-01
   24 -7.344027e-01
   25 -7.335259e-01
   26 -7.336317e-01
   27 -7.343123e-01
   28 -7.352829e-01
   29 -7.363526e-01
   30 -7.374009e-01
   31 -7.383578e-01
   32 -7.391887e-01
   33 -7.398826e-01
   34 -7.404430e-01
   35 -7.408823e-01
   36 -7.412168e-01
   37 -7.414640e-01
   38 -7.416408e-01
   39 -7.417627e-01
   40 -7.418428e-01
   41 -7.418922e-01
   42 -7.419196e-01
   43 -7.419318e-01
   44 -7.419343e-01
   45 -7.419307e-01
   46 -7.419237e-01
   47 -7.419154e-01
   48 -7.419068e-01
   49 -7.418987e-01
   50 -7.418915e-01
   51 -7.418854e-01
   52 -7.418804e-01
   53 -7.418764e-01
   54 -7.418734e-01
   55 -7.418711e-01
   56 -7.418694e-01
   57 -7.418682e-01
   58 -7.418674e-01
   59 -7.418669e-01
   60 -7.418666e-01
   61 -7.418665e-01
   62 -7.418664e-01
   63 -7.418664e-01
   64 -7.418665e-01
   65 -7.418666e-01
   66 -7.418666e-01
   67 -7.418667e-01
   68 -7.418668e-01
   69 -7.418668e-01
   70 -7.418669e-01
   71 -7.418669e-01
   72 -7.418669e-01
   73 -7.418669e-01
   74 -7.418670e-01
   75 -7.418670e-01
   76 -7.418670e-01
   77 -7.418670e-01
   78 -7.418670e-01
   79 -7.418670e-01
   80 -7.418670e-01
   81 -7.418670e-01
   82 -7.418670e-01
   83 -7.418670e-01
   84 -7.418670e-01
   85 -7.418670e-01
   86 -7.418670e-01
   87 -7.418670e-01
   88 -7.418670e-01
   89 -7.418670e-01
   90 -7.418670e-01
   91 -7.418670e-01
   92 -7.418670e-01
   93 -7.418670e-01
   94 -7.418670e-01
   95 -7.418670e-01
   96 -7.418670e-01
   97 -7.418670e-01
   98 -7.418670e-01
   99 -7.418670e-01
  100 -7.418670e-01
  101 -7.418670e-01
  102 -7.418670e-01
  103 -7.418670e-01
  104 -7.418670e-01
  105 -7.418670e-01
  106 -7.418670e-01
  107 -7.418670e-01
  108 -7.418670e-01
  109 -7.418670e-01
  110 -7.418670e-01
  111 -7.418670e-01
  112 -7.418670e-01
  113 -7.418670e-01
  114 -7.418670e-01
  115 -7.418670e-01
  116 -7.418670e-01
  117 -7.418670e-01
  118 -7.418670e-01
  119 -7.418670e-01
  120 -7.418670e-01
  121 -7.418670e-01
  122 -7.418670e-01
  123 -7.418670e-01
  124 -7.418670e-01
  125 -7.418670e-01
  126 -7.418670e-01
  127 -7.418670e-01
  128 -7.418670e-01
  129 -7.418670e-01
  130 -7.418670e-01
  131 -7.418670e-01
  132 -7.418670e-01
  133 -7.418670e-01
  134 -7.418670e-01
  135 -7.418670e-01
  136 -7.418670e-01
  137 -7.418670e-01
  138 -7.418670e-01
  139 -7.418670e-01
  140 -7.418670e-01
  141 -7.418670e-01
  142 -7.418670e-01
  143 -7.418670e-01
  144 -7.418670e-01
  145 -7.418670e-01
  146 -7.418670e-01
  147 -7.418670e-01
  148 -7.418670e-01
  149 -7.418670e-01
  150 -7.418670e-01
  151 -7.418670e-01
  152 -7.418670e-01
  153 -7.418670e-01
  154 -7.418670e-01
  155 -7.418670e-01
  156 -7.418670e-01
  157 -7.418670e-01
  158 -7.418670e-01
  159 -7.418670e-01
  160 -7.418670e-01
  161 -7.418670e-01
  162 -7.418670e-01
  163 -7.418670e-01
  164 -7.418670e-01
  165 -7.418670e-01
  166 -7.418670e-01
  167 -7.418670e-01
  168 -7.418670e-01
  169 -7.418670e-01
  170 -7.418670e-01
  171 -7.418670e-01
  172 -7.418670e-01
  173 -7.418670e-01
  174 -7.418670e-01
  175 -7.418670e-01
  176 -7.418670e-01
  177 -7.418670e-01
  178 -7.418670e-01
  179 -7.418670e-01
  180 -7.418670e-01
  181 -7.418670e-01
  182 -7.418670e-01
  183 -7.418670e-01
  184 -7.418670e-01
  185 -7.418670e-01
  186 -7.418670e-01
  187 -7.418670e-01
  188 -7.418670e-01
  189 -7.418670e-01
  190 -7.418670e-01
  191 -7.418670e-01
  192 -7.418670e-01
  193 -7.418670e-01
  194 -7.418670e-01
  195 -7.418670e-01
  196 -7.418670e-01
  197 -7.418670e-01
  198 -7.418670e-01
  199 -7.418670e-01
  200 -7.418670e-01
  201 -7.418670e-01
  202 -7.418670e-01
  203 -7.418670e-01
  204 -7.418670e-01
  205 -7.418670e-01
  206 -7.418670e-01
  207 -7.418670e-01
  208 -7.418670e-01
  209 -7.418670e-01
  210 -7.418670e-01
  211 -7.418670e-01
  212 -7.418670e-01
  213 -7.418670e-01
  214 -7.418670e-01
  215 -7.418670e-01
  216 -7.418670e-01
  217 -7.418670e-01
  218 -7.418670e-01
  219 -7.418670e-01
  220 -7.418670e-01
  221 -7.418670e-01
  222 -7.418670e-01
  223 -7.418670e-01
  224 -7.418670e-01
  225 -7.418670e-01
  226 -7.418670e-01
  227 -7.418670e-01
  228 -7.418670e-01
  229 -7.418670e-01
  230 -7.418670e-01
  231 -7.418670e-01
  232 -7.418670e-01
  233 -7.418670e-01
  234 -7.418670e-01
  235 -7.418670e-01
  236 -7.418670e-01
  237 -7.418670e-01
  238 -7.418670e-01
  239 -7.418670e-01
  240 -7.418670e-01
  241 -7.418670e-01
  242 -7.418670e-01
  243 -7.418670e-01
  244 -7.418670e-01
  245 -7.418670e-01
  246 -7.418670e-01
  247 -7.418670e-01
  248 -7.418670e-01
  249 -7.418670e-01
  250 -7.418670e-01
  251 -7.418670e-01
  252 -7.418670e-01
  253 -7.418670e-01
  254 -7.418670e-01
  255 -7.418670e-01
  256 -7.418670e-01
  257 -7.418670e-01
  258 -7.418670e-01
  259 -7.418670e-01
  260 -7.418670e-01
  261 -7.418670e-01
  262 -7.418670e-01
  263 -7.418670e-01
  264 -7.418670e-01
  265 -7.418670e-01
  266 -7.418670e-01
  267 -7.418670e-01
  268 -7.418670e-01
  269 -7.418670e-01
  270 -7.418670e-01
  271 -7.418670e-01
  272 -7.418670e-01
  273 -7.418670e-01
  274 -7.418670e-01
  275 -7.418670e-01
  276 -7.418670e-01
  277 -7.418670e-01
  278 -7.418670e-01
  279 -7.418670e-01
  280 -7.418670e-01
  281 -7.418670e-01
  282 -7.418670e-01
  283 -7.418670e-01
  284 -7.418670e-01
  285 -7.418670e-01
  286 -7.418670e-01
  287 -7.418670e-01
  288 -7.418670e-01
  289 -7.418670e-01
  290 -7.418670e-01
  291 -7.418670e-01
  292 -7.418670e-01
  293 -7.418670e-01
  294 -7.418670e-01
  295 -7.418670e-01
  296 -7.418670e-01
  297 -7.418670e-01
  298 -7.418670e-01
  299 -7.418670e-01
  300 -7.418670e-01
  301 -7.418670e-01
  302 -7.418670e-01
  303 -7.418670e-01
  304 -7.418670e-01
  305 -7.418670e-01
  306 -7.418670e-01
  307 -7.418670e-01
  308 -7.418670e-01
  309 -7.418670e-01
  310 -7.418670e-01
  311 -7.418670e-01
  312 -7.418670e-01
  313 -7.418670e-01
  314 -7.418670e-01
  315 -7.418670e-01
  316 -7.418670e-01
  317 -7.418670e-01
  318 -7.418670e-01
  319 -7.418670e-01
  320 -7.418670e-01
  321 -7.418670e-01
  322 -7.418670e-01
  323 -7.418670e-01
  324 -7.418670e-01
  325 -7.418670e-01
  326 -7.418670e-01
  327 -7.418670e-01
  328 -7.418670e-01
  329 -7.418670e-01
  330 -7.418670e-01
  331 -7.418670e-01
  332 -7.418670e-01
  333 -7.418670e-01
  334 -7.418670e-01
  335 -7.418670e-01
  336 -7.418670e-01
  337 -7.418670e-01
  338 -7.418670e-01
  339 -7.418670e-01
  340 -7.418670e-01
  341 -7.418670e-01
  342 -7.418670e-01
  343 -7.418670e-01
  344 -7.418670e-01
  345 -7.418670e-01
  346 -7.418670e-01
  347 -7.418670e-01
  348 -7.418670e-01
  349 -7.418670e-01
  350 -7.418670e-01
  351 -7.418670e-01
  352 -7.418670e-01
  353 -7.418670e-01
  354 -7.418670e-01
  355 -7.418670e-01
  356 -7.418670e-01
  357 -7.418670e-01
  358 -7.418670e-01
  359 -7.418670e-01
  360 -7.418670e-01
  361 -7.418670e-01
  362 -7.418670e-01
  363 -7.418670e-01
  364 -7.418670e-01
  365 -7.418670e-01
  366 -7.418670e-01
  367 -7.418670e-01
  368 -7.418670e-01
  369 -7.418670e-01
  370 -7.418670e-01
  371 -7.418670e-01
  372 -7.418670e-01
  373 -7.418670e-01
  374 -7.418670e-01
  375 -7.418670e-01
  376 -7.418670e-01
  377 -7.418670e-01
  378 -7.418670e-01
  379 -7.418670e-01
  380 -7.418670e-01
  381 -7.418670e-01
  382 -7.418670e-01
  383 -7.418670e-01
  384 -7.418670e-01
  385 -7.418670e-01
  386 -7.418670e-01
  387 -7.418670e-01
  388 -7.418670e-01
  389 -7.418670e-01
  390 -7.418670e-01
  391 -7.418670e-01
  392 -7.418670e-01
  393 -7.418670e-01
  394 -7.418670e-01
  395 -7.418670e-01
  396 -7.418670e-01
  397 -7.418670e-01
  398 -7.418670e-01
  399 -7.418670e-01
  400 -7.418670e-01
  401 -7.418670e-01
  402 -7.418670e-01
  403 -7.418670e-01
  404 -7.418670e-01
  405 -7.418670e-01
  406 -7.418670e-01
  407 -7.418670e-01
  408 -7.418670e-01
  409 -7.418670e-01
  410 -7.418670e-01
  411 -7.418670e-01
  412 -7.418670e-01
  413 -7.418670e-01
  414 -7.418670e-01
  415 -7.418670e-01
  416 -7.418670e-01
  417 -7.418670e-01
  418 -7.418670e-01
  419 -7.418670e-01
  420 -7.418670e-01
  421 -7.418670e-01
  422 -7.418670e-01
  423 -7.418670e-01
  424 -7.418670e-01
  425 -7.418670e-01
  426 -7.418670e-01
  427 -7.418670e-01
  428 -7.418670e-01
  429 -7.418670e-01
  430 -7.418670e-01
  431 -7.418670e-01
  432 -7.418670e-01
  433 -7.418670e-01
  434 -7.418670e-01
  435 -7.418670e-01
  436 -7.418670e-01
  437 -7.418670e-01
  438 -7.418670e-01
  439 -7.418670e-01
  440 -7.418670e-01
  441 -7.418670e-01
  442 -7.418670e-01
  443 -7.418670e-01
  444 -7.418670e-01
  445 -7.418670e-01
  446 -7.418670e-01
  447 -7.418670e-01
  448 -7.418670e-01
  449 -7.418670e-01
  450 -7.418670e-01
  451 -7.418670e-01
  452 -7.418670e-01
  453 -7.418670e-01
  454 -7.418670e-01
  455 -7.418670e-01
  456 -7.418670e-01
  457 -7.418670e-01
  458 -7.418670e-01
  459 -7.418670e-01
  460 -7.418670e-01
  461 -7.418670e-01
  462 -7.418670e-01
  463 -7.418670e-01
  464 -7.418670e-01
  465 -7.418670e-01
  466 -7.418670e-01
  467 -7.418670e-01
  468 -7.418670e-01
  469 -7.418670e-01
  470 -7.418670e-01
  471 -7.418670e-01
  472 -7.418670e-01
  473 -7.418670e-01
  474 -7.418670e-01
  475 -7.418670e-01
  476 -7.418670e-01
  477 -7.418670e-01
  478 -7.418670e-01
  479 -7.418670e-01
  480 -7.418670e-01
  481 -7.418670e-01
  482 -7.418670e-01
  483 -7.418670e-01
  484 -7.418670e-01
  485 -7.418670e-01
  486 -7.418670e-01
  487 -7.418670e-01
  488 -7.418670e-01
  489 -7.418670e-01
  490 -7.418670e-01
  491 -7.418670e-01
  492 -7.418670e-01
  493 -7.418670e-01
  494 -7.418670e-01
  495 -7.418670e-01
  496 -7.418670e-01
  497 -7.418670e-01
  498 -7.418670e-01
  499 -7.418670e-01
  500 -7.418670e-01
  501 -7.418670e-01
  502 -7.418670e-01
  503 -7.418670e-01
  504 -7.418670e-01
  505 -7.418670e-01
  506 -7.418670e-01
  507 -7.418670e-01
  508 -7.418670e-01
  509 -7.418670e-01
  510 -7.418670e-01
  511 -7.418670e-01
  512 -7.418670e-01
  513 -7.418670e-01
  514 -7.418670e-01
  515 -7.418670e-01
  516 -7.418670e-01
  517 -7.418670e-01
  518 -7.418670e-01
  519 -7.418670e-01
  520 -7.418670e-01
  521 -7.418670e-01
  522 -7.418670e-01
  523 -7.418670e-01
  524 -7.418670e-01
  525 -7.418670e-01
  526 -7.418670e-01
  527 -7.418670e-01
  528 -7.418670e-01
  529 -7.418670e-01
  530 -7.418670e-01
  531 -7.418670e-01
  532 -7.418670e-01
  533 -7.418670e-01
  534 -7.418670e-01
  535 -7.418670e-01
  536 -7.418670e-01
  537 -7.418670e-01
  538 -7.418670e-01
  539 -7.418670e-01
  540 -7.418670e-01
  541 -7.418670e-01
  542 -7.418670e-01
  543 -7.418670e-01
  544 -7.418670e-01
  545 -7.418670e-01
  546 -7.418670e-01
  547 -7.418670e-01
  548 -7.418670e-01
  549 -7.418670e-01
  550 -7.418670e-01
  551 -7.418670e-01
  552 -7.418670e-01
  553 -7.418670e-01
  554 -7.418670e-01
  555 -7.418670e-01
  556 -7.418670e-01
  557 -7.418670e-01
  558 -7.418670e-01
  559 -7.418670e-01
  560 -7.418670e-01
  561 -7.418670e-01
  562 -7.418670e-01
  563 -7.418670e-01
  564 -7.418670e-01
  565 -7.418670e-01
  566 -7.418670e-01
  567 -7.418670e-01
  568 -7.418670e-01
  569 -7.418670e-01
  570 -7.418670e-01
  571 -7.418670e-01
  572 -7.418670e-01
  573 -7.418670e-01
  574 -7.418670e-01
  575 -7.418670e-01
  576 -7.418670e-01
  577 -7.418670e-01
  578 -7.418670e-01
  579 -7.418670e-01
  580 -7.418670e-01
  581 -7.418670e-01
  582 -7.418670e-01
  583 -7.418670e-01
  584 -7.418670e-01
  585 -7.418670e-01
  586 -7.418670e-01
  587 -7.418670e-01
  588 -7.418670e-01
  589 -7.418670e-01
  590 -7.418670e-01
  591 -7.418670e-01
  592 -7.418670e-01
  593 -7.418670e-01
  594 -7.418670e-01
  595 -7.418670e-01
  596 -7.418670e-01
  597 -7.418670e-01
  598 -7.418670e-01
  599 -7.418670e-01
  600 -7.418670e-01
  601 -7.418670e-01
  602 -7.418670e-01
  603 -7.418670e-01
  604 -7.418670e-01
  605 -7.418670e-01
  606 -7.418670e-01
  607 -7.418670e-01
  608 -7.418670e-01
  609 -7.418670e-01
  610 -7.418670e-01
  611 -7.418670e-01
  612 -7.418670e-01
  613 -7.418670e-01
  614 -7.418670e-01
  615 -7.418670e-01
  616 -7.418670e-01
  617 -7.418670e-01
  618 -7.418670e-01
  619 -7.418670e-01
  620 -7.418670e-01
  621 -7.418670e-01
  622 -7.418670e-01
  623 -7.418670e-01
  624 -7.418670e-01
  625 -7.418670e-01
  626 -7.418670e-01
  627 -7.418670e-01
  628 -7.418670e-01
  629 -7.418670e-01
  630 -7.418670e-01
  631 -7.418670e-01
  632 -7.418670e-01
  633 -7.418670e-01
  634 -7.418670e-01
  635 -7.418670e-01
  636 -7.418670e-01
  637 -7.418670e-01
  638 -7.418670e-01
  639 -7.418670e-01
  640 -7.418670e-01
  641 -7.418670e-01
  642 -7.418670e-01
  643 -7.418670e-01
  644 -7.418670e-01
  645 -7.418670e-01
  646 -7.418670e-01
  647 -7.418670e-01
  648 -7.418670e-01
  649 -7.418670e-01
  650 -7.418670e-01
  651 -7.418670e-01
  652 -7.418670e-01
  653 -7.418670e-01
  654 -7.418670e-01
  655 -7.418670e-01
  656 -7.418670e-01
  657 -7.418670e-01
  658 -7.418670e-01
  659 -7.418670e-01
  660 -7.418670e-01
  661 -7.418670e-01
  662 -7.418670e-01
  663 -7.418670e-01
  664 -7.418670e-01
  665 -7.418670e-01
  666 -7.418670e-01
  667 -7.418670e-01
  668 -7.418670e-01
  669 -7.418670e-01
  670 -7.418670e-01
  671 -7.418670e-01
  672 -7.418670e-01
  673 -7.418670e-01
  674 -7.418670e-01
  675 -7.418670e-01
  676 -7.418670e-01
  677 -7.418670e-01
  678 -7.418670e-01
  679 -7.418670e-01
  680 -7.418670e-01
  681 -7.418670e-01
  682 -7.418670e-01
  683 -7.418670e-01
  684 -7.418670e-01
  685 -7.418670e-01
  686 -7.418670e-01
  687 -7.418670e-01
  688 -7.418670e-01
  689 -7.418670e-01
  690 -7.418670e-01
  691 -7.418670e-01
  692 -7.418670e-01
  693 -7.418670e-01
  694 -7.418670e-01
  695 -7.418670e-01
  696 -7.418670e-01
  697 -7.418670e-01
  698 -7.418670e-01
  699 -7.418670e-01
  700 -7.418670e-01
  701 -7.418670e-01
  702 -7.418670e-01
  703 -7.418670e-01
  704 -7.418670e-01
  705 -7.418670e-01
  706 -7.418670e-01
  707 -7.418670e-01
  708 -7.418670e-01
  709 -7.418670e-01
  710 -7.418670e-01
  711 -7.418670e-01
  712 -7.418670e-01
  713 -7.418670e-01
  714 -7.418670e-01
  715 -7.418670e-01
  716 -7.418670e-01
  717 -7.418670e-01
  718 -7.418670e-01
  719 -7.418670e-01
  720 -7.418670e-01
  721 -7.418670e-01
  722 -7.418670e-01
  723 -7.418670e-01
  724 -7.418670e-01
  725 -7.418670e-01
  726 -7.418670e-01
  727 -7.418670e-01
  728 -7.418670e-01
  729 -7.418670e-01
  730 -7.418670e-01
  731 -7.418670e-01
  732 -7.418670e-01
  733 -7.418670e-01
  734 -7.418670e-01
  735 -7.418670e-01
  736 -7.418670e-01
  737 -7.418670e-01
  738 -7.418670e-01
  739 -7.418670e-01
  740 -7.418670e-01
  741 -7.418670e-01
  742 -7.418670e-01
  743 -7.418670e-01
  744 -7.418670e-01
  745 -7.418670e-01
  746 -7.418670e-01
  747 -7.418670e-01
  748 -7.418670e-01
  749 -7.418670e-01
  750 -7.418670e-01
  751 -7.418670e-01
  752 -7.418670e-01
  753 -7.418670e-01
  754 -7.418670e-01
  755 -7.418670e-01
  756 -7.418670e-01
  757 -7.418670e-01
  758 -7.418670e-01
  759 -7.418670e-01
  760 -7.418670e-01
  761 -7.418670e-01
  762 -7.418670e-01
  763 -7.418670e-01
  764 -7.418670e-01
  765 -7.418670e-01
  766 -7.418670e-01
  767 -7.418670e-01
  768 -7.418670e-01
  769 -7.418670e-01
  770 -7.418670e-01
  771 -7.418670e-01
  772 -7.418670e-01
  773 -7.418670e-01
  774 -7.418670e-01
  775 -7.418670e-01
  776 -7.418670e-01
  777 -7.418670e-01
  778 -7.418670e-01
  779 -7.418670e-01
  780 -7.418670e-01
  781 -7.418670e-01
  782 -7.418670e-01
  783 -7.418670e-01
  784 -7.418670e-01
  785 -7.418670e-01
  786 -7.418670e-01
  787 -7.418670e-01
  788 -7.418670e-01
  789 -7.418670e-01
  790 -7.418670e-01
  791 -7.418670e-01
  792 -7.418670e-01
  793 -7.418670e-01
  794 -7.418670e-01
