    1 -2.597825e-01
    2 -6.832608e-01
    3 -1.199146e+00
    4 -1.755750e+00
    5 -2.316681e+00
    6 -2.721969e+00
    7 -2.957790e+00
    8 -3.072588e+00
    9 -3.104033e+00
   10 -3.080797e+00
   11 -3.024203e+00
   12 -2.949691e+00
   13 -2.868081e+00
   14 -2.786645e+00
   15 -2.709985e+00
   16 -2.640748e+00
   17 -2.580188e+00
   18 -2.528602e+00
   19 -2.485666e+00
   20 -2.450677e+00
   21 -2.422735e+00
   22 -2.400864e+00
   23 -2.384098e+00
   24 -2.371532e+00
   25 -2.362349e+00
   26 -2.355840e+00
   27 -2.351399e+00
   28 -2.348525e+00
   29 -2.346810e+00
   30 -2.345928e+00
   31 -2.345625e+00
   32 -2.345707e+00
   33 -2.346029e+00
   34 -2.346484e+00
   35 -2.346997e+00
   36 -2.347519e+00
   37 -2.348015e+00
   38 -2.348467e+00
   39 -2.348865e+00
   40 -2.349206e+00
   41 -2.349491e+00
   42 -2.349725e+00
   43 -2.349912e+00
   44 -2.350060e+00
   45 -2.350173e+00
   46 -2.350259e+00
   47 -2.350322e+00
   48 -2.350366e+00
   49 -2.350397e+00
   50 -2.350418e+00
   51 -2.350430e+00
   52 -2.350437e+00
   53 -2.350439e+00
   54 -2.350439e+00
   55 -2.350438e+00
   56 -2.350435e+00
   57 -2.350432e+00
   58 -2.350428e+00
   59 -2.350425e+00
   60 -2.350422e+00
   61 -2.350419e+00
   62 -2.350417e+00
   63 -2.350415e+00
   64 -2.350414e+00
   65 -2.350413e+00
   66 -2.350412e+00
   67 -2.350411e+00
   68 -2.350410e+00
   69 -2.350410e+00
   70 -2.350409e+00
   71 -2.350409e+00
   72 -2.350409e+00
   73 -2.350409e+00
   74 -2.350409e+00
   75 -2.350409e+00
   76 -2.350409e+00
   77 -2.350409e+00
   78 -2.350409e+00
   79 -2.350409e+00
   80 -2.350409e+00
   81 -2.350409e+00
   82 -2.350409e+00
   83 -2.350409e+00
   84 -2.350409e+00
   85 -2.350409e+00
   86 -2.350409e+00
   87 -2.350409e+00
   88 -2.350409e+00
   89 -2.350409e+00
   90 -2.350409e+00
   91 -2.350409e+00
   92 -2.350409e+00
   93 -2.350409e+00
   94 -2.350409e+00
   95 -2.350409e+00
   96 -2.350409e+00
   97 -2.350409e+00
   98 -2.350409e+00
   99 -2.350409e+00
  100 -2.350409e+00
  101 -2.350409e+00
  102 -2.350409e+00
  103 -2.350409e+00
  104 -2.350409e+00
  105 -2.350409e+00
  106 -2.350409e+00
  107 -2.350409e+00
  108 -2.350409e+00
  109 -2.350409e+00
  110 -2.350409e+00
  111 -2.350409e+00
  112 -2.350409e+00
  113 -2.350409e+00
  114 -2.350409e+00
  115 -2.350409e+00
  116 -2.350409e+00
  117 -2.350409e+00
  118 -2.350409e+00
  119 -2.350409e+00
  120 -2.350409e+00
  121 -2.350409e+00
  122 -2.350409e+00
  123 -2.350409e+00
  124 -2.350409e+00
  125 -2.350409e+00
  126 -2.350409e+00
  127 -2.350409e+00
  128 -2.350409e+00
  129 -2.350409e+00
  130 -2.350409e+00
  131 -2.350409e+00
  132 -2.350409e+00
  133 -2.350409e+00
  134 -2.350409e+00
  135 -2.350409e+00
  136 -2.350409e+00
  137 -2.350409e+00
  138 -2.350409e+00
  139 -2.350409e+00
  140 -2.350409e+00
  141 -2.350409e+00
  142 -2.350409e+00
  143 -2.350409e+00
  144 -2.350409e+00
  145 -2.350409e+00
  146 -2.350409e+00
  147 -2.350409e+00
  148 -2.350409e+00
  149 -2.350409e+00
  150 -2.350409e+00
  151 -2.350409e+00
  152 -2.350409e+00
  153 -2.350409e+00
  154 -2.350409e+00
  155 -2.350409e+00
  156 -2.350409e+00
  157 -2.350409e+00
  158 -2.350409e+00
  159 -2.350409e+00
  160 -2.350409e+00
  161 -2.350409e+00
  162 -2.350409e+00
  163 -2.350409e+00
  164 -2.350409e+00
  165 -2.350409e+00
  166 -2.350409e+00
  167 -2.350409e+00
  168 -2.350409e+00
  169 -2.350409e+00
  170 -2.350409e+00
  171 -2.350409e+00
  172 -2.350409e+00
  173 -2.350409e+00
  174 -2.350409e+00
  175 -2.350409e+00
  176 -2.350409e+00
  177 -2.350409e+00
  178 -2.350409e+00
  179 -2.350409e+00
  180 -2.350409e+00
  181 -2.350409e+00
  182 -2.350409e+00
  183 -2.350409e+00
  184 -2.350409e+00
  185 -2.350409e+00
  186 -2.350409e+00
  187 -2.350409e+00
  188 -2.350409e+00
  189 -2.350409e+00
  190 -2.350409e+00
  191 -2.350409e+00
  192 -2.350409e+00
  193 -2.350409e+00
  194 -2.350409e+00
  195 -2.350409e+00
  196 -2.350409e+00
  197 -2.350409e+00
  198 -2.350409e+00
  199 -2.350409e+00
  200 -2.350409e+00
  201 -2.350409e+00
  202 -2.350409e+00
  203 -2.350409e+00
  204 -2.350409e+00
  205 -2.350409e+00
  206 -2.350409e+00
  207 -2.350409e+00
  208 -2.350409e+00
  209 -2.350409e+00
  210 -2.350409e+00
  211 -2.350409e+00
  212 -2.350409e+00
  213 -2.350409e+00
  214 -2.350409e+00
  215 -2.350409e+00
  216 -2.350409e+00
  217 -2.350409e+00
  218 -2.350409e+00
  219 -2.350409e+00
  220 -2.350409e+00
  221 -2.350409e+00
  222 -2.350409e+00
  223 -2.350409e+00
  224 -2.350409e+00
  225 -2.350409e+00
  226 -2.350409e+00
  227 -2.350409e+00
  228 -2.350409e+00
  229 -2.350409e+00
  230 -2.350409e+00
  231 -2.350409e+00
  232 -2.350409e+00
  233 -2.350409e+00
  234 -2.350409e+00
  235 -2.350409e+00
  236 -2.350409e+00
  237 -2.350409e+00
  238 -2.350409e+00
  239 -2.350409e+00
  240 -2.350409e+00
  241 -2.350409e+00
  242 -2.350409e+00
  243 -2.350409e+00
  244 -2.350409e+00
  245 -2.350409e+00
  246 -2.350409e+00
  247 -2.350409e+00
  248 -2.350409e+00
  249 -2.350409e+00
  250 -2.350409e+00
  251 -2.350409e+00
  252 -2.350409e+00
  253 -2.350409e+00
  254 -2.350409e+00
  255 -2.350409e+00
  256 -2.350409e+00
  257 -2.350409e+00
  258 -2.350409e+00
  259 -2.350409e+00
  260 -2.350409e+00
  261 -2.350409e+00
  262 -2.350409e+00
  263 -2.350409e+00
  264 -2.350409e+00
  265 -2.350409e+00
  266 -2.350409e+00
  267 -2.350409e+00
  268 -2.350409e+00
  269 -2.350409e+00
  270 -2.350409e+00
  271 -2.350409e+00
  272 -2.350409e+00
  273 -2.350409e+00
  274 -2.350409e+00
  275 -2.350409e+00
  276 -2.350409e+00
  277 -2.350409e+00
  278 -2.350409e+00
  279 -2.350409e+00
  280 -2.350409e+00
  281 -2.350409e+00
  282 -2.350409e+00
  283 -2.350409e+00
  284 -2.350409e+00
  285 -2.350409e+00
  286 -2.350409e+00
  287 -2.350409e+00
  288 -2.350409e+00
  289 -2.350409e+00
  290 -2.350409e+00
  291 -2.350409e+00
  292 -2.350409e+00
  293 -2.350409e+00
  294 -2.350409e+00
  295 -2.350409e+00
  296 -2.350409e+00
  297 -2.350409e+00
  298 -2.350409e+00
  299 -2.350409e+00
  300 -2.350409e+00
  301 -2.350409e+00
  302 -2.350409e+00
  303 -2.350409e+00
  304 -2.350409e+00
  305 -2.350409e+00
  306 -2.350409e+00
  307 -2.350409e+00
  308 -2.350409e+00
  309 -2.350409e+00
  310 -2.350409e+00
  311 -2.350409e+00
  312 -2.350409e+00
  313 -2.350409e+00
  314 -2.350409e+00
  315 -2.350409e+00
  316 -2.350409e+00
  317 -2.350409e+00
  318 -2.350409e+00
  319 -2.350409e+00
  320 -2.350409e+00
  321 -2.350409e+00
  322 -2.350409e+00
  323 -2.350409e+00
  324 -2.350409e+00
  325 -2.350409e+00
  326 -2.350409e+00
  327 -2.350409e+00
  328 -2.350409e+00
  329 -2.350409e+00
  330 -2.350409e+00
  331 -2.350409e+00
  332 -2.350409e+00
  333 -2.350409e+00
  334 -2.350409e+00
  335 -2.350409e+00
  336 -2.350409e+00
  337 -2.350409e+00
  338 -2.350409e+00
  339 -2.350409e+00
  340 -2.350409e+00
  341 -2.350409e+00
  342 -2.350409e+00
  343 -2.350409e+00
  344 -2.350409e+00
  345 -2.350409e+00
  346 -2.350409e+00
  347 -2.350409e+00
  348 -2.350409e+00
  349 -2.350409e+00
  350 -2.350409e+00
  351 -2.350409e+00
  352 -2.350409e+00
  353 -2.350409e+00
  354 -2.350409e+00
  355 -2.350409e+00
  356 -2.350409e+00
  357 -2.350409e+00
  358 -2.350409e+00
  359 -2.350409e+00
  360 -2.350409e+00
  361 -2.350409e+00
  362 -2.350409e+00
  363 -2.350409e+00
  364 -2.350409e+00
  365 -2.350409e+00
  366 -2.350409e+00
  367 -2.350409e+00
  368 -2.350409e+00
  369 -2.350409e+00
  370 -2.350409e+00
  371 -2.350409e+00
  372 -2.350409e+00
  373 -2.350409e+00
  374 -2.350409e+00
  375 -2.350409e+00
  376 -2.350409e+00
  377 -2.350409e+00
  378 -2.350409e+00
  379 -2.350409e+00
  380 -2.350409e+00
  381 -2.350409e+00
  382 -2.350409e+00
  383 -2.350409e+00
  384 -2.350409e+00
  385 -2.350409e+00
  386 -2.350409e+00
  387 -2.350409e+00
  388 -2.350409e+00
  389 -2.350409e+00
  390 -2.350409e+00
  391 -2.350409e+00
  392 -2.350409e+00
  393 -2.350409e+00
  394 -2.350409e+00
  395 -2.350409e+00
  396 -2.350409e+00
  397 -2.350409e+00
  398 -2.350409e+00
  399 -2.350409e+00
  400 -2.350409e+00
  401 -2.350409e+00
  402 -2.350409e+00
  403 -2.350409e+00
  404 -2.350409e+00
  405 -2.350409e+00
  406 -2.350409e+00
  407 -2.350409e+00
  408 -2.350409e+00
  409 -2.350409e+00
  410 -2.350409e+00
  411 -2.350409e+00
  412 -2.350409e+00
  413 -2.350409e+00
  414 -2.350409e+00
  415 -2.350409e+00
  416 -2.350409e+00
  417 -2.350409e+00
  418 -2.350409e+00
  419 -2.350409e+00
  420 -2.350409e+00
  421 -2.350409e+00
  422 -2.350409e+00
  423 -2.350409e+00
  424 -2.350409e+00
  425 -2.350409e+00
  426 -2.350409e+00
  427 -2.350409e+00
  428 -2.350409e+00
  429 -2.350409e+00
  430 -2.350409e+00
  431 -2.350409e+00
  432 -2.350409e+00
  433 -2.350409e+00
  434 -2.350409e+00
  435 -2.350409e+00
  436 -2.350409e+00
  437 -2.350409e+00
  438 -2.350409e+00
  439 -2.350409e+00
  440 -2.350409e+00
  441 -2.350409e+00
  442 -2.350409e+00
  443 -2.350409e+00
  444 -2.350409e+00
  445 -2.350409e+00
  446 -2.350409e+00
  447 -2.350409e+00
  448 -2.350409e+00
  449 -2.350409e+00
  450 -2.350409e+00
  451 -2.350409e+00
  452 -2.350409e+00
  453 -2.350409e+00
  454 -2.350409e+00
  455 -2.350409e+00
  456 -2.350409e+00
  457 -2.350409e+00
  458 -2.350409e+00
  459 -2.350409e+00
  460 -2.350409e+00
  461 -2.350409e+00
  462 -2.350409e+00
  463 -2.350409e+00
  464 -2.350409e+00
  465 -2.350409e+00
  466 -2.350409e+00
  467 -2.350409e+00
  468 -2.350409e+00
  469 -2.350409e+00
  470 -2.350409e+00
  471 -2.350409e+00
  472 -2.350409e+00
  473 -2.350409e+00
  474 -2.350409e+00
  475 -2.350409e+00
  476 -2.350409e+00
  477 -2.350409e+00
  478 -2.350409e+00
  479 -2.350409e+00
  480 -2.350409e+00
  481 -2.350409e+00
  482 -2.350409e+00
  483 -2.350409e+00
  484 -2.350409e+00
  485 -2.350409e+00
  486 -2.350409e+00
  487 -2.350409e+00
  488 -2.350409e+00
  489 -2.350409e+00
  490 -2.350409e+00
  491 -2.350409e+00
  492 -2.350409e+00
  493 -2.350409e+00
  494 -2.350409e+00
  495 -2.350409e+00
  496 -2.350409e+00
  497 -2.350409e+00
  498 -2.350409e+00
  499 -2.350409e+00
  500 -2.350409e+00
  501 -2.350409e+00
  502 -2.350409e+00
  503 -2.350409e+00
  504 -2.350409e+00
  505 -2.350409e+00
  506 -2.350409e+00
  507 -2.350409e+00
  508 -2.350409e+00
  509 -2.350409e+00
  510 -2.350409e+00
  511 -2.350409e+00
  512 -2.350409e+00
  513 -2.350409e+00
  514 -2.350409e+00
  515 -2.350409e+00
  516 -2.350409e+00
  517 -2.350409e+00
  518 -2.350409e+00
  519 -2.350409e+00
  520 -2.350409e+00
  521 -2.350409e+00
  522 -2.350409e+00
  523 -2.350409e+00
  524 -2.350409e+00
  525 -2.350409e+00
  526 -2.350409e+00
  527 -2.350409e+00
  528 -2.350409e+00
  529 -2.350409e+00
  530 -2.350409e+00
  531 -2.350409e+00
  532 -2.350409e+00
  533 -2.350409e+00
  534 -2.350409e+00
  535 -2.350409e+00
  536 -2.350409e+00
  537 -2.350409e+00
  538 -2.350409e+00
  539 -2.350409e+00
  540 -2.350409e+00
  541 -2.350409e+00
  542 -2.350409e+00
  543 -2.350409e+00
  544 -2.350409e+00
  545 -2.350409e+00
  546 -2.350409e+00
  547 -2.350409e+00
  548 -2.350409e+00
  549 -2.350409e+00
  550 -2.350409e+00
  551 -2.350409e+00
  552 -2.350409e+00
  553 -2.350409e+00
  554 -2.350409e+00
  555 -2.350409e+00
  556 -2.350409e+00
  557 -2.350409e+00
  558 -2.350409e+00
  559 -2.350409e+00
  560 -2.350409e+00
  561 -2.350409e+00
  562 -2.350409e+00
  563 -2.350409e+00
  564 -2.350409e+00
  565 -2.350409e+00
  566 -2.350409e+00
  567 -2.350409e+00
  568 -2.350409e+00
  569 -2.350409e+00
  570 -2.350409e+00
  571 -2.350409e+00
  572 -2.350409e+00
  573 -2.350409e+00
  574 -2.350409e+00
  575 -2.350409e+00
  576 -2.350409e+00
  577 -2.350409e+00
  578 -2.350409e+00
  579 -2.350409e+00
  580 -2.350409e+00
  581 -2.350409e+00
  582 -2.350409e+00
  583 -2.350409e+00
  584 -2.350409e+00
  585 -2.350409e+00
  586 -2.350409e+00
  587 -2.350409e+00
  588 -2.350409e+00
  589 -2.350409e+00
  590 -2.350409e+00
  591 -2.350409e+00
  592 -2.350409e+00
  593 -2.350409e+00
  594 -2.350409e+00
  595 -2.350409e+00
  596 -2.350409e+00
  597 -2.350409e+00
  598 -2.350409e+00
  599 -2.350409e+00
  600 -2.350409e+00
  601 -2.350409e+00
  602 -2.350409e+00
  603 -2.350409e+00
  604 -2.350409e+00
  605 -2.350409e+00
  606 -2.350409e+00
  607 -2.350409e+00
  608 -2.350409e+00
  609 -2.350409e+00
  610 -2.350409e+00
  611 -2.350409e+00
  612 -2.350409e+00
  613 -2.350409e+00
  614 -2.350409e+00
  615 -2.350409e+00
  616 -2.350409e+00
  617 -2.350409e+00
  618 -2.350409e+00
  619 -2.350409e+00
  620 -2.350409e+00
  621 -2.350409e+00
  622 -2.350409e+00
  623 -2.350409e+00
  624 -2.350409e+00
  625 -2.350409e+00
  626 -2.350409e+00
  627 -2.350409e+00
  628 -2.350409e+00
  629 -2.350409e+00
  630 -2.350409e+00
  631 -2.350409e+00
  632 -2.350409e+00
  633 -2.350409e+00
  634 -2.350409e+00
  635 -2.350409e+00
  636 -2.350409e+00
  637 -2.350409e+00
  638 -2.350409e+00
  639 -2.350409e+00
  640 -2.350409e+00
  641 -2.350409e+00
  642 -2.350409e+00
  643 -2.350409e+00
  644 -2.350409e+00
  645 -2.350409e+00
  646 -2.350409e+00
  647 -2.350409e+00
  648 -2.350409e+00
  649 -2.350409e+00
  650 -2.350409e+00
  651 -2.350409e+00
  652 -2.350409e+00
  653 -2.350409e+00
  654 -2.350409e+00
  655 -2.350409e+00
  656 -2.350409e+00
  657 -2.350409e+00
  658 -2.350409e+00
  659 -2.350409e+00
  660 -2.350409e+00
  661 -2.350409e+00
  662 -2.350409e+00
  663 -2.350409e+00
  664 -2.350409e+00
  665 -2.350409e+00
  666 -2.350409e+00
  667 -2.350409e+00
  668 -2.350409e+00
  669 -2.350409e+00
  670 -2.350409e+00
  671 -2.350409e+00
  672 -2.350409e+00
  673 -2.350409e+00
  674 -2.350409e+00
  675 -2.350409e+00
  676 -2.350409e+00
  677 -2.350409e+00
  678 -2.350409e+00
  679 -2.350409e+00
  680 -2.350409e+00
  681 -2.350409e+00
  682 -2.350409e+00
  683 -2.350409e+00
  684 -2.350409e+00
  685 -2.350409e+00
  686 -2.350409e+00
  687 -2.350409e+00
  688 -2.350409e+00
  689 -2.350409e+00
  690 -2.350409e+00
  691 -2.350409e+00
  692 -2.350409e+00
  693 -2.350409e+00
  694 -2.350409e+00
  695 -2.350409e+00
  696 -2.350409e+00
  697 -2.350409e+00
  698 -2.350409e+00
  699 -2.350409e+00
  700 -2.350409e+00
  701 -2.350409e+00
  702 -2.350409e+00
  703 -2.350409e+00
  704 -2.350409e+00
  705 -2.350409e+00
  706 -2.350409e+00
  707 -2.350409e+00
  708 -2.350409e+00
  709 -2.350409e+00
  710 -2.350409e+00
  711 -2.350409e+00
  712 -2.350409e+00
  713 -2.350409e+00
  714 -2.350409e+00
  715 -2.350409e+00
  716 -2.350409e+00
  717 -2.350409e+00
  718 -2.350409e+00
  719 -2.350409e+00
  720 -2.350409e+00
  721 -2.350409e+00
  722 -2.350409e+00
  723 -2.350409e+00
  724 -2.350409e+00
  725 -2.350409e+00
  726 -2.350409e+00
  727 -2.350409e+00
  728 -2.350409e+00
  729 -2.350409e+00
  730 -2.350409e+00
  731 -2.350409e+00
  732 -2.350409e+00
  733 -2.350409e+00
  734 -2.350409e+00
  735 -2.350409e+00
  736 -2.350409e+00
  737 -2.350409e+00
  738 -2.350409e+00
  739 -2.350409e+00
  740 -2.350409e+00
  741 -2.350409e+00
  742 -2.350409e+00
  743 -2.350409e+00
  744 -2.350409e+00
  745 -2.350409e+00
  746 -2.350409e+00
  747 -2.350409e+00
  748 -2.350409e+00
  749 -2.350409e+00
  750 -2.350409e+00
  751 -2.350409e+00
  752 -2.350409e+00
  753 -2.350409e+00
  754 -2.350409e+00
  755 -2.350409e+00
  756 -2.350409e+00
  757 -2.350409e+00
  758 -2.350409e+00
  759 -2.350409e+00
  760 -2.350409e+00
  761 -2.350409e+00
  762 -2.350409e+00
  763 -2.350409e+00
  764 -2.350409e+00
  765 -2.350409e+00
  766 -2.350409e+00
  767 -2.350409e+00
  768 -2.350409e+00
  769 -2.350409e+00
  770 -2.350409e+00
  771 -2.350409e+00
  772 -2.350409e+00
  773 -2.350409e+00
  774 -2.350409e+00
  775 -2.350409e+00
  776 -2.350409e+00
  777 -2.350409e+00
  778 -2.350409e+00
  779 -2.350409e+00
  780 -2.350409e+00
  781 -2.350409e+00
  782 -2.350409e+00
  783 -2.350409e+00
  784 -2.350409e+00
  785 -2.350409e+00
  786 -2.350409e+00
  787 -2.350409e+00
  788 -2.350409e+00
  789 -2.350409e+00
  790 -2.350409e+00
  791 -2.350409e+00
  792 -2.350409e+00
  793 -2.350409e+00
  794 -2.350409e+00
