    1 -3.265092e-01
    2 -8.545682e-01
    3 -1.492280e+00
    4 -2.173805e+00
    5 -2.853544e+00
    6 -3.370782e+00
    7 -3.707785e+00
    8 -3.911138e+00
    9 -4.018053e+00
   10 -4.057660e+00
   11 -4.052300e+00
   12 -4.018719e+00
   13 -3.969160e+00
   14 -3.912303e+00
   15 -3.854076e+00
   16 -3.798316e+00
   17 -3.747315e+00
   18 -3.702257e+00
   19 -3.663551e+00
   20 -3.631092e+00
   21 -3.604456e+00
   22 -3.583040e+00
   23 -3.566164e+00
   24 -3.553134e+00
   25 -3.543291e+00
   26 -3.536034e+00
   27 -3.530833e+00
   28 -3.527234e+00
   29 -3.524858e+00
   30 -3.523394e+00
   31 -3.522593e+00
   32 -3.522258e+00
   33 -3.522237e+00
   34 -3.522418e+00
   35 -3.522715e+00
   36 -3.523070e+00
   37 -3.523441e+00
   38 -3.523801e+00
   39 -3.524133e+00
   40 -3.524429e+00
   41 -3.524684e+00
   42 -3.524899e+00
   43 -3.525077e+00
   44 -3.525220e+00
   45 -3.525334e+00
   46 -3.525422e+00
   47 -3.525489e+00
   48 -3.525538e+00
   49 -3.525574e+00
   50 -3.525599e+00
   51 -3.525616e+00
   52 -3.525626e+00
   53 -3.525632e+00
   54 -3.525635e+00
   55 -3.525635e+00
   56 -3.525634e+00
   57 -3.525633e+00
   58 -3.525630e+00
   59 -3.525628e+00
   60 -3.525626e+00
   61 -3.525624e+00
   62 -3.525622e+00
   63 -3.525620e+00
   64 -3.525619e+00
   65 -3.525617e+00
   66 -3.525616e+00
   67 -3.525616e+00
   68 -3.525615e+00
   69 -3.525615e+00
   70 -3.525614e+00
   71 -3.525614e+00
   72 -3.525614e+00
   73 -3.525614e+00
   74 -3.525614e+00
   75 -3.525614e+00
   76 -3.525614e+00
   77 -3.525614e+00
   78 -3.525614e+00
   79 -3.525614e+00
   80 -3.525614e+00
   81 -3.525614e+00
   82 -3.525614e+00
   83 -3.525614e+00
   84 -3.525614e+00
   85 -3.525614e+00
   86 -3.525614e+00
   87 -3.525614e+00
   88 -3.525614e+00
   89 -3.525614e+00
   90 -3.525614e+00
   91 -3.525614e+00
   92 -3.525614e+00
   93 -3.525614e+00
   94 -3.525614e+00
   95 -3.525614e+00
   96 -3.525614e+00
   97 -3.525614e+00
   98 -3.525614e+00
   99 -3.525614e+00
  100 -3.525614e+00
  101 -3.525614e+00
  102 -3.525614e+00
  103 -3.525614e+00
  104 -3.525614e+00
  105 -3.525614e+00
  106 -3.525614e+00
  107 -3.525614e+00
  108 -3.525614e+00
  109 -3.525614e+00
  110 -3.525614e+00
  111 -3.525614e+00
  112 -3.525614e+00
  113 -3.525614e+00
  114 -3.525614e+00
  115 -3.525614e+00
  116 -3.525614e+00
  117 -3.525614e+00
  118 -3.525614e+00
  119 -3.525614e+00
  120 -3.525614e+00
  121 -3.525614e+00
  122 -3.525614e+00
  123 -3.525614e+00
  124 -3.525614e+00
  125 -3.525614e+00
  126 -3.525614e+00
  127 -3.525614e+00
  128 -3.525614e+00
  129 -3.525614e+00
  130 -3.525614e+00
  131 -3.525614e+00
  132 -3.525614e+00
  133 -3.525614e+00
  134 -3.525614e+00
  135 -3.525614e+00
  136 -3.525614e+00
  137 -3.525614e+00
  138 -3.525614e+00
  139 -3.525614e+00
  140 -3.525614e+00
  141 -3.525614e+00
  142 -3.525614e+00
  143 -3.525614e+00
  144 -3.525614e+00
  145 -3.525614e+00
  146 -3.525614e+00
  147 -3.525614e+00
  148 -3.525614e+00
  149 -3.525614e+00
  150 -3.525614e+00
  151 -3.525614e+00
  152 -3.525614e+00
  153 -3.525614e+00
  154 -3.525614e+00
  155 -3.525614e+00
  156 -3.525614e+00
  157 -3.525614e+00
  158 -3.525614e+00
  159 -3.525614e+00
  160 -3.525614e+00
  161 -3.525614e+00
  162 -3.525614e+00
  163 -3.525614e+00
  164 -3.525614e+00
  165 -3.525614e+00
  166 -3.525614e+00
  167 -3.525614e+00
  168 -3.525614e+00
  169 -3.525614e+00
  170 -3.525614e+00
  171 -3.525614e+00
  172 -3.525614e+00
  173 -3.525614e+00
  174 -3.525614e+00
  175 -3.525614e+00
  176 -3.525614e+00
  177 -3.525614e+00
  178 -3.525614e+00
  179 -3.525614e+00
  180 -3.525614e+00
  181 -3.525614e+00
  182 -3.525614e+00
  183 -3.525614e+00
  184 -3.525614e+00
  185 -3.525614e+00
  186 -3.525614e+00
  187 -3.525614e+00
  188 -3.525614e+00
  189 -3.525614e+00
  190 -3.525614e+00
  191 -3.525614e+00
  192 -3.525614e+00
  193 -3.525614e+00
  194 -3.525614e+00
  195 -3.525614e+00
  196 -3.525614e+00
  197 -3.525614e+00
  198 -3.525614e+00
  199 -3.525614e+00
  200 -3.525614e+00
  201 -3.525614e+00
  202 -3.525614e+00
  203 -3.525614e+00
  204 -3.525614e+00
  205 -3.525614e+00
  206 -3.525614e+00
  207 -3.525614e+00
  208 -3.525614e+00
  209 -3.525614e+00
  210 -3.525614e+00
  211 -3.525614e+00
  212 -3.525614e+00
  213 -3.525614e+00
  214 -3.525614e+00
  215 -3.525614e+00
  216 -3.525614e+00
  217 -3.525614e+00
  218 -3.525614e+00
  219 -3.525614e+00
  220 -3.525614e+00
  221 -3.525614e+00
  222 -3.525614e+00
  223 -3.525614e+00
  224 -3.525614e+00
  225 -3.525614e+00
  226 -3.525614e+00
  227 -3.525614e+00
  228 -3.525614e+00
  229 -3.525614e+00
  230 -3.525614e+00
  231 -3.525614e+00
  232 -3.525614e+00
  233 -3.525614e+00
  234 -3.525614e+00
  235 -3.525614e+00
  236 -3.525614e+00
  237 -3.525614e+00
  238 -3.525614e+00
  239 -3.525614e+00
  240 -3.525614e+00
  241 -3.525614e+00
  242 -3.525614e+00
  243 -3.525614e+00
  244 -3.525614e+00
  245 -3.525614e+00
  246 -3.525614e+00
  247 -3.525614e+00
  248 -3.525614e+00
  249 -3.525614e+00
  250 -3.525614e+00
  251 -3.525614e+00
  252 -3.525614e+00
  253 -3.525614e+00
  254 -3.525614e+00
  255 -3.525614e+00
  256 -3.525614e+00
  257 -3.525614e+00
  258 -3.525614e+00
  259 -3.525614e+00
  260 -3.525614e+00
  261 -3.525614e+00
  262 -3.525614e+00
  263 -3.525614e+00
  264 -3.525614e+00
  265 -3.525614e+00
  266 -3.525614e+00
  267 -3.525614e+00
  268 -3.525614e+00
  269 -3.525614e+00
  270 -3.525614e+00
  271 -3.525614e+00
  272 -3.525614e+00
  273 -3.525614e+00
  274 -3.525614e+00
  275 -3.525614e+00
  276 -3.525614e+00
  277 -3.525614e+00
  278 -3.525614e+00
  279 -3.525614e+00
  280 -3.525614e+00
  281 -3.525614e+00
  282 -3.525614e+00
  283 -3.525614e+00
  284 -3.525614e+00
  285 -3.525614e+00
  286 -3.525614e+00
  287 -3.525614e+00
  288 -3.525614e+00
  289 -3.525614e+00
  290 -3.525614e+00
  291 -3.525614e+00
  292 -3.525614e+00
  293 -3.525614e+00
  294 -3.525614e+00
  295 -3.525614e+00
  296 -3.525614e+00
  297 -3.525614e+00
  298 -3.525614e+00
  299 -3.525614e+00
  300 -3.525614e+00
  301 -3.525614e+00
  302 -3.525614e+00
  303 -3.525614e+00
  304 -3.525614e+00
  305 -3.525614e+00
  306 -3.525614e+00
  307 -3.525614e+00
  308 -3.525614e+00
  309 -3.525614e+00
  310 -3.525614e+00
  311 -3.525614e+00
  312 -3.525614e+00
  313 -3.525614e+00
  314 -3.525614e+00
  315 -3.525614e+00
  316 -3.525614e+00
  317 -3.525614e+00
  318 -3.525614e+00
  319 -3.525614e+00
  320 -3.525614e+00
  321 -3.525614e+00
  322 -3.525614e+00
  323 -3.525614e+00
  324 -3.525614e+00
  325 -3.525614e+00
  326 -3.525614e+00
  327 -3.525614e+00
  328 -3.525614e+00
  329 -3.525614e+00
  330 -3.525614e+00
  331 -3.525614e+00
  332 -3.525614e+00
  333 -3.525614e+00
  334 -3.525614e+00
  335 -3.525614e+00
  336 -3.525614e+00
  337 -3.525614e+00
  338 -3.525614e+00
  339 -3.525614e+00
  340 -3.525614e+00
  341 -3.525614e+00
  342 -3.525614e+00
  343 -3.525614e+00
  344 -3.525614e+00
  345 -3.525614e+00
  346 -3.525614e+00
  347 -3.525614e+00
  348 -3.525614e+00
  349 -3.525614e+00
  350 -3.525614e+00
  351 -3.525614e+00
  352 -3.525614e+00
  353 -3.525614e+00
  354 -3.525614e+00
  355 -3.525614e+00
  356 -3.525614e+00
  357 -3.525614e+00
  358 -3.525614e+00
  359 -3.525614e+00
  360 -3.525614e+00
  361 -3.525614e+00
  362 -3.525614e+00
  363 -3.525614e+00
  364 -3.525614e+00
  365 -3.525614e+00
  366 -3.525614e+00
  367 -3.525614e+00
  368 -3.525614e+00
  369 -3.525614e+00
  370 -3.525614e+00
  371 -3.525614e+00
  372 -3.525614e+00
  373 -3.525614e+00
  374 -3.525614e+00
  375 -3.525614e+00
  376 -3.525614e+00
  377 -3.525614e+00
  378 -3.525614e+00
  379 -3.525614e+00
  380 -3.525614e+00
  381 -3.525614e+00
  382 -3.525614e+00
  383 -3.525614e+00
  384 -3.525614e+00
  385 -3.525614e+00
  386 -3.525614e+00
  387 -3.525614e+00
  388 -3.525614e+00
  389 -3.525614e+00
  390 -3.525614e+00
  391 -3.525614e+00
  392 -3.525614e+00
  393 -3.525614e+00
  394 -3.525614e+00
  395 -3.525614e+00
  396 -3.525614e+00
  397 -3.525614e+00
  398 -3.525614e+00
  399 -3.525614e+00
  400 -3.525614e+00
  401 -3.525614e+00
  402 -3.525614e+00
  403 -3.525614e+00
  404 -3.525614e+00
  405 -3.525614e+00
  406 -3.525614e+00
  407 -3.525614e+00
  408 -3.525614e+00
  409 -3.525614e+00
  410 -3.525614e+00
  411 -3.525614e+00
  412 -3.525614e+00
  413 -3.525614e+00
  414 -3.525614e+00
  415 -3.525614e+00
  416 -3.525614e+00
  417 -3.525614e+00
  418 -3.525614e+00
  419 -3.525614e+00
  420 -3.525614e+00
  421 -3.525614e+00
  422 -3.525614e+00
  423 -3.525614e+00
  424 -3.525614e+00
  425 -3.525614e+00
  426 -3.525614e+00
  427 -3.525614e+00
  428 -3.525614e+00
  429 -3.525614e+00
  430 -3.525614e+00
  431 -3.525614e+00
  432 -3.525614e+00
  433 -3.525614e+00
  434 -3.525614e+00
  435 -3.525614e+00
  436 -3.525614e+00
  437 -3.525614e+00
  438 -3.525614e+00
  439 -3.525614e+00
  440 -3.525614e+00
  441 -3.525614e+00
  442 -3.525614e+00
  443 -3.525614e+00
  444 -3.525614e+00
  445 -3.525614e+00
  446 -3.525614e+00
  447 -3.525614e+00
  448 -3.525614e+00
  449 -3.525614e+00
  450 -3.525614e+00
  451 -3.525614e+00
  452 -3.525614e+00
  453 -3.525614e+00
  454 -3.525614e+00
  455 -3.525614e+00
  456 -3.525614e+00
  457 -3.525614e+00
  458 -3.525614e+00
  459 -3.525614e+00
  460 -3.525614e+00
  461 -3.525614e+00
  462 -3.525614e+00
  463 -3.525614e+00
  464 -3.525614e+00
  465 -3.525614e+00
  466 -3.525614e+00
  467 -3.525614e+00
  468 -3.525614e+00
  469 -3.525614e+00
  470 -3.525614e+00
  471 -3.525614e+00
  472 -3.525614e+00
  473 -3.525614e+00
  474 -3.525614e+00
  475 -3.525614e+00
  476 -3.525614e+00
  477 -3.525614e+00
  478 -3.525614e+00
  479 -3.525614e+00
  480 -3.525614e+00
  481 -3.525614e+00
  482 -3.525614e+00
  483 -3.525614e+00
  484 -3.525614e+00
  485 -3.525614e+00
  486 -3.525614e+00
  487 -3.525614e+00
  488 -3.525614e+00
  489 -3.525614e+00
  490 -3.525614e+00
  491 -3.525614e+00
  492 -3.525614e+00
  493 -3.525614e+00
  494 -3.525614e+00
  495 -3.525614e+00
  496 -3.525614e+00
  497 -3.525614e+00
  498 -3.525614e+00
  499 -3.525614e+00
  500 -3.525614e+00
  501 -3.525614e+00
  502 -3.525614e+00
  503 -3.525614e+00
  504 -3.525614e+00
  505 -3.525614e+00
  506 -3.525614e+00
  507 -3.525614e+00
  508 -3.525614e+00
  509 -3.525614e+00
  510 -3.525614e+00
  511 -3.525614e+00
  512 -3.525614e+00
  513 -3.525614e+00
  514 -3.525614e+00
  515 -3.525614e+00
  516 -3.525614e+00
  517 -3.525614e+00
  518 -3.525614e+00
  519 -3.525614e+00
  520 -3.525614e+00
  521 -3.525614e+00
  522 -3.525614e+00
  523 -3.525614e+00
  524 -3.525614e+00
  525 -3.525614e+00
  526 -3.525614e+00
  527 -3.525614e+00
  528 -3.525614e+00
  529 -3.525614e+00
  530 -3.525614e+00
  531 -3.525614e+00
  532 -3.525614e+00
  533 -3.525614e+00
  534 -3.525614e+00
  535 -3.525614e+00
  536 -3.525614e+00
  537 -3.525614e+00
  538 -3.525614e+00
  539 -3.525614e+00
  540 -3.525614e+00
  541 -3.525614e+00
  542 -3.525614e+00
  543 -3.525614e+00
  544 -3.525614e+00
  545 -3.525614e+00
  546 -3.525614e+00
  547 -3.525614e+00
  548 -3.525614e+00
  549 -3.525614e+00
  550 -3.525614e+00
  551 -3.525614e+00
  552 -3.525614e+00
  553 -3.525614e+00
  554 -3.525614e+00
  555 -3.525614e+00
  556 -3.525614e+00
  557 -3.525614e+00
  558 -3.525614e+00
  559 -3.525614e+00
  560 -3.525614e+00
  561 -3.525614e+00
  562 -3.525614e+00
  563 -3.525614e+00
  564 -3.525614e+00
  565 -3.525614e+00
  566 -3.525614e+00
  567 -3.525614e+00
  568 -3.525614e+00
  569 -3.525614e+00
  570 -3.525614e+00
  571 -3.525614e+00
  572 -3.525614e+00
  573 -3.525614e+00
  574 -3.525614e+00
  575 -3.525614e+00
  576 -3.525614e+00
  577 -3.525614e+00
  578 -3.525614e+00
  579 -3.525614e+00
  580 -3.525614e+00
  581 -3.525614e+00
  582 -3.525614e+00
  583 -3.525614e+00
  584 -3.525614e+00
  585 -3.525614e+00
  586 -3.525614e+00
  587 -3.525614e+00
  588 -3.525614e+00
  589 -3.525614e+00
  590 -3.525614e+00
  591 -3.525614e+00
  592 -3.525614e+00
  593 -3.525614e+00
  594 -3.525614e+00
  595 -3.525614e+00
  596 -3.525614e+00
  597 -3.525614e+00
  598 -3.525614e+00
  599 -3.525614e+00
  600 -3.525614e+00
  601 -3.525614e+00
  602 -3.525614e+00
  603 -3.525614e+00
  604 -3.525614e+00
  605 -3.525614e+00
  606 -3.525614e+00
  607 -3.525614e+00
  608 -3.525614e+00
  609 -3.525614e+00
  610 -3.525614e+00
  611 -3.525614e+00
  612 -3.525614e+00
  613 -3.525614e+00
  614 -3.525614e+00
  615 -3.525614e+00
  616 -3.525614e+00
  617 -3.525614e+00
  618 -3.525614e+00
  619 -3.525614e+00
  620 -3.525614e+00
  621 -3.525614e+00
  622 -3.525614e+00
  623 -3.525614e+00
  624 -3.525614e+00
  625 -3.525614e+00
  626 -3.525614e+00
  627 -3.525614e+00
  628 -3.525614e+00
  629 -3.525614e+00
  630 -3.525614e+00
  631 -3.525614e+00
  632 -3.525614e+00
  633 -3.525614e+00
  634 -3.525614e+00
  635 -3.525614e+00
  636 -3.525614e+00
  637 -3.525614e+00
  638 -3.525614e+00
  639 -3.525614e+00
  640 -3.525614e+00
  641 -3.525614e+00
  642 -3.525614e+00
  643 -3.525614e+00
  644 -3.525614e+00
  645 -3.525614e+00
  646 -3.525614e+00
  647 -3.525614e+00
  648 -3.525614e+00
  649 -3.525614e+00
  650 -3.525614e+00
  651 -3.525614e+00
  652 -3.525614e+00
  653 -3.525614e+00
  654 -3.525614e+00
  655 -3.525614e+00
  656 -3.525614e+00
  657 -3.525614e+00
  658 -3.525614e+00
  659 -3.525614e+00
  660 -3.525614e+00
  661 -3.525614e+00
  662 -3.525614e+00
  663 -3.525614e+00
  664 -3.525614e+00
  665 -3.525614e+00
  666 -3.525614e+00
  667 -3.525614e+00
  668 -3.525614e+00
  669 -3.525614e+00
  670 -3.525614e+00
  671 -3.525614e+00
  672 -3.525614e+00
  673 -3.525614e+00
  674 -3.525614e+00
  675 -3.525614e+00
  676 -3.525614e+00
  677 -3.525614e+00
  678 -3.525614e+00
  679 -3.525614e+00
  680 -3.525614e+00
  681 -3.525614e+00
  682 -3.525614e+00
  683 -3.525614e+00
  684 -3.525614e+00
  685 -3.525614e+00
  686 -3.525614e+00
  687 -3.525614e+00
  688 -3.525614e+00
  689 -3.525614e+00
  690 -3.525614e+00
  691 -3.525614e+00
  692 -3.525614e+00
  693 -3.525614e+00
  694 -3.525614e+00
  695 -3.525614e+00
  696 -3.525614e+00
  697 -3.525614e+00
  698 -3.525614e+00
  699 -3.525614e+00
  700 -3.525614e+00
  701 -3.525614e+00
  702 -3.525614e+00
  703 -3.525614e+00
  704 -3.525614e+00
  705 -3.525614e+00
  706 -3.525614e+00
  707 -3.525614e+00
  708 -3.525614e+00
  709 -3.525614e+00
  710 -3.525614e+00
  711 -3.525614e+00
  712 -3.525614e+00
  713 -3.525614e+00
  714 -3.525614e+00
  715 -3.525614e+00
  716 -3.525614e+00
  717 -3.525614e+00
  718 -3.525614e+00
  719 -3.525614e+00
  720 -3.525614e+00
  721 -3.525614e+00
  722 -3.525614e+00
  723 -3.525614e+00
  724 -3.525614e+00
  725 -3.525614e+00
  726 -3.525614e+00
  727 -3.525614e+00
  728 -3.525614e+00
  729 -3.525614e+00
  730 -3.525614e+00
  731 -3.525614e+00
  732 -3.525614e+00
  733 -3.525614e+00
  734 -3.525614e+00
  735 -3.525614e+00
  736 -3.525614e+00
  737 -3.525614e+00
  738 -3.525614e+00
  739 -3.525614e+00
  740 -3.525614e+00
  741 -3.525614e+00
  742 -3.525614e+00
  743 -3.525614e+00
  744 -3.525614e+00
  745 -3.525614e+00
  746 -3.525614e+00
  747 -3.525614e+00
  748 -3.525614e+00
  749 -3.525614e+00
  750 -3.525614e+00
  751 -3.525614e+00
  752 -3.525614e+00
  753 -3.525614e+00
  754 -3.525614e+00
  755 -3.525614e+00
  756 -3.525614e+00
  757 -3.525614e+00
  758 -3.525614e+00
  759 -3.525614e+00
  760 -3.525614e+00
  761 -3.525614e+00
  762 -3.525614e+00
  763 -3.525614e+00
  764 -3.525614e+00
  765 -3.525614e+00
  766 -3.525614e+00
  767 -3.525614e+00
  768 -3.525614e+00
  769 -3.525614e+00
  770 -3.525614e+00
  771 -3.525614e+00
  772 -3.525614e+00
  773 -3.525614e+00
  774 -3.525614e+00
  775 -3.525614e+00
  776 -3.525614e+00
  777 -3.525614e+00
  778 -3.525614e+00
  779 -3.525614e+00
  780 -3.525614e+00
  781 -3.525614e+00
  782 -3.525614e+00
  783 -3.525614e+00
  784 -3.525614e+00
  785 -3.525614e+00
  786 -3.525614e+00
  787 -3.525614e+00
  788 -3.525614e+00
  789 -3.525614e+00
  790 -3.525614e+00
  791 -3.525614e+00
  792 -3.525614e+00
  793 -3.525614e+00
  794 -3.525614e+00
