    1     0
    2     0
    3     0
    4     0
    5     0
    6     0
    7 -1.790960e-02
    8 -3.572475e-02
    9 -5.346090e-02
   10 -7.113018e-02
   11 -8.874029e-02
   12 -1.062505e-01
   13 -1.235656e-01
   14 -1.405675e-01
   15 -1.571323e-01
   16 -1.731403e-01
   17 -1.884826e-01
   18 -2.030649e-01
   19 -2.168116e-01
   20 -2.296677e-01
   21 -2.416015e-01
   22 -2.526054e-01
   23 -2.626955e-01
   24 -2.719093e-01
   25 -2.803020e-01
   26 -2.879417e-01
   27 -2.949035e-01
   28 -3.012648e-01
   29 -3.071009e-01
   30 -3.124818e-01
   31 -3.174705e-01
   32 -3.221221e-01
   33 -3.264839e-01
   34 -3.305959e-01
   35 -3.344914e-01
   36 -3.381985e-01
   37 -3.417402e-01
   38 -3.451359e-01
   39 -3.484017e-01
   40 -3.515508e-01
   41 -3.545946e-01
   42 -3.575426e-01
   43 -3.604026e-01
   44 -3.631815e-01
   45 -3.658851e-01
   46 -3.685184e-01
   47 -3.710855e-01
   48 -3.735902e-01
   49 -3.760356e-01
   50 -3.784247e-01
   51 -3.807597e-01
   52 -3.830429e-01
   53 -3.852762e-01
   54 -3.874614e-01
   55 -3.896001e-01
   56 -3.916936e-01
   57 -3.937432e-01
   58 -3.957502e-01
   59 -3.977157e-01
   60 -3.996407e-01
   61 -4.015261e-01
   62 -4.033730e-01
   63 -4.051821e-01
   64 -4.069544e-01
   65 -4.086905e-01
   66 -4.103913e-01
   67 -4.120574e-01
   68 -4.136897e-01
   69 -4.152886e-01
   70 -4.168550e-01
   71 -4.183894e-01
   72 -4.198925e-01
   73 -4.213648e-01
   74 -4.228070e-01
   75 -4.242196e-01
   76 -4.256032e-01
   77 -4.269583e-01
   78 -4.282854e-01
   79 -4.295852e-01
   80 -4.308580e-01
   81 -4.321044e-01
   82 -4.333250e-01
   83 -4.345201e-01
   84 -4.356902e-01
   85 -4.368359e-01
   86 -4.379575e-01
   87 -4.390556e-01
   88 -4.401306e-01
   89 -4.411828e-01
   90 -4.422128e-01
   91 -4.432210e-01
   92 -4.442077e-01
   93 -4.451735e-01
   94 -4.461186e-01
   95 -4.470435e-01
   96 -4.479486e-01
   97 -4.488342e-01
   98 -4.497008e-01
   99 -4.505487e-01
  100 -4.513782e-01
  101 -4.521898e-01
  102 -4.529838e-01
  103 -4.537605e-01
  104 -4.545202e-01
  105 -4.552634e-01
  106 -4.559903e-01
  107 -4.567013e-01
  108 -4.573967e-01
  109 -4.580767e-01
  110 -4.587418e-01
  111 -4.593922e-01
  112 -4.600282e-01
  113 -4.606501e-01
  114 -4.612582e-01
  115 -4.618528e-01
  116 -4.624341e-01
  117 -4.630025e-01
  118 -4.635582e-01
  119 -4.641014e-01
  120 -4.646324e-01
  121 -4.651516e-01
  122 -4.656590e-01
  123 -4.661551e-01
  124 -4.666399e-01
  125 -4.671138e-01
  126 -4.675770e-01
  127 -4.680297e-01
  128 -4.684722e-01
  129 -4.689046e-01
  130 -4.693272e-01
  131 -4.697401e-01
  132 -4.701437e-01
  133 -4.705381e-01
  134 -4.709234e-01
  135 -4.712999e-01
  136 -4.716679e-01
  137 -4.720274e-01
  138 -4.723786e-01
  139 -4.727218e-01
  140 -4.730571e-01
  141 -4.733847e-01
  142 -4.737047e-01
  143 -4.740174e-01
  144 -4.743228e-01
  145 -4.746212e-01
  146 -4.749127e-01
  147 -4.751975e-01
  148 -4.754756e-01
  149 -4.757473e-01
  150 -4.760128e-01
  151 -4.762720e-01
  152 -4.765252e-01
  153 -4.767726e-01
  154 -4.770142e-01
  155 -4.772501e-01
  156 -4.774806e-01
  157 -4.777057e-01
  158 -4.779255e-01
  159 -4.781402e-01
  160 -4.783499e-01
  161 -4.785547e-01
  162 -4.787547e-01
  163 -4.789500e-01
  164 -4.791408e-01
  165 -4.793270e-01
  166 -4.795090e-01
  167 -4.796866e-01
  168 -4.798601e-01
  169 -4.800295e-01
  170 -4.801949e-01
  171 -4.803564e-01
  172 -4.805141e-01
  173 -4.806681e-01
  174 -4.808185e-01
  175 -4.809654e-01
  176 -4.811087e-01
  177 -4.812487e-01
  178 -4.813855e-01
  179 -4.815189e-01
  180 -4.816492e-01
  181 -4.817765e-01
  182 -4.819007e-01
  183 -4.820220e-01
  184 -4.821405e-01
  185 -4.822561e-01
  186 -4.823690e-01
  187 -4.824792e-01
  188 -4.825868e-01
  189 -4.826919e-01
  190 -4.827945e-01
  191 -4.828946e-01
  192 -4.829924e-01
  193 -4.830879e-01
  194 -4.831810e-01
  195 -4.832720e-01
  196 -4.833608e-01
  197 -4.834476e-01
  198 -4.835322e-01
  199 -4.836148e-01
  200 -4.916237e-01
  201 -4.996147e-01
  202 -5.075847e-01
  203 -5.155299e-01
  204 -5.234463e-01
  205 -5.313236e-01
  206 -5.391543e-01
  207 -5.469308e-01
  208 -5.546439e-01
  209 -5.622835e-01
  210 -5.698386e-01
  211 -5.772988e-01
  212 -5.846542e-01
  213 -5.918958e-01
  214 -5.990159e-01
  215 -6.060079e-01
  216 -6.128663e-01
  217 -6.195868e-01
  218 -6.261658e-01
  219 -6.326010e-01
  220 -6.388903e-01
  221 -6.450328e-01
  222 -6.510277e-01
  223 -6.568751e-01
  224 -6.625752e-01
  225 -6.681287e-01
  226 -6.735366e-01
  227 -6.788002e-01
  228 -6.839209e-01
  229 -6.889005e-01
  230 -6.937406e-01
  231 -6.984434e-01
  232 -7.030109e-01
  233 -7.074453e-01
  234 -7.117488e-01
  235 -7.159239e-01
  236 -7.199728e-01
  237 -7.238981e-01
  238 -7.277022e-01
  239 -7.313876e-01
  240 -7.349569e-01
  241 -7.384126e-01
  242 -7.417572e-01
  243 -7.449934e-01
  244 -7.481237e-01
  245 -7.511506e-01
  246 -7.540767e-01
  247 -7.569046e-01
  248 -7.596367e-01
  249 -7.622755e-01
  250 -7.648235e-01
  251 -7.672832e-01
  252 -7.696570e-01
  253 -7.719473e-01
  254 -7.741564e-01
  255 -7.762868e-01
  256 -7.783405e-01
  257 -7.803200e-01
  258 -7.822275e-01
  259 -7.840651e-01
  260 -7.858349e-01
  261 -7.875391e-01
  262 -7.891798e-01
  263 -7.907589e-01
  264 -7.922784e-01
  265 -7.937403e-01
  266 -7.951464e-01
  267 -7.964986e-01
  268 -7.977987e-01
  269 -7.990484e-01
  270 -8.002495e-01
  271 -8.014036e-01
  272 -8.025124e-01
  273 -8.035774e-01
  274 -8.046001e-01
  275 -8.055822e-01
  276 -8.065250e-01
  277 -8.074299e-01
  278 -8.082984e-01
  279 -8.091317e-01
  280 -8.099312e-01
  281 -8.106981e-01
  282 -8.114336e-01
  283 -8.121389e-01
  284 -8.128151e-01
  285 -8.134634e-01
  286 -8.140848e-01
  287 -8.146803e-01
  288 -8.152510e-01
  289 -8.157978e-01
  290 -8.163216e-01
  291 -8.168234e-01
  292 -8.173039e-01
  293 -8.177642e-01
  294 -8.182049e-01
  295 -8.186268e-01
  296 -8.190308e-01
  297 -8.194174e-01
  298 -8.197875e-01
  299 -8.201417e-01
  300 -8.204807e-01
  301 -8.208050e-01
  302 -8.211153e-01
  303 -8.214121e-01
  304 -8.216961e-01
  305 -8.219677e-01
  306 -8.222275e-01
  307 -8.224759e-01
  308 -8.227135e-01
  309 -8.229406e-01
  310 -8.231578e-01
  311 -8.233655e-01
  312 -8.235640e-01
  313 -8.237537e-01
  314 -8.239351e-01
  315 -8.241085e-01
  316 -8.242742e-01
  317 -8.244325e-01
  318 -8.245838e-01
  319 -8.247284e-01
  320 -8.248665e-01
  321 -8.249985e-01
  322 -8.251246e-01
  323 -8.252451e-01
  324 -8.253602e-01
  325 -8.254702e-01
  326 -8.255752e-01
  327 -8.256755e-01
  328 -8.257713e-01
  329 -8.258628e-01
  330 -8.259502e-01
  331 -8.260337e-01
  332 -8.261134e-01
  333 -8.261895e-01
  334 -8.262622e-01
  335 -8.263316e-01
  336 -8.263979e-01
  337 -8.264612e-01
  338 -8.265216e-01
  339 -8.265792e-01
  340 -8.266343e-01
  341 -8.266869e-01
  342 -8.267371e-01
  343 -8.267850e-01
  344 -8.268307e-01
  345 -8.268744e-01
  346 -8.269161e-01
  347 -8.269559e-01
  348 -8.269938e-01
  349 -8.270301e-01
  350 -8.270647e-01
  351 -8.270977e-01
  352 -8.271292e-01
  353 -8.271593e-01
  354 -8.271880e-01
  355 -8.272154e-01
  356 -8.272416e-01
  357 -8.272666e-01
  358 -8.272904e-01
  359 -8.273131e-01
  360 -8.273348e-01
  361 -8.273555e-01
  362 -8.273753e-01
  363 -8.273941e-01
  364 -8.274121e-01
  365 -8.274293e-01
  366 -8.274457e-01
  367 -8.274613e-01
  368 -8.274762e-01
  369 -8.274905e-01
  370 -8.275041e-01
  371 -8.275170e-01
  372 -8.275294e-01
  373 -8.275412e-01
  374 -8.275525e-01
  375 -8.275632e-01
  376 -8.275735e-01
  377 -8.275833e-01
  378 -8.275926e-01
  379 -8.276015e-01
  380 -8.276100e-01
  381 -8.276181e-01
  382 -8.276258e-01
  383 -8.276332e-01
  384 -8.276403e-01
  385 -8.276470e-01
  386 -8.276534e-01
  387 -8.276595e-01
  388 -8.276654e-01
  389 -8.276709e-01
  390 -8.276762e-01
  391 -8.276813e-01
  392 -8.276862e-01
  393 -8.276908e-01
  394 -8.276952e-01
  395 -8.276994e-01
  396 -8.277034e-01
  397 -8.277072e-01
  398 -8.277108e-01
  399 -8.277143e-01
  400 -8.198038e-01
  401 -8.119091e-01
  402 -8.040332e-01
  403 -7.961800e-01
  404 -7.883537e-01
  405 -7.805644e-01
  406 -7.728198e-01
  407 -7.651286e-01
  408 -7.575014e-01
  409 -7.499509e-01
  410 -7.424906e-01
  411 -7.351341e-01
  412 -7.278947e-01
  413 -7.207846e-01
  414 -7.138145e-01
  415 -7.069939e-01
  416 -7.003306e-01
  417 -6.938310e-01
  418 -6.874998e-01
  419 -6.813406e-01
  420 -6.753556e-01
  421 -6.695459e-01
  422 -6.639114e-01
  423 -6.584515e-01
  424 -6.531645e-01
  425 -6.480481e-01
  426 -6.430995e-01
  427 -6.383153e-01
  428 -6.336918e-01
  429 -6.292249e-01
  430 -6.249105e-01
  431 -6.207440e-01
  432 -6.167209e-01
  433 -6.128365e-01
  434 -6.090862e-01
  435 -6.054652e-01
  436 -6.019690e-01
  437 -5.985929e-01
  438 -5.953325e-01
  439 -5.921833e-01
  440 -5.891411e-01
  441 -5.862017e-01
  442 -5.833610e-01
  443 -5.806153e-01
  444 -5.779606e-01
  445 -5.753936e-01
  446 -5.729105e-01
  447 -5.705083e-01
  448 -5.681836e-01
  449 -5.659334e-01
  450 -5.637548e-01
  451 -5.616451e-01
  452 -5.596015e-01
  453 -5.576217e-01
  454 -5.557030e-01
  455 -5.538433e-01
  456 -5.520403e-01
  457 -5.502919e-01
  458 -5.485961e-01
  459 -5.469511e-01
  460 -5.453549e-01
  461 -5.438059e-01
  462 -5.423024e-01
  463 -5.408427e-01
  464 -5.394254e-01
  465 -5.380491e-01
  466 -5.367122e-01
  467 -5.354136e-01
  468 -5.341518e-01
  469 -5.329258e-01
  470 -5.317342e-01
  471 -5.305761e-01
  472 -5.294503e-01
  473 -5.283558e-01
  474 -5.272915e-01
  475 -5.262566e-01
  476 -5.252502e-01
  477 -5.242712e-01
  478 -5.233189e-01
  479 -5.223925e-01
  480 -5.214912e-01
  481 -5.206142e-01
  482 -5.197608e-01
  483 -5.189303e-01
  484 -5.181220e-01
  485 -5.173352e-01
  486 -5.165694e-01
  487 -5.158238e-01
  488 -5.150980e-01
  489 -5.143913e-01
  490 -5.137032e-01
  491 -5.130332e-01
  492 -5.123807e-01
  493 -5.117453e-01
  494 -5.111264e-01
  495 -5.105236e-01
  496 -5.099365e-01
  497 -5.093646e-01
  498 -5.088074e-01
  499 -5.082647e-01
  500 -5.077359e-01
  501 -5.072208e-01
  502 -5.067188e-01
  503 -5.062297e-01
  504 -5.057531e-01
  505 -5.052887e-01
  506 -5.048362e-01
  507 -5.043951e-01
  508 -5.039653e-01
  509 -5.035464e-01
  510 -5.031381e-01
  511 -5.027401e-01
  512 -5.023522e-01
  513 -5.019741e-01
  514 -5.016056e-01
  515 -5.012463e-01
  516 -5.008960e-01
  517 -5.005546e-01
  518 -5.002217e-01
  519 -4.998972e-01
  520 -4.995808e-01
  521 -4.992723e-01
  522 -4.989715e-01
  523 -4.986782e-01
  524 -4.983923e-01
  525 -4.981135e-01
  526 -4.978416e-01
  527 -4.975764e-01
  528 -4.973179e-01
  529 -4.970658e-01
  530 -4.968199e-01
  531 -4.965802e-01
  532 -4.963464e-01
  533 -4.961183e-01
  534 -4.958959e-01
  535 -4.956790e-01
  536 -4.954675e-01
  537 -4.952612e-01
  538 -4.950599e-01
  539 -4.948637e-01
  540 -4.946722e-01
  541 -4.944855e-01
  542 -4.943034e-01
  543 -4.941257e-01
  544 -4.939524e-01
  545 -4.937834e-01
  546 -4.936185e-01
  547 -4.934577e-01
  548 -4.933008e-01
  549 -4.931478e-01
  550 -4.929985e-01
  551 -4.928528e-01
  552 -4.927107e-01
  553 -4.925721e-01
  554 -4.924369e-01
  555 -4.923050e-01
  556 -4.921763e-01
  557 -4.920508e-01
  558 -4.919283e-01
  559 -4.918088e-01
  560 -4.916922e-01
  561 -4.915785e-01
  562 -4.914675e-01
  563 -4.913593e-01
  564 -4.912537e-01
  565 -4.911506e-01
  566 -4.910501e-01
  567 -4.909520e-01
  568 -4.908563e-01
  569 -4.907629e-01
  570 -4.906718e-01
  571 -4.905829e-01
  572 -4.904961e-01
  573 -4.904115e-01
  574 -4.903289e-01
  575 -4.902483e-01
  576 -4.901697e-01
  577 -4.900930e-01
  578 -4.900182e-01
  579 -4.899451e-01
  580 -4.898739e-01
  581 -4.898043e-01
  582 -4.897365e-01
  583 -4.896703e-01
  584 -4.896057e-01
  585 -4.895426e-01
  586 -4.894811e-01
  587 -4.894211e-01
  588 -4.893625e-01
  589 -4.893054e-01
  590 -4.892496e-01
  591 -4.891952e-01
  592 -4.891421e-01
  593 -4.890903e-01
  594 -4.890397e-01
  595 -4.889903e-01
  596 -4.889422e-01
  597 -4.888952e-01
  598 -4.888493e-01
  599 -4.888046e-01
  600 -4.834771e-01
  601 -4.781614e-01
  602 -4.728593e-01
  603 -4.675735e-01
  604 -4.623067e-01
  605 -4.570656e-01
  606 -4.518551e-01
  607 -4.466801e-01
  608 -4.415467e-01
  609 -4.364615e-01
  610 -4.314313e-01
  611 -4.264630e-01
  612 -4.215625e-01
  613 -4.167351e-01
  614 -4.119850e-01
  615 -4.073154e-01
  616 -4.027287e-01
  617 -3.982264e-01
  618 -3.938089e-01
  619 -3.894763e-01
  620 -3.852279e-01
  621 -3.810626e-01
  622 -3.769789e-01
  623 -3.729749e-01
  624 -3.690486e-01
  625 -3.651977e-01
  626 -3.614199e-01
  627 -3.577128e-01
  628 -3.540738e-01
  629 -3.505004e-01
  630 -3.469904e-01
  631 -3.435411e-01
  632 -3.401503e-01
  633 -3.368156e-01
  634 -3.335348e-01
  635 -3.303058e-01
  636 -3.271265e-01
  637 -3.239949e-01
  638 -3.209091e-01
  639 -3.178672e-01
  640 -3.148675e-01
  641 -3.119082e-01
  642 -3.089879e-01
  643 -3.061050e-01
  644 -3.032580e-01
  645 -3.004455e-01
  646 -2.976661e-01
  647 -2.949187e-01
  648 -2.922019e-01
  649 -2.895147e-01
  650 -2.868559e-01
  651 -2.842244e-01
  652 -2.816193e-01
  653 -2.790396e-01
  654 -2.764844e-01
  655 -2.739527e-01
  656 -2.714439e-01
  657 -2.689570e-01
  658 -2.664914e-01
  659 -2.640462e-01
  660 -2.616209e-01
  661 -2.592148e-01
  662 -2.568273e-01
  663 -2.544578e-01
  664 -2.521057e-01
  665 -2.497705e-01
  666 -2.474518e-01
  667 -2.451491e-01
  668 -2.428620e-01
  669 -2.405899e-01
  670 -2.383327e-01
  671 -2.360898e-01
  672 -2.338611e-01
  673 -2.316461e-01
  674 -2.294445e-01
  675 -2.272562e-01
  676 -2.250809e-01
  677 -2.229183e-01
  678 -2.207683e-01
  679 -2.186306e-01
  680 -2.165051e-01
  681 -2.143917e-01
  682 -2.122902e-01
  683 -2.102005e-01
  684 -2.081225e-01
  685 -2.060562e-01
  686 -2.040014e-01
  687 -2.019581e-01
  688 -1.999263e-01
  689 -1.979060e-01
  690 -1.958970e-01
  691 -1.938995e-01
  692 -1.919135e-01
  693 -1.899389e-01
  694 -1.879757e-01
  695 -1.860241e-01
  696 -1.840841e-01
  697 -1.821556e-01
  698 -1.802389e-01
  699 -1.783339e-01
  700 -1.764407e-01
  701 -1.745594e-01
  702 -1.726900e-01
  703 -1.708328e-01
  704 -1.689877e-01
  705 -1.671548e-01
  706 -1.653344e-01
  707 -1.635263e-01
  708 -1.617308e-01
  709 -1.599479e-01
  710 -1.581778e-01
  711 -1.564206e-01
  712 -1.546762e-01
  713 -1.529450e-01
  714 -1.512269e-01
  715 -1.495220e-01
  716 -1.478304e-01
  717 -1.461523e-01
  718 -1.444877e-01
  719 -1.428367e-01
  720 -1.411994e-01
  721 -1.395758e-01
  722 -1.379661e-01
  723 -1.363702e-01
  724 -1.347883e-01
  725 -1.332205e-01
  726 -1.316667e-01
  727 -1.301270e-01
  728 -1.286015e-01
  729 -1.270902e-01
  730 -1.255931e-01
  731 -1.241103e-01
  732 -1.226417e-01
  733 -1.211875e-01
  734 -1.197476e-01
  735 -1.183220e-01
  736 -1.169107e-01
  737 -1.155137e-01
  738 -1.141310e-01
  739 -1.127626e-01
  740 -1.114084e-01
  741 -1.100685e-01
  742 -1.087428e-01
  743 -1.074312e-01
  744 -1.061337e-01
  745 -1.048504e-01
  746 -1.035810e-01
  747 -1.023256e-01
  748 -1.010841e-01
  749 -9.985645e-02
  750 -9.864257e-02
  751 -9.744239e-02
  752 -9.625583e-02
  753 -9.508281e-02
  754 -9.392326e-02
  755 -9.277708e-02
  756 -9.164420e-02
  757 -9.052451e-02
  758 -8.941793e-02
  759 -8.832435e-02
  760 -8.724368e-02
  761 -8.617583e-02
  762 -8.512067e-02
  763 -8.407812e-02
  764 -8.304806e-02
  765 -8.203039e-02
  766 -8.102499e-02
  767 -8.003176e-02
  768 -7.905059e-02
  769 -7.808135e-02
  770 -7.712394e-02
  771 -7.617824e-02
  772 -7.524413e-02
  773 -7.432150e-02
  774 -7.341024e-02
  775 -7.251022e-02
  776 -7.162133e-02
  777 -7.074344e-02
  778 -6.987645e-02
  779 -6.902023e-02
  780 -6.817467e-02
  781 -6.733964e-02
  782 -6.651503e-02
  783 -6.570072e-02
  784 -6.489660e-02
  785 -6.410255e-02
  786 -6.331845e-02
  787 -6.254419e-02
  788 -6.177964e-02
  789 -6.102470e-02
  790 -6.027926e-02
  791 -5.954319e-02
  792 -5.881638e-02
  793 -5.809873e-02
  794 -5.739012e-02
  795 -5.669045e-02
  796 -5.599959e-02
  797 -5.531745e-02
  798 -5.464391e-02
  799 -5.397887e-02
  800 -5.332222e-02
