    1     0
    2     0
    3     0
    4     0
    5     0
    6     0
    7    -1
    8    -1
    9    -1
   10    -1
   11    -1
   12    -1
   13    -1
   14 -5.711362e-01
   15 -2.292514e-01
   16 -2.472893e-02
   17 4.605733e-02
   18 1.601131e-02
   19 -8.622052e-02
   20 -2.376080e-01
   21 -4.120906e-01
   22 -5.760197e-01
   23 -6.995745e-01
   24 -7.608806e-01
   25 -7.533892e-01
   26 -7.196303e-01
   27 -6.831169e-01
   28 -6.147198e-01
   29 -5.296694e-01
   30 -4.652383e-01
   31 -4.265452e-01
   32 -4.083961e-01
   33 -4.081909e-01
   34 -4.228785e-01
   35 -4.473248e-01
   36 -4.754555e-01
   37 -5.017763e-01
   38 -5.221866e-01
   39 -5.343193e-01
   40 -5.376384e-01
   41 -5.332722e-01
   42 -5.235330e-01
   43 -5.112185e-01
   44 -4.989268e-01
   45 -4.886066e-01
   46 -4.813958e-01
   47 -4.776630e-01
   48 -4.771488e-01
   49 -4.791528e-01
   50 -4.827349e-01
   51 -4.869099e-01
   52 -4.908106e-01
   53 -4.938033e-01
   54 -4.955429e-01
   55 -4.959714e-01
   56 -4.952672e-01
   57 -4.937632e-01
   58 -4.918554e-01
   59 -4.899207e-01
   60 -4.882570e-01
   61 -4.870524e-01
   62 -4.863787e-01
   63 -4.862059e-01
   64 -4.864304e-01
   65 -4.869083e-01
   66 -4.874869e-01
   67 -4.880328e-01
   68 -4.884483e-01
   69 -4.886803e-01
   70 -4.887190e-01
   71 -4.885896e-01
   72 -4.883408e-01
   73 -4.880308e-01
   74 -4.877160e-01
   75 -4.874415e-01
   76 -4.872364e-01
   77 -4.871121e-01
   78 -4.870651e-01
   79 -4.870803e-01
   80 -4.871360e-01
   81 -4.872092e-01
   82 -4.872794e-01
   83 -4.873317e-01
   84 -4.873578e-01
   85 -4.873557e-01
   86 -4.873289e-01
   87 -4.872845e-01
   88 -4.872311e-01
   89 -4.871771e-01
   90 -4.871295e-01
   91 -4.870924e-01
   92 -4.870681e-01
   93 -4.870558e-01
   94 -4.870532e-01
   95 -4.870575e-01
   96 -4.870648e-01
   97 -4.870720e-01
   98 -4.870770e-01
   99 -4.870782e-01
  100 -4.870755e-01
  101 -4.870692e-01
  102 -4.870604e-01
  103 -4.870503e-01
  104 -4.870404e-01
  105 -4.870315e-01
  106 -4.870243e-01
  107 -4.870192e-01
  108 -4.870160e-01
  109 -4.870144e-01
  110 -4.870140e-01
  111 -4.870140e-01
  112 -4.870142e-01
  113 -4.870141e-01
  114 -4.870135e-01
  115 -4.870123e-01
  116 -4.870107e-01
  117 -4.870088e-01
  118 -4.870067e-01
  119 -4.870047e-01
  120 -4.870029e-01
  121 -4.870014e-01
  122 -4.870002e-01
  123 -4.869994e-01
  124 -4.869988e-01
  125 -4.869985e-01
  126 -4.869982e-01
  127 -4.869980e-01
  128 -4.869977e-01
  129 -4.869974e-01
  130 -4.869970e-01
  131 -4.869966e-01
  132 -4.869961e-01
  133 -4.869957e-01
  134 -4.869952e-01
  135 -4.869948e-01
  136 -4.869945e-01
  137 -4.869942e-01
  138 -4.869940e-01
  139 -4.869938e-01
  140 -4.869936e-01
  141 -4.869935e-01
  142 -4.869934e-01
  143 -4.869933e-01
  144 -4.869932e-01
  145 -4.869931e-01
  146 -4.869930e-01
  147 -4.869929e-01
  148 -4.869927e-01
  149 -4.869926e-01
  150 -4.869925e-01
  151 -4.869925e-01
  152 -4.869924e-01
  153 -4.869923e-01
  154 -4.869923e-01
  155 -4.869922e-01
  156 -4.869922e-01
  157 -4.869921e-01
  158 -4.869921e-01
  159 -4.869921e-01
  160 -4.869920e-01
  161 -4.869920e-01
  162 -4.869920e-01
  163 -4.869920e-01
  164 -4.869919e-01
  165 -4.869919e-01
  166 -4.869919e-01
  167 -4.869919e-01
  168 -4.869918e-01
  169 -4.869918e-01
  170 -4.869918e-01
  171 -4.869918e-01
  172 -4.869918e-01
  173 -4.869918e-01
  174 -4.869918e-01
  175 -4.869918e-01
  176 -4.869918e-01
  177 -4.869918e-01
  178 -4.869917e-01
  179 -4.869917e-01
  180 -4.869917e-01
  181 -4.869917e-01
  182 -4.869917e-01
  183 -4.869917e-01
  184 -4.869917e-01
  185 -4.869917e-01
  186 -4.869917e-01
  187 -4.869917e-01
  188 -4.869917e-01
  189 -4.869917e-01
  190 -4.869917e-01
  191 -4.869917e-01
  192 -4.869917e-01
  193 -4.869917e-01
  194 -4.869917e-01
  195 -4.869917e-01
  196 -4.869917e-01
  197 -4.869917e-01
  198 -4.869917e-01
  199 -4.869917e-01
  200 -7.643257e-01
  201 -9.251213e-01
  202 -9.991309e-01
  203    -1
  204 -9.821084e-01
  205 -9.364317e-01
  206 -8.766548e-01
  207 -8.183015e-01
  208 -7.731239e-01
  209 -7.463203e-01
  210 -7.380125e-01
  211 -7.451944e-01
  212 -7.631367e-01
  213 -7.865567e-01
  214 -8.105596e-01
  215 -8.312979e-01
  216 -8.463235e-01
  217 -8.546573e-01
  218 -8.566163e-01
  219 -8.534665e-01
  220 -8.469923e-01
  221 -8.390779e-01
  222 -8.313716e-01
  223 -8.250743e-01
  224 -8.208556e-01
  225 -8.188798e-01
  226 -8.189072e-01
  227 -8.204348e-01
  228 -8.228425e-01
  229 -8.255210e-01
  230 -8.279667e-01
  231 -8.298364e-01
  232 -8.309629e-01
  233 -8.313400e-01
  234 -8.310839e-01
  235 -8.303853e-01
  236 -8.294601e-01
  237 -8.285087e-01
  238 -8.276873e-01
  239 -8.270934e-01
  240 -8.267646e-01
  241 -8.266871e-01
  242 -8.268105e-01
  243 -8.270646e-01
  244 -8.273756e-01
  245 -8.276788e-01
  246 -8.279267e-01
  247 -8.280925e-01
  248 -8.281691e-01
  249 -8.281657e-01
  250 -8.281021e-01
  251 -8.280031e-01
  252 -8.278932e-01
  253 -8.277925e-01
  254 -8.277151e-01
  255 -8.276675e-01
  256 -8.276504e-01
  257 -8.276588e-01
  258 -8.276854e-01
  259 -8.277214e-01
  260 -8.277588e-01
  261 -8.277912e-01
  262 -8.278147e-01
  263 -8.278278e-01
  264 -8.278308e-01
  265 -8.278259e-01
  266 -8.278157e-01
  267 -8.278032e-01
  268 -8.277910e-01
  269 -8.277810e-01
  270 -8.277742e-01
  271 -8.277710e-01
  272 -8.277711e-01
  273 -8.277736e-01
  274 -8.277776e-01
  275 -8.277820e-01
  276 -8.277861e-01
  277 -8.277892e-01
  278 -8.277912e-01
  279 -8.277919e-01
  280 -8.277916e-01
  281 -8.277906e-01
  282 -8.277891e-01
  283 -8.277876e-01
  284 -8.277863e-01
  285 -8.277854e-01
  286 -8.277849e-01
  287 -8.277847e-01
  288 -8.277850e-01
  289 -8.277854e-01
  290 -8.277860e-01
  291 -8.277864e-01
  292 -8.277868e-01
  293 -8.277871e-01
  294 -8.277872e-01
  295 -8.277872e-01
  296 -8.277870e-01
  297 -8.277869e-01
  298 -8.277867e-01
  299 -8.277866e-01
  300 -8.277864e-01
  301 -8.277864e-01
  302 -8.277864e-01
  303 -8.277864e-01
  304 -8.277864e-01
  305 -8.277865e-01
  306 -8.277865e-01
  307 -8.277866e-01
  308 -8.277866e-01
  309 -8.277866e-01
  310 -8.277866e-01
  311 -8.277866e-01
  312 -8.277866e-01
  313 -8.277866e-01
  314 -8.277866e-01
  315 -8.277866e-01
  316 -8.277865e-01
  317 -8.277865e-01
  318 -8.277865e-01
  319 -8.277866e-01
  320 -8.277866e-01
  321 -8.277866e-01
  322 -8.277866e-01
  323 -8.277866e-01
  324 -8.277866e-01
  325 -8.277866e-01
  326 -8.277866e-01
  327 -8.277866e-01
  328 -8.277866e-01
  329 -8.277866e-01
  330 -8.277866e-01
  331 -8.277866e-01
  332 -8.277866e-01
  333 -8.277866e-01
  334 -8.277866e-01
  335 -8.277866e-01
  336 -8.277866e-01
  337 -8.277866e-01
  338 -8.277866e-01
  339 -8.277866e-01
  340 -8.277866e-01
  341 -8.277866e-01
  342 -8.277866e-01
  343 -8.277866e-01
  344 -8.277866e-01
  345 -8.277866e-01
  346 -8.277866e-01
  347 -8.277866e-01
  348 -8.277866e-01
  349 -8.277866e-01
  350 -8.277866e-01
  351 -8.277866e-01
  352 -8.277866e-01
  353 -8.277866e-01
  354 -8.277866e-01
  355 -8.277866e-01
  356 -8.277866e-01
  357 -8.277866e-01
  358 -8.277866e-01
  359 -8.277866e-01
  360 -8.277866e-01
  361 -8.277866e-01
  362 -8.277866e-01
  363 -8.277866e-01
  364 -8.277866e-01
  365 -8.277866e-01
  366 -8.277866e-01
  367 -8.277866e-01
  368 -8.277866e-01
  369 -8.277866e-01
  370 -8.277866e-01
  371 -8.277866e-01
  372 -8.277866e-01
  373 -8.277866e-01
  374 -8.277866e-01
  375 -8.277866e-01
  376 -8.277866e-01
  377 -8.277866e-01
  378 -8.277866e-01
  379 -8.277866e-01
  380 -8.277866e-01
  381 -8.277866e-01
  382 -8.277866e-01
  383 -8.277866e-01
  384 -8.277866e-01
  385 -8.277866e-01
  386 -8.277866e-01
  387 -8.277866e-01
  388 -8.277866e-01
  389 -8.277866e-01
  390 -8.277866e-01
  391 -8.277866e-01
  392 -8.277866e-01
  393 -8.277866e-01
  394 -8.277866e-01
  395 -8.277866e-01
  396 -8.277866e-01
  397 -8.277866e-01
  398 -8.277866e-01
  399 -8.277866e-01
  400 -5.565266e-01
  401 -3.986679e-01
  402 -3.255162e-01
  403 -3.112327e-01
  404 -3.339067e-01
  405 -3.841647e-01
  406 -4.522112e-01
  407 -5.248053e-01
  408 -5.887585e-01
  409 -6.341652e-01
  410 -6.559870e-01
  411 -6.541228e-01
  412 -6.326774e-01
  413 -5.988505e-01
  414 -5.610079e-01
  415 -5.262347e-01
  416 -4.989859e-01
  417 -4.812130e-01
  418 -4.729861e-01
  419 -4.730226e-01
  420 -4.791483e-01
  421 -4.887703e-01
  422 -4.993276e-01
  423 -5.086596e-01
  424 -5.152575e-01
  425 -5.183797e-01
  426 -5.180307e-01
  427 -5.148178e-01
  428 -5.097233e-01
  429 -5.038502e-01
  430 -4.981986e-01
  431 -4.935155e-01
  432 -4.902274e-01
  433 -4.884455e-01
  434 -4.880202e-01
  435 -4.886238e-01
  436 -4.898413e-01
  437 -4.912556e-01
  438 -4.925144e-01
  439 -4.933739e-01
  440 -4.937152e-01
  441 -4.935366e-01
  442 -4.929282e-01
  443 -4.920363e-01
  444 -4.910257e-01
  445 -4.900480e-01
  446 -4.892187e-01
  447 -4.886061e-01
  448 -4.882301e-01
  449 -4.880701e-01
  450 -4.880767e-01
  451 -4.881864e-01
  452 -4.883349e-01
  453 -4.884676e-01
  454 -4.885465e-01
  455 -4.885525e-01
  456 -4.884842e-01
  457 -4.883543e-01
  458 -4.881841e-01
  459 -4.879980e-01
  460 -4.878185e-01
  461 -4.876631e-01
  462 -4.875422e-01
  463 -4.874590e-01
  464 -4.874105e-01
  465 -4.873893e-01
  466 -4.873859e-01
  467 -4.873903e-01
  468 -4.873942e-01
  469 -4.873915e-01
  470 -4.873793e-01
  471 -4.873571e-01
  472 -4.873265e-01
  473 -4.872907e-01
  474 -4.872531e-01
  475 -4.872171e-01
  476 -4.871854e-01
  477 -4.871594e-01
  478 -4.871398e-01
  479 -4.871259e-01
  480 -4.871167e-01
  481 -4.871107e-01
  482 -4.871064e-01
  483 -4.871025e-01
  484 -4.870981e-01
  485 -4.870925e-01
  486 -4.870858e-01
  487 -4.870780e-01
  488 -4.870697e-01
  489 -4.870614e-01
  490 -4.870534e-01
  491 -4.870464e-01
  492 -4.870404e-01
  493 -4.870355e-01
  494 -4.870316e-01
  495 -4.870286e-01
  496 -4.870262e-01
  497 -4.870242e-01
  498 -4.870224e-01
  499 -4.870206e-01
  500 -4.870187e-01
  501 -4.870167e-01
  502 -4.870146e-01
  503 -4.870125e-01
  504 -4.870105e-01
  505 -4.870087e-01
  506 -4.870070e-01
  507 -4.870055e-01
  508 -4.870042e-01
  509 -4.870032e-01
  510 -4.870023e-01
  511 -4.870015e-01
  512 -4.870008e-01
  513 -4.870002e-01
  514 -4.869996e-01
  515 -4.869990e-01
  516 -4.869984e-01
  517 -4.869979e-01
  518 -4.869973e-01
  519 -4.869968e-01
  520 -4.869964e-01
  521 -4.869959e-01
  522 -4.869955e-01
  523 -4.869952e-01
  524 -4.869949e-01
  525 -4.869947e-01
  526 -4.869944e-01
  527 -4.869942e-01
  528 -4.869940e-01
  529 -4.869938e-01
  530 -4.869937e-01
  531 -4.869935e-01
  532 -4.869934e-01
  533 -4.869932e-01
  534 -4.869931e-01
  535 -4.869930e-01
  536 -4.869928e-01
  537 -4.869927e-01
  538 -4.869927e-01
  539 -4.869926e-01
  540 -4.869925e-01
  541 -4.869924e-01
  542 -4.869924e-01
  543 -4.869923e-01
  544 -4.869923e-01
  545 -4.869922e-01
  546 -4.869922e-01
  547 -4.869921e-01
  548 -4.869921e-01
  549 -4.869921e-01
  550 -4.869920e-01
  551 -4.869920e-01
  552 -4.869920e-01
  553 -4.869919e-01
  554 -4.869919e-01
  555 -4.869919e-01
  556 -4.869919e-01
  557 -4.869919e-01
  558 -4.869918e-01
  559 -4.869918e-01
  560 -4.869918e-01
  561 -4.869918e-01
  562 -4.869918e-01
  563 -4.869918e-01
  564 -4.869918e-01
  565 -4.869918e-01
  566 -4.869918e-01
  567 -4.869917e-01
  568 -4.869917e-01
  569 -4.869917e-01
  570 -4.869917e-01
  571 -4.869917e-01
  572 -4.869917e-01
  573 -4.869917e-01
  574 -4.869917e-01
  575 -4.869917e-01
  576 -4.869917e-01
  577 -4.869917e-01
  578 -4.869917e-01
  579 -4.869917e-01
  580 -4.869917e-01
  581 -4.869917e-01
  582 -4.869917e-01
  583 -4.869917e-01
  584 -4.869917e-01
  585 -4.869917e-01
  586 -4.869917e-01
  587 -4.869917e-01
  588 -4.869917e-01
  589 -4.869917e-01
  590 -4.869917e-01
  591 -4.869917e-01
  592 -4.869917e-01
  593 -4.869917e-01
  594 -4.869917e-01
  595 -4.869917e-01
  596 -4.869917e-01
  597 -4.869917e-01
  598 -4.869917e-01
  599 -4.869917e-01
  600 -2.910089e-01
  601 -1.773801e-01
  602 -1.250800e-01
  603 -1.151946e-01
  604 -1.317338e-01
  605 -1.670497e-01
  606 -2.104530e-01
  607 -2.458087e-01
  608 -2.560944e-01
  609 -2.320035e-01
  610 -1.752836e-01
  611 -9.548106e-02
  612 -8.799738e-03
  613 6.842735e-02
  614 1.273746e-01
  615 1.702323e-01
  616 2.095656e-01
  617 2.603123e-01
  618 3.267672e-01
  619 3.986362e-01
  620 4.615818e-01
  621 5.070803e-01
  622 5.335249e-01
  623 5.433599e-01
  624 5.404675e-01
  625 5.287336e-01
  626 5.114613e-01
  627 4.912016e-01
  628 4.697717e-01
  629 4.483589e-01
  630 4.276593e-01
  631 4.080159e-01
  632 3.895383e-01
  633 3.721972e-01
  634 3.558918e-01
  635 3.404959e-01
  636 3.258853e-01
  637 3.119534e-01
  638 2.986169e-01
  639 2.858179e-01
  640 2.735217e-01
  641 2.617143e-01
  642 2.503990e-01
  643 2.395931e-01
  644 2.293253e-01
  645 2.196327e-01
  646 2.105584e-01
  647 2.021489e-01
  648 1.944521e-01
  649 1.875143e-01
  650 1.813779e-01
  651 1.760790e-01
  652 1.716442e-01
  653 1.680882e-01
  654 1.654116e-01
  655 1.635983e-01
  656 1.626143e-01
  657 1.624070e-01
  658 1.629054e-01
  659 1.640214e-01
  660 1.656523e-01
  661 1.676842e-01
  662 1.699965e-01
  663 1.724669e-01
  664 1.749767e-01
  665 1.774155e-01
  666 1.796860e-01
  667 1.817073e-01
  668 1.834175e-01
  669 1.847748e-01
  670 1.857570e-01
  671 1.863612e-01
  672 1.866008e-01
  673 1.865037e-01
  674 1.861086e-01
  675 1.854623e-01
  676 1.846164e-01
  677 1.836248e-01
  678 1.825411e-01
  679 1.814166e-01
  680 1.802985e-01
  681 1.792289e-01
  682 1.782436e-01
  683 1.773717e-01
  684 1.766350e-01
  685 1.760485e-01
  686 1.756197e-01
  687 1.753499e-01
  688 1.752341e-01
  689 1.752618e-01
  690 1.754182e-01
  691 1.756848e-01
  692 1.760405e-01
  693 1.764627e-01
  694 1.769283e-01
  695 1.774144e-01
  696 1.778999e-01
  697 1.783652e-01
  698 1.787939e-01
  699 1.791723e-01
  700 1.794902e-01
  701 1.797409e-01
  702 1.799210e-01
  703 1.800304e-01
  704 1.800716e-01
  705 1.800498e-01
  706 1.799722e-01
  707 1.798474e-01
  708 1.796849e-01
  709 1.794949e-01
  710 1.792877e-01
  711 1.790730e-01
  712 1.788600e-01
  713 1.786570e-01
  714 1.784708e-01
  715 1.783070e-01
  716 1.781700e-01
  717 1.780623e-01
  718 1.779855e-01
  719 1.779393e-01
  720 1.779227e-01
  721 1.779334e-01
  722 1.779683e-01
  723 1.780237e-01
  724 1.780953e-01
  725 1.781788e-01
  726 1.782696e-01
  727 1.783636e-01
  728 1.784566e-01
  729 1.785451e-01
  730 1.786260e-01
  731 1.786969e-01
  732 1.787559e-01
  733 1.788019e-01
  734 1.788344e-01
  735 1.788534e-01
  736 1.788595e-01
  737 1.788537e-01
  738 1.788374e-01
  739 1.788124e-01
  740 1.787803e-01
  741 1.787433e-01
  742 1.787032e-01
  743 1.786620e-01
  744 1.786213e-01
  745 1.785827e-01
  746 1.785476e-01
  747 1.785169e-01
  748 1.784915e-01
  749 1.784718e-01
  750 1.784580e-01
  751 1.784501e-01
  752 1.784479e-01
  753 1.784508e-01
  754 1.784582e-01
  755 1.784694e-01
  756 1.784837e-01
  757 1.785000e-01
  758 1.785177e-01
  759 1.785357e-01
  760 1.785535e-01
  761 1.785703e-01
  762 1.785856e-01
  763 1.785988e-01
  764 1.786098e-01
  765 1.786182e-01
  766 1.786240e-01
  767 1.786273e-01
  768 1.786281e-01
  769 1.786266e-01
  770 1.786232e-01
  771 1.786181e-01
  772 1.786118e-01
  773 1.786046e-01
  774 1.785968e-01
  775 1.785889e-01
  776 1.785811e-01
  777 1.785738e-01
  778 1.785672e-01
  779 1.785614e-01
  780 1.785567e-01
  781 1.785531e-01
  782 1.785507e-01
  783 1.785493e-01
  784 1.785491e-01
  785 1.785498e-01
  786 1.785513e-01
  787 1.785536e-01
  788 1.785564e-01
  789 1.785596e-01
  790 1.785630e-01
  791 1.785665e-01
  792 1.785699e-01
  793 1.785731e-01
  794 1.785760e-01
  795 1.785784e-01
  796 1.785805e-01
  797 1.785820e-01
  798 1.785830e-01
  799 1.785836e-01
  800 1.785837e-01
