    1     0
    2     0
    3     0
    4     0
    5     0
    6     0
    7 -2.448540e-01
    8 -3.669313e-01
    9 -4.037082e-01
   10 -3.873805e-01
   11 -3.435412e-01
   12 -2.879124e-01
   13 -2.368543e-01
   14 -2.045828e-01
   15 -1.977068e-01
   16 -2.152599e-01
   17 -2.511394e-01
   18 -2.966662e-01
   19 -3.426627e-01
   20 -3.813264e-01
   21 -4.077296e-01
   22 -4.204739e-01
   23 -4.213398e-01
   24 -4.142194e-01
   25 -4.037920e-01
   26 -3.943366e-01
   27 -3.889190e-01
   28 -3.890353e-01
   29 -3.946658e-01
   30 -4.046175e-01
   31 -4.170128e-01
   32 -4.298001e-01
   33 -4.411932e-01
   34 -4.499767e-01
   35 -4.556421e-01
   36 -4.583555e-01
   37 -4.587927e-01
   38 -4.579022e-01
   39 -4.566607e-01
   40 -4.558743e-01
   41 -4.560565e-01
   42 -4.573910e-01
   43 -4.597665e-01
   44 -4.628622e-01
   45 -4.662546e-01
   46 -4.695228e-01
   47 -4.723318e-01
   48 -4.744818e-01
   49 -4.759221e-01
   50 -4.767320e-01
   51 -4.770809e-01
   52 -4.771777e-01
   53 -4.772238e-01
   54 -4.773761e-01
   55 -4.777266e-01
   56 -4.782989e-01
   57 -4.790585e-01
   58 -4.799318e-01
   59 -4.808292e-01
   60 -4.816663e-01
   61 -4.823801e-01
   62 -4.829371e-01
   63 -4.833343e-01
   64 -4.835947e-01
   65 -4.837574e-01
   66 -4.838676e-01
   67 -4.839668e-01
   68 -4.840863e-01
   69 -4.842428e-01
   70 -4.844395e-01
   71 -4.846674e-01
   72 -4.849105e-01
   73 -4.851503e-01
   74 -4.853701e-01
   75 -4.855581e-01
   76 -4.857090e-01
   77 -4.858234e-01
   78 -4.859074e-01
   79 -4.859698e-01
   80 -4.860204e-01
   81 -4.860677e-01
   82 -4.861180e-01
   83 -4.861745e-01
   84 -4.862374e-01
   85 -4.863046e-01
   86 -4.863728e-01
   87 -4.864383e-01
   88 -4.864977e-01
   89 -4.865490e-01
   90 -4.865914e-01
   91 -4.866252e-01
   92 -4.866521e-01
   93 -4.866740e-01
   94 -4.866930e-01
   95 -4.867109e-01
   96 -4.867289e-01
   97 -4.867476e-01
   98 -4.867671e-01
   99 -4.867869e-01
  100 -4.868063e-01
  101 -4.868246e-01
  102 -4.868411e-01
  103 -4.868555e-01
  104 -4.868678e-01
  105 -4.868780e-01
  106 -4.868865e-01
  107 -4.868938e-01
  108 -4.869004e-01
  109 -4.869065e-01
  110 -4.869125e-01
  111 -4.869185e-01
  112 -4.869244e-01
  113 -4.869302e-01
  114 -4.869358e-01
  115 -4.869410e-01
  116 -4.869458e-01
  117 -4.869499e-01
  118 -4.869535e-01
  119 -4.869566e-01
  120 -4.869593e-01
  121 -4.869617e-01
  122 -4.869638e-01
  123 -4.869658e-01
  124 -4.869678e-01
  125 -4.869696e-01
  126 -4.869714e-01
  127 -4.869732e-01
  128 -4.869748e-01
  129 -4.869763e-01
  130 -4.869777e-01
  131 -4.869789e-01
  132 -4.869800e-01
  133 -4.869809e-01
  134 -4.869818e-01
  135 -4.869825e-01
  136 -4.869832e-01
  137 -4.869838e-01
  138 -4.869844e-01
  139 -4.869850e-01
  140 -4.869856e-01
  141 -4.869861e-01
  142 -4.869866e-01
  143 -4.869870e-01
  144 -4.869874e-01
  145 -4.869878e-01
  146 -4.869881e-01
  147 -4.869884e-01
  148 -4.869886e-01
  149 -4.869889e-01
  150 -4.869891e-01
  151 -4.869893e-01
  152 -4.869895e-01
  153 -4.869896e-01
  154 -4.869898e-01
  155 -4.869900e-01
  156 -4.869901e-01
  157 -4.869902e-01
  158 -4.869904e-01
  159 -4.869905e-01
  160 -4.869906e-01
  161 -4.869907e-01
  162 -4.869907e-01
  163 -4.869908e-01
  164 -4.869909e-01
  165 -4.869909e-01
  166 -4.869910e-01
  167 -4.869911e-01
  168 -4.869911e-01
  169 -4.869911e-01
  170 -4.869912e-01
  171 -4.869912e-01
  172 -4.869913e-01
  173 -4.869913e-01
  174 -4.869913e-01
  175 -4.869914e-01
  176 -4.869914e-01
  177 -4.869914e-01
  178 -4.869914e-01
  179 -4.869914e-01
  180 -4.869915e-01
  181 -4.869915e-01
  182 -4.869915e-01
  183 -4.869915e-01
  184 -4.869915e-01
  185 -4.869915e-01
  186 -4.869915e-01
  187 -4.869916e-01
  188 -4.869916e-01
  189 -4.869916e-01
  190 -4.869916e-01
  191 -4.869916e-01
  192 -4.869916e-01
  193 -4.869916e-01
  194 -4.869916e-01
  195 -4.869916e-01
  196 -4.869916e-01
  197 -4.869916e-01
  198 -4.869916e-01
  199 -4.869916e-01
  200 -8.542699e-01
  201    -1
  202    -1
  203    -1
  204 -9.806423e-01
  205 -9.205758e-01
  206 -8.455512e-01
  207 -7.809238e-01
  208 -7.394256e-01
  209 -7.233418e-01
  210 -7.297023e-01
  211 -7.524270e-01
  212 -7.837785e-01
  213 -8.160662e-01
  214 -8.430987e-01
  215 -8.610198e-01
  216 -8.685285e-01
  217 -8.665930e-01
  218 -8.577828e-01
  219 -8.454115e-01
  220 -8.327104e-01
  221 -8.222090e-01
  222 -8.154074e-01
  223 -8.127340e-01
  224 -8.137233e-01
  225 -8.173208e-01
  226 -8.222223e-01
  227 -8.271786e-01
  228 -8.312179e-01
  229 -8.337661e-01
  230 -8.346654e-01
  231 -8.341102e-01
  232 -8.325301e-01
  233 -8.304537e-01
  234 -8.283840e-01
  235 -8.267081e-01
  236 -8.256493e-01
  237 -8.252624e-01
  238 -8.254621e-01
  239 -8.260716e-01
  240 -8.268776e-01
  241 -8.276787e-01
  242 -8.283213e-01
  243 -8.287178e-01
  244 -8.288479e-01
  245 -8.287470e-01
  246 -8.284869e-01
  247 -8.281534e-01
  248 -8.278266e-01
  249 -8.275671e-01
  250 -8.274088e-01
  251 -8.273585e-01
  252 -8.274009e-01
  253 -8.275065e-01
  254 -8.276405e-01
  255 -8.277710e-01
  256 -8.278738e-01
  257 -8.279358e-01
  258 -8.279546e-01
  259 -8.279365e-01
  260 -8.278936e-01
  261 -8.278398e-01
  262 -8.277879e-01
  263 -8.277475e-01
  264 -8.277237e-01
  265 -8.277172e-01
  266 -8.277253e-01
  267 -8.277431e-01
  268 -8.277650e-01
  269 -8.277860e-01
  270 -8.278021e-01
  271 -8.278115e-01
  272 -8.278139e-01
  273 -8.278107e-01
  274 -8.278035e-01
  275 -8.277947e-01
  276 -8.277864e-01
  277 -8.277801e-01
  278 -8.277764e-01
  279 -8.277756e-01
  280 -8.277770e-01
  281 -8.277799e-01
  282 -8.277834e-01
  283 -8.277867e-01
  284 -8.277892e-01
  285 -8.277907e-01
  286 -8.277910e-01
  287 -8.277904e-01
  288 -8.277893e-01
  289 -8.277879e-01
  290 -8.277866e-01
  291 -8.277855e-01
  292 -8.277849e-01
  293 -8.277848e-01
  294 -8.277850e-01
  295 -8.277855e-01
  296 -8.277860e-01
  297 -8.277866e-01
  298 -8.277870e-01
  299 -8.277872e-01
  300 -8.277873e-01
  301 -8.277872e-01
  302 -8.277870e-01
  303 -8.277868e-01
  304 -8.277866e-01
  305 -8.277864e-01
  306 -8.277863e-01
  307 -8.277863e-01
  308 -8.277863e-01
  309 -8.277864e-01
  310 -8.277865e-01
  311 -8.277866e-01
  312 -8.277866e-01
  313 -8.277867e-01
  314 -8.277867e-01
  315 -8.277867e-01
  316 -8.277866e-01
  317 -8.277866e-01
  318 -8.277866e-01
  319 -8.277865e-01
  320 -8.277865e-01
  321 -8.277865e-01
  322 -8.277865e-01
  323 -8.277865e-01
  324 -8.277866e-01
  325 -8.277866e-01
  326 -8.277866e-01
  327 -8.277866e-01
  328 -8.277866e-01
  329 -8.277866e-01
  330 -8.277866e-01
  331 -8.277866e-01
  332 -8.277866e-01
  333 -8.277866e-01
  334 -8.277866e-01
  335 -8.277866e-01
  336 -8.277866e-01
  337 -8.277866e-01
  338 -8.277866e-01
  339 -8.277866e-01
  340 -8.277866e-01
  341 -8.277866e-01
  342 -8.277866e-01
  343 -8.277866e-01
  344 -8.277866e-01
  345 -8.277866e-01
  346 -8.277866e-01
  347 -8.277866e-01
  348 -8.277866e-01
  349 -8.277866e-01
  350 -8.277866e-01
  351 -8.277866e-01
  352 -8.277866e-01
  353 -8.277866e-01
  354 -8.277866e-01
  355 -8.277866e-01
  356 -8.277866e-01
  357 -8.277866e-01
  358 -8.277866e-01
  359 -8.277866e-01
  360 -8.277866e-01
  361 -8.277866e-01
  362 -8.277866e-01
  363 -8.277866e-01
  364 -8.277866e-01
  365 -8.277866e-01
  366 -8.277866e-01
  367 -8.277866e-01
  368 -8.277866e-01
  369 -8.277866e-01
  370 -8.277866e-01
  371 -8.277866e-01
  372 -8.277866e-01
  373 -8.277866e-01
  374 -8.277866e-01
  375 -8.277866e-01
  376 -8.277866e-01
  377 -8.277866e-01
  378 -8.277866e-01
  379 -8.277866e-01
  380 -8.277866e-01
  381 -8.277866e-01
  382 -8.277866e-01
  383 -8.277866e-01
  384 -8.277866e-01
  385 -8.277866e-01
  386 -8.277866e-01
  387 -8.277866e-01
  388 -8.277866e-01
  389 -8.277866e-01
  390 -8.277866e-01
  391 -8.277866e-01
  392 -8.277866e-01
  393 -8.277866e-01
  394 -8.277866e-01
  395 -8.277866e-01
  396 -8.277866e-01
  397 -8.277866e-01
  398 -8.277866e-01
  399 -8.277866e-01
  400 -4.605083e-01
  401 -2.775310e-01
  402 -2.225302e-01
  403 -2.471496e-01
  404 -3.129742e-01
  405 -4.082843e-01
  406 -5.196890e-01
  407 -6.240015e-01
  408 -6.989919e-01
  409 -7.325510e-01
  410 -7.244298e-01
  411 -6.835742e-01
  412 -6.240231e-01
  413 -5.607008e-01
  414 -5.060009e-01
  415 -4.677802e-01
  416 -4.488955e-01
  417 -4.479486e-01
  418 -4.606654e-01
  419 -4.813560e-01
  420 -5.041497e-01
  421 -5.239619e-01
  422 -5.372231e-01
  423 -5.422946e-01
  424 -5.394681e-01
  425 -5.305583e-01
  426 -5.182398e-01
  427 -5.053311e-01
  428 -4.942011e-01
  429 -4.863989e-01
  430 -4.825308e-01
  431 -4.823467e-01
  432 -4.849674e-01
  433 -4.891772e-01
  434 -4.937158e-01
  435 -4.975222e-01
  436 -4.998946e-01
  437 -5.005547e-01
  438 -4.996181e-01
  439 -4.974937e-01
  440 -4.947449e-01
  441 -4.919485e-01
  442 -4.895798e-01
  443 -4.879408e-01
  444 -4.871371e-01
  445 -4.870980e-01
  446 -4.876248e-01
  447 -4.884548e-01
  448 -4.893239e-01
  449 -4.900173e-01
  450 -4.904004e-01
  451 -4.904283e-01
  452 -4.901364e-01
  453 -4.896171e-01
  454 -4.889905e-01
  455 -4.883747e-01
  456 -4.878643e-01
  457 -4.875160e-01
  458 -4.873456e-01
  459 -4.873329e-01
  460 -4.874328e-01
  461 -4.875891e-01
  462 -4.877470e-01
  463 -4.878637e-01
  464 -4.879139e-01
  465 -4.878912e-01
  466 -4.878053e-01
  467 -4.876770e-01
  468 -4.875315e-01
  469 -4.873932e-01
  470 -4.872806e-01
  471 -4.872041e-01
  472 -4.871654e-01
  473 -4.871591e-01
  474 -4.871753e-01
  475 -4.872019e-01
  476 -4.872277e-01
  477 -4.872441e-01
  478 -4.872466e-01
  479 -4.872344e-01
  480 -4.872100e-01
  481 -4.871778e-01
  482 -4.871434e-01
  483 -4.871115e-01
  484 -4.870858e-01
  485 -4.870681e-01
  486 -4.870585e-01
  487 -4.870556e-01
  488 -4.870572e-01
  489 -4.870607e-01
  490 -4.870639e-01
  491 -4.870651e-01
  492 -4.870635e-01
  493 -4.870590e-01
  494 -4.870522e-01
  495 -4.870440e-01
  496 -4.870357e-01
  497 -4.870281e-01
  498 -4.870219e-01
  499 -4.870175e-01
  500 -4.870149e-01
  501 -4.870137e-01
  502 -4.870134e-01
  503 -4.870135e-01
  504 -4.870136e-01
  505 -4.870132e-01
  506 -4.870123e-01
  507 -4.870108e-01
  508 -4.870089e-01
  509 -4.870068e-01
  510 -4.870047e-01
  511 -4.870028e-01
  512 -4.870012e-01
  513 -4.870001e-01
  514 -4.869993e-01
  515 -4.869989e-01
  516 -4.869986e-01
  517 -4.869985e-01
  518 -4.869983e-01
  519 -4.869980e-01
  520 -4.869977e-01
  521 -4.869972e-01
  522 -4.869967e-01
  523 -4.869961e-01
  524 -4.869956e-01
  525 -4.869951e-01
  526 -4.869947e-01
  527 -4.869943e-01
  528 -4.869941e-01
  529 -4.869940e-01
  530 -4.869938e-01
  531 -4.869938e-01
  532 -4.869937e-01
  533 -4.869936e-01
  534 -4.869934e-01
  535 -4.869933e-01
  536 -4.869931e-01
  537 -4.869930e-01
  538 -4.869928e-01
  539 -4.869927e-01
  540 -4.869926e-01
  541 -4.869925e-01
  542 -4.869924e-01
  543 -4.869924e-01
  544 -4.869923e-01
  545 -4.869923e-01
  546 -4.869923e-01
  547 -4.869922e-01
  548 -4.869922e-01
  549 -4.869921e-01
  550 -4.869921e-01
  551 -4.869921e-01
  552 -4.869920e-01
  553 -4.869920e-01
  554 -4.869919e-01
  555 -4.869919e-01
  556 -4.869919e-01
  557 -4.869919e-01
  558 -4.869919e-01
  559 -4.869919e-01
  560 -4.869918e-01
  561 -4.869918e-01
  562 -4.869918e-01
  563 -4.869918e-01
  564 -4.869918e-01
  565 -4.869918e-01
  566 -4.869918e-01
  567 -4.869918e-01
  568 -4.869917e-01
  569 -4.869917e-01
  570 -4.869917e-01
  571 -4.869917e-01
  572 -4.869917e-01
  573 -4.869917e-01
  574 -4.869917e-01
  575 -4.869917e-01
  576 -4.869917e-01
  577 -4.869917e-01
  578 -4.869917e-01
  579 -4.869917e-01
  580 -4.869917e-01
  581 -4.869917e-01
  582 -4.869917e-01
  583 -4.869917e-01
  584 -4.869917e-01
  585 -4.869917e-01
  586 -4.869917e-01
  587 -4.869917e-01
  588 -4.869917e-01
  589 -4.869917e-01
  590 -4.869917e-01
  591 -4.869917e-01
  592 -4.869917e-01
  593 -4.869917e-01
  594 -4.869917e-01
  595 -4.869917e-01
  596 -4.869917e-01
  597 -4.869917e-01
  598 -4.869917e-01
  599 -4.869917e-01
  600 -2.274483e-01
  601 -9.814433e-02
  602 -5.927705e-02
  603 -7.667475e-02
  604 -1.231907e-01
  605 -1.898839e-01
  606 -2.631077e-01
  607 -3.234816e-01
  608 -3.565337e-01
  609 -3.576534e-01
  610 -3.311064e-01
  611 -2.866792e-01
  612 -2.361209e-01
  613 -1.901142e-01
  614 -1.562097e-01
  615 -1.379447e-01
  616 -1.350139e-01
  617 -1.441051e-01
  618 -1.600420e-01
  619 -1.770622e-01
  620 -1.901131e-01
  621 -1.959063e-01
  622 -1.934258e-01
  623 -1.837802e-01
  624 -1.695428e-01
  625 -1.538646e-01
  626 -1.396383e-01
  627 -1.288984e-01
  628 -1.225369e-01
  629 -1.203204e-01
  630 -1.211466e-01
  631 -1.234425e-01
  632 -1.256024e-01
  633 -1.263639e-01
  634 -1.250421e-01
  635 -1.215861e-01
  636 -1.164732e-01
  637 -1.104955e-01
  638 -1.045129e-01
  639 -9.923799e-02
  640 -9.509642e-02
  641 -9.218144e-02
  642 -9.029382e-02
  643 -8.904274e-02
  644 -8.797337e-02
  645 -8.668651e-02
  646 -8.492306e-02
  647 -8.259959e-02
  648 -7.979467e-02
  649 -7.669873e-02
  650 -7.354649e-02
  651 -7.055160e-02
  652 -6.785878e-02
  653 -6.552190e-02
  654 -6.350798e-02
  655 -6.172141e-02
  656 -6.003898e-02
  657 -5.834483e-02
  658 -5.655695e-02
  659 -5.464061e-02
  660 -5.260735e-02
  661 -5.050310e-02
  662 -4.839005e-02
  663 -4.632786e-02
  664 -4.435952e-02
  665 -4.250366e-02
  666 -4.075451e-02
  667 -3.908791e-02
  668 -3.747064e-02
  669 -3.587025e-02
  670 -3.426287e-02
  671 -3.263713e-02
  672 -3.099445e-02
  673 -2.934614e-02
  674 -2.770848e-02
  675 -2.609742e-02
  676 -2.452473e-02
  677 -2.299552e-02
  678 -2.150838e-02
  679 -2.005676e-02
  680 -1.863151e-02
  681 -1.722357e-02
  682 -1.582622e-02
  683 -1.443601e-02
  684 -1.305307e-02
  685 -1.168010e-02
  686 -1.032127e-02
  687 -8.980657e-03
  688 -7.661097e-03
  689 -6.363805e-03
  690 -5.088176e-03
  691 -3.832230e-03
  692 -2.593308e-03
  693 -1.368808e-03
  694 -1.567571e-04
  695 1.043893e-03
  696 2.233255e-03
  697 3.410730e-03
  698 4.575371e-03
  699 5.726261e-03
  700 6.862802e-03
  701 7.984872e-03
  702 9.092819e-03
  703 1.018734e-02
  704 1.126930e-02
  705 1.233952e-02
  706 1.339864e-02
  707 1.444705e-02
  708 1.548489e-02
  709 1.651210e-02
  710 1.752856e-02
  711 1.853414e-02
  712 1.952882e-02
  713 2.051270e-02
  714 2.148599e-02
  715 2.244899e-02
  716 2.340206e-02
  717 2.434550e-02
  718 2.527959e-02
  719 2.620451e-02
  720 2.712039e-02
  721 2.802731e-02
  722 2.892533e-02
  723 2.981450e-02
  724 3.069493e-02
  725 3.156672e-02
  726 3.243002e-02
  727 3.328501e-02
  728 3.413186e-02
  729 3.497072e-02
  730 3.580175e-02
  731 3.662507e-02
  732 3.744079e-02
  733 3.824900e-02
  734 3.904979e-02
  735 3.984325e-02
  736 4.062947e-02
  737 4.140856e-02
  738 4.218062e-02
  739 4.294576e-02
  740 4.370410e-02
  741 4.445574e-02
  742 4.520078e-02
  743 4.593931e-02
  744 4.667142e-02
  745 4.739720e-02
  746 4.811672e-02
  747 4.883007e-02
  748 4.953732e-02
  749 5.023856e-02
  750 5.093387e-02
  751 5.162333e-02
  752 5.230703e-02
  753 5.298503e-02
  754 5.365742e-02
  755 5.432428e-02
  756 5.498566e-02
  757 5.564164e-02
  758 5.629229e-02
  759 5.693767e-02
  760 5.757785e-02
  761 5.821289e-02
  762 5.884286e-02
  763 5.946783e-02
  764 6.008786e-02
  765 6.070300e-02
  766 6.131332e-02
  767 6.191888e-02
  768 6.251973e-02
  769 6.311593e-02
  770 6.370754e-02
  771 6.429461e-02
  772 6.487719e-02
  773 6.545534e-02
  774 6.602911e-02
  775 6.659855e-02
  776 6.716371e-02
  777 6.772464e-02
  778 6.828139e-02
  779 6.883402e-02
  780 6.938255e-02
  781 6.992705e-02
  782 7.046755e-02
  783 7.100411e-02
  784 7.153676e-02
  785 7.206555e-02
  786 7.259052e-02
  787 7.311171e-02
  788 7.362918e-02
  789 7.414294e-02
  790 7.465306e-02
  791 7.515956e-02
  792 7.566249e-02
  793 7.616188e-02
  794 7.665777e-02
  795 7.715020e-02
  796 7.763920e-02
  797 7.812481e-02
  798 7.860708e-02
  799 7.908602e-02
  800 7.956168e-02
