    1     0
    2     0
    3     0
    4     0
    5     0
    6     0
    7     0
    8     0
    9     0
   10     0
   11     0
   12 -1.211231e-02
   13 -5.138983e-02
   14 -1.166463e-01
   15 -1.980805e-01
   16 -2.832293e-01
   17 -3.605795e-01
   18 -4.225544e-01
   19 -4.674169e-01
   20 -4.985338e-01
   21 -5.217157e-01
   22 -5.425319e-01
   23 -5.647936e-01
   24 -5.902780e-01
   25 -6.191104e-01
   26 -6.502720e-01
   27 -6.820633e-01
   28 -7.125467e-01
   29 -7.399642e-01
   30 -7.630794e-01
   31 -7.813864e-01
   32 -7.951567e-01
   33 -8.053203e-01
   34 -8.132149e-01
   35 -8.202723e-01
   36 -8.277269e-01
   37 -8.364089e-01
   38 -8.466538e-01
   39 -8.583240e-01
   40 -8.709180e-01
   41 -8.837315e-01
   42 -8.960290e-01
   43 -9.071932e-01
   44 -9.168244e-01
   45 -9.247810e-01
   46 -9.311614e-01
   47 -9.362443e-01
   48 -9.404052e-01
   49 -9.440313e-01
   50 -9.474514e-01
   51 -9.508914e-01
   52 -9.544577e-01
   53 -9.581475e-01
   54 -9.618764e-01
   55 -9.655164e-01
   56 -9.689338e-01
   57 -9.720199e-01
   58 -9.747113e-01
   59 -9.769955e-01
   60 -9.789065e-01
   61 -9.805111e-01
   62 -9.818922e-01
   63 -9.831316e-01
   64 -9.842967e-01
   65 -9.854326e-01
   66 -9.865596e-01
   67 -9.876764e-01
   68 -9.887661e-01
   69 -9.898045e-01
   70 -9.907672e-01
   71 -9.916359e-01
   72 -9.924017e-01
   73 -9.930657e-01
   74 -9.936380e-01
   75 -9.941347e-01
   76 -9.945741e-01
   77 -9.949737e-01
   78 -9.953476e-01
   79 -9.957048e-01
   80 -9.960498e-01
   81 -9.963822e-01
   82 -9.966992e-01
   83 -9.969966e-01
   84 -9.972701e-01
   85 -9.975171e-01
   86 -9.977369e-01
   87 -9.979306e-01
   88 -9.981010e-01
   89 -9.982519e-01
   90 -9.983876e-01
   91 -9.985117e-01
   92 -9.986273e-01
   93 -9.987364e-01
   94 -9.988399e-01
   95 -9.989379e-01
   96 -9.990300e-01
   97 -9.991156e-01
   98 -9.991940e-01
   99 -9.992649e-01
  100 -9.993286e-01
  101 -9.993853e-01
  102 -9.994359e-01
  103 -9.994814e-01
  104 -9.995226e-01
  105 -9.995604e-01
  106 -9.995955e-01
  107 -9.996283e-01
  108 -9.996590e-01
  109 -9.996878e-01
  110 -9.997146e-01
  111 -9.997394e-01
  112 -9.997620e-01
  113 -9.997826e-01
  114 -9.998011e-01
  115 -9.998178e-01
  116 -9.998329e-01
  117 -9.998465e-01
  118 -9.998589e-01
  119 -9.998702e-01
  120 -9.998808e-01
  121 -9.998906e-01
  122 -9.998997e-01
  123 -9.999081e-01
  124 -9.999159e-01
  125 -9.999232e-01
  126 -9.999297e-01
  127 -9.999357e-01
  128 -9.999412e-01
  129 -9.999461e-01
  130 -9.999506e-01
  131 -9.999546e-01
  132 -9.999583e-01
  133 -9.999617e-01
  134 -9.999649e-01
  135 -9.999678e-01
  136 -9.999704e-01
  137 -9.999729e-01
  138 -9.999752e-01
  139 -9.999773e-01
  140 -9.999793e-01
  141 -9.999810e-01
  142 -9.999826e-01
  143 -9.999841e-01
  144 -9.999854e-01
  145 -9.999866e-01
  146 -9.999877e-01
  147 -9.999887e-01
  148 -9.999896e-01
  149 -9.999905e-01
  150 -9.999913e-01
  151 -9.999920e-01
  152 -9.999927e-01
  153 -9.999933e-01
  154 -9.999939e-01
  155 -9.999944e-01
  156 -9.999949e-01
  157 -9.999953e-01
  158 -9.999957e-01
  159 -9.999960e-01
  160 -9.999964e-01
  161 -9.999967e-01
  162 -9.999969e-01
  163 -9.999972e-01
  164 -9.999974e-01
  165 -9.999976e-01
  166 -9.999978e-01
  167 -9.999980e-01
  168 -9.999982e-01
  169 -9.999983e-01
  170 -9.999985e-01
  171 -9.999986e-01
  172 -9.999987e-01
  173 -9.999988e-01
  174 -9.999989e-01
  175 -9.999990e-01
  176 -9.999991e-01
  177 -9.999992e-01
  178 -9.999992e-01
  179 -9.999993e-01
  180 -9.999994e-01
  181 -9.999994e-01
  182 -9.999995e-01
  183 -9.999995e-01
  184 -9.999996e-01
  185 -9.999996e-01
  186 -9.999996e-01
  187 -9.999997e-01
  188 -9.999997e-01
  189 -9.999997e-01
  190 -9.999997e-01
  191 -9.999998e-01
  192 -9.999998e-01
  193 -9.999998e-01
  194 -9.999998e-01
  195 -9.999998e-01
  196 -9.999998e-01
  197 -9.999999e-01
  198 -9.999999e-01
  199 -9.999999e-01
  200 -9.999999e-01
  201 -9.999999e-01
  202 -9.999999e-01
  203 -9.999999e-01
  204 -9.999999e-01
  205 -1.040764e+00
  206 -1.141412e+00
  207 -1.287797e+00
  208 -1.460673e+00
  209 -1.644143e+00
  210 -1.821078e+00
  211 -1.974799e+00
  212 -2.094092e+00
  213 -2.175784e+00
  214 -2.224058e+00
  215 -2.247849e+00
  216 -2.257757e+00
  217 -2.263485e+00
  218 -2.272223e+00
  219 -2.288010e+00
  220 -2.311845e+00
  221 -2.342284e+00
  222 -2.376312e+00
  223 -2.410307e+00
  224 -2.440902e+00
  225 -2.465642e+00
  226 -2.483315e+00
  227 -2.493978e+00
  228 -2.498709e+00
  229 -2.499205e+00
  230 -2.497346e+00
  231 -2.494825e+00
  232 -2.492896e+00
  233 -2.492270e+00
  234 -2.493127e+00
  235 -2.495232e+00
  236 -2.498086e+00
  237 -2.501102e+00
  238 -2.503747e+00
  239 -2.505643e+00
  240 -2.506612e+00
  241 -2.506674e+00
  242 -2.506004e+00
  243 -2.504863e+00
  244 -2.503539e+00
  245 -2.502283e+00
  246 -2.501275e+00
  247 -2.500606e+00
  248 -2.500283e+00
  249 -2.500248e+00
  250 -2.500405e+00
  251 -2.500647e+00
  252 -2.500877e+00
  253 -2.501027e+00
  254 -2.501064e+00
  255 -2.500987e+00
  256 -2.500817e+00
  257 -2.500595e+00
  258 -2.500361e+00
  259 -2.500153e+00
  260 -2.499995e+00
  261 -2.499898e+00
  262 -2.499861e+00
  263 -2.499872e+00
  264 -2.499914e+00
  265 -2.499969e+00
  266 -2.500021e+00
  267 -2.500059e+00
  268 -2.500078e+00
  269 -2.500077e+00
  270 -2.500060e+00
  271 -2.500034e+00
  272 -2.500006e+00
  273 -2.499981e+00
  274 -2.499964e+00
  275 -2.499955e+00
  276 -2.499955e+00
  277 -2.499962e+00
  278 -2.499973e+00
  279 -2.499985e+00
  280 -2.499996e+00
  281 -2.500004e+00
  282 -2.500009e+00
  283 -2.500009e+00
  284 -2.500008e+00
  285 -2.500004e+00
  286 -2.500000e+00
  287 -2.499997e+00
  288 -2.499994e+00
  289 -2.499993e+00
  290 -2.499994e+00
  291 -2.499995e+00
  292 -2.499997e+00
  293 -2.499999e+00
  294 -2.500000e+00
  295 -2.500002e+00
  296 -2.500002e+00
  297 -2.500002e+00
  298 -2.500002e+00
  299 -2.500001e+00
  300 -2.500001e+00
  301 -2.500000e+00
  302 -2.499999e+00
  303 -2.499999e+00
  304 -2.499999e+00
  305 -2.499999e+00
  306 -2.500000e+00
  307 -2.500000e+00
  308 -2.500000e+00
  309 -2.500000e+00
  310 -2.500000e+00
  311 -2.500000e+00
  312 -2.500000e+00
  313 -2.500000e+00
  314 -2.500000e+00
  315 -2.500000e+00
  316 -2.500000e+00
  317 -2.500000e+00
  318 -2.500000e+00
  319 -2.500000e+00
  320 -2.500000e+00
  321 -2.500000e+00
  322 -2.500000e+00
  323 -2.500000e+00
  324 -2.500000e+00
  325 -2.500000e+00
  326 -2.500000e+00
  327 -2.500000e+00
  328 -2.500000e+00
  329 -2.500000e+00
  330 -2.500000e+00
  331 -2.500000e+00
  332 -2.500000e+00
  333 -2.500000e+00
  334 -2.500000e+00
  335 -2.500000e+00
  336 -2.500000e+00
  337 -2.500000e+00
  338 -2.500000e+00
  339 -2.500000e+00
  340 -2.500000e+00
  341 -2.500000e+00
  342 -2.500000e+00
  343 -2.500000e+00
  344 -2.500000e+00
  345 -2.500000e+00
  346 -2.500000e+00
  347 -2.500000e+00
  348 -2.500000e+00
  349 -2.500000e+00
  350 -2.500000e+00
  351 -2.500000e+00
  352 -2.500000e+00
  353 -2.500000e+00
  354 -2.500000e+00
  355 -2.500000e+00
  356 -2.500000e+00
  357 -2.500000e+00
  358 -2.500000e+00
  359 -2.500000e+00
  360 -2.500000e+00
  361 -2.500000e+00
  362 -2.500000e+00
  363 -2.500000e+00
  364 -2.500000e+00
  365 -2.500000e+00
  366 -2.500000e+00
  367 -2.500000e+00
  368 -2.500000e+00
  369 -2.500000e+00
  370 -2.500000e+00
  371 -2.500000e+00
  372 -2.500000e+00
  373 -2.500000e+00
  374 -2.500000e+00
  375 -2.500000e+00
  376 -2.500000e+00
  377 -2.500000e+00
  378 -2.500000e+00
  379 -2.500000e+00
  380 -2.500000e+00
  381 -2.500000e+00
  382 -2.500000e+00
  383 -2.500000e+00
  384 -2.500000e+00
  385 -2.500000e+00
  386 -2.500000e+00
  387 -2.500000e+00
  388 -2.500000e+00
  389 -2.500000e+00
  390 -2.500000e+00
  391 -2.500000e+00
  392 -2.500000e+00
  393 -2.500000e+00
  394 -2.500000e+00
  395 -2.500000e+00
  396 -2.500000e+00
  397 -2.500000e+00
  398 -2.500000e+00
  399 -2.500000e+00
  400 -2.500000e+00
  401 -2.500000e+00
  402 -2.500000e+00
  403 -2.500000e+00
  404 -2.500000e+00
  405 -2.433697e+00
  406 -2.258933e+00
  407 -2.006050e+00
  408 -1.730047e+00
  409 -1.474105e+00
  410 -1.264718e+00
  411 -1.115354e+00
  412 -1.029714e+00
  413 -1.003477e+00
  414 -1.025632e+00
  415 -1.080333e+00
  416 -1.149410e+00
  417 -1.215324e+00
  418 -1.264250e+00
  419 -1.288428e+00
  420 -1.286866e+00
  421 -1.264218e+00
  422 -1.228414e+00
  423 -1.188089e+00
  424 -1.150617e+00
  425 -1.121035e+00
  426 -1.101739e+00
  427 -1.092697e+00
  428 -1.091991e+00
  429 -1.096543e+00
  430 -1.102906e+00
  431 -1.107992e+00
  432 -1.109620e+00
  433 -1.106785e+00
  434 -1.099640e+00
  435 -1.089229e+00
  436 -1.077096e+00
  437 -1.064868e+00
  438 -1.053922e+00
  439 -1.045169e+00
  440 -1.038983e+00
  441 -1.035233e+00
  442 -1.033413e+00
  443 -1.032810e+00
  444 -1.032677e+00
  445 -1.032377e+00
  446 -1.031487e+00
  447 -1.029827e+00
  448 -1.027445e+00
  449 -1.024554e+00
  450 -1.021458e+00
  451 -1.018465e+00
  452 -1.015829e+00
  453 -1.013708e+00
  454 -1.012150e+00
  455 -1.011107e+00
  456 -1.010461e+00
  457 -1.010060e+00
  458 -1.009751e+00
  459 -1.009411e+00
  460 -1.008962e+00
  461 -1.008376e+00
  462 -1.007669e+00
  463 -1.006887e+00
  464 -1.006092e+00
  465 -1.005342e+00
  466 -1.004686e+00
  467 -1.004148e+00
  468 -1.003736e+00
  469 -1.003433e+00
  470 -1.003213e+00
  471 -1.003045e+00
  472 -1.002898e+00
  473 -1.002748e+00
  474 -1.002580e+00
  475 -1.002391e+00
  476 -1.002184e+00
  477 -1.001969e+00
  478 -1.001758e+00
  479 -1.001563e+00
  480 -1.001393e+00
  481 -1.001250e+00
  482 -1.001135e+00
  483 -1.001045e+00
  484 -1.000973e+00
  485 -1.000913e+00
  486 -1.000858e+00
  487 -1.000804e+00
  488 -1.000748e+00
  489 -1.000689e+00
  490 -1.000629e+00
  491 -1.000569e+00
  492 -1.000512e+00
  493 -1.000460e+00
  494 -1.000414e+00
  495 -1.000375e+00
  496 -1.000342e+00
  497 -1.000315e+00
  498 -1.000292e+00
  499 -1.000272e+00
  500 -1.000253e+00
  501 -1.000236e+00
  502 -1.000218e+00
  503 -1.000200e+00
  504 -1.000183e+00
  505 -1.000166e+00
  506 -1.000150e+00
  507 -1.000136e+00
  508 -1.000123e+00
  509 -1.000112e+00
  510 -1.000102e+00
  511 -1.000094e+00
  512 -1.000087e+00
  513 -1.000081e+00
  514 -1.000075e+00
  515 -1.000069e+00
  516 -1.000064e+00
  517 -1.000058e+00
  518 -1.000053e+00
  519 -1.000049e+00
  520 -1.000044e+00
  521 -1.000040e+00
  522 -1.000036e+00
  523 -1.000033e+00
  524 -1.000030e+00
  525 -1.000028e+00
  526 -1.000026e+00
  527 -1.000024e+00
  528 -1.000022e+00
  529 -1.000020e+00
  530 -1.000019e+00
  531 -1.000017e+00
  532 -1.000016e+00
  533 -1.000014e+00
  534 -1.000013e+00
  535 -1.000012e+00
  536 -1.000011e+00
  537 -1.000010e+00
  538 -1.000009e+00
  539 -1.000008e+00
  540 -1.000008e+00
  541 -1.000007e+00
  542 -1.000006e+00
  543 -1.000006e+00
  544 -1.000005e+00
  545 -1.000005e+00
  546 -1.000005e+00
  547 -1.000004e+00
  548 -1.000004e+00
  549 -1.000004e+00
  550 -1.000003e+00
  551 -1.000003e+00
  552 -1.000003e+00
  553 -1.000002e+00
  554 -1.000002e+00
  555 -1.000002e+00
  556 -1.000002e+00
  557 -1.000002e+00
  558 -1.000002e+00
  559 -1.000001e+00
  560 -1.000001e+00
  561 -1.000001e+00
  562 -1.000001e+00
  563 -1.000001e+00
  564 -1.000001e+00
  565 -1.000001e+00
  566 -1.000001e+00
  567 -1.000001e+00
  568 -1.000001e+00
  569 -1.000001e+00
  570 -1.000001e+00
  571 -1.000001e+00
  572 -1.000000e+00
  573 -1.000000e+00
  574 -1.000000e+00
  575 -1.000000e+00
  576 -1.000000e+00
  577 -1.000000e+00
  578 -1.000000e+00
  579 -1.000000e+00
  580 -1.000000e+00
  581 -1.000000e+00
  582 -1.000000e+00
  583 -1.000000e+00
  584 -1.000000e+00
  585 -1.000000e+00
  586 -1.000000e+00
  587 -1.000000e+00
  588 -1.000000e+00
  589 -1.000000e+00
  590 -1.000000e+00
  591 -1.000000e+00
  592 -1.000000e+00
  593 -1.000000e+00
  594 -1.000000e+00
  595 -1.000000e+00
  596 -1.000000e+00
  597 -1.000000e+00
  598 -1.000000e+00
  599 -1.000000e+00
  600 -1.000000e+00
  601 -1.000000e+00
  602 -1.000000e+00
  603 -1.000000e+00
  604 -1.000000e+00
  605 -9.557906e-01
  606 -8.532307e-01
  607 -7.177402e-01
  608 -5.790089e-01
  609 -4.569940e-01
  610 -3.625100e-01
  611 -2.998433e-01
  612 -2.672742e-01
  613 -2.567439e-01
  614 -2.562307e-01
  615 -2.545973e-01
  616 -2.452976e-01
  617 -2.271600e-01
  618 -2.028568e-01
  619 -1.765866e-01
  620 -1.522468e-01
  621 -1.324797e-01
  622 -1.183803e-01
  623 -1.096031e-01
  624 -1.047375e-01
  625 -1.018680e-01
  626 -9.918129e-02
  627 -9.543749e-02
  628 -9.016829e-02
  629 -8.359018e-02
  630 -7.633873e-02
  631 -6.916423e-02
  632 -6.268968e-02
  633 -5.727254e-02
  634 -5.297095e-02
  635 -4.959469e-02
  636 -4.681011e-02
  637 -4.426130e-02
  638 -4.167052e-02
  639 -3.889318e-02
  640 -3.592133e-02
  641 -3.284756e-02
  642 -2.981022e-02
  643 -2.694042e-02
  644 -2.432478e-02
  645 -2.198987e-02
  646 -1.990714e-02
  647 -1.801207e-02
  648 -1.622913e-02
  649 -1.449411e-02
  650 -1.276803e-02
  651 -1.104069e-02
  652 -9.325248e-03
  653 -7.647594e-03
  654 -6.034779e-03
  655 -4.506033e-03
  656 -3.068215e-03
  657 -1.715914e-03
  658 -4.350820e-04
  659 7.916728e-04
  660 1.980038e-03
  661 3.140575e-03
  662 4.277534e-03
  663 5.389716e-03
  664 6.472663e-03
  665 7.521219e-03
  666 8.531668e-03
  667 9.502910e-03
  668 1.043659e-02
  669 1.133639e-02
  670 1.220684e-02
  671 1.305219e-02
  672 1.387557e-02
  673 1.467866e-02
  674 1.546184e-02
  675 1.622468e-02
  676 1.696652e-02
  677 1.768695e-02
  678 1.838613e-02
  679 1.906483e-02
  680 1.972427e-02
  681 2.036590e-02
  682 2.099107e-02
  683 2.160089e-02
  684 2.219611e-02
  685 2.277717e-02
  686 2.334428e-02
  687 2.389759e-02
  688 2.443730e-02
  689 2.496371e-02
  690 2.547726e-02
  691 2.597849e-02
  692 2.646799e-02
  693 2.694630e-02
  694 2.741391e-02
  695 2.787122e-02
  696 2.831852e-02
  697 2.875609e-02
  698 2.918413e-02
  699 2.960288e-02
  700 3.001258e-02
  701 3.041352e-02
  702 3.080598e-02
  703 3.119026e-02
  704 3.156664e-02
  705 3.193537e-02
  706 3.229670e-02
  707 3.265084e-02
  708 3.299797e-02
  709 3.333827e-02
  710 3.367191e-02
  711 3.399909e-02
  712 3.431997e-02
  713 3.463473e-02
  714 3.494355e-02
  715 3.524660e-02
  716 3.554403e-02
  717 3.583601e-02
  718 3.612268e-02
  719 3.640415e-02
  720 3.668058e-02
  721 3.695208e-02
  722 3.721877e-02
  723 3.748078e-02
  724 3.773822e-02
  725 3.799122e-02
  726 3.823988e-02
  727 3.848431e-02
  728 3.872461e-02
  729 3.896088e-02
  730 3.919323e-02
  731 3.942173e-02
  732 3.964648e-02
  733 3.986757e-02
  734 4.008507e-02
  735 4.029908e-02
  736 4.050968e-02
  737 4.071694e-02
  738 4.092093e-02
  739 4.112174e-02
  740 4.131942e-02
  741 4.151406e-02
  742 4.170571e-02
  743 4.189444e-02
  744 4.208032e-02
  745 4.226340e-02
  746 4.244375e-02
  747 4.262141e-02
  748 4.279646e-02
  749 4.296894e-02
  750 4.313890e-02
  751 4.330641e-02
  752 4.347150e-02
  753 4.363423e-02
  754 4.379465e-02
  755 4.395279e-02
  756 4.410871e-02
  757 4.426246e-02
  758 4.441406e-02
  759 4.456357e-02
  760 4.471103e-02
  761 4.485648e-02
  762 4.499994e-02
  763 4.514147e-02
  764 4.528110e-02
  765 4.541886e-02
  766 4.555480e-02
  767 4.568893e-02
  768 4.582130e-02
  769 4.595194e-02
  770 4.608089e-02
  771 4.620816e-02
  772 4.633380e-02
  773 4.645782e-02
  774 4.658027e-02
  775 4.670117e-02
  776 4.682054e-02
  777 4.693841e-02
  778 4.705482e-02
  779 4.716977e-02
  780 4.728331e-02
  781 4.739545e-02
  782 4.750622e-02
  783 4.761563e-02
  784 4.772373e-02
  785 4.783051e-02
  786 4.793602e-02
  787 4.804026e-02
  788 4.814327e-02
  789 4.824505e-02
  790 4.834564e-02
  791 4.844504e-02
  792 4.854329e-02
  793 4.864039e-02
  794 4.873637e-02
  795 4.883124e-02
  796 4.892502e-02
  797 4.901773e-02
  798 4.910939e-02
  799 4.920001e-02
  800 4.928961e-02
