    1     0
    2     0
    3     0
    4     0
    5     0
    6     0
    7     0
    8     0
    9     0
   10     0
   11     0
   12 7.678800e-01
   13 1.642783e-01
   14 -2.001741e-02
   15 -9.082850e-02
   16 -1.266464e-01
   17 -1.507565e-01
   18 -1.701159e-01
   19 -1.868752e-01
   20 -2.017629e-01
   21 -2.150798e-01
   22 -2.269929e-01
   23 -2.376223e-01
   24 -2.470681e-01
   25 -2.554186e-01
   26 -2.627543e-01
   27 -2.691491e-01
   28 -2.746711e-01
   29 -2.793842e-01
   30 -2.833480e-01
