    1 9.000000e-01
    2 9.000000e-01
    3 9.000000e-01
    4 9.000000e-01
    5 9.000000e-01
    6 9.000000e-01
    7 9.000000e-01
    8 9.000000e-01
    9 9.000000e-01
   10 9.000000e-01
   11 9.000000e-01
   12 9.000000e-01
   13 9.000000e-01
   14 9.000000e-01
   15 9.000000e-01
   16 9.000000e-01
   17 9.000000e-01
   18 9.000000e-01
   19 9.000000e-01
   20 9.000000e-01
   21 9.000000e-01
   22 9.000000e-01
   23 9.000000e-01
   24 9.000000e-01
   25 9.000000e-01
   26 9.000000e-01
   27 9.000000e-01
   28 9.000000e-01
   29 9.000000e-01
   30 9.000000e-01
