    1     0
    2     0
    3     0
    4     0
    5     0
    6     0
    7     0
    8     0
    9     0
   10 1.830527e-01
   11 2.058958e-01
   12 1.853786e-01
   13 1.590732e-01
   14 1.372901e-01
   15 1.215578e-01
   16 1.109707e-01
   17 1.042314e-01
   18 1.002187e-01
   19 9.808092e-02
   20 9.720008e-02
   21 9.713379e-02
   22 9.756649e-02
   23 9.827338e-02
   24 9.909514e-02
   25 9.992068e-02
   26 1.006745e-01
   27 1.013079e-01
   28 1.017922e-01
   29 1.021139e-01
   30 1.022702e-01
   31 1.022664e-01
   32 1.021130e-01
   33 1.018242e-01
   34 1.014156e-01
   35 1.009041e-01
   36 1.003060e-01
   37 9.963740e-02
   38 9.891284e-02
   39 9.814565e-02
   40 9.734768e-02
   41 9.652921e-02
   42 9.569893e-02
   43 9.486410e-02
   44 9.403066e-02
   45 9.320346e-02
   46 9.238608e-02
   47 9.158137e-02
   48 9.079137e-02
   49 9.001746e-02
   50 8.926049e-02
   51 8.852097e-02
   52 8.779896e-02
   53 8.709432e-02
   54 8.640681e-02
   55 8.573597e-02
   56 8.508121e-02
   57 8.444208e-02
   58 8.381787e-02
   59 8.320813e-02
   60 8.261226e-02
   61 8.202968e-02
   62 8.145989e-02
   63 8.090249e-02
   64 8.035708e-02
   65 7.982312e-02
   66 7.930037e-02
   67 7.878845e-02
   68 7.828704e-02
   69 7.779589e-02
   70 7.731477e-02
   71 7.684339e-02
   72 7.638153e-02
   73 7.592901e-02
   74 7.548565e-02
   75 7.505127e-02
   76 7.462568e-02
   77 7.420867e-02
   78 7.380015e-02
   79 7.339994e-02
   80 7.300789e-02
   81 7.262384e-02
   82 7.224759e-02
   83 7.187904e-02
   84 7.151802e-02
   85 7.116439e-02
   86 7.081805e-02
   87 7.047881e-02
   88 7.014652e-02
   89 6.982106e-02
   90 6.950231e-02
   91 6.919015e-02
   92 6.888446e-02
   93 6.858503e-02
   94 6.829181e-02
   95 6.800461e-02
   96 6.772332e-02
   97 6.744786e-02
   98 6.717808e-02
   99 6.691386e-02
  100 6.665511e-02
  101 6.640172e-02
  102 6.615358e-02
  103 6.591060e-02
  104 6.567270e-02
  105 6.543970e-02
  106 6.521151e-02
  107 6.498804e-02
  108 6.476918e-02
  109 6.455485e-02
  110 6.434497e-02
  111 6.413945e-02
  112 6.393818e-02
  113 6.374106e-02
  114 6.354803e-02
  115 6.335900e-02
  116 6.317389e-02
  117 6.299266e-02
  118 6.281519e-02
  119 6.264140e-02
  120 6.613717e-02
  121 7.043326e-02
  122 7.422355e-02
  123 7.724139e-02
  124 7.953211e-02
  125 8.121334e-02
  126 8.240314e-02
  127 8.320321e-02
  128 8.369799e-02
  129 8.395734e-02
  130 8.403919e-02
  131 8.399162e-02
  132 8.385425e-02
  133 8.365935e-02
  134 8.343278e-02
  135 8.319475e-02
  136 8.296064e-02
  137 8.274165e-02
  138 8.254546e-02
  139 8.237692e-02
  140 8.223855e-02
  141 8.213105e-02
  142 8.205376e-02
  143 8.200507e-02
  144 8.198272e-02
  145 8.198400e-02
  146 8.200607e-02
  147 8.204597e-02
  148 8.210085e-02
  149 8.216804e-02
  150 8.224506e-02
  151 8.232968e-02
  152 8.241997e-02
  153 8.251425e-02
  154 8.261105e-02
  155 8.270920e-02
  156 8.280771e-02
  157 8.290585e-02
  158 8.300300e-02
  159 8.309870e-02
  160 8.319263e-02
  161 8.328455e-02
  162 8.337433e-02
  163 8.346189e-02
  164 8.354724e-02
  165 8.363036e-02
  166 8.371131e-02
  167 8.379014e-02
  168 8.386695e-02
  169 8.394179e-02
  170 8.401477e-02
  171 8.408596e-02
  172 8.415545e-02
  173 8.422330e-02
  174 8.428962e-02
  175 8.435446e-02
  176 8.441786e-02
  177 8.447988e-02
  178 8.454058e-02
  179 8.459999e-02
  180 8.465818e-02
  181 8.471518e-02
  182 8.477102e-02
  183 8.482571e-02
  184 8.487929e-02
  185 8.493179e-02
  186 8.498322e-02
  187 8.503362e-02
  188 8.508301e-02
  189 8.513141e-02
  190 8.517887e-02
  191 8.522538e-02
  192 8.527098e-02
  193 8.531568e-02
  194 8.535948e-02
  195 8.540237e-02
  196 8.544430e-02
  197 8.548525e-02
  198 8.552517e-02
  199 8.556402e-02
  200 3.134756e-02
  201 1.342680e-02
  202 8.491228e-03
  203 7.927194e-03
  204 8.617288e-03
  205 9.490793e-03
  206 1.022810e-02
  207 1.077424e-02
  208 1.115722e-02
  209 1.142084e-02
  210 1.160024e-02
  211 1.169690e-02
  212 1.173559e-02
  213 1.173853e-02
  214 1.172087e-02
  215 1.169166e-02
  216 1.165574e-02
  217 1.161535e-02
  218 1.157116e-02
  219 1.152313e-02
  220 1.278439e-02
  221 1.410688e-02
  222 1.469151e-02
  223 1.465017e-02
  224 1.424725e-02
  225 1.369602e-02
  226 1.312961e-02
  227 1.261767e-02
  228 1.218862e-02
  229 1.184700e-02
  230 1.158501e-02
  231 1.138954e-02
  232 1.124624e-02
  233 1.114150e-02
  234 1.106350e-02
  235 1.100245e-02
  236 1.095067e-02
  237 1.090233e-02
  238 1.085321e-02
  239 1.080044e-02
  240 -2.556658e-04
  241 -1.370862e-02
  242 -2.564057e-02
  243 -3.525153e-02
  244 -4.267736e-02
  245 -4.827034e-02
  246 -5.238419e-02
  247 -5.532337e-02
  248 -5.734052e-02
  249 -5.864461e-02
  250 -5.940885e-02
  251 -5.977691e-02
  252 -5.986721e-02
  253 -5.977629e-02
  254 -5.958148e-02
  255 -5.934325e-02
  256 -5.910757e-02
  257 -5.890794e-02
  258 -5.876744e-02
  259 -5.870060e-02
  260 -5.871504e-02
  261 -5.881302e-02
  262 -5.899274e-02
  263 -5.924953e-02
  264 -5.957670e-02
  265 -5.996635e-02
  266 -6.041002e-02
  267 -6.089909e-02
  268 -6.142520e-02
  269 -6.198049e-02
  270 -6.255772e-02
  271 -6.315042e-02
  272 -6.375288e-02
  273 -6.436022e-02
  274 -6.496831e-02
  275 -6.557371e-02
  276 -6.617370e-02
  277 -6.676608e-02
  278 -6.734919e-02
  279 -6.792181e-02
  280 -6.848309e-02
  281 -6.903248e-02
  282 -6.956968e-02
  283 -7.009459e-02
  284 -7.060726e-02
  285 -7.110787e-02
  286 -7.159665e-02
  287 -7.207392e-02
  288 -7.254001e-02
  289 -7.299528e-02
  290 -7.344010e-02
  291 -7.387483e-02
  292 -7.429980e-02
  293 -7.471536e-02
  294 -7.512183e-02
  295 -7.551950e-02
  296 -7.590863e-02
  297 -7.628948e-02
  298 -7.666230e-02
  299 -7.702729e-02
  300 -7.738468e-02
  301 -7.773465e-02
  302 -7.807739e-02
  303 -7.841306e-02
  304 -7.874183e-02
  305 -7.906384e-02
  306 -7.937920e-02
  307 -7.968807e-02
  308 -7.999056e-02
  309 -8.028678e-02
  310 -8.057687e-02
  311 -8.086096e-02
  312 -8.113924e-02
  313 -8.141194e-02
  314 -8.167936e-02
  315 -8.194189e-02
  316 -8.220002e-02
  317 -8.245427e-02
  318 -8.270512e-02
  319 -8.295274e-02
  320 -8.319666e-02
  321 -8.343337e-02
  322 -8.366250e-02
  323 -8.388462e-02
  324 -8.410042e-02
  325 -8.431055e-02
  326 -8.451553e-02
  327 -8.471579e-02
  328 -8.491165e-02
  329 -8.510337e-02
  330 -8.529117e-02
  331 -8.547520e-02
  332 -8.565559e-02
  333 -8.583244e-02
  334 -8.600585e-02
  335 -8.617590e-02
  336 -8.634263e-02
  337 -8.650611e-02
  338 -8.666639e-02
  339 -8.682351e-02
  340 -8.697752e-02
  341 -8.712845e-02
  342 -8.727635e-02
  343 -8.742127e-02
  344 -8.756325e-02
  345 -8.770233e-02
  346 -8.783856e-02
  347 -8.797199e-02
  348 -8.810265e-02
  349 -8.823061e-02
  350 -8.835592e-02
  351 -8.847862e-02
  352 -8.859877e-02
  353 -8.871641e-02
  354 -8.883159e-02
  355 -8.894436e-02
  356 -8.905477e-02
  357 -8.916287e-02
  358 -8.926872e-02
  359 -8.937235e-02
  360 -8.580787e-02
  361 -8.144445e-02
  362 -7.758821e-02
  363 -7.450580e-02
  364 -7.215183e-02
  365 -7.040869e-02
  366 -6.915825e-02
  367 -6.829879e-02
  368 -6.774584e-02
  369 -6.742951e-02
  370 -6.729185e-02
  371 -6.728477e-02
  372 -6.736865e-02
  373 -6.751116e-02
  374 -6.768644e-02
  375 -6.787421e-02
  376 -6.805910e-02
  377 -6.822991e-02
  378 -6.837890e-02
  379 -6.850122e-02
  380 -6.859435e-02
  381 -6.865756e-02
  382 -6.869145e-02
  383 -6.869761e-02
  384 -6.867833e-02
  385 -6.863627e-02
  386 -6.857430e-02
  387 -6.849534e-02
  388 -6.840220e-02
  389 -6.829758e-02
  390 -6.818391e-02
  391 -6.806341e-02
  392 -6.793799e-02
  393 -6.780930e-02
  394 -6.767868e-02
  395 -6.754722e-02
  396 -6.741572e-02
  397 -6.728479e-02
  398 -6.715482e-02
  399 -6.702616e-02
  400 -1.794013e-03
  401 1.987953e-02
  402 2.596690e-02
  403 2.680535e-02
  404 2.613749e-02
  405 2.525072e-02
  406 2.453180e-02
  407 2.405005e-02
  408 2.377430e-02
  409 2.365143e-02
  410 2.363261e-02
  411 2.368021e-02
  412 2.376783e-02
  413 2.387824e-02
  414 2.400102e-02
  415 2.413051e-02
  416 2.426411e-02
  417 2.440111e-02
  418 2.454189e-02
  419 2.468724e-02
  420 2.483804e-02
  421 2.499510e-02
  422 2.515836e-02
  423 2.532764e-02
  424 2.550264e-02
  425 2.568298e-02
  426 2.586814e-02
  427 2.605754e-02
  428 2.625043e-02
  429 2.644604e-02
  430 2.664364e-02
  431 2.684252e-02
  432 2.704210e-02
  433 2.724205e-02
  434 2.744227e-02
  435 2.764309e-02
  436 2.784510e-02
  437 2.804917e-02
  438 2.825603e-02
  439 2.846561e-02
  440 2.473533e-02
  441 2.079712e-02
  442 1.904579e-02
  443 1.914637e-02
  444 2.030756e-02
  445 2.189171e-02
  446 2.350173e-02
  447 2.493095e-02
  448 2.609643e-02
  449 2.698688e-02
  450 2.762782e-02
  451 2.806052e-02
  452 2.833001e-02
  453 2.847878e-02
  454 2.854387e-02
  455 2.855589e-02
  456 2.853909e-02
  457 2.851193e-02
  458 2.848785e-02
  459 2.847616e-02
  460 2.848280e-02
  461 2.851107e-02
  462 2.856227e-02
  463 2.863621e-02
  464 2.873168e-02
  465 2.884675e-02
  466 2.897907e-02
  467 2.912612e-02
  468 2.928535e-02
  469 2.945425e-02
  470 2.963053e-02
  471 2.981204e-02
  472 2.999692e-02
  473 3.018354e-02
  474 3.037050e-02
  475 3.055667e-02
  476 3.074110e-02
  477 3.092306e-02
  478 3.110201e-02
  479 3.127751e-02
  480 3.144930e-02
  481 3.161718e-02
  482 3.178106e-02
  483 3.194090e-02
  484 3.209675e-02
  485 3.224866e-02
  486 3.239672e-02
  487 3.254106e-02
  488 3.268180e-02
  489 3.281905e-02
  490 3.295295e-02
  491 3.308365e-02
  492 3.321125e-02
  493 3.333589e-02
  494 3.345769e-02
  495 3.357672e-02
  496 3.369310e-02
  497 3.380691e-02
  498 3.391824e-02
  499 3.402716e-02
  500 3.413374e-02
  501 3.423805e-02
  502 3.434014e-02
  503 3.444008e-02
  504 3.453792e-02
  505 3.463370e-02
  506 3.472748e-02
  507 3.481930e-02
  508 3.490920e-02
  509 3.499722e-02
  510 3.508340e-02
  511 3.516778e-02
  512 3.525039e-02
  513 3.533128e-02
  514 3.541047e-02
  515 3.548800e-02
  516 3.556392e-02
  517 3.563824e-02
  518 3.571101e-02
  519 3.578225e-02
  520 3.585199e-02
  521 3.592028e-02
  522 3.598714e-02
  523 3.605260e-02
  524 3.611669e-02
  525 3.617943e-02
  526 3.624086e-02
  527 3.630101e-02
  528 3.635990e-02
  529 3.641756e-02
  530 3.647402e-02
  531 3.652929e-02
  532 3.658341e-02
  533 3.663639e-02
  534 3.668827e-02
  535 3.673907e-02
  536 3.678880e-02
  537 3.683749e-02
  538 3.688516e-02
  539 3.693184e-02
  540 3.697753e-02
  541 3.702227e-02
  542 3.706606e-02
  543 3.710894e-02
  544 3.715091e-02
  545 3.719202e-02
  546 3.723227e-02
  547 3.727170e-02
  548 3.731034e-02
  549 3.734820e-02
  550 3.738530e-02
  551 3.742165e-02
  552 3.745719e-02
  553 3.749184e-02
  554 3.752541e-02
  555 3.755764e-02
  556 3.758817e-02
  557 3.761659e-02
  558 3.764256e-02
  559 3.766602e-02
  560 3.768757e-02
  561 3.771083e-02
  562 3.773626e-02
  563 3.776341e-02
  564 3.779171e-02
  565 3.782061e-02
  566 3.784970e-02
  567 3.787866e-02
  568 3.790726e-02
  569 3.793533e-02
  570 3.796277e-02
  571 3.798950e-02
  572 3.801547e-02
  573 3.804068e-02
  574 3.806514e-02
  575 3.808886e-02
  576 3.811185e-02
  577 3.813416e-02
  578 3.815580e-02
  579 3.817682e-02
  580 3.819725e-02
  581 3.821713e-02
  582 3.823648e-02
  583 3.825534e-02
  584 3.827372e-02
  585 3.829167e-02
  586 3.830921e-02
  587 3.832635e-02
  588 3.834313e-02
  589 3.835955e-02
  590 3.837564e-02
  591 3.839141e-02
  592 3.840684e-02
  593 3.842191e-02
  594 3.843655e-02
  595 3.845064e-02
  596 3.846403e-02
  597 3.847652e-02
  598 3.848791e-02
  599 3.849806e-02
  600 -4.896372e-03
  601 -1.925366e-02
  602 -2.322187e-02
  603 -2.369245e-02
  604 -2.316052e-02
  605 -2.248442e-02
  606 -2.192205e-02
  607 -2.151963e-02
  608 -2.125639e-02
  609 -2.109688e-02
  610 -2.100852e-02
  611 -2.096619e-02
  612 -2.095222e-02
  613 -2.095509e-02
  614 -2.096780e-02
  615 -2.098650e-02
  616 -2.100941e-02
  617 -2.103595e-02
  618 -2.106629e-02
  619 -2.110084e-02
  620 -2.114011e-02
  621 -2.118449e-02
  622 -2.123422e-02
  623 -2.128938e-02
  624 -2.134984e-02
  625 -2.141533e-02
  626 -2.148546e-02
  627 -2.155974e-02
  628 -2.163761e-02
  629 -2.171850e-02
  630 -2.180183e-02
  631 -2.188703e-02
  632 -2.197356e-02
  633 -2.206093e-02
  634 -2.214871e-02
  635 -2.223659e-02
  636 -2.232430e-02
  637 -2.241171e-02
  638 -2.249880e-02
  639 -2.258562e-02
  640 -2.267230e-02
  641 -2.275913e-02
  642 -2.284461e-02
  643 -2.292765e-02
  644 -2.300777e-02
  645 -2.308492e-02
  646 -2.315929e-02
  647 -2.323119e-02
  648 -2.330090e-02
  649 -2.336872e-02
  650 -2.343486e-02
  651 -2.349950e-02
  652 -2.356278e-02
  653 -2.362482e-02
  654 -2.368569e-02
  655 -2.374543e-02
  656 -2.380408e-02
  657 -2.386168e-02
  658 -2.391822e-02
  659 -2.397373e-02
  660 -2.271467e-02
  661 -2.138870e-02
  662 -2.079457e-02
  663 -2.082021e-02
  664 -2.120129e-02
  665 -2.172471e-02
  666 -2.225768e-02
  667 -2.273098e-02
  668 -2.311672e-02
  669 -2.341095e-02
  670 -2.362205e-02
  671 -2.376370e-02
  672 -2.385085e-02
  673 -2.389761e-02
  674 -2.391633e-02
  675 -2.391721e-02
  676 -2.390833e-02
  677 -2.389587e-02
  678 -2.388432e-02
  679 -2.387680e-02
  680 -2.387533e-02
  681 -2.388102e-02
  682 -2.389433e-02
  683 -2.391520e-02
  684 -2.394324e-02
  685 -2.397784e-02
  686 -2.401822e-02
  687 -2.406357e-02
  688 -2.411302e-02
  689 -2.416575e-02
  690 -2.422101e-02
  691 -2.427808e-02
  692 -2.433634e-02
  693 -2.439525e-02
  694 -2.445436e-02
  695 -2.451327e-02
  696 -2.457167e-02
  697 -2.462933e-02
  698 -2.468604e-02
  699 -2.474168e-02
  700 -2.479614e-02
  701 -2.484937e-02
  702 -2.490132e-02
  703 -2.495199e-02
  704 -2.500139e-02
  705 -2.504953e-02
  706 -2.509645e-02
  707 -2.514217e-02
  708 -2.518674e-02
  709 -2.523021e-02
  710 -2.527261e-02
  711 -2.531398e-02
  712 -2.535438e-02
  713 -2.539383e-02
  714 -2.543237e-02
  715 -2.547004e-02
  716 -2.550686e-02
  717 -2.554287e-02
  718 -2.557809e-02
  719 -2.561255e-02
  720 -2.564627e-02
  721 -2.567926e-02
  722 -2.571156e-02
  723 -2.574318e-02
  724 -2.577413e-02
  725 -2.580443e-02
  726 -2.583409e-02
  727 -2.586314e-02
  728 -2.589158e-02
  729 -2.591942e-02
  730 -2.594669e-02
  731 -2.597338e-02
  732 -2.599952e-02
  733 -2.602511e-02
  734 -2.605016e-02
  735 -2.607470e-02
  736 -2.609872e-02
  737 -2.612224e-02
  738 -2.614526e-02
  739 -2.616780e-02
  740 -2.618987e-02
  741 -2.621148e-02
  742 -2.623264e-02
  743 -2.625335e-02
  744 -2.627363e-02
  745 -2.629349e-02
  746 -2.631292e-02
  747 -2.633195e-02
  748 -2.635058e-02
  749 -2.636883e-02
  750 -2.638669e-02
  751 -2.640417e-02
  752 -2.642129e-02
  753 -2.643805e-02
  754 -2.645446e-02
  755 -2.647052e-02
  756 -2.648624e-02
  757 -2.650164e-02
  758 -2.651671e-02
  759 -2.653146e-02
  760 -2.654591e-02
  761 -2.656005e-02
  762 -2.657390e-02
  763 -2.658746e-02
  764 -2.660073e-02
  765 -2.661373e-02
  766 -2.662646e-02
  767 -2.663892e-02
  768 -2.665112e-02
  769 -2.666306e-02
  770 -2.667475e-02
  771 -2.668620e-02
  772 -2.669741e-02
  773 -2.670839e-02
  774 -2.671913e-02
  775 -2.672965e-02
  776 -2.673995e-02
  777 -2.675003e-02
  778 -2.675991e-02
  779 -2.676957e-02
  780 -2.677904e-02
  781 -2.678830e-02
  782 -2.679737e-02
  783 -2.680625e-02
  784 -2.681493e-02
  785 -2.682344e-02
  786 -2.683177e-02
  787 -2.683993e-02
  788 -2.684793e-02
  789 -2.685577e-02
  790 -2.686346e-02
  791 -2.687100e-02
  792 -2.687838e-02
  793 -2.688557e-02
  794 -2.689253e-02
  795 -2.689918e-02
  796 -2.690542e-02
  797 -2.691111e-02
  798 -2.691612e-02
  799 -2.692035e-02
  800 -2.692388e-02
