    1     0
    2     0
    3     0
    4     0
    5     0
    6     0
    7     0
    8     0
    9     0
   10 1.008545e+00
   11 1.094045e+00
   12 1.177136e+00
   13 1.141195e+00
   14 1.091905e+00
   15 1.032127e+00
   16 9.755260e-01
   17 9.237169e-01
   18 8.777840e-01
   19 8.373174e-01
   20 8.017762e-01
   21 7.705574e-01
   22 7.431477e-01
   23 7.191209e-01
   24 6.981306e-01
   25 6.798888e-01
   26 6.641476e-01
   27 6.506852e-01
   28 6.392977e-01
   29 6.297912e-01
   30 6.219801e-01
   31 6.156856e-01
   32 6.107356e-01
   33 6.069661e-01
   34 6.042219e-01
   35 6.023563e-01
   36 6.012332e-01
   37 6.007279e-01
   38 6.007252e-01
   39 6.011235e-01
   40 6.018313e-01
   41 6.027692e-01
   42 6.038667e-01
   43 6.050660e-01
   44 6.063165e-01
   45 6.075779e-01
   46 6.088166e-01
   47 6.100079e-01
   48 6.111320e-01
   49 6.121742e-01
   50 6.131259e-01
   51 6.139817e-01
   52 6.147401e-01
   53 6.154012e-01
   54 6.159691e-01
   55 6.164477e-01
   56 6.168430e-01
   57 6.171627e-01
   58 6.174130e-01
   59 6.176028e-01
   60 6.177378e-01
   61 6.178266e-01
   62 6.178762e-01
   63 6.178927e-01
   64 6.178826e-01
   65 6.178515e-01
   66 6.178044e-01
   67 6.177452e-01
   68 6.176776e-01
   69 6.176059e-01
   70 6.175322e-01
   71 6.174587e-01
   72 6.173873e-01
   73 6.173198e-01
   74 6.172566e-01
   75 6.171986e-01
   76 6.171462e-01
   77 6.171000e-01
   78 6.170598e-01
   79 6.170254e-01
   80 6.169970e-01
   81 6.169738e-01
   82 6.169553e-01
   83 6.169413e-01
   84 6.169310e-01
   85 6.169248e-01
   86 6.169211e-01
   87 6.169204e-01
   88 6.169218e-01
   89 6.169251e-01
   90 6.169295e-01
   91 6.169352e-01
   92 6.169416e-01
   93 6.169482e-01
   94 6.169553e-01
   95 6.169622e-01
   96 6.169698e-01
   97 6.169768e-01
   98 6.169834e-01
   99 6.169896e-01
  100 6.169951e-01
  101 6.170002e-01
  102 6.170053e-01
  103 6.170098e-01
  104 6.170138e-01
  105 6.170171e-01
  106 6.170198e-01
  107 6.170222e-01
  108 6.170241e-01
  109 6.170256e-01
  110 6.170268e-01
  111 6.170275e-01
  112 6.170283e-01
  113 6.170290e-01
  114 6.170293e-01
  115 6.170298e-01
  116 6.170295e-01
  117 6.170293e-01
  118 6.170293e-01
  119 6.170291e-01
  120 5.597170e-01
  121 5.364414e-01
  122 5.236654e-01
  123 5.177724e-01
  124 5.147168e-01
  125 5.132481e-01
  126 5.126179e-01
  127 5.125526e-01
  128 5.129193e-01
  129 5.136568e-01
  130 5.147218e-01
  131 5.160734e-01
  132 5.176665e-01
  133 5.194530e-01
  134 5.213831e-01
  135 5.234070e-01
  136 5.254786e-01
  137 5.275557e-01
  138 5.296008e-01
  139 5.315827e-01
  140 5.334757e-01
  141 5.352595e-01
  142 5.369200e-01
  143 5.384466e-01
  144 5.398339e-01
  145 5.410799e-01
  146 5.421855e-01
  147 5.431553e-01
  148 5.439946e-01
  149 5.447118e-01
  150 5.453147e-01
  151 5.458132e-01
  152 5.462171e-01
  153 5.465366e-01
  154 5.467817e-01
  155 5.469620e-01
  156 5.470866e-01
  157 5.471637e-01
  158 5.472020e-01
  159 5.472082e-01
  160 5.471897e-01
  161 5.471515e-01
  162 5.470995e-01
  163 5.470374e-01
  164 5.469696e-01
  165 5.468986e-01
  166 5.468271e-01
  167 5.467577e-01
  168 5.466913e-01
  169 5.466292e-01
  170 5.465723e-01
  171 5.465218e-01
  172 5.464770e-01
  173 5.464382e-01
  174 5.464053e-01
  175 5.463781e-01
  176 5.463564e-01
  177 5.463401e-01
  178 5.463282e-01
  179 5.463201e-01
  180 5.463154e-01
  181 5.463136e-01
  182 5.463143e-01
  183 5.463170e-01
  184 5.463214e-01
  185 5.463270e-01
  186 5.463335e-01
  187 5.463405e-01
  188 5.463480e-01
  189 5.463555e-01
  190 5.463636e-01
  191 5.463711e-01
  192 5.463783e-01
  193 5.463847e-01
  194 5.463906e-01
  195 5.463959e-01
  196 5.464005e-01
  197 5.464045e-01
  198 5.464079e-01
  199 5.464106e-01
  200 5.163996e-01
  201 5.660130e-01
  202 5.732431e-01
  203 5.823828e-01
  204 5.854654e-01
  205 5.873458e-01
  206 5.879691e-01
  207 5.880600e-01
  208 5.877838e-01
  209 5.872940e-01
  210 5.866580e-01
  211 5.859228e-01
  212 5.851224e-01
  213 5.842810e-01
  214 5.834191e-01
  215 5.825536e-01
  216 5.816993e-01
  217 5.808688e-01
  218 5.800725e-01
  219 5.793189e-01
  220 5.378719e-01
  221 5.278438e-01
  222 5.274193e-01
  223 5.325032e-01
  224 5.391176e-01
  225 5.459276e-01
  226 5.521869e-01
  227 5.576487e-01
  228 5.622456e-01
  229 5.660083e-01
  230 5.690046e-01
  231 5.713161e-01
  232 5.730261e-01
  233 5.742147e-01
  234 5.749573e-01
  235 5.753232e-01
  236 5.753762e-01
  237 5.751739e-01
  238 5.747685e-01
  239 5.742064e-01
  240 7.454645e-01
  241 8.145319e-01
  242 8.520529e-01
  243 8.689009e-01
  244 8.772368e-01
  245 8.808294e-01
  246 8.819371e-01
  247 8.813916e-01
  248 8.796008e-01
  249 8.767518e-01
  250 8.729779e-01
  251 8.684035e-01
  252 8.631633e-01
  253 8.574008e-01
  254 8.512637e-01
  255 8.448963e-01
  256 8.384342e-01
  257 8.320000e-01
  258 8.257007e-01
  259 8.196262e-01
  260 8.138493e-01
  261 8.084261e-01
  262 8.033968e-01
  263 7.987877e-01
  264 7.946125e-01
  265 7.908737e-01
  266 7.875649e-01
  267 7.846719e-01
  268 7.821749e-01
  269 7.800492e-01
  270 7.782673e-01
  271 7.767996e-01
  272 7.756152e-01
  273 7.746832e-01
  274 7.739730e-01
  275 7.734552e-01
  276 7.731021e-01
  277 7.728876e-01
  278 7.727876e-01
  279 7.727802e-01
  280 7.728458e-01
  281 7.729670e-01
  282 7.731288e-01
  283 7.733179e-01
  284 7.735236e-01
  285 7.737365e-01
  286 7.739490e-01
  287 7.741555e-01
  288 7.743513e-01
  289 7.745332e-01
  290 7.746987e-01
  291 7.748465e-01
  292 7.749760e-01
  293 7.750872e-01
  294 7.751804e-01
  295 7.752566e-01
  296 7.753169e-01
  297 7.753625e-01
  298 7.753949e-01
  299 7.754157e-01
  300 7.754263e-01
  301 7.754283e-01
  302 7.754231e-01
  303 7.754121e-01
  304 7.753967e-01
  305 7.753777e-01
  306 7.753564e-01
  307 7.753336e-01
  308 7.753102e-01
  309 7.752867e-01
  310 7.752638e-01
  311 7.752419e-01
  312 7.752212e-01
  313 7.752022e-01
  314 7.751850e-01
  315 7.751698e-01
  316 7.751567e-01
  317 7.751457e-01
  318 7.751366e-01
  319 7.751293e-01
  320 7.751240e-01
  321 7.751206e-01
  322 7.751186e-01
  323 7.751179e-01
  324 7.751183e-01
  325 7.751198e-01
  326 7.751223e-01
  327 7.751257e-01
  328 7.751297e-01
  329 7.751344e-01
  330 7.751396e-01
  331 7.751452e-01
  332 7.751513e-01
  333 7.751578e-01
  334 7.751644e-01
  335 7.751712e-01
  336 7.751781e-01
  337 7.751851e-01
  338 7.751922e-01
  339 7.751993e-01
  340 7.752064e-01
  341 7.752135e-01
  342 7.752205e-01
  343 7.752276e-01
  344 7.752345e-01
  345 7.752414e-01
  346 7.752482e-01
  347 7.752549e-01
  348 7.752616e-01
  349 7.752682e-01
  350 7.752746e-01
  351 7.752810e-01
  352 7.752873e-01
  353 7.752934e-01
  354 7.752995e-01
  355 7.753056e-01
  356 7.753116e-01
  357 7.753175e-01
  358 7.753233e-01
  359 7.753291e-01
  360 7.180228e-01
  361 6.947533e-01
  362 6.819831e-01
  363 6.760961e-01
  364 6.730461e-01
  365 6.715829e-01
  366 6.709582e-01
  367 6.708984e-01
  368 6.712703e-01
  369 6.720131e-01
  370 6.730836e-01
  371 6.744405e-01
  372 6.760391e-01
  373 6.778308e-01
  374 6.797657e-01
  375 6.817945e-01
  376 6.838707e-01
  377 6.859523e-01
  378 6.880019e-01
  379 6.899884e-01
  380 6.918858e-01
  381 6.936742e-01
  382 6.953387e-01
  383 6.968695e-01
  384 6.982609e-01
  385 6.995110e-01
  386 7.006210e-01
  387 7.015947e-01
  388 7.024381e-01
  389 7.031588e-01
  390 7.037655e-01
  391 7.042676e-01
  392 7.046752e-01
  393 7.049982e-01
  394 7.052466e-01
  395 7.054300e-01
  396 7.055576e-01
  397 7.056382e-01
  398 7.056795e-01
  399 7.056890e-01
  400 7.416890e-01
  401 6.821199e-01
  402 6.733957e-01
  403 6.623695e-01
  404 6.586049e-01
  405 6.562793e-01
  406 6.554611e-01
  407 6.552831e-01
  408 6.555489e-01
  409 6.560756e-01
  410 6.567823e-01
  411 6.576118e-01
  412 6.585268e-01
  413 6.594976e-01
  414 6.605000e-01
  415 6.615128e-01
  416 6.625176e-01
  417 6.634989e-01
  418 6.644435e-01
  419 6.653408e-01
  420 6.661824e-01
  421 6.669623e-01
  422 6.676767e-01
  423 6.683237e-01
  424 6.689029e-01
  425 6.694153e-01
  426 6.698632e-01
  427 6.702496e-01
  428 6.705782e-01
  429 6.708536e-01
  430 6.710800e-01
  431 6.712624e-01
  432 6.714053e-01
  433 6.715137e-01
  434 6.715917e-01
  435 6.716439e-01
  436 6.716741e-01
  437 6.716861e-01
  438 6.716837e-01
  439 6.716699e-01
  440 7.938746e-01
  441 8.219761e-01
  442 8.214325e-01
  443 8.045342e-01
  444 7.832172e-01
  445 7.614829e-01
  446 7.415655e-01
  447 7.241974e-01
  448 7.095715e-01
  449 6.975841e-01
  450 6.880206e-01
  451 6.806241e-01
  452 6.751324e-01
  453 6.712927e-01
  454 6.688676e-01
  455 6.676377e-01
  456 6.674017e-01
  457 6.679765e-01
  458 6.691974e-01
  459 6.709172e-01
  460 6.730058e-01
  461 6.753493e-01
  462 6.778501e-01
  463 6.804250e-01
  464 6.830051e-01
  465 6.855340e-01
  466 6.879670e-01
  467 6.902700e-01
  468 6.924178e-01
  469 6.943937e-01
  470 6.961878e-01
  471 6.977961e-01
  472 6.992193e-01
  473 7.004625e-01
  474 7.015334e-01
  475 7.024423e-01
  476 7.032010e-01
  477 7.038225e-01
  478 7.043204e-01
  479 7.047083e-01
  480 7.049997e-01
  481 7.052079e-01
  482 7.053451e-01
  483 7.054228e-01
  484 7.054519e-01
  485 7.054420e-01
  486 7.054016e-01
  487 7.053386e-01
  488 7.052594e-01
  489 7.051699e-01
  490 7.050746e-01
  491 7.049777e-01
  492 7.048822e-01
  493 7.047905e-01
  494 7.047046e-01
  495 7.046258e-01
  496 7.045550e-01
  497 7.044927e-01
  498 7.044388e-01
  499 7.043935e-01
  500 7.043564e-01
  501 7.043270e-01
  502 7.043047e-01
  503 7.042888e-01
  504 7.042786e-01
  505 7.042735e-01
  506 7.042725e-01
  507 7.042752e-01
  508 7.042807e-01
  509 7.042885e-01
  510 7.042980e-01
  511 7.043087e-01
  512 7.043201e-01
  513 7.043318e-01
  514 7.043434e-01
  515 7.043547e-01
  516 7.043655e-01
  517 7.043755e-01
  518 7.043847e-01
  519 7.043929e-01
  520 7.044000e-01
  521 7.044061e-01
  522 7.044111e-01
  523 7.044150e-01
  524 7.044180e-01
  525 7.044198e-01
  526 7.044209e-01
  527 7.044210e-01
  528 7.044202e-01
  529 7.044188e-01
  530 7.044166e-01
  531 7.044139e-01
  532 7.044107e-01
  533 7.044070e-01
  534 7.044029e-01
  535 7.043985e-01
  536 7.043938e-01
  537 7.043889e-01
  538 7.043838e-01
  539 7.043785e-01
  540 7.043731e-01
  541 7.043676e-01
  542 7.043621e-01
  543 7.043566e-01
  544 7.043511e-01
  545 7.043456e-01
  546 7.043400e-01
  547 7.043345e-01
  548 7.043291e-01
  549 7.043237e-01
  550 7.043184e-01
  551 7.043130e-01
  552 7.043078e-01
  553 7.043027e-01
  554 7.042977e-01
  555 7.042929e-01
  556 7.042882e-01
  557 7.042837e-01
  558 7.042792e-01
  559 7.042747e-01
  560 7.042703e-01
  561 7.042663e-01
  562 7.042620e-01
  563 7.042578e-01
  564 7.042535e-01
  565 7.042492e-01
  566 7.042448e-01
  567 7.042404e-01
  568 7.042360e-01
  569 7.042315e-01
  570 7.042271e-01
  571 7.042228e-01
  572 7.042185e-01
  573 7.042143e-01
  574 7.042101e-01
  575 7.042060e-01
  576 7.042020e-01
  577 7.041980e-01
  578 7.041942e-01
  579 7.041904e-01
  580 7.041868e-01
  581 7.041832e-01
  582 7.041796e-01
  583 7.041762e-01
  584 7.041728e-01
  585 7.041695e-01
  586 7.041663e-01
  587 7.041631e-01
  588 7.041600e-01
  589 7.041569e-01
  590 7.041539e-01
  591 7.041510e-01
  592 7.041481e-01
  593 7.041453e-01
  594 7.041426e-01
  595 7.041400e-01
  596 7.041375e-01
  597 7.041351e-01
  598 7.041327e-01
  599 7.041304e-01
  600 6.801176e-01
  601 7.198048e-01
  602 7.255858e-01
  603 7.328950e-01
  604 7.353589e-01
  605 7.368616e-01
  606 7.373591e-01
  607 7.374310e-01
  608 7.372092e-01
  609 7.368164e-01
  610 7.363071e-01
  611 7.357198e-01
  612 7.350795e-01
  613 7.344061e-01
  614 7.337156e-01
  615 7.330220e-01
  616 7.323371e-01
  617 7.316714e-01
  618 7.310331e-01
  619 7.304290e-01
  620 7.298645e-01
  621 7.293431e-01
  622 7.288670e-01
  623 7.284372e-01
  624 7.280538e-01
  625 7.277157e-01
  626 7.274213e-01
  627 7.271684e-01
  628 7.269542e-01
  629 7.267757e-01
  630 7.266297e-01
  631 7.265130e-01
  632 7.264223e-01
  633 7.263545e-01
  634 7.263064e-01
  635 7.262751e-01
  636 7.262581e-01
  637 7.262527e-01
  638 7.262566e-01
  639 7.262678e-01
  640 7.262844e-01
  641 7.263054e-01
  642 7.263289e-01
  643 7.263537e-01
  644 7.263789e-01
  645 7.264037e-01
  646 7.264273e-01
  647 7.264495e-01
  648 7.264699e-01
  649 7.264882e-01
  650 7.265045e-01
  651 7.265186e-01
  652 7.265306e-01
  653 7.265406e-01
  654 7.265486e-01
  655 7.265549e-01
  656 7.265596e-01
  657 7.265629e-01
  658 7.265650e-01
  659 7.265659e-01
  660 6.858234e-01
  661 6.764455e-01
  662 6.766140e-01
  663 6.822328e-01
  664 6.893240e-01
  665 6.965542e-01
  666 7.031789e-01
  667 7.089544e-01
  668 7.138167e-01
  669 7.178004e-01
  670 7.209771e-01
  671 7.234327e-01
  672 7.252544e-01
  673 7.265266e-01
  674 7.273282e-01
  675 7.277326e-01
  676 7.278066e-01
  677 7.276111e-01
  678 7.272011e-01
  679 7.266255e-01
  680 7.259276e-01
  681 7.251452e-01
  682 7.243109e-01
  683 7.234522e-01
  684 7.225921e-01
  685 7.217492e-01
  686 7.209385e-01
  687 7.201713e-01
  688 7.194559e-01
  689 7.187978e-01
  690 7.182003e-01
  691 7.176647e-01
  692 7.171908e-01
  693 7.167768e-01
  694 7.164203e-01
  695 7.161176e-01
  696 7.158650e-01
  697 7.156580e-01
  698 7.154921e-01
  699 7.153628e-01
  700 7.152656e-01
  701 7.151961e-01
  702 7.151502e-01
  703 7.151240e-01
  704 7.151140e-01
  705 7.151170e-01
  706 7.151301e-01
  707 7.151507e-01
  708 7.151767e-01
  709 7.152061e-01
  710 7.152374e-01
  711 7.152693e-01
  712 7.153006e-01
  713 7.153307e-01
  714 7.153589e-01
  715 7.153847e-01
  716 7.154078e-01
  717 7.154282e-01
  718 7.154457e-01
  719 7.154603e-01
  720 7.154723e-01
  721 7.154817e-01
  722 7.154887e-01
  723 7.154936e-01
  724 7.154966e-01
  725 7.154980e-01
  726 7.154979e-01
  727 7.154967e-01
  728 7.154945e-01
  729 7.154915e-01
  730 7.154880e-01
  731 7.154842e-01
  732 7.154801e-01
  733 7.154759e-01
  734 7.154717e-01
  735 7.154676e-01
  736 7.154638e-01
  737 7.154602e-01
  738 7.154568e-01
  739 7.154538e-01
  740 7.154512e-01
  741 7.154489e-01
  742 7.154470e-01
  743 7.154454e-01
  744 7.154442e-01
  745 7.154434e-01
  746 7.154428e-01
  747 7.154426e-01
  748 7.154426e-01
  749 7.154428e-01
  750 7.154433e-01
  751 7.154441e-01
  752 7.154449e-01
  753 7.154460e-01
  754 7.154471e-01
  755 7.154484e-01
  756 7.154498e-01
  757 7.154513e-01
  758 7.154528e-01
  759 7.154544e-01
  760 7.154561e-01
  761 7.154577e-01
  762 7.154594e-01
  763 7.154611e-01
  764 7.154628e-01
  765 7.154645e-01
  766 7.154662e-01
  767 7.154679e-01
  768 7.154696e-01
  769 7.154712e-01
  770 7.154729e-01
  771 7.154745e-01
  772 7.154762e-01
  773 7.154778e-01
  774 7.154793e-01
  775 7.154809e-01
  776 7.154824e-01
  777 7.154839e-01
  778 7.154854e-01
  779 7.154869e-01
  780 7.154884e-01
  781 7.154898e-01
  782 7.154913e-01
  783 7.154927e-01
  784 7.154941e-01
  785 7.154955e-01
  786 7.154969e-01
  787 7.154982e-01
  788 7.154996e-01
  789 7.155009e-01
  790 7.155022e-01
  791 7.155035e-01
  792 7.155048e-01
  793 7.155060e-01
  794 7.155073e-01
  795 7.155084e-01
  796 7.155096e-01
  797 7.155106e-01
  798 7.155117e-01
  799 7.155127e-01
  800 7.155137e-01
