    1     0
    2     0
    3     0
    4     0
    5     0
    6     0
    7     0
    8     0
    9     0
   10 2.215873e-01
   11 2.836533e-01
   12 2.890928e-01
   13 2.760439e-01
   14 2.583786e-01
   15 2.409145e-01
   16 2.251346e-01
   17 2.113340e-01
   18 1.994166e-01
   19 1.891827e-01
   20 1.804259e-01
   21 1.729603e-01
   22 1.666240e-01
   23 1.612760e-01
   24 1.567910e-01
   25 1.530571e-01
   26 1.499725e-01
   27 1.474448e-01
   28 1.453902e-01
   29 1.437329e-01
   30 1.424051e-01
   31 1.413466e-01
   32 1.405048e-01
   33 1.398342e-01
   34 1.392961e-01
   35 1.388580e-01
   36 1.384928e-01
   37 1.381789e-01
   38 1.378988e-01
   39 1.376390e-01
   40 1.373894e-01
   41 1.371425e-01
   42 1.368932e-01
   43 1.366382e-01
   44 1.363754e-01
   45 1.361042e-01
   46 1.358246e-01
   47 1.355371e-01
   48 1.352429e-01
   49 1.349431e-01
   50 1.346392e-01
   51 1.343326e-01
   52 1.340245e-01
   53 1.337163e-01
   54 1.334091e-01
   55 1.331040e-01
   56 1.328018e-01
   57 1.325032e-01
   58 1.322088e-01
   59 1.319192e-01
   60 1.316347e-01
   61 1.313555e-01
   62 1.310817e-01
   63 1.308136e-01
   64 1.305511e-01
   65 1.302943e-01
   66 1.300431e-01
   67 1.297974e-01
   68 1.295570e-01
   69 1.293219e-01
   70 1.290921e-01
   71 1.288673e-01
   72 1.286473e-01
   73 1.284322e-01
   74 1.282217e-01
   75 1.280158e-01
   76 1.278142e-01
   77 1.276168e-01
   78 1.274236e-01
   79 1.272344e-01
   80 1.270492e-01
   81 1.268679e-01
   82 1.266904e-01
   83 1.265164e-01
   84 1.263461e-01
   85 1.261792e-01
   86 1.260158e-01
   87 1.258557e-01
   88 1.256989e-01
   89 1.255454e-01
   90 1.253950e-01
   91 1.252477e-01
   92 1.251034e-01
   93 1.249621e-01
   94 1.248237e-01
   95 1.246881e-01
   96 1.245553e-01
   97 1.244252e-01
   98 1.242978e-01
   99 1.241730e-01
  100 1.240508e-01
  101 1.239310e-01
  102 1.238137e-01
  103 1.236988e-01
  104 1.235863e-01
  105 1.234761e-01
  106 1.233681e-01
  107 1.232624e-01
  108 1.231589e-01
  109 1.230574e-01
  110 1.229581e-01
  111 1.228607e-01
  112 1.227654e-01
  113 1.226721e-01
  114 1.225807e-01
  115 1.224912e-01
  116 1.224034e-01
  117 1.223174e-01
  118 1.222332e-01
  119 1.221508e-01
  120 1.142815e-01
  121 1.106080e-01
  122 1.090374e-01
  123 1.086318e-01
  124 1.089247e-01
  125 1.096528e-01
  126 1.106489e-01
  127 1.117974e-01
  128 1.130146e-01
  129 1.142388e-01
  130 1.154255e-01
  131 1.165436e-01
  132 1.175729e-01
  133 1.185016e-01
  134 1.193249e-01
  135 1.200430e-01
  136 1.206599e-01
  137 1.211824e-01
  138 1.216189e-01
  139 1.219786e-01
  140 1.222713e-01
  141 1.225065e-01
  142 1.226932e-01
  143 1.228399e-01
  144 1.229541e-01
  145 1.230424e-01
  146 1.231107e-01
  147 1.231640e-01
  148 1.232062e-01
  149 1.232408e-01
  150 1.232704e-01
  151 1.232971e-01
  152 1.233225e-01
  153 1.233476e-01
  154 1.233733e-01
  155 1.234002e-01
  156 1.234283e-01
  157 1.234580e-01
  158 1.234891e-01
  159 1.235215e-01
  160 1.235551e-01
  161 1.235897e-01
  162 1.236250e-01
  163 1.236608e-01
  164 1.236970e-01
  165 1.237332e-01
  166 1.237694e-01
  167 1.238053e-01
  168 1.238409e-01
  169 1.238759e-01
  170 1.239105e-01
  171 1.239444e-01
  172 1.239776e-01
  173 1.240100e-01
  174 1.240416e-01
  175 1.240726e-01
  176 1.241027e-01
  177 1.241322e-01
  178 1.241608e-01
  179 1.241887e-01
  180 1.242159e-01
  181 1.242423e-01
  182 1.242681e-01
  183 1.242931e-01
  184 1.243176e-01
  185 1.243415e-01
  186 1.243648e-01
  187 1.243875e-01
  188 1.244096e-01
  189 1.244312e-01
  190 1.244523e-01
  191 1.244729e-01
  192 1.244930e-01
  193 1.245126e-01
  194 1.245317e-01
  195 1.245504e-01
  196 1.245686e-01
  197 1.245864e-01
  198 1.246037e-01
  199 1.246207e-01
  200 9.874699e-02
  201 9.336912e-02
  202 9.414182e-02
  203 9.622270e-02
  204 9.813051e-02
  205 9.952539e-02
  206 1.004229e-01
  207 1.009263e-01
  208 1.011418e-01
  209 1.011560e-01
  210 1.010320e-01
  211 1.008049e-01
  212 1.005139e-01
  213 1.001899e-01
  214 9.985520e-02
  215 9.952458e-02
  216 9.920779e-02
  217 9.891076e-02
  218 9.863673e-02
  219 9.838701e-02
  220 9.341145e-02
  221 9.242492e-02
  222 9.278057e-02
  223 9.343664e-02
  224 9.400794e-02
  225 9.437939e-02
  226 9.454450e-02
  227 9.453652e-02
  228 9.439890e-02
  229 9.417304e-02
  230 9.389384e-02
  231 9.358863e-02
  232 9.327767e-02
  233 9.297512e-02
  234 9.269027e-02
  235 9.242861e-02
  236 9.219278e-02
  237 9.198334e-02
  238 9.179948e-02
  239 9.163943e-02
  240 1.148663e-01
  241 1.255299e-01
  242 1.299060e-01
  243 1.308054e-01
  244 1.296256e-01
  245 1.271540e-01
  246 1.238901e-01
  247 1.201792e-01
  248 1.162712e-01
  249 1.123494e-01
  250 1.085465e-01
  251 1.049550e-01
  252 1.016351e-01
  253 9.862157e-02
  254 9.592858e-02
  255 9.355516e-02
  256 9.148893e-02
  257 8.970965e-02
  258 8.819203e-02
  259 8.690806e-02
  260 8.582873e-02
  261 8.492550e-02
  262 8.417113e-02
  263 8.354048e-02
  264 8.301080e-02
  265 8.256201e-02
  266 8.217673e-02
  267 8.184018e-02
  268 8.154004e-02
  269 8.126625e-02
  270 8.101079e-02
  271 8.076739e-02
  272 8.053130e-02
  273 8.029904e-02
  274 8.006821e-02
  275 7.983722e-02
  276 7.960518e-02
  277 7.937171e-02
  278 7.913682e-02
  279 7.890075e-02
  280 7.866396e-02
  281 7.842700e-02
  282 7.819048e-02
  283 7.795501e-02
  284 7.772117e-02
  285 7.748952e-02
  286 7.726053e-02
  287 7.703463e-02
  288 7.681218e-02
  289 7.659347e-02
  290 7.637871e-02
  291 7.616809e-02
  292 7.596169e-02
  293 7.575960e-02
  294 7.556185e-02
  295 7.536841e-02
  296 7.517926e-02
  297 7.499435e-02
  298 7.481361e-02
  299 7.463695e-02
  300 7.446429e-02
  301 7.429553e-02
  302 7.413058e-02
  303 7.396933e-02
  304 7.381169e-02
  305 7.365754e-02
  306 7.350678e-02
  307 7.335934e-02
  308 7.321510e-02
  309 7.307398e-02
  310 7.293590e-02
  311 7.280076e-02
  312 7.266843e-02
  313 7.253879e-02
  314 7.241166e-02
  315 7.228681e-02
  316 7.216401e-02
  317 7.204301e-02
  318 7.192359e-02
  319 7.180572e-02
  320 7.168973e-02
  321 7.157732e-02
  322 7.146850e-02
  323 7.136288e-02
  324 7.126009e-02
  325 7.115981e-02
  326 7.106182e-02
  327 7.096596e-02
  328 7.087212e-02
  329 7.078019e-02
  330 7.069013e-02
  331 7.060187e-02
  332 7.051539e-02
  333 7.043064e-02
  334 7.034760e-02
  335 7.026624e-02
  336 7.018653e-02
  337 7.010844e-02
  338 7.003195e-02
  339 6.995704e-02
  340 6.988366e-02
  341 6.981177e-02
  342 6.974138e-02
  343 6.967243e-02
  344 6.960490e-02
  345 6.953875e-02
  346 6.947396e-02
  347 6.941049e-02
  348 6.934832e-02
  349 6.928743e-02
  350 6.922779e-02
  351 6.916936e-02
  352 6.911212e-02
  353 6.905604e-02
  354 6.900111e-02
  355 6.894730e-02
  356 6.889459e-02
  357 6.884295e-02
  358 6.879237e-02
  359 6.874281e-02
  360 6.090579e-02
  361 5.726385e-02
  362 5.572411e-02
  363 5.534883e-02
  364 5.567136e-02
  365 5.642848e-02
  366 5.745306e-02
  367 5.862943e-02
  368 5.987381e-02
  369 6.112471e-02
  370 6.233759e-02
  371 6.348135e-02
  372 6.453571e-02
  373 6.548902e-02
  374 6.633636e-02
  375 6.707800e-02
  376 6.771801e-02
  377 6.826312e-02
  378 6.872174e-02
  379 6.910318e-02
  380 6.941713e-02
  381 6.967312e-02
  382 6.988021e-02
  383 7.004681e-02
  384 7.018052e-02
  385 7.028802e-02
  386 7.037511e-02
  387 7.044673e-02
  388 7.050697e-02
  389 7.055919e-02
  390 7.060606e-02
  391 7.064969e-02
  392 7.069163e-02
  393 7.073309e-02
  394 7.077487e-02
  395 7.081754e-02
  396 7.086147e-02
  397 7.090684e-02
  398 7.095372e-02
  399 7.100206e-02
  400 1.021201e-01
  401 1.086436e-01
  402 1.077868e-01
  403 1.053606e-01
  404 1.031435e-01
  405 1.015445e-01
  406 1.005462e-01
  407 1.000258e-01
  408 9.985686e-02
  409 9.993466e-02
  410 1.001790e-01
  411 1.005302e-01
  412 1.009446e-01
  413 1.013904e-01
  414 1.018450e-01
  415 1.022928e-01
  416 1.027231e-01
  417 1.031292e-01
  418 1.035074e-01
  419 1.038562e-01
  420 1.041756e-01
  421 1.044667e-01
  422 1.047309e-01
  423 1.049705e-01
  424 1.051877e-01
  425 1.053850e-01
  426 1.055650e-01
  427 1.057301e-01
  428 1.058824e-01
  429 1.060239e-01
  430 1.061563e-01
  431 1.062811e-01
  432 1.063999e-01
  433 1.065136e-01
  434 1.066237e-01
  435 1.067311e-01
  436 1.068369e-01
  437 1.069423e-01
  438 1.070479e-01
  439 1.071541e-01
  440 1.215101e-01
  441 1.239634e-01
  442 1.224498e-01
  443 1.200897e-01
  444 1.180338e-01
  445 1.166215e-01
  446 1.158668e-01
  447 1.156644e-01
  448 1.158788e-01
  449 1.163811e-01
  450 1.170626e-01
  451 1.178376e-01
  452 1.186423e-01
  453 1.194317e-01
  454 1.201758e-01
  455 1.208564e-01
  456 1.214644e-01
  457 1.219969e-01
  458 1.224557e-01
  459 1.228454e-01
  460 1.231727e-01
  461 1.234448e-01
  462 1.236695e-01
  463 1.238544e-01
  464 1.240066e-01
  465 1.241324e-01
  466 1.242375e-01
  467 1.243269e-01
  468 1.244046e-01
  469 1.244742e-01
  470 1.245382e-01
  471 1.245990e-01
  472 1.246580e-01
  473 1.247165e-01
  474 1.247754e-01
  475 1.248351e-01
  476 1.248960e-01
  477 1.249581e-01
  478 1.250215e-01
  479 1.250860e-01
  480 1.251514e-01
  481 1.252176e-01
  482 1.252843e-01
  483 1.253512e-01
  484 1.254181e-01
  485 1.254848e-01
  486 1.255510e-01
  487 1.256167e-01
  488 1.256816e-01
  489 1.257457e-01
  490 1.258087e-01
  491 1.258708e-01
  492 1.259317e-01
  493 1.259914e-01
  494 1.260500e-01
  495 1.261073e-01
  496 1.261635e-01
  497 1.262185e-01
  498 1.262722e-01
  499 1.263248e-01
  500 1.263763e-01
  501 1.264266e-01
  502 1.264758e-01
  503 1.265240e-01
  504 1.265711e-01
  505 1.266172e-01
  506 1.266622e-01
  507 1.267064e-01
  508 1.267496e-01
  509 1.267918e-01
  510 1.268332e-01
  511 1.268737e-01
  512 1.269134e-01
  513 1.269522e-01
  514 1.269902e-01
  515 1.270275e-01
  516 1.270640e-01
  517 1.270997e-01
  518 1.271347e-01
  519 1.271689e-01
  520 1.272025e-01
  521 1.272354e-01
  522 1.272676e-01
  523 1.272991e-01
  524 1.273300e-01
  525 1.273603e-01
  526 1.273899e-01
  527 1.274190e-01
  528 1.274474e-01
  529 1.274753e-01
  530 1.275026e-01
  531 1.275293e-01
  532 1.275555e-01
  533 1.275812e-01
  534 1.276064e-01
  535 1.276310e-01
  536 1.276551e-01
  537 1.276788e-01
  538 1.277020e-01
  539 1.277246e-01
  540 1.277469e-01
  541 1.277687e-01
  542 1.277900e-01
  543 1.278110e-01
  544 1.278315e-01
  545 1.278515e-01
  546 1.278712e-01
  547 1.278905e-01
  548 1.279094e-01
  549 1.279279e-01
  550 1.279461e-01
  551 1.279638e-01
  552 1.279811e-01
  553 1.279979e-01
  554 1.280142e-01
  555 1.280297e-01
  556 1.280444e-01
  557 1.280579e-01
  558 1.280702e-01
  559 1.280813e-01
  560 1.280916e-01
  561 1.281028e-01
  562 1.281151e-01
  563 1.281280e-01
  564 1.281414e-01
  565 1.281548e-01
  566 1.281681e-01
  567 1.281813e-01
  568 1.281942e-01
  569 1.282068e-01
  570 1.282191e-01
  571 1.282312e-01
  572 1.282429e-01
  573 1.282543e-01
  574 1.282655e-01
  575 1.282764e-01
  576 1.282870e-01
  577 1.282975e-01
  578 1.283076e-01
  579 1.283176e-01
  580 1.283274e-01
  581 1.283369e-01
  582 1.283463e-01
  583 1.283555e-01
  584 1.283645e-01
  585 1.283733e-01
  586 1.283819e-01
  587 1.283904e-01
  588 1.283987e-01
  589 1.284068e-01
  590 1.284148e-01
  591 1.284226e-01
  592 1.284302e-01
  593 1.284376e-01
  594 1.284447e-01
  595 1.284516e-01
  596 1.284581e-01
  597 1.284640e-01
  598 1.284695e-01
  599 1.284743e-01
  600 1.077662e-01
  601 1.034549e-01
  602 1.040642e-01
  603 1.057200e-01
  604 1.072365e-01
  605 1.083409e-01
  606 1.090446e-01
  607 1.094292e-01
  608 1.095790e-01
  609 1.095638e-01
  610 1.094370e-01
  611 1.092382e-01
  612 1.089966e-01
  613 1.087332e-01
  614 1.084633e-01
  615 1.081973e-01
  616 1.079421e-01
  617 1.077024e-01
  618 1.074806e-01
  619 1.072778e-01
  620 1.070941e-01
  621 1.069287e-01
  622 1.067805e-01
  623 1.066481e-01
  624 1.065298e-01
  625 1.064239e-01
  626 1.063290e-01
  627 1.062433e-01
  628 1.061656e-01
  629 1.060946e-01
  630 1.060291e-01
  631 1.059681e-01
  632 1.059110e-01
  633 1.058569e-01
  634 1.058053e-01
  635 1.057558e-01
  636 1.057078e-01
  637 1.056611e-01
  638 1.056153e-01
  639 1.055702e-01
  640 1.055255e-01
  641 1.054809e-01
  642 1.054371e-01
  643 1.053946e-01
  644 1.053536e-01
  645 1.053139e-01
  646 1.052755e-01
  647 1.052382e-01
  648 1.052019e-01
  649 1.051664e-01
  650 1.051318e-01
  651 1.050979e-01
  652 1.050648e-01
  653 1.050323e-01
  654 1.050006e-01
  655 1.049695e-01
  656 1.049392e-01
  657 1.049095e-01
  658 1.048805e-01
  659 1.048522e-01
  660 1.000744e-01
  661 9.926294e-02
  662 9.977253e-02
  663 1.005633e-01
  664 1.012521e-01
  665 1.017260e-01
  666 1.019805e-01
  667 1.020508e-01
  668 1.019822e-01
  669 1.018176e-01
  670 1.015933e-01
  671 1.013378e-01
  672 1.010725e-01
  673 1.008122e-01
  674 1.005670e-01
  675 1.003429e-01
  676 1.001430e-01
  677 9.996823e-02
  678 9.981794e-02
  679 9.969059e-02
  680 9.958401e-02
  681 9.949574e-02
  682 9.942318e-02
  683 9.936384e-02
  684 9.931535e-02
  685 9.927558e-02
  686 9.924262e-02
  687 9.921486e-02
  688 9.919092e-02
  689 9.916966e-02
  690 9.915018e-02
  691 9.913176e-02
  692 9.911385e-02
  693 9.909607e-02
  694 9.907813e-02
  695 9.905987e-02
  696 9.904118e-02
  697 9.902204e-02
  698 9.900245e-02
  699 9.898245e-02
  700 9.896209e-02
  701 9.894146e-02
  702 9.892064e-02
  703 9.889971e-02
  704 9.887875e-02
  705 9.885783e-02
  706 9.883702e-02
  707 9.881637e-02
  708 9.879595e-02
  709 9.877579e-02
  710 9.875593e-02
  711 9.873639e-02
  712 9.871720e-02
  713 9.869838e-02
  714 9.867992e-02
  715 9.866184e-02
  716 9.864414e-02
  717 9.862682e-02
  718 9.860987e-02
  719 9.859330e-02
  720 9.857708e-02
  721 9.856122e-02
  722 9.854571e-02
  723 9.853053e-02
  724 9.851569e-02
  725 9.850118e-02
  726 9.848697e-02
  727 9.847307e-02
  728 9.845947e-02
  729 9.844615e-02
  730 9.843312e-02
  731 9.842036e-02
  732 9.840787e-02
  733 9.839564e-02
  734 9.838366e-02
  735 9.837194e-02
  736 9.836046e-02
  737 9.834921e-02
  738 9.833820e-02
  739 9.832741e-02
  740 9.831684e-02
  741 9.830649e-02
  742 9.829636e-02
  743 9.828643e-02
  744 9.827671e-02
  745 9.826718e-02
  746 9.825784e-02
  747 9.824870e-02
  748 9.823975e-02
  749 9.823098e-02
  750 9.822239e-02
  751 9.821397e-02
  752 9.820572e-02
  753 9.819764e-02
  754 9.818972e-02
  755 9.818196e-02
  756 9.817436e-02
  757 9.816691e-02
  758 9.815961e-02
  759 9.815246e-02
  760 9.814546e-02
  761 9.813859e-02
  762 9.813186e-02
  763 9.812527e-02
  764 9.811881e-02
  765 9.811248e-02
  766 9.810628e-02
  767 9.810020e-02
  768 9.809424e-02
  769 9.808840e-02
  770 9.808268e-02
  771 9.807707e-02
  772 9.807158e-02
  773 9.806619e-02
  774 9.806090e-02
  775 9.805573e-02
  776 9.805066e-02
  777 9.804569e-02
  778 9.804082e-02
  779 9.803604e-02
  780 9.803136e-02
  781 9.802678e-02
  782 9.802228e-02
  783 9.801787e-02
  784 9.801354e-02
  785 9.800930e-02
  786 9.800515e-02
  787 9.800108e-02
  788 9.799709e-02
  789 9.799318e-02
  790 9.798935e-02
  791 9.798560e-02
  792 9.798194e-02
  793 9.797839e-02
  794 9.797497e-02
  795 9.797174e-02
  796 9.796873e-02
  797 9.796601e-02
  798 9.796365e-02
  799 9.796167e-02
  800 9.796002e-02
