1  0.9
2  0.9
3  0.9
4  0.9
5  0.9
6  0.9
7  0.9
8  0.9
9  0.9
10  0.9
11  0.9
12  0.9
13  0.9
14  0.9
15  0.9
16  0.9
17  0.9
18  0.9
19  0.9
20  0.9
21  0.9
22  0.9
23  0.9
24  0.9
25  0.9
26  0.9
27  0.9
28  0.9
29  0.9
30  0.9
31  0.9
32  0.9
33  0.9
34  0.9
35  0.9
36  0.9
37  0.9
38  0.9
39  0.9
40  0.9
41  0.9
42  0.9
43  0.9
44  0.9
45  0.9
46  0.9
47  0.9
48  0.9
49  0.9
50  0.9
51  0.9
52  0.9
53  0.9
54  0.9
55  0.9
56  0.9
57  0.9
58  0.9
59  0.9
60  0.9
61  0.9
62  0.9
63  0.9
64  0.9
65  0.9
66  0.9
67  0.9
68  0.9
69  0.9
70  0.9
71  0.9
72  0.9
73  0.9
74  0.9
75  0.9
76  0.9
77  0.9
78  0.9
79  0.9
80  0.9
81  0.9
82  0.9
83  0.9
84  0.9
85  0.9
86  0.9
87  0.9
88  0.9
89  0.9
90  0.9
91  0.9
92  0.9
93  0.9
94  0.9
95  0.9
96  0.9
97  0.9
98  0.9
99  0.9
100  0.9
101  0.9
102  0.9
103  0.9
104  0.9
105  0.9
106  0.9
107  0.9
108  0.9
109  0.9
110  0.9
111  0.9
112  0.9
113  0.9
114  0.9
115  0.9
116  0.9
117  0.9
118  0.9
119  0.9
120  0.8
121  0.8
122  0.8
123  0.8
124  0.8
125  0.8
126  0.8
127  0.8
128  0.8
129  0.8
130  0.8
131  0.8
132  0.8
133  0.8
134  0.8
135  0.8
136  0.8
137  0.8
138  0.8
139  0.8
140  0.8
141  0.8
142  0.8
143  0.8
144  0.8
145  0.8
146  0.8
147  0.8
148  0.8
149  0.8
150  0.8
151  0.8
152  0.8
153  0.8
154  0.8
155  0.8
156  0.8
157  0.8
158  0.8
159  0.8
160  0.8
161  0.8
162  0.8
163  0.8
164  0.8
165  0.8
166  0.8
167  0.8
168  0.8
169  0.8
170  0.8
171  0.8
172  0.8
173  0.8
174  0.8
175  0.8
176  0.8
177  0.8
178  0.8
179  0.8
180  0.8
181  0.8
182  0.8
183  0.8
184  0.8
185  0.8
186  0.8
187  0.8
188  0.8
189  0.8
190  0.8
191  0.8
192  0.8
193  0.8
194  0.8
195  0.8
196  0.8
197  0.8
198  0.8
199  0.8
200  0.8
201  0.8
202  0.8
203  0.8
204  0.8
205  0.8
206  0.8
207  0.8
208  0.8
209  0.8
210  0.8
211  0.8
212  0.8
213  0.8
214  0.8
215  0.8
216  0.8
217  0.8
218  0.8
219  0.8
220  0.8
221  0.8
222  0.8
223  0.8
224  0.8
225  0.8
226  0.8
227  0.8
228  0.8
229  0.8
230  0.8
231  0.8
232  0.8
233  0.8
234  0.8
235  0.8
236  0.8
237  0.8
238  0.8
239  0.8
240  1.1
241  1.1
242  1.1
243  1.1
244  1.1
245  1.1
246  1.1
247  1.1
248  1.1
249  1.1
250  1.1
251  1.1
252  1.1
253  1.1
254  1.1
255  1.1
256  1.1
257  1.1
258  1.1
259  1.1
260  1.1
261  1.1
262  1.1
263  1.1
264  1.1
265  1.1
266  1.1
267  1.1
268  1.1
269  1.1
270  1.1
271  1.1
272  1.1
273  1.1
274  1.1
275  1.1
276  1.1
277  1.1
278  1.1
279  1.1
280  1.1
281  1.1
282  1.1
283  1.1
284  1.1
285  1.1
286  1.1
287  1.1
288  1.1
289  1.1
290  1.1
291  1.1
292  1.1
293  1.1
294  1.1
295  1.1
296  1.1
297  1.1
298  1.1
299  1.1
300  1.1
301  1.1
302  1.1
303  1.1
304  1.1
305  1.1
306  1.1
307  1.1
308  1.1
309  1.1
310  1.1
311  1.1
312  1.1
313  1.1
314  1.1
315  1.1
316  1.1
317  1.1
318  1.1
319  1.1
320  1.1
321  1.1
322  1.1
323  1.1
324  1.1
325  1.1
326  1.1
327  1.1
328  1.1
329  1.1
330  1.1
331  1.1
332  1.1
333  1.1
334  1.1
335  1.1
336  1.1
337  1.1
338  1.1
339  1.1
340  1.1
341  1.1
342  1.1
343  1.1
344  1.1
345  1.1
346  1.1
347  1.1
348  1.1
349  1.1
350  1.1
351  1.1
352  1.1
353  1.1
354  1.1
355  1.1
356  1.1
357  1.1
358  1.1
359  1.1
360  1
361  1
362  1
363  1
364  1
365  1
366  1
367  1
368  1
369  1
370  1
371  1
372  1
373  1
374  1
375  1
376  1
377  1
378  1
379  1
380  1
381  1
382  1
383  1
384  1
385  1
386  1
387  1
388  1
389  1
390  1
391  1
392  1
393  1
394  1
395  1
396  1
397  1
398  1
399  1
400  1
401  1
402  1
403  1
404  1
405  1
406  1
407  1
408  1
409  1
410  1
411  1
412  1
413  1
414  1
415  1
416  1
417  1
418  1
419  1
420  1
421  1
422  1
423  1
424  1
425  1
426  1
427  1
428  1
429  1
430  1
431  1
432  1
433  1
434  1
435  1
436  1
437  1
438  1
439  1
440  1
441  1
442  1
443  1
444  1
445  1
446  1
447  1
448  1
449  1
450  1
451  1
452  1
453  1
454  1
455  1
456  1
457  1
458  1
459  1
460  1
461  1
462  1
463  1
464  1
465  1
466  1
467  1
468  1
469  1
470  1
471  1
472  1
473  1
474  1
475  1
476  1
477  1
478  1
479  1
480  1
481  1
482  1
483  1
484  1
485  1
486  1
487  1
488  1
489  1
490  1
491  1
492  1
493  1
494  1
495  1
496  1
497  1
498  1
499  1
500  1
501  1
502  1
503  1
504  1
505  1
506  1
507  1
508  1
509  1
510  1
511  1
512  1
513  1
514  1
515  1
516  1
517  1
518  1
519  1
520  1
521  1
522  1
523  1
524  1
525  1
526  1
527  1
528  1
529  1
530  1
531  1
532  1
533  1
534  1
535  1
536  1
537  1
538  1
539  1
540  1
541  1
542  1
543  1
544  1
545  1
546  1
547  1
548  1
549  1
550  1
551  1
552  1
553  1
554  1
555  1
556  1
557  1
558  1
559  1
560  1
561  1
562  1
563  1
564  1
565  1
566  1
567  1
568  1
569  1
570  1
571  1
572  1
573  1
574  1
575  1
576  1
577  1
578  1
579  1
580  1
581  1
582  1
583  1
584  1
585  1
586  1
587  1
588  1
589  1
590  1
591  1
592  1
593  1
594  1
595  1
596  1
597  1
598  1
599  1
600  1
601  1
602  1
603  1
604  1
605  1
606  1
607  1
608  1
609  1
610  1
611  1
612  1
613  1
614  1
615  1
616  1
617  1
618  1
619  1
620  1
621  1
622  1
623  1
624  1
625  1
626  1
627  1
628  1
629  1
630  1
631  1
632  1
633  1
634  1
635  1
636  1
637  1
638  1
639  1
640  1
641  1
642  1
643  1
644  1
645  1
646  1
647  1
648  1
649  1
650  1
651  1
652  1
653  1
654  1
655  1
656  1
657  1
658  1
659  1
660  1
661  1
662  1
663  1
664  1
665  1
666  1
667  1
668  1
669  1
670  1
671  1
672  1
673  1
674  1
675  1
676  1
677  1
678  1
679  1
680  1
681  1
682  1
683  1
684  1
685  1
686  1
687  1
688  1
689  1
690  1
691  1
692  1
693  1
694  1
695  1
696  1
697  1
698  1
699  1
700  1
701  1
702  1
703  1
704  1
705  1
706  1
707  1
708  1
709  1
710  1
711  1
712  1
713  1
714  1
715  1
716  1
717  1
718  1
719  1
720  1
721  1
722  1
723  1
724  1
725  1
726  1
727  1
728  1
729  1
730  1
731  1
732  1
733  1
734  1
735  1
736  1
737  1
738  1
739  1
740  1
741  1
742  1
743  1
744  1
745  1
746  1
747  1
748  1
749  1
750  1
751  1
752  1
753  1
754  1
755  1
756  1
757  1
758  1
759  1
760  1
761  1
762  1
763  1
764  1
765  1
766  1
767  1
768  1
769  1
770  1
771  1
772  1
773  1
774  1
775  1
776  1
777  1
778  1
779  1
780  1
781  1
782  1
783  1
784  1
785  1
786  1
787  1
788  1
789  1
790  1
791  1
792  1
793  1
794  1
795  1
796  1
797  1
798  1
799  1
800  1
