    1     0
    2     0
    3     0
    4     0
    5     0
    6     0
    7 3.972272e-01
    8 7.004227e-01
    9 9.223892e-01
   10 1.075615e+00
   11 1.171826e+00
   12 1.208453e+00
   13 1.202037e+00
   14 1.166069e+00
   15 1.111297e+00
   16 1.046065e+00
   17 9.771036e-01
   18 9.090593e-01
   19 8.449530e-01
   20 7.865700e-01
   21 7.347847e-01
   22 6.898089e-01
   23 6.514175e-01
   24 6.191185e-01
   25 5.922757e-01
   26 5.701969e-01
   27 5.521927e-01
   28 5.376136e-01
   29 5.258713e-01
   30 5.164482e-01
   31 5.088987e-01
   32 5.028472e-01
   33 4.979819e-01
   34 4.940474e-01
   35 4.908370e-01
   36 4.881855e-01
   37 4.859622e-01
   38 4.840643e-01
   39 4.824123e-01
   40 4.809447e-01
   41 4.796144e-01
   42 4.783855e-01
   43 4.772313e-01
   44 4.761315e-01
   45 4.750715e-01
   46 4.740399e-01
   47 4.730286e-01
   48 4.720317e-01
   49 4.710451e-01
   50 4.700657e-01
   51 4.690913e-01
   52 4.681204e-01
   53 4.671519e-01
   54 4.661849e-01
   55 4.652190e-01
   56 4.642540e-01
   57 4.632893e-01
   58 4.623248e-01
   59 4.613606e-01
   60 4.603964e-01
   61 4.594323e-01
   62 4.584684e-01
   63 4.575045e-01
   64 4.565407e-01
   65 4.555770e-01
   66 4.546133e-01
   67 4.536496e-01
   68 4.526860e-01
   69 4.517222e-01
   70 4.507585e-01
   71 4.497947e-01
   72 4.488308e-01
   73 4.478668e-01
   74 4.469027e-01
   75 4.459388e-01
   76 4.449748e-01
   77 4.440107e-01
   78 4.430467e-01
   79 4.420828e-01
   80 4.411189e-01
   81 4.401551e-01
   82 4.391912e-01
   83 4.382274e-01
   84 4.372636e-01
   85 4.362998e-01
   86 4.353360e-01
   87 4.343722e-01
   88 4.334083e-01
   89 4.324444e-01
   90 4.314806e-01
   91 4.305166e-01
   92 4.295527e-01
   93 4.285887e-01
   94 4.276248e-01
   95 4.266609e-01
   96 4.256969e-01
   97 4.247329e-01
   98 4.237690e-01
   99 4.228052e-01
  100 4.218413e-01
  101 4.208774e-01
  102 4.199135e-01
  103 4.189497e-01
  104 4.179858e-01
  105 4.170220e-01
  106 4.160582e-01
  107 4.150943e-01
  108 4.141304e-01
  109 4.131666e-01
  110 4.122027e-01
  111 4.112388e-01
  112 4.102748e-01
  113 4.093108e-01
  114 4.083469e-01
  115 4.073829e-01
  116 4.064189e-01
  117 4.054550e-01
  118 4.044911e-01
  119 4.035272e-01
  120 4.025633e-01
  121 4.015995e-01
  122 4.006357e-01
  123 3.996717e-01
  124 3.987077e-01
  125 3.977437e-01
  126 3.967797e-01
  127 3.958156e-01
  128 3.948516e-01
  129 3.938878e-01
  130 3.929240e-01
  131 3.919602e-01
  132 3.909965e-01
  133 3.900327e-01
  134 3.890688e-01
  135 3.881049e-01
  136 3.871410e-01
  137 3.861770e-01
  138 3.852130e-01
  139 3.842491e-01
  140 3.832852e-01
  141 3.823214e-01
  142 3.813575e-01
  143 3.803937e-01
  144 3.794300e-01
  145 3.784661e-01
  146 3.775021e-01
  147 3.765382e-01
  148 3.755743e-01
  149 3.746103e-01
  150 3.736464e-01
  151 3.726824e-01
  152 3.717184e-01
  153 3.707544e-01
  154 3.697904e-01
  155 3.688266e-01
  156 3.678627e-01
  157 3.668989e-01
  158 3.659351e-01
  159 3.649712e-01
  160 3.640073e-01
  161 3.630434e-01
  162 3.620794e-01
  163 3.611153e-01
  164 3.601513e-01
  165 3.591873e-01
  166 3.582233e-01
  167 3.572593e-01
  168 3.562954e-01
  169 3.553315e-01
  170 3.543674e-01
  171 3.534034e-01
  172 3.524394e-01
  173 3.514754e-01
  174 3.505113e-01
  175 3.495472e-01
  176 3.485831e-01
  177 3.476190e-01
  178 3.466547e-01
  179 3.456905e-01
  180 3.447264e-01
  181 3.437622e-01
  182 3.427980e-01
  183 3.418339e-01
  184 3.408700e-01
  185 3.399061e-01
  186 3.389424e-01
  187 3.379789e-01
  188 3.370156e-01
  189 3.360528e-01
  190 3.350902e-01
  191 3.341280e-01
  192 3.331664e-01
  193 3.322055e-01
  194 3.312451e-01
  195 3.302855e-01
  196 3.293267e-01
  197 3.283686e-01
  198 3.274112e-01
  199 3.264546e-01
  200 3.254986e-01
  201 3.245429e-01
  202 3.235875e-01
  203 3.226320e-01
  204 3.216760e-01
  205 3.207193e-01
  206 3.197618e-01
  207 3.188030e-01
  208 3.178412e-01
  209 3.168756e-01
  210 3.159061e-01
  211 3.149329e-01
  212 3.139568e-01
  213 3.129787e-01
  214 3.119997e-01
  215 3.110205e-01
  216 3.100421e-01
  217 3.090651e-01
  218 3.080899e-01
  219 3.071166e-01
  220 3.061454e-01
  221 3.051762e-01
  222 3.042088e-01
  223 3.032431e-01
  224 3.022787e-01
  225 3.013154e-01
  226 3.003530e-01
  227 2.993911e-01
  228 2.984297e-01
  229 2.974685e-01
  230 2.965074e-01
  231 2.955463e-01
  232 2.945851e-01
  233 2.936237e-01
  234 2.926621e-01
  235 2.917003e-01
  236 2.907383e-01
  237 2.897761e-01
  238 2.888136e-01
  239 2.878510e-01
  240 2.868881e-01
  241 2.859251e-01
  242 2.849620e-01
  243 2.839987e-01
  244 2.830353e-01
  245 2.820719e-01
  246 2.811083e-01
  247 2.801447e-01
  248 2.791810e-01
  249 2.782173e-01
  250 2.772535e-01
  251 2.762898e-01
  252 2.753259e-01
  253 2.743621e-01
  254 2.733983e-01
  255 2.724344e-01
  256 2.714705e-01
  257 2.705067e-01
  258 2.695428e-01
  259 2.685789e-01
  260 2.676150e-01
  261 2.666511e-01
  262 2.656872e-01
  263 2.647233e-01
  264 2.637594e-01
  265 2.627955e-01
  266 2.618316e-01
  267 2.608677e-01
  268 2.599038e-01
  269 2.589399e-01
  270 2.579760e-01
  271 2.570121e-01
  272 2.560482e-01
  273 2.550842e-01
  274 2.541203e-01
  275 2.531564e-01
  276 2.521925e-01
  277 2.512286e-01
  278 2.502647e-01
  279 2.493008e-01
  280 2.483369e-01
  281 2.473730e-01
  282 2.464091e-01
  283 2.454452e-01
  284 2.444813e-01
  285 2.435174e-01
  286 2.425535e-01
  287 2.415896e-01
  288 2.406257e-01
  289 2.396618e-01
  290 2.386979e-01
  291 2.377339e-01
  292 2.367700e-01
  293 2.358061e-01
  294 2.348422e-01
  295 2.338783e-01
  296 2.329144e-01
  297 2.319505e-01
  298 2.309866e-01
  299 2.300227e-01
  300 2.290588e-01
