    1     0
    2     0
    3     0
    4     0
    5     0
    6     0
    7     0
    8     0
    9     0
   10     0
   11     0
   12 3.354753e-02
   13 9.127485e-02
   14 1.653043e-01
   15 2.491466e-01
   16 3.375776e-01
   17 4.253771e-01
   18 5.089432e-01
   19 5.859652e-01
   20 6.551373e-01
   21 7.159136e-01
   22 7.683388e-01
   23 8.128481e-01
   24 8.501126e-01
   25 8.809257e-01
   26 9.061205e-01
   27 9.265124e-01
   28 9.428633e-01
   29 9.558606e-01
   30 9.661090e-01
   31 9.741287e-01
   32 9.803597e-01
   33 9.851682e-01
   34 9.888550e-01
   35 9.916645e-01
   36 9.937929e-01
   37 9.953963e-01
   38 9.965978e-01
   39 9.974936e-01
   40 9.981583e-01
   41 9.986493e-01
   42 9.990106e-01
   43 9.992754e-01
   44 9.994688e-01
   45 9.996099e-01
   46 9.997125e-01
   47 9.997870e-01
   48 9.998413e-01
   49 9.998807e-01
   50 9.999095e-01
   51 9.999307e-01
   52 9.999463e-01
   53 9.999579e-01
   54 9.999666e-01
   55 9.999732e-01
   56 9.999783e-01
   57 9.999822e-01
   58 9.999854e-01
   59 9.999879e-01
   60 9.999899e-01
   61 9.999915e-01
   62 9.999929e-01
   63 9.999940e-01
   64 9.999949e-01
   65 9.999957e-01
   66 9.999964e-01
   67 9.999969e-01
   68 9.999973e-01
   69 9.999977e-01
   70 9.999980e-01
   71 9.999983e-01
   72 9.999986e-01
   73 9.999988e-01
   74 9.999990e-01
   75 9.999992e-01
   76 9.999994e-01
   77 9.999995e-01
   78 9.999996e-01
   79 9.999997e-01
   80 9.999998e-01
   81 9.999998e-01
   82 9.999998e-01
   83 9.999999e-01
   84 9.999999e-01
   85 9.999998e-01
   86 9.999998e-01
   87 9.999998e-01
   88 9.999998e-01
   89 9.999998e-01
   90 9.999998e-01
   91 9.999998e-01
   92 9.999999e-01
   93 9.999999e-01
   94 9.999999e-01
   95 9.999999e-01
   96 9.999999e-01
   97 9.999999e-01
   98 9.999999e-01
   99 9.999999e-01
  100 9.999999e-01
  101 9.999999e-01
  102 9.999999e-01
  103 9.999999e-01
  104 9.999999e-01
  105 9.999999e-01
  106 9.999999e-01
  107 9.999999e-01
  108 9.999999e-01
  109 9.999999e-01
  110 9.999999e-01
  111 9.999999e-01
  112 9.999999e-01
  113 1.000000e+00
  114 1.000000e+00
  115 1.000000e+00
  116 1.000000e+00
  117 1.000000e+00
  118 1.000000e+00
  119 1.000000e+00
  120 1.000000e+00
  121 1.000000e+00
  122 1.000000e+00
  123 1.000000e+00
  124 1.000000e+00
  125 1.000000e+00
  126 1.000000e+00
  127 1.000000e+00
  128 1.000000e+00
  129 1.000000e+00
  130 1.000000e+00
  131 1.000000e+00
  132 1.000000e+00
  133 1.000000e+00
  134 9.999999e-01
  135 9.999999e-01
  136 9.999999e-01
  137 9.999999e-01
  138 9.999999e-01
  139 9.999999e-01
  140 1.000000e+00
  141 1.000000e+00
  142 1.000000e+00
  143 1.000000e+00
  144 1.000000e+00
  145 1.000000e+00
  146 1.000000e+00
  147 1.000000e+00
  148 1.000000e+00
  149 1.000000e+00
  150 1.000000e+00
  151 1.000000e+00
  152 1.000000e+00
  153 1.000000e+00
  154 1.000000e+00
  155 1.000000e+00
  156 1.000000e+00
  157 1.000000e+00
  158 1.000000e+00
  159 1.000000e+00
  160 1.000000e+00
  161 1.000000e+00
  162 1.000000e+00
  163 1.000000e+00
  164 1.000000e+00
  165 1.000000e+00
  166 1.000000e+00
  167 1.000000e+00
  168 1.000000e+00
  169 1.000000e+00
  170 1.000000e+00
  171 1.000000e+00
  172 1.000000e+00
  173 1.000000e+00
  174 9.999999e-01
  175 9.999999e-01
  176 9.999998e-01
  177 9.999998e-01
  178 9.999997e-01
  179 9.999996e-01
  180 9.999995e-01
  181 9.999994e-01
  182 9.999993e-01
  183 9.999991e-01
  184 9.999990e-01
  185 9.999988e-01
  186 9.999986e-01
  187 9.999984e-01
  188 9.999982e-01
  189 9.999980e-01
  190 9.999978e-01
  191 9.999976e-01
  192 9.999975e-01
  193 9.999974e-01
  194 9.999974e-01
  195 9.999975e-01
  196 9.999978e-01
  197 9.999983e-01
  198 9.999989e-01
  199 9.999999e-01
  200 1.000001e+00
  201 1.000003e+00
  202 1.000005e+00
  203 1.000007e+00
  204 1.000010e+00
  205 1.000014e+00
  206 1.000018e+00
  207 1.000023e+00
  208 1.000028e+00
  209 1.000034e+00
  210 1.000040e+00
  211 1.000046e+00
  212 1.000052e+00
  213 1.000059e+00
  214 1.000065e+00
  215 1.000070e+00
  216 1.000074e+00
  217 1.000077e+00
  218 1.000079e+00
  219 1.000079e+00
  220 1.000078e+00
  221 1.000076e+00
  222 1.000073e+00
  223 1.000069e+00
  224 1.000065e+00
  225 1.000060e+00
  226 1.000055e+00
  227 1.000049e+00
  228 1.000044e+00
  229 1.000039e+00
  230 1.000034e+00
  231 1.000030e+00
  232 1.000026e+00
  233 1.000022e+00
  234 1.000019e+00
  235 1.000016e+00
  236 1.000013e+00
  237 1.000011e+00
  238 1.000009e+00
  239 1.000008e+00
  240 1.000006e+00
  241 1.000005e+00
  242 1.000004e+00
  243 1.000003e+00
  244 1.000003e+00
  245 1.000002e+00
  246 1.000002e+00
  247 1.000001e+00
  248 1.000001e+00
  249 1.000001e+00
  250 1.000001e+00
  251 1.000001e+00
  252 1.000000e+00
  253 1.000000e+00
  254 1.000000e+00
  255 1.000000e+00
  256 1.000000e+00
  257 1.000000e+00
  258 1.000000e+00
  259 1.000000e+00
  260 1.000000e+00
  261 1.000000e+00
  262 1.000000e+00
  263 1.000000e+00
  264 1.000000e+00
  265 1.000000e+00
  266 1.000000e+00
  267 1.000000e+00
  268 1.000000e+00
  269 1.000000e+00
  270 1.000000e+00
  271 1.000000e+00
  272 1.000000e+00
  273 1.000000e+00
  274 1.000000e+00
  275 1.000000e+00
  276 1.000000e+00
  277 1.000000e+00
  278 1.000000e+00
  279 1.000000e+00
  280 1.000000e+00
  281 1.000000e+00
  282 1.000000e+00
  283 1.000000e+00
  284 1.000000e+00
  285 1.000000e+00
  286 1.000000e+00
  287 1.000000e+00
  288 1.000000e+00
  289 1.000000e+00
  290 1.000000e+00
  291 1.000000e+00
  292 1.000000e+00
  293 1.000000e+00
  294 1.000000e+00
  295 1.000000e+00
  296 1.000000e+00
  297 1.000000e+00
  298 1.000000e+00
  299 1.000000e+00
  300 1.000000e+00
