    1     0
    2     0
    3     0
    4     0
    5     0
    6     0
    7 1.300000e-03
    8 3.669120e-03
    9 6.909736e-03
   10 1.085295e-02
   11 1.535467e-02
   12 5.379612e-02
   13 1.166380e-01
   14 1.958381e-01
   15 2.847577e-01
   16 3.780434e-01
   17 4.703703e-01
   18 5.580568e-01
   19 6.387375e-01
   20 7.110743e-01
   21 7.745078e-01
   22 8.290862e-01
   23 8.752603e-01
   24 9.137268e-01
   25 9.453112e-01
   26 9.708832e-01
   27 9.912972e-01
   28 1.007354e+00
   29 1.019782e+00
   30 1.029221e+00
   31 1.036228e+00
   32 1.041275e+00
   33 1.044759e+00
   34 1.047008e+00
   35 1.048291e+00
   36 1.048826e+00
   37 1.048787e+00
   38 1.048314e+00
   39 1.047518e+00
   40 1.046485e+00
   41 1.045284e+00
   42 1.043967e+00
   43 1.042574e+00
   44 1.041138e+00
   45 1.039680e+00
   46 1.038221e+00
   47 1.036772e+00
   48 1.035344e+00
   49 1.033944e+00
   50 1.032578e+00
   51 1.031249e+00
   52 1.029959e+00
   53 1.028711e+00
   54 1.027505e+00
   55 1.026341e+00
   56 1.025219e+00
   57 1.024139e+00
   58 1.023101e+00
   59 1.022103e+00
   60 1.021144e+00
   61 1.020224e+00
   62 1.019341e+00
   63 1.018494e+00
   64 1.017683e+00
   65 1.016905e+00
   66 1.016160e+00
   67 1.015447e+00
   68 1.014763e+00
   69 1.014110e+00
   70 1.013484e+00
   71 1.012885e+00
   72 1.012313e+00
   73 1.011765e+00
   74 1.011241e+00
   75 1.010740e+00
   76 1.010261e+00
   77 1.009803e+00
   78 1.009366e+00
   79 1.008947e+00
   80 1.008547e+00
   81 1.008165e+00
   82 1.007800e+00
   83 1.007450e+00
   84 1.007117e+00
   85 1.006798e+00
   86 1.006494e+00
   87 1.006203e+00
   88 1.005925e+00
   89 1.005659e+00
   90 1.005405e+00
   91 1.005163e+00
   92 1.004931e+00
   93 1.004710e+00
   94 1.004499e+00
   95 1.004297e+00
   96 1.004104e+00
   97 1.003920e+00
   98 1.003744e+00
   99 1.003576e+00
  100 1.003415e+00
  101 1.003262e+00
  102 1.003116e+00
  103 1.002976e+00
  104 1.002842e+00
  105 1.002714e+00
  106 1.002593e+00
  107 1.002476e+00
  108 1.002365e+00
  109 1.002259e+00
  110 1.002157e+00
  111 1.002060e+00
  112 1.001968e+00
  113 1.001880e+00
  114 1.001795e+00
  115 1.001715e+00
  116 1.001638e+00
  117 1.001564e+00
  118 1.001494e+00
  119 1.001427e+00
  120 1.001363e+00
  121 1.001301e+00
  122 1.001243e+00
  123 1.001187e+00
  124 1.001134e+00
  125 1.001083e+00
  126 1.001034e+00
  127 1.000988e+00
  128 1.000943e+00
  129 1.000901e+00
  130 1.000861e+00
  131 1.000822e+00
  132 1.000785e+00
  133 1.000750e+00
  134 1.000716e+00
  135 1.000684e+00
  136 1.000653e+00
  137 1.000624e+00
  138 1.000596e+00
  139 1.000569e+00
  140 1.000543e+00
  141 1.000519e+00
  142 1.000496e+00
  143 1.000473e+00
  144 1.000452e+00
  145 1.000432e+00
  146 1.000412e+00
  147 1.000394e+00
  148 1.000376e+00
  149 1.000359e+00
  150 1.000343e+00
  151 1.000328e+00
  152 1.000313e+00
  153 1.000299e+00
  154 1.000286e+00
  155 1.000273e+00
  156 1.000261e+00
  157 1.000249e+00
  158 1.000238e+00
  159 1.000227e+00
  160 1.000217e+00
  161 1.000207e+00
  162 1.000198e+00
  163 1.000189e+00
  164 1.000180e+00
  165 1.000172e+00
  166 1.000165e+00
  167 1.000157e+00
  168 1.000150e+00
  169 1.000143e+00
  170 1.000137e+00
  171 1.000131e+00
  172 1.000125e+00
  173 1.000119e+00
  174 1.000114e+00
  175 1.000109e+00
  176 1.000104e+00
  177 1.000099e+00
  178 1.000094e+00
  179 1.000090e+00
  180 1.000086e+00
  181 1.000082e+00
  182 1.000078e+00
  183 1.000074e+00
  184 1.000071e+00
  185 1.000068e+00
  186 1.000064e+00
  187 1.000061e+00
  188 1.000058e+00
  189 1.000055e+00
  190 1.000052e+00
  191 1.000050e+00
  192 1.000047e+00
  193 1.000045e+00
  194 1.000043e+00
  195 1.000041e+00
  196 1.000039e+00
  197 1.000038e+00
  198 1.000037e+00
  199 1.000036e+00
  200 1.000036e+00
  201 1.000036e+00
  202 1.000036e+00
  203 1.000038e+00
  204 1.000039e+00
  205 1.000042e+00
  206 1.000044e+00
  207 1.000048e+00
  208 1.000052e+00
  209 1.000056e+00
  210 1.000061e+00
  211 1.000066e+00
  212 1.000071e+00
  213 1.000077e+00
  214 1.000081e+00
  215 1.000086e+00
  216 1.000089e+00
  217 1.000091e+00
  218 1.000091e+00
  219 1.000091e+00
  220 1.000088e+00
  221 1.000085e+00
  222 1.000081e+00
  223 1.000076e+00
  224 1.000071e+00
  225 1.000065e+00
  226 1.000059e+00
  227 1.000053e+00
  228 1.000047e+00
  229 1.000041e+00
  230 1.000036e+00
  231 1.000031e+00
  232 1.000026e+00
  233 1.000022e+00
  234 1.000018e+00
  235 1.000015e+00
  236 1.000012e+00
  237 1.000010e+00
  238 1.000008e+00
  239 1.000006e+00
  240 1.000004e+00
  241 1.000003e+00
  242 1.000002e+00
  243 1.000001e+00
  244 1.000001e+00
  245 1.000000e+00
  246 9.999995e-01
  247 9.999992e-01
  248 9.999989e-01
  249 9.999987e-01
  250 9.999985e-01
  251 9.999984e-01
  252 9.999984e-01
  253 9.999983e-01
  254 9.999983e-01
  255 9.999983e-01
  256 9.999983e-01
  257 9.999983e-01
  258 9.999984e-01
  259 9.999984e-01
  260 9.999984e-01
  261 9.999985e-01
  262 9.999985e-01
  263 9.999986e-01
  264 9.999986e-01
  265 9.999987e-01
  266 9.999987e-01
  267 9.999988e-01
  268 9.999988e-01
  269 9.999989e-01
  270 9.999989e-01
  271 9.999990e-01
  272 9.999990e-01
  273 9.999990e-01
  274 9.999991e-01
  275 9.999991e-01
  276 9.999992e-01
  277 9.999992e-01
  278 9.999992e-01
  279 9.999993e-01
  280 9.999993e-01
  281 9.999993e-01
  282 9.999994e-01
  283 9.999994e-01
  284 9.999994e-01
  285 9.999994e-01
  286 9.999995e-01
  287 9.999995e-01
  288 9.999995e-01
  289 9.999995e-01
  290 9.999996e-01
  291 9.999996e-01
  292 9.999996e-01
  293 9.999996e-01
  294 9.999996e-01
  295 9.999996e-01
  296 9.999997e-01
  297 9.999997e-01
  298 9.999997e-01
  299 9.999997e-01
  300 9.999997e-01
