    1     0
    2     0
    3     0
    4     0
    5     0
    6     0
    7 3.968248e-01
    8 6.995521e-01
    9 9.207683e-01
   10 1.072753e+00
   11 1.167136e+00
   12 1.201347e+00
   13 1.191968e+00
   14 1.152576e+00
   15 1.094032e+00
   16 1.024802e+00
   17 9.517343e-01
   18 8.795837e-01
   19 8.114637e-01
   20 7.492352e-01
   21 6.938304e-01
   22 6.455025e-01
   23 6.040533e-01
   24 5.690046e-01
   25 5.397243e-01
   26 5.155157e-01
   27 4.956791e-01
   28 4.795502e-01
   29 4.665231e-01
   30 4.560605e-01
   31 4.476969e-01
   32 4.410366e-01
   33 4.357478e-01
   34 4.315565e-01
   35 4.282382e-01
   36 4.256114e-01
   37 4.235303e-01
   38 4.218786e-01
   39 4.205641e-01
   40 4.195144e-01
   41 4.186724e-01
   42 4.179936e-01
   43 4.174434e-01
   44 4.169947e-01
   45 4.166267e-01
   46 4.163229e-01
   47 4.160706e-01
   48 4.158597e-01
   49 4.156826e-01
   50 4.155330e-01
   51 4.154063e-01
   52 4.152983e-01
   53 4.152062e-01
   54 4.151273e-01
   55 4.150595e-01
   56 4.150012e-01
   57 4.149509e-01
   58 4.149074e-01
   59 4.148698e-01
   60 4.148373e-01
   61 4.148091e-01
   62 4.147848e-01
   63 4.147637e-01
   64 4.147456e-01
   65 4.147299e-01
   66 4.147164e-01
   67 4.147047e-01
   68 4.146946e-01
   69 4.146858e-01
   70 4.146782e-01
   71 4.146716e-01
   72 4.146657e-01
   73 4.146606e-01
   74 4.146560e-01
   75 4.146522e-01
   76 4.146488e-01
   77 4.146458e-01
   78 4.146432e-01
   79 4.146411e-01
   80 4.146392e-01
   81 4.146377e-01
   82 4.146363e-01
   83 4.146351e-01
   84 4.146342e-01
   85 4.146334e-01
   86 4.146327e-01
   87 4.146321e-01
   88 4.146315e-01
   89 4.146310e-01
   90 4.146306e-01
   91 4.146302e-01
   92 4.146298e-01
   93 4.146295e-01
   94 4.146292e-01
   95 4.146290e-01
   96 4.146287e-01
   97 4.146285e-01
   98 4.146283e-01
   99 4.146283e-01
  100 4.146282e-01
  101 4.146281e-01
  102 4.146281e-01
  103 4.146280e-01
  104 4.146280e-01
  105 4.146281e-01
  106 4.146281e-01
  107 4.146281e-01
  108 4.146281e-01
  109 4.146281e-01
  110 4.146282e-01
  111 4.146281e-01
  112 4.146280e-01
  113 4.146279e-01
  114 4.146278e-01
  115 4.146277e-01
  116 4.146276e-01
  117 4.146277e-01
  118 4.146276e-01
  119 4.146276e-01
  120 4.146277e-01
  121 4.146277e-01
  122 4.146278e-01
  123 4.146277e-01
  124 4.146276e-01
  125 4.146275e-01
  126 4.146274e-01
  127 4.146273e-01
  128 4.146272e-01
  129 4.146272e-01
  130 4.146274e-01
  131 4.146275e-01
  132 4.146277e-01
  133 4.146278e-01
  134 4.146278e-01
  135 4.146278e-01
  136 4.146278e-01
  137 4.146277e-01
  138 4.146276e-01
  139 4.146276e-01
  140 4.146277e-01
  141 4.146277e-01
  142 4.146278e-01
  143 4.146279e-01
  144 4.146280e-01
  145 4.146280e-01
  146 4.146280e-01
  147 4.146280e-01
  148 4.146279e-01
  149 4.146279e-01
  150 4.146279e-01
  151 4.146277e-01
  152 4.146277e-01
  153 4.146276e-01
  154 4.146275e-01
  155 4.146276e-01
  156 4.146276e-01
  157 4.146277e-01
  158 4.146278e-01
  159 4.146278e-01
  160 4.146278e-01
  161 4.146278e-01
  162 4.146277e-01
  163 4.146276e-01
  164 4.146274e-01
  165 4.146273e-01
  166 4.146273e-01
  167 4.146272e-01
  168 4.146272e-01
  169 4.146271e-01
  170 4.146270e-01
  171 4.146269e-01
  172 4.146268e-01
  173 4.146267e-01
  174 4.146265e-01
  175 4.146263e-01
  176 4.146261e-01
  177 4.146259e-01
  178 4.146256e-01
  179 4.146253e-01
  180 4.146250e-01
  181 4.146248e-01
  182 4.146245e-01
  183 4.146243e-01
  184 4.146243e-01
  185 4.146244e-01
  186 4.146246e-01
  187 4.146249e-01
  188 4.146256e-01
  189 4.146267e-01
  190 4.146280e-01
  191 4.146297e-01
  192 4.146320e-01
  193 4.146350e-01
  194 4.146386e-01
  195 4.146428e-01
  196 4.146479e-01
  197 4.146536e-01
  198 4.146601e-01
  199 4.146674e-01
  200 4.146751e-01
  201 4.146833e-01
  202 4.146917e-01
  203 4.146999e-01
  204 4.147076e-01
  205 4.147146e-01
  206 4.147207e-01
  207 4.147255e-01
  208 4.147273e-01
  209 4.147253e-01
  210 4.147194e-01
  211 4.147098e-01
  212 4.146973e-01
  213 4.146828e-01
  214 4.146673e-01
  215 4.146518e-01
  216 4.146371e-01
  217 4.146238e-01
  218 4.146124e-01
  219 4.146030e-01
  220 4.145957e-01
  221 4.145905e-01
  222 4.145871e-01
  223 4.145855e-01
  224 4.145852e-01
  225 4.145860e-01
  226 4.145878e-01
  227 4.145901e-01
  228 4.145929e-01
  229 4.145959e-01
  230 4.145990e-01
  231 4.146021e-01
  232 4.146051e-01
  233 4.146079e-01
  234 4.146105e-01
  235 4.146129e-01
  236 4.146150e-01
  237 4.146169e-01
  238 4.146185e-01
  239 4.146200e-01
  240 4.146212e-01
  241 4.146223e-01
  242 4.146232e-01
  243 4.146240e-01
  244 4.146246e-01
  245 4.146251e-01
  246 4.146256e-01
  247 4.146260e-01
  248 4.146263e-01
  249 4.146265e-01
  250 4.146267e-01
  251 4.146269e-01
  252 4.146270e-01
  253 4.146271e-01
  254 4.146272e-01
  255 4.146273e-01
  256 4.146274e-01
  257 4.146274e-01
  258 4.146274e-01
  259 4.146275e-01
  260 4.146275e-01
  261 4.146275e-01
  262 4.146275e-01
  263 4.146276e-01
  264 4.146276e-01
  265 4.146276e-01
  266 4.146276e-01
  267 4.146276e-01
  268 4.146276e-01
  269 4.146276e-01
  270 4.146276e-01
  271 4.146276e-01
  272 4.146276e-01
  273 4.146276e-01
  274 4.146276e-01
  275 4.146276e-01
  276 4.146276e-01
  277 4.146276e-01
  278 4.146276e-01
  279 4.146276e-01
  280 4.146276e-01
  281 4.146276e-01
  282 4.146276e-01
  283 4.146276e-01
  284 4.146276e-01
  285 4.146276e-01
  286 4.146276e-01
  287 4.146276e-01
  288 4.146276e-01
  289 4.146276e-01
  290 4.146276e-01
  291 4.146276e-01
  292 4.146276e-01
  293 4.146276e-01
  294 4.146276e-01
  295 4.146276e-01
  296 4.146276e-01
  297 4.146276e-01
  298 4.146276e-01
  299 4.146276e-01
  300 4.146276e-01
