    1     0
    2     0
    3     0
    4     0
    5     0
    6     0
    7 2.873833e-04
    8 8.219441e-04
    9 1.568904e-03
   10 2.498188e-03
   11 3.583798e-03
   12 3.834115e-02
   13 9.730815e-02
   14 1.725260e-01
   15 2.574400e-01
   16 3.468036e-01
   17 4.353812e-01
   18 5.195623e-01
   19 5.970449e-01
   20 6.665327e-01
   21 7.274948e-01
   22 7.799953e-01
   23 8.244882e-01
   24 8.616748e-01
   25 8.923589e-01
   26 9.173769e-01
   27 9.375643e-01
   28 9.536964e-01
   29 9.664624e-01
   30 9.764680e-01
   31 9.842399e-01
   32 9.902266e-01
   33 9.948032e-01
   34 9.982755e-01
   35 1.000901e+00
   36 1.002864e+00
   37 1.004318e+00
   38 1.005388e+00
   39 1.006165e+00
   40 1.006733e+00
   41 1.007143e+00
   42 1.007425e+00
   43 1.007611e+00
   44 1.007738e+00
   45 1.007813e+00
   46 1.007839e+00
   47 1.007828e+00
   48 1.007798e+00
   49 1.007753e+00
   50 1.007698e+00
   51 1.007636e+00
   52 1.007577e+00
   53 1.007533e+00
   54 1.007509e+00
   55 1.007509e+00
   56 1.007516e+00
   57 1.007518e+00
   58 1.007503e+00
   59 1.007473e+00
   60 1.007442e+00
   61 1.007403e+00
   62 1.007365e+00
   63 1.007338e+00
   64 1.007328e+00
   65 1.007332e+00
   66 1.007358e+00
   67 1.007393e+00
   68 1.007422e+00
   69 1.007437e+00
   70 1.007448e+00
   71 1.007445e+00
   72 1.007430e+00
   73 1.007406e+00
   74 1.007365e+00
   75 1.007305e+00
   76 1.007237e+00
   77 1.007172e+00
   78 1.007102e+00
   79 1.007038e+00
   80 1.006987e+00
   81 1.006939e+00
   82 1.006896e+00
   83 1.006856e+00
   84 1.006814e+00
   85 1.006782e+00
   86 1.006762e+00
   87 1.006756e+00
   88 1.006759e+00
   89 1.006782e+00
   90 1.006807e+00
   91 1.006827e+00
   92 1.006851e+00
   93 1.006875e+00
   94 1.006904e+00
   95 1.006926e+00
   96 1.006935e+00
   97 1.006948e+00
   98 1.006964e+00
   99 1.006993e+00
  100 1.007032e+00
  101 1.007070e+00
  102 1.007101e+00
  103 1.007119e+00
  104 1.007135e+00
  105 1.007137e+00
  106 1.007123e+00
  107 1.007108e+00
  108 1.007097e+00
  109 1.007087e+00
  110 1.007085e+00
  111 1.007083e+00
  112 1.007070e+00
  113 1.007052e+00
  114 1.007040e+00
  115 1.007044e+00
  116 1.007051e+00
  117 1.007068e+00
  118 1.007098e+00
  119 1.007146e+00
  120 1.007212e+00
  121 1.007296e+00
  122 1.007394e+00
  123 1.007494e+00
  124 1.007587e+00
  125 1.007663e+00
  126 1.007721e+00
  127 1.007752e+00
  128 1.007766e+00
  129 1.007773e+00
  130 1.007777e+00
  131 1.007779e+00
  132 1.007780e+00
  133 1.007786e+00
  134 1.007797e+00
  135 1.007806e+00
  136 1.007819e+00
  137 1.007830e+00
  138 1.007842e+00
  139 1.007857e+00
  140 1.007865e+00
  141 1.007874e+00
  142 1.007893e+00
  143 1.007925e+00
  144 1.007970e+00
  145 1.008027e+00
  146 1.008091e+00
  147 1.008162e+00
  148 1.008227e+00
  149 1.008269e+00
  150 1.008288e+00
  151 1.008280e+00
  152 1.008257e+00
  153 1.008220e+00
  154 1.008159e+00
  155 1.008086e+00
  156 1.008013e+00
  157 1.007941e+00
  158 1.007862e+00
  159 1.007784e+00
  160 1.007707e+00
  161 1.007643e+00
  162 1.007582e+00
  163 1.007518e+00
  164 1.007450e+00
  165 1.007390e+00
  166 1.007340e+00
  167 1.007309e+00
  168 1.007285e+00
  169 1.007261e+00
  170 1.007229e+00
  171 1.007201e+00
  172 1.007174e+00
  173 1.007158e+00
  174 1.007151e+00
  175 1.007150e+00
  176 1.007158e+00
  177 1.007173e+00
  178 1.007191e+00
  179 1.007216e+00
  180 1.007257e+00
  181 1.007308e+00
  182 1.007372e+00
  183 1.007444e+00
  184 1.007509e+00
  185 1.007557e+00
  186 1.007588e+00
  187 1.007598e+00
  188 1.007600e+00
  189 1.007588e+00
  190 1.007566e+00
  191 1.007526e+00
  192 1.007462e+00
  193 1.007388e+00
  194 1.007308e+00
  195 1.007238e+00
  196 1.007173e+00
  197 1.007110e+00
  198 1.007043e+00
  199 1.006984e+00
  200 1.006933e+00
  201 1.006897e+00
  202 1.006867e+00
  203 1.006839e+00
  204 1.006805e+00
  205 1.006769e+00
  206 1.006731e+00
  207 1.006703e+00
  208 1.006693e+00
  209 1.006687e+00
  210 1.006676e+00
  211 1.006658e+00
  212 1.006633e+00
  213 1.006610e+00
  214 1.006583e+00
  215 1.006565e+00
  216 1.006566e+00
  217 1.006586e+00
  218 1.006617e+00
  219 1.006666e+00
  220 1.006719e+00
  221 1.006782e+00
  222 1.006842e+00
  223 1.006885e+00
  224 1.006917e+00
  225 1.006932e+00
  226 1.006924e+00
  227 1.006903e+00
  228 1.006865e+00
  229 1.006815e+00
  230 1.006753e+00
  231 1.006684e+00
  232 1.006622e+00
  233 1.006562e+00
  234 1.006518e+00
  235 1.006497e+00
  236 1.006505e+00
  237 1.006536e+00
  238 1.006575e+00
  239 1.006623e+00
  240 1.006664e+00
  241 1.006699e+00
  242 1.006738e+00
  243 1.006778e+00
  244 1.006807e+00
  245 1.006837e+00
  246 1.006877e+00
  247 1.006924e+00
  248 1.006979e+00
  249 1.007028e+00
  250 1.007074e+00
  251 1.007112e+00
  252 1.007145e+00
  253 1.007164e+00
  254 1.007168e+00
  255 1.007150e+00
  256 1.007126e+00
  257 1.007091e+00
  258 1.007042e+00
  259 1.006988e+00
  260 1.006929e+00
  261 1.006859e+00
  262 1.006778e+00
  263 1.006692e+00
  264 1.006600e+00
  265 1.006521e+00
  266 1.006467e+00
  267 1.006436e+00
  268 1.006415e+00
  269 1.006399e+00
  270 1.006383e+00
  271 1.006362e+00
  272 1.006334e+00
  273 1.006311e+00
  274 1.006285e+00
  275 1.006265e+00
  276 1.006267e+00
  277 1.006295e+00
  278 1.006347e+00
  279 1.006410e+00
  280 1.006476e+00
  281 1.006544e+00
  282 1.006614e+00
  283 1.006674e+00
  284 1.006720e+00
  285 1.006762e+00
  286 1.006802e+00
  287 1.006852e+00
  288 1.006918e+00
  289 1.006990e+00
  290 1.007067e+00
  291 1.007140e+00
  292 1.007198e+00
  293 1.007242e+00
  294 1.007267e+00
  295 1.007274e+00
  296 1.007259e+00
  297 1.007218e+00
  298 1.007161e+00
  299 1.007106e+00
  300 1.007052e+00
