    1     0
    2     0
    3     0
    4     0
    5     0
    6     0
    7 2.873833e-04
    8 8.219441e-04
    9 1.568904e-03
   10 2.498188e-03
   11 3.583798e-03
   12 3.834115e-02
   13 9.728961e-02
   14 1.724716e-01
   15 2.573413e-01
   16 3.466523e-01
   17 4.351769e-01
   18 5.193096e-01
   19 5.967254e-01
   20 6.661218e-01
   21 7.269743e-01
   22 7.793434e-01
   23 8.236852e-01
   24 8.607058e-01
   25 8.912012e-01
   26 9.160205e-01
   27 9.360221e-01
   28 9.519825e-01
   29 9.645974e-01
   30 9.744919e-01
   31 9.821998e-01
   32 9.881390e-01
   33 9.926682e-01
   34 9.960874e-01
   35 9.986215e-01
   36 1.000483e+00
   37 1.001834e+00
   38 1.002823e+00
   39 1.003556e+00
   40 1.004087e+00
   41 1.004467e+00
   42 1.004732e+00
   43 1.004921e+00
   44 1.005056e+00
   45 1.005169e+00
   46 1.005272e+00
   47 1.005384e+00
   48 1.005499e+00
   49 1.005613e+00
   50 1.005721e+00
   51 1.005803e+00
   52 1.005856e+00
   53 1.005874e+00
   54 1.005855e+00
   55 1.005795e+00
   56 1.005707e+00
   57 1.005609e+00
   58 1.005489e+00
   59 1.005352e+00
   60 1.005195e+00
   61 1.005035e+00
   62 1.004867e+00
   63 1.004682e+00
   64 1.004496e+00
   65 1.004306e+00
   66 1.004128e+00
   67 1.003981e+00
   68 1.003847e+00
   69 1.003727e+00
   70 1.003646e+00
   71 1.003606e+00
   72 1.003589e+00
   73 1.003573e+00
   74 1.003537e+00
   75 1.003494e+00
   76 1.003469e+00
   77 1.003476e+00
   78 1.003524e+00
   79 1.003612e+00
   80 1.003727e+00
   81 1.003839e+00
   82 1.003954e+00
   83 1.004050e+00
   84 1.004113e+00
   85 1.004137e+00
   86 1.004150e+00
   87 1.004144e+00
   88 1.004102e+00
   89 1.004027e+00
   90 1.003945e+00
   91 1.003867e+00
   92 1.003800e+00
   93 1.003740e+00
   94 1.003696e+00
   95 1.003678e+00
   96 1.003669e+00
   97 1.003645e+00
   98 1.003584e+00
   99 1.003503e+00
  100 1.003425e+00
  101 1.003366e+00
  102 1.003332e+00
  103 1.003311e+00
  104 1.003315e+00
  105 1.003357e+00
  106 1.003411e+00
  107 1.003486e+00
  108 1.003580e+00
  109 1.003680e+00
  110 1.003782e+00
  111 1.003903e+00
  112 1.004012e+00
  113 1.004126e+00
  114 1.004247e+00
  115 1.004349e+00
  116 1.004412e+00
  117 1.004456e+00
  118 1.004465e+00
  119 1.004439e+00
  120 1.004381e+00
  121 1.004302e+00
  122 1.004228e+00
  123 1.004149e+00
  124 1.004088e+00
  125 1.004030e+00
  126 1.003968e+00
  127 1.003903e+00
  128 1.003827e+00
  129 1.003748e+00
  130 1.003684e+00
  131 1.003635e+00
  132 1.003605e+00
  133 1.003579e+00
  134 1.003557e+00
  135 1.003516e+00
  136 1.003458e+00
  137 1.003412e+00
  138 1.003371e+00
  139 1.003341e+00
  140 1.003341e+00
  141 1.003352e+00
  142 1.003347e+00
  143 1.003348e+00
  144 1.003369e+00
  145 1.003410e+00
  146 1.003479e+00
  147 1.003545e+00
  148 1.003628e+00
  149 1.003716e+00
  150 1.003821e+00
  151 1.003924e+00
  152 1.004019e+00
  153 1.004119e+00
  154 1.004205e+00
  155 1.004289e+00
  156 1.004352e+00
  157 1.004405e+00
  158 1.004471e+00
  159 1.004538e+00
  160 1.004600e+00
  161 1.004668e+00
  162 1.004734e+00
  163 1.004790e+00
  164 1.004837e+00
  165 1.004851e+00
  166 1.004814e+00
  167 1.004749e+00
  168 1.004664e+00
  169 1.004551e+00
  170 1.004414e+00
  171 1.004267e+00
  172 1.004131e+00
  173 1.004019e+00
  174 1.003913e+00
  175 1.003826e+00
  176 1.003765e+00
  177 1.003723e+00
  178 1.003695e+00
  179 1.003676e+00
  180 1.003672e+00
  181 1.003693e+00
  182 1.003728e+00
  183 1.003789e+00
  184 1.003865e+00
  185 1.003962e+00
  186 1.004084e+00
  187 1.004226e+00
  188 1.004378e+00
  189 1.004524e+00
  190 1.004636e+00
  191 1.004723e+00
  192 1.004778e+00
  193 1.004813e+00
  194 1.004827e+00
  195 1.004810e+00
  196 1.004749e+00
  197 1.004635e+00
  198 1.004490e+00
  199 1.004352e+00
  200 1.004237e+00
  201 1.004147e+00
  202 1.004081e+00
  203 1.004052e+00
  204 1.004032e+00
  205 1.004023e+00
  206 1.004044e+00
  207 1.004065e+00
  208 1.004077e+00
  209 1.004091e+00
  210 1.004087e+00
  211 1.004082e+00
  212 1.004085e+00
  213 1.004088e+00
  214 1.004104e+00
  215 1.004150e+00
  216 1.004202e+00
  217 1.004230e+00
  218 1.004212e+00
  219 1.004153e+00
  220 1.004078e+00
  221 1.003982e+00
  222 1.003872e+00
  223 1.003761e+00
  224 1.003645e+00
  225 1.003537e+00
  226 1.003433e+00
  227 1.003332e+00
  228 1.003235e+00
  229 1.003145e+00
  230 1.003091e+00
  231 1.003077e+00
  232 1.003076e+00
  233 1.003060e+00
  234 1.003031e+00
  235 1.003010e+00
  236 1.002996e+00
  237 1.003011e+00
  238 1.003049e+00
  239 1.003126e+00
  240 1.003220e+00
  241 1.003344e+00
  242 1.003465e+00
  243 1.003579e+00
  244 1.003683e+00
  245 1.003767e+00
  246 1.003851e+00
  247 1.003911e+00
  248 1.003957e+00
  249 1.004005e+00
  250 1.004064e+00
  251 1.004123e+00
  252 1.004158e+00
  253 1.004168e+00
  254 1.004146e+00
  255 1.004116e+00
  256 1.004088e+00
  257 1.004072e+00
  258 1.004047e+00
  259 1.004028e+00
  260 1.004034e+00
  261 1.004068e+00
  262 1.004138e+00
  263 1.004234e+00
  264 1.004358e+00
  265 1.004486e+00
  266 1.004585e+00
  267 1.004654e+00
  268 1.004694e+00
  269 1.004709e+00
  270 1.004717e+00
  271 1.004696e+00
  272 1.004662e+00
  273 1.004618e+00
  274 1.004559e+00
  275 1.004471e+00
  276 1.004344e+00
  277 1.004193e+00
  278 1.004036e+00
  279 1.003900e+00
  280 1.003790e+00
  281 1.003704e+00
  282 1.003638e+00
  283 1.003570e+00
  284 1.003482e+00
  285 1.003375e+00
  286 1.003243e+00
  287 1.003112e+00
  288 1.003002e+00
  289 1.002921e+00
  290 1.002872e+00
  291 1.002839e+00
  292 1.002810e+00
  293 1.002806e+00
  294 1.002813e+00
  295 1.002839e+00
  296 1.002884e+00
  297 1.002945e+00
  298 1.003005e+00
  299 1.003065e+00
  300 1.003117e+00
