    1     0
    2     0
    3     0
    4     0
    5     0
    6     0
    7 1.300000e-03
    8 3.669120e-03
    9 6.909736e-03
   10 1.085295e-02
   11 1.535467e-02
   12 5.379612e-02
   13 1.141160e-01
   14 1.944984e-01
   15 2.875646e-01
   16 3.836020e-01
   17 4.829691e-01
   18 5.867834e-01
   19 6.860901e-01
   20 7.745941e-01
   21 8.514671e-01
   22 9.106123e-01
   23 9.479785e-01
   24 9.653738e-01
   25 9.666701e-01
   26 9.552622e-01
   27 9.304056e-01
   28 9.052249e-01
   29 8.882150e-01
   30 8.742910e-01
   31 8.702925e-01
   32 8.805274e-01
   33 8.971815e-01
   34 9.191397e-01
   35 9.414360e-01
   36 9.590244e-01
   37 9.677323e-01
   38 9.733734e-01
   39 9.757717e-01
   40 9.689734e-01
   41 9.594539e-01
   42 9.431413e-01
   43 9.229123e-01
   44 9.047929e-01
   45 8.849370e-01
   46 8.635359e-01
   47 8.491668e-01
   48 8.435670e-01
   49 8.494557e-01
   50 8.659406e-01
   51 8.942250e-01
   52 9.328233e-01
   53 9.773017e-01
   54 1.023391e+00
   55 1.068263e+00
   56 1.104437e+00
   57 1.137213e+00
   58 1.168622e+00
   59 1.195181e+00
   60 1.222190e+00
   61 1.247708e+00
   62 1.262450e+00
   63 1.264221e+00
   64 1.253300e+00
   65 1.238998e+00
   66 1.219475e+00
   67 1.202852e+00
   68 1.184969e+00
   69 1.168086e+00
   70 1.152651e+00
   71 1.141933e+00
   72 1.138880e+00
   73 1.145890e+00
   74 1.156993e+00
   75 1.171499e+00
   76 1.188819e+00
   77 1.208355e+00
   78 1.226089e+00
   79 1.233714e+00
   80 1.228985e+00
   81 1.217226e+00
   82 1.197412e+00
   83 1.178416e+00
   84 1.162141e+00
   85 1.147656e+00
   86 1.132199e+00
   87 1.116502e+00
   88 1.098572e+00
   89 1.083598e+00
   90 1.070849e+00
   91 1.061417e+00
   92 1.058548e+00
   93 1.065398e+00
   94 1.076378e+00
   95 1.087673e+00
   96 1.102409e+00
   97 1.124783e+00
   98 1.152780e+00
   99 1.175373e+00
  100 1.185343e+00
  101 1.190174e+00
  102 1.185232e+00
  103 1.170825e+00
  104 1.145271e+00
  105 1.115747e+00
  106 1.081534e+00
  107 1.039578e+00
  108 9.940227e-01
  109 9.451073e-01
  110 8.945502e-01
  111 8.464040e-01
  112 8.063397e-01
  113 7.792522e-01
  114 7.604243e-01
  115 7.509715e-01
  116 7.533253e-01
  117 7.666731e-01
  118 7.924632e-01
  119 8.213299e-01
  120 8.498855e-01
  121 8.817591e-01
  122 9.186815e-01
  123 9.640963e-01
  124 1.009063e+00
  125 1.047663e+00
  126 1.078194e+00
  127 1.099190e+00
  128 1.114485e+00
  129 1.125600e+00
  130 1.132810e+00
  131 1.136221e+00
  132 1.139887e+00
  133 1.142719e+00
  134 1.148514e+00
  135 1.153517e+00
  136 1.156165e+00
  137 1.152962e+00
  138 1.138695e+00
  139 1.122099e+00
  140 1.110282e+00
  141 1.099010e+00
  142 1.091034e+00
  143 1.085801e+00
  144 1.086003e+00
  145 1.097062e+00
  146 1.110229e+00
  147 1.126660e+00
  148 1.145141e+00
  149 1.158845e+00
  150 1.173541e+00
  151 1.193845e+00
  152 1.221999e+00
  153 1.260015e+00
  154 1.298531e+00
  155 1.334350e+00
  156 1.369018e+00
  157 1.404235e+00
  158 1.433979e+00
  159 1.455360e+00
  160 1.464812e+00
  161 1.457285e+00
  162 1.440693e+00
  163 1.415845e+00
  164 1.388896e+00
  165 1.355694e+00
  166 1.316146e+00
  167 1.279134e+00
  168 1.239986e+00
  169 1.206967e+00
  170 1.182231e+00
  171 1.162191e+00
  172 1.149585e+00
  173 1.146391e+00
  174 1.147052e+00
  175 1.149420e+00
  176 1.150797e+00
  177 1.147925e+00
  178 1.137410e+00
  179 1.114451e+00
  180 1.078040e+00
  181 1.035971e+00
  182 9.997479e-01
  183 9.648351e-01
  184 9.356185e-01
  185 9.186967e-01
  186 9.177625e-01
  187 9.266531e-01
  188 9.397052e-01
  189 9.522410e-01
  190 9.629702e-01
  191 9.766655e-01
  192 9.979028e-01
  193 1.025277e+00
  194 1.056116e+00
  195 1.082019e+00
  196 1.107420e+00
  197 1.137594e+00
  198 1.163449e+00
  199 1.176246e+00
  200 1.183336e+00
  201 1.181626e+00
  202 1.178283e+00
  203 1.170381e+00
  204 1.163420e+00
  205 1.157672e+00
  206 1.158328e+00
  207 1.169989e+00
  208 1.190630e+00
  209 1.212250e+00
  210 1.235789e+00
  211 1.265346e+00
  212 1.301965e+00
  213 1.339196e+00
  214 1.372154e+00
  215 1.403823e+00
  216 1.425594e+00
  217 1.435929e+00
  218 1.435574e+00
  219 1.431379e+00
  220 1.426306e+00
  221 1.425509e+00
  222 1.433882e+00
  223 1.451939e+00
  224 1.480208e+00
  225 1.512166e+00
  226 1.538079e+00
  227 1.553120e+00
  228 1.555158e+00
  229 1.546026e+00
  230 1.530189e+00
  231 1.508574e+00
  232 1.480516e+00
  233 1.450025e+00
  234 1.422906e+00
  235 1.393748e+00
  236 1.360741e+00
  237 1.321430e+00
  238 1.275014e+00
  239 1.224133e+00
  240 1.169539e+00
  241 1.109699e+00
  242 1.053716e+00
  243 1.009500e+00
  244 9.771231e-01
  245 9.603574e-01
  246 9.589743e-01
  247 9.650113e-01
  248 9.810010e-01
  249 1.005937e+00
  250 1.031514e+00
  251 1.052801e+00
  252 1.072499e+00
  253 1.094088e+00
  254 1.112969e+00
  255 1.127552e+00
  256 1.130724e+00
  257 1.127909e+00
  258 1.128295e+00
  259 1.128444e+00
  260 1.130260e+00
  261 1.126677e+00
  262 1.115174e+00
  263 1.094538e+00
  264 1.062547e+00
  265 1.017450e+00
  266 9.617836e-01
  267 9.020541e-01
  268 8.419041e-01
  269 7.842667e-01
  270 7.290264e-01
  271 6.782381e-01
  272 6.279952e-01
  273 5.875179e-01
  274 5.555844e-01
  275 5.277704e-01
  276 5.127672e-01
  277 5.123792e-01
  278 5.175360e-01
  279 5.323561e-01
  280 5.503947e-01
  281 5.749187e-01
  282 5.974214e-01
  283 6.189994e-01
  284 6.384313e-01
  285 6.630458e-01
  286 6.983966e-01
  287 7.450916e-01
  288 7.941756e-01
  289 8.478731e-01
  290 8.975465e-01
  291 9.340886e-01
  292 9.570116e-01
  293 9.633681e-01
  294 9.609086e-01
  295 9.597633e-01
  296 9.573907e-01
  297 9.507184e-01
  298 9.352871e-01
  299 9.082668e-01
  300 8.769372e-01
