    1     0
    2     0
    3     0
    4     0
    5     0
    6     0
    7 2.873833e-04
    8 8.219441e-04
    9 1.568904e-03
   10 2.498188e-03
   11 3.583798e-03
   12 3.834115e-02
   13 9.597650e-02
   14 1.695242e-01
   15 2.530476e-01
   16 3.410978e-01
   17 4.279812e-01
   18 5.092213e-01
   19 5.816948e-01
   20 6.452004e-01
   21 6.995979e-01
   22 7.453711e-01
   23 7.823485e-01
   24 8.114747e-01
   25 8.334861e-01
   26 8.515284e-01
   27 8.674923e-01
   28 8.814948e-01
   29 8.926364e-01
   30 9.026058e-01
   31 9.129812e-01
   32 9.235989e-01
   33 9.341806e-01
   34 9.437274e-01
   35 9.528760e-01
   36 9.607561e-01
   37 9.683370e-01
   38 9.756717e-01
   39 9.827804e-01
   40 9.886000e-01
   41 9.939185e-01
   42 9.981406e-01
   43 1.000454e+00
   44 1.002425e+00
   45 1.003793e+00
   46 1.004245e+00
   47 1.003695e+00
   48 1.001645e+00
   49 9.973748e-01
   50 9.915550e-01
   51 9.864435e-01
   52 9.812231e-01
   53 9.753721e-01
   54 9.684310e-01
   55 9.615657e-01
   56 9.561575e-01
   57 9.533328e-01
   58 9.534297e-01
   59 9.569011e-01
   60 9.620768e-01
   61 9.673923e-01
   62 9.721028e-01
   63 9.768671e-01
   64 9.803472e-01
   65 9.834034e-01
   66 9.848253e-01
   67 9.844003e-01
   68 9.840765e-01
   69 9.837127e-01
   70 9.836062e-01
   71 9.832595e-01
   72 9.817461e-01
   73 9.783518e-01
   74 9.726507e-01
   75 9.667435e-01
   76 9.625560e-01
   77 9.595441e-01
   78 9.562388e-01
   79 9.542626e-01
   80 9.523998e-01
   81 9.497133e-01
   82 9.475624e-01
   83 9.477070e-01
   84 9.508550e-01
   85 9.554375e-01
   86 9.605722e-01
   87 9.673239e-01
   88 9.754155e-01
   89 9.838812e-01
   90 9.920855e-01
   91 1.000926e+00
   92 1.011108e+00
   93 1.021117e+00
   94 1.030954e+00
   95 1.039788e+00
   96 1.047615e+00
   97 1.053115e+00
   98 1.055539e+00
   99 1.054428e+00
  100 1.050804e+00
  101 1.044351e+00
  102 1.036538e+00
  103 1.028725e+00
  104 1.021078e+00
  105 1.013869e+00
  106 1.008889e+00
  107 1.006132e+00
  108 1.005885e+00
  109 1.007225e+00
  110 1.009982e+00
  111 1.013069e+00
  112 1.016723e+00
  113 1.019351e+00
  114 1.019871e+00
  115 1.019081e+00
  116 1.016370e+00
  117 1.010957e+00
  118 1.003205e+00
  119 9.942417e-01
  120 9.842802e-01
  121 9.751148e-01
  122 9.662703e-01
  123 9.578739e-01
  124 9.505451e-01
  125 9.461188e-01
  126 9.433678e-01
  127 9.422495e-01
  128 9.414248e-01
  129 9.410581e-01
  130 9.424380e-01
  131 9.457668e-01
  132 9.500065e-01
  133 9.550214e-01
  134 9.598798e-01
  135 9.649968e-01
  136 9.703638e-01
  137 9.751389e-01
  138 9.802893e-01
  139 9.869652e-01
  140 9.937314e-01
  141 1.001007e+00
  142 1.007321e+00
  143 1.012157e+00
  144 1.016387e+00
  145 1.019014e+00
  146 1.020889e+00
  147 1.020911e+00
  148 1.018155e+00
  149 1.012317e+00
  150 1.004286e+00
  151 9.959140e-01
  152 9.875986e-01
  153 9.785836e-01
  154 9.689061e-01
  155 9.583843e-01
  156 9.477845e-01
  157 9.372662e-01
  158 9.283866e-01
  159 9.203141e-01
  160 9.130405e-01
  161 9.065309e-01
  162 9.013771e-01
  163 8.972835e-01
  164 8.954809e-01
  165 8.948243e-01
  166 8.949537e-01
  167 8.964715e-01
  168 9.007438e-01
  169 9.073214e-01
  170 9.168072e-01
  171 9.272980e-01
  172 9.390625e-01
  173 9.504752e-01
  174 9.605154e-01
  175 9.676493e-01
  176 9.713171e-01
  177 9.722496e-01
  178 9.705838e-01
  179 9.687162e-01
  180 9.678742e-01
  181 9.690139e-01
  182 9.730514e-01
  183 9.791051e-01
  184 9.848501e-01
  185 9.897367e-01
  186 9.933213e-01
  187 9.953294e-01
  188 9.950863e-01
  189 9.946364e-01
  190 9.937380e-01
  191 9.937175e-01
  192 9.937250e-01
  193 9.924823e-01
  194 9.908415e-01
  195 9.902881e-01
  196 9.895713e-01
  197 9.884866e-01
  198 9.884110e-01
  199 9.898846e-01
  200 9.925264e-01
  201 9.951931e-01
  202 9.975852e-01
  203 9.987019e-01
  204 9.995351e-01
  205 9.990732e-01
  206 9.970097e-01
  207 9.939275e-01
  208 9.902817e-01
  209 9.855508e-01
  210 9.797238e-01
  211 9.732034e-01
  212 9.676093e-01
  213 9.642593e-01
  214 9.635143e-01
  215 9.645394e-01
  216 9.680058e-01
  217 9.730702e-01
  218 9.784237e-01
  219 9.840201e-01
  220 9.902954e-01
  221 9.959832e-01
  222 1.002148e+00
  223 1.009297e+00
  224 1.015773e+00
  225 1.021749e+00
  226 1.026007e+00
  227 1.028672e+00
  228 1.029805e+00
  229 1.028327e+00
  230 1.025539e+00
  231 1.022102e+00
  232 1.017127e+00
  233 1.010639e+00
  234 1.004040e+00
  235 9.992858e-01
  236 9.956259e-01
  237 9.936701e-01
  238 9.940995e-01
  239 9.971130e-01
  240 1.002503e+00
  241 1.009005e+00
  242 1.016163e+00
  243 1.024249e+00
  244 1.032287e+00
  245 1.038936e+00
  246 1.042610e+00
  247 1.042340e+00
  248 1.039609e+00
  249 1.035569e+00
  250 1.031045e+00
  251 1.026344e+00
  252 1.023130e+00
  253 1.020229e+00
  254 1.018645e+00
  255 1.017866e+00
  256 1.017322e+00
  257 1.018247e+00
  258 1.018887e+00
  259 1.018620e+00
  260 1.017456e+00
  261 1.014559e+00
  262 1.011261e+00
  263 1.008164e+00
  264 1.005004e+00
  265 1.002865e+00
  266 1.001101e+00
  267 9.984632e-01
  268 9.953333e-01
  269 9.913654e-01
  270 9.877288e-01
  271 9.837066e-01
  272 9.791792e-01
  273 9.759095e-01
  274 9.747220e-01
  275 9.766822e-01
  276 9.797163e-01
  277 9.842161e-01
  278 9.889503e-01
  279 9.931537e-01
  280 9.958464e-01
  281 9.980121e-01
  282 1.000783e+00
  283 1.005072e+00
  284 1.009789e+00
  285 1.015445e+00
  286 1.021117e+00
  287 1.026539e+00
  288 1.031408e+00
  289 1.035022e+00
  290 1.037432e+00
  291 1.037887e+00
  292 1.037835e+00
  293 1.036082e+00
  294 1.033774e+00
  295 1.031678e+00
  296 1.030094e+00
  297 1.028478e+00
  298 1.027474e+00
  299 1.028279e+00
  300 1.029872e+00
