    1     0
    2     0
    3     0
    4     0
    5     0
    6     0
    7     0
    8     0
    9     0
   10     0
   11     0
   12 3.354753e-02
   13 9.043969e-02
   14 1.635238e-01
   15 2.464062e-01
   16 3.351038e-01
   17 4.252862e-01
   18 5.137377e-01
   19 5.966286e-01
   20 6.718323e-01
   21 7.391572e-01
   22 7.980540e-01
   23 8.493730e-01
   24 8.944827e-01
   25 9.323095e-01
   26 9.629182e-01
   27 9.857940e-01
   28 1.001475e+00
   29 1.011118e+00
   30 1.015261e+00
   31 1.014308e+00
   32 1.008547e+00
   33 1.001297e+00
   34 9.928407e-01
   35 9.837892e-01
   36 9.736666e-01
   37 9.634332e-01
   38 9.540456e-01
   39 9.452129e-01
   40 9.382289e-01
   41 9.333785e-01
   42 9.294175e-01
   43 9.262056e-01
   44 9.230061e-01
   45 9.194795e-01
   46 9.159141e-01
   47 9.136013e-01
   48 9.122766e-01
   49 9.132066e-01
   50 9.158105e-01
   51 9.192181e-01
   52 9.225373e-01
   53 9.246810e-01
   54 9.246123e-01
   55 9.223695e-01
   56 9.187888e-01
   57 9.136355e-01
   58 9.077461e-01
   59 9.035724e-01
   60 9.026159e-01
   61 9.034571e-01
   62 9.057927e-01
   63 9.084478e-01
   64 9.121970e-01
   65 9.167285e-01
   66 9.214111e-01
   67 9.274881e-01
   68 9.343065e-01
   69 9.417762e-01
   70 9.507948e-01
   71 9.607170e-01
   72 9.716172e-01
   73 9.837961e-01
   74 9.971131e-01
   75 1.011442e+00
   76 1.026494e+00
   77 1.042363e+00
   78 1.057339e+00
   79 1.071017e+00
   80 1.082585e+00
   81 1.091018e+00
   82 1.096284e+00
   83 1.098578e+00
   84 1.098462e+00
   85 1.097456e+00
   86 1.095758e+00
   87 1.092340e+00
   88 1.086420e+00
   89 1.079391e+00
   90 1.072697e+00
   91 1.066294e+00
   92 1.059808e+00
   93 1.053670e+00
   94 1.048848e+00
   95 1.043839e+00
   96 1.039825e+00
   97 1.037901e+00
   98 1.038534e+00
   99 1.041745e+00
  100 1.046097e+00
  101 1.050435e+00
  102 1.055470e+00
  103 1.059299e+00
  104 1.060876e+00
  105 1.059758e+00
  106 1.057800e+00
  107 1.054287e+00
  108 1.048319e+00
  109 1.039348e+00
  110 1.027602e+00
  111 1.013678e+00
  112 9.990124e-01
  113 9.857924e-01
  114 9.749764e-01
  115 9.677500e-01
  116 9.651178e-01
  117 9.648603e-01
  118 9.667017e-01
  119 9.706150e-01
  120 9.762815e-01
  121 9.829043e-01
  122 9.893400e-01
  123 9.965279e-01
  124 1.002948e+00
  125 1.008040e+00
  126 1.010806e+00
  127 1.012073e+00
  128 1.012402e+00
  129 1.013347e+00
  130 1.015739e+00
  131 1.018603e+00
  132 1.021961e+00
  133 1.024294e+00
  134 1.026586e+00
  135 1.027318e+00
  136 1.026479e+00
  137 1.023902e+00
  138 1.018718e+00
  139 1.012423e+00
  140 1.006129e+00
  141 1.000388e+00
  142 9.946818e-01
  143 9.884273e-01
  144 9.833088e-01
  145 9.804759e-01
  146 9.799716e-01
  147 9.824807e-01
  148 9.870814e-01
  149 9.932741e-01
  150 1.001115e+00
  151 1.010476e+00
  152 1.019080e+00
  153 1.025785e+00
  154 1.030650e+00
  155 1.032616e+00
  156 1.033273e+00
  157 1.032353e+00
  158 1.029538e+00
  159 1.025263e+00
  160 1.021139e+00
  161 1.017184e+00
  162 1.014084e+00
  163 1.012892e+00
  164 1.014031e+00
  165 1.015578e+00
  166 1.018279e+00
  167 1.022424e+00
  168 1.028518e+00
  169 1.035695e+00
  170 1.044385e+00
  171 1.052377e+00
  172 1.059799e+00
  173 1.067357e+00
  174 1.074923e+00
  175 1.081828e+00
  176 1.088657e+00
  177 1.093367e+00
  178 1.096182e+00
  179 1.097784e+00
  180 1.099402e+00
  181 1.101249e+00
  182 1.104123e+00
  183 1.107270e+00
  184 1.109190e+00
  185 1.109183e+00
  186 1.108525e+00
  187 1.108361e+00
  188 1.107425e+00
  189 1.104281e+00
  190 1.099179e+00
  191 1.093795e+00
  192 1.087376e+00
  193 1.080617e+00
  194 1.074439e+00
  195 1.068159e+00
  196 1.063214e+00
  197 1.060762e+00
  198 1.059593e+00
  199 1.058696e+00
  200 1.057671e+00
  201 1.055674e+00
  202 1.052142e+00
  203 1.046644e+00
  204 1.040459e+00
  205 1.033581e+00
  206 1.026303e+00
  207 1.019425e+00
  208 1.014541e+00
  209 1.010651e+00
  210 1.007984e+00
  211 1.006058e+00
  212 1.003977e+00
  213 1.002890e+00
  214 1.003758e+00
  215 1.005850e+00
  216 1.008589e+00
  217 1.010439e+00
  218 1.010467e+00
  219 1.008372e+00
  220 1.006111e+00
  221 1.005273e+00
  222 1.006805e+00
  223 1.009154e+00
  224 1.010498e+00
  225 1.010321e+00
  226 1.010046e+00
  227 1.009141e+00
  228 1.008816e+00
  229 1.010166e+00
  230 1.012308e+00
  231 1.015207e+00
  232 1.018016e+00
  233 1.019701e+00
  234 1.020041e+00
  235 1.018625e+00
  236 1.016676e+00
  237 1.013865e+00
  238 1.009158e+00
  239 1.002209e+00
  240 9.952828e-01
  241 9.894333e-01
  242 9.851761e-01
  243 9.818967e-01
  244 9.792634e-01
  245 9.764568e-01
  246 9.740498e-01
  247 9.730536e-01
  248 9.744830e-01
  249 9.769366e-01
  250 9.807430e-01
  251 9.857497e-01
  252 9.911643e-01
  253 9.972281e-01
  254 1.003037e+00
  255 1.008224e+00
  256 1.013601e+00
  257 1.018029e+00
  258 1.022449e+00
  259 1.027259e+00
  260 1.032757e+00
  261 1.038227e+00
  262 1.044337e+00
  263 1.050743e+00
  264 1.057868e+00
  265 1.066028e+00
  266 1.073411e+00
  267 1.079913e+00
  268 1.084844e+00
  269 1.086619e+00
  270 1.085732e+00
  271 1.082235e+00
  272 1.076035e+00
  273 1.068201e+00
  274 1.059144e+00
  275 1.050710e+00
  276 1.042011e+00
  277 1.034280e+00
  278 1.028415e+00
  279 1.023336e+00
  280 1.018888e+00
  281 1.014321e+00
  282 1.010065e+00
  283 1.006907e+00
  284 1.006075e+00
  285 1.006516e+00
  286 1.007872e+00
  287 1.009890e+00
  288 1.011860e+00
  289 1.014773e+00
  290 1.018764e+00
  291 1.022398e+00
  292 1.024745e+00
  293 1.026968e+00
  294 1.030060e+00
  295 1.034699e+00
  296 1.041516e+00
  297 1.049639e+00
  298 1.057472e+00
  299 1.063613e+00
  300 1.067716e+00
