    1     0
    2     0
    3     0
    4     0
    5     0
    6     0
    7     0
    8     0
    9     0
   10 4.783492e-01
   11 5.439571e-01
   12 4.692650e-01
   13 3.659708e-01
   14 2.761305e-01
   15 2.117468e-01
   16 1.724252e-01
   17 1.533363e-01
   18 1.487462e-01
   19 1.534764e-01
   20 1.633950e-01
   21 1.754661e-01
   22 1.876188e-01
   23 1.985573e-01
   24 2.075696e-01
   25 2.143622e-01
   26 2.189254e-01
   27 2.214280e-01
   28 2.221407e-01
   29 2.213801e-01
   30 2.194703e-01
   31 2.167192e-01
   32 2.134042e-01
   33 2.097638e-01
   34 2.059949e-01
   35 2.022543e-01
   36 1.986608e-01
   37 1.953004e-01
   38 1.922298e-01
   39 1.894824e-01
   40 1.870714e-01
   41 1.849964e-01
   42 1.832447e-01
   43 1.817960e-01
   44 1.806251e-01
   45 1.797033e-01
   46 1.790008e-01
   47 1.784880e-01
   48 1.781367e-01
   49 1.779210e-01
   50 1.778163e-01
   51 1.778012e-01
   52 1.778569e-01
   53 1.779666e-01
   54 1.781168e-01
   55 1.782962e-01
   56 1.784949e-01
   57 1.787057e-01
   58 1.789227e-01
   59 1.791412e-01
   60 1.793577e-01
   61 1.795698e-01
   62 1.797758e-01
   63 1.799750e-01
   64 1.801666e-01
   65 1.803508e-01
   66 1.805272e-01
   67 1.806970e-01
   68 1.808598e-01
   69 1.810165e-01
   70 1.811677e-01
   71 1.813139e-01
   72 1.814551e-01
   73 1.815918e-01
   74 1.817248e-01
   75 1.818544e-01
   76 1.819809e-01
   77 1.821047e-01
   78 1.822260e-01
   79 1.823447e-01
   80 1.824611e-01
   81 1.825756e-01
   82 1.826882e-01
   83 1.827985e-01
   84 1.829070e-01
   85 1.830138e-01
   86 1.831185e-01
   87 1.832216e-01
   88 1.833232e-01
   89 1.834231e-01
   90 1.835210e-01
   91 1.836170e-01
   92 1.837113e-01
   93 1.838040e-01
   94 1.838951e-01
   95 1.839844e-01
   96 1.840723e-01
   97 1.841584e-01
   98 1.842425e-01
   99 1.843251e-01
  100 1.844063e-01
  101 1.844861e-01
  102 1.845643e-01
  103 1.846408e-01
  104 1.847158e-01
  105 1.847897e-01
  106 1.848621e-01
  107 1.849329e-01
  108 1.850024e-01
  109 1.850701e-01
  110 1.851366e-01
  111 1.852021e-01
  112 1.852661e-01
  113 1.853289e-01
  114 1.853904e-01
  115 1.854504e-01
  116 1.855092e-01
  117 1.855670e-01
  118 1.856238e-01
  119 1.856794e-01
  120 2.024938e-01
  121 2.212820e-01
  122 2.361013e-01
  123 2.453386e-01
  124 2.492759e-01
  125 2.489230e-01
  126 2.454598e-01
  127 2.399837e-01
  128 2.334101e-01
  129 2.264468e-01
  130 2.196084e-01
  131 2.132431e-01
  132 2.075643e-01
  133 2.026813e-01
  134 1.986268e-01
  135 1.953785e-01
  136 1.928789e-01
  137 1.910492e-01
  138 1.897997e-01
  139 1.890374e-01
  140 1.886722e-01
  141 1.886202e-01
  142 1.888060e-01
  143 1.891633e-01
  144 1.896365e-01
  145 1.901798e-01
  146 1.907560e-01
  147 1.913361e-01
  148 1.918984e-01
  149 1.924276e-01
  150 1.929127e-01
  151 1.933482e-01
  152 1.937310e-01
  153 1.940614e-01
  154 1.943410e-01
  155 1.945725e-01
  156 1.947603e-01
  157 1.949088e-01
  158 1.950230e-01
  159 1.951072e-01
  160 1.951660e-01
  161 1.952036e-01
  162 1.952239e-01
  163 1.952297e-01
  164 1.952247e-01
  165 1.952116e-01
  166 1.951920e-01
  167 1.951681e-01
  168 1.951414e-01
  169 1.951128e-01
  170 1.950834e-01
  171 1.950539e-01
  172 1.950245e-01
  173 1.949960e-01
  174 1.949684e-01
  175 1.949417e-01
  176 1.949164e-01
  177 1.948920e-01
  178 1.948690e-01
  179 1.948470e-01
  180 1.948259e-01
  181 1.948057e-01
  182 1.947865e-01
  183 1.947682e-01
  184 1.947507e-01
  185 1.947337e-01
  186 1.947170e-01
  187 1.947008e-01
  188 1.946853e-01
  189 1.946700e-01
  190 1.946554e-01
  191 1.946415e-01
  192 1.946285e-01
  193 1.946160e-01
  194 1.946046e-01
  195 1.945942e-01
  196 1.945847e-01
  197 1.945766e-01
  198 1.945689e-01
  199 1.945619e-01
  200 2.070639e-01
  201 2.163722e-01
  202 2.186130e-01
  203 2.162045e-01
  204 2.119371e-01
  205 2.076589e-01
  206 2.042974e-01
  207 2.021606e-01
  208 2.012081e-01
  209 2.012385e-01
  210 2.019988e-01
  211 2.032491e-01
  212 2.047822e-01
  213 2.064304e-01
  214 2.080677e-01
  215 2.096070e-01
  216 2.109937e-01
  217 2.121985e-01
  218 2.132117e-01
  219 2.140369e-01
  220 1.389395e-01
  221 1.090597e-01
  222 1.018977e-01
  223 1.055483e-01
  224 1.137745e-01
  225 1.233901e-01
  226 1.328431e-01
  227 1.414444e-01
  228 1.489483e-01
  229 1.553271e-01
  230 1.606529e-01
  231 1.650365e-01
  232 1.685980e-01
  233 1.714532e-01
  234 1.737085e-01
  235 1.754589e-01
  236 1.767883e-01
  237 1.777704e-01
  238 1.784693e-01
  239 1.789405e-01
  240 1.289526e-01
  241 7.290003e-02
  242 2.864665e-02
  243 1.059742e-03
  244 -1.068386e-02
  245 -9.593942e-03
  246 8.042837e-04
  247 1.722996e-02
  248 3.694738e-02
  249 5.783757e-02
  250 7.836165e-02
  251 9.747834e-02
  252 1.145491e-01
  253 1.292461e-01
  254 1.414714e-01
  255 1.512894e-01
  256 1.588714e-01
  257 1.644535e-01
  258 1.683039e-01
  259 1.706995e-01
  260 1.719096e-01
  261 1.721846e-01
  262 1.717494e-01
  263 1.708005e-01
  264 1.695045e-01
  265 1.679989e-01
  266 1.663944e-01
  267 1.647773e-01
  268 1.632120e-01
  269 1.617449e-01
  270 1.604066e-01
  271 1.592152e-01
  272 1.581790e-01
  273 1.572982e-01
  274 1.565676e-01
  275 1.559778e-01
  276 1.555170e-01
  277 1.551716e-01
  278 1.549277e-01
  279 1.547714e-01
  280 1.546890e-01
  281 1.546681e-01
  282 1.546973e-01
  283 1.547664e-01
  284 1.548665e-01
  285 1.549899e-01
  286 1.551302e-01
  287 1.552819e-01
  288 1.554406e-01
  289 1.556029e-01
  290 1.557662e-01
  291 1.559281e-01
  292 1.560874e-01
  293 1.562430e-01
  294 1.563942e-01
  295 1.565406e-01
  296 1.566821e-01
  297 1.568186e-01
  298 1.569502e-01
  299 1.570771e-01
  300 1.571995e-01
  301 1.573178e-01
  302 1.574321e-01
  303 1.575428e-01
  304 1.576501e-01
  305 1.577543e-01
  306 1.578555e-01
  307 1.579541e-01
  308 1.580501e-01
  309 1.581440e-01
  310 1.582357e-01
  311 1.583255e-01
  312 1.584136e-01
  313 1.585002e-01
  314 1.585855e-01
  315 1.586697e-01
  316 1.587529e-01
  317 1.588353e-01
  318 1.589167e-01
  319 1.589970e-01
  320 1.590761e-01
  321 1.591529e-01
  322 1.592271e-01
  323 1.592987e-01
  324 1.593681e-01
  325 1.594356e-01
  326 1.595017e-01
  327 1.595666e-01
  328 1.596305e-01
  329 1.596934e-01
  330 1.597553e-01
  331 1.598163e-01
  332 1.598762e-01
  333 1.599349e-01
  334 1.599925e-01
  335 1.600489e-01
  336 1.601041e-01
  337 1.601581e-01
  338 1.602108e-01
  339 1.602623e-01
  340 1.603127e-01
  341 1.603619e-01
  342 1.604100e-01
  343 1.604570e-01
  344 1.605029e-01
  345 1.605478e-01
  346 1.605919e-01
  347 1.606351e-01
  348 1.606774e-01
  349 1.607189e-01
  350 1.607596e-01
  351 1.607994e-01
  352 1.608384e-01
  353 1.608766e-01
  354 1.609141e-01
  355 1.609509e-01
  356 1.609869e-01
  357 1.610222e-01
  358 1.610568e-01
  359 1.610907e-01
  360 1.778836e-01
  361 1.966510e-01
  362 2.114498e-01
  363 2.206668e-01
  364 2.245844e-01
  365 2.242122e-01
  366 2.207301e-01
  367 2.152357e-01
  368 2.086438e-01
  369 2.016629e-01
  370 1.948073e-01
  371 1.884249e-01
  372 1.827292e-01
  373 1.778295e-01
  374 1.737583e-01
  375 1.704940e-01
  376 1.679790e-01
  377 1.661343e-01
  378 1.648699e-01
  379 1.640930e-01
  380 1.637133e-01
  381 1.636471e-01
  382 1.638189e-01
  383 1.641629e-01
  384 1.646233e-01
  385 1.651539e-01
  386 1.657175e-01
  387 1.662854e-01
  388 1.668357e-01
  389 1.673530e-01
  390 1.678270e-01
  391 1.682514e-01
  392 1.686235e-01
  393 1.689431e-01
  394 1.692119e-01
  395 1.694330e-01
  396 1.696102e-01
  397 1.697481e-01
  398 1.698512e-01
  399 1.699244e-01
  400 1.549614e-01
  401 1.438091e-01
  402 1.411199e-01
  403 1.439945e-01
  404 1.490859e-01
  405 1.541788e-01
  406 1.581613e-01
  407 1.606659e-01
  408 1.617429e-01
  409 1.616370e-01
  410 1.606540e-01
  411 1.590896e-01
  412 1.571971e-01
  413 1.551762e-01
  414 1.531741e-01
  415 1.512919e-01
  416 1.495930e-01
  417 1.481111e-01
  418 1.468578e-01
  419 1.458289e-01
  420 1.450102e-01
  421 1.443808e-01
  422 1.439166e-01
  423 1.435925e-01
  424 1.433838e-01
  425 1.432674e-01
  426 1.432223e-01
  427 1.432299e-01
  428 1.432747e-01
  429 1.433434e-01
  430 1.434252e-01
  431 1.435117e-01
  432 1.435960e-01
  433 1.436734e-01
  434 1.437403e-01
  435 1.437943e-01
  436 1.438342e-01
  437 1.438597e-01
  438 1.438714e-01
  439 1.438701e-01
  440 3.710988e-01
  441 4.621947e-01
  442 4.847221e-01
  443 4.744622e-01
  444 4.501888e-01
  445 4.215187e-01
  446 3.931601e-01
  447 3.672264e-01
  448 3.444942e-01
  449 3.250790e-01
  450 3.087915e-01
  451 2.953201e-01
  452 2.843203e-01
  453 2.754562e-01
  454 2.684169e-01
  455 2.629221e-01
  456 2.587224e-01
  457 2.555978e-01
  458 2.533551e-01
  459 2.518261e-01
  460 2.508650e-01
  461 2.503470e-01
  462 2.501664e-01
  463 2.502345e-01
  464 2.504780e-01
  465 2.508377e-01
  466 2.512659e-01
  467 2.517258e-01
  468 2.521895e-01
  469 2.526364e-01
  470 2.530523e-01
  471 2.534282e-01
  472 2.537589e-01
  473 2.540425e-01
  474 2.542795e-01
  475 2.544717e-01
  476 2.546224e-01
  477 2.547355e-01
  478 2.548151e-01
  479 2.548659e-01
  480 2.548922e-01
  481 2.548981e-01
  482 2.548874e-01
  483 2.548633e-01
  484 2.548289e-01
  485 2.547869e-01
  486 2.547394e-01
  487 2.546882e-01
  488 2.546350e-01
  489 2.545808e-01
  490 2.545265e-01
  491 2.544728e-01
  492 2.544202e-01
  493 2.543691e-01
  494 2.543196e-01
  495 2.542721e-01
  496 2.542262e-01
  497 2.541825e-01
  498 2.541404e-01
  499 2.541001e-01
  500 2.540615e-01
  501 2.540246e-01
  502 2.539889e-01
  503 2.539545e-01
  504 2.539212e-01
  505 2.538891e-01
  506 2.538580e-01
  507 2.538277e-01
  508 2.537984e-01
  509 2.537696e-01
  510 2.537415e-01
  511 2.537142e-01
  512 2.536875e-01
  513 2.536613e-01
  514 2.536357e-01
  515 2.536106e-01
  516 2.535859e-01
  517 2.535618e-01
  518 2.535382e-01
  519 2.535152e-01
  520 2.534926e-01
  521 2.534704e-01
  522 2.534487e-01
  523 2.534274e-01
  524 2.534065e-01
  525 2.533861e-01
  526 2.533662e-01
  527 2.533467e-01
  528 2.533275e-01
  529 2.533087e-01
  530 2.532903e-01
  531 2.532724e-01
  532 2.532547e-01
  533 2.532374e-01
  534 2.532205e-01
  535 2.532040e-01
  536 2.531879e-01
  537 2.531721e-01
  538 2.531566e-01
  539 2.531412e-01
  540 2.531262e-01
  541 2.531116e-01
  542 2.530972e-01
  543 2.530830e-01
  544 2.530690e-01
  545 2.530551e-01
  546 2.530413e-01
  547 2.530277e-01
  548 2.530142e-01
  549 2.530009e-01
  550 2.529879e-01
  551 2.529752e-01
  552 2.529629e-01
  553 2.529513e-01
  554 2.529402e-01
  555 2.529299e-01
  556 2.529205e-01
  557 2.529117e-01
  558 2.529039e-01
  559 2.528968e-01
  560 2.528900e-01
  561 2.528829e-01
  562 2.528747e-01
  563 2.528656e-01
  564 2.528560e-01
  565 2.528462e-01
  566 2.528363e-01
  567 2.528267e-01
  568 2.528177e-01
  569 2.528091e-01
  570 2.528011e-01
  571 2.527935e-01
  572 2.527863e-01
  573 2.527792e-01
  574 2.527722e-01
  575 2.527654e-01
  576 2.527588e-01
  577 2.527521e-01
  578 2.527456e-01
  579 2.527391e-01
  580 2.527325e-01
  581 2.527260e-01
  582 2.527194e-01
  583 2.527128e-01
  584 2.527064e-01
  585 2.526998e-01
  586 2.526933e-01
  587 2.526869e-01
  588 2.526807e-01
  589 2.526745e-01
  590 2.526685e-01
  591 2.526626e-01
  592 2.526569e-01
  593 2.526513e-01
  594 2.526460e-01
  595 2.526413e-01
  596 2.526368e-01
  597 2.526328e-01
  598 2.526294e-01
  599 2.526263e-01
  600 2.626308e-01
  601 2.700808e-01
  602 2.718771e-01
  603 2.699551e-01
  604 2.665477e-01
  605 2.631338e-01
  606 2.604562e-01
  607 2.587610e-01
  608 2.580159e-01
  609 2.580585e-01
  610 2.586855e-01
  611 2.597001e-01
  612 2.609340e-01
  613 2.622542e-01
  614 2.635628e-01
  615 2.647922e-01
  616 2.659001e-01
  617 2.668644e-01
  618 2.676772e-01
  619 2.683409e-01
  620 2.688655e-01
  621 2.692647e-01
  622 2.695547e-01
  623 2.697521e-01
  624 2.698736e-01
  625 2.699344e-01
  626 2.699485e-01
  627 2.699282e-01
  628 2.698836e-01
  629 2.698235e-01
  630 2.697549e-01
  631 2.696834e-01
  632 2.696132e-01
  633 2.695474e-01
  634 2.694882e-01
  635 2.694370e-01
  636 2.693945e-01
  637 2.693609e-01
  638 2.693359e-01
  639 2.693193e-01
  640 2.693104e-01
  641 2.693080e-01
  642 2.693109e-01
  643 2.693182e-01
  644 2.693290e-01
  645 2.693427e-01
  646 2.693587e-01
  647 2.693767e-01
  648 2.693963e-01
  649 2.694173e-01
  650 2.694394e-01
  651 2.694622e-01
  652 2.694854e-01
  653 2.695089e-01
  654 2.695323e-01
  655 2.695555e-01
  656 2.695784e-01
  657 2.696008e-01
  658 2.696226e-01
  659 2.696439e-01
  660 1.939174e-01
  661 1.635654e-01
  662 1.560675e-01
  663 1.594969e-01
  664 1.675958e-01
  665 1.771585e-01
  666 1.866157e-01
  667 1.952630e-01
  668 2.028417e-01
  669 2.093135e-01
  670 2.147417e-01
  671 2.192305e-01
  672 2.228950e-01
  673 2.258472e-01
  674 2.281910e-01
  675 2.300200e-01
  676 2.314174e-01
  677 2.324565e-01
  678 2.332019e-01
  679 2.337096e-01
  680 2.340282e-01
  681 2.341993e-01
  682 2.342581e-01
  683 2.342341e-01
  684 2.341518e-01
  685 2.340309e-01
  686 2.338872e-01
  687 2.337330e-01
  688 2.335776e-01
  689 2.334278e-01
  690 2.332883e-01
  691 2.331621e-01
  692 2.330510e-01
  693 2.329556e-01
  694 2.328758e-01
  695 2.328108e-01
  696 2.327597e-01
  697 2.327211e-01
  698 2.326936e-01
  699 2.326757e-01
  700 2.326660e-01
  701 2.326631e-01
  702 2.326657e-01
  703 2.326728e-01
  704 2.326834e-01
  705 2.326964e-01
  706 2.327114e-01
  707 2.327276e-01
  708 2.327445e-01
  709 2.327617e-01
  710 2.327790e-01
  711 2.327961e-01
  712 2.328129e-01
  713 2.328291e-01
  714 2.328449e-01
  715 2.328600e-01
  716 2.328746e-01
  717 2.328885e-01
  718 2.329018e-01
  719 2.329146e-01
  720 2.329268e-01
  721 2.329385e-01
  722 2.329498e-01
  723 2.329606e-01
  724 2.329712e-01
  725 2.329813e-01
  726 2.329911e-01
  727 2.330007e-01
  728 2.330099e-01
  729 2.330190e-01
  730 2.330278e-01
  731 2.330364e-01
  732 2.330448e-01
  733 2.330531e-01
  734 2.330611e-01
  735 2.330690e-01
  736 2.330768e-01
  737 2.330844e-01
  738 2.330918e-01
  739 2.330991e-01
  740 2.331062e-01
  741 2.331132e-01
  742 2.331201e-01
  743 2.331268e-01
  744 2.331334e-01
  745 2.331398e-01
  746 2.331461e-01
  747 2.331522e-01
  748 2.331583e-01
  749 2.331643e-01
  750 2.331701e-01
  751 2.331758e-01
  752 2.331814e-01
  753 2.331869e-01
  754 2.331922e-01
  755 2.331975e-01
  756 2.332026e-01
  757 2.332076e-01
  758 2.332126e-01
  759 2.332174e-01
  760 2.332222e-01
  761 2.332268e-01
  762 2.332313e-01
  763 2.332357e-01
  764 2.332401e-01
  765 2.332443e-01
  766 2.332485e-01
  767 2.332526e-01
  768 2.332566e-01
  769 2.332605e-01
  770 2.332643e-01
  771 2.332680e-01
  772 2.332716e-01
  773 2.332752e-01
  774 2.332786e-01
  775 2.332821e-01
  776 2.332854e-01
  777 2.332887e-01
  778 2.332919e-01
  779 2.332951e-01
  780 2.332982e-01
  781 2.333013e-01
  782 2.333043e-01
  783 2.333073e-01
  784 2.333101e-01
  785 2.333130e-01
  786 2.333159e-01
  787 2.333188e-01
  788 2.333217e-01
  789 2.333246e-01
  790 2.333274e-01
  791 2.333302e-01
  792 2.333329e-01
  793 2.333355e-01
  794 2.333380e-01
  795 2.333402e-01
  796 2.333422e-01
  797 2.333439e-01
  798 2.333453e-01
  799 2.333464e-01
  800 2.333474e-01
