    1     0
    2     0
    3     0
    4     0
    5     0
    6     0
    7     0
    8     0
    9     0
   10 3.995677e-01
   11 5.613000e-01
   12 6.268566e-01
   13 6.351622e-01
   14 6.145275e-01
   15 5.779029e-01
   16 5.337961e-01
   17 4.873237e-01
   18 4.418555e-01
   19 3.995087e-01
   20 3.615455e-01
   21 3.286003e-01
   22 3.008555e-01
   23 2.781740e-01
   24 2.602044e-01
   25 2.464632e-01
   26 2.363990e-01
   27 2.294391e-01
   28 2.250257e-01
   29 2.226388e-01
   30 2.218099e-01
   31 2.221311e-01
   32 2.232572e-01
   33 2.249044e-01
   34 2.268467e-01
   35 2.289093e-01
   36 2.309624e-01
   37 2.329151e-01
   38 2.347070e-01
   39 2.363042e-01
   40 2.376914e-01
   41 2.388688e-01
   42 2.398455e-01
   43 2.406390e-01
   44 2.412694e-01
   45 2.417595e-01
   46 2.421321e-01
   47 2.424090e-01
   48 2.426104e-01
   49 2.427531e-01
   50 2.428533e-01
   51 2.429231e-01
   52 2.429735e-01
   53 2.430120e-01
   54 2.430457e-01
   55 2.430786e-01
   56 2.431139e-01
   57 2.431542e-01
   58 2.432004e-01
   59 2.432530e-01
   60 2.433114e-01
   61 2.433758e-01
   62 2.434454e-01
   63 2.435190e-01
   64 2.435961e-01
   65 2.436763e-01
   66 2.437579e-01
   67 2.438408e-01
   68 2.439236e-01
   69 2.440066e-01
   70 2.440893e-01
   71 2.441710e-01
   72 2.442515e-01
   73 2.443312e-01
   74 2.444093e-01
   75 2.444857e-01
   76 2.445603e-01
   77 2.446335e-01
   78 2.447049e-01
   79 2.447746e-01
   80 2.448430e-01
   81 2.449100e-01
   82 2.449753e-01
   83 2.450391e-01
   84 2.451015e-01
   85 2.451627e-01
   86 2.452222e-01
   87 2.452810e-01
   88 2.453385e-01
   89 2.453949e-01
   90 2.454500e-01
   91 2.455042e-01
   92 2.455573e-01
   93 2.456091e-01
   94 2.456598e-01
   95 2.457098e-01
   96 2.457590e-01
   97 2.458070e-01
   98 2.458543e-01
   99 2.459004e-01
  100 2.459454e-01
  101 2.459894e-01
  102 2.460328e-01
  103 2.460753e-01
  104 2.461167e-01
  105 2.461573e-01
  106 2.461969e-01
  107 2.462357e-01
  108 2.462738e-01
  109 2.463111e-01
  110 2.463475e-01
  111 2.463829e-01
  112 2.464180e-01
  113 2.464526e-01
  114 2.464863e-01
  115 2.465194e-01
  116 2.465514e-01
  117 2.465827e-01
  118 2.466136e-01
  119 2.466439e-01
  120 1.890028e-01
  121 1.521951e-01
  122 1.288170e-01
  123 1.150413e-01
  124 1.082096e-01
  125 1.064250e-01
  126 1.082064e-01
  127 1.123858e-01
  128 1.180403e-01
  129 1.244543e-01
  130 1.310881e-01
  131 1.375516e-01
  132 1.435780e-01
  133 1.490008e-01
  134 1.537320e-01
  135 1.577431e-01
  136 1.610499e-01
  137 1.636976e-01
  138 1.657505e-01
  139 1.672833e-01
  140 1.683745e-01
  141 1.691007e-01
  142 1.695348e-01
  143 1.697415e-01
  144 1.697781e-01
  145 1.696932e-01
  146 1.695267e-01
  147 1.693118e-01
  148 1.690729e-01
  149 1.688295e-01
  150 1.685948e-01
  151 1.683776e-01
  152 1.681836e-01
  153 1.680153e-01
  154 1.678735e-01
  155 1.677571e-01
  156 1.676642e-01
  157 1.675914e-01
  158 1.675367e-01
  159 1.674967e-01
  160 1.674688e-01
  161 1.674501e-01
  162 1.674387e-01
  163 1.674321e-01
  164 1.674290e-01
  165 1.674275e-01
  166 1.674266e-01
  167 1.674260e-01
  168 1.674245e-01
  169 1.674218e-01
  170 1.674177e-01
  171 1.674127e-01
  172 1.674060e-01
  173 1.673977e-01
  174 1.673879e-01
  175 1.673769e-01
  176 1.673651e-01
  177 1.673528e-01
  178 1.673394e-01
  179 1.673255e-01
  180 1.673108e-01
  181 1.672956e-01
  182 1.672801e-01
  183 1.672643e-01
  184 1.672483e-01
  185 1.672326e-01
  186 1.672169e-01
  187 1.672012e-01
  188 1.671856e-01
  189 1.671703e-01
  190 1.671555e-01
  191 1.671406e-01
  192 1.671258e-01
  193 1.671108e-01
  194 1.670958e-01
  195 1.670806e-01
  196 1.670653e-01
  197 1.670496e-01
  198 1.670337e-01
  199 1.670175e-01
  200 1.867317e-01
  201 2.015283e-01
  202 2.095218e-01
  203 2.147755e-01
  204 2.177566e-01
  205 2.192156e-01
  206 2.195034e-01
  207 2.189422e-01
  208 2.177808e-01
  209 2.162303e-01
  210 2.144607e-01
  211 2.126123e-01
  212 2.107886e-01
  213 2.090622e-01
  214 2.074810e-01
  215 2.060732e-01
  216 2.048511e-01
  217 2.038152e-01
  218 2.029573e-01
  219 2.022635e-01
  220 2.057828e-01
  221 2.173161e-01
  222 2.293881e-01
  223 2.395852e-01
  224 2.471857e-01
  225 2.522810e-01
  226 2.552299e-01
  227 2.564698e-01
  228 2.564242e-01
  229 2.554673e-01
  230 2.539132e-01
  231 2.520144e-01
  232 2.499663e-01
  233 2.479144e-01
  234 2.459614e-01
  235 2.441746e-01
  236 2.425934e-01
  237 2.412354e-01
  238 2.401017e-01
  239 2.391824e-01
  240 4.114716e-01
  241 5.214327e-01
  242 5.912539e-01
  243 6.323905e-01
  244 6.527969e-01
  245 6.581407e-01
  246 6.528462e-01
  247 6.404010e-01
  248 6.235605e-01
  249 6.044598e-01
  250 5.847081e-01
  251 5.654696e-01
  252 5.475396e-01
  253 5.314152e-01
  254 5.173584e-01
  255 5.054527e-01
  256 4.956514e-01
  257 4.878182e-01
  258 4.817601e-01
  259 4.772538e-01
  260 4.740655e-01
  261 4.719654e-01
  262 4.707378e-01
  263 4.701878e-01
  264 4.701448e-01
  265 4.704632e-01
  266 4.710230e-01
  267 4.717277e-01
  268 4.725021e-01
  269 4.732899e-01
  270 4.740510e-01
  271 4.747584e-01
  272 4.753959e-01
  273 4.759557e-01
  274 4.764362e-01
  275 4.768402e-01
  276 4.771738e-01
  277 4.774447e-01
  278 4.776618e-01
  279 4.778335e-01
  280 4.779688e-01
  281 4.780752e-01
  282 4.781601e-01
  283 4.782295e-01
  284 4.782884e-01
  285 4.783411e-01
  286 4.783907e-01
  287 4.784398e-01
  288 4.784901e-01
  289 4.785430e-01
  290 4.785992e-01
  291 4.786590e-01
  292 4.787224e-01
  293 4.787894e-01
  294 4.788597e-01
  295 4.789328e-01
  296 4.790084e-01
  297 4.790860e-01
  298 4.791650e-01
  299 4.792452e-01
  300 4.793261e-01
  301 4.794076e-01
  302 4.794891e-01
  303 4.795707e-01
  304 4.796521e-01
  305 4.797330e-01
  306 4.798132e-01
  307 4.798929e-01
  308 4.799717e-01
  309 4.800496e-01
  310 4.801268e-01
  311 4.802032e-01
  312 4.802787e-01
  313 4.803534e-01
  314 4.804274e-01
  315 4.805006e-01
  316 4.805731e-01
  317 4.806450e-01
  318 4.807162e-01
  319 4.807867e-01
  320 4.808565e-01
  321 4.809246e-01
  322 4.809907e-01
  323 4.810548e-01
  324 4.811171e-01
  325 4.811777e-01
  326 4.812369e-01
  327 4.812947e-01
  328 4.813514e-01
  329 4.814070e-01
  330 4.814616e-01
  331 4.815153e-01
  332 4.815681e-01
  333 4.816203e-01
  334 4.816716e-01
  335 4.817221e-01
  336 4.817719e-01
  337 4.818209e-01
  338 4.818692e-01
  339 4.819168e-01
  340 4.819635e-01
  341 4.820093e-01
  342 4.820545e-01
  343 4.820988e-01
  344 4.821423e-01
  345 4.821850e-01
  346 4.822268e-01
  347 4.822677e-01
  348 4.823078e-01
  349 4.823471e-01
  350 4.823856e-01
  351 4.824232e-01
  352 4.824601e-01
  353 4.824962e-01
  354 4.825315e-01
  355 4.825662e-01
  356 4.826001e-01
  357 4.826333e-01
  358 4.826659e-01
  359 4.826978e-01
  360 4.250584e-01
  361 3.882524e-01
  362 3.648758e-01
  363 3.511020e-01
  364 3.442717e-01
  365 3.424886e-01
  366 3.442716e-01
  367 3.484526e-01
  368 3.541085e-01
  369 3.605239e-01
  370 3.671592e-01
  371 3.736244e-01
  372 3.796527e-01
  373 3.850772e-01
  374 3.898100e-01
  375 3.938226e-01
  376 3.971306e-01
  377 3.997794e-01
  378 4.018336e-01
  379 4.033679e-01
  380 4.044604e-01
  381 4.051882e-01
  382 4.056234e-01
  383 4.058312e-01
  384 4.058690e-01
  385 4.057853e-01
  386 4.056203e-01
  387 4.054064e-01
  388 4.051688e-01
  389 4.049263e-01
  390 4.046923e-01
  391 4.044760e-01
  392 4.042828e-01
  393 4.041152e-01
  394 4.039738e-01
  395 4.038575e-01
  396 4.037644e-01
  397 4.036919e-01
  398 4.036370e-01
  399 4.035968e-01
  400 3.798913e-01
  401 3.620960e-01
  402 3.524709e-01
  403 3.461374e-01
  404 3.425332e-01
  405 3.407559e-01
  406 3.403830e-01
  407 3.410272e-01
  408 3.423896e-01
  409 3.442174e-01
  410 3.463065e-01
  411 3.484948e-01
  412 3.506598e-01
  413 3.527128e-01
  414 3.545947e-01
  415 3.562703e-01
  416 3.577235e-01
  417 3.589528e-01
  418 3.599674e-01
  419 3.607835e-01
  420 3.614219e-01
  421 3.619055e-01
  422 3.622579e-01
  423 3.625016e-01
  424 3.626577e-01
  425 3.627452e-01
  426 3.627805e-01
  427 3.627775e-01
  428 3.627477e-01
  429 3.627004e-01
  430 3.626427e-01
  431 3.625802e-01
  432 3.625166e-01
  433 3.624545e-01
  434 3.623955e-01
  435 3.623405e-01
  436 3.622896e-01
  437 3.622427e-01
  438 3.621995e-01
  439 3.621597e-01
  440 3.499237e-01
  441 3.140325e-01
  442 2.768548e-01
  443 2.455741e-01
  444 2.223026e-01
  445 2.067182e-01
  446 1.977040e-01
  447 1.939115e-01
  448 1.940421e-01
  449 1.969488e-01
  450 2.016718e-01
  451 2.074400e-01
  452 2.136567e-01
  453 2.198791e-01
  454 2.257950e-01
  455 2.311998e-01
  456 2.359749e-01
  457 2.400679e-01
  458 2.434759e-01
  459 2.462309e-01
  460 2.483877e-01
  461 2.500145e-01
  462 2.511858e-01
  463 2.519767e-01
  464 2.524588e-01
  465 2.526982e-01
  466 2.527532e-01
  467 2.526742e-01
  468 2.525031e-01
  469 2.522744e-01
  470 2.520148e-01
  471 2.517450e-01
  472 2.514797e-01
  473 2.512294e-01
  474 2.510004e-01
  475 2.507962e-01
  476 2.506179e-01
  477 2.504651e-01
  478 2.503362e-01
  479 2.502286e-01
  480 2.501396e-01
  481 2.500664e-01
  482 2.500061e-01
  483 2.499559e-01
  484 2.499134e-01
  485 2.498765e-01
  486 2.498433e-01
  487 2.498125e-01
  488 2.497829e-01
  489 2.497535e-01
  490 2.497237e-01
  491 2.496931e-01
  492 2.496613e-01
  493 2.496282e-01
  494 2.495938e-01
  495 2.495581e-01
  496 2.495213e-01
  497 2.494834e-01
  498 2.494446e-01
  499 2.494050e-01
  500 2.493649e-01
  501 2.493242e-01
  502 2.492833e-01
  503 2.492423e-01
  504 2.492011e-01
  505 2.491600e-01
  506 2.491190e-01
  507 2.490783e-01
  508 2.490378e-01
  509 2.489977e-01
  510 2.489580e-01
  511 2.489186e-01
  512 2.488797e-01
  513 2.488412e-01
  514 2.488032e-01
  515 2.487657e-01
  516 2.487286e-01
  517 2.486921e-01
  518 2.486561e-01
  519 2.486206e-01
  520 2.485855e-01
  521 2.485509e-01
  522 2.485169e-01
  523 2.484833e-01
  524 2.484503e-01
  525 2.484178e-01
  526 2.483858e-01
  527 2.483543e-01
  528 2.483232e-01
  529 2.482926e-01
  530 2.482626e-01
  531 2.482331e-01
  532 2.482042e-01
  533 2.481757e-01
  534 2.481478e-01
  535 2.481203e-01
  536 2.480933e-01
  537 2.480668e-01
  538 2.480407e-01
  539 2.480151e-01
  540 2.479900e-01
  541 2.479653e-01
  542 2.479411e-01
  543 2.479175e-01
  544 2.478942e-01
  545 2.478715e-01
  546 2.478492e-01
  547 2.478275e-01
  548 2.478063e-01
  549 2.477856e-01
  550 2.477656e-01
  551 2.477459e-01
  552 2.477270e-01
  553 2.477086e-01
  554 2.476910e-01
  555 2.476741e-01
  556 2.476579e-01
  557 2.476426e-01
  558 2.476280e-01
  559 2.476140e-01
  560 2.476005e-01
  561 2.475869e-01
  562 2.475726e-01
  563 2.475577e-01
  564 2.475424e-01
  565 2.475266e-01
  566 2.475107e-01
  567 2.474948e-01
  568 2.474790e-01
  569 2.474634e-01
  570 2.474482e-01
  571 2.474333e-01
  572 2.474190e-01
  573 2.474051e-01
  574 2.473916e-01
  575 2.473786e-01
  576 2.473661e-01
  577 2.473540e-01
  578 2.473423e-01
  579 2.473310e-01
  580 2.473201e-01
  581 2.473095e-01
  582 2.472991e-01
  583 2.472890e-01
  584 2.472792e-01
  585 2.472696e-01
  586 2.472603e-01
  587 2.472512e-01
  588 2.472422e-01
  589 2.472335e-01
  590 2.472250e-01
  591 2.472168e-01
  592 2.472088e-01
  593 2.472010e-01
  594 2.471936e-01
  595 2.471864e-01
  596 2.471796e-01
  597 2.471732e-01
  598 2.471671e-01
  599 2.471612e-01
  600 2.629404e-01
  601 2.747859e-01
  602 2.811892e-01
  603 2.854013e-01
  604 2.877960e-01
  605 2.889739e-01
  606 2.892162e-01
  607 2.887805e-01
  608 2.878656e-01
  609 2.866397e-01
  610 2.852388e-01
  611 2.837708e-01
  612 2.823174e-01
  613 2.809378e-01
  614 2.796715e-01
  615 2.785420e-01
  616 2.775601e-01
  617 2.767269e-01
  618 2.760365e-01
  619 2.754779e-01
  620 2.750376e-01
  621 2.747002e-01
  622 2.744504e-01
  623 2.742730e-01
  624 2.741541e-01
  625 2.740811e-01
  626 2.740432e-01
  627 2.740309e-01
  628 2.740366e-01
  629 2.740541e-01
  630 2.740785e-01
  631 2.741063e-01
  632 2.741347e-01
  633 2.741619e-01
  634 2.741869e-01
  635 2.742090e-01
  636 2.742282e-01
  637 2.742444e-01
  638 2.742580e-01
  639 2.742693e-01
  640 2.742787e-01
  641 2.742864e-01
  642 2.742924e-01
  643 2.742967e-01
  644 2.742995e-01
  645 2.743010e-01
  646 2.743016e-01
  647 2.743016e-01
  648 2.743013e-01
  649 2.743009e-01
  650 2.743008e-01
  651 2.743009e-01
  652 2.743016e-01
  653 2.743027e-01
  654 2.743045e-01
  655 2.743069e-01
  656 2.743098e-01
  657 2.743134e-01
  658 2.743174e-01
  659 2.743218e-01
  660 2.783931e-01
  661 2.903514e-01
  662 3.027405e-01
  663 3.131657e-01
  664 3.209225e-01
  665 3.261181e-01
  666 3.291242e-01
  667 3.303902e-01
  668 3.303487e-01
  669 3.293817e-01
  670 3.278092e-01
  671 3.258879e-01
  672 3.238168e-01
  673 3.217434e-01
  674 3.197717e-01
  675 3.179700e-01
  676 3.163778e-01
  677 3.150126e-01
  678 3.138755e-01
  679 3.129558e-01
  680 3.122353e-01
  681 3.116913e-01
  682 3.112990e-01
  683 3.110335e-01
  684 3.108708e-01
  685 3.107890e-01
  686 3.107686e-01
  687 3.107930e-01
  688 3.108480e-01
  689 3.109223e-01
  690 3.110069e-01
  691 3.110950e-01
  692 3.111816e-01
  693 3.112632e-01
  694 3.113378e-01
  695 3.114041e-01
  696 3.114619e-01
  697 3.115111e-01
  698 3.115525e-01
  699 3.115867e-01
  700 3.116148e-01
  701 3.116377e-01
  702 3.116562e-01
  703 3.116715e-01
  704 3.116842e-01
  705 3.116950e-01
  706 3.117046e-01
  707 3.117134e-01
  708 3.117219e-01
  709 3.117303e-01
  710 3.117388e-01
  711 3.117477e-01
  712 3.117570e-01
  713 3.117667e-01
  714 3.117768e-01
  715 3.117874e-01
  716 3.117985e-01
  717 3.118099e-01
  718 3.118216e-01
  719 3.118336e-01
  720 3.118458e-01
  721 3.118582e-01
  722 3.118707e-01
  723 3.118833e-01
  724 3.118959e-01
  725 3.119085e-01
  726 3.119211e-01
  727 3.119337e-01
  728 3.119462e-01
  729 3.119585e-01
  730 3.119708e-01
  731 3.119830e-01
  732 3.119950e-01
  733 3.120069e-01
  734 3.120187e-01
  735 3.120303e-01
  736 3.120418e-01
  737 3.120532e-01
  738 3.120643e-01
  739 3.120754e-01
  740 3.120863e-01
  741 3.120970e-01
  742 3.121076e-01
  743 3.121180e-01
  744 3.121283e-01
  745 3.121384e-01
  746 3.121484e-01
  747 3.121582e-01
  748 3.121679e-01
  749 3.121774e-01
  750 3.121867e-01
  751 3.121960e-01
  752 3.122050e-01
  753 3.122139e-01
  754 3.122226e-01
  755 3.122312e-01
  756 3.122396e-01
  757 3.122479e-01
  758 3.122560e-01
  759 3.122640e-01
  760 3.122718e-01
  761 3.122795e-01
  762 3.122871e-01
  763 3.122945e-01
  764 3.123018e-01
  765 3.123089e-01
  766 3.123159e-01
  767 3.123228e-01
  768 3.123295e-01
  769 3.123361e-01
  770 3.123426e-01
  771 3.123489e-01
  772 3.123552e-01
  773 3.123613e-01
  774 3.123672e-01
  775 3.123731e-01
  776 3.123788e-01
  777 3.123845e-01
  778 3.123900e-01
  779 3.123954e-01
  780 3.124006e-01
  781 3.124058e-01
  782 3.124109e-01
  783 3.124159e-01
  784 3.124208e-01
  785 3.124255e-01
  786 3.124301e-01
  787 3.124346e-01
  788 3.124390e-01
  789 3.124433e-01
  790 3.124474e-01
  791 3.124514e-01
  792 3.124553e-01
  793 3.124590e-01
  794 3.124625e-01
  795 3.124659e-01
  796 3.124690e-01
  797 3.124720e-01
  798 3.124747e-01
  799 3.124773e-01
  800 3.124797e-01
