    1     0
    2     0
    3     0
    4     0
    5     0
    6     0
    7     0
    8     0
    9     0
   10 5.809545e-02
   11 6.192738e-02
   12 6.395770e-02
   13 6.921281e-02
   14 8.175043e-02
   15 9.984619e-02
   16 1.214222e-01
   17 1.442549e-01
   18 1.666018e-01
   19 1.872063e-01
   20 2.052705e-01
   21 2.203624e-01
   22 2.323276e-01
   23 2.412104e-01
   24 2.471902e-01
   25 2.505327e-01
   26 2.515524e-01
   27 2.505859e-01
   28 2.479714e-01
   29 2.440360e-01
   30 2.390854e-01
   31 2.333989e-01
   32 2.272256e-01
   33 2.207826e-01
   34 2.142556e-01
   35 2.077992e-01
   36 2.015393e-01
   37 1.955746e-01
   38 1.899798e-01
   39 1.848076e-01
   40 1.800919e-01
   41 1.758501e-01
   42 1.720862e-01
   43 1.687927e-01
   44 1.659531e-01
   45 1.635438e-01
   46 1.615362e-01
   47 1.598980e-01
   48 1.585946e-01
   49 1.575910e-01
   50 1.568514e-01
   51 1.563416e-01
   52 1.560281e-01
   53 1.558799e-01
   54 1.558678e-01
   55 1.559654e-01
   56 1.561489e-01
   57 1.563968e-01
   58 1.566906e-01
   59 1.570142e-01
   60 1.573541e-01
   61 1.576989e-01
   62 1.580392e-01
   63 1.583679e-01
   64 1.586793e-01
   65 1.589692e-01
   66 1.592348e-01
   67 1.594745e-01
   68 1.596877e-01
   69 1.598742e-01
   70 1.600348e-01
   71 1.601706e-01
   72 1.602831e-01
   73 1.603741e-01
   74 1.604455e-01
   75 1.604995e-01
   76 1.605380e-01
   77 1.605630e-01
   78 1.605766e-01
   79 1.605805e-01
   80 1.605765e-01
   81 1.605661e-01
   82 1.605508e-01
   83 1.605318e-01
   84 1.605104e-01
   85 1.604873e-01
   86 1.604636e-01
   87 1.604396e-01
   88 1.604161e-01
   89 1.603934e-01
   90 1.603719e-01
   91 1.603518e-01
   92 1.603333e-01
   93 1.603165e-01
   94 1.603015e-01
   95 1.602881e-01
   96 1.602763e-01
   97 1.602661e-01
   98 1.602573e-01
   99 1.602499e-01
  100 1.602438e-01
  101 1.602389e-01
  102 1.602348e-01
  103 1.602316e-01
  104 1.602291e-01
  105 1.602272e-01
  106 1.602260e-01
  107 1.602250e-01
  108 1.602245e-01
  109 1.602242e-01
  110 1.602241e-01
  111 1.602241e-01
  112 1.602242e-01
  113 1.602242e-01
  114 1.602242e-01
  115 1.602241e-01
  116 1.602240e-01
  117 1.602239e-01
  118 1.602236e-01
  119 1.602233e-01
  120 1.757287e-01
  121 1.901959e-01
  122 2.015655e-01
  123 2.095652e-01
  124 2.144261e-01
  125 2.166409e-01
  126 2.167413e-01
  127 2.152296e-01
  128 2.125449e-01
  129 2.090571e-01
  130 2.050695e-01
  131 2.008255e-01
  132 1.965172e-01
  133 1.922919e-01
  134 1.882597e-01
  135 1.844999e-01
  136 1.810657e-01
  137 1.779889e-01
  138 1.752846e-01
  139 1.729539e-01
  140 1.709874e-01
  141 1.693675e-01
  142 1.680708e-01
  143 1.670698e-01
  144 1.663347e-01
  145 1.658346e-01
  146 1.655386e-01
  147 1.654162e-01
  148 1.654387e-01
  149 1.655787e-01
  150 1.658115e-01
  151 1.661147e-01
  152 1.664682e-01
  153 1.668545e-01
  154 1.672587e-01
  155 1.676679e-01
  156 1.680718e-01
  157 1.684621e-01
  158 1.688322e-01
  159 1.691774e-01
  160 1.694941e-01
  161 1.697803e-01
  162 1.700350e-01
  163 1.702581e-01
  164 1.704502e-01
  165 1.706126e-01
  166 1.707470e-01
  167 1.708553e-01
  168 1.709399e-01
  169 1.710031e-01
  170 1.710472e-01
  171 1.710746e-01
  172 1.710877e-01
  173 1.710886e-01
  174 1.710795e-01
  175 1.710623e-01
  176 1.710387e-01
  177 1.710101e-01
  178 1.709779e-01
  179 1.709435e-01
  180 1.709079e-01
  181 1.708718e-01
  182 1.708361e-01
  183 1.708013e-01
  184 1.707678e-01
  185 1.707359e-01
  186 1.707059e-01
  187 1.706779e-01
  188 1.706520e-01
  189 1.706281e-01
  190 1.706063e-01
  191 1.705864e-01
  192 1.705684e-01
  193 1.705523e-01
  194 1.705378e-01
  195 1.705249e-01
  196 1.705133e-01
  197 1.705030e-01
  198 1.704938e-01
  199 1.704855e-01
  200 1.716459e-01
  201 1.724905e-01
  202 1.714803e-01
  203 1.707874e-01
  204 1.704923e-01
  205 1.707777e-01
  206 1.715649e-01
  207 1.727560e-01
  208 1.742320e-01
  209 1.758851e-01
  210 1.776224e-01
  211 1.793694e-01
  212 1.810683e-01
  213 1.826766e-01
  214 1.841641e-01
  215 1.855118e-01
  216 1.867088e-01
  217 1.877516e-01
  218 1.886417e-01
  219 1.893847e-01
  220 1.674834e-01
  221 1.526696e-01
  222 1.419036e-01
  223 1.338983e-01
  224 1.279471e-01
  225 1.236761e-01
  226 1.208335e-01
  227 1.192214e-01
  228 1.186604e-01
  229 1.189803e-01
  230 1.200185e-01
  231 1.216219e-01
  232 1.236494e-01
  233 1.259742e-01
  234 1.284847e-01
  235 1.310851e-01
  236 1.336952e-01
  237 1.362496e-01
  238 1.386967e-01
  239 1.409975e-01
  240 9.660637e-02
  241 5.513745e-02
  242 2.275837e-02
  243 2.832693e-04
  244 -1.297846e-02
  245 -1.849844e-02
  246 -1.786080e-02
  247 -1.255933e-02
  248 -3.896797e-03
  249 7.032938e-03
  250 1.933623e-02
  251 3.229841e-02
  252 4.535985e-02
  253 5.809282e-02
  254 7.018053e-02
  255 8.139864e-02
  256 9.159911e-02
  257 1.006963e-01
  258 1.086547e-01
  259 1.154788e-01
  260 1.212036e-01
  261 1.258875e-01
  262 1.296052e-01
  263 1.324426e-01
  264 1.344919e-01
  265 1.358478e-01
  266 1.366050e-01
  267 1.368550e-01
  268 1.366848e-01
  269 1.361756e-01
  270 1.354015e-01
  271 1.344294e-01
  272 1.333185e-01
  273 1.321203e-01
  274 1.308787e-01
  275 1.296309e-01
  276 1.284068e-01
  277 1.272308e-01
  278 1.261212e-01
  279 1.250917e-01
  280 1.241513e-01
  281 1.233057e-01
  282 1.225569e-01
  283 1.219047e-01
  284 1.213465e-01
  285 1.208781e-01
  286 1.204940e-01
  287 1.201880e-01
  288 1.199529e-01
  289 1.197816e-01
  290 1.196666e-01
  291 1.196007e-01
  292 1.195769e-01
  293 1.195885e-01
  294 1.196293e-01
  295 1.196936e-01
  296 1.197761e-01
  297 1.198723e-01
  298 1.199782e-01
  299 1.200901e-01
  300 1.202051e-01
  301 1.203206e-01
  302 1.204347e-01
  303 1.205456e-01
  304 1.206522e-01
  305 1.207534e-01
  306 1.208486e-01
  307 1.209375e-01
  308 1.210198e-01
  309 1.210956e-01
  310 1.211650e-01
  311 1.212282e-01
  312 1.212856e-01
  313 1.213375e-01
  314 1.213845e-01
  315 1.214269e-01
  316 1.214652e-01
  317 1.214998e-01
  318 1.215313e-01
  319 1.215600e-01
  320 1.215863e-01
  321 1.216106e-01
  322 1.216331e-01
  323 1.216541e-01
  324 1.216740e-01
  325 1.216930e-01
  326 1.217111e-01
  327 1.217287e-01
  328 1.217458e-01
  329 1.217626e-01
  330 1.217792e-01
  331 1.217956e-01
  332 1.218118e-01
  333 1.218279e-01
  334 1.218439e-01
  335 1.218599e-01
  336 1.218758e-01
  337 1.218916e-01
  338 1.219073e-01
  339 1.219229e-01
  340 1.219385e-01
  341 1.219539e-01
  342 1.219691e-01
  343 1.219841e-01
  344 1.219989e-01
  345 1.220135e-01
  346 1.220280e-01
  347 1.220421e-01
  348 1.220560e-01
  349 1.220697e-01
  350 1.220831e-01
  351 1.220962e-01
  352 1.221090e-01
  353 1.221216e-01
  354 1.221339e-01
  355 1.221458e-01
  356 1.221575e-01
  357 1.221689e-01
  358 1.221801e-01
  359 1.221910e-01
  360 1.377075e-01
  361 1.521855e-01
  362 1.635658e-01
  363 1.715760e-01
  364 1.764471e-01
  365 1.786722e-01
  366 1.787826e-01
  367 1.772807e-01
  368 1.746056e-01
  369 1.711273e-01
  370 1.671488e-01
  371 1.629139e-01
  372 1.586143e-01
  373 1.543975e-01
  374 1.503738e-01
  375 1.466223e-01
  376 1.431961e-01
  377 1.401274e-01
  378 1.374309e-01
  379 1.351078e-01
  380 1.331487e-01
  381 1.315360e-01
  382 1.302463e-01
  383 1.292522e-01
  384 1.285239e-01
  385 1.280304e-01
  386 1.277407e-01
  387 1.276246e-01
  388 1.276530e-01
  389 1.277990e-01
  390 1.280376e-01
  391 1.283465e-01
  392 1.287055e-01
  393 1.290972e-01
  394 1.295066e-01
  395 1.299210e-01
  396 1.303300e-01
  397 1.307251e-01
  398 1.311000e-01
  399 1.314497e-01
  400 1.303693e-01
  401 1.296381e-01
  402 1.311017e-01
  403 1.321534e-01
  404 1.326971e-01
  405 1.325147e-01
  406 1.317022e-01
  407 1.303791e-01
  408 1.286902e-01
  409 1.267675e-01
  410 1.247244e-01
  411 1.226530e-01
  412 1.206251e-01
  413 1.186940e-01
  414 1.168977e-01
  415 1.152612e-01
  416 1.137988e-01
  417 1.125167e-01
  418 1.114144e-01
  419 1.104861e-01
  420 1.097225e-01
  421 1.091118e-01
  422 1.086401e-01
  423 1.082929e-01
  424 1.080551e-01
  425 1.079118e-01
  426 1.078485e-01
  427 1.078515e-01
  428 1.079081e-01
  429 1.080067e-01
  430 1.081367e-01
  431 1.082890e-01
  432 1.084555e-01
  433 1.086293e-01
  434 1.088046e-01
  435 1.089768e-01
  436 1.091420e-01
  437 1.092975e-01
  438 1.094410e-01
  439 1.095711e-01
  440 1.772050e-01
  441 2.231788e-01
  442 2.566479e-01
  443 2.815120e-01
  444 2.999303e-01
  445 3.130636e-01
  446 3.217045e-01
  447 3.264828e-01
  448 3.279698e-01
  449 3.267061e-01
  450 3.232071e-01
  451 3.179558e-01
  452 3.113962e-01
  453 3.039268e-01
  454 2.958973e-01
  455 2.876072e-01
  456 2.793068e-01
  457 2.711999e-01
  458 2.634466e-01
  459 2.561676e-01
  460 2.494491e-01
  461 2.433467e-01
  462 2.378902e-01
  463 2.330877e-01
  464 2.289299e-01
  465 2.253934e-01
  466 2.224441e-01
  467 2.200402e-01
  468 2.181350e-01
  469 2.166783e-01
  470 2.156189e-01
  471 2.149059e-01
  472 2.144896e-01
  473 2.143230e-01
  474 2.143620e-01
  475 2.145658e-01
  476 2.148979e-01
  477 2.153254e-01
  478 2.158194e-01
  479 2.163551e-01
  480 2.169115e-01
  481 2.174709e-01
  482 2.180190e-01
  483 2.185445e-01
  484 2.190389e-01
  485 2.194958e-01
  486 2.199112e-01
  487 2.202826e-01
  488 2.206092e-01
  489 2.208912e-01
  490 2.211300e-01
  491 2.213276e-01
  492 2.214867e-01
  493 2.216104e-01
  494 2.217020e-01
  495 2.217648e-01
  496 2.218023e-01
  497 2.218179e-01
  498 2.218149e-01
  499 2.217964e-01
  500 2.217652e-01
  501 2.217239e-01
  502 2.216749e-01
  503 2.216203e-01
  504 2.215619e-01
  505 2.215013e-01
  506 2.214398e-01
  507 2.213785e-01
  508 2.213184e-01
  509 2.212601e-01
  510 2.212042e-01
  511 2.211510e-01
  512 2.211008e-01
  513 2.210538e-01
  514 2.210100e-01
  515 2.209694e-01
  516 2.209318e-01
  517 2.208972e-01
  518 2.208654e-01
  519 2.208362e-01
  520 2.208093e-01
  521 2.207846e-01
  522 2.207619e-01
  523 2.207408e-01
  524 2.207213e-01
  525 2.207031e-01
  526 2.206860e-01
  527 2.206699e-01
  528 2.206546e-01
  529 2.206401e-01
  530 2.206260e-01
  531 2.206125e-01
  532 2.205993e-01
  533 2.205864e-01
  534 2.205738e-01
  535 2.205613e-01
  536 2.205491e-01
  537 2.205369e-01
  538 2.205249e-01
  539 2.205130e-01
  540 2.205011e-01
  541 2.204894e-01
  542 2.204778e-01
  543 2.204662e-01
  544 2.204547e-01
  545 2.204434e-01
  546 2.204321e-01
  547 2.204210e-01
  548 2.204101e-01
  549 2.203993e-01
  550 2.203886e-01
  551 2.203781e-01
  552 2.203678e-01
  553 2.203577e-01
  554 2.203478e-01
  555 2.203382e-01
  556 2.203287e-01
  557 2.203194e-01
  558 2.203104e-01
  559 2.203016e-01
  560 2.202930e-01
  561 2.202846e-01
  562 2.202764e-01
  563 2.202684e-01
  564 2.202605e-01
  565 2.202528e-01
  566 2.202453e-01
  567 2.202379e-01
  568 2.202307e-01
  569 2.202237e-01
  570 2.202168e-01
  571 2.202101e-01
  572 2.202035e-01
  573 2.201970e-01
  574 2.201907e-01
  575 2.201846e-01
  576 2.201786e-01
  577 2.201727e-01
  578 2.201669e-01
  579 2.201613e-01
  580 2.201557e-01
  581 2.201503e-01
  582 2.201451e-01
  583 2.201399e-01
  584 2.201349e-01
  585 2.201299e-01
  586 2.201251e-01
  587 2.201204e-01
  588 2.201158e-01
  589 2.201113e-01
  590 2.201070e-01
  591 2.201027e-01
  592 2.200986e-01
  593 2.200946e-01
  594 2.200906e-01
  595 2.200868e-01
  596 2.200831e-01
  597 2.200794e-01
  598 2.200759e-01
  599 2.200725e-01
  600 2.210036e-01
  601 2.216814e-01
  602 2.208751e-01
  603 2.203224e-01
  604 2.200876e-01
  605 2.203172e-01
  606 2.209482e-01
  607 2.219022e-01
  608 2.230841e-01
  609 2.244078e-01
  610 2.257989e-01
  611 2.271978e-01
  612 2.285582e-01
  613 2.298460e-01
  614 2.310372e-01
  615 2.321164e-01
  616 2.330752e-01
  617 2.339106e-01
  618 2.346239e-01
  619 2.352195e-01
  620 2.357044e-01
  621 2.360871e-01
  622 2.363773e-01
  623 2.365851e-01
  624 2.367209e-01
  625 2.367948e-01
  626 2.368165e-01
  627 2.367955e-01
  628 2.367400e-01
  629 2.366581e-01
  630 2.365565e-01
  631 2.364414e-01
  632 2.363182e-01
  633 2.361912e-01
  634 2.360644e-01
  635 2.359406e-01
  636 2.358224e-01
  637 2.357115e-01
  638 2.356093e-01
  639 2.355166e-01
  640 2.354339e-01
  641 2.353614e-01
  642 2.352989e-01
  643 2.352461e-01
  644 2.352025e-01
  645 2.351675e-01
  646 2.351404e-01
  647 2.351204e-01
  648 2.351068e-01
  649 2.350988e-01
  650 2.350956e-01
  651 2.350965e-01
  652 2.351008e-01
  653 2.351079e-01
  654 2.351171e-01
  655 2.351280e-01
  656 2.351400e-01
  657 2.351527e-01
  658 2.351659e-01
  659 2.351792e-01
  660 2.126863e-01
  661 1.974083e-01
  662 1.862932e-01
  663 1.780412e-01
  664 1.719327e-01
  665 1.675809e-01
  666 1.647219e-01
  667 1.631461e-01
  668 1.626636e-01
  669 1.630944e-01
  670 1.642672e-01
  671 1.660215e-01
  672 1.682095e-01
  673 1.706988e-01
  674 1.733732e-01
  675 1.761332e-01
  676 1.788956e-01
  677 1.815928e-01
  678 1.841716e-01
  679 1.865920e-01
  680 1.888254e-01
  681 1.908533e-01
  682 1.926661e-01
  683 1.942610e-01
  684 1.956413e-01
  685 1.968148e-01
  686 1.977929e-01
  687 1.985895e-01
  688 1.992203e-01
  689 1.997019e-01
  690 2.000515e-01
  691 2.002859e-01
  692 2.004217e-01
  693 2.004746e-01
  694 2.004593e-01
  695 2.003892e-01
  696 2.002767e-01
  697 2.001325e-01
  698 1.999664e-01
  699 1.997864e-01
  700 1.995998e-01
  701 1.994122e-01
  702 1.992285e-01
  703 1.990524e-01
  704 1.988867e-01
  705 1.987336e-01
  706 1.985943e-01
  707 1.984698e-01
  708 1.983602e-01
  709 1.982655e-01
  710 1.981852e-01
  711 1.981187e-01
  712 1.980649e-01
  713 1.980230e-01
  714 1.979919e-01
  715 1.979703e-01
  716 1.979571e-01
  717 1.979512e-01
  718 1.979515e-01
  719 1.979571e-01
  720 1.979668e-01
  721 1.979799e-01
  722 1.979956e-01
  723 1.980132e-01
  724 1.980321e-01
  725 1.980516e-01
  726 1.980715e-01
  727 1.980914e-01
  728 1.981108e-01
  729 1.981297e-01
  730 1.981478e-01
  731 1.981650e-01
  732 1.981812e-01
  733 1.981963e-01
  734 1.982104e-01
  735 1.982235e-01
  736 1.982355e-01
  737 1.982466e-01
  738 1.982568e-01
  739 1.982661e-01
  740 1.982746e-01
  741 1.982824e-01
  742 1.982896e-01
  743 1.982962e-01
  744 1.983024e-01
  745 1.983081e-01
  746 1.983134e-01
  747 1.983184e-01
  748 1.983232e-01
  749 1.983277e-01
  750 1.983320e-01
  751 1.983362e-01
  752 1.983403e-01
  753 1.983443e-01
  754 1.983483e-01
  755 1.983521e-01
  756 1.983559e-01
  757 1.983597e-01
  758 1.983634e-01
  759 1.983671e-01
  760 1.983708e-01
  761 1.983745e-01
  762 1.983781e-01
  763 1.983817e-01
  764 1.983853e-01
  765 1.983889e-01
  766 1.983924e-01
  767 1.983959e-01
  768 1.983993e-01
  769 1.984027e-01
  770 1.984061e-01
  771 1.984094e-01
  772 1.984126e-01
  773 1.984158e-01
  774 1.984189e-01
  775 1.984220e-01
  776 1.984250e-01
  777 1.984280e-01
  778 1.984309e-01
  779 1.984337e-01
  780 1.984365e-01
  781 1.984392e-01
  782 1.984418e-01
  783 1.984444e-01
  784 1.984469e-01
  785 1.984494e-01
  786 1.984518e-01
  787 1.984541e-01
  788 1.984564e-01
  789 1.984586e-01
  790 1.984608e-01
  791 1.984629e-01
  792 1.984650e-01
  793 1.984670e-01
  794 1.984690e-01
  795 1.984709e-01
  796 1.984727e-01
  797 1.984745e-01
  798 1.984763e-01
  799 1.984780e-01
  800 1.984797e-01
