    1     0
    2     0
    3     0
    4     0
    5     0
    6     0
    7     0
    8     0
    9     0
   10 8.668178e-01
   11 8.505183e-01
   12 8.855343e-01
   13 8.297958e-01
   14 7.765051e-01
   15 7.188852e-01
   16 6.664929e-01
   17 6.191524e-01
   18 5.776000e-01
   19 5.415793e-01
   20 5.108346e-01
   21 4.849794e-01
   22 4.635942e-01
   23 4.462252e-01
   24 4.324051e-01
   25 4.216659e-01
   26 4.135524e-01
   27 4.076330e-01
   28 4.035102e-01
   29 4.008244e-01
   30 3.992588e-01
   31 3.985400e-01
   32 3.984375e-01
   33 3.987617e-01
   34 3.993601e-01
   35 4.001130e-01
   36 4.009299e-01
   37 4.017451e-01
   38 4.025120e-01
   39 4.032020e-01
   40 4.037986e-01
   41 4.042957e-01
   42 4.046929e-01
   43 4.049970e-01
   44 4.052162e-01
   45 4.053612e-01
   46 4.054429e-01
   47 4.054733e-01
   48 4.054629e-01
   49 4.054207e-01
   50 4.053556e-01
   51 4.052746e-01
   52 4.051839e-01
   53 4.050875e-01
   54 4.049902e-01
   55 4.048939e-01
   56 4.048005e-01
   57 4.047123e-01
   58 4.046289e-01
   59 4.045518e-01
   60 4.044796e-01
   61 4.044132e-01
   62 4.043519e-01
   63 4.042952e-01
   64 4.042427e-01
   65 4.041940e-01
   66 4.041485e-01
   67 4.041056e-01
   68 4.040647e-01
   69 4.040263e-01
   70 4.039896e-01
   71 4.039542e-01
   72 4.039201e-01
   73 4.038875e-01
   74 4.038557e-01
   75 4.038247e-01
   76 4.037942e-01
   77 4.037648e-01
   78 4.037359e-01
   79 4.037076e-01
   80 4.036803e-01
   81 4.036537e-01
   82 4.036275e-01
   83 4.036019e-01
   84 4.035768e-01
   85 4.035526e-01
   86 4.035285e-01
   87 4.035054e-01
   88 4.034830e-01
   89 4.034613e-01
   90 4.034400e-01
   91 4.034193e-01
   92 4.033992e-01
   93 4.033793e-01
   94 4.033602e-01
   95 4.033415e-01
   96 4.033238e-01
   97 4.033063e-01
   98 4.032892e-01
   99 4.032724e-01
  100 4.032561e-01
  101 4.032400e-01
  102 4.032246e-01
  103 4.032096e-01
  104 4.031950e-01
  105 4.031807e-01
  106 4.031665e-01
  107 4.031528e-01
  108 4.031395e-01
  109 4.031264e-01
  110 4.031136e-01
  111 4.031011e-01
  112 4.030892e-01
  113 4.030777e-01
  114 4.030663e-01
  115 4.030553e-01
  116 4.030441e-01
  117 4.030333e-01
  118 4.030230e-01
  119 4.030128e-01
  120 3.561207e-01
  121 3.383585e-01
  122 3.286800e-01
  123 3.253434e-01
  124 3.251994e-01
  125 3.272732e-01
  126 3.307252e-01
  127 3.350380e-01
  128 3.398003e-01
  129 3.447032e-01
  130 3.495121e-01
  131 3.540582e-01
  132 3.582273e-01
  133 3.619518e-01
  134 3.652003e-01
  135 3.679703e-01
  136 3.702808e-01
  137 3.721653e-01
  138 3.736669e-01
  139 3.748329e-01
  140 3.757126e-01
  141 3.763536e-01
  142 3.768013e-01
  143 3.770954e-01
  144 3.772718e-01
  145 3.773609e-01
  146 3.773880e-01
  147 3.773744e-01
  148 3.773359e-01
  149 3.772856e-01
  150 3.772322e-01
  151 3.771823e-01
  152 3.771402e-01
  153 3.771084e-01
  154 3.770881e-01
  155 3.770792e-01
  156 3.770812e-01
  157 3.770924e-01
  158 3.771123e-01
  159 3.771388e-01
  160 3.771710e-01
  161 3.772071e-01
  162 3.772462e-01
  163 3.772868e-01
  164 3.773284e-01
  165 3.773699e-01
  166 3.774105e-01
  167 3.774505e-01
  168 3.774888e-01
  169 3.775255e-01
  170 3.775605e-01
  171 3.775940e-01
  172 3.776254e-01
  173 3.776551e-01
  174 3.776828e-01
  175 3.777091e-01
  176 3.777341e-01
  177 3.777580e-01
  178 3.777804e-01
  179 3.778017e-01
  180 3.778217e-01
  181 3.778406e-01
  182 3.778587e-01
  183 3.778759e-01
  184 3.778925e-01
  185 3.779085e-01
  186 3.779238e-01
  187 3.779385e-01
  188 3.779527e-01
  189 3.779663e-01
  190 3.779799e-01
  191 3.779927e-01
  192 3.780050e-01
  193 3.780165e-01
  194 3.780275e-01
  195 3.780380e-01
  196 3.780479e-01
  197 3.780572e-01
  198 3.780659e-01
  199 3.780743e-01
  200 3.393723e-01
  201 3.832510e-01
  202 3.863410e-01
  203 3.932641e-01
  204 3.949914e-01
  205 3.959789e-01
  206 3.958487e-01
  207 3.952166e-01
  208 3.942167e-01
  209 3.930213e-01
  210 3.917222e-01
  211 3.903897e-01
  212 3.890994e-01
  213 3.878879e-01
  214 3.867817e-01
  215 3.857938e-01
  216 3.849294e-01
  217 3.841869e-01
  218 3.835601e-01
  219 3.830398e-01
  220 3.512488e-01
  221 3.499979e-01
  222 3.540678e-01
  223 3.601502e-01
  224 3.652419e-01
  225 3.689811e-01
  226 3.713137e-01
  227 3.724827e-01
  228 3.727505e-01
  229 3.723694e-01
  230 3.715518e-01
  231 3.704689e-01
  232 3.692529e-01
  233 3.680017e-01
  234 3.667853e-01
  235 3.656505e-01
  236 3.646258e-01
  237 3.637257e-01
  238 3.629541e-01
  239 3.623077e-01
  240 5.024244e-01
  241 5.552563e-01
  242 5.839300e-01
  243 5.936555e-01
  244 5.938691e-01
  245 5.874816e-01
  246 5.770009e-01
  247 5.639691e-01
  248 5.496124e-01
  249 5.348495e-01
  250 5.203787e-01
  251 5.067024e-01
  252 4.941597e-01
  253 4.829527e-01
  254 4.731732e-01
  255 4.648273e-01
  256 4.578578e-01
  257 4.521637e-01
  258 4.476164e-01
  259 4.440731e-01
  260 4.413872e-01
  261 4.394159e-01
  262 4.380253e-01
  263 4.370944e-01
  264 4.365169e-01
  265 4.362014e-01
  266 4.360719e-01
  267 4.360666e-01
  268 4.361364e-01
  269 4.362438e-01
  270 4.363614e-01
  271 4.364697e-01
  272 4.365560e-01
  273 4.366129e-01
  274 4.366372e-01
  275 4.366286e-01
  276 4.365890e-01
  277 4.365215e-01
  278 4.364303e-01
  279 4.363195e-01
  280 4.361934e-01
  281 4.360561e-01
  282 4.359114e-01
  283 4.357626e-01
  284 4.356124e-01
  285 4.354630e-01
  286 4.353161e-01
  287 4.351733e-01
  288 4.350353e-01
  289 4.349030e-01
  290 4.347765e-01
  291 4.346561e-01
  292 4.345417e-01
  293 4.344333e-01
  294 4.343305e-01
  295 4.342330e-01
  296 4.341406e-01
  297 4.340528e-01
  298 4.339694e-01
  299 4.338899e-01
  300 4.338141e-01
  301 4.337417e-01
  302 4.336725e-01
  303 4.336063e-01
  304 4.335429e-01
  305 4.334820e-01
  306 4.334234e-01
  307 4.333671e-01
  308 4.333128e-01
  309 4.332606e-01
  310 4.332103e-01
  311 4.331618e-01
  312 4.331150e-01
  313 4.330700e-01
  314 4.330266e-01
  315 4.329849e-01
  316 4.329447e-01
  317 4.329059e-01
  318 4.328678e-01
  319 4.328302e-01
  320 4.327939e-01
  321 4.327604e-01
  322 4.327275e-01
  323 4.326952e-01
  324 4.326635e-01
  325 4.326324e-01
  326 4.326021e-01
  327 4.325725e-01
  328 4.325438e-01
  329 4.325159e-01
  330 4.324888e-01
  331 4.324626e-01
  332 4.324372e-01
  333 4.324129e-01
  334 4.323893e-01
  335 4.323665e-01
  336 4.323444e-01
  337 4.323232e-01
  338 4.323026e-01
  339 4.322827e-01
  340 4.322635e-01
  341 4.322448e-01
  342 4.322268e-01
  343 4.322092e-01
  344 4.321922e-01
  345 4.321756e-01
  346 4.321594e-01
  347 4.321437e-01
  348 4.321284e-01
  349 4.321135e-01
  350 4.320990e-01
  351 4.320848e-01
  352 4.320709e-01
  353 4.320573e-01
  354 4.320441e-01
  355 4.320313e-01
  356 4.320188e-01
  357 4.320066e-01
  358 4.319947e-01
  359 4.319831e-01
  360 3.850895e-01
  361 3.673261e-01
  362 3.576461e-01
  363 3.543085e-01
  364 3.541631e-01
  365 3.562357e-01
  366 3.596866e-01
  367 3.639982e-01
  368 3.687593e-01
  369 3.736611e-01
  370 3.784691e-01
  371 3.830144e-01
  372 3.871830e-01
  373 3.909066e-01
  374 3.941542e-01
  375 3.969234e-01
  376 3.992329e-01
  377 4.011166e-01
  378 4.026173e-01
  379 4.037827e-01
  380 4.046618e-01
  381 4.053023e-01
  382 4.057491e-01
  383 4.060424e-01
  384 4.062181e-01
  385 4.063067e-01
  386 4.063335e-01
  387 4.063192e-01
  388 4.062802e-01
  389 4.062291e-01
  390 4.061750e-01
  391 4.061246e-01
  392 4.060820e-01
  393 4.060496e-01
  394 4.060285e-01
  395 4.060188e-01
  396 4.060199e-01
  397 4.060306e-01
  398 4.060499e-01
  399 4.060764e-01
  400 4.525603e-01
  401 3.999505e-01
  402 3.962893e-01
  403 3.880291e-01
  404 3.860034e-01
  405 3.848645e-01
  406 3.850655e-01
  407 3.858689e-01
  408 3.871170e-01
  409 3.886047e-01
  410 3.902118e-01
  411 3.918414e-01
  412 3.934257e-01
  413 3.949165e-01
  414 3.962831e-01
  415 3.975080e-01
  416 3.985841e-01
  417 3.995125e-01
  418 4.003003e-01
  419 4.009583e-01
  420 4.014997e-01
  421 4.019387e-01
  422 4.022895e-01
  423 4.025665e-01
  424 4.027826e-01
  425 4.029498e-01
  426 4.030785e-01
  427 4.031776e-01
  428 4.032544e-01
  429 4.033153e-01
  430 4.033649e-01
  431 4.034072e-01
  432 4.034447e-01
  433 4.034793e-01
  434 4.035124e-01
  435 4.035448e-01
  436 4.035771e-01
  437 4.036103e-01
  438 4.036458e-01
  439 4.036844e-01
  440 4.978217e-01
  441 5.005847e-01
  442 4.876006e-01
  443 4.687598e-01
  444 4.530394e-01
  445 4.414949e-01
  446 4.342628e-01
  447 4.305919e-01
  448 4.296763e-01
  449 4.307439e-01
  450 4.331452e-01
  451 4.363577e-01
  452 4.399782e-01
  453 4.437072e-01
  454 4.473317e-01
  455 4.507092e-01
  456 4.537531e-01
  457 4.564194e-01
  458 4.586964e-01
  459 4.605950e-01
  460 4.621416e-01
  461 4.633717e-01
  462 4.643260e-01
  463 4.650466e-01
  464 4.655743e-01
  465 4.659471e-01
  466 4.661994e-01
  467 4.663609e-01
  468 4.664568e-01
  469 4.665079e-01
  470 4.665309e-01
  471 4.665388e-01
  472 4.665410e-01
  473 4.665445e-01
  474 4.665540e-01
  475 4.665720e-01
  476 4.665998e-01
  477 4.666378e-01
  478 4.666855e-01
  479 4.667418e-01
  480 4.668055e-01
  481 4.668751e-01
  482 4.669492e-01
  483 4.670262e-01
  484 4.671051e-01
  485 4.671846e-01
  486 4.672637e-01
  487 4.673418e-01
  488 4.674182e-01
  489 4.674924e-01
  490 4.675640e-01
  491 4.676329e-01
  492 4.676990e-01
  493 4.677621e-01
  494 4.678223e-01
  495 4.678797e-01
  496 4.679344e-01
  497 4.679865e-01
  498 4.680361e-01
  499 4.680834e-01
  500 4.681286e-01
  501 4.681717e-01
  502 4.682129e-01
  503 4.682524e-01
  504 4.682901e-01
  505 4.683262e-01
  506 4.683609e-01
  507 4.683943e-01
  508 4.684264e-01
  509 4.684572e-01
  510 4.684869e-01
  511 4.685156e-01
  512 4.685432e-01
  513 4.685697e-01
  514 4.685953e-01
  515 4.686201e-01
  516 4.686439e-01
  517 4.686669e-01
  518 4.686892e-01
  519 4.687107e-01
  520 4.687314e-01
  521 4.687514e-01
  522 4.687708e-01
  523 4.687895e-01
  524 4.688076e-01
  525 4.688250e-01
  526 4.688420e-01
  527 4.688584e-01
  528 4.688741e-01
  529 4.688893e-01
  530 4.689041e-01
  531 4.689185e-01
  532 4.689324e-01
  533 4.689458e-01
  534 4.689589e-01
  535 4.689715e-01
  536 4.689838e-01
  537 4.689957e-01
  538 4.690072e-01
  539 4.690183e-01
  540 4.690290e-01
  541 4.690396e-01
  542 4.690498e-01
  543 4.690598e-01
  544 4.690694e-01
  545 4.690789e-01
  546 4.690880e-01
  547 4.690969e-01
  548 4.691057e-01
  549 4.691142e-01
  550 4.691226e-01
  551 4.691307e-01
  552 4.691387e-01
  553 4.691466e-01
  554 4.691545e-01
  555 4.691623e-01
  556 4.691702e-01
  557 4.691777e-01
  558 4.691845e-01
  559 4.691902e-01
  560 4.691957e-01
  561 4.692029e-01
  562 4.692093e-01
  563 4.692152e-01
  564 4.692205e-01
  565 4.692253e-01
  566 4.692296e-01
  567 4.692335e-01
  568 4.692373e-01
  569 4.692410e-01
  570 4.692445e-01
  571 4.692481e-01
  572 4.692518e-01
  573 4.692554e-01
  574 4.692591e-01
  575 4.692627e-01
  576 4.692664e-01
  577 4.692702e-01
  578 4.692739e-01
  579 4.692777e-01
  580 4.692814e-01
  581 4.692851e-01
  582 4.692887e-01
  583 4.692923e-01
  584 4.692958e-01
  585 4.692992e-01
  586 4.693026e-01
  587 4.693059e-01
  588 4.693091e-01
  589 4.693123e-01
  590 4.693154e-01
  591 4.693184e-01
  592 4.693214e-01
  593 4.693242e-01
  594 4.693271e-01
  595 4.693301e-01
  596 4.693330e-01
  597 4.693358e-01
  598 4.693384e-01
  599 4.693406e-01
  600 4.383748e-01
  601 4.734744e-01
  602 4.759433e-01
  603 4.814793e-01
  604 4.828592e-01
  605 4.836478e-01
  606 4.835428e-01
  607 4.830354e-01
  608 4.822305e-01
  609 4.812648e-01
  610 4.802182e-01
  611 4.791553e-01
  612 4.781215e-01
  613 4.771487e-01
  614 4.762577e-01
  615 4.754600e-01
  616 4.747605e-01
  617 4.741584e-01
  618 4.736493e-01
  619 4.732259e-01
  620 4.728798e-01
  621 4.726012e-01
  622 4.723807e-01
  623 4.722087e-01
  624 4.720768e-01
  625 4.719770e-01
  626 4.719025e-01
  627 4.718473e-01
  628 4.718066e-01
  629 4.717761e-01
  630 4.717528e-01
  631 4.717340e-01
  632 4.717180e-01
  633 4.717034e-01
  634 4.716892e-01
  635 4.716751e-01
  636 4.716606e-01
  637 4.716455e-01
  638 4.716297e-01
  639 4.716129e-01
  640 4.715952e-01
  641 4.715772e-01
  642 4.715595e-01
  643 4.715420e-01
  644 4.715244e-01
  645 4.715068e-01
  646 4.714894e-01
  647 4.714722e-01
  648 4.714554e-01
  649 4.714390e-01
  650 4.714233e-01
  651 4.714083e-01
  652 4.713940e-01
  653 4.713805e-01
  654 4.713678e-01
  655 4.713558e-01
  656 4.713446e-01
  657 4.713341e-01
  658 4.713243e-01
  659 4.713151e-01
  660 4.399401e-01
  661 4.390222e-01
  662 4.433542e-01
  663 4.496391e-01
  664 4.548846e-01
  665 4.587386e-01
  666 4.611553e-01
  667 4.623851e-01
  668 4.626962e-01
  669 4.623462e-01
  670 4.615513e-01
  671 4.604857e-01
  672 4.592837e-01
  673 4.580452e-01
  674 4.568411e-01
  675 4.557190e-01
  676 4.547078e-01
  677 4.538221e-01
  678 4.530659e-01
  679 4.524356e-01
  680 4.519225e-01
  681 4.515146e-01
  682 4.511985e-01
  683 4.509602e-01
  684 4.507861e-01
  685 4.506635e-01
  686 4.505810e-01
  687 4.505287e-01
  688 4.504982e-01
  689 4.504826e-01
  690 4.504764e-01
  691 4.504751e-01
  692 4.504757e-01
  693 4.504757e-01
  694 4.504738e-01
  695 4.504690e-01
  696 4.504609e-01
  697 4.504494e-01
  698 4.504346e-01
  699 4.504169e-01
  700 4.503967e-01
  701 4.503745e-01
  702 4.503508e-01
  703 4.503260e-01
  704 4.503007e-01
  705 4.502750e-01
  706 4.502495e-01
  707 4.502242e-01
  708 4.501996e-01
  709 4.501756e-01
  710 4.501524e-01
  711 4.501302e-01
  712 4.501088e-01
  713 4.500885e-01
  714 4.500690e-01
  715 4.500505e-01
  716 4.500329e-01
  717 4.500161e-01
  718 4.500001e-01
  719 4.499849e-01
  720 4.499704e-01
  721 4.499565e-01
  722 4.499432e-01
  723 4.499306e-01
  724 4.499185e-01
  725 4.499069e-01
  726 4.498957e-01
  727 4.498850e-01
  728 4.498748e-01
  729 4.498649e-01
  730 4.498554e-01
  731 4.498462e-01
  732 4.498374e-01
  733 4.498289e-01
  734 4.498208e-01
  735 4.498129e-01
  736 4.498053e-01
  737 4.497979e-01
  738 4.497908e-01
  739 4.497840e-01
  740 4.497774e-01
  741 4.497710e-01
  742 4.497648e-01
  743 4.497589e-01
  744 4.497531e-01
  745 4.497476e-01
  746 4.497422e-01
  747 4.497370e-01
  748 4.497320e-01
  749 4.497271e-01
  750 4.497224e-01
  751 4.497178e-01
  752 4.497134e-01
  753 4.497091e-01
  754 4.497050e-01
  755 4.497009e-01
  756 4.496970e-01
  757 4.496932e-01
  758 4.496896e-01
  759 4.496860e-01
  760 4.496826e-01
  761 4.496792e-01
  762 4.496760e-01
  763 4.496728e-01
  764 4.496697e-01
  765 4.496667e-01
  766 4.496638e-01
  767 4.496610e-01
  768 4.496583e-01
  769 4.496556e-01
  770 4.496530e-01
  771 4.496505e-01
  772 4.496481e-01
  773 4.496457e-01
  774 4.496434e-01
  775 4.496411e-01
  776 4.496389e-01
  777 4.496368e-01
  778 4.496347e-01
  779 4.496327e-01
  780 4.496307e-01
  781 4.496288e-01
  782 4.496270e-01
  783 4.496251e-01
  784 4.496233e-01
  785 4.496216e-01
  786 4.496199e-01
  787 4.496182e-01
  788 4.496166e-01
  789 4.496150e-01
  790 4.496134e-01
  791 4.496119e-01
  792 4.496103e-01
  793 4.496088e-01
  794 4.496073e-01
  795 4.496058e-01
  796 4.496042e-01
  797 4.496027e-01
  798 4.496014e-01
  799 4.496003e-01
  800 4.495992e-01
