    1     0
    2     0
    3     0
    4     0
    5     0
    6     0
    7     0
    8     0
    9     0
   10 4.677601e-02
   11 7.126487e-02
   12 8.207817e-02
   13 8.456439e-02
   14 8.195202e-02
   15 7.629180e-02
   16 6.890497e-02
   17 6.066666e-02
   18 5.216478e-02
   19 4.379730e-02
   20 3.583163e-02
   21 2.844274e-02
   22 2.173829e-02
   23 1.577615e-02
   24 1.057703e-02
   25 6.133794e-03
   26 2.418925e-03
   27 -6.099434e-04
   28 -3.005197e-03
   29 -4.825563e-03
   30 -6.133313e-03
   31 -6.991742e-03
   32 -7.463289e-03
   33 -7.608010e-03
   34 -7.482587e-03
   35 -7.139547e-03
   36 -6.626844e-03
   37 -5.987363e-03
   38 -5.259131e-03
   39 -4.474986e-03
   40 -3.663040e-03
   41 -2.846683e-03
   42 -2.045240e-03
   43 -1.273849e-03
   44 -5.443147e-04
   45 1.348403e-04
   46 7.578437e-04
   47 1.321267e-03
   48 1.823784e-03
   49 2.265458e-03
   50 2.648017e-03
   51 2.973984e-03
   52 3.246882e-03
   53 3.470598e-03
   54 3.649562e-03
   55 3.788264e-03
   56 3.891270e-03
   57 3.963211e-03
   58 4.008441e-03
   59 4.031144e-03
   60 4.035089e-03
   61 4.023905e-03
   62 4.000870e-03
   63 3.968721e-03
   64 3.930073e-03
   65 3.887212e-03
   66 3.841848e-03
   67 3.795612e-03
   68 3.749673e-03
   69 3.705182e-03
   70 3.662912e-03
   71 3.623388e-03
   72 3.587037e-03
   73 3.554161e-03
   74 3.524829e-03
   75 3.499022e-03
   76 3.476685e-03
   77 3.457722e-03
   78 3.441877e-03
   79 3.428955e-03
   80 3.418690e-03
   81 3.410838e-03
   82 3.405070e-03
   83 3.401122e-03
   84 3.398721e-03
   85 3.397696e-03
   86 3.397692e-03
   87 3.398628e-03
   88 3.400241e-03
   89 3.402372e-03
   90 3.404826e-03
   91 3.407522e-03
   92 3.410366e-03
   93 3.413195e-03
   94 3.415955e-03
   95 3.418628e-03
   96 3.421213e-03
   97 3.423541e-03
   98 3.425706e-03
   99 3.427620e-03
  100 3.429274e-03
  101 3.430689e-03
  102 3.431949e-03
  103 3.432988e-03
  104 3.433803e-03
  105 3.434463e-03
  106 3.434887e-03
  107 3.435193e-03
  108 3.435338e-03
  109 3.435368e-03
  110 3.435295e-03
  111 3.435106e-03
  112 3.434884e-03
  113 3.434656e-03
  114 3.434354e-03
  115 3.434077e-03
  116 3.433704e-03
  117 3.433325e-03
  118 3.432989e-03
  119 3.432646e-03
  120 -6.316285e-03
  121 -1.375338e-02
  122 -1.948278e-02
  123 -2.389582e-02
  124 -2.725897e-02
  125 -2.976696e-02
  126 -3.157053e-02
  127 -3.279226e-02
  128 -3.353518e-02
  129 -3.388786e-02
  130 -3.392720e-02
  131 -3.372003e-02
  132 -3.332447e-02
  133 -3.279058e-02
  134 -3.216112e-02
  135 -3.147228e-02
  136 -3.075408e-02
  137 -3.003104e-02
  138 -2.932284e-02
  139 -2.864467e-02
  140 -2.800786e-02
  141 -2.742049e-02
  142 -2.688758e-02
  143 -2.641199e-02
  144 -2.599443e-02
  145 -2.563409e-02
  146 -2.532892e-02
  147 -2.507575e-02
  148 -2.487093e-02
  149 -2.471011e-02
  150 -2.458893e-02
  151 -2.450279e-02
  152 -2.444712e-02
  153 -2.441752e-02
  154 -2.440975e-02
  155 -2.441990e-02
  156 -2.444437e-02
  157 -2.447999e-02
  158 -2.452376e-02
  159 -2.457322e-02
  160 -2.462606e-02
  161 -2.468053e-02
  162 -2.473498e-02
  163 -2.478824e-02
  164 -2.483924e-02
  165 -2.488734e-02
  166 -2.493197e-02
  167 -2.497271e-02
  168 -2.500945e-02
  169 -2.504212e-02
  170 -2.507076e-02
  171 -2.509539e-02
  172 -2.511633e-02
  173 -2.513380e-02
  174 -2.514810e-02
  175 -2.515951e-02
  176 -2.516834e-02
  177 -2.517480e-02
  178 -2.517930e-02
  179 -2.518214e-02
  180 -2.518360e-02
  181 -2.518393e-02
  182 -2.518336e-02
  183 -2.518211e-02
  184 -2.518035e-02
  185 -2.517823e-02
  186 -2.517590e-02
  187 -2.517348e-02
  188 -2.517105e-02
  189 -2.516870e-02
  190 -2.516638e-02
  191 -2.516427e-02
  192 -2.516239e-02
  193 -2.516078e-02
  194 -2.515943e-02
  195 -2.515836e-02
  196 -2.515756e-02
  197 -2.515703e-02
  198 -2.515674e-02
  199 -2.515668e-02
  200 -2.229290e-02
  201 -2.025393e-02
  202 -1.876521e-02
  203 -1.769396e-02
  204 -1.694289e-02
  205 -1.644665e-02
  206 -1.615485e-02
  207 -1.602740e-02
  208 -1.603094e-02
  209 -1.613709e-02
  210 -1.632155e-02
  211 -1.656337e-02
  212 -1.684476e-02
  213 -1.715070e-02
  214 -1.746870e-02
  215 -1.778849e-02
  216 -1.810188e-02
  217 -1.840245e-02
  218 -1.868539e-02
  219 -1.894727e-02
  220 -1.597108e-02
  221 -1.242107e-02
  222 -8.777575e-03
  223 -5.305876e-03
  224 -2.144328e-03
  225 6.421720e-04
  226 3.032504e-03
  227 5.031541e-03
  228 6.659595e-03
  229 7.945837e-03
  230 8.924144e-03
  231 9.630372e-03
  232 1.010054e-02
  233 1.036962e-02
  234 1.047071e-02
  235 1.043455e-02
  236 1.028914e-02
  237 1.005961e-02
  238 9.768160e-03
  239 9.434108e-03
  240 3.831981e-02
  241 6.025765e-02
  242 7.707183e-02
  243 8.994528e-02
  244 9.968490e-02
  245 1.068802e-01
  246 1.119872e-01
  247 1.153760e-01
  248 1.173572e-01
  249 1.181967e-01
  250 1.181249e-01
  251 1.173412e-01
  252 1.160184e-01
  253 1.143051e-01
  254 1.123275e-01
  255 1.101919e-01
  256 1.079862e-01
  257 1.057819e-01
  258 1.036354e-01
  259 1.015905e-01
  260 9.967911e-02
  261 9.792358e-02
  262 9.633768e-02
  263 9.492822e-02
  264 9.369620e-02
  265 9.263800e-02
  266 9.174633e-02
  267 9.101125e-02
  268 9.042084e-02
  269 8.996194e-02
  270 8.962071e-02
  271 8.938313e-02
  272 8.923532e-02
  273 8.916391e-02
  274 8.915623e-02
  275 8.920052e-02
  276 8.928601e-02
  277 8.940299e-02
  278 8.954290e-02
  279 8.969817e-02
  280 8.986239e-02
  281 9.003010e-02
  282 9.019684e-02
  283 9.035898e-02
  284 9.051371e-02
  285 9.065892e-02
  286 9.079312e-02
  287 9.091537e-02
  288 9.102519e-02
  289 9.112247e-02
  290 9.120742e-02
  291 9.128050e-02
  292 9.134235e-02
  293 9.139376e-02
  294 9.143561e-02
  295 9.146884e-02
  296 9.149439e-02
  297 9.151322e-02
  298 9.152624e-02
  299 9.153435e-02
  300 9.153839e-02
  301 9.153910e-02
  302 9.153720e-02
  303 9.153331e-02
  304 9.152799e-02
  305 9.152171e-02
  306 9.151487e-02
  307 9.150782e-02
  308 9.150085e-02
  309 9.149419e-02
  310 9.148800e-02
  311 9.148243e-02
  312 9.147755e-02
  313 9.147342e-02
  314 9.147008e-02
  315 9.146753e-02
  316 9.146576e-02
  317 9.146474e-02
  318 9.146442e-02
  319 9.146476e-02
  320 9.146568e-02
  321 9.146712e-02
  322 9.146900e-02
  323 9.147125e-02
  324 9.147382e-02
  325 9.147665e-02
  326 9.147970e-02
  327 9.148291e-02
  328 9.148624e-02
  329 9.148965e-02
  330 9.149310e-02
  331 9.149656e-02
  332 9.150003e-02
  333 9.150348e-02
  334 9.150687e-02
  335 9.151021e-02
  336 9.151347e-02
  337 9.151666e-02
  338 9.151976e-02
  339 9.152278e-02
  340 9.152571e-02
  341 9.152854e-02
  342 9.153130e-02
  343 9.153398e-02
  344 9.153658e-02
  345 9.153911e-02
  346 9.154155e-02
  347 9.154392e-02
  348 9.154623e-02
  349 9.154848e-02
  350 9.155066e-02
  351 9.155279e-02
  352 9.155486e-02
  353 9.155688e-02
  354 9.155885e-02
  355 9.156079e-02
  356 9.156269e-02
  357 9.156454e-02
  358 9.156637e-02
  359 9.156815e-02
  360 8.182128e-02
  361 7.438627e-02
  362 6.865885e-02
  363 6.424780e-02
  364 6.088656e-02
  365 5.838040e-02
  366 5.657862e-02
  367 5.535866e-02
  368 5.461744e-02
  369 5.426642e-02
  370 5.422876e-02
  371 5.443754e-02
  372 5.483473e-02
  373 5.537021e-02
  374 5.600118e-02
  375 5.669151e-02
  376 5.741113e-02
  377 5.813552e-02
  378 5.884506e-02
  379 5.952455e-02
  380 6.016265e-02
  381 6.075133e-02
  382 6.128545e-02
  383 6.176225e-02
  384 6.218099e-02
  385 6.254249e-02
  386 6.284887e-02
  387 6.310315e-02
  388 6.330911e-02
  389 6.347095e-02
  390 6.359317e-02
  391 6.368032e-02
  392 6.373699e-02
  393 6.376756e-02
  394 6.377627e-02
  395 6.376700e-02
  396 6.374338e-02
  397 6.370866e-02
  398 6.366573e-02
  399 6.361715e-02
  400 6.012838e-02
  401 5.762758e-02
  402 5.578680e-02
  403 5.444800e-02
  404 5.349542e-02
  405 5.285143e-02
  406 5.245608e-02
  407 5.226170e-02
  408 5.222842e-02
  409 5.232230e-02
  410 5.251418e-02
  411 5.277889e-02
  412 5.309493e-02
  413 5.344402e-02
  414 5.381087e-02
  415 5.418284e-02
  416 5.454975e-02
  417 5.490359e-02
  418 5.523826e-02
  419 5.554934e-02
  420 5.583386e-02
  421 5.609009e-02
  422 5.631732e-02
  423 5.651566e-02
  424 5.668594e-02
  425 5.682948e-02
  426 5.694797e-02
  427 5.704342e-02
  428 5.711795e-02
  429 5.717381e-02
  430 5.721324e-02
  431 5.723844e-02
  432 5.725154e-02
  433 5.725452e-02
  434 5.724924e-02
  435 5.723739e-02
  436 5.722048e-02
  437 5.719986e-02
  438 5.717671e-02
  439 5.715203e-02
  440 4.748238e-02
  441 3.616497e-02
  442 2.464254e-02
  443 1.371053e-02
  444 3.781876e-03
  445 -4.952235e-03
  446 -1.243289e-02
  447 -1.867989e-02
  448 -2.375977e-02
  449 -2.776588e-02
  450 -3.080568e-02
  451 -3.299246e-02
  452 -3.443978e-02
  453 -3.525777e-02
  454 -3.555055e-02
  455 -3.541467e-02
  456 -3.493812e-02
  457 -3.419977e-02
  458 -3.326929e-02
  459 -3.220719e-02
  460 -3.106526e-02
  461 -2.988701e-02
  462 -2.870824e-02
  463 -2.755769e-02
  464 -2.645780e-02
  465 -2.542534e-02
  466 -2.447219e-02
  467 -2.360597e-02
  468 -2.283074e-02
  469 -2.214756e-02
  470 -2.155507e-02
  471 -2.104998e-02
  472 -2.062756e-02
  473 -2.028201e-02
  474 -2.000682e-02
  475 -1.979505e-02
  476 -1.963958e-02
  477 -1.953332e-02
  478 -1.946940e-02
  479 -1.944127e-02
  480 -1.944276e-02
  481 -1.946820e-02
  482 -1.951246e-02
  483 -1.957096e-02
  484 -1.963962e-02
  485 -1.971495e-02
  486 -1.979395e-02
  487 -1.987413e-02
  488 -1.995343e-02
  489 -2.003021e-02
  490 -2.010323e-02
  491 -2.017155e-02
  492 -2.023452e-02
  493 -2.029178e-02
  494 -2.034313e-02
  495 -2.038856e-02
  496 -2.042822e-02
  497 -2.046234e-02
  498 -2.049127e-02
  499 -2.051539e-02
  500 -2.053511e-02
  501 -2.055091e-02
  502 -2.056322e-02
  503 -2.057249e-02
  504 -2.057916e-02
  505 -2.058365e-02
  506 -2.058635e-02
  507 -2.058759e-02
  508 -2.058769e-02
  509 -2.058695e-02
  510 -2.058560e-02
  511 -2.058386e-02
  512 -2.058193e-02
  513 -2.057994e-02
  514 -2.057803e-02
  515 -2.057628e-02
  516 -2.057477e-02
  517 -2.057356e-02
  518 -2.057267e-02
  519 -2.057213e-02
  520 -2.057196e-02
  521 -2.057214e-02
  522 -2.057267e-02
  523 -2.057351e-02
  524 -2.057466e-02
  525 -2.057609e-02
  526 -2.057776e-02
  527 -2.057965e-02
  528 -2.058174e-02
  529 -2.058398e-02
  530 -2.058635e-02
  531 -2.058883e-02
  532 -2.059138e-02
  533 -2.059398e-02
  534 -2.059662e-02
  535 -2.059927e-02
  536 -2.060193e-02
  537 -2.060457e-02
  538 -2.060720e-02
  539 -2.060978e-02
  540 -2.061233e-02
  541 -2.061484e-02
  542 -2.061728e-02
  543 -2.061966e-02
  544 -2.062198e-02
  545 -2.062424e-02
  546 -2.062644e-02
  547 -2.062857e-02
  548 -2.063063e-02
  549 -2.063263e-02
  550 -2.063456e-02
  551 -2.063645e-02
  552 -2.063826e-02
  553 -2.064002e-02
  554 -2.064172e-02
  555 -2.064336e-02
  556 -2.064494e-02
  557 -2.064646e-02
  558 -2.064793e-02
  559 -2.064935e-02
  560 -2.065072e-02
  561 -2.065207e-02
  562 -2.065340e-02
  563 -2.065472e-02
  564 -2.065603e-02
  565 -2.065732e-02
  566 -2.065860e-02
  567 -2.065985e-02
  568 -2.066111e-02
  569 -2.066234e-02
  570 -2.066357e-02
  571 -2.066478e-02
  572 -2.066596e-02
  573 -2.066713e-02
  574 -2.066827e-02
  575 -2.066940e-02
  576 -2.067051e-02
  577 -2.067159e-02
  578 -2.067265e-02
  579 -2.067368e-02
  580 -2.067469e-02
  581 -2.067568e-02
  582 -2.067664e-02
  583 -2.067759e-02
  584 -2.067851e-02
  585 -2.067940e-02
  586 -2.068027e-02
  587 -2.068112e-02
  588 -2.068195e-02
  589 -2.068277e-02
  590 -2.068356e-02
  591 -2.068433e-02
  592 -2.068508e-02
  593 -2.068581e-02
  594 -2.068652e-02
  595 -2.068720e-02
  596 -2.068788e-02
  597 -2.068852e-02
  598 -2.068914e-02
  599 -2.068976e-02
  600 -1.839921e-02
  601 -1.676833e-02
  602 -1.557750e-02
  603 -1.472051e-02
  604 -1.411954e-02
  605 -1.372234e-02
  606 -1.348858e-02
  607 -1.338622e-02
  608 -1.338858e-02
  609 -1.347300e-02
  610 -1.362005e-02
  611 -1.381305e-02
  612 -1.403780e-02
  613 -1.428227e-02
  614 -1.453644e-02
  615 -1.479211e-02
  616 -1.504270e-02
  617 -1.528305e-02
  618 -1.550932e-02
  619 -1.571875e-02
  620 -1.590952e-02
  621 -1.608066e-02
  622 -1.623186e-02
  623 -1.636334e-02
  624 -1.647577e-02
  625 -1.657013e-02
  626 -1.664764e-02
  627 -1.670972e-02
  628 -1.675785e-02
  629 -1.679357e-02
  630 -1.681843e-02
  631 -1.683393e-02
  632 -1.684149e-02
  633 -1.684247e-02
  634 -1.683810e-02
  635 -1.682951e-02
  636 -1.681772e-02
  637 -1.680361e-02
  638 -1.678796e-02
  639 -1.677143e-02
  640 -1.675458e-02
  641 -1.673788e-02
  642 -1.672172e-02
  643 -1.670638e-02
  644 -1.669209e-02
  645 -1.667899e-02
  646 -1.666718e-02
  647 -1.665671e-02
  648 -1.664756e-02
  649 -1.663972e-02
  650 -1.663312e-02
  651 -1.662770e-02
  652 -1.662337e-02
  653 -1.662001e-02
  654 -1.661754e-02
  655 -1.661586e-02
  656 -1.661485e-02
  657 -1.661441e-02
  658 -1.661446e-02
  659 -1.661491e-02
  660 -1.340089e-02
  661 -9.637843e-03
  662 -5.806400e-03
  663 -2.171507e-03
  664 1.129356e-03
  665 4.032574e-03
  666 6.518592e-03
  667 8.594067e-03
  668 1.028121e-02
  669 1.161112e-02
  670 1.261963e-02
  671 1.334447e-02
  672 1.382345e-02
  673 1.409324e-02
  674 1.418850e-02
  675 1.414135e-02
  676 1.398108e-02
  677 1.373392e-02
  678 1.342303e-02
  679 1.306856e-02
  680 1.268770e-02
  681 1.229492e-02
  682 1.190211e-02
  683 1.151883e-02
  684 1.115250e-02
  685 1.080871e-02
  686 1.049139e-02
  687 1.020307e-02
  688 9.945066e-03
  689 9.717734e-03
  690 9.520607e-03
  691 9.352580e-03
  692 9.212073e-03
  693 9.097151e-03
  694 9.005642e-03
  695 8.935227e-03
  696 8.883542e-03
  697 8.848224e-03
  698 8.826978e-03
  699 8.817627e-03
  700 8.818119e-03
  701 8.826572e-03
  702 8.841271e-03
  703 8.860693e-03
  704 8.883489e-03
  705 8.908490e-03
  706 8.934711e-03
  707 8.961308e-03
  708 8.987603e-03
  709 9.013057e-03
  710 9.037253e-03
  711 9.059885e-03
  712 9.080732e-03
  713 9.099677e-03
  714 9.116653e-03
  715 9.131657e-03
  716 9.144743e-03
  717 9.155990e-03
  718 9.165508e-03
  719 9.173427e-03
  720 9.179888e-03
  721 9.185040e-03
  722 9.189037e-03
  723 9.192022e-03
  724 9.194145e-03
  725 9.195546e-03
  726 9.196350e-03
  727 9.196672e-03
  728 9.196623e-03
  729 9.196292e-03
  730 9.195762e-03
  731 9.195107e-03
  732 9.194384e-03
  733 9.193649e-03
  734 9.192940e-03
  735 9.192287e-03
  736 9.191719e-03
  737 9.191246e-03
  738 9.190886e-03
  739 9.190641e-03
  740 9.190521e-03
  741 9.190521e-03
  742 9.190634e-03
  743 9.190858e-03
  744 9.191185e-03
  745 9.191605e-03
  746 9.192105e-03
  747 9.192685e-03
  748 9.193323e-03
  749 9.194019e-03
  750 9.194756e-03
  751 9.195533e-03
  752 9.196330e-03
  753 9.197151e-03
  754 9.197981e-03
  755 9.198821e-03
  756 9.199664e-03
  757 9.200500e-03
  758 9.201333e-03
  759 9.202155e-03
  760 9.202964e-03
  761 9.203756e-03
  762 9.204534e-03
  763 9.205292e-03
  764 9.206032e-03
  765 9.206750e-03
  766 9.207452e-03
  767 9.208132e-03
  768 9.208795e-03
  769 9.209439e-03
  770 9.210065e-03
  771 9.210676e-03
  772 9.211269e-03
  773 9.211847e-03
  774 9.212408e-03
  775 9.212954e-03
  776 9.213485e-03
  777 9.214003e-03
  778 9.214508e-03
  779 9.215000e-03
  780 9.215481e-03
  781 9.215955e-03
  782 9.216420e-03
  783 9.216875e-03
  784 9.217317e-03
  785 9.217750e-03
  786 9.218173e-03
  787 9.218583e-03
  788 9.218986e-03
  789 9.219381e-03
  790 9.219765e-03
  791 9.220143e-03
  792 9.220510e-03
  793 9.220868e-03
  794 9.221216e-03
  795 9.221554e-03
  796 9.221885e-03
  797 9.222203e-03
  798 9.222513e-03
  799 9.222811e-03
  800 9.223101e-03
