    1     0
    2     0
    3     0
    4     0
    5     0
    6     0
    7     0
    8     0
    9     0
   10 2.792077e-01
   11 2.331217e-01
   12 1.684871e-01
   13 1.186792e-01
   14 1.027248e-01
   15 1.115547e-01
   16 1.359525e-01
   17 1.670335e-01
   18 1.986049e-01
   19 2.267054e-01
   20 2.492272e-01
   21 2.653719e-01
   22 2.752185e-01
   23 2.793801e-01
   24 2.787533e-01
   25 2.743439e-01
   26 2.671501e-01
   27 2.580903e-01
   28 2.479619e-01
   29 2.374243e-01
   30 2.269961e-01
   31 2.170647e-01
   32 2.078992e-01
   33 1.996672e-01
   34 1.924537e-01
   35 1.862782e-01
   36 1.811113e-01
   37 1.768887e-01
   38 1.735239e-01
   39 1.709173e-01
   40 1.689645e-01
   41 1.675623e-01
   42 1.666131e-01
   43 1.660269e-01
   44 1.657242e-01
   45 1.656354e-01
   46 1.657022e-01
   47 1.658761e-01
   48 1.661182e-01
   49 1.663989e-01
   50 1.666946e-01
   51 1.669892e-01
   52 1.672708e-01
   53 1.675323e-01
   54 1.677695e-01
   55 1.679813e-01
   56 1.681676e-01
   57 1.683298e-01
   58 1.684703e-01
   59 1.685914e-01
   60 1.686961e-01
   61 1.687873e-01
   62 1.688671e-01
   63 1.689387e-01
   64 1.690034e-01
   65 1.690632e-01
   66 1.691196e-01
   67 1.691738e-01
   68 1.692267e-01
   69 1.692787e-01
   70 1.693303e-01
   71 1.693820e-01
   72 1.694335e-01
   73 1.694850e-01
   74 1.695366e-01
   75 1.695884e-01
   76 1.696402e-01
   77 1.696919e-01
   78 1.697435e-01
   79 1.697946e-01
   80 1.698452e-01
   81 1.698952e-01
   82 1.699447e-01
   83 1.699933e-01
   84 1.700414e-01
   85 1.700885e-01
   86 1.701348e-01
   87 1.701802e-01
   88 1.702249e-01
   89 1.702685e-01
   90 1.703112e-01
   91 1.703529e-01
   92 1.703937e-01
   93 1.704338e-01
   94 1.704732e-01
   95 1.705117e-01
   96 1.705493e-01
   97 1.705862e-01
   98 1.706220e-01
   99 1.706573e-01
  100 1.706920e-01
  101 1.707263e-01
  102 1.707595e-01
  103 1.707921e-01
  104 1.708240e-01
  105 1.708553e-01
  106 1.708862e-01
  107 1.709163e-01
  108 1.709458e-01
  109 1.709745e-01
  110 1.710028e-01
  111 1.710307e-01
  112 1.710577e-01
  113 1.710841e-01
  114 1.711099e-01
  115 1.711350e-01
  116 1.711597e-01
  117 1.711841e-01
  118 1.712080e-01
  119 1.712313e-01
  120 2.042552e-01
  121 2.342090e-01
  122 2.527989e-01
  123 2.605632e-01
  124 2.597406e-01
  125 2.530731e-01
  126 2.429295e-01
  127 2.311767e-01
  128 2.191686e-01
  129 2.078216e-01
  130 1.977017e-01
  131 1.891071e-01
  132 1.821401e-01
  133 1.767664e-01
  134 1.728631e-01
  135 1.702541e-01
  136 1.687390e-01
  137 1.681122e-01
  138 1.681769e-01
  139 1.687532e-01
  140 1.696837e-01
  141 1.708358e-01
  142 1.721009e-01
  143 1.733944e-01
  144 1.746531e-01
  145 1.758321e-01
  146 1.769023e-01
  147 1.778468e-01
  148 1.786593e-01
  149 1.793408e-01
  150 1.798977e-01
  151 1.803406e-01
  152 1.806817e-01
  153 1.809346e-01
  154 1.811128e-01
  155 1.812289e-01
  156 1.812955e-01
  157 1.813233e-01
  158 1.813218e-01
  159 1.812989e-01
  160 1.812611e-01
  161 1.812139e-01
  162 1.811614e-01
  163 1.811067e-01
  164 1.810522e-01
  165 1.809999e-01
  166 1.809505e-01
  167 1.809046e-01
  168 1.808627e-01
  169 1.808245e-01
  170 1.807899e-01
  171 1.807585e-01
  172 1.807298e-01
  173 1.807039e-01
  174 1.806801e-01
  175 1.806580e-01
  176 1.806375e-01
  177 1.806177e-01
  178 1.805989e-01
  179 1.805809e-01
  180 1.805634e-01
  181 1.805464e-01
  182 1.805298e-01
  183 1.805135e-01
  184 1.804975e-01
  185 1.804814e-01
  186 1.804651e-01
  187 1.804491e-01
  188 1.804333e-01
  189 1.804175e-01
  190 1.804018e-01
  191 1.803864e-01
  192 1.803715e-01
  193 1.803570e-01
  194 1.803431e-01
  195 1.803299e-01
  196 1.803172e-01
  197 1.803054e-01
  198 1.802940e-01
  199 1.802833e-01
  200 1.890089e-01
  201 1.922513e-01
  202 1.863113e-01
  203 1.819631e-01
  204 1.792223e-01
  205 1.786265e-01
  206 1.796242e-01
  207 1.817297e-01
  208 1.844576e-01
  209 1.874343e-01
  210 1.903837e-01
  211 1.931232e-01
  212 1.955413e-01
  213 1.975793e-01
  214 1.992216e-01
  215 2.004822e-01
  216 2.013943e-01
  217 2.020021e-01
  218 2.023546e-01
  219 2.025012e-01
  220 1.343878e-01
  221 1.079300e-01
  222 9.910144e-02
  223 9.865865e-02
  224 1.022655e-01
  225 1.079561e-01
  226 1.146573e-01
  227 1.217259e-01
  228 1.287294e-01
  229 1.353694e-01
  230 1.414449e-01
  231 1.468327e-01
  232 1.514727e-01
  233 1.553544e-01
  234 1.585053e-01
  235 1.609793e-01
  236 1.628477e-01
  237 1.641906e-01
  238 1.650912e-01
  239 1.656305e-01
  240 6.688124e-02
  241 -2.287602e-02
  242 -7.870042e-02
  243 -1.021558e-01
  244 -9.991799e-02
  245 -8.017986e-02
  246 -5.002215e-02
  247 -1.502727e-02
  248 2.075669e-02
  249 5.458747e-02
  250 8.477225e-02
  251 1.104182e-01
  252 1.312175e-01
  253 1.472701e-01
  254 1.589421e-01
  255 1.667564e-01
  256 1.713108e-01
  257 1.732187e-01
  258 1.730676e-01
  259 1.713934e-01
  260 1.686651e-01
  261 1.652786e-01
  262 1.615559e-01
  263 1.577494e-01
  264 1.540480e-01
  265 1.505853e-01
  266 1.474486e-01
  267 1.446867e-01
  268 1.423188e-01
  269 1.403414e-01
  270 1.387347e-01
  271 1.374680e-01
  272 1.365042e-01
  273 1.358031e-01
  274 1.353241e-01
  275 1.350285e-01
  276 1.348803e-01
  277 1.348471e-01
  278 1.349010e-01
  279 1.350179e-01
  280 1.351779e-01
  281 1.353650e-01
  282 1.355669e-01
  283 1.357738e-01
  284 1.359789e-01
  285 1.361772e-01
  286 1.363659e-01
  287 1.365431e-01
  288 1.367080e-01
  289 1.368608e-01
  290 1.370021e-01
  291 1.371327e-01
  292 1.372538e-01
  293 1.373666e-01
  294 1.374724e-01
  295 1.375721e-01
  296 1.376669e-01
  297 1.377575e-01
  298 1.378449e-01
  299 1.379294e-01
  300 1.380116e-01
  301 1.380919e-01
  302 1.381707e-01
  303 1.382480e-01
  304 1.383241e-01
  305 1.383990e-01
  306 1.384728e-01
  307 1.385455e-01
  308 1.386172e-01
  309 1.386878e-01
  310 1.387573e-01
  311 1.388256e-01
  312 1.388927e-01
  313 1.389589e-01
  314 1.390240e-01
  315 1.390881e-01
  316 1.391514e-01
  317 1.392140e-01
  318 1.392757e-01
  319 1.393365e-01
  320 1.393965e-01
  321 1.394548e-01
  322 1.395114e-01
  323 1.395667e-01
  324 1.396208e-01
  325 1.396738e-01
  326 1.397259e-01
  327 1.397769e-01
  328 1.398270e-01
  329 1.398760e-01
  330 1.399240e-01
  331 1.399709e-01
  332 1.400168e-01
  333 1.400615e-01
  334 1.401051e-01
  335 1.401477e-01
  336 1.401893e-01
  337 1.402300e-01
  338 1.402697e-01
  339 1.403085e-01
  340 1.403466e-01
  341 1.403837e-01
  342 1.404201e-01
  343 1.404557e-01
  344 1.404905e-01
  345 1.405246e-01
  346 1.405581e-01
  347 1.405910e-01
  348 1.406233e-01
  349 1.406549e-01
  350 1.406858e-01
  351 1.407161e-01
  352 1.407457e-01
  353 1.407747e-01
  354 1.408032e-01
  355 1.408310e-01
  356 1.408582e-01
  357 1.408849e-01
  358 1.409110e-01
  359 1.409365e-01
  360 1.739626e-01
  361 2.039186e-01
  362 2.225106e-01
  363 2.302767e-01
  364 2.294560e-01
  365 2.227904e-01
  366 2.126486e-01
  367 2.008977e-01
  368 1.888912e-01
  369 1.775459e-01
  370 1.674277e-01
  371 1.588345e-01
  372 1.518687e-01
  373 1.464962e-01
  374 1.425939e-01
  375 1.399863e-01
  376 1.384728e-01
  377 1.378477e-01
  378 1.379138e-01
  379 1.384913e-01
  380 1.394229e-01
  381 1.405759e-01
  382 1.418422e-01
  383 1.431370e-01
  384 1.443970e-01
  385 1.455772e-01
  386 1.466483e-01
  387 1.475940e-01
  388 1.484075e-01
  389 1.490901e-01
  390 1.496483e-01
  391 1.500924e-01
  392 1.504346e-01
  393 1.506886e-01
  394 1.508678e-01
  395 1.509851e-01
  396 1.510526e-01
  397 1.510811e-01
  398 1.510798e-01
  399 1.510570e-01
  400 1.405363e-01
  401 1.365869e-01
  402 1.436514e-01
  403 1.488040e-01
  404 1.520274e-01
  405 1.526775e-01
  406 1.514165e-01
  407 1.488274e-01
  408 1.454930e-01
  409 1.418623e-01
  410 1.382672e-01
  411 1.349303e-01
  412 1.319863e-01
  413 1.295021e-01
  414 1.274946e-01
  415 1.259461e-01
  416 1.248166e-01
  417 1.240534e-01
  418 1.235976e-01
  419 1.233904e-01
  420 1.233756e-01
  421 1.235029e-01
  422 1.237282e-01
  423 1.240147e-01
  424 1.243322e-01
  425 1.246572e-01
  426 1.249724e-01
  427 1.252653e-01
  428 1.255281e-01
  429 1.257563e-01
  430 1.259481e-01
  431 1.261041e-01
  432 1.262259e-01
  433 1.263164e-01
  434 1.263789e-01
  435 1.264166e-01
  436 1.264331e-01
  437 1.264318e-01
  438 1.264160e-01
  439 1.263887e-01
  440 3.306553e-01
  441 4.096003e-01
  442 4.354146e-01
  443 4.359218e-01
  444 4.242052e-01
  445 4.062210e-01
  446 3.852321e-01
  447 3.631991e-01
  448 3.414396e-01
  449 3.208598e-01
  450 3.020670e-01
  451 2.854297e-01
  452 2.711233e-01
  453 2.591717e-01
  454 2.494840e-01
  455 2.418886e-01
  456 2.361627e-01
  457 2.320563e-01
  458 2.293118e-01
  459 2.276782e-01
  460 2.269212e-01
  461 2.268303e-01
  462 2.272222e-01
  463 2.279419e-01
  464 2.288621e-01
  465 2.298818e-01
  466 2.309237e-01
  467 2.319311e-01
  468 2.328650e-01
  469 2.337008e-01
  470 2.344253e-01
  471 2.350344e-01
  472 2.355305e-01
  473 2.359206e-01
  474 2.362148e-01
  475 2.364246e-01
  476 2.365621e-01
  477 2.366394e-01
  478 2.366680e-01
  479 2.366584e-01
  480 2.366199e-01
  481 2.365603e-01
  482 2.364863e-01
  483 2.364033e-01
  484 2.363155e-01
  485 2.362265e-01
  486 2.361383e-01
  487 2.360528e-01
  488 2.359712e-01
  489 2.358938e-01
  490 2.358211e-01
  491 2.357529e-01
  492 2.356890e-01
  493 2.356293e-01
  494 2.355731e-01
  495 2.355203e-01
  496 2.354701e-01
  497 2.354225e-01
  498 2.353769e-01
  499 2.353330e-01
  500 2.352907e-01
  501 2.352497e-01
  502 2.352095e-01
  503 2.351702e-01
  504 2.351317e-01
  505 2.350939e-01
  506 2.350568e-01
  507 2.350201e-01
  508 2.349840e-01
  509 2.349483e-01
  510 2.349131e-01
  511 2.348784e-01
  512 2.348443e-01
  513 2.348106e-01
  514 2.347775e-01
  515 2.347449e-01
  516 2.347127e-01
  517 2.346811e-01
  518 2.346501e-01
  519 2.346197e-01
  520 2.345898e-01
  521 2.345605e-01
  522 2.345317e-01
  523 2.345035e-01
  524 2.344758e-01
  525 2.344486e-01
  526 2.344221e-01
  527 2.343960e-01
  528 2.343704e-01
  529 2.343453e-01
  530 2.343207e-01
  531 2.342967e-01
  532 2.342730e-01
  533 2.342497e-01
  534 2.342269e-01
  535 2.342047e-01
  536 2.341830e-01
  537 2.341616e-01
  538 2.341408e-01
  539 2.341202e-01
  540 2.341000e-01
  541 2.340804e-01
  542 2.340611e-01
  543 2.340422e-01
  544 2.340235e-01
  545 2.340052e-01
  546 2.339871e-01
  547 2.339693e-01
  548 2.339518e-01
  549 2.339346e-01
  550 2.339176e-01
  551 2.339010e-01
  552 2.338846e-01
  553 2.338687e-01
  554 2.338532e-01
  555 2.338382e-01
  556 2.338237e-01
  557 2.338099e-01
  558 2.337969e-01
  559 2.337845e-01
  560 2.337727e-01
  561 2.337608e-01
  562 2.337486e-01
  563 2.337365e-01
  564 2.337247e-01
  565 2.337132e-01
  566 2.337020e-01
  567 2.336911e-01
  568 2.336806e-01
  569 2.336703e-01
  570 2.336602e-01
  571 2.336502e-01
  572 2.336403e-01
  573 2.336304e-01
  574 2.336205e-01
  575 2.336108e-01
  576 2.336012e-01
  577 2.335917e-01
  578 2.335823e-01
  579 2.335732e-01
  580 2.335641e-01
  581 2.335552e-01
  582 2.335465e-01
  583 2.335380e-01
  584 2.335297e-01
  585 2.335215e-01
  586 2.335135e-01
  587 2.335058e-01
  588 2.334982e-01
  589 2.334909e-01
  590 2.334836e-01
  591 2.334766e-01
  592 2.334698e-01
  593 2.334630e-01
  594 2.334563e-01
  595 2.334501e-01
  596 2.334441e-01
  597 2.334383e-01
  598 2.334330e-01
  599 2.334279e-01
  600 2.404116e-01
  601 2.430083e-01
  602 2.382587e-01
  603 2.347825e-01
  604 2.325928e-01
  605 2.321201e-01
  606 2.329234e-01
  607 2.346146e-01
  608 2.368054e-01
  609 2.391965e-01
  610 2.415662e-01
  611 2.437661e-01
  612 2.457061e-01
  613 2.473413e-01
  614 2.486602e-01
  615 2.496743e-01
  616 2.504099e-01
  617 2.509021e-01
  618 2.511900e-01
  619 2.513125e-01
  620 2.513071e-01
  621 2.512074e-01
  622 2.510427e-01
  623 2.508376e-01
  624 2.506122e-01
  625 2.503821e-01
  626 2.501587e-01
  627 2.499506e-01
  628 2.497626e-01
  629 2.495980e-01
  630 2.494577e-01
  631 2.493417e-01
  632 2.492485e-01
  633 2.491765e-01
  634 2.491232e-01
  635 2.490864e-01
  636 2.490634e-01
  637 2.490521e-01
  638 2.490502e-01
  639 2.490559e-01
  640 2.490674e-01
  641 2.490828e-01
  642 2.491004e-01
  643 2.491192e-01
  644 2.491387e-01
  645 2.491584e-01
  646 2.491780e-01
  647 2.491973e-01
  648 2.492161e-01
  649 2.492342e-01
  650 2.492515e-01
  651 2.492680e-01
  652 2.492835e-01
  653 2.492982e-01
  654 2.493120e-01
  655 2.493250e-01
  656 2.493373e-01
  657 2.493489e-01
  658 2.493599e-01
  659 2.493704e-01
  660 1.812797e-01
  661 1.549610e-01
  662 1.463516e-01
  663 1.461771e-01
  664 1.500768e-01
  665 1.560652e-01
  666 1.630552e-01
  667 1.703932e-01
  668 1.776404e-01
  669 1.844946e-01
  670 1.907536e-01
  671 1.962947e-01
  672 2.010592e-01
  673 2.050393e-01
  674 2.082651e-01
  675 2.107940e-01
  676 2.127000e-01
  677 2.140664e-01
  678 2.149791e-01
  679 2.155216e-01
  680 2.157720e-01
  681 2.158005e-01
  682 2.156681e-01
  683 2.154264e-01
  684 2.151179e-01
  685 2.147762e-01
  686 2.144271e-01
  687 2.140894e-01
  688 2.137762e-01
  689 2.134957e-01
  690 2.132523e-01
  691 2.130473e-01
  692 2.128800e-01
  693 2.127481e-01
  694 2.126481e-01
  695 2.125764e-01
  696 2.125287e-01
  697 2.125011e-01
  698 2.124898e-01
  699 2.124912e-01
  700 2.125024e-01
  701 2.125205e-01
  702 2.125436e-01
  703 2.125697e-01
  704 2.125974e-01
  705 2.126255e-01
  706 2.126535e-01
  707 2.126805e-01
  708 2.127064e-01
  709 2.127308e-01
  710 2.127537e-01
  711 2.127752e-01
  712 2.127952e-01
  713 2.128139e-01
  714 2.128314e-01
  715 2.128479e-01
  716 2.128634e-01
  717 2.128782e-01
  718 2.128923e-01
  719 2.129058e-01
  720 2.129189e-01
  721 2.129316e-01
  722 2.129439e-01
  723 2.129561e-01
  724 2.129679e-01
  725 2.129796e-01
  726 2.129911e-01
  727 2.130024e-01
  728 2.130136e-01
  729 2.130246e-01
  730 2.130355e-01
  731 2.130463e-01
  732 2.130568e-01
  733 2.130673e-01
  734 2.130776e-01
  735 2.130877e-01
  736 2.130977e-01
  737 2.131075e-01
  738 2.131171e-01
  739 2.131266e-01
  740 2.131359e-01
  741 2.131450e-01
  742 2.131540e-01
  743 2.131628e-01
  744 2.131714e-01
  745 2.131798e-01
  746 2.131881e-01
  747 2.131962e-01
  748 2.132043e-01
  749 2.132121e-01
  750 2.132198e-01
  751 2.132273e-01
  752 2.132347e-01
  753 2.132420e-01
  754 2.132491e-01
  755 2.132560e-01
  756 2.132629e-01
  757 2.132696e-01
  758 2.132761e-01
  759 2.132826e-01
  760 2.132889e-01
  761 2.132950e-01
  762 2.133011e-01
  763 2.133070e-01
  764 2.133128e-01
  765 2.133185e-01
  766 2.133241e-01
  767 2.133295e-01
  768 2.133349e-01
  769 2.133401e-01
  770 2.133452e-01
  771 2.133502e-01
  772 2.133551e-01
  773 2.133599e-01
  774 2.133646e-01
  775 2.133692e-01
  776 2.133737e-01
  777 2.133782e-01
  778 2.133825e-01
  779 2.133867e-01
  780 2.133909e-01
  781 2.133950e-01
  782 2.133990e-01
  783 2.134029e-01
  784 2.134067e-01
  785 2.134104e-01
  786 2.134141e-01
  787 2.134178e-01
  788 2.134214e-01
  789 2.134249e-01
  790 2.134285e-01
  791 2.134319e-01
  792 2.134353e-01
  793 2.134386e-01
  794 2.134418e-01
  795 2.134449e-01
  796 2.134478e-01
  797 2.134506e-01
  798 2.134531e-01
  799 2.134554e-01
  800 2.134577e-01
