    1     0
    2     0
    3     0
    4     0
    5     0
    6     0
    7     0
    8     0
    9     0
   10     0
   11 1.386455e-01
   12 2.501546e-01
   13 3.604114e-01
   14 4.543619e-01
   15 5.351560e-01
   16 6.032222e-01
   17 6.605471e-01
   18 7.086932e-01
   19 7.491016e-01
   20 7.829451e-01
   21 8.111952e-01
   22 8.346513e-01
   23 8.539827e-01
   24 8.697573e-01
   25 8.824653e-01
   26 8.925354e-01
   27 9.003464e-01
   28 9.062350e-01
   29 9.105014e-01
   30 9.134131e-01
   31 9.152077e-01
   32 9.160956e-01
   33 9.162613e-01
   34 9.158660e-01
   35 9.150487e-01
   36 9.139281e-01
   37 9.126046e-01
   38 9.111616e-01
   39 9.096670e-01
   40 9.081756e-01
   41 9.067300e-01
   42 9.053623e-01
   43 9.040956e-01
   44 9.029453e-01
   45 9.019205e-01
   46 9.010249e-01
   47 9.002577e-01
   48 8.996152e-01
   49 8.990908e-01
   50 8.986761e-01
   51 8.983616e-01
   52 8.981368e-01
   53 8.979911e-01
   54 8.979137e-01
   55 8.978944e-01
   56 8.979232e-01
   57 8.979907e-01
   58 8.980888e-01
   59 8.982095e-01
   60 8.983464e-01
   61 8.984933e-01
   62 8.986453e-01
   63 8.987980e-01
   64 8.989481e-01
   65 8.990926e-01
   66 8.992295e-01
   67 8.993572e-01
   68 8.994746e-01
   69 8.995809e-01
   70 8.996761e-01
   71 8.997600e-01
   72 8.998329e-01
   73 8.998953e-01
   74 8.999478e-01
   75 8.999912e-01
   76 9.000262e-01
   77 9.000535e-01
   78 9.000742e-01
   79 9.000890e-01
   80 9.000987e-01
   81 9.001042e-01
   82 9.001060e-01
   83 9.001050e-01
   84 9.001016e-01
   85 9.000963e-01
   86 9.000899e-01
   87 9.000824e-01
   88 9.000745e-01
   89 9.000662e-01
   90 9.000580e-01
   91 9.000500e-01
   92 9.000423e-01
   93 9.000352e-01
   94 9.000285e-01
   95 9.000224e-01
   96 9.000170e-01
   97 9.000122e-01
   98 9.000080e-01
   99 9.000045e-01
  100 9.000016e-01
  101 8.999991e-01
  102 8.999971e-01
  103 8.999955e-01
  104 8.999944e-01
  105 8.999937e-01
  106 8.999932e-01
  107 8.999930e-01
  108 8.999930e-01
  109 8.999932e-01
  110 8.999935e-01
  111 8.999938e-01
  112 8.999942e-01
  113 8.999947e-01
  114 8.999952e-01
  115 8.999957e-01
  116 8.999963e-01
  117 8.999968e-01
  118 8.999973e-01
  119 8.999977e-01
  120 8.999981e-01
  121 8.945566e-01
  122 8.880721e-01
  123 8.811214e-01
  124 8.743223e-01
  125 8.677924e-01
  126 8.615850e-01
  127 8.556943e-01
  128 8.501106e-01
  129 8.448265e-01
  130 8.398409e-01
  131 8.351572e-01
  132 8.307811e-01
  133 8.267184e-01
  134 8.229732e-01
  135 8.195469e-01
  136 8.164375e-01
  137 8.136395e-01
  138 8.111442e-01
  139 8.089394e-01
  140 8.070106e-01
  141 8.053413e-01
  142 8.039131e-01
  143 8.027069e-01
  144 8.017028e-01
  145 8.008808e-01
  146 8.002211e-01
  147 7.997045e-01
  148 7.993126e-01
  149 7.990282e-01
  150 7.988349e-01
  151 7.987180e-01
  152 7.986637e-01
  153 7.986600e-01
  154 7.986959e-01
  155 7.987620e-01
  156 7.988500e-01
  157 7.989529e-01
  158 7.990646e-01
  159 7.991803e-01
  160 7.992960e-01
  161 7.994086e-01
  162 7.995155e-01
  163 7.996152e-01
  164 7.997063e-01
  165 7.997882e-01
  166 7.998605e-01
  167 7.999232e-01
  168 7.999765e-01
  169 8.000208e-01
  170 8.000567e-01
  171 8.000849e-01
  172 8.001062e-01
  173 8.001213e-01
  174 8.001309e-01
  175 8.001359e-01
  176 8.001370e-01
  177 8.001348e-01
  178 8.001301e-01
  179 8.001234e-01
  180 8.001152e-01
  181 8.001060e-01
  182 8.000962e-01
  183 8.000860e-01
  184 8.000759e-01
  185 8.000659e-01
  186 8.000564e-01
  187 8.000473e-01
  188 8.000389e-01
  189 8.000313e-01
  190 8.000243e-01
  191 8.000182e-01
  192 8.000128e-01
  193 8.000082e-01
  194 8.000043e-01
  195 8.000010e-01
  196 7.999984e-01
  197 7.999962e-01
  198 7.999946e-01
  199 7.999934e-01
  200 7.999925e-01
  201 7.882302e-01
  202 7.858927e-01
  203 7.841666e-01
  204 7.841149e-01
  205 7.846107e-01
  206 7.855206e-01
  207 7.866213e-01
  208 7.878239e-01
  209 7.890606e-01
  210 7.902914e-01
  211 7.914879e-01
  212 7.926305e-01
  213 7.937053e-01
  214 7.947033e-01
  215 7.956184e-01
  216 7.964474e-01
  217 7.971895e-01
  218 7.978455e-01
  219 7.984181e-01
  220 7.989110e-01
  221 7.948546e-01
  222 7.903886e-01
  223 7.861789e-01
  224 7.827905e-01
  225 7.802879e-01
  226 7.786386e-01
  227 7.777378e-01
  228 7.774688e-01
  229 7.777160e-01
  230 7.783739e-01
  231 7.793487e-01
  232 7.805590e-01
  233 7.819346e-01
  234 7.834158e-01
  235 7.849524e-01
  236 7.865023e-01
  237 7.880315e-01
  238 7.895125e-01
  239 7.909238e-01
  240 7.922496e-01
  241 8.098044e-01
  242 8.303840e-01
  243 8.522541e-01
  244 8.735607e-01
  245 8.939528e-01
  246 9.132737e-01
  247 9.315464e-01
  248 9.488059e-01
  249 9.650815e-01
  250 9.803839e-01
  251 9.947107e-01
  252 1.008052e+00
  253 1.020399e+00
  254 1.031746e+00
  255 1.042097e+00
  256 1.051462e+00
  257 1.059866e+00
  258 1.067340e+00
  259 1.073925e+00
  260 1.079668e+00
  261 1.084624e+00
  262 1.088850e+00
  263 1.092407e+00
  264 1.095356e+00
  265 1.097759e+00
  266 1.099678e+00
  267 1.101171e+00
  268 1.102293e+00
  269 1.103097e+00
  270 1.103633e+00
  271 1.103945e+00
  272 1.104074e+00
  273 1.104056e+00
  274 1.103924e+00
  275 1.103705e+00
  276 1.103425e+00
  277 1.103104e+00
  278 1.102760e+00
  279 1.102406e+00
  280 1.102055e+00
  281 1.101716e+00
  282 1.101394e+00
  283 1.101097e+00
  284 1.100826e+00
  285 1.100583e+00
  286 1.100370e+00
  287 1.100186e+00
  288 1.100031e+00
  289 1.099902e+00
  290 1.099799e+00
  291 1.099719e+00
  292 1.099659e+00
  293 1.099618e+00
  294 1.099592e+00
  295 1.099581e+00
  296 1.099580e+00
  297 1.099589e+00
  298 1.099606e+00
  299 1.099628e+00
  300 1.099654e+00
  301 1.099683e+00
  302 1.099714e+00
  303 1.099745e+00
  304 1.099776e+00
  305 1.099806e+00
  306 1.099835e+00
  307 1.099862e+00
  308 1.099887e+00
  309 1.099910e+00
  310 1.099931e+00
  311 1.099949e+00
  312 1.099965e+00
  313 1.099978e+00
  314 1.099990e+00
  315 1.099999e+00
  316 1.100007e+00
  317 1.100013e+00
  318 1.100018e+00
  319 1.100021e+00
  320 1.100023e+00
  321 1.100025e+00
  322 1.100025e+00
  323 1.100025e+00
  324 1.100024e+00
  325 1.100023e+00
  326 1.100022e+00
  327 1.100020e+00
  328 1.100019e+00
  329 1.100017e+00
  330 1.100015e+00
  331 1.100014e+00
  332 1.100012e+00
  333 1.100010e+00
  334 1.100009e+00
  335 1.100007e+00
  336 1.100006e+00
  337 1.100005e+00
  338 1.100004e+00
  339 1.100003e+00
  340 1.100003e+00
  341 1.100002e+00
  342 1.100001e+00
  343 1.100001e+00
  344 1.100001e+00
  345 1.100000e+00
  346 1.100000e+00
  347 1.100000e+00
  348 1.100000e+00
  349 1.100000e+00
  350 1.100000e+00
  351 1.100000e+00
  352 1.100000e+00
  353 1.100000e+00
  354 1.100000e+00
  355 1.100000e+00
  356 1.100000e+00
  357 1.100000e+00
  358 1.100000e+00
  359 1.100000e+00
  360 1.100001e+00
  361 1.094559e+00
  362 1.088074e+00
  363 1.081123e+00
  364 1.074324e+00
  365 1.067793e+00
  366 1.061586e+00
  367 1.055695e+00
  368 1.050111e+00
  369 1.044827e+00
  370 1.039841e+00
  371 1.035157e+00
  372 1.030781e+00
  373 1.026719e+00
  374 1.022973e+00
  375 1.019547e+00
  376 1.016438e+00
  377 1.013640e+00
  378 1.011144e+00
  379 1.008940e+00
  380 1.007011e+00
  381 1.005342e+00
  382 1.003913e+00
  383 1.002707e+00
  384 1.001703e+00
  385 1.000881e+00
  386 1.000221e+00
  387 9.997047e-01
  388 9.993129e-01
  389 9.990285e-01
  390 9.988352e-01
  391 9.987183e-01
  392 9.986641e-01
  393 9.986604e-01
  394 9.986964e-01
  395 9.987625e-01
  396 9.988505e-01
  397 9.989533e-01
  398 9.990650e-01
  399 9.991806e-01
  400 9.992963e-01
  401 1.013523e+00
  402 1.016435e+00
  403 1.018606e+00
  404 1.018759e+00
  405 1.018246e+00
  406 1.017227e+00
  407 1.015969e+00
  408 1.014579e+00
  409 1.013140e+00
  410 1.011700e+00
  411 1.010293e+00
  412 1.008944e+00
  413 1.007670e+00
  414 1.006482e+00
  415 1.005390e+00
  416 1.004396e+00
  417 1.003503e+00
  418 1.002711e+00
  419 1.002018e+00
  420 1.001418e+00
  421 1.000908e+00
  422 1.000480e+00
  423 1.000129e+00
  424 9.998463e-01
  425 9.996258e-01
  426 9.994599e-01
  427 9.993415e-01
  428 9.992639e-01
  429 9.992208e-01
  430 9.992062e-01
  431 9.992148e-01
  432 9.992416e-01
  433 9.992824e-01
  434 9.993332e-01
  435 9.993909e-01
  436 9.994525e-01
  437 9.995157e-01
  438 9.995786e-01
  439 9.996398e-01
  440 9.996982e-01
  441 1.013176e+00
  442 1.027669e+00
  443 1.041197e+00
  444 1.052084e+00
  445 1.060154e+00
  446 1.065523e+00
  447 1.068525e+00
  448 1.069527e+00
  449 1.068891e+00
  450 1.066950e+00
  451 1.063999e+00
  452 1.060295e+00
  453 1.056059e+00
  454 1.051481e+00
  455 1.046719e+00
  456 1.041907e+00
  457 1.037154e+00
  458 1.032546e+00
  459 1.028151e+00
  460 1.024021e+00
  461 1.020192e+00
  462 1.016686e+00
  463 1.013516e+00
  464 1.010685e+00
  465 1.008188e+00
  466 1.006014e+00
  467 1.004147e+00
  468 1.002568e+00
  469 1.001255e+00
  470 1.000184e+00
  471 9.993322e-01
  472 9.986741e-01
  473 9.981861e-01
  474 9.978452e-01
  475 9.976296e-01
  476 9.975190e-01
  477 9.974946e-01
  478 9.975395e-01
  479 9.976384e-01
  480 9.977779e-01
  481 9.979463e-01
  482 9.981335e-01
  483 9.983311e-01
  484 9.985321e-01
  485 9.987306e-01
  486 9.989223e-01
  487 9.991038e-01
  488 9.992724e-01
  489 9.994266e-01
  490 9.995653e-01
  491 9.996882e-01
  492 9.997953e-01
  493 9.998870e-01
  494 9.999640e-01
  495 1.000027e+00
  496 1.000078e+00
  497 1.000117e+00
  498 1.000147e+00
  499 1.000167e+00
  500 1.000179e+00
  501 1.000185e+00
  502 1.000186e+00
  503 1.000182e+00
  504 1.000174e+00
  505 1.000164e+00
  506 1.000152e+00
  507 1.000139e+00
  508 1.000125e+00
  509 1.000111e+00
  510 1.000096e+00
  511 1.000083e+00
  512 1.000070e+00
  513 1.000057e+00
  514 1.000046e+00
  515 1.000036e+00
  516 1.000027e+00
  517 1.000019e+00
  518 1.000012e+00
  519 1.000006e+00
  520 1.000001e+00
  521 9.999971e-01
  522 9.999939e-01
  523 9.999914e-01
  524 9.999895e-01
  525 9.999883e-01
  526 9.999875e-01
  527 9.999871e-01
  528 9.999872e-01
  529 9.999874e-01
  530 9.999879e-01
  531 9.999886e-01
  532 9.999894e-01
  533 9.999902e-01
  534 9.999911e-01
  535 9.999921e-01
  536 9.999930e-01
  537 9.999939e-01
  538 9.999947e-01
  539 9.999955e-01
  540 9.999963e-01
  541 9.999969e-01
  542 9.999975e-01
  543 9.999980e-01
  544 9.999985e-01
  545 9.999989e-01
  546 9.999993e-01
  547 9.999995e-01
  548 9.999998e-01
  549 1.000000e+00
  550 1.000000e+00
  551 1.000000e+00
  552 1.000000e+00
  553 1.000000e+00
  554 1.000000e+00
  555 1.000000e+00
  556 1.000001e+00
  557 1.000001e+00
  558 1.000001e+00
  559 1.000001e+00
  560 1.000001e+00
  561 1.000001e+00
  562 1.000001e+00
  563 1.000001e+00
  564 1.000001e+00
  565 1.000001e+00
  566 1.000001e+00
  567 1.000001e+00
  568 1.000001e+00
  569 1.000001e+00
  570 1.000001e+00
  571 1.000001e+00
  572 1.000002e+00
  573 1.000002e+00
  574 1.000002e+00
  575 1.000002e+00
  576 1.000002e+00
  577 1.000002e+00
  578 1.000002e+00
  579 1.000002e+00
  580 1.000002e+00
  581 1.000002e+00
  582 1.000002e+00
  583 1.000002e+00
  584 1.000002e+00
  585 1.000002e+00
  586 1.000002e+00
  587 1.000002e+00
  588 1.000002e+00
  589 1.000002e+00
  590 1.000001e+00
  591 1.000001e+00
  592 1.000001e+00
  593 1.000001e+00
  594 1.000001e+00
  595 1.000001e+00
  596 1.000001e+00
  597 1.000001e+00
  598 1.000001e+00
  599 1.000001e+00
  600 1.000001e+00
  601 9.905917e-01
  602 9.887219e-01
  603 9.873411e-01
  604 9.872996e-01
  605 9.876961e-01
  606 9.884238e-01
  607 9.893042e-01
  608 9.902660e-01
  609 9.912550e-01
  610 9.922391e-01
  611 9.931955e-01
  612 9.941090e-01
  613 9.949685e-01
  614 9.957666e-01
  615 9.964985e-01
  616 9.971616e-01
  617 9.977551e-01
  618 9.982798e-01
  619 9.987377e-01
  620 9.991318e-01
  621 9.994659e-01
  622 9.997444e-01
  623 9.999718e-01
  624 1.000153e+00
  625 1.000294e+00
  626 1.000398e+00
  627 1.000471e+00
  628 1.000517e+00
  629 1.000540e+00
  630 1.000545e+00
  631 1.000535e+00
  632 1.000514e+00
  633 1.000484e+00
  634 1.000447e+00
  635 1.000406e+00
  636 1.000363e+00
  637 1.000320e+00
  638 1.000277e+00
  639 1.000235e+00
  640 1.000196e+00
  641 1.000159e+00
  642 1.000125e+00
  643 1.000095e+00
  644 1.000069e+00
  645 1.000045e+00
  646 1.000026e+00
  647 1.000009e+00
  648 9.999954e-01
  649 9.999846e-01
  650 9.999764e-01
  651 9.999703e-01
  652 9.999662e-01
  653 9.999638e-01
  654 9.999628e-01
  655 9.999630e-01
  656 9.999641e-01
  657 9.999660e-01
  658 9.999684e-01
  659 9.999712e-01
  660 9.999742e-01
  661 9.955031e-01
  662 9.906921e-01
  663 9.862009e-01
  664 9.825886e-01
  665 9.799131e-01
  666 9.781360e-01
  667 9.771463e-01
  668 9.768217e-01
  669 9.770411e-01
  670 9.776942e-01
  671 9.786826e-01
  672 9.799208e-01
  673 9.813352e-01
  674 9.828629e-01
  675 9.844508e-01
  676 9.860549e-01
  677 9.876390e-01
  678 9.891741e-01
  679 9.906378e-01
  680 9.920130e-01
  681 9.932879e-01
  682 9.944547e-01
  683 9.955096e-01
  684 9.964516e-01
  685 9.972823e-01
  686 9.980054e-01
  687 9.986262e-01
  688 9.991512e-01
  689 9.995877e-01
  690 9.999434e-01
  691 1.000226e+00
  692 1.000445e+00
  693 1.000607e+00
  694 1.000720e+00
  695 1.000791e+00
  696 1.000828e+00
  697 1.000835e+00
  698 1.000820e+00
  699 1.000787e+00
  700 1.000740e+00
  701 1.000684e+00
  702 1.000622e+00
  703 1.000556e+00
  704 1.000489e+00
  705 1.000423e+00
  706 1.000359e+00
  707 1.000298e+00
  708 1.000242e+00
  709 1.000191e+00
  710 1.000145e+00
  711 1.000104e+00
  712 1.000068e+00
  713 1.000038e+00
  714 1.000012e+00
  715 9.999912e-01
  716 9.999744e-01
  717 9.999613e-01
  718 9.999516e-01
  719 9.999449e-01
  720 9.999408e-01
  721 9.999388e-01
  722 9.999387e-01
  723 9.999400e-01
  724 9.999425e-01
  725 9.999459e-01
  726 9.999499e-01
  727 9.999543e-01
  728 9.999589e-01
  729 9.999637e-01
  730 9.999684e-01
  731 9.999729e-01
  732 9.999773e-01
  733 9.999813e-01
  734 9.999850e-01
  735 9.999884e-01
  736 9.999914e-01
  737 9.999941e-01
  738 9.999964e-01
  739 9.999983e-01
  740 1.000000e+00
  741 1.000001e+00
  742 1.000002e+00
  743 1.000003e+00
  744 1.000004e+00
  745 1.000004e+00
  746 1.000004e+00
  747 1.000005e+00
  748 1.000005e+00
  749 1.000004e+00
  750 1.000004e+00
  751 1.000004e+00
  752 1.000004e+00
  753 1.000003e+00
  754 1.000003e+00
  755 1.000003e+00
  756 1.000003e+00
  757 1.000002e+00
  758 1.000002e+00
  759 1.000002e+00
  760 1.000001e+00
  761 1.000001e+00
  762 1.000001e+00
  763 1.000001e+00
  764 1.000001e+00
  765 1.000001e+00
  766 1.000000e+00
  767 1.000000e+00
  768 1.000000e+00
  769 1.000000e+00
  770 1.000000e+00
  771 1.000000e+00
  772 1.000000e+00
  773 1.000000e+00
  774 1.000000e+00
  775 1.000000e+00
  776 1.000000e+00
  777 1.000000e+00
  778 1.000000e+00
  779 1.000000e+00
  780 1.000000e+00
  781 1.000000e+00
  782 1.000000e+00
  783 1.000000e+00
  784 1.000000e+00
  785 1.000000e+00
  786 1.000000e+00
  787 1.000000e+00
  788 1.000000e+00
  789 1.000000e+00
  790 1.000000e+00
  791 1.000000e+00
  792 1.000000e+00
  793 1.000000e+00
  794 1.000000e+00
  795 1.000000e+00
  796 1.000000e+00
  797 1.000000e+00
  798 1.000000e+00
  799 1.000000e+00
  800 1.000000e+00
