    1     0
    2     0
    3     0
    4     0
    5     0
    6     0
    7     0
    8     0
    9     0
   10     0
   11 2.316858e-01
   12 4.182268e-01
   13 5.798245e-01
   14 6.962287e-01
   15 7.771741e-01
   16 8.295663e-01
   17 8.616063e-01
   18 8.796212e-01
   19 8.885125e-01
   20 8.917709e-01
   21 8.918135e-01
   22 8.902433e-01
   23 8.880833e-01
   24 8.859510e-01
   25 8.841897e-01
   26 8.829617e-01
   27 8.823138e-01
   28 8.822224e-01
   29 8.826242e-01
   30 8.834363e-01
   31 8.845695e-01
   32 8.859365e-01
   33 8.874565e-01
   34 8.890584e-01
   35 8.906817e-01
   36 8.922768e-01
   37 8.938042e-01
   38 8.952344e-01
   39 8.965461e-01
   40 8.977255e-01
   41 8.987654e-01
   42 8.996637e-01
   43 9.004225e-01
   44 9.010475e-01
   45 9.015466e-01
   46 9.019299e-01
   47 9.022082e-01
   48 9.023933e-01
   49 9.024973e-01
   50 9.025316e-01
   51 9.025078e-01
   52 9.024363e-01
   53 9.023273e-01
   54 9.021895e-01
   55 9.020311e-01
   56 9.018592e-01
   57 9.016798e-01
   58 9.014982e-01
   59 9.013187e-01
   60 9.011449e-01
   61 9.009793e-01
   62 9.008241e-01
   63 9.006806e-01
   64 9.005499e-01
   65 9.004323e-01
   66 9.003281e-01
   67 9.002369e-01
   68 9.001583e-01
   69 9.000915e-01
   70 9.000359e-01
   71 8.999905e-01
   72 8.999544e-01
   73 8.999266e-01
   74 8.999061e-01
   75 8.998920e-01
   76 8.998832e-01
   77 8.998790e-01
   78 8.998786e-01
   79 8.998812e-01
   80 8.998862e-01
   81 8.998930e-01
   82 8.999011e-01
   83 8.999100e-01
   84 8.999193e-01
   85 8.999287e-01
   86 8.999381e-01
   87 8.999471e-01
   88 8.999556e-01
   89 8.999636e-01
   90 8.999709e-01
   91 8.999774e-01
   92 8.999833e-01
   93 8.999885e-01
   94 8.999929e-01
   95 8.999966e-01
   96 8.999997e-01
   97 9.000022e-01
   98 9.000043e-01
   99 9.000058e-01
  100 9.000069e-01
  101 9.000076e-01
  102 9.000079e-01
  103 9.000081e-01
  104 9.000080e-01
  105 9.000079e-01
  106 9.000075e-01
  107 9.000071e-01
  108 9.000065e-01
  109 9.000059e-01
  110 9.000053e-01
  111 9.000046e-01
  112 9.000039e-01
  113 9.000033e-01
  114 9.000028e-01
  115 9.000023e-01
  116 9.000019e-01
  117 9.000015e-01
  118 9.000011e-01
  119 9.000008e-01
  120 9.000005e-01
  121 8.905580e-01
  122 8.813203e-01
  123 8.741083e-01
  124 8.696705e-01
  125 8.676641e-01
  126 8.675719e-01
  127 8.688420e-01
  128 8.710083e-01
  129 8.737034e-01
  130 8.766543e-01
  131 8.796657e-01
  132 8.826038e-01
  133 8.853802e-01
  134 8.879407e-01
  135 8.902556e-01
  136 8.923126e-01
  137 8.941116e-01
  138 8.956612e-01
  139 8.969752e-01
  140 8.980714e-01
  141 8.989691e-01
  142 8.996891e-01
  143 9.002519e-01
  144 9.006776e-01
  145 9.009855e-01
  146 9.011934e-01
  147 9.013180e-01
  148 9.013744e-01
  149 9.013762e-01
  150 9.013354e-01
  151 9.012625e-01
  152 9.011666e-01
  153 9.010553e-01
  154 9.009352e-01
  155 9.008115e-01
  156 9.006885e-01
  157 9.005695e-01
  158 9.004570e-01
  159 9.003529e-01
  160 9.002582e-01
  161 9.001738e-01
  162 9.001000e-01
  163 9.000366e-01
  164 8.999834e-01
  165 8.999399e-01
  166 8.999052e-01
  167 8.998787e-01
  168 8.998596e-01
  169 8.998470e-01
  170 8.998398e-01
  171 8.998375e-01
  172 8.998391e-01
  173 8.998440e-01
  174 8.998513e-01
  175 8.998605e-01
  176 8.998710e-01
  177 8.998824e-01
  178 8.998944e-01
  179 8.999065e-01
  180 8.999183e-01
  181 8.999298e-01
  182 8.999406e-01
  183 8.999507e-01
  184 8.999600e-01
  185 8.999684e-01
  186 8.999759e-01
  187 8.999825e-01
  188 8.999882e-01
  189 8.999931e-01
  190 8.999972e-01
  191 9.000007e-01
  192 9.000036e-01
  193 9.000059e-01
  194 9.000076e-01
  195 9.000088e-01
  196 9.000096e-01
  197 9.000101e-01
  198 9.000102e-01
  199 9.000101e-01
  200 9.000098e-01
  201 8.888504e-01
  202 8.912743e-01
  203 8.936276e-01
  204 8.968344e-01
  205 8.993638e-01
  206 9.012435e-01
  207 9.024367e-01
  208 9.030795e-01
  209 9.033012e-01
  210 9.032273e-01
  211 9.029592e-01
  212 9.025760e-01
  213 9.021367e-01
  214 9.016835e-01
  215 9.012451e-01
  216 9.008403e-01
  217 9.004797e-01
  218 9.001690e-01
  219 8.999095e-01
  220 8.996999e-01
  221 8.884442e-01
  222 8.757035e-01
  223 8.637795e-01
  224 8.537373e-01
  225 8.455475e-01
  226 8.389424e-01
  227 8.335752e-01
  228 8.291414e-01
  229 8.253998e-01
  230 8.221739e-01
  231 8.193400e-01
  232 8.168146e-01
  233 8.145427e-01
  234 8.124890e-01
  235 8.106304e-01
  236 8.089515e-01
  237 8.074415e-01
  238 8.060915e-01
  239 8.048937e-01
  240 8.038401e-01
  241 8.312496e-01
  242 8.581719e-01
  243 8.791352e-01
  244 8.918846e-01
  245 8.974386e-01
  246 8.973393e-01
  247 8.932323e-01
  248 8.865064e-01
  249 8.782549e-01
  250 8.692881e-01
  251 8.601833e-01
  252 8.513353e-01
  253 8.430017e-01
  254 8.353394e-01
  255 8.284322e-01
  256 8.223124e-01
  257 8.169759e-01
  258 8.123939e-01
  259 8.085215e-01
  260 8.053034e-01
  261 8.026790e-01
  262 8.005852e-01
  263 7.989590e-01
  264 7.977393e-01
  265 7.968681e-01
  266 7.962909e-01
  267 7.959580e-01
  268 7.958241e-01
  269 7.958487e-01
  270 7.959961e-01
  271 7.962350e-01
  272 7.965388e-01
  273 7.968846e-01
  274 7.972537e-01
  275 7.976306e-01
  276 7.980028e-01
  277 7.983608e-01
  278 7.986975e-01
  279 7.990077e-01
  280 7.992882e-01
  281 7.995371e-01
  282 7.997538e-01
  283 7.999387e-01
  284 8.000931e-01
  285 8.002185e-01
  286 8.003173e-01
  287 8.003917e-01
  288 8.004445e-01
  289 8.004782e-01
  290 8.004955e-01
  291 8.004990e-01
  292 8.004910e-01
  293 8.004737e-01
  294 8.004494e-01
  295 8.004196e-01
  296 8.003862e-01
  297 8.003506e-01
  298 8.003138e-01
  299 8.002770e-01
  300 8.002410e-01
  301 8.002063e-01
  302 8.001736e-01
  303 8.001432e-01
  304 8.001154e-01
  305 8.000902e-01
  306 8.000678e-01
  307 8.000481e-01
  308 8.000310e-01
  309 8.000164e-01
  310 8.000043e-01
  311 7.999943e-01
  312 7.999864e-01
  313 7.999802e-01
  314 7.999756e-01
  315 7.999725e-01
  316 7.999706e-01
  317 7.999697e-01
  318 7.999697e-01
  319 7.999705e-01
  320 7.999717e-01
  321 7.999734e-01
  322 7.999754e-01
  323 7.999777e-01
  324 7.999800e-01
  325 7.999824e-01
  326 7.999847e-01
  327 7.999868e-01
  328 7.999889e-01
  329 7.999908e-01
  330 7.999924e-01
  331 7.999939e-01
  332 7.999952e-01
  333 7.999963e-01
  334 7.999973e-01
  335 7.999981e-01
  336 7.999987e-01
  337 7.999993e-01
  338 7.999996e-01
  339 7.999999e-01
  340 8.000001e-01
  341 8.000002e-01
  342 8.000003e-01
  343 8.000003e-01
  344 8.000003e-01
  345 8.000002e-01
  346 8.000001e-01
  347 8.000000e-01
  348 7.999999e-01
  349 7.999998e-01
  350 7.999997e-01
  351 7.999996e-01
  352 7.999995e-01
  353 7.999994e-01
  354 7.999993e-01
  355 7.999992e-01
  356 7.999991e-01
  357 7.999991e-01
  358 7.999990e-01
  359 7.999990e-01
  360 7.999990e-01
  361 7.905566e-01
  362 7.813191e-01
  363 7.741072e-01
  364 7.696696e-01
  365 7.676633e-01
  366 7.675712e-01
  367 7.688413e-01
  368 7.710077e-01
  369 7.737027e-01
  370 7.766535e-01
  371 7.796650e-01
  372 7.826031e-01
  373 7.853795e-01
  374 7.879401e-01
  375 7.902551e-01
  376 7.923121e-01
  377 7.941111e-01
  378 7.956607e-01
  379 7.969746e-01
  380 7.980707e-01
  381 7.989685e-01
  382 7.996885e-01
  383 8.002512e-01
  384 8.006769e-01
  385 8.009847e-01
  386 8.011927e-01
  387 8.013173e-01
  388 8.013738e-01
  389 8.013756e-01
  390 8.013349e-01
  391 8.012620e-01
  392 8.011660e-01
  393 8.010548e-01
  394 8.009346e-01
  395 8.008109e-01
  396 8.006878e-01
  397 8.005688e-01
  398 8.004562e-01
  399 8.003520e-01
  400 8.002572e-01
  401 8.135636e-01
  402 8.105804e-01
  403 8.076921e-01
  404 8.037899e-01
  405 8.007100e-01
  406 7.984186e-01
  407 7.969589e-01
  408 7.961671e-01
  409 7.958871e-01
  410 7.959679e-01
  411 7.962865e-01
  412 7.967470e-01
  413 7.972779e-01
  414 7.978282e-01
  415 7.983627e-01
  416 7.988588e-01
  417 7.993028e-01
  418 7.996877e-01
  419 8.000116e-01
  420 8.002754e-01
  421 8.004827e-01
  422 8.006381e-01
  423 8.007473e-01
  424 8.008162e-01
  425 8.008506e-01
  426 8.008565e-01
  427 8.008392e-01
  428 8.008037e-01
  429 8.007544e-01
  430 8.006954e-01
  431 8.006301e-01
  432 8.005613e-01
  433 8.004914e-01
  434 8.004225e-01
  435 8.003560e-01
  436 8.002931e-01
  437 8.002346e-01
  438 8.001811e-01
  439 8.001330e-01
  440 8.000905e-01
  441 8.333324e-01
  442 8.711628e-01
  443 9.066622e-01
  444 9.366193e-01
  445 9.611074e-01
  446 9.809145e-01
  447 9.970675e-01
  448 1.010467e+00
  449 1.021824e+00
  450 1.031659e+00
  451 1.040334e+00
  452 1.048092e+00
  453 1.055091e+00
  454 1.061433e+00
  455 1.067184e+00
  456 1.072385e+00
  457 1.077067e+00
  458 1.081255e+00
  459 1.084973e+00
  460 1.088244e+00
  461 1.091091e+00
  462 1.093543e+00
  463 1.095627e+00
  464 1.097372e+00
  465 1.098810e+00
  466 1.099970e+00
  467 1.100884e+00
  468 1.101580e+00
  469 1.102088e+00
  470 1.102434e+00
  471 1.102644e+00
  472 1.102740e+00
  473 1.102744e+00
  474 1.102674e+00
  475 1.102549e+00
  476 1.102382e+00
  477 1.102186e+00
  478 1.101972e+00
  479 1.101749e+00
  480 1.101526e+00
  481 1.101306e+00
  482 1.101096e+00
  483 1.100899e+00
  484 1.100717e+00
  485 1.100552e+00
  486 1.100405e+00
  487 1.100275e+00
  488 1.100163e+00
  489 1.100068e+00
  490 1.099989e+00
  491 1.099926e+00
  492 1.099875e+00
  493 1.099838e+00
  494 1.099810e+00
  495 1.099793e+00
  496 1.099783e+00
  497 1.099780e+00
  498 1.099783e+00
  499 1.099791e+00
  500 1.099801e+00
  501 1.099815e+00
  502 1.099830e+00
  503 1.099846e+00
  504 1.099862e+00
  505 1.099879e+00
  506 1.099895e+00
  507 1.099911e+00
  508 1.099926e+00
  509 1.099939e+00
  510 1.099952e+00
  511 1.099963e+00
  512 1.099973e+00
  513 1.099982e+00
  514 1.099989e+00
  515 1.099995e+00
  516 1.100001e+00
  517 1.100005e+00
  518 1.100008e+00
  519 1.100011e+00
  520 1.100013e+00
  521 1.100014e+00
  522 1.100014e+00
  523 1.100015e+00
  524 1.100015e+00
  525 1.100014e+00
  526 1.100014e+00
  527 1.100013e+00
  528 1.100012e+00
  529 1.100011e+00
  530 1.100010e+00
  531 1.100009e+00
  532 1.100008e+00
  533 1.100007e+00
  534 1.100006e+00
  535 1.100005e+00
  536 1.100004e+00
  537 1.100004e+00
  538 1.100003e+00
  539 1.100002e+00
  540 1.100002e+00
  541 1.100002e+00
  542 1.100001e+00
  543 1.100001e+00
  544 1.100001e+00
  545 1.100000e+00
  546 1.100000e+00
  547 1.100000e+00
  548 1.100000e+00
  549 1.100000e+00
  550 1.100000e+00
  551 1.100000e+00
  552 1.100000e+00
  553 1.100000e+00
  554 1.100000e+00
  555 1.100000e+00
  556 1.100000e+00
  557 1.100000e+00
  558 1.100001e+00
  559 1.100001e+00
  560 1.100001e+00
  561 1.100001e+00
  562 1.100001e+00
  563 1.100002e+00
  564 1.100002e+00
  565 1.100002e+00
  566 1.100002e+00
  567 1.100002e+00
  568 1.100003e+00
  569 1.100003e+00
  570 1.100003e+00
  571 1.100003e+00
  572 1.100002e+00
  573 1.100002e+00
  574 1.100002e+00
  575 1.100002e+00
  576 1.100002e+00
  577 1.100002e+00
  578 1.100002e+00
  579 1.100001e+00
  580 1.100001e+00
  581 1.100001e+00
  582 1.100001e+00
  583 1.100001e+00
  584 1.100001e+00
  585 1.100001e+00
  586 1.100001e+00
  587 1.100001e+00
  588 1.100001e+00
  589 1.100001e+00
  590 1.100001e+00
  591 1.100001e+00
  592 1.100001e+00
  593 1.100001e+00
  594 1.100000e+00
  595 1.100001e+00
  596 1.100001e+00
  597 1.100001e+00
  598 1.100001e+00
  599 1.100001e+00
  600 1.100001e+00
  601 1.091074e+00
  602 1.093014e+00
  603 1.094897e+00
  604 1.097463e+00
  605 1.099487e+00
  606 1.100992e+00
  607 1.101947e+00
  608 1.102462e+00
  609 1.102641e+00
  610 1.102582e+00
  611 1.102368e+00
  612 1.102062e+00
  613 1.101711e+00
  614 1.101350e+00
  615 1.100999e+00
  616 1.100676e+00
  617 1.100387e+00
  618 1.100138e+00
  619 1.099930e+00
  620 1.099762e+00
  621 1.099632e+00
  622 1.099535e+00
  623 1.099469e+00
  624 1.099429e+00
  625 1.099412e+00
  626 1.099413e+00
  627 1.099429e+00
  628 1.099456e+00
  629 1.099492e+00
  630 1.099534e+00
  631 1.099580e+00
  632 1.099628e+00
  633 1.099676e+00
  634 1.099723e+00
  635 1.099768e+00
  636 1.099810e+00
  637 1.099849e+00
  638 1.099885e+00
  639 1.099917e+00
  640 1.099945e+00
  641 1.099969e+00
  642 1.099990e+00
  643 1.100007e+00
  644 1.100021e+00
  645 1.100032e+00
  646 1.100041e+00
  647 1.100047e+00
  648 1.100051e+00
  649 1.100053e+00
  650 1.100053e+00
  651 1.100053e+00
  652 1.100051e+00
  653 1.100048e+00
  654 1.100045e+00
  655 1.100042e+00
  656 1.100038e+00
  657 1.100034e+00
  658 1.100030e+00
  659 1.100026e+00
  660 1.100022e+00
  661 1.088926e+00
  662 1.076302e+00
  663 1.064456e+00
  664 1.054461e+00
  665 1.046290e+00
  666 1.039681e+00
  667 1.034292e+00
  668 1.029822e+00
  669 1.026033e+00
  670 1.022754e+00
  671 1.019861e+00
  672 1.017276e+00
  673 1.014943e+00
  674 1.012830e+00
  675 1.010915e+00
  676 1.009183e+00
  677 1.007625e+00
  678 1.006231e+00
  679 1.004993e+00
  680 1.003905e+00
  681 1.002958e+00
  682 1.002143e+00
  683 1.001450e+00
  684 1.000869e+00
  685 1.000392e+00
  686 1.000006e+00
  687 9.997028e-01
  688 9.994716e-01
  689 9.993031e-01
  690 9.991885e-01
  691 9.991192e-01
  692 9.990876e-01
  693 9.990866e-01
  694 9.991100e-01
  695 9.991520e-01
  696 9.992078e-01
  697 9.992732e-01
  698 9.993444e-01
  699 9.994186e-01
  700 9.994931e-01
  701 9.995661e-01
  702 9.996360e-01
  703 9.997016e-01
  704 9.997622e-01
  705 9.998171e-01
  706 9.998661e-01
  707 9.999092e-01
  708 9.999464e-01
  709 9.999779e-01
  710 1.000004e+00
  711 1.000025e+00
  712 1.000042e+00
  713 1.000054e+00
  714 1.000063e+00
  715 1.000069e+00
  716 1.000072e+00
  717 1.000073e+00
  718 1.000072e+00
  719 1.000070e+00
  720 1.000066e+00
  721 1.000062e+00
  722 1.000057e+00
  723 1.000051e+00
  724 1.000046e+00
  725 1.000040e+00
  726 1.000035e+00
  727 1.000030e+00
  728 1.000025e+00
  729 1.000020e+00
  730 1.000016e+00
  731 1.000012e+00
  732 1.000009e+00
  733 1.000006e+00
  734 1.000004e+00
  735 1.000002e+00
  736 9.999999e-01
  737 9.999984e-01
  738 9.999973e-01
  739 9.999965e-01
  740 9.999959e-01
  741 9.999955e-01
  742 9.999952e-01
  743 9.999952e-01
  744 9.999952e-01
  745 9.999953e-01
  746 9.999956e-01
  747 9.999958e-01
  748 9.999961e-01
  749 9.999965e-01
  750 9.999968e-01
  751 9.999971e-01
  752 9.999975e-01
  753 9.999978e-01
  754 9.999981e-01
  755 9.999984e-01
  756 9.999986e-01
  757 9.999989e-01
  758 9.999991e-01
  759 9.999993e-01
  760 9.999994e-01
  761 9.999995e-01
  762 9.999997e-01
  763 9.999998e-01
  764 9.999998e-01
  765 9.999999e-01
  766 9.999999e-01
  767 9.999999e-01
  768 1.000000e+00
  769 1.000000e+00
  770 1.000000e+00
  771 1.000000e+00
  772 1.000000e+00
  773 1.000000e+00
  774 1.000000e+00
  775 9.999999e-01
  776 9.999999e-01
  777 9.999999e-01
  778 9.999999e-01
  779 9.999999e-01
  780 9.999998e-01
  781 9.999998e-01
  782 9.999998e-01
  783 9.999998e-01
  784 9.999998e-01
  785 9.999998e-01
  786 9.999998e-01
  787 9.999998e-01
  788 9.999998e-01
  789 9.999998e-01
  790 9.999998e-01
  791 9.999998e-01
  792 9.999998e-01
  793 9.999998e-01
  794 9.999998e-01
  795 9.999998e-01
  796 9.999998e-01
  797 9.999997e-01
  798 9.999997e-01
  799 9.999996e-01
  800 9.999995e-01
