    1     0
    2     0
    3     0
    4     0
    5     0
    6     0
    7     0
    8     0
    9     0
   10     0
   11 5.339988e-01
   12 6.999383e-01
   13 8.477947e-01
   14 9.255546e-01
   15 9.773848e-01
   16 1.007977e+00
   17 1.026765e+00
   18 1.037760e+00
   19 1.044059e+00
   20 1.047458e+00
   21 1.049142e+00
   22 1.049838e+00
   23 1.050002e+00
   24 1.049908e+00
   25 1.049714e+00
   26 1.049512e+00
   27 1.049344e+00
   28 1.049228e+00
   29 1.049168e+00
   30 1.049157e+00
   31 1.049186e+00
   32 1.049244e+00
   33 1.049322e+00
   34 1.049411e+00
   35 1.049503e+00
   36 1.049593e+00
   37 1.049677e+00
   38 1.049753e+00
   39 1.049820e+00
   40 1.049876e+00
   41 1.049923e+00
   42 1.049960e+00
   43 1.049988e+00
   44 1.050009e+00
   45 1.050024e+00
   46 1.050034e+00
   47 1.050039e+00
   48 1.050041e+00
   49 1.050040e+00
   50 1.050038e+00
   51 1.050035e+00
   52 1.050031e+00
   53 1.050027e+00
   54 1.050023e+00
   55 1.050019e+00
   56 1.050016e+00
   57 1.050012e+00
   58 1.050010e+00
   59 1.050008e+00
   60 1.050006e+00
   61 1.050004e+00
   62 1.050003e+00
   63 1.050002e+00
   64 1.050002e+00
   65 1.050001e+00
   66 1.050001e+00
   67 1.050001e+00
   68 1.050001e+00
   69 1.050001e+00
   70 1.050001e+00
   71 1.050001e+00
   72 1.050002e+00
   73 1.050002e+00
   74 1.050002e+00
   75 1.050002e+00
   76 1.050002e+00
   77 1.050002e+00
   78 1.050002e+00
   79 1.050002e+00
   80 1.050002e+00
   81 1.050002e+00
   82 1.050002e+00
   83 1.050002e+00
   84 1.050002e+00
   85 1.050002e+00
   86 1.050002e+00
   87 1.050002e+00
   88 1.050002e+00
   89 1.050002e+00
   90 1.050002e+00
   91 1.050001e+00
   92 1.050001e+00
   93 1.050002e+00
   94 1.050001e+00
   95 1.050002e+00
   96 1.050001e+00
   97 1.050001e+00
   98 1.050002e+00
   99 1.050002e+00
  100 1.050002e+00
  101 1.050002e+00
  102 1.050001e+00
  103 1.050001e+00
  104 1.050001e+00
  105 1.050001e+00
  106 1.050001e+00
  107 1.050001e+00
  108 1.050001e+00
  109 1.050001e+00
  110 1.050001e+00
  111 1.050001e+00
  112 1.050001e+00
  113 1.050001e+00
  114 1.050001e+00
  115 1.050001e+00
  116 1.050001e+00
  117 1.050001e+00
  118 1.050001e+00
  119 1.050001e+00
  120 1.050001e+00
  121 1.044229e+00
  122 1.043840e+00
  123 1.043556e+00
  124 1.043997e+00
  125 1.044562e+00
  126 1.045225e+00
  127 1.045891e+00
  128 1.046533e+00
  129 1.047129e+00
  130 1.047669e+00
  131 1.048147e+00
  132 1.048562e+00
  133 1.048915e+00
  134 1.049209e+00
  135 1.049450e+00
  136 1.049642e+00
  137 1.049792e+00
  138 1.049905e+00
  139 1.049988e+00
  140 1.050045e+00
  141 1.050082e+00
  142 1.050104e+00
  143 1.050113e+00
  144 1.050114e+00
  145 1.050108e+00
  146 1.050099e+00
  147 1.050087e+00
  148 1.050074e+00
  149 1.050061e+00
  150 1.050049e+00
  151 1.050038e+00
  152 1.050029e+00
  153 1.050020e+00
  154 1.050013e+00
  155 1.050008e+00
  156 1.050004e+00
  157 1.050000e+00
  158 1.049998e+00
  159 1.049997e+00
  160 1.049996e+00
  161 1.049995e+00
  162 1.049995e+00
  163 1.049995e+00
  164 1.049996e+00
  165 1.049996e+00
  166 1.049997e+00
  167 1.049997e+00
  168 1.049998e+00
  169 1.049998e+00
  170 1.049998e+00
  171 1.049999e+00
  172 1.049999e+00
  173 1.049999e+00
  174 1.049999e+00
  175 1.050000e+00
  176 1.050000e+00
  177 1.050000e+00
  178 1.050000e+00
  179 1.050000e+00
  180 1.050000e+00
  181 1.050000e+00
  182 1.050000e+00
  183 1.050000e+00
  184 1.050000e+00
  185 1.050000e+00
  186 1.050000e+00
  187 1.050000e+00
  188 1.050000e+00
  189 1.049999e+00
  190 1.049999e+00
  191 1.049999e+00
  192 1.049999e+00
  193 1.049999e+00
  194 1.049999e+00
  195 1.049999e+00
  196 1.049999e+00
  197 1.049999e+00
  198 1.049999e+00
  199 1.049999e+00
  200 1.050000e+00
  201 9.439983e-01
  202 9.032481e-01
  203 8.671135e-01
  204 8.455545e-01
  205 8.304289e-01
  206 8.205515e-01
  207 8.138877e-01
  208 8.094464e-01
  209 8.064707e-01
  210 8.044922e-01
  211 8.031794e-01
  212 8.022847e-01
  213 8.016669e-01
  214 8.012313e-01
  215 8.009187e-01
  216 8.006901e-01
  217 8.005203e-01
  218 8.003927e-01
  219 8.002957e-01
  220 8.002218e-01
  221 7.960717e-01
  222 7.969966e-01
  223 7.976828e-01
  224 7.986391e-01
  225 7.993563e-01
  226 7.998917e-01
  227 8.002402e-01
  228 8.004470e-01
  229 8.005474e-01
  230 8.005740e-01
  231 8.005520e-01
  232 8.005007e-01
  233 8.004343e-01
  234 8.003625e-01
  235 8.002922e-01
  236 8.002272e-01
  237 8.001702e-01
  238 8.001220e-01
  239 8.000829e-01
  240 8.000522e-01
  241 8.173456e-01
  242 8.184944e-01
  243 8.193353e-01
  244 8.180066e-01
  245 8.163083e-01
  246 8.143205e-01
  247 8.123241e-01
  248 8.103996e-01
  249 8.086142e-01
  250 8.069981e-01
  251 8.055678e-01
  252 8.043270e-01
  253 8.032716e-01
  254 8.023914e-01
  255 8.016721e-01
  256 8.010974e-01
  257 8.006496e-01
  258 8.003106e-01
  259 8.000633e-01
  260 7.998912e-01
  261 7.997795e-01
  262 7.997151e-01
  263 7.996867e-01
  264 7.996845e-01
  265 7.997005e-01
  266 7.997282e-01
  267 7.997627e-01
  268 7.998001e-01
  269 7.998377e-01
  270 7.998733e-01
  271 7.999057e-01
  272 7.999342e-01
  273 7.999585e-01
  274 7.999785e-01
  275 7.999946e-01
  276 8.000071e-01
  277 8.000164e-01
  278 8.000229e-01
  279 8.000271e-01
  280 8.000296e-01
  281 8.000306e-01
  282 8.000304e-01
  283 8.000296e-01
  284 8.000283e-01
  285 8.000266e-01
  286 8.000249e-01
  287 8.000230e-01
  288 8.000213e-01
  289 8.000197e-01
  290 8.000182e-01
  291 8.000168e-01
  292 8.000157e-01
  293 8.000147e-01
  294 8.000139e-01
  295 8.000132e-01
  296 8.000126e-01
  297 8.000122e-01
  298 8.000118e-01
  299 8.000115e-01
  300 8.000113e-01
  301 8.000111e-01
  302 8.000109e-01
  303 8.000108e-01
  304 8.000107e-01
  305 8.000105e-01
  306 8.000104e-01
  307 8.000102e-01
  308 8.000100e-01
  309 8.000099e-01
  310 8.000097e-01
  311 8.000095e-01
  312 8.000094e-01
  313 8.000093e-01
  314 8.000092e-01
  315 8.000092e-01
  316 8.000093e-01
  317 8.000093e-01
  318 8.000082e-01
  319 8.000046e-01
  320 7.999969e-01
  321 7.999853e-01
  322 7.999745e-01
  323 7.999656e-01
  324 7.999591e-01
  325 7.999550e-01
  326 7.999529e-01
  327 7.999526e-01
  328 7.999538e-01
  329 7.999559e-01
  330 7.999587e-01
  331 7.999618e-01
  332 7.999651e-01
  333 7.999683e-01
  334 7.999714e-01
  335 7.999743e-01
  336 7.999769e-01
  337 7.999792e-01
  338 7.999812e-01
  339 7.999829e-01
  340 7.999844e-01
  341 7.999855e-01
  342 7.999865e-01
  343 7.999872e-01
  344 7.999878e-01
  345 7.999883e-01
  346 7.999887e-01
  347 7.999890e-01
  348 7.999893e-01
  349 7.999895e-01
  350 7.999897e-01
  351 7.999899e-01
  352 7.999901e-01
  353 7.999902e-01
  354 7.999904e-01
  355 7.999906e-01
  356 7.999907e-01
  357 7.999909e-01
  358 7.999911e-01
  359 7.999913e-01
  360 7.999915e-01
  361 7.942196e-01
  362 7.938314e-01
  363 7.935477e-01
  364 7.939886e-01
  365 7.945539e-01
  366 7.952166e-01
  367 7.958828e-01
  368 7.965254e-01
  369 7.971219e-01
  370 7.976620e-01
  371 7.981402e-01
  372 7.985551e-01
  373 7.989081e-01
  374 7.992026e-01
  375 7.994432e-01
  376 7.996355e-01
  377 7.997854e-01
  378 7.998988e-01
  379 7.999816e-01
  380 8.000392e-01
  381 8.000765e-01
  382 8.000980e-01
  383 8.001075e-01
  384 8.001082e-01
  385 8.001028e-01
  386 8.000935e-01
  387 8.000819e-01
  388 8.000694e-01
  389 8.000567e-01
  390 8.000448e-01
  391 8.000339e-01
  392 8.000243e-01
  393 8.000161e-01
  394 8.000093e-01
  395 8.000038e-01
  396 7.999995e-01
  397 7.999963e-01
  398 7.999944e-01
  399 7.999941e-01
  400 7.999959e-01
  401 9.272012e-01
  402 9.761054e-01
  403 1.019470e+00
  404 1.045343e+00
  405 1.063495e+00
  406 1.075347e+00
  407 1.083345e+00
  408 1.088683e+00
  409 1.092280e+00
  410 1.094710e+00
  411 1.096362e+00
  412 1.097493e+00
  413 1.098272e+00
  414 1.098812e+00
  415 1.099190e+00
  416 1.099454e+00
  417 1.099641e+00
  418 1.099772e+00
  419 1.099865e+00
  420 1.099930e+00
  421 1.099976e+00
  422 1.100008e+00
  423 1.100030e+00
  424 1.100044e+00
  425 1.100053e+00
  426 1.100057e+00
  427 1.100058e+00
  428 1.100056e+00
  429 1.100053e+00
  430 1.100049e+00
  431 1.100045e+00
  432 1.100040e+00
  433 1.100036e+00
  434 1.100031e+00
  435 1.100027e+00
  436 1.100023e+00
  437 1.100019e+00
  438 1.100020e+00
  439 1.100028e+00
  440 1.100049e+00
  441 1.112363e+00
  442 1.109491e+00
  443 1.107362e+00
  444 1.104441e+00
  445 1.102251e+00
  446 1.100615e+00
  447 1.099546e+00
  448 1.098908e+00
  449 1.098592e+00
  450 1.098501e+00
  451 1.098558e+00
  452 1.098704e+00
  453 1.098897e+00
  454 1.099107e+00
  455 1.099314e+00
  456 1.099504e+00
  457 1.099672e+00
  458 1.099813e+00
  459 1.099927e+00
  460 1.100015e+00
  461 1.100081e+00
  462 1.100127e+00
  463 1.100156e+00
  464 1.100172e+00
  465 1.100177e+00
  466 1.100175e+00
  467 1.100167e+00
  468 1.100156e+00
  469 1.100142e+00
  470 1.100128e+00
  471 1.100114e+00
  472 1.100100e+00
  473 1.100088e+00
  474 1.100077e+00
  475 1.100067e+00
  476 1.100059e+00
  477 1.100052e+00
  478 1.100046e+00
  479 1.100042e+00
  480 1.100038e+00
  481 1.100036e+00
  482 1.100034e+00
  483 1.100032e+00
  484 1.100031e+00
  485 1.100030e+00
  486 1.100030e+00
  487 1.100030e+00
  488 1.100029e+00
  489 1.100029e+00
  490 1.100029e+00
  491 1.100028e+00
  492 1.100028e+00
  493 1.100028e+00
  494 1.100027e+00
  495 1.100027e+00
  496 1.100026e+00
  497 1.100026e+00
  498 1.100025e+00
  499 1.100025e+00
  500 1.100024e+00
  501 1.100024e+00
  502 1.100023e+00
  503 1.100023e+00
  504 1.100022e+00
  505 1.100022e+00
  506 1.100021e+00
  507 1.100021e+00
  508 1.100020e+00
  509 1.100020e+00
  510 1.100019e+00
  511 1.100019e+00
  512 1.100018e+00
  513 1.100018e+00
  514 1.100017e+00
  515 1.100017e+00
  516 1.100017e+00
  517 1.100016e+00
  518 1.100016e+00
  519 1.100015e+00
  520 1.100015e+00
  521 1.100015e+00
  522 1.100014e+00
  523 1.100014e+00
  524 1.100014e+00
  525 1.100013e+00
  526 1.100013e+00
  527 1.100013e+00
  528 1.100012e+00
  529 1.100012e+00
  530 1.100012e+00
  531 1.100012e+00
  532 1.100011e+00
  533 1.100011e+00
  534 1.100011e+00
  535 1.100011e+00
  536 1.100010e+00
  537 1.100010e+00
  538 1.100010e+00
  539 1.100010e+00
  540 1.100009e+00
  541 1.100009e+00
  542 1.100009e+00
  543 1.100009e+00
  544 1.100009e+00
  545 1.100008e+00
  546 1.100008e+00
  547 1.100008e+00
  548 1.100008e+00
  549 1.100008e+00
  550 1.100007e+00
  551 1.100007e+00
  552 1.100007e+00
  553 1.100007e+00
  554 1.100007e+00
  555 1.100007e+00
  556 1.100007e+00
  557 1.100007e+00
  558 1.100006e+00
  559 1.100003e+00
  560 1.099995e+00
  561 1.099983e+00
  562 1.099973e+00
  563 1.099964e+00
  564 1.099957e+00
  565 1.099953e+00
  566 1.099951e+00
  567 1.099951e+00
  568 1.099952e+00
  569 1.099954e+00
  570 1.099957e+00
  571 1.099960e+00
  572 1.099963e+00
  573 1.099967e+00
  574 1.099970e+00
  575 1.099973e+00
  576 1.099975e+00
  577 1.099978e+00
  578 1.099980e+00
  579 1.099981e+00
  580 1.099983e+00
  581 1.099984e+00
  582 1.099985e+00
  583 1.099986e+00
  584 1.099986e+00
  585 1.099987e+00
  586 1.099987e+00
  587 1.099988e+00
  588 1.099988e+00
  589 1.099988e+00
  590 1.099988e+00
  591 1.099989e+00
  592 1.099989e+00
  593 1.099989e+00
  594 1.099989e+00
  595 1.099990e+00
  596 1.099990e+00
  597 1.099990e+00
  598 1.099990e+00
  599 1.099989e+00
  600 1.099986e+00
  601 1.015180e+00
  602 9.825754e-01
  603 9.536642e-01
  604 9.364147e-01
  605 9.243133e-01
  606 9.164116e-01
  607 9.110803e-01
  608 9.075224e-01
  609 9.051250e-01
  610 9.035061e-01
  611 9.024054e-01
  612 9.016527e-01
  613 9.011342e-01
  614 9.007748e-01
  615 9.005240e-01
  616 9.003482e-01
  617 9.002246e-01
  618 9.001377e-01
  619 9.000770e-01
  620 9.000349e-01
  621 9.000062e-01
  622 8.999873e-01
  623 8.999755e-01
  624 8.999685e-01
  625 8.999652e-01
  626 8.999643e-01
  627 8.999650e-01
  628 8.999668e-01
  629 8.999693e-01
  630 8.999720e-01
  631 8.999747e-01
  632 8.999773e-01
  633 8.999798e-01
  634 8.999820e-01
  635 8.999840e-01
  636 8.999858e-01
  637 8.999874e-01
  638 8.999884e-01
  639 8.999883e-01
  640 8.999857e-01
  641 8.999792e-01
  642 8.999695e-01
  643 8.999588e-01
  644 8.999486e-01
  645 8.999399e-01
  646 8.999335e-01
  647 8.999292e-01
  648 8.999270e-01
  649 8.999267e-01
  650 8.999278e-01
  651 8.999300e-01
  652 8.999329e-01
  653 8.999364e-01
  654 8.999401e-01
  655 8.999437e-01
  656 8.999474e-01
  657 8.999508e-01
  658 8.999539e-01
  659 8.999568e-01
  660 8.999593e-01
  661 8.958677e-01
  662 8.968372e-01
  663 8.975571e-01
  664 8.985384e-01
  665 8.992736e-01
  666 8.998219e-01
  667 9.001791e-01
  668 9.003915e-01
  669 9.004950e-01
  670 9.005231e-01
  671 9.005015e-01
  672 9.004498e-01
  673 9.003826e-01
  674 9.003099e-01
  675 9.002385e-01
  676 9.001727e-01
  677 9.001150e-01
  678 9.000664e-01
  679 9.000270e-01
  680 8.999963e-01
  681 8.999736e-01
  682 8.999576e-01
  683 8.999474e-01
  684 8.999419e-01
  685 8.999399e-01
  686 8.999406e-01
  687 8.999432e-01
  688 8.999470e-01
  689 8.999515e-01
  690 8.999564e-01
  691 8.999612e-01
  692 8.999658e-01
  693 8.999701e-01
  694 8.999739e-01
  695 8.999771e-01
  696 8.999799e-01
  697 8.999823e-01
  698 8.999842e-01
  699 8.999857e-01
  700 8.999869e-01
  701 8.999878e-01
  702 8.999885e-01
  703 8.999890e-01
  704 8.999894e-01
  705 8.999896e-01
  706 8.999898e-01
  707 8.999899e-01
  708 8.999900e-01
  709 8.999901e-01
  710 8.999902e-01
  711 8.999903e-01
  712 8.999904e-01
  713 8.999905e-01
  714 8.999906e-01
  715 8.999908e-01
  716 8.999909e-01
  717 8.999911e-01
  718 8.999913e-01
  719 8.999914e-01
  720 8.999916e-01
  721 8.999918e-01
  722 8.999920e-01
  723 8.999922e-01
  724 8.999923e-01
  725 8.999925e-01
  726 8.999927e-01
  727 8.999929e-01
  728 8.999931e-01
  729 8.999932e-01
  730 8.999934e-01
  731 8.999936e-01
  732 8.999937e-01
  733 8.999939e-01
  734 8.999940e-01
  735 8.999941e-01
  736 8.999943e-01
  737 8.999944e-01
  738 8.999945e-01
  739 8.999947e-01
  740 8.999948e-01
  741 8.999949e-01
  742 8.999950e-01
  743 8.999952e-01
  744 8.999953e-01
  745 8.999954e-01
  746 8.999955e-01
  747 8.999956e-01
  748 8.999957e-01
  749 8.999958e-01
  750 8.999959e-01
  751 8.999960e-01
  752 8.999961e-01
  753 8.999962e-01
  754 8.999963e-01
  755 8.999963e-01
  756 8.999964e-01
  757 8.999965e-01
  758 8.999966e-01
  759 8.999967e-01
  760 8.999967e-01
  761 8.999968e-01
  762 8.999969e-01
  763 8.999970e-01
  764 8.999970e-01
  765 8.999971e-01
  766 8.999972e-01
  767 8.999972e-01
  768 8.999973e-01
  769 8.999973e-01
  770 8.999974e-01
  771 8.999975e-01
  772 8.999975e-01
  773 8.999976e-01
  774 8.999976e-01
  775 8.999977e-01
  776 8.999977e-01
  777 8.999978e-01
  778 8.999978e-01
  779 8.999979e-01
  780 8.999979e-01
  781 8.999980e-01
  782 8.999980e-01
  783 8.999981e-01
  784 8.999981e-01
  785 8.999981e-01
  786 8.999982e-01
  787 8.999982e-01
  788 8.999983e-01
  789 8.999983e-01
  790 8.999983e-01
  791 8.999984e-01
  792 8.999984e-01
  793 8.999984e-01
  794 8.999985e-01
  795 8.999984e-01
  796 8.999984e-01
  797 8.999984e-01
  798 8.999987e-01
  799 8.999997e-01
  800 9.000018e-01
