    1     0
    2     0
    3     0
    4     0
    5     0
    6     0
    7     0
    8     0
    9     0
   10     0
   11 9.010863e-02
   12 2.021030e-01
   13 3.109926e-01
   14 4.086371e-01
   15 4.933459e-01
   16 5.657539e-01
   17 6.271996e-01
   18 6.791103e-01
   19 7.227945e-01
   20 7.593921e-01
   21 7.898831e-01
   22 8.151119e-01
   23 8.358126e-01
   24 8.526291e-01
   25 8.661304e-01
   26 8.768205e-01
   27 8.851467e-01
   28 8.915042e-01
   29 8.962403e-01
   30 8.996582e-01
   31 9.020198e-01
   32 9.035495e-01
   33 9.044366e-01
   34 9.048396e-01
   35 9.048887e-01
   36 9.046898e-01
   37 9.043271e-01
   38 9.038664e-01
   39 9.033580e-01
   40 9.028391e-01
   41 9.023363e-01
   42 9.018675e-01
   43 9.014438e-01
   44 9.010711e-01
   45 9.007514e-01
   46 9.004837e-01
   47 9.002651e-01
   48 9.000912e-01
   49 8.999571e-01
   50 8.998577e-01
   51 8.997876e-01
   52 8.997418e-01
   53 8.997157e-01
   54 8.997050e-01
   55 8.997062e-01
   56 8.997161e-01
   57 8.997321e-01
   58 8.997518e-01
   59 8.997738e-01
   60 8.997965e-01
   61 8.998190e-01
   62 8.998405e-01
   63 8.998605e-01
   64 8.998787e-01
   65 8.998950e-01
   66 8.999093e-01
   67 8.999216e-01
   68 8.999320e-01
   69 8.999407e-01
   70 8.999479e-01
   71 8.999536e-01
   72 8.999583e-01
   73 8.999619e-01
   74 8.999647e-01
   75 8.999668e-01
   76 8.999684e-01
   77 8.999696e-01
   78 8.999704e-01
   79 8.999710e-01
   80 8.999714e-01
   81 8.999717e-01
   82 8.999719e-01
   83 8.999721e-01
   84 8.999723e-01
   85 8.999724e-01
   86 8.999726e-01
   87 8.999728e-01
   88 8.999730e-01
   89 8.999732e-01
   90 8.999735e-01
   91 8.999738e-01
   92 8.999742e-01
   93 8.999745e-01
   94 8.999749e-01
   95 8.999753e-01
   96 8.999757e-01
   97 8.999762e-01
   98 8.999766e-01
   99 8.999771e-01
  100 8.999776e-01
  101 8.999781e-01
  102 8.999785e-01
  103 8.999790e-01
  104 8.999794e-01
  105 8.999798e-01
  106 8.999802e-01
  107 8.999806e-01
  108 8.999810e-01
  109 8.999814e-01
  110 8.999818e-01
  111 8.999821e-01
  112 8.999824e-01
  113 8.999828e-01
  114 8.999831e-01
  115 8.999835e-01
  116 8.999839e-01
  117 8.999842e-01
  118 8.999846e-01
  119 8.999849e-01
  120 8.999852e-01
  121 8.954904e-01
  122 8.887165e-01
  123 8.808246e-01
  124 8.724791e-01
  125 8.640930e-01
  126 8.559386e-01
  127 8.482007e-01
  128 8.410028e-01
  129 8.344225e-01
  130 8.285014e-01
  131 8.232525e-01
  132 8.186659e-01
  133 8.147145e-01
  134 8.113588e-01
  135 8.085503e-01
  136 8.062357e-01
  137 8.043595e-01
  138 8.028659e-01
  139 8.017015e-01
  140 8.008155e-01
  141 8.001615e-01
  142 7.996975e-01
  143 7.993863e-01
  144 7.991956e-01
  145 7.990976e-01
  146 7.990690e-01
  147 7.990904e-01
  148 7.991461e-01
  149 7.992236e-01
  150 7.993132e-01
  151 7.994074e-01
  152 7.995008e-01
  153 7.995896e-01
  154 7.996712e-01
  155 7.997443e-01
  156 7.998082e-01
  157 7.998627e-01
  158 7.999081e-01
  159 7.999452e-01
  160 7.999746e-01
  161 7.999973e-01
  162 8.000142e-01
  163 8.000262e-01
  164 8.000341e-01
  165 8.000387e-01
  166 8.000408e-01
  167 8.000409e-01
  168 8.000395e-01
  169 8.000371e-01
  170 8.000341e-01
  171 8.000307e-01
  172 8.000272e-01
  173 8.000238e-01
  174 8.000205e-01
  175 8.000174e-01
  176 8.000146e-01
  177 8.000122e-01
  178 8.000101e-01
  179 8.000084e-01
  180 8.000070e-01
  181 8.000059e-01
  182 8.000051e-01
  183 8.000045e-01
  184 8.000041e-01
  185 8.000039e-01
  186 8.000039e-01
  187 8.000041e-01
  188 8.000044e-01
  189 8.000047e-01
  190 8.000052e-01
  191 8.000057e-01
  192 8.000062e-01
  193 8.000068e-01
  194 8.000073e-01
  195 8.000078e-01
  196 8.000081e-01
  197 8.000083e-01
  198 8.000082e-01
  199 8.000077e-01
  200 8.000068e-01
  201 7.951300e-01
  202 7.906678e-01
  203 7.877231e-01
  204 7.861893e-01
  205 7.857115e-01
  206 7.859597e-01
  207 7.866820e-01
  208 7.876980e-01
  209 7.888797e-01
  210 7.901365e-01
  211 7.914031e-01
  212 7.926301e-01
  213 7.937842e-01
  214 7.948441e-01
  215 7.957977e-01
  216 7.966403e-01
  217 7.973719e-01
  218 7.979965e-01
  219 7.985209e-01
  220 7.989534e-01
  221 7.960614e-01
  222 7.927504e-01
  223 7.901310e-01
  224 7.885023e-01
  225 7.878137e-01
  226 7.878845e-01
  227 7.885064e-01
  228 7.894881e-01
  229 7.906721e-01
  230 7.919376e-01
  231 7.931970e-01
  232 7.943910e-01
  233 7.954824e-01
  234 7.964510e-01
  235 7.972891e-01
  236 7.979978e-01
  237 7.985837e-01
  238 7.990575e-01
  239 7.994315e-01
  240 7.997188e-01
  241 8.134179e-01
  242 8.338930e-01
  243 8.576726e-01
  244 8.827734e-01
  245 9.079652e-01
  246 9.324385e-01
  247 9.556458e-01
  248 9.772216e-01
  249 9.969372e-01
  250 1.014671e+00
  251 1.030387e+00
  252 1.044116e+00
  253 1.055940e+00
  254 1.065981e+00
  255 1.074382e+00
  256 1.081305e+00
  257 1.086917e+00
  258 1.091383e+00
  259 1.094864e+00
  260 1.097513e+00
  261 1.099468e+00
  262 1.100856e+00
  263 1.101786e+00
  264 1.102356e+00
  265 1.102650e+00
  266 1.102736e+00
  267 1.102672e+00
  268 1.102507e+00
  269 1.102276e+00
  270 1.102009e+00
  271 1.101729e+00
  272 1.101450e+00
  273 1.101186e+00
  274 1.100943e+00
  275 1.100726e+00
  276 1.100536e+00
  277 1.100374e+00
  278 1.100239e+00
  279 1.100129e+00
  280 1.100042e+00
  281 1.099975e+00
  282 1.099926e+00
  283 1.099891e+00
  284 1.099868e+00
  285 1.099854e+00
  286 1.099849e+00
  287 1.099849e+00
  288 1.099853e+00
  289 1.099861e+00
  290 1.099870e+00
  291 1.099881e+00
  292 1.099891e+00
  293 1.099902e+00
  294 1.099912e+00
  295 1.099922e+00
  296 1.099931e+00
  297 1.099938e+00
  298 1.099945e+00
  299 1.099951e+00
  300 1.099956e+00
  301 1.099960e+00
  302 1.099963e+00
  303 1.099966e+00
  304 1.099968e+00
  305 1.099970e+00
  306 1.099971e+00
  307 1.099972e+00
  308 1.099973e+00
  309 1.099974e+00
  310 1.099974e+00
  311 1.099975e+00
  312 1.099976e+00
  313 1.099976e+00
  314 1.099977e+00
  315 1.099978e+00
  316 1.099979e+00
  317 1.099980e+00
  318 1.099982e+00
  319 1.099982e+00
  320 1.099983e+00
  321 1.099983e+00
  322 1.099983e+00
  323 1.099983e+00
  324 1.099984e+00
  325 1.099985e+00
  326 1.099985e+00
  327 1.099986e+00
  328 1.099988e+00
  329 1.099989e+00
  330 1.099990e+00
  331 1.099991e+00
  332 1.099992e+00
  333 1.099992e+00
  334 1.099993e+00
  335 1.099993e+00
  336 1.099994e+00
  337 1.099994e+00
  338 1.099994e+00
  339 1.099994e+00
  340 1.099994e+00
  341 1.099994e+00
  342 1.099994e+00
  343 1.099994e+00
  344 1.099993e+00
  345 1.099993e+00
  346 1.099993e+00
  347 1.099993e+00
  348 1.099993e+00
  349 1.099993e+00
  350 1.099993e+00
  351 1.099993e+00
  352 1.099992e+00
  353 1.099992e+00
  354 1.099993e+00
  355 1.099993e+00
  356 1.099993e+00
  357 1.099993e+00
  358 1.099993e+00
  359 1.099993e+00
  360 1.099993e+00
  361 1.095498e+00
  362 1.088724e+00
  363 1.080832e+00
  364 1.072486e+00
  365 1.064100e+00
  366 1.055945e+00
  367 1.048207e+00
  368 1.041009e+00
  369 1.034429e+00
  370 1.028508e+00
  371 1.023259e+00
  372 1.018672e+00
  373 1.014720e+00
  374 1.011365e+00
  375 1.008556e+00
  376 1.006241e+00
  377 1.004365e+00
  378 1.002871e+00
  379 1.001707e+00
  380 1.000821e+00
  381 1.000167e+00
  382 9.997028e-01
  383 9.993916e-01
  384 9.992008e-01
  385 9.991028e-01
  386 9.990741e-01
  387 9.990954e-01
  388 9.991511e-01
  389 9.992285e-01
  390 9.993179e-01
  391 9.994119e-01
  392 9.995051e-01
  393 9.995937e-01
  394 9.996751e-01
  395 9.997478e-01
  396 9.998112e-01
  397 9.998652e-01
  398 9.999101e-01
  399 9.999467e-01
  400 9.999757e-01
  401 1.005848e+00
  402 1.011217e+00
  403 1.014759e+00
  404 1.016602e+00
  405 1.017174e+00
  406 1.016871e+00
  407 1.015997e+00
  408 1.014771e+00
  409 1.013347e+00
  410 1.011835e+00
  411 1.010315e+00
  412 1.008842e+00
  413 1.007454e+00
  414 1.006178e+00
  415 1.005026e+00
  416 1.004008e+00
  417 1.003122e+00
  418 1.002364e+00
  419 1.001728e+00
  420 1.001203e+00
  421 1.000779e+00
  422 1.000443e+00
  423 1.000184e+00
  424 9.999897e-01
  425 9.998503e-01
  426 9.997555e-01
  427 9.996966e-01
  428 9.996658e-01
  429 9.996563e-01
  430 9.996625e-01
  431 9.996796e-01
  432 9.997038e-01
  433 9.997320e-01
  434 9.997617e-01
  435 9.997913e-01
  436 9.998194e-01
  437 9.998455e-01
  438 9.998692e-01
  439 9.998908e-01
  440 9.999105e-01
  441 1.009654e+00
  442 1.020435e+00
  443 1.028949e+00
  444 1.034328e+00
  445 1.036751e+00
  446 1.036783e+00
  447 1.035072e+00
  448 1.032211e+00
  449 1.028690e+00
  450 1.024884e+00
  451 1.021069e+00
  452 1.017431e+00
  453 1.014090e+00
  454 1.011112e+00
  455 1.008525e+00
  456 1.006329e+00
  457 1.004506e+00
  458 1.003025e+00
  459 1.001850e+00
  460 1.000942e+00
  461 1.000261e+00
  462 9.997709e-01
  463 9.994357e-01
  464 9.992246e-01
  465 9.991102e-01
  466 9.990692e-01
  467 9.990818e-01
  468 9.991319e-01
  469 9.992064e-01
  470 9.992948e-01
  471 9.993895e-01
  472 9.994843e-01
  473 9.995753e-01
  474 9.996595e-01
  475 9.997352e-01
  476 9.998017e-01
  477 9.998587e-01
  478 9.999063e-01
  479 9.999452e-01
  480 9.999762e-01
  481 1.000000e+00
  482 1.000018e+00
  483 1.000031e+00
  484 1.000039e+00
  485 1.000044e+00
  486 1.000046e+00
  487 1.000046e+00
  488 1.000044e+00
  489 1.000042e+00
  490 1.000038e+00
  491 1.000035e+00
  492 1.000031e+00
  493 1.000027e+00
  494 1.000023e+00
  495 1.000020e+00
  496 1.000017e+00
  497 1.000014e+00
  498 1.000011e+00
  499 1.000009e+00
  500 1.000007e+00
  501 1.000006e+00
  502 1.000004e+00
  503 1.000003e+00
  504 1.000003e+00
  505 1.000002e+00
  506 1.000002e+00
  507 1.000001e+00
  508 1.000001e+00
  509 1.000001e+00
  510 1.000001e+00
  511 1.000001e+00
  512 1.000001e+00
  513 1.000001e+00
  514 1.000001e+00
  515 1.000001e+00
  516 1.000001e+00
  517 1.000001e+00
  518 1.000001e+00
  519 1.000001e+00
  520 1.000001e+00
  521 1.000001e+00
  522 1.000001e+00
  523 1.000001e+00
  524 1.000001e+00
  525 1.000001e+00
  526 1.000001e+00
  527 1.000001e+00
  528 1.000001e+00
  529 1.000001e+00
  530 1.000001e+00
  531 1.000001e+00
  532 1.000001e+00
  533 1.000001e+00
  534 1.000001e+00
  535 1.000001e+00
  536 1.000001e+00
  537 1.000001e+00
  538 1.000000e+00
  539 1.000000e+00
  540 1.000000e+00
  541 1.000000e+00
  542 1.000000e+00
  543 9.999999e-01
  544 9.999998e-01
  545 9.999997e-01
  546 9.999997e-01
  547 9.999996e-01
  548 9.999996e-01
  549 9.999996e-01
  550 9.999997e-01
  551 9.999999e-01
  552 1.000000e+00
  553 1.000001e+00
  554 1.000001e+00
  555 1.000002e+00
  556 1.000003e+00
  557 1.000004e+00
  558 1.000005e+00
  559 1.000005e+00
  560 1.000006e+00
  561 1.000006e+00
  562 1.000005e+00
  563 1.000005e+00
  564 1.000005e+00
  565 1.000006e+00
  566 1.000006e+00
  567 1.000007e+00
  568 1.000008e+00
  569 1.000008e+00
  570 1.000009e+00
  571 1.000010e+00
  572 1.000010e+00
  573 1.000011e+00
  574 1.000011e+00
  575 1.000011e+00
  576 1.000011e+00
  577 1.000011e+00
  578 1.000010e+00
  579 1.000010e+00
  580 1.000010e+00
  581 1.000009e+00
  582 1.000009e+00
  583 1.000008e+00
  584 1.000008e+00
  585 1.000007e+00
  586 1.000007e+00
  587 1.000006e+00
  588 1.000006e+00
  589 1.000005e+00
  590 1.000005e+00
  591 1.000005e+00
  592 1.000005e+00
  593 1.000004e+00
  594 1.000005e+00
  595 1.000005e+00
  596 1.000005e+00
  597 1.000005e+00
  598 1.000006e+00
  599 1.000006e+00
  600 1.000006e+00
  601 9.961062e-01
  602 9.925382e-01
  603 9.901850e-01
  604 9.889613e-01
  605 9.885833e-01
  606 9.887865e-01
  607 9.893691e-01
  608 9.901860e-01
  609 9.911340e-01
  610 9.921398e-01
  611 9.931512e-01
  612 9.941312e-01
  613 9.950540e-01
  614 9.959031e-01
  615 9.966686e-01
  616 9.973460e-01
  617 9.979350e-01
  618 9.984383e-01
  619 9.988611e-01
  620 9.992099e-01
  621 9.994919e-01
  622 9.997152e-01
  623 9.998875e-01
  624 1.000016e+00
  625 1.000109e+00
  626 1.000172e+00
  627 1.000211e+00
  628 1.000231e+00
  629 1.000237e+00
  630 1.000232e+00
  631 1.000220e+00
  632 1.000203e+00
  633 1.000183e+00
  634 1.000162e+00
  635 1.000141e+00
  636 1.000121e+00
  637 1.000102e+00
  638 1.000085e+00
  639 1.000069e+00
  640 1.000056e+00
  641 1.000045e+00
  642 1.000035e+00
  643 1.000026e+00
  644 1.000019e+00
  645 1.000014e+00
  646 1.000010e+00
  647 1.000006e+00
  648 1.000004e+00
  649 1.000003e+00
  650 1.000002e+00
  651 1.000002e+00
  652 1.000002e+00
  653 1.000002e+00
  654 1.000002e+00
  655 1.000003e+00
  656 1.000003e+00
  657 1.000004e+00
  658 1.000004e+00
  659 1.000004e+00
  660 1.000004e+00
  661 9.967624e-01
  662 9.931740e-01
  663 9.903400e-01
  664 9.885501e-01
  665 9.877448e-01
  666 9.877354e-01
  667 9.883064e-01
  668 9.892601e-01
  669 9.904338e-01
  670 9.917020e-01
  671 9.929733e-01
  672 9.941852e-01
  673 9.952983e-01
  674 9.962904e-01
  675 9.971523e-01
  676 9.978841e-01
  677 9.984917e-01
  678 9.989853e-01
  679 9.993769e-01
  680 9.996797e-01
  681 9.999067e-01
  682 1.000070e+00
  683 1.000183e+00
  684 1.000253e+00
  685 1.000292e+00
  686 1.000306e+00
  687 1.000302e+00
  688 1.000286e+00
  689 1.000261e+00
  690 1.000232e+00
  691 1.000201e+00
  692 1.000169e+00
  693 1.000139e+00
  694 1.000111e+00
  695 1.000086e+00
  696 1.000064e+00
  697 1.000045e+00
  698 1.000030e+00
  699 1.000017e+00
  700 1.000006e+00
  701 9.999985e-01
  702 9.999926e-01
  703 9.999885e-01
  704 9.999857e-01
  705 9.999841e-01
  706 9.999835e-01
  707 9.999835e-01
  708 9.999840e-01
  709 9.999849e-01
  710 9.999861e-01
  711 9.999873e-01
  712 9.999887e-01
  713 9.999900e-01
  714 9.999912e-01
  715 9.999924e-01
  716 9.999935e-01
  717 9.999944e-01
  718 9.999953e-01
  719 9.999960e-01
  720 9.999967e-01
  721 9.999972e-01
  722 9.999976e-01
  723 9.999980e-01
  724 9.999983e-01
  725 9.999985e-01
  726 9.999987e-01
  727 9.999988e-01
  728 9.999989e-01
  729 9.999990e-01
  730 9.999990e-01
  731 9.999990e-01
  732 9.999991e-01
  733 9.999991e-01
  734 9.999991e-01
  735 9.999991e-01
  736 9.999991e-01
  737 9.999991e-01
  738 9.999991e-01
  739 9.999991e-01
  740 9.999991e-01
  741 9.999991e-01
  742 9.999991e-01
  743 9.999991e-01
  744 9.999992e-01
  745 9.999992e-01
  746 9.999992e-01
  747 9.999992e-01
  748 9.999992e-01
  749 9.999992e-01
  750 9.999992e-01
  751 9.999992e-01
  752 9.999993e-01
  753 9.999993e-01
  754 9.999993e-01
  755 9.999993e-01
  756 9.999993e-01
  757 9.999993e-01
  758 9.999993e-01
  759 9.999994e-01
  760 9.999994e-01
  761 9.999994e-01
  762 9.999994e-01
  763 9.999994e-01
  764 9.999994e-01
  765 9.999994e-01
  766 9.999994e-01
  767 9.999994e-01
  768 9.999994e-01
  769 9.999994e-01
  770 9.999995e-01
  771 9.999995e-01
  772 9.999995e-01
  773 9.999995e-01
  774 9.999995e-01
  775 9.999996e-01
  776 9.999996e-01
  777 9.999996e-01
  778 9.999996e-01
  779 9.999997e-01
  780 9.999997e-01
  781 9.999998e-01
  782 9.999998e-01
  783 9.999999e-01
  784 9.999999e-01
  785 1.000000e+00
  786 1.000000e+00
  787 1.000000e+00
  788 1.000000e+00
  789 1.000000e+00
  790 1.000000e+00
  791 1.000000e+00
  792 1.000000e+00
  793 9.999998e-01
  794 9.999997e-01
  795 9.999994e-01
  796 9.999992e-01
  797 9.999988e-01
  798 9.999985e-01
  799 9.999982e-01
  800 9.999980e-01
