    1  3250
    2  3250
    3  3250
    4  3250
    5  3250
    6  3250
    7  3250
    8  3250
    9  3250
   10  3250
   11  3237
   12  3237
   13  3237
   14  3237
   15  3237
   16  3237
   17  3237
   18  3237
   19  3237
   20  3225
   21  3225
   22  3225
   23  3225
   24  3225
   25  3225
   26  3225
   27  3225
   28  3225
   29  3225
   30  3218
   31  3218
   32  3218
   33  3218
   34  3218
   35  3218
   36  3218
   37  3218
   38  3218
   39  3218
   40  3206
   41  3206
   42  3206
   43  3206
   44  3206
   45  3206
   46  3206
   47  3206
   48  3206
   49  3206
   50  3200
   51  3200
   52  3200
   53  3200
   54  3200
   55  3200
   56  3200
   57  3200
   58  3200
   59  3200
   60  3193
   61  3193
   62  3193
   63  3193
   64  3193
   65  3193
   66  3193
   67  3193
   68  3193
   69  3193
   70  3193
   71  3193
   72  3193
   73  3193
   74  3193
   75  3193
   76  3193
   77  3193
   78  3193
   79  3193
   80  3193
   81  3200
   82  3200
   83  3200
   84  3200
   85  3200
   86  3200
   87  3200
   88  3200
   89  3200
   90  3206
   91  3206
   92  3206
   93  3206
   94  3206
   95  3206
   96  3206
   97  3206
   98  3206
   99  3206
  100  3212
  101  3212
  102  3212
  103  3212
  104  3212
  105  3212
  106  3212
  107  3212
  108  3212
  109  3212
  110  3231
  111  3231
  112  3231
  113  3231
  114  3231
  115  3231
  116  3231
  117  3231
  118  3231
  119  3231
  120  3250
  121  3250
  122  3250
  123  3250
  124  3250
  125  3250
  126  3250
  127  3250
  128  3250
  129  3250
  130  3275
  131  3275
  132  3275
  133  3275
  134  3275
  135  3275
  136  3275
  137  3275
  138  3275
  139  3275
  140  3300
  141  3300
  142  3300
  143  3300
  144  3300
  145  3300
  146  3300
  147  3300
  148  3300
  149  3300
  150  3300
  151  3331
  152  3331
  153  3331
  154  3331
  155  3331
  156  3331
  157  3331
  158  3331
  159  3331
  160  3368
  161  3368
  162  3368
  163  3368
  164  3368
  165  3368
  166  3368
  167  3368
  168  3368
  169  3368
  170  3387
  171  3387
  172  3387
  173  3387
  174  3387
  175  3387
  176  3387
  177  3387
  178  3387
  179  3387
  180  3425
  181  3425
  182  3425
  183  3425
  184  3425
  185  3425
  186  3425
  187  3425
  188  3425
  189  3425
  190  3468
  191  3468
  192  3468
  193  3468
  194  3468
  195  3468
  196  3468
  197  3468
  198  3468
  199  3468
  200  3518
  201  3518
  202  3518
  203  3518
  204  3518
  205  3518
  206  3518
  207  3518
  208  3518
  209  3518
  210  3568
  211  3568
  212  3568
  213  3568
  214  3568
  215  3568
  216  3568
  217  3568
  218  3568
  219  3568
  220  3568
  221  3618
  222  3618
  223  3618
  224  3618
  225  3618
  226  3618
  227  3618
  228  3618
  229  3618
  230  3675
  231  3675
  232  3675
  233  3675
  234  3675
  235  3675
  236  3675
  237  3675
  238  3675
  239  3675
  240  3700
  241  3700
  242  3700
  243  3700
  244  3700
  245  3700
  246  3700
  247  3700
  248  3700
  249  3700
  250  3756
  251  3756
  252  3756
  253  3756
  254  3756
  255  3756
  256  3756
  257  3756
  258  3756
  259  3756
  260  3812
  261  3812
  262  3812
  263  3812
  264  3812
  265  3812
  266  3812
  267  3812
  268  3812
  269  3812
  270  3868
  271  3868
  272  3868
  273  3868
  274  3868
  275  3868
  276  3868
  277  3868
  278  3868
  279  3868
  280  3931
  281  3931
  282  3931
  283  3931
  284  3931
  285  3931
  286  3931
  287  3931
  288  3931
  289  3931
  290  3931
  291  3987
  292  3987
  293  3987
  294  3987
  295  3987
  296  3987
  297  3987
  298  3987
  299  3987
  300  4043
  301  4043
  302  4043
  303  4043
  304  4043
  305  4043
  306  4043
  307  4043
  308  4043
  309  4043
  310  4068
  311  4068
  312  4068
  313  4068
  314  4068
  315  4068
  316  4068
  317  4068
  318  4068
  319  4068
  320  4125
  321  4125
  322  4125
  323  4125
  324  4125
  325  4125
  326  4125
  327  4125
  328  4125
  329  4125
  330  4181
  331  4181
  332  4181
  333  4181
  334  4181
  335  4181
  336  4181
  337  4181
  338  4181
  339  4181
  340  4237
  341  4237
  342  4237
  343  4237
  344  4237
  345  4237
  346  4237
  347  4237
  348  4237
  349  4237
  350  4293
  351  4293
  352  4293
  353  4293
  354  4293
  355  4293
  356  4293
  357  4293
  358  4293
  359  4293
  360  4293
  361  4350
  362  4350
  363  4350
  364  4350
  365  4350
  366  4350
  367  4350
  368  4350
  369  4350
  370  4406
  371  4406
  372  4406
  373  4406
  374  4406
  375  4406
  376  4406
  377  4406
  378  4406
  379  4406
  380  4431
  381  4431
  382  4431
  383  4431
  384  4431
  385  4431
  386  4431
  387  4431
  388  4431
  389  4431
  390  4487
  391  4487
  392  4487
  393  4487
  394  4487
  395  4487
  396  4487
  397  4487
  398  4487
  399  4487
  400  4537
  401  4537
  402  4537
  403  4537
  404  4537
  405  4537
  406  4537
  407  4537
  408  4537
  409  4537
  410  4581
  411  4581
  412  4581
  413  4581
  414  4581
  415  4581
  416  4581
  417  4581
  418  4581
  419  4581
  420  4625
  421  4625
  422  4625
  423  4625
  424  4625
  425  4625
  426  4625
  427  4625
  428  4625
  429  4625
  430  4625
  431  4668
  432  4668
  433  4668
  434  4668
  435  4668
  436  4668
  437  4668
  438  4668
  439  4668
  440  4712
  441  4712
  442  4712
  443  4712
  444  4712
  445  4712
  446  4712
  447  4712
  448  4712
  449  4712
  450  4731
  451  4731
  452  4731
  453  4731
  454  4731
  455  4731
  456  4731
  457  4731
  458  4731
  459  4731
  460  4768
  461  4768
  462  4768
  463  4768
  464  4768
  465  4768
  466  4768
  467  4768
  468  4768
  469  4768
  470  4806
  471  4806
  472  4806
  473  4806
  474  4806
  475  4806
  476  4806
  477  4806
  478  4806
  479  4806
  480  4837
  481  4837
  482  4837
  483  4837
  484  4837
  485  4837
  486  4837
  487  4837
  488  4837
  489  4837
  490  4868
  491  4868
  492  4868
  493  4868
  494  4868
  495  4868
  496  4868
  497  4868
  498  4868
  499  4868
  500  4868
  501  4893
  502  4893
  503  4893
  504  4893
  505  4893
  506  4893
  507  4893
  508  4893
  509  4893
  510  4918
  511  4918
  512  4918
  513  4918
  514  4918
  515  4918
  516  4918
  517  4918
  518  4918
  519  4918
  520  4925
  521  4925
  522  4925
  523  4925
  524  4925
  525  4925
  526  4925
  527  4925
  528  4925
  529  4925
  530  4943
  531  4943
  532  4943
  533  4943
  534  4943
  535  4943
  536  4943
  537  4943
  538  4943
  539  4943
  540  4962
  541  4962
  542  4962
  543  4962
  544  4962
  545  4962
  546  4962
  547  4962
  548  4962
  549  4962
  550  4975
  551  4975
  552  4975
  553  4975
  554  4975
  555  4975
  556  4975
  557  4975
  558  4975
  559  4975
  560  4981
  561  4981
  562  4981
  563  4981
  564  4981
  565  4981
  566  4981
  567  4981
  568  4981
  569  4981
  570  4981
  571  4987
  572  4987
  573  4987
  574  4987
  575  4987
  576  4987
  577  4987
  578  4987
  579  4987
  580  4993
  581  4993
  582  4993
  583  4993
  584  4993
  585  4993
  586  4993
  587  4993
  588  4993
  589  4993
  590  4993
  591  4993
  592  4993
  593  4993
  594  4993
  595  4993
  596  4993
  597  4993
  598  4993
  599  4993
  600  5000
  601  5000
  602  5000
  603  5000
  604  5000
  605  5000
  606  5000
  607  5000
  608  5000
  609  5000
  610  4993
  611  4993
  612  4993
  613  4993
  614  4993
  615  4993
  616  4993
  617  4993
  618  4993
  619  4993
  620  4993
  621  4993
  622  4993
  623  4993
  624  4993
  625  4993
  626  4993
  627  4993
  628  4993
  629  4993
  630  4987
  631  4987
  632  4987
  633  4987
  634  4987
  635  4987
  636  4987
  637  4987
  638  4987
  639  4987
  640  4987
  641  4981
  642  4981
  643  4981
  644  4981
  645  4981
  646  4981
  647  4981
  648  4981
  649  4981
  650  4968
  651  4968
  652  4968
  653  4968
  654  4968
  655  4968
  656  4968
  657  4968
  658  4968
  659  4968
  660  4962
  661  4962
  662  4962
  663  4962
  664  4962
  665  4962
  666  4962
  667  4962
  668  4962
  669  4962
  670  4943
  671  4943
  672  4943
  673  4943
  674  4943
  675  4943
  676  4943
  677  4943
  678  4943
  679  4943
  680  4925
  681  4925
  682  4925
  683  4925
  684  4925
  685  4925
  686  4925
  687  4925
  688  4925
  689  4925
  690  4900
  691  4900
  692  4900
  693  4900
  694  4900
  695  4900
  696  4900
  697  4900
  698  4900
  699  4900
  700  4875
  701  4875
  702  4875
  703  4875
  704  4875
  705  4875
  706  4875
  707  4875
  708  4875
  709  4875
  710  4875
  711  4850
  712  4850
  713  4850
  714  4850
  715  4850
  716  4850
  717  4850
  718  4850
  719  4850
  720  4818
  721  4818
  722  4818
  723  4818
  724  4818
  725  4818
  726  4818
  727  4818
  728  4818
  729  4818
  730  4800
  731  4800
  732  4800
  733  4800
  734  4800
  735  4800
  736  4800
  737  4800
  738  4800
  739  4800
  740  4762
  741  4762
  742  4762
  743  4762
  744  4762
  745  4762
  746  4762
  747  4762
  748  4762
  749  4762
  750  4725
  751  4725
  752  4725
  753  4725
  754  4725
  755  4725
  756  4725
  757  4725
  758  4725
  759  4725
  760  4687
  761  4687
  762  4687
  763  4687
  764  4687
  765  4687
  766  4687
  767  4687
  768  4687
  769  4687
  770  4643
  771  4643
  772  4643
  773  4643
  774  4643
  775  4643
  776  4643
  777  4643
  778  4643
  779  4643
  780  4643
  781  4600
  782  4600
  783  4600
  784  4600
  785  4600
  786  4600
  787  4600
  788  4600
  789  4600
  790  4556
  791  4556
  792  4556
  793  4556
  794  4556
  795  4556
  796  4556
  797  4556
  798  4556
  799  4556
  800  4531
  801  4531
  802  4531
  803  4531
  804  4531
  805  4531
  806  4531
  807  4531
  808  4531
  809  4531
  810  4487
  811  4487
  812  4487
  813  4487
  814  4487
  815  4487
  816  4487
  817  4487
  818  4487
  819  4487
  820  4437
  821  4437
  822  4437
  823  4437
  824  4437
  825  4437
  826  4437
  827  4437
  828  4437
  829  4437
  830  4393
  831  4393
  832  4393
  833  4393
  834  4393
  835  4393
  836  4393
  837  4393
  838  4393
  839  4393
  840  4350
  841  4350
  842  4350
  843  4350
  844  4350
  845  4350
  846  4350
  847  4350
  848  4350
  849  4350
  850  4350
  851  4306
  852  4306
  853  4306
  854  4306
  855  4306
  856  4306
  857  4306
  858  4306
  859  4306
  860  4262
  861  4262
  862  4262
  863  4262
  864  4262
  865  4262
  866  4262
  867  4262
  868  4262
  869  4262
  870  4237
  871  4237
  872  4237
  873  4237
  874  4237
  875  4237
  876  4237
  877  4237
  878  4237
  879  4237
  880  4193
  881  4193
  882  4193
  883  4193
  884  4193
  885  4193
  886  4193
  887  4193
  888  4193
  889  4193
  890  4150
  891  4150
  892  4150
  893  4150
  894  4150
  895  4150
  896  4150
  897  4150
  898  4150
  899  4150
  900  4106
  901  4106
  902  4106
  903  4106
  904  4106
  905  4106
  906  4106
  907  4106
  908  4106
  909  4106
  910  4062
  911  4062
  912  4062
  913  4062
  914  4062
  915  4062
  916  4062
  917  4062
  918  4062
  919  4062
  920  4062
  921  4025
  922  4025
  923  4025
  924  4025
  925  4025
  926  4025
  927  4025
  928  4025
  929  4025
  930  3987
  931  3987
  932  3987
  933  3987
  934  3987
  935  3987
  936  3987
  937  3987
  938  3987
  939  3987
  940  3968
  941  3968
  942  3968
  943  3968
  944  3968
  945  3968
  946  3968
  947  3968
  948  3968
  949  3968
  950  3931
  951  3931
  952  3931
  953  3931
  954  3931
  955  3931
  956  3931
  957  3931
  958  3931
  959  3931
  960  3900
  961  3900
  962  3900
  963  3900
  964  3900
  965  3900
  966  3900
  967  3900
  968  3900
  969  3900
  970  3868
  971  3868
  972  3868
  973  3868
  974  3868
  975  3868
  976  3868
  977  3868
  978  3868
  979  3868
  980  3837
  981  3837
  982  3837
  983  3837
  984  3837
  985  3837
  986  3837
  987  3837
  988  3837
  989  3837
  990  3837
  991  3812
  992  3812
  993  3812
  994  3812
  995  3812
  996  3812
  997  3812
  998  3812
  999  3812
 1000  3793
 1001  3793
 1002  3793
 1003  3793
 1004  3793
 1005  3793
 1006  3793
 1007  3793
 1008  3793
 1009  3793
 1010  3781
 1011  3781
 1012  3781
 1013  3781
 1014  3781
 1015  3781
 1016  3781
 1017  3781
 1018  3781
 1019  3781
 1020  3756
 1021  3756
 1022  3756
 1023  3756
 1024  3756
 1025  3756
 1026  3756
 1027  3756
 1028  3756
 1029  3756
 1030  3737
 1031  3737
 1032  3737
 1033  3737
 1034  3737
 1035  3737
 1036  3737
 1037  3737
 1038  3737
 1039  3737
 1040  3718
 1041  3718
 1042  3718
 1043  3718
 1044  3718
 1045  3718
 1046  3718
 1047  3718
 1048  3718
 1049  3718
 1050  3700
 1051  3700
 1052  3700
 1053  3700
 1054  3700
 1055  3700
 1056  3700
 1057  3700
 1058  3700
 1059  3700
 1060  3700
 1061  3681
 1062  3681
 1063  3681
 1064  3681
 1065  3681
 1066  3681
 1067  3681
 1068  3681
 1069  3681
 1070  3668
 1071  3668
 1072  3668
 1073  3668
 1074  3668
 1075  3668
 1076  3668
 1077  3668
 1078  3668
 1079  3668
 1080  3662
 1081  3662
 1082  3662
 1083  3662
 1084  3662
 1085  3662
 1086  3662
 1087  3662
 1088  3662
 1089  3662
 1090  3650
 1091  3650
 1092  3650
 1093  3650
 1094  3650
 1095  3650
 1096  3650
 1097  3650
 1098  3650
 1099  3650
 1100  3643
 1101  3643
 1102  3643
 1103  3643
 1104  3643
 1105  3643
 1106  3643
 1107  3643
 1108  3643
 1109  3643
 1110  3637
 1111  3637
 1112  3637
 1113  3637
 1114  3637
 1115  3637
 1116  3637
 1117  3637
 1118  3637
 1119  3637
 1120  3631
 1121  3631
 1122  3631
 1123  3631
 1124  3631
 1125  3631
 1126  3631
 1127  3631
 1128  3631
 1129  3631
 1130  3631
 1131  3631
 1132  3631
 1133  3631
 1134  3631
 1135  3631
 1136  3631
 1137  3631
 1138  3631
 1139  3631
 1140  3631
 1141  3631
 1142  3631
 1143  3631
 1144  3631
 1145  3631
 1146  3631
 1147  3631
 1148  3631
 1149  3631
 1150  3631
 1151  3631
 1152  3631
 1153  3631
 1154  3631
 1155  3631
 1156  3631
 1157  3631
 1158  3631
 1159  3631
 1160  3637
 1161  3637
 1162  3637
 1163  3637
 1164  3637
 1165  3637
 1166  3637
 1167  3637
 1168  3637
 1169  3637
 1170  3643
 1171  3643
 1172  3643
 1173  3643
 1174  3643
 1175  3643
 1176  3643
 1177  3643
 1178  3643
 1179  3643
 1180  3650
 1181  3650
 1182  3650
 1183  3650
 1184  3650
 1185  3650
 1186  3650
 1187  3650
 1188  3650
 1189  3650
 1190  3662
 1191  3662
 1192  3662
 1193  3662
 1194  3662
 1195  3662
 1196  3662
 1197  3662
 1198  3662
 1199  3662
 1200  3662
 1201  3668
 1202  3668
 1203  3668
 1204  3668
 1205  3668
 1206  3668
 1207  3668
 1208  3668
 1209  3668
 1210  3687
 1211  3687
 1212  3687
 1213  3687
 1214  3687
 1215  3687
 1216  3687
 1217  3687
 1218  3687
 1219  3687
 1220  3693
 1221  3693
 1222  3693
 1223  3693
 1224  3693
 1225  3693
 1226  3693
 1227  3693
 1228  3693
 1229  3693
 1230  3712
 1231  3712
 1232  3712
 1233  3712
 1234  3712
 1235  3712
 1236  3712
 1237  3712
 1238  3712
 1239  3712
 1240  3731
 1241  3731
 1242  3731
 1243  3731
 1244  3731
 1245  3731
 1246  3731
 1247  3731
 1248  3731
 1249  3731
 1250  3756
 1251  3756
 1252  3756
 1253  3756
 1254  3756
 1255  3756
 1256  3756
 1257  3756
 1258  3756
 1259  3756
 1260  3775
 1261  3775
 1262  3775
 1263  3775
 1264  3775
 1265  3775
 1266  3775
 1267  3775
 1268  3775
 1269  3775
 1270  3775
 1271  3800
 1272  3800
 1273  3800
 1274  3800
 1275  3800
 1276  3800
 1277  3800
 1278  3800
 1279  3800
 1280  3825
 1281  3825
 1282  3825
 1283  3825
 1284  3825
 1285  3825
 1286  3825
 1287  3825
 1288  3825
 1289  3825
 1290  3843
 1291  3843
 1292  3843
 1293  3843
 1294  3843
 1295  3843
 1296  3843
 1297  3843
 1298  3843
 1299  3843
 1300  3868
 1301  3868
 1302  3868
 1303  3868
 1304  3868
 1305  3868
 1306  3868
 1307  3868
 1308  3868
 1309  3868
 1310  3900
 1311  3900
 1312  3900
 1313  3900
 1314  3900
 1315  3900
 1316  3900
 1317  3900
 1318  3900
 1319  3900
 1320  3931
 1321  3931
 1322  3931
 1323  3931
 1324  3931
 1325  3931
 1326  3931
 1327  3931
 1328  3931
 1329  3931
 1330  3962
 1331  3962
 1332  3962
 1333  3962
 1334  3962
 1335  3962
 1336  3962
 1337  3962
 1338  3962
 1339  3962
 1340  3962
 1341  3993
 1342  3993
 1343  3993
 1344  3993
 1345  3993
 1346  3993
 1347  3993
 1348  3993
 1349  3993
 1350  4025
 1351  4025
 1352  4025
 1353  4025
 1354  4025
 1355  4025
 1356  4025
 1357  4025
 1358  4025
 1359  4025
 1360  4043
 1361  4043
 1362  4043
 1363  4043
 1364  4043
 1365  4043
 1366  4043
 1367  4043
 1368  4043
 1369  4043
 1370  4081
 1371  4081
 1372  4081
 1373  4081
 1374  4081
 1375  4081
 1376  4081
 1377  4081
 1378  4081
 1379  4081
 1380  4118
 1381  4118
 1382  4118
 1383  4118
 1384  4118
 1385  4118
 1386  4118
 1387  4118
 1388  4118
 1389  4118
 1390  4156
 1391  4156
 1392  4156
 1393  4156
 1394  4156
 1395  4156
 1396  4156
 1397  4156
 1398  4156
 1399  4156
 1400  4193
 1401  4193
 1402  4193
 1403  4193
 1404  4193
 1405  4193
 1406  4193
 1407  4193
 1408  4193
 1409  4193
 1410  4193
 1411  4231
 1412  4231
 1413  4231
 1414  4231
 1415  4231
 1416  4231
 1417  4231
 1418  4231
 1419  4231
 1420  4262
 1421  4262
 1422  4262
 1423  4262
 1424  4262
 1425  4262
 1426  4262
 1427  4262
 1428  4262
 1429  4262
 1430  4275
 1431  4275
 1432  4275
 1433  4275
 1434  4275
 1435  4275
 1436  4275
 1437  4275
 1438  4275
 1439  4275
 1440  4306
 1441  4306
 1442  4306
 1443  4306
 1444  4306
 1445  4306
 1446  4306
 1447  4306
 1448  4306
 1449  4306
 1450  4337
 1451  4337
 1452  4337
 1453  4337
 1454  4337
 1455  4337
 1456  4337
 1457  4337
 1458  4337
 1459  4337
 1460  4362
 1461  4362
 1462  4362
 1463  4362
 1464  4362
 1465  4362
 1466  4362
 1467  4362
 1468  4362
 1469  4362
 1470  4393
 1471  4393
 1472  4393
 1473  4393
 1474  4393
 1475  4393
 1476  4393
 1477  4393
 1478  4393
 1479  4393
 1480  4393
 1481  4425
 1482  4425
 1483  4425
 1484  4425
 1485  4425
 1486  4425
 1487  4425
 1488  4425
 1489  4425
 1490  4450
 1491  4450
 1492  4450
 1493  4450
 1494  4450
 1495  4450
 1496  4450
 1497  4450
 1498  4450
 1499  4450
 1500  4462
 1501  4462
 1502  4462
 1503  4462
 1504  4462
 1505  4462
 1506  4462
 1507  4462
 1508  4462
 1509  4462
 1510  4487
 1511  4487
 1512  4487
 1513  4487
 1514  4487
 1515  4487
 1516  4487
 1517  4487
 1518  4487
 1519  4487
 1520  4512
 1521  4512
 1522  4512
 1523  4512
 1524  4512
 1525  4512
 1526  4512
 1527  4512
 1528  4512
 1529  4512
 1530  4537
 1531  4537
 1532  4537
 1533  4537
 1534  4537
 1535  4537
 1536  4537
 1537  4537
 1538  4537
 1539  4537
 1540  4568
 1541  4568
 1542  4568
 1543  4568
 1544  4568
 1545  4568
 1546  4568
 1547  4568
 1548  4568
 1549  4568
 1550  4568
 1551  4587
 1552  4587
 1553  4587
 1554  4587
 1555  4587
 1556  4587
 1557  4587
 1558  4587
 1559  4587
 1560  4606
 1561  4606
 1562  4606
 1563  4606
 1564  4606
 1565  4606
 1566  4606
 1567  4606
 1568  4606
 1569  4606
 1570  4612
 1571  4612
 1572  4612
 1573  4612
 1574  4612
 1575  4612
 1576  4612
 1577  4612
 1578  4612
 1579  4612
 1580  4631
 1581  4631
 1582  4631
 1583  4631
 1584  4631
 1585  4631
 1586  4631
 1587  4631
 1588  4631
 1589  4631
 1590  4643
 1591  4643
 1592  4643
 1593  4643
 1594  4643
 1595  4643
 1596  4643
 1597  4643
 1598  4643
 1599  4643
 1600  4662
 1601  4662
 1602  4662
 1603  4662
 1604  4662
 1605  4662
 1606  4662
 1607  4662
 1608  4662
 1609  4662
 1610  4681
 1611  4681
 1612  4681
 1613  4681
 1614  4681
 1615  4681
 1616  4681
 1617  4681
 1618  4681
 1619  4681
 1620  4681
 1621  4693
 1622  4693
 1623  4693
 1624  4693
 1625  4693
 1626  4693
 1627  4693
 1628  4693
 1629  4693
 1630  4706
 1631  4706
 1632  4706
 1633  4706
 1634  4706
 1635  4706
 1636  4706
 1637  4706
 1638  4706
 1639  4706
 1640  4712
 1641  4712
 1642  4712
 1643  4712
 1644  4712
 1645  4712
 1646  4712
 1647  4712
 1648  4712
 1649  4712
 1650  4718
 1651  4718
 1652  4718
 1653  4718
 1654  4718
 1655  4718
 1656  4718
 1657  4718
 1658  4718
 1659  4718
 1660  4725
 1661  4725
 1662  4725
 1663  4725
 1664  4725
 1665  4725
 1666  4725
 1667  4725
 1668  4725
 1669  4725
 1670  4725
 1671  4725
 1672  4725
 1673  4725
 1674  4725
 1675  4725
 1676  4725
 1677  4725
 1678  4725
 1679  4725
 1680  4718
 1681  4718
 1682  4718
 1683  4718
 1684  4718
 1685  4718
 1686  4718
 1687  4718
 1688  4718
 1689  4718
 1690  4718
 1691  4712
 1692  4712
 1693  4712
 1694  4712
 1695  4712
 1696  4712
 1697  4712
 1698  4712
 1699  4712
 1700  4700
 1701  4700
 1702  4700
 1703  4700
 1704  4700
 1705  4700
 1706  4700
 1707  4700
 1708  4700
 1709  4700
 1710  4700
 1711  4700
 1712  4700
 1713  4700
 1714  4700
 1715  4700
 1716  4700
 1717  4700
 1718  4700
 1719  4700
 1720  4687
 1721  4687
 1722  4687
 1723  4687
 1724  4687
 1725  4687
 1726  4687
 1727  4687
 1728  4687
 1729  4687
 1730  4675
 1731  4675
 1732  4675
 1733  4675
 1734  4675
 1735  4675
 1736  4675
 1737  4675
 1738  4675
 1739  4675
 1740  4656
 1741  4656
 1742  4656
 1743  4656
 1744  4656
 1745  4656
 1746  4656
 1747  4656
 1748  4656
 1749  4656
 1750  4643
 1751  4643
 1752  4643
 1753  4643
 1754  4643
 1755  4643
 1756  4643
 1757  4643
 1758  4643
 1759  4643
 1760  4643
 1761  4625
 1762  4625
 1763  4625
 1764  4625
 1765  4625
 1766  4625
 1767  4625
 1768  4625
 1769  4625
 1770  4612
 1771  4612
 1772  4612
 1773  4612
 1774  4612
 1775  4612
 1776  4612
 1777  4612
 1778  4612
 1779  4612
 1780  4600
 1781  4600
 1782  4600
 1783  4600
 1784  4600
 1785  4600
 1786  4600
 1787  4600
 1788  4600
 1789  4600
 1790  4581
 1791  4581
 1792  4581
 1793  4581
 1794  4581
 1795  4581
 1796  4581
 1797  4581
 1798  4581
 1799  4581
 1800  4556
 1801  4556
 1802  4556
 1803  4556
 1804  4556
 1805  4556
 1806  4556
 1807  4556
 1808  4556
 1809  4556
 1810  4537
 1811  4537
 1812  4537
 1813  4537
 1814  4537
 1815  4537
 1816  4537
 1817  4537
 1818  4537
 1819  4537
 1820  4512
 1821  4512
 1822  4512
 1823  4512
 1824  4512
 1825  4512
 1826  4512
 1827  4512
 1828  4512
 1829  4512
 1830  4512
 1831  4487
 1832  4487
 1833  4487
 1834  4487
 1835  4487
 1836  4487
 1837  4487
 1838  4487
 1839  4487
 1840  4456
 1841  4456
 1842  4456
 1843  4456
 1844  4456
 1845  4456
 1846  4456
 1847  4456
 1848  4456
 1849  4456
 1850  4443
 1851  4443
 1852  4443
 1853  4443
 1854  4443
 1855  4443
 1856  4443
 1857  4443
 1858  4443
 1859  4443
 1860  4418
 1861  4418
 1862  4418
 1863  4418
 1864  4418
 1865  4418
 1866  4418
 1867  4418
 1868  4418
 1869  4418
 1870  4387
 1871  4387
 1872  4387
 1873  4387
 1874  4387
 1875  4387
 1876  4387
 1877  4387
 1878  4387
 1879  4387
 1880  4362
 1881  4362
 1882  4362
 1883  4362
 1884  4362
 1885  4362
 1886  4362
 1887  4362
 1888  4362
 1889  4362
 1890  4331
 1891  4331
 1892  4331
 1893  4331
 1894  4331
 1895  4331
 1896  4331
 1897  4331
 1898  4331
 1899  4331
 1900  4331
 1901  4300
 1902  4300
 1903  4300
 1904  4300
 1905  4300
 1906  4300
 1907  4300
 1908  4300
 1909  4300
 1910  4275
 1911  4275
 1912  4275
 1913  4275
 1914  4275
 1915  4275
 1916  4275
 1917  4275
 1918  4275
 1919  4275
 1920  4256
 1921  4256
 1922  4256
 1923  4256
 1924  4256
 1925  4256
 1926  4256
 1927  4256
 1928  4256
 1929  4256
 1930  4231
 1931  4231
 1932  4231
 1933  4231
 1934  4231
 1935  4231
 1936  4231
 1937  4231
 1938  4231
 1939  4231
 1940  4200
 1941  4200
 1942  4200
 1943  4200
 1944  4200
 1945  4200
 1946  4200
 1947  4200
 1948  4200
 1949  4200
 1950  4175
 1951  4175
 1952  4175
 1953  4175
 1954  4175
 1955  4175
 1956  4175
 1957  4175
 1958  4175
 1959  4175
 1960  4150
 1961  4150
 1962  4150
 1963  4150
 1964  4150
 1965  4150
 1966  4150
 1967  4150
 1968  4150
 1969  4150
 1970  4150
 1971  4118
 1972  4118
 1973  4118
 1974  4118
 1975  4118
 1976  4118
 1977  4118
 1978  4118
 1979  4118
 1980  4093
 1981  4093
 1982  4093
 1983  4093
 1984  4093
 1985  4093
 1986  4093
 1987  4093
 1988  4093
 1989  4093
 1990  4081
 1991  4081
 1992  4081
 1993  4081
 1994  4081
 1995  4081
 1996  4081
 1997  4081
 1998  4081
 1999  4081
 2000  4056
 2001  4056
 2002  4056
 2003  4056
 2004  4056
 2005  4056
 2006  4056
 2007  4056
 2008  4056
 2009  4056
 2010  4025
 2011  4025
 2012  4025
 2013  4025
 2014  4025
 2015  4025
 2016  4025
 2017  4025
 2018  4025
 2019  4025
 2020  4006
 2021  4006
 2022  4006
 2023  4006
 2024  4006
 2025  4006
 2026  4006
 2027  4006
 2028  4006
 2029  4006
 2030  3981
 2031  3981
 2032  3981
 2033  3981
 2034  3981
 2035  3981
 2036  3981
 2037  3981
 2038  3981
 2039  3981
 2040  3981
 2041  3962
 2042  3962
 2043  3962
 2044  3962
 2045  3962
 2046  3962
 2047  3962
 2048  3962
 2049  3962
 2050  3937
 2051  3937
 2052  3937
 2053  3937
 2054  3937
 2055  3937
 2056  3937
 2057  3937
 2058  3937
 2059  3937
 2060  3931
 2061  3931
 2062  3931
 2063  3931
 2064  3931
 2065  3931
 2066  3931
 2067  3931
 2068  3931
 2069  3931
 2070  3906
 2071  3906
 2072  3906
 2073  3906
 2074  3906
 2075  3906
 2076  3906
 2077  3906
 2078  3906
 2079  3906
 2080  3887
 2081  3887
 2082  3887
 2083  3887
 2084  3887
 2085  3887
 2086  3887
 2087  3887
 2088  3887
 2089  3887
 2090  3868
 2091  3868
 2092  3868
 2093  3868
 2094  3868
 2095  3868
 2096  3868
 2097  3868
 2098  3868
 2099  3868
 2100  3856
 2101  3856
 2102  3856
 2103  3856
 2104  3856
 2105  3856
 2106  3856
 2107  3856
 2108  3856
 2109  3856
 2110  3856
 2111  3837
 2112  3837
 2113  3837
 2114  3837
 2115  3837
 2116  3837
 2117  3837
 2118  3837
 2119  3837
 2120  3825
 2121  3825
 2122  3825
 2123  3825
 2124  3825
 2125  3825
 2126  3825
 2127  3825
 2128  3825
 2129  3825
 2130  3818
 2131  3818
 2132  3818
 2133  3818
 2134  3818
 2135  3818
 2136  3818
 2137  3818
 2138  3818
 2139  3818
 2140  3806
 2141  3806
 2142  3806
 2143  3806
 2144  3806
 2145  3806
 2146  3806
 2147  3806
 2148  3806
 2149  3806
 2150  3800
 2151  3800
 2152  3800
 2153  3800
 2154  3800
 2155  3800
 2156  3800
 2157  3800
 2158  3800
 2159  3800
 2160  3793
 2161  3793
 2162  3793
 2163  3793
 2164  3793
 2165  3793
 2166  3793
 2167  3793
 2168  3793
 2169  3793
 2170  3787
 2171  3787
 2172  3787
 2173  3787
 2174  3787
 2175  3787
 2176  3787
 2177  3787
 2178  3787
 2179  3787
 2180  3787
 2181  3781
 2182  3781
 2183  3781
 2184  3781
 2185  3781
 2186  3781
 2187  3781
 2188  3781
 2189  3781
 2190  3775
 2191  3775
 2192  3775
 2193  3775
 2194  3775
 2195  3775
 2196  3775
 2197  3775
 2198  3775
 2199  3775
 2200  3775
 2201  3775
 2202  3775
 2203  3775
 2204  3775
 2205  3775
 2206  3775
 2207  3775
 2208  3775
 2209  3775
 2210  3775
 2211  3775
 2212  3775
 2213  3775
 2214  3775
 2215  3775
 2216  3775
 2217  3775
 2218  3775
 2219  3775
 2220  3775
 2221  3775
 2222  3775
 2223  3775
 2224  3775
 2225  3775
 2226  3775
 2227  3775
 2228  3775
 2229  3775
 2230  3775
 2231  3775
 2232  3775
 2233  3775
 2234  3775
 2235  3775
 2236  3775
 2237  3775
 2238  3775
 2239  3775
 2240  3781
 2241  3781
 2242  3781
 2243  3781
 2244  3781
 2245  3781
 2246  3781
 2247  3781
 2248  3781
 2249  3781
 2250  3781
 2251  3787
 2252  3787
 2253  3787
 2254  3787
 2255  3787
 2256  3787
 2257  3787
 2258  3787
 2259  3787
 2260  3793
 2261  3793
 2262  3793
 2263  3793
 2264  3793
 2265  3793
 2266  3793
 2267  3793
 2268  3793
 2269  3793
 2270  3800
 2271  3800
 2272  3800
 2273  3800
 2274  3800
 2275  3800
 2276  3800
 2277  3800
 2278  3800
 2279  3800
 2280  3806
 2281  3806
 2282  3806
 2283  3806
 2284  3806
 2285  3806
 2286  3806
 2287  3806
 2288  3806
 2289  3806
 2290  3818
 2291  3818
 2292  3818
 2293  3818
 2294  3818
 2295  3818
 2296  3818
 2297  3818
 2298  3818
 2299  3818
 2300  3831
 2301  3831
 2302  3831
 2303  3831
 2304  3831
 2305  3831
 2306  3831
 2307  3831
 2308  3831
 2309  3831
 2310  3843
 2311  3843
 2312  3843
 2313  3843
 2314  3843
 2315  3843
 2316  3843
 2317  3843
 2318  3843
 2319  3843
 2320  3843
 2321  3856
 2322  3856
 2323  3856
 2324  3856
 2325  3856
 2326  3856
 2327  3856
 2328  3856
 2329  3856
 2330  3868
 2331  3868
 2332  3868
 2333  3868
 2334  3868
 2335  3868
 2336  3868
 2337  3868
 2338  3868
 2339  3868
 2340  3881
 2341  3881
 2342  3881
 2343  3881
 2344  3881
 2345  3881
 2346  3881
 2347  3881
 2348  3881
 2349  3881
 2350  3893
 2351  3893
 2352  3893
 2353  3893
 2354  3893
 2355  3893
 2356  3893
 2357  3893
 2358  3893
 2359  3893
 2360  3912
 2361  3912
 2362  3912
 2363  3912
 2364  3912
 2365  3912
 2366  3912
 2367  3912
 2368  3912
 2369  3912
 2370  3931
 2371  3931
 2372  3931
 2373  3931
 2374  3931
 2375  3931
 2376  3931
 2377  3931
 2378  3931
 2379  3931
 2380  3950
 2381  3950
 2382  3950
 2383  3950
 2384  3950
 2385  3950
 2386  3950
 2387  3950
 2388  3950
 2389  3950
 2390  3950
 2391  3968
 2392  3968
 2393  3968
 2394  3968
 2395  3968
 2396  3968
 2397  3968
 2398  3968
 2399  3968
 2400  3987
 2401  3987
 2402  3987
 2403  3987
 2404  3987
 2405  3987
 2406  3987
 2407  3987
 2408  3987
 2409  3987
 2410  4000
 2411  4000
 2412  4000
 2413  4000
 2414  4000
 2415  4000
 2416  4000
 2417  4000
 2418  4000
 2419  4000
 2420  4025
 2421  4025
 2422  4025
 2423  4025
 2424  4025
 2425  4025
 2426  4025
 2427  4025
 2428  4025
 2429  4025
 2430  4043
 2431  4043
 2432  4043
 2433  4043
 2434  4043
 2435  4043
 2436  4043
 2437  4043
 2438  4043
 2439  4043
 2440  4068
 2441  4068
 2442  4068
 2443  4068
 2444  4068
 2445  4068
 2446  4068
 2447  4068
 2448  4068
 2449  4068
 2450  4093
 2451  4093
 2452  4093
 2453  4093
 2454  4093
 2455  4093
 2456  4093
 2457  4093
 2458  4093
 2459  4093
 2460  4093
 2461  4118
 2462  4118
 2463  4118
 2464  4118
 2465  4118
 2466  4118
 2467  4118
 2468  4118
 2469  4118
 2470  4143
 2471  4143
 2472  4143
 2473  4143
 2474  4143
 2475  4143
 2476  4143
 2477  4143
 2478  4143
 2479  4143
 2480  4156
 2481  4156
 2482  4156
 2483  4156
 2484  4156
 2485  4156
 2486  4156
 2487  4156
 2488  4156
 2489  4156
 2490  4181
 2491  4181
 2492  4181
 2493  4181
 2494  4181
 2495  4181
 2496  4181
 2497  4181
 2498  4181
 2499  4181
 2500  4200
 2501  4200
 2502  4200
 2503  4200
 2504  4200
 2505  4200
 2506  4200
 2507  4200
 2508  4200
 2509  4200
 2510  4218
 2511  4218
 2512  4218
 2513  4218
 2514  4218
 2515  4218
 2516  4218
 2517  4218
 2518  4218
 2519  4218
 2520  4243
 2521  4243
 2522  4243
 2523  4243
 2524  4243
 2525  4243
 2526  4243
 2527  4243
 2528  4243
 2529  4243
 2530  4243
 2531  4262
 2532  4262
 2533  4262
 2534  4262
 2535  4262
 2536  4262
 2537  4262
 2538  4262
 2539  4262
 2540  4287
 2541  4287
 2542  4287
 2543  4287
 2544  4287
 2545  4287
 2546  4287
 2547  4287
 2548  4287
 2549  4287
 2550  4300
 2551  4300
 2552  4300
 2553  4300
 2554  4300
 2555  4300
 2556  4300
 2557  4300
 2558  4300
 2559  4300
 2560  4318
 2561  4318
 2562  4318
 2563  4318
 2564  4318
 2565  4318
 2566  4318
 2567  4318
 2568  4318
 2569  4318
 2570  4337
 2571  4337
 2572  4337
 2573  4337
 2574  4337
 2575  4337
 2576  4337
 2577  4337
 2578  4337
 2579  4337
 2580  4356
 2581  4356
 2582  4356
 2583  4356
 2584  4356
 2585  4356
 2586  4356
 2587  4356
 2588  4356
 2589  4356
 2590  4375
 2591  4375
 2592  4375
 2593  4375
 2594  4375
 2595  4375
 2596  4375
 2597  4375
 2598  4375
 2599  4375
 2600  4375
 2601  4387
 2602  4387
 2603  4387
 2604  4387
 2605  4387
 2606  4387
 2607  4387
 2608  4387
 2609  4387
 2610  4400
 2611  4400
 2612  4400
 2613  4400
 2614  4400
 2615  4400
 2616  4400
 2617  4400
 2618  4400
 2619  4400
 2620  4406
 2621  4406
 2622  4406
 2623  4406
 2624  4406
 2625  4406
 2626  4406
 2627  4406
 2628  4406
 2629  4406
 2630  4418
 2631  4418
 2632  4418
 2633  4418
 2634  4418
 2635  4418
 2636  4418
 2637  4418
 2638  4418
 2639  4418
 2640  4431
 2641  4431
 2642  4431
 2643  4431
 2644  4431
 2645  4431
 2646  4431
 2647  4431
 2648  4431
 2649  4431
 2650  4443
 2651  4443
 2652  4443
 2653  4443
 2654  4443
 2655  4443
 2656  4443
 2657  4443
 2658  4443
 2659  4443
 2660  4450
 2661  4450
 2662  4450
 2663  4450
 2664  4450
 2665  4450
 2666  4450
 2667  4450
 2668  4450
 2669  4450
 2670  4450
 2671  4462
 2672  4462
 2673  4462
 2674  4462
 2675  4462
 2676  4462
 2677  4462
 2678  4462
 2679  4462
 2680  4468
 2681  4468
 2682  4468
 2683  4468
 2684  4468
 2685  4468
 2686  4468
 2687  4468
 2688  4468
 2689  4468
 2690  4475
 2691  4475
 2692  4475
 2693  4475
 2694  4475
 2695  4475
 2696  4475
 2697  4475
 2698  4475
 2699  4475
 2700  4487
 2701  4487
 2702  4487
 2703  4487
 2704  4487
 2705  4487
 2706  4487
 2707  4487
 2708  4487
 2709  4487
 2710  4493
 2711  4493
 2712  4493
 2713  4493
 2714  4493
 2715  4493
 2716  4493
 2717  4493
 2718  4493
 2719  4493
 2720  4500
 2721  4500
 2722  4500
 2723  4500
 2724  4500
 2725  4500
 2726  4500
 2727  4500
 2728  4500
 2729  4500
 2730  4506
 2731  4506
 2732  4506
 2733  4506
 2734  4506
 2735  4506
 2736  4506
 2737  4506
 2738  4506
 2739  4506
 2740  4506
 2741  4506
 2742  4506
 2743  4506
 2744  4506
 2745  4506
 2746  4506
 2747  4506
 2748  4506
 2749  4506
 2750  4512
 2751  4512
 2752  4512
 2753  4512
 2754  4512
 2755  4512
 2756  4512
 2757  4512
 2758  4512
 2759  4512
 2760  4518
 2761  4518
 2762  4518
 2763  4518
 2764  4518
 2765  4518
 2766  4518
 2767  4518
 2768  4518
 2769  4518
 2770  4525
 2771  4525
 2772  4525
 2773  4525
 2774  4525
 2775  4525
 2776  4525
 2777  4525
 2778  4525
 2779  4525
 2780  4525
 2781  4525
 2782  4525
 2783  4525
 2784  4525
 2785  4525
 2786  4525
 2787  4525
 2788  4525
 2789  4525
 2790  4525
 2791  4525
 2792  4525
 2793  4525
 2794  4525
 2795  4525
 2796  4525
 2797  4525
 2798  4525
 2799  4525
 2800  4518
 2801  4518
 2802  4518
 2803  4518
 2804  4518
 2805  4518
 2806  4518
 2807  4518
 2808  4518
 2809  4518
 2810  4518
 2811  4512
 2812  4512
 2813  4512
 2814  4512
 2815  4512
 2816  4512
 2817  4512
 2818  4512
 2819  4512
 2820  4500
 2821  4500
 2822  4500
 2823  4500
 2824  4500
 2825  4500
 2826  4500
 2827  4500
 2828  4500
 2829  4500
 2830  4500
 2831  4500
 2832  4500
 2833  4500
 2834  4500
 2835  4500
 2836  4500
 2837  4500
 2838  4500
 2839  4500
 2840  4487
 2841  4487
 2842  4487
 2843  4487
 2844  4487
 2845  4487
 2846  4487
 2847  4487
 2848  4487
 2849  4487
 2850  4475
 2851  4475
 2852  4475
 2853  4475
 2854  4475
 2855  4475
 2856  4475
 2857  4475
 2858  4475
 2859  4475
 2860  4456
 2861  4456
 2862  4456
 2863  4456
 2864  4456
 2865  4456
 2866  4456
 2867  4456
 2868  4456
 2869  4456
 2870  4443
 2871  4443
 2872  4443
 2873  4443
 2874  4443
 2875  4443
 2876  4443
 2877  4443
 2878  4443
 2879  4443
 2880  4443
 2881  4431
 2882  4431
 2883  4431
 2884  4431
 2885  4431
 2886  4431
 2887  4431
 2888  4431
 2889  4431
 2890  4412
 2891  4412
 2892  4412
 2893  4412
 2894  4412
 2895  4412
 2896  4412
 2897  4412
 2898  4412
 2899  4412
 2900  4406
 2901  4406
 2902  4406
 2903  4406
 2904  4406
 2905  4406
 2906  4406
 2907  4406
 2908  4406
 2909  4406
 2910  4387
 2911  4387
 2912  4387
 2913  4387
 2914  4387
 2915  4387
 2916  4387
 2917  4387
 2918  4387
 2919  4387
 2920  4368
 2921  4368
 2922  4368
 2923  4368
 2924  4368
 2925  4368
 2926  4368
 2927  4368
 2928  4368
 2929  4368
 2930  4356
 2931  4356
 2932  4356
 2933  4356
 2934  4356
 2935  4356
 2936  4356
 2937  4356
 2938  4356
 2939  4356
 2940  4337
 2941  4337
 2942  4337
 2943  4337
 2944  4337
 2945  4337
 2946  4337
 2947  4337
 2948  4337
 2949  4337
 2950  4337
 2951  4318
 2952  4318
 2953  4318
 2954  4318
 2955  4318
 2956  4318
 2957  4318
 2958  4318
 2959  4318
 2960  4306
 2961  4306
 2962  4306
 2963  4306
 2964  4306
 2965  4306
 2966  4306
 2967  4306
 2968  4306
 2969  4306
 2970  4300
 2971  4300
 2972  4300
 2973  4300
 2974  4300
 2975  4300
 2976  4300
 2977  4300
 2978  4300
 2979  4300
 2980  4287
 2981  4287
 2982  4287
 2983  4287
 2984  4287
 2985  4287
 2986  4287
 2987  4287
 2988  4287
 2989  4287
 2990  4268
 2991  4268
 2992  4268
 2993  4268
 2994  4268
 2995  4268
 2996  4268
 2997  4268
 2998  4268
 2999  4268
 3000  4256
 3001  4256
 3002  4256
 3003  4256
 3004  4256
 3005  4256
 3006  4256
 3007  4256
 3008  4256
 3009  4256
 3010  4237
 3011  4237
 3012  4237
 3013  4237
 3014  4237
 3015  4237
 3016  4237
 3017  4237
 3018  4237
 3019  4237
 3020  4237
 3021  4218
 3022  4218
 3023  4218
 3024  4218
 3025  4218
 3026  4218
 3027  4218
 3028  4218
 3029  4218
 3030  4200
 3031  4200
 3032  4200
 3033  4200
 3034  4200
 3035  4200
 3036  4200
 3037  4200
 3038  4200
 3039  4200
 3040  4193
 3041  4193
 3042  4193
 3043  4193
 3044  4193
 3045  4193
 3046  4193
 3047  4193
 3048  4193
 3049  4193
 3050  4175
 3051  4175
 3052  4175
 3053  4175
 3054  4175
 3055  4175
 3056  4175
 3057  4175
 3058  4175
 3059  4175
 3060  4156
 3061  4156
 3062  4156
 3063  4156
 3064  4156
 3065  4156
 3066  4156
 3067  4156
 3068  4156
 3069  4156
 3070  4143
 3071  4143
 3072  4143
 3073  4143
 3074  4143
 3075  4143
 3076  4143
 3077  4143
 3078  4143
 3079  4143
 3080  4125
 3081  4125
 3082  4125
 3083  4125
 3084  4125
 3085  4125
 3086  4125
 3087  4125
 3088  4125
 3089  4125
 3090  4125
 3091  4106
 3092  4106
 3093  4106
 3094  4106
 3095  4106
 3096  4106
 3097  4106
 3098  4106
 3099  4106
 3100  4093
 3101  4093
 3102  4093
 3103  4093
 3104  4093
 3105  4093
 3106  4093
 3107  4093
 3108  4093
 3109  4093
 3110  4081
 3111  4081
 3112  4081
 3113  4081
 3114  4081
 3115  4081
 3116  4081
 3117  4081
 3118  4081
 3119  4081
 3120  4068
 3121  4068
 3122  4068
 3123  4068
 3124  4068
 3125  4068
 3126  4068
 3127  4068
 3128  4068
 3129  4068
 3130  4056
 3131  4056
 3132  4056
 3133  4056
 3134  4056
 3135  4056
 3136  4056
 3137  4056
 3138  4056
 3139  4056
 3140  4043
 3141  4043
 3142  4043
 3143  4043
 3144  4043
 3145  4043
 3146  4043
 3147  4043
 3148  4043
 3149  4043
 3150  4031
 3151  4031
 3152  4031
 3153  4031
 3154  4031
 3155  4031
 3156  4031
 3157  4031
 3158  4031
 3159  4031
 3160  4031
 3161  4018
 3162  4018
 3163  4018
 3164  4018
 3165  4018
 3166  4018
 3167  4018
 3168  4018
 3169  4018
 3170  4006
 3171  4006
 3172  4006
 3173  4006
 3174  4006
 3175  4006
 3176  4006
 3177  4006
 3178  4006
 3179  4006
 3180  4000
 3181  4000
 3182  4000
 3183  4000
 3184  4000
 3185  4000
 3186  4000
 3187  4000
 3188  4000
 3189  4000
 3190  3987
 3191  3987
 3192  3987
 3193  3987
 3194  3987
 3195  3987
 3196  3987
 3197  3987
 3198  3987
 3199  3987
 3200  3975
 3201  3975
 3202  3975
 3203  3975
 3204  3975
 3205  3975
 3206  3975
 3207  3975
 3208  3975
 3209  3975
 3210  3962
 3211  3962
 3212  3962
 3213  3962
 3214  3962
 3215  3962
 3216  3962
 3217  3962
 3218  3962
 3219  3962
 3220  3956
 3221  3956
 3222  3956
 3223  3956
 3224  3956
 3225  3956
 3226  3956
 3227  3956
 3228  3956
 3229  3956
 3230  3956
 3231  3950
 3232  3950
 3233  3950
 3234  3950
 3235  3950
 3236  3950
 3237  3950
 3238  3950
 3239  3950
 3240  3943
 3241  3943
 3242  3943
 3243  3943
 3244  3943
 3245  3943
 3246  3943
 3247  3943
 3248  3943
 3249  3943
 3250  3937
 3251  3937
 3252  3937
 3253  3937
 3254  3937
 3255  3937
 3256  3937
 3257  3937
 3258  3937
 3259  3937
 3260  3937
 3261  3937
 3262  3937
 3263  3937
 3264  3937
 3265  3937
 3266  3937
 3267  3937
 3268  3937
 3269  3937
 3270  3931
 3271  3931
 3272  3931
 3273  3931
 3274  3931
 3275  3931
 3276  3931
 3277  3931
 3278  3931
 3279  3931
 3280  3931
 3281  3931
 3282  3931
 3283  3931
 3284  3931
 3285  3931
 3286  3931
 3287  3931
 3288  3931
 3289  3931
 3290  3931
 3291  3931
 3292  3931
 3293  3931
 3294  3931
 3295  3931
 3296  3931
 3297  3931
 3298  3931
 3299  3931
 3300  3931
 3301  3931
 3302  3931
 3303  3931
 3304  3931
 3305  3931
 3306  3931
 3307  3931
 3308  3931
 3309  3931
 3310  3931
 3311  3931
 3312  3931
 3313  3931
 3314  3931
 3315  3931
 3316  3931
 3317  3931
 3318  3931
 3319  3931
 3320  3931
 3321  3931
 3322  3931
 3323  3931
 3324  3931
 3325  3931
 3326  3931
 3327  3931
 3328  3931
 3329  3931
 3330  3937
 3331  3937
 3332  3937
 3333  3937
 3334  3937
 3335  3937
 3336  3937
 3337  3937
 3338  3937
 3339  3937
 3340  3943
 3341  3943
 3342  3943
 3343  3943
 3344  3943
 3345  3943
 3346  3943
 3347  3943
 3348  3943
 3349  3943
 3350  3950
 3351  3950
 3352  3950
 3353  3950
 3354  3950
 3355  3950
 3356  3950
 3357  3950
 3358  3950
 3359  3950
 3360  3956
 3361  3956
 3362  3956
 3363  3956
 3364  3956
 3365  3956
 3366  3956
 3367  3956
 3368  3956
 3369  3956
 3370  3956
 3371  3962
 3372  3962
 3373  3962
 3374  3962
 3375  3962
 3376  3962
 3377  3962
 3378  3962
 3379  3962
 3380  3968
 3381  3968
 3382  3968
 3383  3968
 3384  3968
 3385  3968
 3386  3968
 3387  3968
 3388  3968
 3389  3968
 3390  3975
 3391  3975
 3392  3975
 3393  3975
 3394  3975
 3395  3975
 3396  3975
 3397  3975
 3398  3975
 3399  3975
 3400  3981
 3401  3981
 3402  3981
 3403  3981
 3404  3981
 3405  3981
 3406  3981
 3407  3981
 3408  3981
 3409  3981
 3410  3987
 3411  3987
 3412  3987
 3413  3987
 3414  3987
 3415  3987
 3416  3987
 3417  3987
 3418  3987
 3419  3987
 3420  4000
 3421  4000
 3422  4000
 3423  4000
 3424  4000
 3425  4000
 3426  4000
 3427  4000
 3428  4000
 3429  4000
 3430  4012
 3431  4012
 3432  4012
 3433  4012
 3434  4012
 3435  4012
 3436  4012
 3437  4012
 3438  4012
 3439  4012
 3440  4012
 3441  4025
 3442  4025
 3443  4025
 3444  4025
 3445  4025
 3446  4025
 3447  4025
 3448  4025
 3449  4025
 3450  4037
 3451  4037
 3452  4037
 3453  4037
 3454  4037
 3455  4037
 3456  4037
 3457  4037
 3458  4037
 3459  4037
 3460  4043
 3461  4043
 3462  4043
 3463  4043
 3464  4043
 3465  4043
 3466  4043
 3467  4043
 3468  4043
 3469  4043
 3470  4050
 3471  4050
 3472  4050
 3473  4050
 3474  4050
 3475  4050
 3476  4050
 3477  4050
 3478  4050
 3479  4050
 3480  4062
 3481  4062
 3482  4062
 3483  4062
 3484  4062
 3485  4062
 3486  4062
 3487  4062
 3488  4062
 3489  4062
 3490  4081
 3491  4081
 3492  4081
 3493  4081
 3494  4081
 3495  4081
 3496  4081
 3497  4081
 3498  4081
 3499  4081
 3500  4093
 3501  4093
 3502  4093
 3503  4093
 3504  4093
 3505  4093
 3506  4093
 3507  4093
 3508  4093
 3509  4093
 3510  4093
 3511  4106
 3512  4106
 3513  4106
 3514  4106
 3515  4106
 3516  4106
 3517  4106
 3518  4106
 3519  4106
 3520  4118
 3521  4118
 3522  4118
 3523  4118
 3524  4118
 3525  4118
 3526  4118
 3527  4118
 3528  4118
 3529  4118
 3530  4125
 3531  4125
 3532  4125
 3533  4125
 3534  4125
 3535  4125
 3536  4125
 3537  4125
 3538  4125
 3539  4125
 3540  4137
 3541  4137
 3542  4137
 3543  4137
 3544  4137
 3545  4137
 3546  4137
 3547  4137
 3548  4137
 3549  4137
 3550  4150
 3551  4150
 3552  4150
 3553  4150
 3554  4150
 3555  4150
 3556  4150
 3557  4150
 3558  4150
 3559  4150
 3560  4156
 3561  4156
 3562  4156
 3563  4156
 3564  4156
 3565  4156
 3566  4156
 3567  4156
 3568  4156
 3569  4156
 3570  4175
 3571  4175
 3572  4175
 3573  4175
 3574  4175
 3575  4175
 3576  4175
 3577  4175
 3578  4175
 3579  4175
 3580  4175
 3581  4187
 3582  4187
 3583  4187
 3584  4187
 3585  4187
 3586  4187
 3587  4187
 3588  4187
 3589  4187
 3590  4193
 3591  4193
 3592  4193
 3593  4193
 3594  4193
 3595  4193
 3596  4193
 3597  4193
 3598  4193
 3599  4193
 3600  4200
 3601  4200
 3602  4200
 3603  4200
 3604  4200
 3605  4200
 3606  4200
 3607  4200
 3608  4200
 3609  4200
 3610  4212
 3611  4212
 3612  4212
 3613  4212
 3614  4212
 3615  4212
 3616  4212
 3617  4212
 3618  4212
 3619  4212
 3620  4225
 3621  4225
 3622  4225
 3623  4225
 3624  4225
 3625  4225
 3626  4225
 3627  4225
 3628  4225
 3629  4225
 3630  4237
 3631  4237
 3632  4237
 3633  4237
 3634  4237
 3635  4237
 3636  4237
 3637  4237
 3638  4237
 3639  4237
 3640  4250
 3641  4250
 3642  4250
 3643  4250
 3644  4250
 3645  4250
 3646  4250
 3647  4250
 3648  4250
 3649  4250
 3650  4250
 3651  4262
 3652  4262
 3653  4262
 3654  4262
 3655  4262
 3656  4262
 3657  4262
 3658  4262
 3659  4262
 3660  4275
 3661  4275
 3662  4275
 3663  4275
 3664  4275
 3665  4275
 3666  4275
 3667  4275
 3668  4275
 3669  4275
 3670  4281
 3671  4281
 3672  4281
 3673  4281
 3674  4281
 3675  4281
 3676  4281
 3677  4281
 3678  4281
 3679  4281
 3680  4293
 3681  4293
 3682  4293
 3683  4293
 3684  4293
 3685  4293
 3686  4293
 3687  4293
 3688  4293
 3689  4293
 3690  4306
 3691  4306
 3692  4306
 3693  4306
 3694  4306
 3695  4306
 3696  4306
 3697  4306
 3698  4306
 3699  4306
 3700  4312
 3701  4312
 3702  4312
 3703  4312
 3704  4312
 3705  4312
 3706  4312
 3707  4312
 3708  4312
 3709  4312
 3710  4325
 3711  4325
 3712  4325
 3713  4325
 3714  4325
 3715  4325
 3716  4325
 3717  4325
 3718  4325
 3719  4325
 3720  4325
 3721  4331
 3722  4331
 3723  4331
 3724  4331
 3725  4331
 3726  4331
 3727  4331
 3728  4331
 3729  4331
 3730  4337
 3731  4337
 3732  4337
 3733  4337
 3734  4337
 3735  4337
 3736  4337
 3737  4337
 3738  4337
 3739  4337
 3740  4337
 3741  4337
 3742  4337
 3743  4337
 3744  4337
 3745  4337
 3746  4337
 3747  4337
 3748  4337
 3749  4337
 3750  4343
 3751  4343
 3752  4343
 3753  4343
 3754  4343
 3755  4343
 3756  4343
 3757  4343
 3758  4343
 3759  4343
 3760  4343
 3761  4343
 3762  4343
 3763  4343
 3764  4343
 3765  4343
 3766  4343
 3767  4343
 3768  4343
 3769  4343
 3770  4350
 3771  4350
 3772  4350
 3773  4350
 3774  4350
 3775  4350
 3776  4350
 3777  4350
 3778  4350
 3779  4350
 3780  4350
 3781  4350
 3782  4350
 3783  4350
 3784  4350
 3785  4350
 3786  4350
 3787  4350
 3788  4350
 3789  4350
 3790  4350
 3791  4350
 3792  4350
 3793  4350
 3794  4350
 3795  4350
 3796  4350
 3797  4350
 3798  4350
 3799  4350
 3800  4350
 3801  4350
 3802  4350
 3803  4350
 3804  4350
 3805  4350
 3806  4350
 3807  4350
 3808  4350
 3809  4350
 3810  4350
 3811  4350
 3812  4350
 3813  4350
 3814  4350
 3815  4350
 3816  4350
 3817  4350
 3818  4350
 3819  4350
 3820  4356
 3821  4356
 3822  4356
 3823  4356
 3824  4356
 3825  4356
 3826  4356
 3827  4356
 3828  4356
 3829  4356
 3830  4356
 3831  4356
 3832  4356
 3833  4356
 3834  4356
 3835  4356
 3836  4356
 3837  4356
 3838  4356
 3839  4356
 3840  4356
 3841  4356
 3842  4356
 3843  4356
 3844  4356
 3845  4356
 3846  4356
 3847  4356
 3848  4356
 3849  4356
 3850  4356
 3851  4356
 3852  4356
 3853  4356
 3854  4356
 3855  4356
 3856  4356
 3857  4356
 3858  4356
 3859  4356
 3860  4356
 3861  4350
 3862  4350
 3863  4350
 3864  4350
 3865  4350
 3866  4350
 3867  4350
 3868  4350
 3869  4350
 3870  4350
 3871  4350
 3872  4350
 3873  4350
 3874  4350
 3875  4350
 3876  4350
 3877  4350
 3878  4350
 3879  4350
 3880  4343
 3881  4343
 3882  4343
 3883  4343
 3884  4343
 3885  4343
 3886  4343
 3887  4343
 3888  4343
 3889  4343
 3890  4343
 3891  4343
 3892  4343
 3893  4343
 3894  4343
 3895  4343
 3896  4343
 3897  4343
 3898  4343
 3899  4343
 3900  4337
 3901  4337
 3902  4337
 3903  4337
 3904  4337
 3905  4337
 3906  4337
 3907  4337
 3908  4337
 3909  4337
 3910  4331
 3911  4331
 3912  4331
 3913  4331
 3914  4331
 3915  4331
 3916  4331
 3917  4331
 3918  4331
 3919  4331
 3920  4325
 3921  4325
 3922  4325
 3923  4325
 3924  4325
 3925  4325
 3926  4325
 3927  4325
 3928  4325
 3929  4325
 3930  4325
 3931  4318
 3932  4318
 3933  4318
 3934  4318
 3935  4318
 3936  4318
 3937  4318
 3938  4318
 3939  4318
 3940  4318
 3941  4318
 3942  4318
 3943  4318
 3944  4318
 3945  4318
 3946  4318
 3947  4318
 3948  4318
 3949  4318
 3950  4312
 3951  4312
 3952  4312
 3953  4312
 3954  4312
 3955  4312
 3956  4312
 3957  4312
 3958  4312
 3959  4312
 3960  4306
 3961  4306
 3962  4306
 3963  4306
 3964  4306
 3965  4306
 3966  4306
 3967  4306
 3968  4306
 3969  4306
 3970  4300
 3971  4300
 3972  4300
 3973  4300
 3974  4300
 3975  4300
 3976  4300
 3977  4300
 3978  4300
 3979  4300
 3980  4293
 3981  4293
 3982  4293
 3983  4293
 3984  4293
 3985  4293
 3986  4293
 3987  4293
 3988  4293
 3989  4293
 3990  4293
 3991  4293
 3992  4293
 3993  4293
 3994  4293
 3995  4293
 3996  4293
 3997  4293
 3998  4293
 3999  4293
 4000  4293
 4001  4293
 4002  4293
 4003  4293
 4004  4293
 4005  4293
 4006  4293
 4007  4293
 4008  4293
 4009  4293
 4010  4287
 4011  4287
 4012  4287
 4013  4287
 4014  4287
 4015  4287
 4016  4287
 4017  4287
 4018  4287
 4019  4287
 4020  4281
 4021  4281
 4022  4281
 4023  4281
 4024  4281
 4025  4281
 4026  4281
 4027  4281
 4028  4281
 4029  4281
 4030  4281
 4031  4281
 4032  4281
 4033  4281
 4034  4281
 4035  4281
 4036  4281
 4037  4281
 4038  4281
 4039  4281
 4040  4281
 4041  4281
 4042  4281
 4043  4281
 4044  4281
 4045  4281
 4046  4281
 4047  4281
 4048  4281
 4049  4281
 4050  4281
 4051  4281
 4052  4281
 4053  4281
 4054  4281
 4055  4281
 4056  4281
 4057  4281
 4058  4281
 4059  4281
 4060  4275
 4061  4275
 4062  4275
 4063  4275
 4064  4275
 4065  4275
 4066  4275
 4067  4275
 4068  4275
 4069  4275
 4070  4275
 4071  4275
 4072  4275
 4073  4275
 4074  4275
 4075  4275
 4076  4275
 4077  4275
 4078  4275
 4079  4275
 4080  4268
 4081  4268
 4082  4268
 4083  4268
 4084  4268
 4085  4268
 4086  4268
 4087  4268
 4088  4268
 4089  4268
 4090  4262
 4091  4262
 4092  4262
 4093  4262
 4094  4262
 4095  4262
 4096  4262
 4097  4262
 4098  4262
 4099  4262
 4100  4250
 4101  4250
 4102  4250
 4103  4250
 4104  4250
 4105  4250
 4106  4250
 4107  4250
 4108  4250
 4109  4250
 4110  4237
 4111  4237
 4112  4237
 4113  4237
 4114  4237
 4115  4237
 4116  4237
 4117  4237
 4118  4237
 4119  4237
 4120  4225
 4121  4225
 4122  4225
 4123  4225
 4124  4225
 4125  4225
 4126  4225
 4127  4225
 4128  4225
 4129  4225
 4130  4212
 4131  4212
 4132  4212
 4133  4212
 4134  4212
 4135  4212
 4136  4212
 4137  4212
 4138  4212
 4139  4212
 4140  4212
 4141  4206
 4142  4206
 4143  4206
 4144  4206
 4145  4206
 4146  4206
 4147  4206
 4148  4206
 4149  4206
 4150  4193
 4151  4193
 4152  4193
 4153  4193
 4154  4193
 4155  4193
 4156  4193
 4157  4193
 4158  4193
 4159  4193
 4160  4187
 4161  4187
 4162  4187
 4163  4187
 4164  4187
 4165  4187
 4166  4187
 4167  4187
 4168  4187
 4169  4187
 4170  4175
 4171  4175
 4172  4175
 4173  4175
 4174  4175
 4175  4175
 4176  4175
 4177  4175
 4178  4175
 4179  4175
 4180  4162
 4181  4162
 4182  4162
 4183  4162
 4184  4162
 4185  4162
 4186  4162
 4187  4162
 4188  4162
 4189  4162
 4190  4150
 4191  4150
 4192  4150
 4193  4150
 4194  4150
 4195  4150
 4196  4150
 4197  4150
 4198  4150
 4199  4150
 4200  4137
 4201  4137
 4202  4137
 4203  4137
 4204  4137
 4205  4137
 4206  4137
 4207  4137
 4208  4137
 4209  4137
 4210  4137
 4211  4125
 4212  4125
 4213  4125
 4214  4125
 4215  4125
 4216  4125
 4217  4125
 4218  4125
 4219  4125
 4220  4118
 4221  4118
 4222  4118
 4223  4118
 4224  4118
 4225  4118
 4226  4118
 4227  4118
 4228  4118
 4229  4118
 4230  4112
 4231  4112
 4232  4112
 4233  4112
 4234  4112
 4235  4112
 4236  4112
 4237  4112
 4238  4112
 4239  4112
 4240  4106
 4241  4106
 4242  4106
 4243  4106
 4244  4106
 4245  4106
 4246  4106
 4247  4106
 4248  4106
 4249  4106
 4250  4093
 4251  4093
 4252  4093
 4253  4093
 4254  4093
 4255  4093
 4256  4093
 4257  4093
 4258  4093
 4259  4093
 4260  4087
 4261  4087
 4262  4087
 4263  4087
 4264  4087
 4265  4087
 4266  4087
 4267  4087
 4268  4087
 4269  4087
 4270  4081
 4271  4081
 4272  4081
 4273  4081
 4274  4081
 4275  4081
 4276  4081
 4277  4081
 4278  4081
 4279  4081
 4280  4081
 4281  4075
 4282  4075
 4283  4075
 4284  4075
 4285  4075
 4286  4075
 4287  4075
 4288  4075
 4289  4075
 4290  4068
 4291  4068
 4292  4068
 4293  4068
 4294  4068
 4295  4068
 4296  4068
 4297  4068
 4298  4068
 4299  4068
 4300  4062
 4301  4062
 4302  4062
 4303  4062
 4304  4062
 4305  4062
 4306  4062
 4307  4062
 4308  4062
 4309  4062
 4310  4056
 4311  4056
 4312  4056
 4313  4056
 4314  4056
 4315  4056
 4316  4056
 4317  4056
 4318  4056
 4319  4056
 4320  4050
 4321  4050
 4322  4050
 4323  4050
 4324  4050
 4325  4050
 4326  4050
 4327  4050
 4328  4050
 4329  4050
 4330  4050
 4331  4050
 4332  4050
 4333  4050
 4334  4050
 4335  4050
 4336  4050
 4337  4050
 4338  4050
 4339  4050
 4340  4043
 4341  4043
 4342  4043
 4343  4043
 4344  4043
 4345  4043
 4346  4043
 4347  4043
 4348  4043
 4349  4043
 4350  4043
 4351  4037
 4352  4037
 4353  4037
 4354  4037
 4355  4037
 4356  4037
 4357  4037
 4358  4037
 4359  4037
 4360  4037
 4361  4037
 4362  4037
 4363  4037
 4364  4037
 4365  4037
 4366  4037
 4367  4037
 4368  4037
 4369  4037
 4370  4031
 4371  4031
 4372  4031
 4373  4031
 4374  4031
 4375  4031
 4376  4031
 4377  4031
 4378  4031
 4379  4031
 4380  4031
 4381  4031
 4382  4031
 4383  4031
 4384  4031
 4385  4031
 4386  4031
 4387  4031
 4388  4031
 4389  4031
 4390  4031
 4391  4031
 4392  4031
 4393  4031
 4394  4031
 4395  4031
 4396  4031
 4397  4031
 4398  4031
 4399  4031
 4400  4031
 4401  4031
 4402  4031
 4403  4031
 4404  4031
 4405  4031
 4406  4031
 4407  4031
 4408  4031
 4409  4031
 4410  4025
 4411  4025
 4412  4025
 4413  4025
 4414  4025
 4415  4025
 4416  4025
 4417  4025
 4418  4025
 4419  4025
 4420  4025
 4421  4025
 4422  4025
 4423  4025
 4424  4025
 4425  4025
 4426  4025
 4427  4025
 4428  4025
 4429  4025
 4430  4031
 4431  4031
 4432  4031
 4433  4031
 4434  4031
 4435  4031
 4436  4031
 4437  4031
 4438  4031
 4439  4031
 4440  4031
 4441  4031
 4442  4031
 4443  4031
 4444  4031
 4445  4031
 4446  4031
 4447  4031
 4448  4031
 4449  4031
 4450  4031
 4451  4031
 4452  4031
 4453  4031
 4454  4031
 4455  4031
 4456  4031
 4457  4031
 4458  4031
 4459  4031
 4460  4031
 4461  4031
 4462  4031
 4463  4031
 4464  4031
 4465  4031
 4466  4031
 4467  4031
 4468  4031
 4469  4031
 4470  4031
 4471  4031
 4472  4031
 4473  4031
 4474  4031
 4475  4031
 4476  4031
 4477  4031
 4478  4031
 4479  4031
 4480  4031
 4481  4031
 4482  4031
 4483  4031
 4484  4031
 4485  4031
 4486  4031
 4487  4031
 4488  4031
 4489  4031
 4490  4031
 4491  4037
 4492  4037
 4493  4037
 4494  4037
 4495  4037
 4496  4037
 4497  4037
 4498  4037
 4499  4037
 4500  4037
 4501  4037
 4502  4037
 4503  4037
 4504  4037
 4505  4037
 4506  4037
 4507  4037
 4508  4037
 4509  4037
 4510  4043
 4511  4043
 4512  4043
 4513  4043
 4514  4043
 4515  4043
 4516  4043
 4517  4043
 4518  4043
 4519  4043
 4520  4050
 4521  4050
 4522  4050
 4523  4050
 4524  4050
 4525  4050
 4526  4050
 4527  4050
 4528  4050
 4529  4050
 4530  4056
 4531  4056
 4532  4056
 4533  4056
 4534  4056
 4535  4056
 4536  4056
 4537  4056
 4538  4056
 4539  4056
 4540  4062
 4541  4062
 4542  4062
 4543  4062
 4544  4062
 4545  4062
 4546  4062
 4547  4062
 4548  4062
 4549  4062
 4550  4068
 4551  4068
 4552  4068
 4553  4068
 4554  4068
 4555  4068
 4556  4068
 4557  4068
 4558  4068
 4559  4068
 4560  4068
 4561  4075
 4562  4075
 4563  4075
 4564  4075
 4565  4075
 4566  4075
 4567  4075
 4568  4075
 4569  4075
 4570  4081
 4571  4081
 4572  4081
 4573  4081
 4574  4081
 4575  4081
 4576  4081
 4577  4081
 4578  4081
 4579  4081
 4580  4087
 4581  4087
 4582  4087
 4583  4087
 4584  4087
 4585  4087
 4586  4087
 4587  4087
 4588  4087
 4589  4087
 4590  4093
 4591  4093
 4592  4093
 4593  4093
 4594  4093
 4595  4093
 4596  4093
 4597  4093
 4598  4093
 4599  4093
 4600  4100
 4601  4100
 4602  4100
 4603  4100
 4604  4100
 4605  4100
 4606  4100
 4607  4100
 4608  4100
 4609  4100
 4610  4112
 4611  4112
 4612  4112
 4613  4112
 4614  4112
 4615  4112
 4616  4112
 4617  4112
 4618  4112
 4619  4112
 4620  4118
 4621  4118
 4622  4118
 4623  4118
 4624  4118
 4625  4118
 4626  4118
 4627  4118
 4628  4118
 4629  4118
 4630  4118
 4631  4131
 4632  4131
 4633  4131
 4634  4131
 4635  4131
 4636  4131
 4637  4131
 4638  4131
 4639  4131
 4640  4137
 4641  4137
 4642  4137
 4643  4137
 4644  4137
 4645  4137
 4646  4137
 4647  4137
 4648  4137
 4649  4137
 4650  4143
 4651  4143
 4652  4143
 4653  4143
 4654  4143
 4655  4143
 4656  4143
 4657  4143
 4658  4143
 4659  4143
 4660  4150
 4661  4150
 4662  4150
 4663  4150
 4664  4150
 4665  4150
 4666  4150
 4667  4150
 4668  4150
 4669  4150
 4670  4162
 4671  4162
 4672  4162
 4673  4162
 4674  4162
 4675  4162
 4676  4162
 4677  4162
 4678  4162
 4679  4162
 4680  4168
 4681  4168
 4682  4168
 4683  4168
 4684  4168
 4685  4168
 4686  4168
 4687  4168
 4688  4168
 4689  4168
 4690  4181
 4691  4181
 4692  4181
 4693  4181
 4694  4181
 4695  4181
 4696  4181
 4697  4181
 4698  4181
 4699  4181
 4700  4181
 4701  4187
 4702  4187
 4703  4187
 4704  4187
 4705  4187
 4706  4187
 4707  4187
 4708  4187
 4709  4187
 4710  4193
 4711  4193
 4712  4193
 4713  4193
 4714  4193
 4715  4193
 4716  4193
 4717  4193
 4718  4193
 4719  4193
 4720  4200
 4721  4200
 4722  4200
 4723  4200
 4724  4200
 4725  4200
 4726  4200
 4727  4200
 4728  4200
 4729  4200
 4730  4200
 4731  4200
 4732  4200
 4733  4200
 4734  4200
 4735  4200
 4736  4200
 4737  4200
 4738  4200
 4739  4200
 4740  4206
 4741  4206
 4742  4206
 4743  4206
 4744  4206
 4745  4206
 4746  4206
 4747  4206
 4748  4206
 4749  4206
 4750  4212
 4751  4212
 4752  4212
 4753  4212
 4754  4212
 4755  4212
 4756  4212
 4757  4212
 4758  4212
 4759  4212
 4760  4225
 4761  4225
 4762  4225
 4763  4225
 4764  4225
 4765  4225
 4766  4225
 4767  4225
 4768  4225
 4769  4225
 4770  4225
 4771  4231
 4772  4231
 4773  4231
 4774  4231
 4775  4231
 4776  4231
 4777  4231
 4778  4231
 4779  4231
 4780  4237
 4781  4237
 4782  4237
 4783  4237
 4784  4237
 4785  4237
 4786  4237
 4787  4237
 4788  4237
 4789  4237
 4790  4237
 4791  4237
 4792  4237
 4793  4237
 4794  4237
 4795  4237
 4796  4237
 4797  4237
 4798  4237
 4799  4237
 4800  4250
 4801  4250
 4802  4250
 4803  4250
 4804  4250
 4805  4250
 4806  4250
 4807  4250
 4808  4250
 4809  4250
 4810  4256
 4811  4256
 4812  4256
 4813  4256
 4814  4256
 4815  4256
 4816  4256
 4817  4256
 4818  4256
 4819  4256
 4820  4262
 4821  4262
 4822  4262
 4823  4262
 4824  4262
 4825  4262
 4826  4262
 4827  4262
 4828  4262
 4829  4262
 4830  4262
 4831  4262
 4832  4262
 4833  4262
 4834  4262
 4835  4262
 4836  4262
 4837  4262
 4838  4262
 4839  4262
 4840  4262
 4841  4268
 4842  4268
 4843  4268
 4844  4268
 4845  4268
 4846  4268
 4847  4268
 4848  4268
 4849  4268
 4850  4275
 4851  4275
 4852  4275
 4853  4275
 4854  4275
 4855  4275
 4856  4275
 4857  4275
 4858  4275
 4859  4275
 4860  4281
 4861  4281
 4862  4281
 4863  4281
 4864  4281
 4865  4281
 4866  4281
 4867  4281
 4868  4281
 4869  4281
 4870  4287
 4871  4287
 4872  4287
 4873  4287
 4874  4287
 4875  4287
 4876  4287
 4877  4287
 4878  4287
 4879  4287
 4880  4287
 4881  4287
 4882  4287
 4883  4287
 4884  4287
 4885  4287
 4886  4287
 4887  4287
 4888  4287
 4889  4287
 4890  4293
 4891  4293
 4892  4293
