    1   487
    2   487
    3   487
    4   487
    5   487
    6   566
    7   566
    8   566
    9   566
   10   566
   11   566
   12   566
   13   566
   14   566
   15   566
   16   566
   17   566
   18   566
   19   566
   20   566
   21   566
   22   566
   23   566
   24   566
   25   566
   26   642
   27   642
   28   642
   29   642
   30   642
   31   642
   32   642
   33   642
   34   642
   35   642
   36   642
   37   642
   38   642
   39   642
   40   642
   41   642
   42   642
   43   642
   44   642
   45   642
   46   715
   47   715
   48   715
   49   715
   50   715
   51   715
   52   715
   53   715
   54   715
   55   715
   56   715
   57   715
   58   715
   59   715
   60   715
   61   715
   62   715
   63   715
   64   715
   65   715
   66   785
   67   785
   68   785
   69   785
   70   785
   71   785
   72   785
   73   785
   74   785
   75   785
   76   785
   77   785
   78   785
   79   785
   80   785
   81   785
   82   785
   83   785
   84   785
   85   785
   86   850
   87   850
   88   850
   89   850
   90   850
   91   850
   92   850
   93   850
   94   850
   95   850
   96   850
   97   850
   98   850
   99   850
  100   850
  101   850
  102   850
  103   850
  104   850
  105   850
  106   910
  107   910
  108   910
  109   910
  110   910
  111   910
  112   910
  113   910
  114   910
  115   910
  116   910
  117   910
  118   910
  119   910
  120   910
  121   910
  122   910
  123   910
  124   910
  125   910
  126   963
  127   963
  128   963
  129   963
  130   963
  131   963
  132   963
  133   963
  134   963
  135   963
  136   963
  137   963
  138   963
  139   963
  140   963
  141   963
  142   963
  143   963
  144   963
  145   963
  146  1000
  147  1000
  148  1000
  149  1000
  150  1000
  151  1000
  152  1000
  153  1000
  154  1000
  155  1000
  156  1000
  157  1000
  158  1000
  159  1000
  160  1000
  161  1000
  162  1000
  163  1000
  164  1000
  165  1000
  166  1000
  167  1000
  168  1000
  169  1000
  170  1000
  171  1000
  172  1000
  173  1000
  174  1000
  175  1000
  176  1000
  177  1000
  178  1000
  179  1000
  180  1000
  181  1000
  182  1000
  183  1000
  184  1000
  185  1000
  186  1000
  187  1000
  188  1000
  189  1000
  190  1000
  191  1000
  192  1000
  193  1000
  194  1000
  195  1000
  196  1000
  197  1000
  198  1000
  199  1000
  200  1000
  201  1000
  202  1000
  203  1000
  204  1000
  205  1000
  206  1000
  207  1000
  208  1000
  209  1000
  210  1000
  211  1000
  212  1000
  213  1000
  214  1000
  215  1000
  216  1000
  217  1000
  218  1000
  219  1000
  220  1000
  221  1000
  222  1000
  223  1000
  224  1000
  225  1000
  226  1000
  227  1000
  228  1000
  229  1000
  230  1000
  231  1000
  232  1000
  233  1000
  234  1000
  235  1000
  236  1000
  237  1000
  238  1000
  239  1000
  240  1000
  241  1000
  242  1000
  243  1000
  244  1000
  245  1000
  246  1000
  247  1000
  248  1000
  249  1000
  250  1000
  251  1000
  252  1000
  253  1000
  254  1000
  255  1000
  256  1000
  257  1000
  258  1000
  259  1000
  260  1000
  261  1000
  262  1000
  263  1000
  264  1000
  265  1000
  266   994
  267   994
  268   994
  269   994
  270   994
  271   994
  272   994
  273   994
  274   994
  275   994
  276   994
  277   994
  278   994
  279   994
  280   994
  281   994
  282   994
  283   994
  284   994
  285   994
  286   978
  287   978
  288   978
  289   978
  290   978
  291   978
  292   978
  293   978
  294   978
  295   978
  296   978
  297   978
  298   978
  299   978
  300   978
  301   978
  302   978
  303   978
  304   978
  305   978
  306   954
  307   954
  308   954
  309   954
  310   954
  311   954
  312   954
  313   954
  314   954
  315   954
  316   954
  317   954
  318   954
  319   954
  320   954
  321   954
  322   954
  323   954
  324   954
  325   954
  326   925
  327   925
  328   925
  329   925
  330   925
  331   925
  332   925
  333   925
  334   925
  335   925
  336   925
  337   925
  338   925
  339   925
  340   925
  341   925
  342   925
  343   925
  344   925
  345   925
  346   889
  347   889
  348   889
  349   889
  350   889
  351   889
  352   889
  353   889
  354   889
  355   889
  356   889
  357   889
  358   889
  359   889
  360   889
  361   889
  362   889
  363   889
  364   889
  365   889
  366   846
  367   846
  368   846
  369   846
  370   846
  371   846
  372   846
  373   846
  374   846
  375   846
  376   846
  377   846
  378   846
  379   846
  380   846
  381   846
  382   846
  383   846
  384   846
  385   846
  386   800
  387   800
  388   800
  389   800
  390   800
  391   800
  392   800
  393   800
  394   800
  395   800
  396   800
  397   800
  398   800
  399   800
  400   800
  401   800
  402   800
  403   800
  404   800
  405   800
  406   748
  407   748
  408   748
  409   748
  410   748
  411   748
  412   748
  413   748
  414   748
  415   748
  416   748
  417   748
  418   748
  419   748
  420   748
  421   748
  422   748
  423   748
  424   748
  425   748
  426   692
  427   692
  428   692
  429   692
  430   692
  431   692
  432   692
  433   692
  434   692
  435   692
  436   692
  437   692
  438   692
  439   692
  440   692
  441   692
  442   692
  443   692
  444   692
  445   692
  446   633
  447   633
  448   633
  449   633
  450   633
  451   633
  452   633
  453   633
  454   633
  455   633
  456   633
  457   633
  458   633
  459   633
  460   633
  461   633
  462   633
  463   633
  464   633
  465   633
  466   574
  467   574
  468   574
  469   574
  470   574
  471   574
  472   574
  473   574
  474   574
  475   574
  476   574
  477   574
  478   574
  479   574
  480   574
  481   574
  482   574
  483   574
  484   574
  485   574
  486   513
  487   513
  488   513
  489   513
  490   513
  491   513
  492   513
  493   513
  494   513
  495   513
  496   513
  497   513
  498   513
  499   513
  500   513
  501   513
  502   513
  503   513
  504   513
  505   513
  506   451
  507   451
  508   451
  509   451
  510   451
  511   451
  512   451
  513   451
  514   451
  515   451
  516   451
  517   451
  518   451
  519   451
  520   451
  521   451
  522   451
  523   451
  524   451
  525   451
  526   391
  527   391
  528   391
  529   391
  530   391
  531   391
  532   391
  533   391
  534   391
  535   391
  536   391
  537   391
  538   391
  539   391
  540   391
  541   391
  542   391
  543   391
  544   391
  545   391
  546   332
  547   332
  548   332
  549   332
  550   332
  551   332
  552   332
  553   332
  554   332
  555   332
  556   332
  557   332
  558   332
  559   332
  560   332
  561   332
  562   332
  563   332
  564   332
  565   332
  566   275
  567   275
  568   275
  569   275
  570   275
  571   275
  572   275
  573   275
  574   275
  575   275
  576   275
  577   275
  578   275
  579   275
  580   275
  581   275
  582   275
  583   275
  584   275
  585   275
  586   221
  587   221
  588   221
  589   221
  590   221
  591   221
  592   221
  593   221
  594   221
  595   221
  596   221
  597   221
  598   221
  599   221
  600   221
  601   221
  602   221
  603   221
  604   221
  605   221
  606   170
  607   170
  608   170
  609   170
  610   170
  611   170
  612   170
  613   170
  614   170
  615   170
  616   170
  617   170
  618   170
  619   170
  620   170
  621   170
  622   170
  623   170
  624   170
  625   170
  626   123
  627   123
  628   123
  629   123
  630   123
  631   123
  632   123
  633   123
  634   123
  635   123
  636   123
  637   123
  638   123
  639   123
  640   123
  641   123
  642   123
  643   123
  644   123
  645   123
  646    80
  647    80
  648    80
  649    80
  650    80
  651    80
  652    80
  653    80
  654    80
  655    80
  656    80
  657    80
  658    80
  659    80
  660    80
  661    80
  662    80
  663    80
  664    80
  665    80
  666    41
  667    41
  668    41
  669    41
  670    41
  671    41
  672    41
  673    41
  674    41
  675    41
  676    41
  677    41
  678    41
  679    41
  680    41
  681    41
  682    41
  683    41
  684    41
  685    41
  686     7
  687     7
  688     7
  689     7
  690     7
  691     7
  692     7
  693     7
  694     7
  695     7
  696     7
  697     7
  698     7
  699     7
  700     7
  701     7
  702     7
  703     7
  704     7
  705     7
  706     0
  707     0
  708     0
  709     0
  710     0
  711     0
  712     0
  713     0
  714     0
  715     0
  716     0
  717     0
  718     0
  719     0
  720     0
  721     0
  722     0
  723     0
  724     0
  725     0
  726     0
  727     0
  728     0
  729     0
  730     0
  731     0
  732     0
  733     0
  734     0
  735     0
  736     0
  737     0
  738     0
  739     0
  740     0
  741     0
  742     0
  743     0
  744     0
  745     0
  746     0
  747     0
  748     0
  749     0
  750     0
  751     0
  752     0
  753     0
  754     0
  755     0
  756     0
  757     0
  758     0
  759     0
  760     0
  761     0
  762     0
  763     0
  764     0
  765     0
  766     0
  767     0
  768     0
  769     0
  770     0
  771     0
  772     0
  773     0
  774     0
  775     0
  776     0
  777     0
  778     0
  779     0
  780     0
  781     0
  782     0
  783     0
  784     0
  785     0
  786     0
  787     0
  788     0
  789     0
  790     0
  791     0
  792     0
  793     0
  794     0
  795     0
  796     0
  797     0
  798     0
  799     0
  800     0
  801     0
  802     0
  803     0
  804     0
  805     0
  806     5
  807     5
  808     5
  809     5
  810     5
  811     5
  812     5
  813     5
  814     5
  815     5
  816     5
  817     5
  818     5
  819     5
  820     5
  821     5
  822     5
  823     5
  824     5
  825     5
  826    17
  827    17
  828    17
  829    17
  830    17
  831    17
  832    17
  833    17
  834    17
  835    17
  836    17
  837    17
  838    17
  839    17
  840    17
  841    17
  842    17
  843    17
  844    17
  845    17
  846    35
  847    35
  848    35
  849    35
  850    35
  851    35
  852    35
  853    35
  854    35
  855    35
  856    35
  857    35
  858    35
  859    35
  860    35
  861    35
  862    35
  863    35
  864    35
  865    35
  866    59
  867    59
  868    59
  869    59
  870    59
  871    59
  872    59
  873    59
  874    59
  875    59
  876    59
  877    59
  878    59
  879    59
  880    59
  881    59
  882    59
  883    59
  884    59
  885    59
  886    87
  887    87
  888    87
  889    87
  890    87
  891    87
  892    87
  893    87
  894    87
  895    87
  896    87
  897    87
  898    87
  899    87
  900    87
  901    87
  902    87
  903    87
  904    87
  905    87
  906   120
  907   120
  908   120
  909   120
  910   120
  911   120
  912   120
  913   120
  914   120
  915   120
  916   120
  917   120
  918   120
  919   120
  920   120
  921   120
  922   120
  923   120
  924   120
  925   120
  926   157
  927   157
  928   157
  929   157
  930   157
  931   157
  932   157
  933   157
  934   157
  935   157
  936   157
  937   157
  938   157
  939   157
  940   157
  941   157
  942   157
  943   157
  944   157
  945   157
  946   196
  947   196
  948   196
  949   196
  950   196
  951   196
  952   196
  953   196
  954   196
  955   196
  956   196
  957   196
  958   196
  959   196
  960   196
  961   196
  962   196
  963   196
  964   196
  965   196
  966   238
  967   238
  968   238
  969   238
  970   238
  971   238
  972   238
  973   238
  974   238
  975   238
  976   238
  977   238
  978   238
  979   238
  980   238
  981   238
  982   238
  983   238
  984   238
  985   238
  986   282
  987   282
  988   282
  989   282
  990   282
  991   282
  992   282
  993   282
  994   282
  995   282
  996   282
  997   282
  998   282
  999   282
 1000   282
 1001   282
 1002   282
 1003   282
 1004   282
 1005   282
 1006   326
 1007   326
 1008   326
 1009   326
 1010   326
 1011   326
 1012   326
 1013   326
 1014   326
 1015   326
 1016   326
 1017   326
 1018   326
 1019   326
 1020   326
 1021   326
 1022   326
 1023   326
 1024   326
 1025   326
 1026   370
 1027   370
 1028   370
 1029   370
 1030   370
 1031   370
 1032   370
 1033   370
 1034   370
 1035   370
 1036   370
 1037   370
 1038   370
 1039   370
 1040   370
 1041   370
 1042   370
 1043   370
 1044   370
 1045   370
 1046   414
 1047   414
 1048   414
 1049   414
 1050   414
 1051   414
 1052   414
 1053   414
 1054   414
 1055   414
 1056   414
 1057   414
 1058   414
 1059   414
 1060   414
 1061   414
 1062   414
 1063   414
 1064   414
 1065   414
 1066   458
 1067   458
 1068   458
 1069   458
 1070   458
 1071   458
 1072   458
 1073   458
 1074   458
 1075   458
 1076   458
 1077   458
 1078   458
 1079   458
 1080   458
 1081   458
 1082   458
 1083   458
 1084   458
 1085   458
 1086   500
 1087   500
 1088   500
 1089   500
 1090   500
 1091   500
 1092   500
 1093   500
 1094   500
 1095   500
 1096   500
 1097   500
 1098   500
 1099   500
 1100   500
 1101   500
 1102   500
 1103   500
 1104   500
 1105   500
 1106   541
 1107   541
 1108   541
 1109   541
 1110   541
 1111   541
 1112   541
 1113   541
 1114   541
 1115   541
 1116   541
 1117   541
 1118   541
 1119   541
 1120   541
 1121   541
 1122   541
 1123   541
 1124   541
 1125   541
 1126   580
 1127   580
 1128   580
 1129   580
 1130   580
 1131   580
 1132   580
 1133   580
 1134   580
 1135   580
 1136   580
 1137   580
 1138   580
 1139   580
 1140   580
 1141   580
 1142   580
 1143   580
 1144   580
 1145   580
 1146   616
 1147   616
 1148   616
 1149   616
 1150   616
 1151   616
 1152   616
 1153   616
 1154   616
 1155   616
 1156   616
 1157   616
 1158   616
 1159   616
 1160   616
 1161   616
 1162   616
 1163   616
 1164   616
 1165   616
 1166   650
 1167   650
 1168   650
 1169   650
 1170   650
 1171   650
 1172   650
 1173   650
 1174   650
 1175   650
 1176   650
 1177   650
 1178   650
 1179   650
 1180   650
 1181   650
 1182   650
 1183   650
 1184   650
 1185   650
 1186   680
 1187   680
 1188   680
 1189   680
 1190   680
 1191   680
 1192   680
 1193   680
 1194   680
 1195   680
 1196   680
 1197   680
 1198   680
 1199   680
 1200   680
 1201   680
 1202   680
 1203   680
 1204   680
 1205   680
 1206   707
 1207   707
 1208   707
 1209   707
 1210   707
 1211   707
 1212   707
 1213   707
 1214   707
 1215   707
 1216   707
 1217   707
 1218   707
 1219   707
 1220   707
 1221   707
 1222   707
 1223   707
 1224   707
 1225   707
 1226   730
 1227   730
 1228   730
 1229   730
 1230   730
 1231   730
 1232   730
 1233   730
 1234   730
 1235   730
 1236   730
 1237   730
 1238   730
 1239   730
 1240   730
 1241   730
 1242   730
 1243   730
 1244   730
 1245   730
 1246   748
 1247   748
 1248   748
 1249   748
 1250   748
 1251   748
 1252   748
 1253   748
 1254   748
 1255   748
 1256   748
 1257   748
 1258   748
 1259   748
 1260   748
 1261   748
 1262   748
 1263   748
 1264   748
 1265   748
 1266   762
 1267   762
 1268   762
 1269   762
 1270   762
 1271   762
 1272   762
 1273   762
 1274   762
 1275   762
 1276   762
 1277   762
 1278   762
 1279   762
 1280   762
 1281   762
 1282   762
 1283   762
 1284   762
 1285   762
 1286   771
 1287   771
 1288   771
 1289   771
 1290   771
 1291   771
 1292   771
 1293   771
 1294   771
 1295   771
 1296   771
 1297   771
 1298   771
 1299   771
 1300   771
 1301   771
 1302   771
 1303   771
 1304   771
 1305   771
 1306   776
 1307   776
 1308   776
 1309   776
 1310   776
 1311   776
 1312   776
 1313   776
 1314   776
 1315   776
 1316   776
 1317   776
 1318   776
 1319   776
 1320   776
 1321   776
 1322   776
 1323   776
 1324   776
 1325   776
 1326   775
 1327   775
 1328   775
 1329   775
 1330   775
 1331   775
 1332   775
 1333   775
 1334   775
 1335   775
 1336   775
 1337   775
 1338   775
 1339   775
 1340   775
 1341   775
 1342   775
 1343   775
 1344   775
 1345   775
 1346   769
 1347   769
 1348   769
 1349   769
 1350   769
 1351   769
 1352   769
 1353   769
 1354   769
 1355   769
 1356   769
 1357   769
 1358   769
 1359   769
 1360   769
 1361   769
 1362   769
 1363   769
 1364   769
 1365   769
 1366   760
 1367   760
 1368   760
 1369   760
 1370   760
 1371   760
 1372   760
 1373   760
 1374   760
 1375   760
 1376   760
 1377   760
 1378   760
 1379   760
 1380   760
 1381   760
 1382   760
 1383   760
 1384   760
 1385   760
 1386   745
 1387   745
 1388   745
 1389   745
 1390   745
 1391   745
 1392   745
 1393   745
 1394   745
 1395   745
 1396   745
 1397   745
 1398   745
 1399   745
 1400   745
 1401   745
 1402   745
 1403   745
 1404   745
 1405   745
 1406   725
 1407   725
 1408   725
 1409   725
 1410   725
 1411   725
 1412   725
 1413   725
 1414   725
 1415   725
 1416   725
 1417   725
 1418   725
 1419   725
 1420   725
 1421   725
 1422   725
 1423   725
 1424   725
 1425   725
 1426   700
 1427   700
 1428   700
 1429   700
 1430   700
 1431   700
 1432   700
 1433   700
 1434   700
 1435   700
 1436   700
 1437   700
 1438   700
 1439   700
 1440   700
 1441   700
 1442   700
 1443   700
 1444   700
 1445   700
 1446   674
 1447   674
 1448   674
 1449   674
 1450   674
 1451   674
 1452   674
 1453   674
 1454   674
 1455   674
 1456   674
 1457   674
 1458   674
 1459   674
 1460   674
 1461   674
 1462   674
 1463   674
 1464   674
 1465   674
 1466   645
 1467   645
 1468   645
 1469   645
 1470   645
 1471   645
 1472   645
 1473   645
 1474   645
 1475   645
 1476   645
 1477   645
 1478   645
 1479   645
 1480   645
 1481   645
 1482   645
 1483   645
 1484   645
 1485   645
 1486   612
 1487   612
 1488   612
 1489   612
 1490   612
 1491   612
 1492   612
 1493   612
 1494   612
 1495   612
 1496   612
 1497   612
 1498   612
 1499   612
 1500   612
 1501   612
 1502   612
 1503   612
 1504   612
 1505   612
 1506   579
 1507   579
 1508   579
 1509   579
 1510   579
 1511   579
 1512   579
 1513   579
 1514   579
 1515   579
 1516   579
 1517   579
 1518   579
 1519   579
 1520   579
 1521   579
 1522   579
 1523   579
 1524   579
 1525   579
 1526   544
 1527   544
 1528   544
 1529   544
 1530   544
 1531   544
 1532   544
 1533   544
 1534   544
 1535   544
 1536   544
 1537   544
 1538   544
 1539   544
 1540   544
 1541   544
 1542   544
 1543   544
 1544   544
 1545   544
 1546   506
 1547   506
 1548   506
 1549   506
 1550   506
 1551   506
 1552   506
 1553   506
 1554   506
 1555   506
 1556   506
 1557   506
 1558   506
 1559   506
 1560   506
 1561   506
 1562   506
 1563   506
 1564   506
 1565   506
 1566   468
 1567   468
 1568   468
 1569   468
 1570   468
 1571   468
 1572   468
 1573   468
 1574   468
 1575   468
 1576   468
 1577   468
 1578   468
 1579   468
 1580   468
 1581   468
 1582   468
 1583   468
 1584   468
 1585   468
 1586   430
 1587   430
 1588   430
 1589   430
 1590   430
 1591   430
 1592   430
 1593   430
 1594   430
 1595   430
 1596   430
 1597   430
 1598   430
 1599   430
 1600   430
 1601   430
 1602   430
 1603   430
 1604   430
 1605   430
 1606   392
 1607   392
 1608   392
 1609   392
 1610   392
 1611   392
 1612   392
 1613   392
 1614   392
 1615   392
 1616   392
 1617   392
 1618   392
 1619   392
 1620   392
 1621   392
 1622   392
 1623   392
 1624   392
 1625   392
 1626   354
 1627   354
 1628   354
 1629   354
 1630   354
 1631   354
 1632   354
 1633   354
 1634   354
 1635   354
 1636   354
 1637   354
 1638   354
 1639   354
 1640   354
 1641   354
 1642   354
 1643   354
 1644   354
 1645   354
 1646   316
 1647   316
 1648   316
 1649   316
 1650   316
 1651   316
 1652   316
 1653   316
 1654   316
 1655   316
 1656   316
 1657   316
 1658   316
 1659   316
 1660   316
 1661   316
 1662   316
 1663   316
 1664   316
 1665   316
 1666   280
 1667   280
 1668   280
 1669   280
 1670   280
 1671   280
 1672   280
 1673   280
 1674   280
 1675   280
 1676   280
 1677   280
 1678   280
 1679   280
 1680   280
 1681   280
 1682   280
 1683   280
 1684   280
 1685   280
 1686   246
 1687   246
 1688   246
 1689   246
 1690   246
 1691   246
 1692   246
 1693   246
 1694   246
 1695   246
 1696   246
 1697   246
 1698   246
 1699   246
 1700   246
 1701   246
 1702   246
 1703   246
 1704   246
 1705   246
 1706   216
 1707   216
 1708   216
 1709   216
 1710   216
 1711   216
 1712   216
 1713   216
 1714   216
 1715   216
 1716   216
 1717   216
 1718   216
 1719   216
 1720   216
 1721   216
 1722   216
 1723   216
 1724   216
 1725   216
 1726   189
 1727   189
 1728   189
 1729   189
 1730   189
 1731   189
 1732   189
 1733   189
 1734   189
 1735   189
 1736   189
 1737   189
 1738   189
 1739   189
 1740   189
 1741   189
 1742   189
 1743   189
 1744   189
 1745   189
 1746   166
 1747   166
 1748   166
 1749   166
 1750   166
 1751   166
 1752   166
 1753   166
 1754   166
 1755   166
 1756   166
 1757   166
 1758   166
 1759   166
 1760   166
 1761   166
 1762   166
 1763   166
 1764   166
 1765   166
 1766   147
 1767   147
 1768   147
 1769   147
 1770   147
 1771   147
 1772   147
 1773   147
 1774   147
 1775   147
 1776   147
 1777   147
 1778   147
 1779   147
 1780   147
 1781   147
 1782   147
 1783   147
 1784   147
 1785   147
 1786   131
 1787   131
 1788   131
 1789   131
 1790   131
 1791   131
 1792   131
 1793   131
 1794   131
 1795   131
 1796   131
 1797   131
 1798   131
 1799   131
 1800   131
 1801   131
 1802   131
 1803   131
 1804   131
 1805   131
 1806   120
 1807   120
 1808   120
 1809   120
 1810   120
 1811   120
 1812   120
 1813   120
 1814   120
 1815   120
 1816   120
 1817   120
 1818   120
 1819   120
 1820   120
 1821   120
 1822   120
 1823   120
 1824   120
 1825   120
 1826   113
 1827   113
 1828   113
 1829   113
 1830   113
 1831   113
 1832   113
 1833   113
 1834   113
 1835   113
 1836   113
 1837   113
 1838   113
 1839   113
 1840   113
 1841   113
 1842   113
 1843   113
 1844   113
 1845   113
 1846   111
 1847   111
 1848   111
 1849   111
 1850   111
 1851   111
 1852   111
 1853   111
 1854   111
 1855   111
 1856   111
 1857   111
 1858   111
 1859   111
 1860   111
 1861   111
 1862   111
 1863   111
 1864   111
 1865   111
 1866   112
 1867   112
 1868   112
 1869   112
 1870   112
 1871   112
 1872   112
 1873   112
 1874   112
 1875   112
 1876   112
 1877   112
 1878   112
 1879   112
 1880   112
 1881   112
 1882   112
 1883   112
 1884   112
 1885   112
 1886   117
 1887   117
 1888   117
 1889   117
 1890   117
 1891   117
 1892   117
 1893   117
 1894   117
 1895   117
 1896   117
 1897   117
 1898   117
 1899   117
 1900   117
 1901   117
 1902   117
 1903   117
 1904   117
 1905   117
 1906   127
 1907   127
 1908   127
 1909   127
 1910   127
 1911   127
 1912   127
 1913   127
 1914   127
 1915   127
 1916   127
 1917   127
 1918   127
 1919   127
 1920   127
 1921   127
 1922   127
 1923   127
 1924   127
 1925   127
 1926   140
 1927   140
 1928   140
 1929   140
 1930   140
 1931   140
 1932   140
 1933   140
 1934   140
 1935   140
 1936   140
 1937   140
 1938   140
 1939   140
 1940   140
 1941   140
 1942   140
 1943   140
 1944   140
 1945   140
 1946   157
 1947   157
 1948   157
 1949   157
 1950   157
 1951   157
 1952   157
 1953   157
 1954   157
 1955   157
 1956   157
 1957   157
 1958   157
 1959   157
 1960   157
 1961   157
 1962   157
 1963   157
 1964   157
 1965   157
 1966   176
 1967   176
 1968   176
 1969   176
 1970   176
 1971   176
 1972   176
 1973   176
 1974   176
 1975   176
 1976   176
 1977   176
 1978   176
 1979   176
 1980   176
 1981   176
 1982   176
 1983   176
 1984   176
 1985   176
 1986   199
 1987   199
 1988   199
 1989   199
 1990   199
 1991   199
 1992   199
 1993   199
 1994   199
 1995   199
 1996   199
 1997   199
 1998   199
 1999   199
 2000   199
 2001   199
 2002   199
 2003   199
 2004   199
 2005   199
 2006   223
 2007   223
 2008   223
 2009   223
 2010   223
 2011   223
 2012   223
 2013   223
 2014   223
 2015   223
 2016   223
 2017   223
 2018   223
 2019   223
 2020   223
 2021   223
 2022   223
 2023   223
 2024   223
 2025   223
 2026   250
 2027   250
 2028   250
 2029   250
 2030   250
 2031   250
 2032   250
 2033   250
 2034   250
 2035   250
 2036   250
 2037   250
 2038   250
 2039   250
 2040   250
 2041   250
 2042   250
 2043   250
 2044   250
 2045   250
 2046   278
 2047   278
 2048   278
 2049   278
 2050   278
 2051   278
 2052   278
 2053   278
 2054   278
 2055   278
 2056   278
 2057   278
 2058   278
 2059   278
 2060   278
 2061   278
 2062   278
 2063   278
 2064   278
 2065   278
 2066   307
 2067   307
 2068   307
 2069   307
 2070   307
 2071   307
 2072   307
 2073   307
 2074   307
 2075   307
 2076   307
 2077   307
 2078   307
 2079   307
 2080   307
 2081   307
 2082   307
 2083   307
 2084   307
 2085   307
 2086   338
 2087   338
 2088   338
 2089   338
 2090   338
 2091   338
 2092   338
 2093   338
 2094   338
 2095   338
 2096   338
 2097   338
 2098   338
 2099   338
 2100   338
 2101   338
 2102   338
 2103   338
 2104   338
 2105   338
 2106   369
 2107   369
 2108   369
 2109   369
 2110   369
 2111   369
 2112   369
 2113   369
 2114   369
 2115   369
 2116   369
 2117   369
 2118   369
 2119   369
 2120   369
 2121   369
 2122   369
 2123   369
 2124   369
 2125   369
 2126   401
 2127   401
 2128   401
 2129   401
 2130   401
 2131   401
 2132   401
 2133   401
 2134   401
 2135   401
 2136   401
 2137   401
 2138   401
 2139   401
 2140   401
 2141   401
 2142   401
 2143   401
 2144   401
 2145   401
 2146   432
 2147   432
 2148   432
 2149   432
 2150   432
 2151   432
 2152   432
 2153   432
 2154   432
 2155   432
 2156   432
 2157   432
 2158   432
 2159   432
 2160   432
 2161   432
 2162   432
 2163   432
 2164   432
 2165   432
 2166   462
 2167   462
 2168   462
 2169   462
 2170   462
 2171   462
 2172   462
 2173   462
 2174   462
 2175   462
 2176   462
 2177   462
 2178   462
 2179   462
 2180   462
 2181   462
 2182   462
 2183   462
 2184   462
 2185   462
 2186   491
 2187   491
 2188   491
 2189   491
 2190   491
 2191   491
 2192   491
 2193   491
 2194   491
 2195   491
 2196   491
 2197   491
 2198   491
 2199   491
 2200   491
 2201   491
 2202   491
 2203   491
 2204   491
 2205   491
 2206   519
 2207   519
 2208   519
 2209   519
 2210   519
 2211   519
 2212   519
 2213   519
 2214   519
 2215   519
 2216   519
 2217   519
 2218   519
 2219   519
 2220   519
 2221   519
 2222   519
 2223   519
 2224   519
 2225   519
 2226   545
 2227   545
 2228   545
 2229   545
 2230   545
 2231   545
 2232   545
 2233   545
 2234   545
 2235   545
 2236   545
 2237   545
 2238   545
 2239   545
 2240   545
 2241   545
 2242   545
 2243   545
 2244   545
 2245   545
 2246   569
 2247   569
 2248   569
 2249   569
 2250   569
 2251   569
 2252   569
 2253   569
 2254   569
 2255   569
 2256   569
 2257   569
 2258   569
 2259   569
 2260   569
 2261   569
 2262   569
 2263   569
 2264   569
 2265   569
 2266   590
 2267   590
 2268   590
 2269   590
 2270   590
 2271   590
 2272   590
 2273   590
 2274   590
 2275   590
 2276   590
 2277   590
 2278   590
 2279   590
 2280   590
 2281   590
 2282   590
 2283   590
 2284   590
 2285   590
 2286   609
 2287   609
 2288   609
 2289   609
 2290   609
 2291   609
 2292   609
 2293   609
 2294   609
 2295   609
 2296   609
 2297   609
 2298   609
 2299   609
 2300   609
 2301   609
 2302   609
 2303   609
 2304   609
 2305   609
 2306   625
 2307   625
 2308   625
 2309   625
 2310   625
 2311   625
 2312   625
 2313   625
 2314   625
 2315   625
 2316   625
 2317   625
 2318   625
 2319   625
 2320   625
 2321   625
 2322   625
 2323   625
 2324   625
 2325   625
 2326   638
 2327   638
 2328   638
 2329   638
 2330   638
 2331   638
 2332   638
 2333   638
 2334   638
 2335   638
 2336   638
 2337   638
 2338   638
 2339   638
 2340   638
 2341   638
 2342   638
 2343   638
 2344   638
 2345   638
 2346   648
 2347   648
 2348   648
 2349   648
 2350   648
 2351   648
 2352   648
 2353   648
 2354   648
 2355   648
 2356   648
 2357   648
 2358   648
 2359   648
 2360   648
 2361   648
 2362   648
 2363   648
 2364   648
 2365   648
 2366   655
 2367   655
 2368   655
 2369   655
 2370   655
 2371   655
 2372   655
 2373   655
 2374   655
 2375   655
 2376   655
 2377   655
 2378   655
 2379   655
 2380   655
 2381   655
 2382   655
 2383   655
 2384   655
 2385   655
 2386   659
 2387   659
 2388   659
 2389   659
 2390   659
 2391   659
 2392   659
 2393   659
 2394   659
 2395   659
 2396   659
 2397   659
 2398   659
 2399   659
 2400   659
 2401   659
 2402   659
 2403   659
 2404   659
 2405   659
 2406   659
 2407   659
 2408   659
 2409   659
 2410   659
 2411   659
 2412   659
 2413   659
 2414   659
 2415   659
 2416   659
 2417   659
 2418   659
 2419   659
 2420   659
 2421   659
 2422   659
 2423   659
 2424   659
 2425   659
 2426   656
 2427   656
 2428   656
 2429   656
 2430   656
 2431   656
 2432   656
 2433   656
 2434   656
 2435   656
 2436   656
 2437   656
 2438   656
 2439   656
 2440   656
 2441   656
 2442   656
 2443   656
 2444   656
 2445   656
 2446   650
 2447   650
 2448   650
 2449   650
 2450   650
 2451   650
 2452   650
 2453   650
 2454   650
 2455   650
 2456   650
 2457   650
 2458   650
 2459   650
 2460   650
 2461   650
 2462   650
 2463   650
 2464   650
 2465   650
 2466   640
 2467   640
 2468   640
 2469   640
 2470   640
 2471   640
 2472   640
 2473   640
 2474   640
 2475   640
 2476   640
 2477   640
 2478   640
 2479   640
 2480   640
 2481   640
 2482   640
 2483   640
 2484   640
 2485   640
 2486   628
 2487   628
 2488   628
 2489   628
 2490   628
 2491   628
 2492   628
 2493   628
 2494   628
 2495   628
 2496   628
 2497   628
 2498   628
 2499   628
 2500   628
 2501   628
 2502   628
 2503   628
 2504   628
 2505   628
 2506   613
 2507   613
 2508   613
 2509   613
 2510   613
 2511   613
 2512   613
 2513   613
 2514   613
 2515   613
 2516   613
 2517   613
 2518   613
 2519   613
 2520   613
 2521   613
 2522   613
 2523   613
 2524   613
 2525   613
 2526   596
 2527   596
 2528   596
 2529   596
 2530   596
 2531   596
 2532   596
 2533   596
 2534   596
 2535   596
 2536   596
 2537   596
 2538   596
 2539   596
 2540   596
 2541   596
 2542   596
 2543   596
 2544   596
 2545   596
 2546   576
 2547   576
 2548   576
 2549   576
 2550   576
 2551   576
 2552   576
 2553   576
 2554   576
 2555   576
 2556   576
 2557   576
 2558   576
 2559   576
 2560   576
 2561   576
 2562   576
 2563   576
 2564   576
 2565   576
 2566   555
 2567   555
 2568   555
 2569   555
 2570   555
 2571   555
 2572   555
 2573   555
 2574   555
 2575   555
 2576   555
 2577   555
 2578   555
 2579   555
 2580   555
 2581   555
 2582   555
 2583   555
 2584   555
 2585   555
 2586   533
 2587   533
 2588   533
 2589   533
 2590   533
 2591   533
 2592   533
 2593   533
 2594   533
 2595   533
 2596   533
 2597   533
 2598   533
 2599   533
 2600   533
 2601   533
 2602   533
 2603   533
 2604   533
 2605   533
 2606   510
 2607   510
 2608   510
 2609   510
 2610   510
 2611   510
 2612   510
 2613   510
 2614   510
 2615   510
 2616   510
 2617   510
 2618   510
 2619   510
 2620   510
 2621   510
 2622   510
 2623   510
 2624   510
 2625   510
 2626   487
 2627   487
 2628   487
 2629   487
 2630   487
 2631   487
 2632   487
 2633   487
 2634   487
 2635   487
 2636   487
 2637   487
 2638   487
 2639   487
 2640   487
 2641   487
 2642   487
 2643   487
 2644   487
 2645   487
 2646   463
 2647   463
 2648   463
 2649   463
 2650   463
 2651   463
 2652   463
 2653   463
 2654   463
 2655   463
 2656   463
 2657   463
 2658   463
 2659   463
 2660   463
 2661   463
 2662   463
 2663   463
 2664   463
 2665   463
 2666   439
 2667   439
 2668   439
 2669   439
 2670   439
 2671   439
 2672   439
 2673   439
 2674   439
 2675   439
 2676   439
 2677   439
 2678   439
 2679   439
 2680   439
 2681   439
 2682   439
 2683   439
 2684   439
 2685   439
 2686   415
 2687   415
 2688   415
 2689   415
 2690   415
 2691   415
 2692   415
 2693   415
 2694   415
 2695   415
 2696   415
 2697   415
 2698   415
 2699   415
 2700   415
 2701   415
 2702   415
 2703   415
 2704   415
 2705   415
 2706   391
 2707   391
 2708   391
 2709   391
 2710   391
 2711   391
 2712   391
 2713   391
 2714   391
 2715   391
 2716   391
 2717   391
 2718   391
 2719   391
 2720   391
 2721   391
 2722   391
 2723   391
 2724   391
 2725   391
 2726   368
 2727   368
 2728   368
 2729   368
 2730   368
 2731   368
 2732   368
 2733   368
 2734   368
 2735   368
 2736   368
 2737   368
 2738   368
 2739   368
 2740   368
 2741   368
 2742   368
 2743   368
 2744   368
 2745   368
 2746   346
 2747   346
 2748   346
 2749   346
 2750   346
 2751   346
 2752   346
 2753   346
 2754   346
 2755   346
 2756   346
 2757   346
 2758   346
 2759   346
 2760   346
 2761   346
 2762   346
 2763   346
 2764   346
 2765   346
 2766   324
 2767   324
 2768   324
 2769   324
 2770   324
 2771   324
 2772   324
 2773   324
 2774   324
 2775   324
 2776   324
 2777   324
 2778   324
 2779   324
 2780   324
 2781   324
 2782   324
 2783   324
 2784   324
 2785   324
 2786   303
 2787   303
 2788   303
 2789   303
 2790   303
 2791   303
 2792   303
 2793   303
 2794   303
 2795   303
 2796   303
 2797   303
 2798   303
 2799   303
 2800   303
 2801   303
 2802   303
 2803   303
 2804   303
 2805   303
 2806   284
 2807   284
 2808   284
 2809   284
 2810   284
 2811   284
 2812   284
 2813   284
 2814   284
 2815   284
 2816   284
 2817   284
 2818   284
 2819   284
 2820   284
 2821   284
 2822   284
 2823   284
 2824   284
 2825   284
 2826   267
 2827   267
 2828   267
 2829   267
 2830   267
 2831   267
 2832   267
 2833   267
 2834   267
 2835   267
 2836   267
 2837   267
 2838   267
 2839   267
 2840   267
 2841   267
 2842   267
 2843   267
 2844   267
 2845   267
 2846   252
 2847   252
 2848   252
 2849   252
 2850   252
 2851   252
 2852   252
 2853   252
 2854   252
 2855   252
 2856   252
 2857   252
 2858   252
 2859   252
 2860   252
 2861   252
 2862   252
 2863   252
 2864   252
 2865   252
 2866   241
 2867   241
 2868   241
 2869   241
 2870   241
 2871   241
 2872   241
 2873   241
 2874   241
 2875   241
 2876   241
 2877   241
 2878   241
 2879   241
 2880   241
 2881   241
 2882   241
 2883   241
 2884   241
 2885   241
 2886   233
 2887   233
 2888   233
 2889   233
 2890   233
 2891   233
 2892   233
 2893   233
 2894   233
 2895   233
 2896   233
 2897   233
 2898   233
 2899   233
 2900   233
 2901   233
 2902   233
 2903   233
 2904   233
 2905   233
 2906   227
 2907   227
 2908   227
 2909   227
 2910   227
 2911   227
 2912   227
 2913   227
 2914   227
 2915   227
 2916   227
 2917   227
 2918   227
 2919   227
 2920   227
 2921   227
 2922   227
 2923   227
 2924   227
 2925   227
 2926   225
 2927   225
 2928   225
 2929   225
 2930   225
 2931   225
 2932   225
 2933   225
 2934   225
 2935   225
 2936   225
 2937   225
 2938   225
 2939   225
 2940   225
 2941   225
 2942   225
 2943   225
 2944   225
 2945   225
 2946   225
 2947   225
 2948   225
 2949   225
 2950   225
 2951   225
 2952   225
 2953   225
 2954   225
 2955   225
 2956   225
 2957   225
 2958   225
 2959   225
 2960   225
 2961   225
 2962   225
 2963   225
 2964   225
 2965   225
 2966   228
 2967   228
 2968   228
 2969   228
 2970   228
 2971   228
 2972   228
 2973   228
 2974   228
 2975   228
 2976   228
 2977   228
 2978   228
 2979   228
 2980   228
 2981   228
 2982   228
 2983   228
 2984   228
 2985   228
 2986   232
 2987   232
 2988   232
 2989   232
 2990   232
 2991   232
 2992   232
 2993   232
 2994   232
 2995   232
 2996   232
 2997   232
 2998   232
 2999   232
 3000   232
 3001   232
 3002   232
 3003   232
 3004   232
 3005   232
 3006   238
 3007   238
 3008   238
 3009   238
 3010   238
 3011   238
 3012   238
 3013   238
 3014   238
 3015   238
 3016   238
 3017   238
 3018   238
 3019   238
 3020   238
 3021   238
 3022   238
 3023   238
 3024   238
 3025   238
 3026   247
 3027   247
 3028   247
 3029   247
 3030   247
 3031   247
 3032   247
 3033   247
 3034   247
 3035   247
 3036   247
 3037   247
 3038   247
 3039   247
 3040   247
 3041   247
 3042   247
 3043   247
 3044   247
 3045   247
 3046   257
 3047   257
 3048   257
 3049   257
 3050   257
 3051   257
 3052   257
 3053   257
 3054   257
 3055   257
 3056   257
 3057   257
 3058   257
 3059   257
 3060   257
 3061   257
 3062   257
 3063   257
 3064   257
 3065   257
 3066   269
 3067   269
 3068   269
 3069   269
 3070   269
 3071   269
 3072   269
 3073   269
 3074   269
 3075   269
 3076   269
 3077   269
 3078   269
 3079   269
 3080   269
 3081   269
 3082   269
 3083   269
 3084   269
 3085   269
 3086   283
 3087   283
 3088   283
 3089   283
 3090   283
 3091   283
 3092   283
 3093   283
 3094   283
 3095   283
 3096   283
 3097   283
 3098   283
 3099   283
 3100   283
 3101   283
 3102   283
 3103   283
 3104   283
 3105   283
 3106   299
 3107   299
 3108   299
 3109   299
 3110   299
 3111   299
 3112   299
 3113   299
 3114   299
 3115   299
 3116   299
 3117   299
 3118   299
 3119   299
 3120   299
 3121   299
 3122   299
 3123   299
 3124   299
 3125   299
 3126   316
 3127   316
 3128   316
 3129   316
 3130   316
 3131   316
 3132   316
 3133   316
 3134   316
 3135   316
 3136   316
 3137   316
 3138   316
 3139   316
 3140   316
 3141   316
 3142   316
 3143   316
 3144   316
 3145   316
 3146   333
 3147   333
 3148   333
 3149   333
 3150   333
 3151   333
 3152   333
 3153   333
 3154   333
 3155   333
 3156   333
 3157   333
 3158   333
 3159   333
 3160   333
 3161   333
 3162   333
 3163   333
 3164   333
 3165   333
 3166   351
 3167   351
 3168   351
 3169   351
 3170   351
 3171   351
 3172   351
 3173   351
 3174   351
 3175   351
 3176   351
 3177   351
 3178   351
 3179   351
 3180   351
 3181   351
 3182   351
 3183   351
 3184   351
 3185   351
 3186   370
 3187   370
 3188   370
 3189   370
 3190   370
 3191   370
 3192   370
 3193   370
 3194   370
 3195   370
 3196   370
 3197   370
 3198   370
 3199   370
 3200   370
 3201   370
 3202   370
 3203   370
 3204   370
 3205   370
 3206   389
 3207   389
 3208   389
 3209   389
 3210   389
 3211   389
 3212   389
 3213   389
 3214   389
 3215   389
 3216   389
 3217   389
 3218   389
 3219   389
 3220   389
 3221   389
 3222   389
 3223   389
 3224   389
 3225   389
 3226   409
 3227   409
 3228   409
 3229   409
 3230   409
 3231   409
 3232   409
 3233   409
 3234   409
 3235   409
 3236   409
 3237   409
 3238   409
 3239   409
 3240   409
 3241   409
 3242   409
 3243   409
 3244   409
 3245   409
 3246   429
 3247   429
 3248   429
 3249   429
 3250   429
 3251   429
 3252   429
 3253   429
 3254   429
 3255   429
 3256   429
 3257   429
 3258   429
 3259   429
 3260   429
 3261   429
 3262   429
 3263   429
 3264   429
 3265   429
 3266   448
 3267   448
 3268   448
 3269   448
 3270   448
 3271   448
 3272   448
 3273   448
 3274   448
 3275   448
 3276   448
 3277   448
 3278   448
 3279   448
 3280   448
 3281   448
 3282   448
 3283   448
 3284   448
 3285   448
 3286   466
 3287   466
 3288   466
 3289   466
 3290   466
 3291   466
 3292   466
 3293   466
 3294   466
 3295   466
 3296   466
 3297   466
 3298   466
 3299   466
 3300   466
 3301   466
 3302   466
 3303   466
 3304   466
 3305   466
 3306   483
 3307   483
 3308   483
 3309   483
 3310   483
 3311   483
 3312   483
 3313   483
 3314   483
 3315   483
 3316   483
 3317   483
 3318   483
 3319   483
 3320   483
 3321   483
 3322   483
 3323   483
 3324   483
 3325   483
 3326   499
 3327   499
 3328   499
 3329   499
 3330   499
 3331   499
 3332   499
 3333   499
 3334   499
 3335   499
 3336   499
 3337   499
 3338   499
 3339   499
 3340   499
 3341   499
 3342   499
 3343   499
 3344   499
 3345   499
 3346   513
 3347   513
 3348   513
 3349   513
 3350   513
 3351   513
 3352   513
 3353   513
 3354   513
 3355   513
 3356   513
 3357   513
 3358   513
 3359   513
 3360   513
 3361   513
 3362   513
 3363   513
 3364   513
 3365   513
 3366   525
 3367   525
 3368   525
 3369   525
 3370   525
 3371   525
 3372   525
 3373   525
 3374   525
 3375   525
 3376   525
 3377   525
 3378   525
 3379   525
 3380   525
 3381   525
 3382   525
 3383   525
 3384   525
 3385   525
 3386   535
 3387   535
 3388   535
 3389   535
 3390   535
 3391   535
 3392   535
 3393   535
 3394   535
 3395   535
 3396   535
 3397   535
 3398   535
 3399   535
 3400   535
 3401   535
 3402   535
 3403   535
 3404   535
 3405   535
 3406   543
 3407   543
 3408   543
 3409   543
 3410   543
 3411   543
 3412   543
 3413   543
 3414   543
 3415   543
 3416   543
 3417   543
 3418   543
 3419   543
 3420   543
 3421   543
 3422   543
 3423   543
 3424   543
 3425   543
 3426   549
 3427   549
 3428   549
 3429   549
 3430   549
 3431   549
 3432   549
 3433   549
 3434   549
 3435   549
 3436   549
 3437   549
 3438   549
 3439   549
 3440   549
 3441   549
 3442   549
 3443   549
 3444   549
 3445   549
 3446   553
 3447   553
 3448   553
 3449   553
 3450   553
 3451   553
 3452   553
 3453   553
 3454   553
 3455   553
 3456   553
 3457   553
 3458   553
 3459   553
 3460   553
 3461   553
 3462   553
 3463   553
 3464   553
 3465   553
 3466   555
 3467   555
 3468   555
 3469   555
 3470   555
 3471   555
 3472   555
 3473   555
 3474   555
 3475   555
 3476   555
 3477   555
 3478   555
 3479   555
 3480   555
 3481   555
 3482   555
 3483   555
 3484   555
 3485   555
 3486   556
 3487   556
 3488   556
 3489   556
 3490   556
 3491   556
 3492   556
 3493   556
 3494   556
 3495   556
 3496   556
 3497   556
 3498   556
 3499   556
 3500   556
 3501   556
 3502   556
 3503   556
 3504   556
 3505   556
 3506   554
 3507   554
 3508   554
 3509   554
 3510   554
 3511   554
 3512   554
 3513   554
 3514   554
 3515   554
 3516   554
 3517   554
 3518   554
 3519   554
 3520   554
 3521   554
 3522   554
 3523   554
 3524   554
 3525   554
 3526   550
 3527   550
 3528   550
 3529   550
 3530   550
 3531   550
 3532   550
 3533   550
 3534   550
 3535   550
 3536   550
 3537   550
 3538   550
 3539   550
 3540   550
 3541   550
 3542   550
 3543   550
 3544   550
 3545   550
 3546   545
 3547   545
 3548   545
 3549   545
 3550   545
 3551   545
 3552   545
 3553   545
 3554   545
 3555   545
 3556   545
 3557   545
 3558   545
 3559   545
 3560   545
 3561   545
 3562   545
 3563   545
 3564   545
 3565   545
 3566   539
 3567   539
 3568   539
 3569   539
 3570   539
 3571   539
 3572   539
 3573   539
 3574   539
 3575   539
 3576   539
 3577   539
 3578   539
 3579   539
 3580   539
 3581   539
 3582   539
 3583   539
 3584   539
 3585   539
 3586   531
 3587   531
 3588   531
 3589   531
 3590   531
 3591   531
 3592   531
 3593   531
 3594   531
 3595   531
 3596   531
 3597   531
 3598   531
 3599   531
 3600   531
 3601   531
 3602   531
 3603   531
 3604   531
 3605   531
 3606   522
 3607   522
 3608   522
 3609   522
 3610   522
 3611   522
 3612   522
 3613   522
 3614   522
 3615   522
 3616   522
 3617   522
 3618   522
 3619   522
 3620   522
 3621   522
 3622   522
 3623   522
 3624   522
 3625   522
 3626   512
 3627   512
 3628   512
 3629   512
 3630   512
 3631   512
 3632   512
 3633   512
 3634   512
 3635   512
 3636   512
 3637   512
 3638   512
 3639   512
 3640   512
 3641   512
 3642   512
 3643   512
 3644   512
 3645   512
 3646   501
 3647   501
 3648   501
 3649   501
 3650   501
 3651   501
 3652   501
 3653   501
 3654   501
 3655   501
 3656   501
 3657   501
 3658   501
 3659   501
 3660   501
 3661   501
 3662   501
 3663   501
 3664   501
 3665   501
 3666   488
 3667   488
 3668   488
 3669   488
 3670   488
 3671   488
 3672   488
 3673   488
 3674   488
 3675   488
 3676   488
 3677   488
 3678   488
 3679   488
 3680   488
 3681   488
 3682   488
 3683   488
 3684   488
 3685   488
 3686   475
 3687   475
 3688   475
 3689   475
 3690   475
 3691   475
 3692   475
 3693   475
 3694   475
 3695   475
 3696   475
 3697   475
 3698   475
 3699   475
 3700   475
 3701   475
 3702   475
 3703   475
 3704   475
 3705   475
 3706   461
 3707   461
 3708   461
 3709   461
 3710   461
 3711   461
 3712   461
 3713   461
 3714   461
 3715   461
 3716   461
 3717   461
 3718   461
 3719   461
 3720   461
 3721   461
 3722   461
 3723   461
 3724   461
 3725   461
 3726   446
 3727   446
 3728   446
 3729   446
 3730   446
 3731   446
 3732   446
 3733   446
 3734   446
 3735   446
 3736   446
 3737   446
 3738   446
 3739   446
 3740   446
 3741   446
 3742   446
 3743   446
 3744   446
 3745   446
 3746   432
 3747   432
 3748   432
 3749   432
 3750   432
 3751   432
 3752   432
 3753   432
 3754   432
 3755   432
 3756   432
 3757   432
 3758   432
 3759   432
 3760   432
 3761   432
 3762   432
 3763   432
 3764   432
 3765   432
 3766   419
 3767   419
 3768   419
 3769   419
 3770   419
 3771   419
 3772   419
 3773   419
 3774   419
 3775   419
 3776   419
 3777   419
 3778   419
 3779   419
 3780   419
 3781   419
 3782   419
 3783   419
 3784   419
 3785   419
 3786   406
 3787   406
 3788   406
 3789   406
 3790   406
 3791   406
 3792   406
 3793   406
 3794   406
 3795   406
 3796   406
 3797   406
 3798   406
 3799   406
 3800   406
 3801   406
 3802   406
 3803   406
 3804   406
 3805   406
 3806   394
 3807   394
 3808   394
 3809   394
 3810   394
 3811   394
 3812   394
 3813   394
 3814   394
 3815   394
 3816   394
 3817   394
 3818   394
 3819   394
 3820   394
 3821   394
 3822   394
 3823   394
 3824   394
 3825   394
 3826   382
 3827   382
 3828   382
 3829   382
 3830   382
 3831   382
 3832   382
 3833   382
 3834   382
 3835   382
 3836   382
 3837   382
 3838   382
 3839   382
 3840   382
 3841   382
 3842   382
 3843   382
 3844   382
 3845   382
 3846   371
 3847   371
 3848   371
 3849   371
 3850   371
 3851   371
 3852   371
 3853   371
 3854   371
 3855   371
 3856   371
 3857   371
 3858   371
 3859   371
 3860   371
 3861   371
 3862   371
 3863   371
 3864   371
 3865   371
 3866   361
 3867   361
 3868   361
 3869   361
 3870   361
 3871   361
 3872   361
 3873   361
 3874   361
 3875   361
 3876   361
 3877   361
 3878   361
 3879   361
 3880   361
 3881   361
 3882   361
 3883   361
 3884   361
 3885   361
 3886   352
 3887   352
 3888   352
 3889   352
 3890   352
 3891   352
 3892   352
 3893   352
 3894   352
 3895   352
 3896   352
 3897   352
 3898   352
 3899   352
 3900   352
 3901   352
 3902   352
 3903   352
 3904   352
 3905   352
 3906   345
 3907   345
 3908   345
 3909   345
 3910   345
 3911   345
 3912   345
 3913   345
 3914   345
 3915   345
 3916   345
 3917   345
 3918   345
 3919   345
 3920   345
 3921   345
 3922   345
 3923   345
 3924   345
 3925   345
 3926   339
 3927   339
 3928   339
 3929   339
 3930   339
 3931   339
 3932   339
 3933   339
 3934   339
 3935   339
 3936   339
 3937   339
 3938   339
 3939   339
 3940   339
 3941   339
 3942   339
 3943   339
 3944   339
 3945   339
 3946   334
 3947   334
 3948   334
 3949   334
 3950   334
 3951   334
 3952   334
 3953   334
 3954   334
 3955   334
 3956   334
 3957   334
 3958   334
 3959   334
 3960   334
 3961   334
 3962   334
 3963   334
 3964   334
 3965   334
 3966   330
 3967   330
 3968   330
 3969   330
 3970   330
 3971   330
 3972   330
 3973   330
 3974   330
 3975   330
 3976   330
 3977   330
 3978   330
 3979   330
 3980   330
 3981   330
 3982   330
 3983   330
 3984   330
 3985   330
 3986   327
 3987   327
 3988   327
 3989   327
 3990   327
 3991   327
 3992   327
 3993   327
 3994   327
 3995   327
 3996   327
 3997   327
 3998   327
 3999   327
 4000   327
 4001   327
 4002   327
 4003   327
 4004   327
 4005   327
 4006   324
 4007   324
 4008   324
 4009   324
 4010   324
 4011   324
 4012   324
 4013   324
 4014   324
 4015   324
 4016   324
 4017   324
 4018   324
 4019   324
 4020   324
 4021   324
 4022   324
 4023   324
 4024   324
 4025   324
 4026   322
 4027   322
 4028   322
 4029   322
 4030   322
 4031   322
 4032   322
 4033   322
 4034   322
 4035   322
 4036   322
 4037   322
 4038   322
 4039   322
 4040   322
 4041   322
 4042   322
 4043   322
 4044   322
 4045   322
 4046   320
 4047   320
 4048   320
 4049   320
 4050   320
 4051   320
 4052   320
 4053   320
 4054   320
 4055   320
 4056   320
 4057   320
 4058   320
 4059   320
 4060   320
 4061   320
 4062   320
 4063   320
 4064   320
 4065   320
 4066   319
 4067   319
 4068   319
 4069   319
 4070   319
 4071   319
 4072   319
 4073   319
 4074   319
 4075   319
 4076   319
 4077   319
 4078   319
 4079   319
 4080   319
 4081   319
 4082   319
 4083   319
 4084   319
 4085   319
 4086   318
 4087   318
 4088   318
 4089   318
 4090   318
 4091   318
 4092   318
 4093   318
 4094   318
 4095   318
 4096   318
 4097   318
 4098   318
 4099   318
 4100   318
 4101   318
 4102   318
 4103   318
 4104   318
 4105   318
 4106   318
 4107   318
 4108   318
 4109   318
 4110   318
 4111   318
 4112   318
 4113   318
 4114   318
 4115   318
 4116   318
 4117   318
 4118   318
 4119   318
 4120   318
 4121   318
 4122   318
 4123   318
 4124   318
 4125   318
 4126   320
 4127   320
 4128   320
 4129   320
 4130   320
 4131   320
 4132   320
 4133   320
 4134   320
 4135   320
 4136   320
 4137   320
 4138   320
 4139   320
 4140   320
 4141   320
 4142   320
 4143   320
 4144   320
 4145   320
 4146   324
 4147   324
 4148   324
 4149   324
 4150   324
 4151   324
 4152   324
 4153   324
 4154   324
 4155   324
 4156   324
 4157   324
 4158   324
 4159   324
 4160   324
 4161   324
 4162   324
 4163   324
 4164   324
 4165   324
 4166   329
 4167   329
 4168   329
 4169   329
 4170   329
 4171   329
 4172   329
 4173   329
 4174   329
 4175   329
 4176   329
 4177   329
 4178   329
 4179   329
 4180   329
 4181   329
 4182   329
 4183   329
 4184   329
 4185   329
 4186   336
 4187   336
 4188   336
 4189   336
 4190   336
 4191   336
 4192   336
 4193   336
 4194   336
 4195   336
 4196   336
 4197   336
 4198   336
 4199   336
 4200   336
 4201   336
 4202   336
 4203   336
 4204   336
 4205   336
 4206   344
 4207   344
 4208   344
 4209   344
 4210   344
 4211   344
 4212   344
 4213   344
 4214   344
 4215   344
 4216   344
 4217   344
 4218   344
 4219   344
 4220   344
 4221   344
 4222   344
 4223   344
 4224   344
 4225   344
 4226   353
 4227   353
 4228   353
 4229   353
 4230   353
 4231   353
 4232   353
 4233   353
 4234   353
 4235   353
 4236   353
 4237   353
 4238   353
 4239   353
 4240   353
 4241   353
 4242   353
 4243   353
 4244   353
 4245   353
 4246   363
 4247   363
 4248   363
 4249   363
 4250   363
 4251   363
 4252   363
 4253   363
 4254   363
 4255   363
 4256   363
 4257   363
 4258   363
 4259   363
 4260   363
 4261   363
 4262   363
 4263   363
 4264   363
 4265   363
 4266   374
 4267   374
 4268   374
 4269   374
 4270   374
 4271   374
 4272   374
 4273   374
 4274   374
 4275   374
 4276   374
 4277   374
 4278   374
 4279   374
 4280   374
 4281   374
 4282   374
 4283   374
 4284   374
 4285   374
 4286   385
 4287   385
 4288   385
 4289   385
 4290   385
 4291   385
 4292   385
 4293   385
 4294   385
 4295   385
 4296   385
 4297   385
 4298   385
 4299   385
 4300   385
 4301   385
 4302   385
 4303   385
 4304   385
 4305   385
 4306   396
 4307   396
 4308   396
 4309   396
 4310   396
 4311   396
 4312   396
 4313   396
 4314   396
 4315   396
 4316   396
 4317   396
 4318   396
 4319   396
 4320   396
 4321   396
 4322   396
 4323   396
 4324   396
 4325   396
 4326   408
 4327   408
 4328   408
 4329   408
 4330   408
 4331   408
 4332   408
 4333   408
 4334   408
 4335   408
 4336   408
 4337   408
 4338   408
 4339   408
 4340   408
 4341   408
 4342   408
 4343   408
 4344   408
 4345   408
 4346   419
 4347   419
 4348   419
 4349   419
 4350   419
 4351   419
 4352   419
 4353   419
 4354   419
 4355   419
 4356   419
 4357   419
 4358   419
 4359   419
 4360   419
 4361   419
 4362   419
 4363   419
 4364   419
 4365   419
 4366   430
 4367   430
 4368   430
 4369   430
 4370   430
 4371   430
 4372   430
 4373   430
 4374   430
 4375   430
 4376   430
 4377   430
 4378   430
 4379   430
 4380   430
 4381   430
 4382   430
 4383   430
 4384   430
 4385   430
 4386   441
 4387   441
 4388   441
 4389   441
 4390   441
 4391   441
 4392   441
 4393   441
 4394   441
 4395   441
 4396   441
 4397   441
 4398   441
 4399   441
 4400   441
 4401   441
 4402   441
 4403   441
 4404   441
 4405   441
 4406   451
 4407   451
 4408   451
 4409   451
 4410   451
 4411   451
 4412   451
 4413   451
 4414   451
 4415   451
 4416   451
 4417   451
 4418   451
 4419   451
 4420   451
 4421   451
 4422   451
 4423   451
 4424   451
 4425   451
 4426   461
 4427   461
 4428   461
 4429   461
 4430   461
 4431   461
 4432   461
 4433   461
 4434   461
 4435   461
 4436   461
 4437   461
 4438   461
 4439   461
 4440   461
 4441   461
 4442   461
 4443   461
 4444   461
 4445   461
 4446   470
 4447   470
 4448   470
 4449   470
 4450   470
 4451   470
 4452   470
 4453   470
 4454   470
 4455   470
 4456   470
 4457   470
 4458   470
 4459   470
 4460   470
 4461   470
 4462   470
 4463   470
 4464   470
 4465   470
 4466   479
 4467   479
 4468   479
 4469   479
 4470   479
 4471   479
 4472   479
 4473   479
 4474   479
 4475   479
 4476   479
 4477   479
 4478   479
 4479   479
 4480   479
 4481   479
 4482   479
 4483   479
 4484   479
 4485   479
 4486   487
 4487   487
 4488   487
 4489   487
 4490   487
 4491   487
 4492   487
 4493   487
 4494   487
 4495   487
 4496   487
 4497   487
 4498   487
 4499   487
 4500   487
 4501   487
 4502   487
 4503   487
 4504   487
 4505   487
 4506   494
 4507   494
 4508   494
 4509   494
 4510   494
 4511   494
 4512   494
 4513   494
 4514   494
 4515   494
 4516   494
 4517   494
 4518   494
 4519   494
 4520   494
 4521   494
 4522   494
 4523   494
 4524   494
 4525   494
 4526   500
 4527   500
 4528   500
 4529   500
 4530   500
 4531   500
 4532   500
 4533   500
 4534   500
 4535   500
 4536   500
 4537   500
 4538   500
 4539   500
 4540   500
 4541   500
 4542   500
 4543   500
 4544   500
 4545   500
 4546   504
 4547   504
 4548   504
 4549   504
 4550   504
 4551   504
 4552   504
 4553   504
 4554   504
 4555   504
 4556   504
 4557   504
 4558   504
 4559   504
 4560   504
 4561   504
 4562   504
 4563   504
 4564   504
 4565   504
 4566   507
 4567   507
 4568   507
 4569   507
 4570   507
 4571   507
 4572   507
 4573   507
 4574   507
 4575   507
 4576   507
 4577   507
 4578   507
 4579   507
 4580   507
 4581   507
 4582   507
 4583   507
 4584   507
 4585   507
 4586   509
 4587   509
 4588   509
 4589   509
 4590   509
 4591   509
 4592   509
 4593   509
 4594   509
 4595   509
 4596   509
 4597   509
 4598   509
 4599   509
 4600   509
 4601   509
 4602   509
 4603   509
 4604   509
 4605   509
 4606   510
 4607   510
 4608   510
 4609   510
 4610   510
 4611   510
 4612   510
 4613   510
 4614   510
 4615   510
 4616   510
 4617   510
 4618   510
 4619   510
 4620   510
 4621   510
 4622   510
 4623   510
 4624   510
 4625   510
 4626   509
 4627   509
 4628   509
 4629   509
 4630   509
 4631   509
 4632   509
 4633   509
 4634   509
 4635   509
 4636   509
 4637   509
 4638   509
 4639   509
 4640   509
 4641   509
 4642   509
 4643   509
 4644   509
 4645   509
 4646   507
 4647   507
 4648   507
 4649   507
 4650   507
 4651   507
 4652   507
 4653   507
 4654   507
 4655   507
 4656   507
 4657   507
 4658   507
 4659   507
 4660   507
 4661   507
 4662   507
 4663   507
 4664   507
 4665   507
 4666   504
 4667   504
 4668   504
 4669   504
 4670   504
 4671   504
 4672   504
 4673   504
 4674   504
 4675   504
 4676   504
 4677   504
 4678   504
 4679   504
 4680   504
 4681   504
 4682   504
 4683   504
 4684   504
 4685   504
 4686   500
 4687   500
 4688   500
 4689   500
 4690   500
 4691   500
 4692   500
 4693   500
 4694   500
 4695   500
 4696   500
 4697   500
 4698   500
 4699   500
 4700   500
 4701   500
 4702   500
 4703   500
 4704   500
 4705   500
 4706   495
 4707   495
 4708   495
 4709   495
 4710   495
 4711   495
 4712   495
 4713   495
 4714   495
 4715   495
 4716   495
 4717   495
 4718   495
 4719   495
 4720   495
 4721   495
 4722   495
 4723   495
 4724   495
 4725   495
 4726   489
 4727   489
 4728   489
 4729   489
 4730   489
 4731   489
 4732   489
 4733   489
 4734   489
 4735   489
 4736   489
 4737   489
 4738   489
 4739   489
 4740   489
 4741   489
 4742   489
 4743   489
 4744   489
 4745   489
 4746   483
 4747   483
 4748   483
 4749   483
 4750   483
 4751   483
 4752   483
 4753   483
 4754   483
 4755   483
 4756   483
 4757   483
 4758   483
 4759   483
 4760   483
 4761   483
 4762   483
 4763   483
 4764   483
 4765   483
 4766   476
 4767   476
 4768   476
 4769   476
 4770   476
 4771   476
 4772   476
 4773   476
 4774   476
 4775   476
 4776   476
 4777   476
 4778   476
 4779   476
 4780   476
 4781   476
 4782   476
 4783   476
 4784   476
 4785   476
 4786   468
 4787   468
 4788   468
 4789   468
 4790   468
 4791   468
 4792   468
 4793   468
 4794   468
 4795   468
 4796   468
 4797   468
 4798   468
 4799   468
 4800   468
 4801   468
 4802   468
 4803   468
 4804   468
 4805   468
 4806   460
 4807   460
 4808   460
 4809   460
 4810   460
 4811   460
 4812   460
 4813   460
 4814   460
 4815   460
 4816   460
 4817   460
 4818   460
 4819   460
 4820   460
 4821   460
 4822   460
 4823   460
 4824   460
 4825   460
 4826   451
 4827   451
 4828   451
 4829   451
 4830   451
 4831   451
 4832   451
 4833   451
 4834   451
 4835   451
 4836   451
 4837   451
 4838   451
 4839   451
 4840   451
 4841   451
 4842   451
 4843   451
 4844   451
 4845   451
 4846   443
 4847   443
 4848   443
 4849   443
 4850   443
 4851   443
 4852   443
 4853   443
 4854   443
 4855   443
 4856   443
 4857   443
 4858   443
 4859   443
 4860   443
 4861   443
 4862   443
 4863   443
 4864   443
 4865   443
 4866   434
 4867   434
 4868   434
 4869   434
 4870   434
 4871   434
 4872   434
 4873   434
 4874   434
 4875   434
 4876   434
 4877   434
 4878   434
 4879   434
 4880   434
 4881   434
 4882   434
 4883   434
 4884   434
 4885   434
 4886   425
 4887   425
 4888   425
 4889   425
 4890   425
 4891   425
 4892   425
