    1   135
    2   135
    3   135
    4   135
    5   135
    6   135
    7   135
    8   135
    9   135
   10   135
   11   135
   12   135
   13   135
   14   135
   15   135
   16   135
   17   135
   18   135
   19   135
   20   135
   21   135
   22   135
   23   135
   24   134
   25   134
   26   134
   27   134
   28   134
   29   134
   30   134
   31   134
   32   134
   33   134
   34   134
   35   134
   36   134
   37   134
   38   134
   39   134
   40   134
   41   134
   42   134
   43   134
   44   134
   45   134
   46   134
   47   134
   48   134
   49   134
   50   134
   51   133
   52   133
   53   133
   54   134
   55   134
   56   134
   57   135
   58   136
   59   136
   60   136
   61   136
   62   136
   63   136
   64   136
   65   136
   66   136
   67   135
   68   135
   69   134
   70   134
   71   134
   72   134
   73   134
   74   134
   75   135
   76   135
   77   135
   78   136
   79   136
   80   136
   81   136
   82   136
   83   136
   84   136
   85   136
   86   135
   87   135
   88   135
   89   135
   90   135
   91   135
   92   135
   93   135
   94   135
   95   135
   96   135
   97   136
   98   136
   99   136
  100   136
  101   136
  102   136
  103   136
  104   136
  105   136
  106   135
  107   135
  108   135
  109   135
  110   135
  111   135
  112   135
  113   136
  114   136
  115   136
  116   136
  117   136
  118   136
  119   136
  120   136
  121   136
  122   136
  123   136
  124   136
  125   136
  126   136
  127   136
  128   136
  129   136
  130   136
  131   136
  132   137
  133   137
  134   137
  135   137
  136   137
  137   137
  138   137
  139   137
  140   137
  141   137
  142   137
  143   137
  144   137
  145   137
  146   137
  147   137
  148   137
  149   137
  150   137
  151   137
  152   137
  153   137
  154   137
  155   137
  156   137
  157   137
  158   137
  159   137
  160   137
  161   137
  162   137
  163   137
  164   137
  165   137
  166   137
  167   137
  168   137
  169   137
  170   137
  171   137
  172   137
  173   137
  174   137
  175   137
  176   137
  177   137
  178   137
  179   137
  180   137
  181   137
  182   137
  183   137
  184   137
  185   137
  186   137
  187   137
  188   137
  189   137
  190   137
  191   137
  192   137
  193   137
  194   137
  195   137
  196   137
  197   137
  198   137
  199   137
  200   137
  201   137
  202   137
  203   137
  204   137
  205   137
  206   137
  207   137
  208   137
  209   137
  210   137
  211   137
  212   138
  213   138
  214   138
  215   138
  216   138
  217   138
  218   138
  219   138
  220   138
  221   138
  222   138
  223   138
  224   138
  225   138
  226   138
  227   138
  228   138
  229   138
  230   138
  231   138
  232   138
  233   138
  234   138
  235   138
  236   138
  237   138
  238   138
  239   138
  240   138
  241   138
  242   138
  243   138
  244   138
  245   138
  246   138
  247   138
  248   138
  249   138
  250   138
  251   138
  252   138
  253   138
  254   138
  255   138
  256   138
  257   138
  258   138
  259   138
  260   138
  261   138
  262   138
  263   138
  264   138
