    1   340
    2   340
    3   340
    4   340
    5   340
    6   340
    7   340
    8   340
    9   340
   10   340
   11   340
   12   340
   13   340
   14   340
   15   340
   16   340
   17   340
   18   340
   19   340
   20   340
   21   340
   22   340
   23   340
   24   340
   25   340
   26   340
   27   340
   28   340
   29   340
   30   340
   31   340
   32   340
   33   340
   34   340
   35   340
   36   340
   37   340
   38   340
   39   340
   40   340
   41   340
   42   340
   43   340
   44   340
   45   340
   46   340
   47   340
   48   340
   49   340
   50   340
   51   340
   52   340
   53   340
   54   340
   55   340
   56   340
   57   340
   58   340
   59   340
   60   340
   61   340
   62   340
   63   340
   64   340
   65   340
   66   340
   67   340
   68   340
   69   340
   70   340
   71   340
   72   340
   73   340
   74   340
   75   340
   76   340
   77   340
   78   340
   79   340
   80   340
   81   340
   82   340
   83   340
   84   340
   85   340
   86   340
   87   340
   88   340
   89   340
   90   340
   91   340
   92   340
   93   340
   94   340
   95   340
   96   340
   97   340
   98   340
   99   340
  100   340
  101   340
  102   340
  103   340
  104   340
  105   340
  106   340
  107   340
  108   340
  109   340
  110   340
  111   340
  112   340
  113   340
  114   340
  115   340
  116   340
  117   340
  118   340
  119   340
  120   340
  121   340
  122   340
  123   340
  124   340
  125   340
  126   340
  127   340
  128   340
  129   340
  130   340
  131   340
  132   340
  133   340
  134   340
  135   340
  136   340
  137   340
  138   340
  139   340
  140   340
  141   340
  142   340
  143   340
  144   340
  145   340
  146   340
  147   340
  148   340
  149   340
  150   340
  151   340
  152   340
  153   340
  154   340
  155   340
  156   340
  157   340
  158   340
  159   340
  160   340
  161   340
  162   340
  163   340
  164   340
  165   340
  166   340
  167   340
  168   340
  169   340
  170   340
  171   340
  172   340
  173   340
  174   340
  175   340
  176   340
  177   340
  178   340
  179   340
  180   340
  181   340
  182   340
  183   340
  184   340
  185   340
  186   340
  187   340
  188   340
  189   340
  190   340
  191   340
  192   340
  193   340
  194   340
  195   340
  196   340
  197   340
  198   340
  199   340
  200   340
  201   340
  202   340
  203   340
  204   340
  205   340
  206   340
  207   340
  208   340
  209   340
  210   340
  211   340
  212   340
  213   340
  214   340
  215   340
  216   340
  217   340
  218   340
  219   340
  220   340
  221   340
  222   340
  223   340
  224   340
  225   340
  226   340
  227   340
  228   340
  229   340
  230   340
  231   340
  232   340
  233   340
  234   340
  235   340
  236   340
  237   340
  238   340
  239   340
  240   340
  241   340
  242   340
  243   340
  244   340
  245   340
  246   340
  247   340
  248   340
  249   340
  250   340
  251   340
  252   340
  253   340
  254   340
  255   340
  256   340
  257   340
  258   340
  259   340
  260   340
  261   340
  262   340
  263   340
  264   340
  265   340
  266   340
  267   340
  268   340
  269   340
  270   340
  271   340
  272   340
  273   340
  274   340
  275   340
  276   340
  277   340
  278   340
  279   340
  280   340
  281   340
  282   340
  283   340
  284   340
  285   340
  286   340
  287   340
  288   340
  289   340
  290   340
  291   340
  292   340
  293   340
  294   340
  295   340
  296   340
  297   340
  298   340
  299   340
  300   340
  301   340
  302   340
  303   340
  304   340
  305   340
  306   340
  307   340
  308   340
  309   340
  310   340
  311   340
  312   340
  313   340
  314   340
  315   340
  316   340
  317   340
  318   340
  319   340
  320   340
  321   340
  322   340
  323   340
  324   340
  325   340
  326   340
  327   340
  328   340
  329   340
  330   340
  331   340
  332   340
  333   340
  334   340
  335   340
  336   340
  337   340
  338   340
  339   340
  340   340
  341   340
  342   340
  343   340
  344   340
  345   340
  346   340
  347   340
  348   340
  349   340
  350   340
  351   340
  352   340
  353   340
  354   340
  355   340
  356   340
  357   340
  358   340
  359   340
  360   340
  361   340
  362   340
  363   340
  364   340
  365   340
  366   340
  367   340
  368   340
  369   340
  370   340
  371   340
  372   340
  373   340
  374   340
  375   340
  376   340
  377   340
  378   340
  379   340
  380   340
  381   340
  382   340
  383   340
  384   340
  385   340
  386   340
  387   340
  388   340
  389   340
  390   340
  391   340
  392   340
  393   340
  394   340
  395   340
  396   340
  397   340
  398   340
  399   340
  400   340
  401   340
  402   340
  403   340
  404   340
  405   340
  406   340
  407   340
  408   340
  409   340
  410   340
  411   340
  412   340
  413   340
  414   340
  415   340
  416   340
  417   340
  418   340
  419   340
  420   340
  421   340
  422   340
  423   340
  424   340
  425   340
  426   340
  427   340
  428   340
  429   340
  430   340
  431   340
  432   340
  433   340
  434   340
  435   340
  436   340
  437   340
  438   340
  439   340
  440   340
  441   340
  442   340
  443   340
  444   340
  445   340
  446   340
  447   340
  448   340
  449   340
  450   340
  451   340
  452   340
  453   340
  454   340
  455   340
  456   340
  457   340
  458   340
  459   340
  460   340
  461   340
  462   340
  463   340
  464   340
  465   340
  466   340
  467   340
  468   340
  469   340
  470   340
  471   340
  472   340
  473   340
  474   340
  475   340
  476   340
  477   340
  478   340
  479   340
  480   340
  481   340
  482   340
  483   340
  484   340
  485   340
  486   340
  487   340
  488   340
  489   340
  490   340
  491   340
  492   340
  493   340
  494   340
  495   340
  496   340
  497   340
  498   340
  499   340
  500   340
  501   340
  502   340
  503   340
  504   340
  505   340
  506   340
  507   340
  508   340
  509   340
  510   340
  511   340
  512   340
  513   340
  514   340
  515   340
  516   340
  517   340
  518   340
  519   340
  520   340
  521   340
  522   340
  523   340
  524   340
  525   340
  526   340
  527   340
  528   340
  529   340
  530   340
  531   340
  532   340
  533   340
  534   340
  535   340
  536   340
  537   340
  538   340
  539   340
  540   340
  541   340
  542   340
  543   340
  544   340
  545   340
  546   340
  547   340
  548   340
  549   340
  550   340
  551   340
  552   340
  553   340
  554   340
  555   340
  556   340
  557   340
  558   340
  559   340
  560   340
  561   340
  562   340
  563   340
  564   340
  565   340
  566   340
  567   340
  568   340
  569   340
  570   340
  571   340
  572   340
  573   340
  574   340
  575   340
  576   340
  577   340
  578   340
  579   340
  580   340
  581   340
  582   340
  583   340
  584   340
  585   340
  586   340
  587   340
  588   340
  589   340
  590   340
  591   340
  592   340
  593   340
  594   340
  595   340
  596   340
  597   340
  598   340
  599   340
  600   340
  601   340
  602   340
  603   340
  604   340
  605   340
  606   340
  607   340
  608   340
  609   340
  610   340
  611   340
  612   340
  613   340
  614   340
  615   340
  616   340
  617   340
  618   340
  619   340
  620   340
  621   340
  622   340
  623   340
  624   340
  625   340
  626   340
  627   340
  628   340
  629   340
  630   340
  631   340
  632   340
  633   340
  634   340
  635   340
  636   340
  637   340
  638   340
  639   340
  640   340
  641   340
  642   340
  643   340
  644   340
  645   340
  646   340
  647   340
  648   340
  649   340
  650   340
  651   340
  652   340
  653   340
  654   340
  655   340
  656   340
  657   340
  658   340
  659   340
  660   340
  661   340
  662   340
  663   340
  664   340
  665   340
  666   340
  667   340
  668   340
  669   340
  670   340
  671   340
  672   340
  673   340
  674   340
  675   340
  676   340
  677   340
  678   340
  679   340
  680   340
  681   340
  682   340
  683   340
  684   340
  685   340
  686   340
  687   340
  688   340
  689   340
  690   340
  691   340
  692   340
  693   340
  694   340
  695   340
  696   340
  697   340
  698   340
  699   340
  700   340
  701   340
  702   340
  703   340
  704   340
  705   340
  706   340
  707   340
  708   340
  709   340
  710   340
  711   340
  712   340
  713   340
  714   340
  715   340
  716   340
  717   340
  718   340
  719   340
  720   340
  721   340
  722   340
  723   340
  724   340
  725   340
  726   340
  727   340
  728   340
  729   340
  730   340
  731   340
  732   340
  733   340
  734   340
  735   340
  736   340
  737   340
  738   340
  739   340
  740   340
  741   340
  742   340
  743   340
  744   340
  745   340
  746   340
  747   340
  748   340
  749   340
  750   340
  751   340
  752   340
  753   340
  754   340
  755   340
  756   340
  757   340
  758   340
  759   340
  760   340
  761   340
  762   340
  763   340
  764   340
  765   340
  766   340
  767   340
  768   340
  769   340
  770   340
  771   340
  772   340
  773   340
  774   340
  775   340
  776   340
  777   340
  778   340
  779   340
  780   340
  781   340
  782   340
  783   340
  784   340
  785   340
  786   340
  787   340
  788   340
  789   340
  790   340
  791   340
  792   340
  793   340
  794   340
  795   340
  796   340
  797   340
  798   340
  799   340
  800   340
  801   340
  802   340
  803   340
  804   340
  805   340
  806   340
  807   340
  808   340
  809   340
  810   340
  811   340
  812   340
  813   340
  814   340
  815   340
  816   340
  817   340
  818   340
  819   340
  820   340
  821   340
  822   340
  823   340
  824   340
  825   340
  826   340
  827   340
  828   340
  829   340
  830   340
  831   340
  832   340
  833   340
  834   340
  835   340
  836   340
  837   340
  838   340
  839   340
  840   340
  841   340
  842   340
  843   340
  844   340
  845   340
  846   340
  847   340
  848   340
  849   340
  850   340
  851   340
  852   340
  853   340
  854   340
  855   340
  856   340
  857   340
  858   340
  859   340
  860   340
  861   340
  862   340
  863   340
  864   340
  865   340
  866   340
  867   340
  868   340
  869   340
  870   340
  871   340
  872   340
  873   340
  874   340
  875   340
  876   340
  877   340
  878   340
  879   340
  880   340
  881   340
  882   340
  883   340
  884   340
  885   340
  886   340
  887   340
  888   340
  889   340
  890   340
  891   340
  892   340
  893   340
  894   340
  895   340
  896   340
  897   340
  898   340
  899   340
  900   340
  901   340
  902   340
  903   340
  904   340
  905   340
  906   340
  907   340
  908   340
  909   340
  910   340
  911   340
  912   340
  913   340
  914   340
  915   340
  916   340
  917   340
  918   340
  919   340
  920   340
  921   340
  922   340
  923   340
  924   340
  925   340
  926   340
  927   340
  928   340
  929   340
  930   340
  931   340
  932   340
  933   340
  934   340
  935   340
  936   340
  937   340
  938   340
  939   340
  940   340
  941   340
  942   340
  943   340
  944   340
  945   340
  946   340
  947   340
  948   340
  949   340
  950   340
  951   340
  952   340
  953   340
  954   340
  955   340
  956   340
  957   340
  958   340
  959   340
  960   340
  961   340
  962   340
  963   340
  964   340
  965   340
  966   340
  967   340
  968   340
  969   340
  970   340
  971   340
  972   340
  973   340
  974   340
  975   340
  976   340
  977   340
  978   340
  979   340
  980   340
  981   340
  982   340
  983   340
  984   340
  985   340
  986   340
  987   340
  988   340
  989   340
  990   340
  991   340
  992   340
  993   340
  994   340
  995   340
  996   340
  997   340
  998   340
  999   340
 1000   340
 1001   340
 1002   340
 1003   340
 1004   340
 1005   340
 1006   340
 1007   340
 1008   340
 1009   340
 1010   340
 1011   340
 1012   340
 1013   340
 1014   340
 1015   340
 1016   340
 1017   340
 1018   340
 1019   340
 1020   340
 1021   340
 1022   340
 1023   340
 1024   340
 1025   340
 1026   340
 1027   340
 1028   340
 1029   340
 1030   340
 1031   340
 1032   340
 1033   340
 1034   340
 1035   340
 1036   340
 1037   340
 1038   340
 1039   340
 1040   340
 1041   340
 1042   340
 1043   340
 1044   340
 1045   340
 1046   340
 1047   340
 1048   340
 1049   340
 1050   340
 1051   340
 1052   340
 1053   340
 1054   340
 1055   340
 1056   340
 1057   340
 1058   340
 1059   340
 1060   340
 1061   340
 1062   340
 1063   340
 1064   340
 1065   340
 1066   340
 1067   340
 1068   340
 1069   340
 1070   340
 1071   340
 1072   340
 1073   340
 1074   340
 1075   340
 1076   340
 1077   340
 1078   340
 1079   340
 1080   340
 1081   340
 1082   340
 1083   340
 1084   340
 1085   340
 1086   340
 1087   340
 1088   340
 1089   340
 1090   340
 1091   340
 1092   340
 1093   340
 1094   340
 1095   340
 1096   340
 1097   340
 1098   340
 1099   340
 1100   340
 1101   340
 1102   340
 1103   340
 1104   340
 1105   340
 1106   340
 1107   340
 1108   340
 1109   340
 1110   340
 1111   340
 1112   340
 1113   340
 1114   340
 1115   340
 1116   340
 1117   340
 1118   340
 1119   340
 1120   340
 1121   340
 1122   340
 1123   340
 1124   340
 1125   340
 1126   340
 1127   340
 1128   340
 1129   340
 1130   340
 1131   340
 1132   340
 1133   340
 1134   340
 1135   340
 1136   340
 1137   340
 1138   340
 1139   340
 1140   340
 1141   340
 1142   340
 1143   340
 1144   340
 1145   340
 1146   340
 1147   340
 1148   340
 1149   340
 1150   340
 1151   340
 1152   340
 1153   340
 1154   340
 1155   340
 1156   340
 1157   340
 1158   340
 1159   340
 1160   340
 1161   340
 1162   340
 1163   340
 1164   340
 1165   340
 1166   340
 1167   340
 1168   340
 1169   340
 1170   340
 1171   340
 1172   340
 1173   340
 1174   340
 1175   340
 1176   340
 1177   340
 1178   340
 1179   340
 1180   340
 1181   340
 1182   340
 1183   340
 1184   340
 1185   340
 1186   340
 1187   340
 1188   340
 1189   340
 1190   340
 1191   340
 1192   340
 1193   340
 1194   340
 1195   340
 1196   340
 1197   340
 1198   340
 1199   340
 1200   340
 1201   340
 1202   340
 1203   340
 1204   340
 1205   340
 1206   340
 1207   340
 1208   340
 1209   340
 1210   340
 1211   340
 1212   340
 1213   340
 1214   340
 1215   340
 1216   340
 1217   340
 1218   340
 1219   340
 1220   340
 1221   340
 1222   340
 1223   340
 1224   340
 1225   340
 1226   340
 1227   340
 1228   340
 1229   340
 1230   340
 1231   340
 1232   340
 1233   340
 1234   340
 1235   340
 1236   340
 1237   340
 1238   340
 1239   340
 1240   340
 1241   340
 1242   340
 1243   340
 1244   340
 1245   340
 1246   340
 1247   340
 1248   340
 1249   340
 1250   340
 1251   340
 1252   340
 1253   340
 1254   340
 1255   340
 1256   340
 1257   340
 1258   340
 1259   340
 1260   340
 1261   340
 1262   340
 1263   340
 1264   340
 1265   340
 1266   340
 1267   340
 1268   340
 1269   340
 1270   340
 1271   340
 1272   340
 1273   340
 1274   340
 1275   340
 1276   340
 1277   340
 1278   340
 1279   340
 1280   340
 1281   340
 1282   340
 1283   340
 1284   340
 1285   340
 1286   340
 1287   340
 1288   340
 1289   340
 1290   340
 1291   340
 1292   340
 1293   340
 1294   340
 1295   340
 1296   340
 1297   340
 1298   340
 1299   340
 1300   340
 1301   340
 1302   340
 1303   340
 1304   340
 1305   340
 1306   340
 1307   340
 1308   340
 1309   340
 1310   340
 1311   340
 1312   340
 1313   340
 1314   340
 1315   340
 1316   340
 1317   340
 1318   340
 1319   340
 1320   340
 1321   340
 1322   340
 1323   340
 1324   340
 1325   340
 1326   340
 1327   340
 1328   340
 1329   340
 1330   340
 1331   340
 1332   340
 1333   340
 1334   340
 1335   340
 1336   340
 1337   340
 1338   340
 1339   340
 1340   340
 1341   340
 1342   340
 1343   340
 1344   340
 1345   340
 1346   340
 1347   340
 1348   340
 1349   340
 1350   340
 1351   340
 1352   340
 1353   340
 1354   340
 1355   340
 1356   340
 1357   340
 1358   340
 1359   340
 1360   340
 1361   340
 1362   340
 1363   340
 1364   340
 1365   340
 1366   340
 1367   340
 1368   340
 1369   340
 1370   340
 1371   340
 1372   340
 1373   340
 1374   340
 1375   340
 1376   340
 1377   340
 1378   340
 1379   340
 1380   340
 1381   340
 1382   340
 1383   340
 1384   340
 1385   340
 1386   340
 1387   340
 1388   340
 1389   340
 1390   340
 1391   340
 1392   340
 1393   340
 1394   340
 1395   340
 1396   340
 1397   340
 1398   340
 1399   340
 1400   340
 1401   340
 1402   340
 1403   340
 1404   340
 1405   340
 1406   340
 1407   340
 1408   340
 1409   340
 1410   340
 1411   340
 1412   340
 1413   340
 1414   340
 1415   340
 1416   340
 1417   340
 1418   340
 1419   340
 1420   340
 1421   340
 1422   340
 1423   340
 1424   340
 1425   340
 1426   340
 1427   340
 1428   340
 1429   340
 1430   340
 1431   340
 1432   340
 1433   340
 1434   340
 1435   340
 1436   340
 1437   340
 1438   340
 1439   340
 1440   340
 1441   340
 1442   340
 1443   340
 1444   340
 1445   340
 1446   340
 1447   340
 1448   340
 1449   340
 1450   340
 1451   340
 1452   340
 1453   340
 1454   340
 1455   340
 1456   340
 1457   340
 1458   340
 1459   340
 1460   340
 1461   340
 1462   340
 1463   340
 1464   340
 1465   340
 1466   340
 1467   340
 1468   340
 1469   340
 1470   340
 1471   340
 1472   340
 1473   340
 1474   340
 1475   340
 1476   340
 1477   340
 1478   340
 1479   340
 1480   340
 1481   340
 1482   340
 1483   340
 1484   340
 1485   340
 1486   340
 1487   340
 1488   340
 1489   340
 1490   340
 1491   340
 1492   340
 1493   340
 1494   340
 1495   340
 1496   340
 1497   340
 1498   340
 1499   340
 1500   340
 1501   340
 1502   340
 1503   340
 1504   340
 1505   340
 1506   340
 1507   340
 1508   340
 1509   340
 1510   340
 1511   340
 1512   340
 1513   340
 1514   340
 1515   340
 1516   340
 1517   340
 1518   340
 1519   340
 1520   340
 1521   340
 1522   340
 1523   340
 1524   340
 1525   340
 1526   340
 1527   340
 1528   340
 1529   340
 1530   340
 1531   340
 1532   340
 1533   340
 1534   340
 1535   340
 1536   340
 1537   340
 1538   340
 1539   340
 1540   340
 1541   340
 1542   340
 1543   340
 1544   340
 1545   340
 1546   340
 1547   340
 1548   340
 1549   340
 1550   340
 1551   340
 1552   340
 1553   340
 1554   340
 1555   340
 1556   340
 1557   340
 1558   340
 1559   340
 1560   340
 1561   340
 1562   340
 1563   340
 1564   340
 1565   340
 1566   340
 1567   340
 1568   340
 1569   340
 1570   340
 1571   340
 1572   340
 1573   340
 1574   340
 1575   340
 1576   340
 1577   340
 1578   340
 1579   340
 1580   340
 1581   340
 1582   340
 1583   340
 1584   340
 1585   340
 1586   340
 1587   340
 1588   340
 1589   340
 1590   340
 1591   340
 1592   340
 1593   340
 1594   340
 1595   340
 1596   340
 1597   340
 1598   340
 1599   340
 1600   340
 1601   340
 1602   340
 1603   340
 1604   340
 1605   340
 1606   340
 1607   340
 1608   340
 1609   340
 1610   340
 1611   340
 1612   340
 1613   340
 1614   340
 1615   340
 1616   340
 1617   340
 1618   340
 1619   340
 1620   340
 1621   340
 1622   340
 1623   340
 1624   340
 1625   340
 1626   340
 1627   340
 1628   340
 1629   340
 1630   340
 1631   340
 1632   340
 1633   340
 1634   340
 1635   340
 1636   340
 1637   340
 1638   340
 1639   340
 1640   340
 1641   340
 1642   340
 1643   340
 1644   340
 1645   340
 1646   340
 1647   340
 1648   340
 1649   340
 1650   340
 1651   340
 1652   340
 1653   340
 1654   340
 1655   340
 1656   340
 1657   340
 1658   340
 1659   340
 1660   340
 1661   340
 1662   340
 1663   340
 1664   340
 1665   340
 1666   340
 1667   340
 1668   340
 1669   340
 1670   340
 1671   340
 1672   340
 1673   340
 1674   340
 1675   340
 1676   340
 1677   340
 1678   340
 1679   340
 1680   340
 1681   340
 1682   340
 1683   340
 1684   340
 1685   340
 1686   340
 1687   340
 1688   340
 1689   340
 1690   340
 1691   340
 1692   340
 1693   340
 1694   340
 1695   340
 1696   340
 1697   340
 1698   340
 1699   340
 1700   340
 1701   340
 1702   340
 1703   340
 1704   340
 1705   340
 1706   340
 1707   340
 1708   340
 1709   340
 1710   340
 1711   340
 1712   340
 1713   340
 1714   340
 1715   340
 1716   340
 1717   340
 1718   340
 1719   340
 1720   340
 1721   340
 1722   340
 1723   340
 1724   340
 1725   340
 1726   340
 1727   340
 1728   340
 1729   340
 1730   340
 1731   340
 1732   340
 1733   340
 1734   340
 1735   340
 1736   340
 1737   340
 1738   340
 1739   340
 1740   340
 1741   340
 1742   340
 1743   340
 1744   340
 1745   340
 1746   340
 1747   340
 1748   340
 1749   340
 1750   340
 1751   340
 1752   340
 1753   340
 1754   340
 1755   340
 1756   340
 1757   340
 1758   340
 1759   340
 1760   340
 1761   340
 1762   340
 1763   340
 1764   340
 1765   340
 1766   340
 1767   340
 1768   340
 1769   340
 1770   340
 1771   340
 1772   340
 1773   340
 1774   340
 1775   340
 1776   340
 1777   340
 1778   340
 1779   340
 1780   340
 1781   340
 1782   340
 1783   340
 1784   340
 1785   340
 1786   340
 1787   340
 1788   340
 1789   340
 1790   340
 1791   340
 1792   340
 1793   340
 1794   340
 1795   340
 1796   340
 1797   340
 1798   340
 1799   340
 1800   340
 1801   340
 1802   340
 1803   340
 1804   340
 1805   340
 1806   340
 1807   340
 1808   340
 1809   340
 1810   340
 1811   340
 1812   340
 1813   340
 1814   340
 1815   340
 1816   340
 1817   340
 1818   340
 1819   340
 1820   340
 1821   340
 1822   340
 1823   340
 1824   340
 1825   340
 1826   340
 1827   340
 1828   340
 1829   340
 1830   340
 1831   340
 1832   340
 1833   340
 1834   340
 1835   340
 1836   340
 1837   340
 1838   340
 1839   340
 1840   340
 1841   340
 1842   340
 1843   340
 1844   340
 1845   340
 1846   340
 1847   340
 1848   340
 1849   340
 1850   340
 1851   340
 1852   340
 1853   340
 1854   340
 1855   340
 1856   340
 1857   340
 1858   340
 1859   340
 1860   340
 1861   340
 1862   340
