    1   290
    2   290
    3   290
    4   290
    5   490
    6   490
    7   490
    8   490
    9   490
   10   490
   11   490
   12   490
   13   490
   14   490
   15   490
   16   490
   17   490
   18   490
   19   490
   20   490
   21   490
   22   490
   23   490
   24   490
   25   490
   26   490
   27   490
   28   490
   29   490
   30   490
   31   490
   32   490
   33   490
   34   490
   35   490
   36   490
   37   490
   38   490
   39   490
   40   490
   41   490
   42   490
   43   490
   44   490
   45   490
   46   490
   47   490
   48   490
   49   490
   50   490
   51   490
   52   490
   53   490
   54   490
   55   490
   56   490
   57   490
   58   490
   59   490
   60   490
   61   490
   62   490
   63   490
   64   490
   65   490
   66   490
   67   490
   68   490
   69   490
   70   490
   71   490
   72   490
   73   490
   74   490
   75   490
   76   490
   77   490
   78   490
   79   490
   80   490
   81   490
   82   490
   83   490
   84   490
   85   490
   86   490
   87   490
   88   490
   89   490
   90   490
   91   490
   92   490
   93   490
   94   490
   95   490
   96   490
   97   490
   98   490
   99   490
  100   490
  101   490
  102   490
  103   490
  104   490
  105   490
  106   490
  107   490
  108   490
  109   490
  110   490
  111   490
  112   490
  113   490
  114   490
  115   490
  116   490
  117   490
  118   490
  119   490
  120   490
  121   490
  122   490
  123   490
  124   490
  125   490
  126   490
  127   490
  128   490
  129   490
  130   490
  131   490
  132   490
  133   490
  134   490
  135   490
  136   490
  137   490
  138   490
  139   490
  140   490
  141   490
  142   490
  143   490
  144   490
  145   490
  146   490
  147   490
  148   490
  149   490
  150   490
  151   490
  152   490
  153   490
  154   490
  155   490
  156   490
  157   490
  158   490
  159   490
  160   490
  161   490
  162   490
  163   490
  164   490
  165   490
  166   490
  167   490
  168   490
  169   490
  170   490
  171   490
  172   490
  173   490
  174   490
  175   490
  176   490
  177   490
  178   490
  179   490
  180   490
  181   490
  182   490
  183   490
  184   490
  185   490
  186   490
  187   490
  188   490
  189   490
  190   490
  191   490
  192   490
  193   490
  194   490
  195   490
  196   490
  197   490
  198   490
  199   490
  200   490
  201   490
  202   490
  203   490
  204   490
  205   490
  206   490
  207   490
  208   490
  209   490
  210   490
  211   490
  212   490
  213   490
  214   490
  215   490
  216   490
  217   490
  218   490
  219   490
  220   490
  221   490
  222   490
  223   490
  224   490
  225   490
  226   490
  227   490
  228   490
  229   490
  230   490
  231   490
  232   490
  233   490
  234   490
  235   490
  236   490
  237   490
  238   490
  239   490
  240   490
  241   490
  242   490
  243   490
  244   490
  245   490
  246   490
  247   490
  248   490
  249   490
  250   490
  251   490
  252   490
  253   490
  254   490
  255   490
  256   490
  257   490
  258   490
  259   490
  260   490
  261   490
  262   490
  263   490
  264   490
  265   490
  266   490
  267   490
  268   490
  269   490
  270   490
  271   490
  272   490
  273   490
  274   490
  275   490
  276   490
  277   490
  278   490
  279   490
  280   490
  281   490
  282   490
  283   490
  284   490
  285   490
  286   490
  287   490
  288   490
  289   490
  290   490
  291   490
  292   490
  293   490
  294   490
  295   490
  296   490
  297   490
  298   490
  299   490
  300   490
  301   490
  302   490
  303   490
  304   490
  305   490
  306   490
  307   490
  308   490
  309   490
  310   490
  311   490
  312   490
  313   490
  314   490
  315   490
  316   490
  317   490
  318   490
  319   490
  320   490
  321   490
  322   490
  323   490
  324   490
  325   490
  326   490
  327   490
  328   490
  329   490
  330   490
  331   490
  332   490
  333   490
  334   490
  335   490
  336   490
  337   490
  338   490
  339   490
  340   490
  341   490
  342   490
  343   490
  344   490
  345   490
  346   490
  347   490
  348   490
  349   490
  350   490
  351   490
  352   490
  353   490
  354   490
  355   490
  356   490
  357   490
  358   490
  359   490
  360   490
  361   490
  362   490
  363   490
  364   490
  365   490
  366   490
  367   490
  368   490
  369   490
  370   490
  371   490
  372   490
  373   490
  374   490
  375   490
  376   490
  377   490
  378   490
  379   490
  380   490
  381   490
  382   490
  383   490
  384   490
  385   490
  386   490
  387   490
  388   490
  389   490
  390   490
  391   490
  392   490
  393   490
  394   490
  395   490
  396   490
  397   490
  398   490
  399   490
  400   490
  401   490
  402   490
  403   490
  404   490
  405   490
  406   490
  407   490
  408   490
  409   490
  410   490
  411   490
  412   490
  413   490
  414   490
  415   490
  416   490
  417   490
  418   490
  419   490
  420   490
  421   490
  422   490
  423   490
  424   490
  425   490
  426   490
  427   490
  428   490
  429   490
  430   490
  431   490
  432   490
  433   490
  434   490
  435   490
  436   490
  437   490
  438   490
  439   490
  440   490
  441   490
  442   490
  443   490
  444   490
  445   490
  446   490
  447   490
  448   490
  449   490
  450   490
  451   490
  452   490
  453   490
  454   490
  455   490
  456   490
  457   490
  458   490
  459   490
  460   490
  461   490
  462   490
  463   490
  464   490
  465   490
  466   490
  467   490
  468   490
  469   490
  470   490
  471   490
  472   490
  473   490
  474   490
  475   490
  476   490
  477   490
  478   490
  479   490
  480   490
  481   490
  482   490
  483   490
  484   490
  485   490
  486   490
  487   490
  488   490
  489   490
  490   490
  491   490
  492   490
  493   490
  494   490
  495   490
  496   490
  497   490
  498   490
  499   490
  500   490
  501   490
  502   490
  503   490
  504   490
  505   490
  506   490
  507   490
  508   490
  509   490
  510   490
  511   490
  512   490
  513   490
  514   490
  515   490
  516   490
  517   490
  518   490
  519   490
  520   490
  521   490
  522   490
  523   490
  524   490
  525   490
  526   490
  527   490
  528   490
  529   490
  530   490
  531   490
  532   490
  533   490
  534   490
  535   490
  536   490
  537   490
  538   490
  539   490
  540   490
  541   490
  542   490
  543   490
  544   490
  545   490
  546   490
  547   490
  548   490
  549   490
  550   490
  551   490
  552   490
  553   490
  554   490
  555   490
  556   490
  557   490
  558   490
  559   490
  560   490
  561   490
  562   490
  563   490
  564   490
  565   490
  566   490
  567   490
  568   490
  569   490
  570   490
  571   490
  572   490
  573   490
  574   490
  575   490
  576   490
  577   490
  578   490
  579   490
  580   490
  581   490
  582   490
  583   490
  584   490
  585   490
  586   490
  587   490
  588   490
  589   490
  590   490
  591   490
  592   490
  593   490
  594   490
  595   490
  596   490
  597   490
  598   490
  599   490
  600   490
  601   490
  602   490
  603   490
  604   490
  605   490
  606   490
  607   490
  608   490
  609   490
  610   490
  611   490
  612   490
  613   490
  614   490
  615   490
  616   490
  617   490
  618   490
  619   490
  620   490
  621   490
  622   490
  623   490
  624   490
  625   490
  626   490
  627   490
  628   490
  629   490
  630   490
  631   490
  632   490
  633   490
  634   490
  635   490
  636   490
  637   490
  638   490
  639   490
  640   490
  641   490
  642   490
  643   490
  644   490
  645   490
  646   490
  647   490
  648   490
  649   490
  650   490
  651   490
  652   490
  653   490
  654   490
  655   490
  656   490
  657   490
  658   490
  659   490
  660   490
  661   490
  662   490
  663   490
  664   490
  665   490
  666   490
  667   490
  668   490
  669   490
  670   490
  671   490
  672   490
  673   490
  674   490
  675   490
  676   490
  677   490
  678   490
  679   490
  680   490
  681   490
  682   490
  683   490
  684   490
  685   490
  686   490
  687   490
  688   490
  689   490
  690   490
  691   490
  692   490
  693   490
  694   490
  695   490
  696   490
  697   490
  698   490
  699   490
  700   490
  701   490
  702   490
  703   490
  704   490
  705   490
  706   490
  707   490
  708   490
  709   490
  710   490
  711   490
  712   490
  713   490
  714   490
  715   490
  716   490
  717   490
  718   490
  719   490
  720   490
  721   490
  722   490
  723   490
  724   490
  725   490
  726   490
  727   490
  728   490
  729   490
  730   490
  731   490
  732   490
  733   490
  734   490
  735   490
  736   490
  737   490
  738   490
  739   490
  740   490
  741   490
  742   490
  743   490
  744   490
  745   490
  746   490
  747   490
  748   490
  749   490
  750   490
  751   490
  752   490
  753   490
  754   490
  755   490
  756   490
  757   490
  758   490
  759   490
  760   490
  761   490
  762   490
  763   490
  764   490
  765   490
  766   490
  767   490
  768   490
  769   490
  770   490
  771   490
  772   490
  773   490
  774   490
  775   490
  776   490
  777   490
  778   490
  779   490
  780   490
  781   490
  782   490
  783   490
  784   490
  785   490
  786   490
  787   490
  788   490
  789   490
  790   490
  791   490
  792   490
  793   490
  794   490
  795   490
  796   490
  797   490
  798   490
  799   490
  800   490
  801   490
  802   490
  803   490
  804   490
  805   490
  806   490
  807   490
  808   490
  809   490
  810   490
  811   490
  812   490
  813   490
  814   490
  815   490
  816   490
  817   490
  818   490
  819   490
  820   490
  821   490
  822   490
  823   490
  824   490
  825   490
  826   490
  827   490
  828   490
  829   490
  830   490
  831   490
  832   490
  833   490
  834   490
  835   490
  836   490
  837   490
  838   490
  839   490
  840   490
  841   490
  842   490
  843   490
  844   490
  845   490
  846   490
  847   490
  848   490
  849   490
  850   490
  851   490
  852   490
  853   490
  854   490
  855   490
  856   490
  857   490
  858   490
  859   490
  860   490
  861   490
  862   490
  863   490
  864   490
  865   490
  866   490
  867   490
  868   490
  869   490
  870   490
  871   490
  872   490
  873   490
  874   490
  875   490
  876   490
  877   490
  878   490
  879   490
  880   490
  881   490
  882   490
  883   490
  884   490
  885   490
  886   490
  887   490
  888   490
  889   490
  890   490
  891   490
  892   490
  893   490
  894   490
  895   490
  896   490
  897   490
  898   490
  899   490
  900   490
  901   490
  902   490
  903   490
  904   490
  905   490
  906   490
  907   490
  908   490
  909   490
  910   490
  911   490
  912   490
  913   490
  914   490
  915   490
  916   490
  917   490
  918   490
  919   490
  920   490
  921   490
  922   490
  923   490
  924   490
  925   490
  926   490
  927   490
  928   490
  929   490
  930   490
  931   490
  932   490
  933   490
  934   490
  935   490
  936   490
  937   490
  938   490
  939   490
  940   490
  941   490
  942   490
  943   490
  944   490
  945   490
  946   490
  947   490
  948   490
  949   490
  950   490
  951   490
  952   490
  953   490
  954   490
  955   490
  956   490
  957   490
  958   490
  959   490
  960   490
  961   490
  962   490
  963   490
  964   490
  965   490
  966   490
  967   490
  968   490
  969   490
  970   490
  971   490
  972   490
  973   490
  974   490
  975   490
  976   490
  977   490
  978   490
  979   490
  980   490
  981   490
  982   490
  983   490
  984   490
  985   490
  986   490
  987   490
  988   490
  989   490
  990   490
  991   490
  992   490
  993   490
  994   490
  995   490
  996   490
  997   490
  998   490
  999   490
 1000   490
 1001   490
 1002   490
 1003   490
 1004   490
 1005   490
 1006   490
 1007   490
 1008   490
 1009   490
 1010   490
 1011   490
 1012   490
 1013   490
 1014   490
 1015   490
 1016   490
 1017   490
 1018   490
 1019   490
 1020   490
 1021   490
 1022   490
 1023   490
 1024   490
 1025   490
 1026   490
 1027   490
 1028   490
 1029   490
 1030   490
 1031   490
 1032   490
 1033   490
 1034   490
 1035   490
 1036   490
 1037   490
 1038   490
 1039   490
 1040   490
 1041   490
 1042   490
 1043   490
 1044   490
 1045   490
 1046   490
 1047   490
 1048   490
 1049   490
 1050   490
 1051   490
 1052   490
 1053   490
 1054   490
 1055   490
 1056   490
 1057   490
 1058   490
 1059   490
 1060   490
 1061   490
 1062   490
 1063   490
 1064   490
 1065   490
 1066   490
 1067   490
 1068   490
 1069   490
 1070   490
 1071   490
 1072   490
 1073   490
 1074   490
 1075   490
 1076   490
 1077   490
 1078   490
 1079   490
 1080   490
 1081   490
 1082   490
 1083   490
 1084   490
 1085   490
 1086   490
 1087   490
 1088   490
 1089   490
 1090   490
 1091   490
 1092   490
 1093   490
 1094   490
 1095   490
 1096   490
 1097   490
 1098   490
 1099   490
 1100   490
 1101   490
 1102   490
 1103   490
 1104   490
 1105   490
 1106   490
 1107   490
 1108   490
 1109   490
 1110   490
 1111   490
 1112   490
 1113   490
 1114   490
 1115   490
 1116   490
 1117   490
 1118   490
 1119   490
 1120   490
 1121   490
 1122   490
 1123   490
 1124   490
 1125   490
 1126   490
 1127   490
 1128   490
 1129   490
 1130   490
 1131   490
 1132   490
 1133   490
 1134   490
 1135   490
 1136   490
 1137   490
 1138   490
 1139   490
 1140   490
 1141   490
 1142   490
 1143   490
 1144   490
 1145   490
 1146   490
 1147   490
 1148   490
 1149   490
 1150   490
 1151   490
 1152   490
 1153   490
 1154   490
 1155   490
 1156   490
 1157   490
 1158   490
 1159   490
 1160   490
 1161   490
 1162   490
 1163   490
 1164   490
 1165   490
 1166   490
 1167   490
 1168   490
 1169   490
 1170   490
 1171   490
 1172   490
 1173   490
 1174   490
 1175   490
 1176   490
 1177   490
 1178   490
 1179   490
 1180   490
 1181   490
 1182   490
 1183   490
 1184   490
 1185   490
 1186   490
 1187   490
 1188   490
 1189   490
 1190   490
 1191   490
 1192   490
 1193   490
 1194   490
 1195   490
 1196   490
 1197   490
 1198   490
 1199   490
 1200   490
 1201   490
 1202   490
 1203   490
 1204   490
 1205   490
 1206   490
 1207   490
 1208   490
 1209   490
 1210   490
 1211   490
 1212   490
 1213   490
 1214   490
 1215   490
 1216   490
 1217   490
 1218   490
 1219   490
 1220   490
 1221   490
 1222   490
 1223   490
 1224   490
 1225   490
 1226   490
 1227   490
 1228   490
 1229   490
 1230   490
 1231   490
 1232   490
 1233   490
 1234   490
 1235   490
 1236   490
 1237   490
 1238   490
 1239   490
 1240   490
 1241   490
 1242   490
 1243   490
 1244   490
 1245   490
 1246   490
 1247   490
 1248   490
 1249   490
 1250   490
 1251   490
 1252   490
 1253   490
 1254   490
 1255   490
 1256   490
 1257   490
 1258   490
 1259   490
 1260   490
 1261   490
 1262   490
 1263   490
 1264   490
 1265   490
 1266   490
 1267   490
 1268   490
 1269   490
 1270   490
 1271   490
 1272   490
 1273   490
 1274   490
 1275   490
 1276   490
 1277   490
 1278   490
 1279   490
 1280   490
 1281   490
 1282   490
 1283   490
 1284   490
 1285   490
 1286   490
 1287   490
 1288   490
 1289   490
 1290   490
 1291   490
 1292   490
 1293   490
 1294   490
 1295   490
 1296   490
 1297   490
 1298   490
 1299   490
 1300   490
 1301   490
 1302   490
 1303   490
 1304   490
 1305   490
 1306   490
 1307   490
 1308   490
 1309   490
 1310   490
 1311   490
 1312   490
 1313   490
 1314   490
 1315   490
 1316   490
 1317   490
 1318   490
 1319   490
 1320   490
 1321   490
 1322   490
 1323   490
 1324   490
 1325   490
 1326   490
 1327   490
 1328   490
 1329   490
 1330   490
 1331   490
 1332   490
 1333   490
 1334   490
 1335   490
 1336   490
 1337   490
 1338   490
 1339   490
 1340   490
 1341   490
 1342   490
 1343   490
 1344   490
 1345   490
 1346   490
 1347   490
 1348   490
 1349   490
 1350   490
 1351   490
 1352   490
 1353   490
 1354   490
 1355   490
 1356   490
 1357   490
 1358   490
 1359   490
 1360   490
 1361   490
 1362   490
 1363   490
 1364   490
 1365   490
 1366   490
 1367   490
 1368   490
 1369   490
 1370   490
 1371   490
 1372   490
 1373   490
 1374   490
 1375   490
 1376   490
 1377   490
 1378   490
 1379   490
 1380   490
 1381   490
 1382   490
 1383   490
 1384   490
 1385   490
 1386   490
 1387   490
 1388   490
 1389   490
 1390   490
 1391   490
 1392   490
 1393   490
 1394   490
 1395   490
 1396   490
 1397   490
 1398   490
 1399   490
 1400   490
 1401   490
 1402   490
 1403   490
 1404   490
 1405   490
 1406   490
 1407   490
 1408   490
 1409   490
 1410   490
 1411   490
 1412   490
 1413   490
 1414   490
 1415   490
 1416   490
 1417   490
 1418   490
 1419   490
 1420   490
 1421   490
 1422   490
 1423   490
 1424   490
 1425   490
 1426   490
 1427   490
 1428   490
 1429   490
 1430   490
 1431   490
 1432   490
 1433   490
 1434   490
 1435   490
 1436   490
 1437   490
 1438   490
 1439   490
 1440   490
 1441   490
 1442   490
 1443   490
 1444   490
 1445   490
 1446   490
 1447   490
 1448   490
 1449   490
 1450   490
 1451   490
 1452   490
 1453   490
 1454   490
 1455   490
 1456   490
 1457   490
 1458   490
 1459   490
 1460   490
 1461   490
 1462   490
 1463   490
 1464   490
 1465   490
 1466   490
 1467   490
 1468   490
 1469   490
 1470   490
 1471   490
 1472   490
 1473   490
 1474   490
 1475   490
 1476   490
 1477   490
 1478   490
 1479   490
 1480   490
 1481   490
 1482   490
 1483   490
 1484   490
 1485   490
 1486   490
 1487   490
 1488   490
 1489   490
 1490   490
 1491   490
 1492   490
 1493   490
 1494   490
 1495   490
 1496   490
 1497   490
 1498   490
 1499   490
 1500   490
 1501   490
 1502   490
 1503   490
 1504   490
 1505   490
 1506   490
 1507   490
 1508   490
 1509   490
 1510   490
 1511   490
 1512   490
 1513   490
 1514   490
 1515   490
 1516   490
 1517   490
 1518   490
 1519   490
 1520   490
 1521   490
 1522   490
 1523   490
 1524   490
 1525   490
 1526   490
 1527   490
 1528   490
 1529   490
 1530   490
 1531   490
 1532   490
 1533   490
 1534   490
 1535   490
 1536   490
 1537   490
 1538   490
 1539   490
 1540   490
 1541   490
 1542   490
 1543   490
 1544   490
 1545   490
 1546   490
 1547   490
 1548   490
 1549   490
 1550   490
 1551   490
 1552   490
 1553   490
 1554   490
 1555   490
 1556   490
 1557   490
 1558   490
 1559   490
 1560   490
 1561   490
 1562   490
 1563   490
 1564   490
 1565   490
 1566   490
 1567   490
 1568   490
 1569   490
 1570   490
 1571   490
 1572   490
 1573   490
 1574   490
 1575   490
 1576   490
 1577   490
 1578   490
 1579   490
 1580   490
 1581   490
 1582   490
 1583   490
 1584   490
 1585   490
 1586   490
 1587   490
 1588   490
 1589   490
 1590   490
 1591   490
 1592   490
 1593   490
 1594   490
 1595   490
 1596   490
 1597   490
 1598   490
 1599   490
 1600   490
 1601   490
 1602   490
 1603   490
 1604   490
 1605   490
 1606   490
 1607   490
 1608   490
 1609   490
 1610   490
 1611   490
 1612   490
 1613   490
 1614   490
 1615   490
 1616   490
 1617   490
 1618   490
 1619   490
 1620   490
 1621   490
 1622   490
 1623   490
 1624   490
 1625   490
 1626   490
 1627   490
 1628   490
 1629   490
 1630   490
 1631   490
 1632   490
 1633   490
 1634   490
 1635   490
 1636   490
 1637   490
 1638   490
 1639   490
 1640   490
 1641   490
 1642   490
 1643   490
 1644   490
 1645   490
 1646   490
 1647   490
 1648   490
 1649   490
 1650   490
 1651   490
 1652   490
 1653   490
 1654   490
 1655   490
 1656   490
 1657   490
 1658   490
 1659   490
 1660   490
 1661   490
 1662   490
 1663   490
 1664   490
 1665   490
 1666   490
 1667   490
 1668   490
 1669   490
 1670   490
 1671   490
 1672   490
 1673   490
 1674   490
 1675   490
 1676   490
 1677   490
 1678   490
 1679   490
 1680   490
 1681   490
 1682   490
 1683   490
 1684   490
 1685   490
 1686   490
 1687   490
 1688   490
 1689   490
 1690   490
 1691   490
 1692   490
 1693   490
 1694   490
 1695   490
 1696   490
 1697   490
 1698   490
 1699   490
 1700   490
 1701   490
 1702   490
 1703   490
 1704   490
 1705   490
 1706   490
 1707   490
 1708   490
 1709   490
 1710   490
 1711   490
 1712   490
 1713   490
 1714   490
 1715   490
 1716   490
 1717   490
 1718   490
 1719   490
 1720   490
 1721   490
 1722   490
 1723   490
 1724   490
 1725   490
 1726   490
 1727   490
 1728   490
 1729   490
 1730   490
 1731   490
 1732   490
 1733   490
 1734   490
 1735   490
 1736   490
 1737   490
 1738   490
 1739   490
 1740   490
 1741   490
 1742   490
 1743   490
 1744   490
 1745   490
 1746   490
 1747   490
 1748   490
 1749   490
 1750   490
 1751   490
 1752   490
 1753   490
 1754   490
 1755   490
 1756   490
 1757   490
 1758   490
 1759   490
 1760   490
 1761   490
 1762   490
 1763   490
 1764   490
 1765   490
 1766   490
 1767   490
 1768   490
 1769   490
 1770   490
 1771   490
 1772   490
 1773   490
 1774   490
 1775   490
 1776   490
 1777   490
 1778   490
 1779   490
 1780   490
 1781   490
 1782   490
 1783   490
 1784   490
 1785   490
 1786   490
 1787   490
 1788   490
 1789   490
 1790   490
 1791   490
 1792   490
 1793   490
 1794   490
 1795   490
 1796   490
 1797   490
 1798   490
 1799   490
 1800   490
 1801   490
 1802   490
 1803   490
 1804   490
 1805   490
 1806   490
 1807   490
 1808   490
 1809   490
 1810   490
 1811   490
 1812   490
 1813   490
 1814   490
 1815   490
 1816   490
 1817   490
 1818   490
 1819   490
 1820   490
 1821   490
 1822   490
 1823   490
 1824   490
 1825   490
 1826   490
 1827   490
 1828   490
 1829   490
 1830   490
 1831   490
 1832   490
 1833   490
 1834   490
 1835   490
 1836   490
 1837   490
 1838   490
 1839   490
 1840   490
 1841   490
 1842   490
 1843   490
 1844   490
 1845   490
 1846   490
 1847   490
 1848   490
 1849   490
 1850   490
 1851   490
 1852   490
 1853   490
 1854   490
 1855   490
 1856   490
 1857   490
 1858   490
 1859   490
 1860   490
 1861   490
 1862   490
