    1  3737
    2  3737
    3  3737
    4  3737
    5  3737
    6  3737
    7  3737
    8  3737
    9  3737
   10  3737
   11  3756
   12  3756
   13  3756
   14  3756
   15  3756
   16  3756
   17  3756
   18  3756
   19  3756
   20  3756
   21  3775
   22  3775
   23  3775
   24  3775
   25  3775
   26  3775
   27  3775
   28  3775
   29  3775
   30  3775
   31  3800
   32  3800
   33  3800
   34  3800
   35  3800
   36  3800
   37  3800
   38  3800
   39  3800
   40  3800
   41  3812
   42  3812
   43  3812
   44  3812
   45  3812
   46  3812
   47  3812
   48  3812
   49  3812
   50  3812
   51  3843
   52  3843
   53  3843
   54  3843
   55  3843
   56  3843
   57  3843
   58  3843
   59  3843
   60  3843
   61  3868
   62  3868
   63  3868
   64  3868
   65  3868
   66  3868
   67  3868
   68  3868
   69  3868
   70  3868
   71  3900
   72  3900
   73  3900
   74  3900
   75  3900
   76  3900
   77  3900
   78  3900
   79  3900
   80  3900
   81  3931
   82  3931
   83  3931
   84  3931
   85  3931
   86  3931
   87  3931
   88  3931
   89  3931
   90  3931
   91  3968
   92  3968
   93  3968
   94  3968
   95  3968
   96  3968
   97  3968
   98  3968
   99  3968
  100  3968
  101  4006
  102  4006
  103  4006
  104  4006
  105  4006
  106  4006
  107  4006
  108  4006
  109  4006
  110  4006
  111  4018
  112  4018
  113  4018
  114  4018
  115  4018
  116  4018
  117  4018
  118  4018
  119  4018
  120  4018
  121  4056
  122  4056
  123  4056
  124  4056
  125  4056
  126  4056
  127  4056
  128  4056
  129  4056
  130  4056
  131  4087
  132  4087
  133  4087
  134  4087
  135  4087
  136  4087
  137  4087
  138  4087
  139  4087
  140  4087
  141  4118
  142  4118
  143  4118
  144  4118
  145  4118
  146  4118
  147  4118
  148  4118
  149  4118
  150  4118
  151  4143
  152  4143
  153  4143
  154  4143
  155  4143
  156  4143
  157  4143
  158  4143
  159  4143
  160  4143
  161  4175
  162  4175
  163  4175
  164  4175
  165  4175
  166  4175
  167  4175
  168  4175
  169  4175
  170  4175
  171  4206
  172  4206
  173  4206
  174  4206
  175  4206
  176  4206
  177  4206
  178  4206
  179  4206
  180  4206
  181  4218
  182  4218
  183  4218
  184  4218
  185  4218
  186  4218
  187  4218
  188  4218
  189  4218
  190  4218
  191  4243
  192  4243
  193  4243
  194  4243
  195  4243
  196  4243
  197  4243
  198  4243
  199  4243
  200  4243
  201  4268
  202  4268
  203  4268
  204  4268
  205  4268
  206  4268
  207  4268
  208  4268
  209  4268
  210  4268
  211  4293
  212  4293
  213  4293
  214  4293
  215  4293
  216  4293
  217  4293
  218  4293
  219  4293
  220  4293
  221  4312
  222  4312
  223  4312
  224  4312
  225  4312
  226  4312
  227  4312
  228  4312
  229  4312
  230  4312
  231  4337
  232  4337
  233  4337
  234  4337
  235  4337
  236  4337
  237  4337
  238  4337
  239  4337
  240  4337
  241  4356
  242  4356
  243  4356
  244  4356
  245  4356
  246  4356
  247  4356
  248  4356
  249  4356
  250  4356
  251  4362
  252  4362
  253  4362
  254  4362
  255  4362
  256  4362
  257  4362
  258  4362
  259  4362
  260  4362
  261  4387
  262  4387
  263  4387
  264  4387
  265  4387
  266  4387
  267  4387
  268  4387
  269  4387
  270  4387
  271  4406
  272  4406
  273  4406
  274  4406
  275  4406
  276  4406
  277  4406
  278  4406
  279  4406
  280  4406
  281  4418
  282  4418
  283  4418
  284  4418
  285  4418
  286  4418
  287  4418
  288  4418
  289  4418
  290  4418
  291  4437
  292  4437
  293  4437
  294  4437
  295  4437
  296  4437
  297  4437
  298  4437
  299  4437
  300  4437
  301  4443
  302  4443
  303  4443
  304  4443
  305  4443
  306  4443
  307  4443
  308  4443
  309  4443
  310  4443
  311  4450
  312  4450
  313  4450
  314  4450
  315  4450
  316  4450
  317  4450
  318  4450
  319  4450
  320  4450
  321  4456
  322  4456
  323  4456
  324  4456
  325  4456
  326  4456
  327  4456
  328  4456
  329  4456
  330  4456
  331  4456
  332  4456
  333  4456
  334  4456
  335  4456
  336  4456
  337  4456
  338  4456
  339  4456
  340  4456
  341  4462
  342  4462
  343  4462
  344  4462
  345  4462
  346  4462
  347  4462
  348  4462
  349  4462
  350  4462
  351  4456
  352  4456
  353  4456
  354  4456
  355  4456
  356  4456
  357  4456
  358  4456
  359  4456
  360  4456
  361  4456
  362  4456
  363  4456
  364  4456
  365  4456
  366  4456
  367  4456
  368  4456
  369  4456
  370  4456
  371  4450
  372  4450
  373  4450
  374  4450
  375  4450
  376  4450
  377  4450
  378  4450
  379  4450
  380  4450
  381  4450
  382  4450
  383  4450
  384  4450
  385  4450
  386  4450
  387  4450
  388  4450
  389  4450
  390  4450
  391  4450
  392  4450
  393  4450
  394  4450
  395  4450
  396  4450
  397  4450
  398  4450
  399  4450
  400  4450
  401  4443
  402  4443
  403  4443
  404  4443
  405  4443
  406  4443
  407  4443
  408  4443
  409  4443
  410  4443
  411  4443
  412  4443
  413  4443
  414  4443
  415  4443
  416  4443
  417  4443
  418  4443
  419  4443
  420  4443
  421  4431
  422  4431
  423  4431
  424  4431
  425  4431
  426  4431
  427  4431
  428  4431
  429  4431
  430  4431
  431  4418
  432  4418
  433  4418
  434  4418
  435  4418
  436  4418
  437  4418
  438  4418
  439  4418
  440  4418
  441  4406
  442  4406
  443  4406
  444  4406
  445  4406
  446  4406
  447  4406
  448  4406
  449  4406
  450  4406
  451  4393
  452  4393
  453  4393
  454  4393
  455  4393
  456  4393
  457  4393
  458  4393
  459  4393
  460  4393
  461  4387
  462  4387
  463  4387
  464  4387
  465  4387
  466  4387
  467  4387
  468  4387
  469  4387
  470  4387
  471  4368
  472  4368
  473  4368
  474  4368
  475  4368
  476  4368
  477  4368
  478  4368
  479  4368
  480  4368
  481  4356
  482  4356
  483  4356
  484  4356
  485  4356
  486  4356
  487  4356
  488  4356
  489  4356
  490  4356
  491  4343
  492  4343
  493  4343
  494  4343
  495  4343
  496  4343
  497  4343
  498  4343
  499  4343
  500  4343
  501  4331
  502  4331
  503  4331
  504  4331
  505  4331
  506  4331
  507  4331
  508  4331
  509  4331
  510  4331
  511  4312
  512  4312
  513  4312
  514  4312
  515  4312
  516  4312
  517  4312
  518  4312
  519  4312
  520  4312
  521  4293
  522  4293
  523  4293
  524  4293
  525  4293
  526  4293
  527  4293
  528  4293
  529  4293
  530  4293
  531  4287
  532  4287
  533  4287
  534  4287
  535  4287
  536  4287
  537  4287
  538  4287
  539  4287
  540  4287
  541  4268
  542  4268
  543  4268
  544  4268
  545  4268
  546  4268
  547  4268
  548  4268
  549  4268
  550  4268
  551  4256
  552  4256
  553  4256
  554  4256
  555  4256
  556  4256
  557  4256
  558  4256
  559  4256
  560  4256
  561  4243
  562  4243
  563  4243
  564  4243
  565  4243
  566  4243
  567  4243
  568  4243
  569  4243
  570  4243
  571  4225
  572  4225
  573  4225
  574  4225
  575  4225
  576  4225
  577  4225
  578  4225
  579  4225
  580  4225
  581  4212
  582  4212
  583  4212
  584  4212
  585  4212
  586  4212
  587  4212
  588  4212
  589  4212
  590  4212
  591  4200
  592  4200
  593  4200
  594  4200
  595  4200
  596  4200
  597  4200
  598  4200
  599  4200
  600  4200
  601  4187
  602  4187
  603  4187
  604  4187
  605  4187
  606  4187
  607  4187
  608  4187
  609  4187
  610  4187
  611  4175
  612  4175
  613  4175
  614  4175
  615  4175
  616  4175
  617  4175
  618  4175
  619  4175
  620  4175
  621  4156
  622  4156
  623  4156
  624  4156
  625  4156
  626  4156
  627  4156
  628  4156
  629  4156
  630  4156
  631  4137
  632  4137
  633  4137
  634  4137
  635  4137
  636  4137
  637  4137
  638  4137
  639  4137
  640  4137
  641  4118
  642  4118
  643  4118
  644  4118
  645  4118
  646  4118
  647  4118
  648  4118
  649  4118
  650  4118
  651  4106
  652  4106
  653  4106
  654  4106
  655  4106
  656  4106
  657  4106
  658  4106
  659  4106
  660  4106
  661  4093
  662  4093
  663  4093
  664  4093
  665  4093
  666  4093
  667  4093
  668  4093
  669  4093
  670  4093
  671  4087
  672  4087
  673  4087
  674  4087
  675  4087
  676  4087
  677  4087
  678  4087
  679  4087
  680  4087
  681  4081
  682  4081
  683  4081
  684  4081
  685  4081
  686  4081
  687  4081
  688  4081
  689  4081
  690  4081
  691  4068
  692  4068
  693  4068
  694  4068
  695  4068
  696  4068
  697  4068
  698  4068
  699  4068
  700  4068
  701  4056
  702  4056
  703  4056
  704  4056
  705  4056
  706  4056
  707  4056
  708  4056
  709  4056
  710  4056
  711  4050
  712  4050
  713  4050
  714  4050
  715  4050
  716  4050
  717  4050
  718  4050
  719  4050
  720  4050
  721  4043
  722  4043
  723  4043
  724  4043
  725  4043
  726  4043
  727  4043
  728  4043
  729  4043
  730  4043
  731  4037
  732  4037
  733  4037
  734  4037
  735  4037
  736  4037
  737  4037
  738  4037
  739  4037
  740  4037
  741  4031
  742  4031
  743  4031
  744  4031
  745  4031
  746  4031
  747  4031
  748  4031
  749  4031
  750  4031
  751  4031
  752  4031
  753  4031
  754  4031
  755  4031
  756  4031
  757  4031
  758  4031
  759  4031
  760  4031
  761  4031
  762  4031
  763  4031
  764  4031
  765  4031
  766  4031
  767  4031
  768  4031
  769  4031
  770  4031
  771  4031
  772  4031
  773  4031
  774  4031
  775  4031
  776  4031
  777  4031
  778  4031
  779  4031
  780  4031
  781  4031
  782  4031
  783  4031
  784  4031
  785  4031
  786  4031
  787  4031
  788  4031
  789  4031
  790  4031
  791  4031
  792  4031
  793  4031
  794  4031
  795  4031
  796  4031
  797  4031
  798  4031
  799  4031
  800  4031
  801  4025
  802  4025
  803  4025
  804  4025
  805  4025
  806  4025
  807  4025
  808  4025
  809  4025
  810  4025
  811  4025
  812  4025
  813  4025
  814  4025
  815  4025
  816  4025
  817  4025
  818  4025
  819  4025
  820  4025
  821  4025
  822  4025
  823  4025
  824  4025
  825  4025
  826  4025
  827  4025
  828  4025
  829  4025
  830  4025
  831  4025
  832  4025
  833  4025
  834  4025
  835  4025
  836  4025
  837  4025
  838  4025
  839  4025
  840  4025
  841  4025
  842  4025
  843  4025
  844  4025
  845  4025
  846  4025
  847  4025
  848  4025
  849  4025
  850  4025
  851  4025
  852  4025
  853  4025
  854  4025
  855  4025
  856  4025
  857  4025
  858  4025
  859  4025
  860  4025
  861  4018
  862  4018
  863  4018
  864  4018
  865  4018
  866  4018
  867  4018
  868  4018
  869  4018
  870  4018
  871  4025
  872  4025
  873  4025
  874  4025
  875  4025
  876  4025
  877  4025
  878  4025
  879  4025
  880  4025
  881  4025
  882  4025
  883  4025
  884  4025
  885  4025
  886  4025
  887  4025
  888  4025
  889  4025
  890  4025
  891  4031
  892  4031
  893  4031
  894  4031
  895  4031
  896  4031
  897  4031
  898  4031
  899  4031
  900  4031
  901  4031
  902  4031
  903  4031
  904  4031
  905  4031
  906  4031
  907  4031
  908  4031
  909  4031
  910  4031
  911  4037
  912  4037
  913  4037
  914  4037
  915  4037
  916  4037
  917  4037
  918  4037
  919  4037
  920  4037
  921  4043
  922  4043
  923  4043
  924  4043
  925  4043
  926  4043
  927  4043
  928  4043
  929  4043
  930  4043
  931  4043
  932  4043
  933  4043
  934  4043
  935  4043
  936  4043
  937  4043
  938  4043
  939  4043
  940  4043
  941  4043
  942  4043
  943  4043
  944  4043
  945  4043
  946  4043
  947  4043
  948  4043
  949  4043
  950  4043
  951  4043
  952  4043
  953  4043
  954  4043
  955  4043
  956  4043
  957  4043
  958  4043
  959  4043
  960  4043
  961  4050
  962  4050
  963  4050
  964  4050
  965  4050
  966  4050
  967  4050
  968  4050
  969  4050
  970  4050
  971  4050
  972  4050
  973  4050
  974  4050
  975  4050
  976  4050
  977  4050
  978  4050
  979  4050
  980  4050
  981  4056
  982  4056
  983  4056
  984  4056
  985  4056
  986  4056
  987  4056
  988  4056
  989  4056
  990  4056
  991  4056
  992  4056
  993  4056
  994  4056
  995  4056
  996  4056
  997  4056
  998  4056
  999  4056
 1000  4056
 1001  4056
 1002  4056
 1003  4056
 1004  4056
 1005  4056
 1006  4056
 1007  4056
 1008  4056
 1009  4056
 1010  4056
 1011  4062
 1012  4062
 1013  4062
 1014  4062
 1015  4062
 1016  4062
 1017  4062
 1018  4062
 1019  4062
 1020  4062
 1021  4062
 1022  4062
 1023  4062
 1024  4062
 1025  4062
 1026  4062
 1027  4062
 1028  4062
 1029  4062
 1030  4062
 1031  4062
 1032  4062
 1033  4062
 1034  4062
 1035  4062
 1036  4062
 1037  4062
 1038  4062
 1039  4062
 1040  4062
 1041  4062
 1042  4062
 1043  4062
 1044  4062
 1045  4062
 1046  4062
 1047  4062
 1048  4062
 1049  4062
 1050  4062
 1051  4068
 1052  4068
 1053  4068
 1054  4068
 1055  4068
 1056  4068
 1057  4068
 1058  4068
 1059  4068
 1060  4068
 1061  4068
 1062  4068
 1063  4068
 1064  4068
 1065  4068
 1066  4068
 1067  4068
 1068  4068
 1069  4068
 1070  4068
 1071  4068
 1072  4068
 1073  4068
 1074  4068
 1075  4068
 1076  4068
 1077  4068
 1078  4068
 1079  4068
 1080  4068
 1081  4068
 1082  4068
 1083  4068
 1084  4068
 1085  4068
 1086  4068
 1087  4068
 1088  4068
 1089  4068
 1090  4068
 1091  4068
 1092  4068
 1093  4068
 1094  4068
 1095  4068
 1096  4068
 1097  4068
 1098  4068
 1099  4068
 1100  4068
 1101  4068
 1102  4068
 1103  4068
 1104  4068
 1105  4068
 1106  4068
 1107  4068
 1108  4068
 1109  4068
 1110  4068
 1111  4068
 1112  4068
 1113  4068
 1114  4068
 1115  4068
 1116  4068
 1117  4068
 1118  4068
 1119  4068
 1120  4068
 1121  4062
 1122  4062
 1123  4062
 1124  4062
 1125  4062
 1126  4062
 1127  4062
 1128  4062
 1129  4062
 1130  4062
 1131  4062
 1132  4062
 1133  4062
 1134  4062
 1135  4062
 1136  4062
 1137  4062
 1138  4062
 1139  4062
 1140  4062
 1141  4062
 1142  4062
 1143  4062
 1144  4062
 1145  4062
 1146  4062
 1147  4062
 1148  4062
 1149  4062
 1150  4062
 1151  4062
 1152  4062
 1153  4062
 1154  4062
 1155  4062
 1156  4062
 1157  4062
 1158  4062
 1159  4062
 1160  4062
 1161  4062
 1162  4062
 1163  4062
 1164  4062
 1165  4062
 1166  4062
 1167  4062
 1168  4062
 1169  4062
 1170  4062
 1171  4068
 1172  4068
 1173  4068
 1174  4068
 1175  4068
 1176  4068
 1177  4068
 1178  4068
 1179  4068
 1180  4068
 1181  4062
 1182  4062
 1183  4062
 1184  4062
 1185  4062
 1186  4062
 1187  4062
 1188  4062
 1189  4062
 1190  4062
 1191  4062
 1192  4062
 1193  4062
 1194  4062
 1195  4062
 1196  4062
 1197  4062
 1198  4062
 1199  4062
 1200  4062
 1201  4062
 1202  4062
 1203  4062
 1204  4062
 1205  4062
 1206  4062
 1207  4062
 1208  4062
 1209  4062
 1210  4062
 1211  4062
 1212  4062
 1213  4062
 1214  4062
 1215  4062
 1216  4062
 1217  4062
 1218  4062
 1219  4062
 1220  4062
 1221  4062
 1222  4062
 1223  4062
 1224  4062
 1225  4062
 1226  4062
 1227  4062
 1228  4062
 1229  4062
 1230  4062
 1231  4056
 1232  4056
 1233  4056
 1234  4056
 1235  4056
 1236  4056
 1237  4056
 1238  4056
 1239  4056
 1240  4056
 1241  4056
 1242  4056
 1243  4056
 1244  4056
 1245  4056
 1246  4056
 1247  4056
 1248  4056
 1249  4056
 1250  4056
 1251  4062
 1252  4062
 1253  4062
 1254  4062
 1255  4062
 1256  4062
 1257  4062
