    1  3768
    2  3768
    3  3768
    4  3768
    5  3768
    6  3768
    7  3768
    8  3768
    9  3768
   10  3768
   11  3787
   12  3787
   13  3787
   14  3787
   15  3787
   16  3787
   17  3787
   18  3787
   19  3787
   20  3787
   21  3812
   22  3812
   23  3812
   24  3812
   25  3812
   26  3812
   27  3812
   28  3812
   29  3812
   30  3812
   31  3843
   32  3843
   33  3843
   34  3843
   35  3843
   36  3843
   37  3843
   38  3843
   39  3843
   40  3843
   41  3862
   42  3862
   43  3862
   44  3862
   45  3862
   46  3862
   47  3862
   48  3862
   49  3862
   50  3862
   51  3893
   52  3893
   53  3893
   54  3893
   55  3893
   56  3893
   57  3893
   58  3893
   59  3893
   60  3893
   61  3925
   62  3925
   63  3925
   64  3925
   65  3925
   66  3925
   67  3925
   68  3925
   69  3925
   70  3925
   71  3956
   72  3956
   73  3956
   74  3956
   75  3956
   76  3956
   77  3956
   78  3956
   79  3956
   80  3956
   81  3993
   82  3993
   83  3993
   84  3993
   85  3993
   86  3993
   87  3993
   88  3993
   89  3993
   90  3993
   91  4025
   92  4025
   93  4025
   94  4025
   95  4025
   96  4025
   97  4025
   98  4025
   99  4025
  100  4025
  101  4062
  102  4062
  103  4062
  104  4062
  105  4062
  106  4062
  107  4062
  108  4062
  109  4062
  110  4062
  111  4081
  112  4081
  113  4081
  114  4081
  115  4081
  116  4081
  117  4081
  118  4081
  119  4081
  120  4081
  121  4125
  122  4125
  123  4125
  124  4125
  125  4125
  126  4125
  127  4125
  128  4125
  129  4125
  130  4125
  131  4156
  132  4156
  133  4156
  134  4156
  135  4156
  136  4156
  137  4156
  138  4156
  139  4156
  140  4156
  141  4200
  142  4200
  143  4200
  144  4200
  145  4200
  146  4200
  147  4200
  148  4200
  149  4200
  150  4200
  151  4237
  152  4237
  153  4237
  154  4237
  155  4237
  156  4237
  157  4237
  158  4237
  159  4237
  160  4237
  161  4275
  162  4275
  163  4275
  164  4275
  165  4275
  166  4275
  167  4275
  168  4275
  169  4275
  170  4275
  171  4312
  172  4312
  173  4312
  174  4312
  175  4312
  176  4312
  177  4312
  178  4312
  179  4312
  180  4312
  181  4331
  182  4331
  183  4331
  184  4331
  185  4331
  186  4331
  187  4331
  188  4331
  189  4331
  190  4331
  191  4362
  192  4362
  193  4362
  194  4362
  195  4362
  196  4362
  197  4362
  198  4362
  199  4362
  200  4362
  201  4393
  202  4393
  203  4393
  204  4393
  205  4393
  206  4393
  207  4393
  208  4393
  209  4393
  210  4393
  211  4425
  212  4425
  213  4425
  214  4425
  215  4425
  216  4425
  217  4425
  218  4425
  219  4425
  220  4425
  221  4456
  222  4456
  223  4456
  224  4456
  225  4456
  226  4456
  227  4456
  228  4456
  229  4456
  230  4456
  231  4481
  232  4481
  233  4481
  234  4481
  235  4481
  236  4481
  237  4481
  238  4481
  239  4481
  240  4481
  241  4506
  242  4506
  243  4506
  244  4506
  245  4506
  246  4506
  247  4506
  248  4506
  249  4506
  250  4506
  251  4518
  252  4518
  253  4518
  254  4518
  255  4518
  256  4518
  257  4518
  258  4518
  259  4518
  260  4518
  261  4543
  262  4543
  263  4543
  264  4543
  265  4543
  266  4543
  267  4543
  268  4543
  269  4543
  270  4543
  271  4568
  272  4568
  273  4568
  274  4568
  275  4568
  276  4568
  277  4568
  278  4568
  279  4568
  280  4568
  281  4593
  282  4593
  283  4593
  284  4593
  285  4593
  286  4593
  287  4593
  288  4593
  289  4593
  290  4593
  291  4612
  292  4612
  293  4612
  294  4612
  295  4612
  296  4612
  297  4612
  298  4612
  299  4612
  300  4612
  301  4631
  302  4631
  303  4631
  304  4631
  305  4631
  306  4631
  307  4631
  308  4631
  309  4631
  310  4631
  311  4643
  312  4643
  313  4643
  314  4643
  315  4643
  316  4643
  317  4643
  318  4643
  319  4643
  320  4643
  321  4650
  322  4650
  323  4650
  324  4650
  325  4650
  326  4650
  327  4650
  328  4650
  329  4650
  330  4650
  331  4662
  332  4662
  333  4662
  334  4662
  335  4662
  336  4662
  337  4662
  338  4662
  339  4662
  340  4662
  341  4675
  342  4675
  343  4675
  344  4675
  345  4675
  346  4675
  347  4675
  348  4675
  349  4675
  350  4675
  351  4681
  352  4681
  353  4681
  354  4681
  355  4681
  356  4681
  357  4681
  358  4681
  359  4681
  360  4681
  361  4681
  362  4681
  363  4681
  364  4681
  365  4681
  366  4681
  367  4681
  368  4681
  369  4681
  370  4681
  371  4681
  372  4681
  373  4681
  374  4681
  375  4681
  376  4681
  377  4681
  378  4681
  379  4681
  380  4681
  381  4675
  382  4675
  383  4675
  384  4675
  385  4675
  386  4675
  387  4675
  388  4675
  389  4675
  390  4675
  391  4675
  392  4675
  393  4675
  394  4675
  395  4675
  396  4675
  397  4675
  398  4675
  399  4675
  400  4675
  401  4668
  402  4668
  403  4668
  404  4668
  405  4668
  406  4668
  407  4668
  408  4668
  409  4668
  410  4668
  411  4662
  412  4662
  413  4662
  414  4662
  415  4662
  416  4662
  417  4662
  418  4662
  419  4662
  420  4662
  421  4656
  422  4656
  423  4656
  424  4656
  425  4656
  426  4656
  427  4656
  428  4656
  429  4656
  430  4656
  431  4650
  432  4650
  433  4650
  434  4650
  435  4650
  436  4650
  437  4650
  438  4650
  439  4650
  440  4650
  441  4637
  442  4637
  443  4637
  444  4637
  445  4637
  446  4637
  447  4637
  448  4637
  449  4637
  450  4637
  451  4631
  452  4631
  453  4631
  454  4631
  455  4631
  456  4631
  457  4631
  458  4631
  459  4631
  460  4631
  461  4625
  462  4625
  463  4625
  464  4625
  465  4625
  466  4625
  467  4625
  468  4625
  469  4625
  470  4625
  471  4606
  472  4606
  473  4606
  474  4606
  475  4606
  476  4606
  477  4606
  478  4606
  479  4606
  480  4606
  481  4593
  482  4593
  483  4593
  484  4593
  485  4593
  486  4593
  487  4593
  488  4593
  489  4593
  490  4593
  491  4581
  492  4581
  493  4581
  494  4581
  495  4581
  496  4581
  497  4581
  498  4581
  499  4581
  500  4581
  501  4562
  502  4562
  503  4562
  504  4562
  505  4562
  506  4562
  507  4562
  508  4562
  509  4562
  510  4562
  511  4550
  512  4550
  513  4550
  514  4550
  515  4550
  516  4550
  517  4550
  518  4550
  519  4550
  520  4550
  521  4531
  522  4531
  523  4531
  524  4531
  525  4531
  526  4531
  527  4531
  528  4531
  529  4531
  530  4531
  531  4525
  532  4525
  533  4525
  534  4525
  535  4525
  536  4525
  537  4525
  538  4525
  539  4525
  540  4525
  541  4506
  542  4506
  543  4506
  544  4506
  545  4506
  546  4506
  547  4506
  548  4506
  549  4506
  550  4506
  551  4487
  552  4487
  553  4487
  554  4487
  555  4487
  556  4487
  557  4487
  558  4487
  559  4487
  560  4487
  561  4468
  562  4468
  563  4468
  564  4468
  565  4468
  566  4468
  567  4468
  568  4468
  569  4468
  570  4468
  571  4456
  572  4456
  573  4456
  574  4456
  575  4456
  576  4456
  577  4456
  578  4456
  579  4456
  580  4456
  581  4437
  582  4437
  583  4437
  584  4437
  585  4437
  586  4437
  587  4437
  588  4437
  589  4437
  590  4437
  591  4425
  592  4425
  593  4425
  594  4425
  595  4425
  596  4425
  597  4425
  598  4425
  599  4425
  600  4425
  601  4412
  602  4412
  603  4412
  604  4412
  605  4412
  606  4412
  607  4412
  608  4412
  609  4412
  610  4412
  611  4400
  612  4400
  613  4400
  614  4400
  615  4400
  616  4400
  617  4400
  618  4400
  619  4400
  620  4400
  621  4387
  622  4387
  623  4387
  624  4387
  625  4387
  626  4387
  627  4387
  628  4387
  629  4387
  630  4387
  631  4375
  632  4375
  633  4375
  634  4375
  635  4375
  636  4375
  637  4375
  638  4375
  639  4375
  640  4375
  641  4356
  642  4356
  643  4356
  644  4356
  645  4356
  646  4356
  647  4356
  648  4356
  649  4356
  650  4356
  651  4343
  652  4343
  653  4343
  654  4343
  655  4343
  656  4343
  657  4343
  658  4343
  659  4343
  660  4343
  661  4331
  662  4331
  663  4331
  664  4331
  665  4331
  666  4331
  667  4331
  668  4331
  669  4331
  670  4331
  671  4325
  672  4325
  673  4325
  674  4325
  675  4325
  676  4325
  677  4325
  678  4325
  679  4325
  680  4325
  681  4312
  682  4312
  683  4312
  684  4312
  685  4312
  686  4312
  687  4312
  688  4312
  689  4312
  690  4312
  691  4300
  692  4300
  693  4300
  694  4300
  695  4300
  696  4300
  697  4300
  698  4300
  699  4300
  700  4300
  701  4287
  702  4287
  703  4287
  704  4287
  705  4287
  706  4287
  707  4287
  708  4287
  709  4287
  710  4287
  711  4281
  712  4281
  713  4281
  714  4281
  715  4281
  716  4281
  717  4281
  718  4281
  719  4281
  720  4281
  721  4275
  722  4275
  723  4275
  724  4275
  725  4275
  726  4275
  727  4275
  728  4275
  729  4275
  730  4275
  731  4268
  732  4268
  733  4268
  734  4268
  735  4268
  736  4268
  737  4268
  738  4268
  739  4268
  740  4268
  741  4262
  742  4262
  743  4262
  744  4262
  745  4262
  746  4262
  747  4262
  748  4262
  749  4262
  750  4262
  751  4256
  752  4256
  753  4256
  754  4256
  755  4256
  756  4256
  757  4256
  758  4256
  759  4256
  760  4256
  761  4250
  762  4250
  763  4250
  764  4250
  765  4250
  766  4250
  767  4250
  768  4250
  769  4250
  770  4250
  771  4250
  772  4250
  773  4250
  774  4250
  775  4250
  776  4250
  777  4250
  778  4250
  779  4250
  780  4250
  781  4243
  782  4243
  783  4243
  784  4243
  785  4243
  786  4243
  787  4243
  788  4243
  789  4243
  790  4243
  791  4243
  792  4243
  793  4243
  794  4243
  795  4243
  796  4243
  797  4243
  798  4243
  799  4243
  800  4243
  801  4243
  802  4243
  803  4243
  804  4243
  805  4243
  806  4243
  807  4243
  808  4243
  809  4243
  810  4243
  811  4243
  812  4243
  813  4243
  814  4243
  815  4243
  816  4243
  817  4243
  818  4243
  819  4243
  820  4243
  821  4243
  822  4243
  823  4243
  824  4243
  825  4243
  826  4243
  827  4243
  828  4243
  829  4243
  830  4243
  831  4243
  832  4243
  833  4243
  834  4243
  835  4243
  836  4243
  837  4243
  838  4243
  839  4243
  840  4243
  841  4243
  842  4243
  843  4243
  844  4243
  845  4243
  846  4243
  847  4243
  848  4243
  849  4243
  850  4243
  851  4243
  852  4243
  853  4243
  854  4243
  855  4243
  856  4243
  857  4243
  858  4243
  859  4243
  860  4243
  861  4243
  862  4243
  863  4243
  864  4243
  865  4243
  866  4243
  867  4243
  868  4243
  869  4243
  870  4243
  871  4243
  872  4243
  873  4243
  874  4243
  875  4243
  876  4243
  877  4243
  878  4243
  879  4243
  880  4243
  881  4250
  882  4250
  883  4250
  884  4250
  885  4250
  886  4250
  887  4250
  888  4250
  889  4250
  890  4250
  891  4250
  892  4250
  893  4250
  894  4250
  895  4250
  896  4250
  897  4250
  898  4250
  899  4250
  900  4250
  901  4250
  902  4250
  903  4250
  904  4250
  905  4250
  906  4250
  907  4250
  908  4250
  909  4250
  910  4250
  911  4250
  912  4250
  913  4250
  914  4250
  915  4250
  916  4250
  917  4250
  918  4250
  919  4250
  920  4250
  921  4250
  922  4250
  923  4250
  924  4250
  925  4250
  926  4250
  927  4250
  928  4250
  929  4250
  930  4250
  931  4250
  932  4250
  933  4250
  934  4250
  935  4250
  936  4250
  937  4250
  938  4250
  939  4250
  940  4250
  941  4250
  942  4250
  943  4250
  944  4250
  945  4250
  946  4250
  947  4250
  948  4250
  949  4250
  950  4250
  951  4250
  952  4250
  953  4250
  954  4250
  955  4250
  956  4250
  957  4250
  958  4250
  959  4250
  960  4250
  961  4250
  962  4250
  963  4250
  964  4250
  965  4250
  966  4250
  967  4250
  968  4250
  969  4250
  970  4250
  971  4256
  972  4256
  973  4256
  974  4256
  975  4256
  976  4256
  977  4256
  978  4256
  979  4256
  980  4256
  981  4256
  982  4256
  983  4256
  984  4256
  985  4256
  986  4256
  987  4256
  988  4256
  989  4256
  990  4256
  991  4262
  992  4262
  993  4262
  994  4262
  995  4262
  996  4262
  997  4262
  998  4262
  999  4262
 1000  4262
 1001  4262
 1002  4262
 1003  4262
 1004  4262
 1005  4262
 1006  4262
 1007  4262
 1008  4262
 1009  4262
 1010  4262
 1011  4262
 1012  4262
 1013  4262
 1014  4262
 1015  4262
 1016  4262
 1017  4262
 1018  4262
 1019  4262
 1020  4262
 1021  4262
 1022  4262
 1023  4262
 1024  4262
 1025  4262
 1026  4262
 1027  4262
 1028  4262
 1029  4262
 1030  4262
 1031  4262
 1032  4262
 1033  4262
 1034  4262
 1035  4262
 1036  4262
 1037  4262
 1038  4262
 1039  4262
 1040  4262
 1041  4262
 1042  4262
 1043  4262
 1044  4262
 1045  4262
 1046  4262
 1047  4262
 1048  4262
 1049  4262
 1050  4262
 1051  4268
 1052  4268
 1053  4268
 1054  4268
 1055  4268
 1056  4268
 1057  4268
 1058  4268
 1059  4268
 1060  4268
 1061  4275
 1062  4275
 1063  4275
 1064  4275
 1065  4275
 1066  4275
 1067  4275
 1068  4275
 1069  4275
 1070  4275
 1071  4281
 1072  4281
 1073  4281
 1074  4281
 1075  4281
 1076  4281
 1077  4281
 1078  4281
 1079  4281
 1080  4281
 1081  4287
 1082  4287
 1083  4287
 1084  4287
 1085  4287
 1086  4287
 1087  4287
 1088  4287
 1089  4287
 1090  4287
 1091  4287
 1092  4287
 1093  4287
 1094  4287
 1095  4287
 1096  4287
 1097  4287
 1098  4287
 1099  4287
 1100  4287
 1101  4287
 1102  4287
 1103  4287
 1104  4287
 1105  4287
 1106  4287
 1107  4287
 1108  4287
 1109  4287
 1110  4287
 1111  4287
 1112  4287
 1113  4287
 1114  4287
 1115  4287
 1116  4287
 1117  4287
 1118  4287
 1119  4287
 1120  4287
 1121  4287
 1122  4287
 1123  4287
 1124  4287
 1125  4287
 1126  4287
 1127  4287
 1128  4287
 1129  4287
 1130  4287
 1131  4287
 1132  4287
 1133  4287
 1134  4287
 1135  4287
 1136  4287
 1137  4287
 1138  4287
 1139  4287
 1140  4287
 1141  4287
 1142  4287
 1143  4287
 1144  4287
 1145  4287
 1146  4287
 1147  4287
 1148  4287
 1149  4287
 1150  4287
 1151  4287
 1152  4287
 1153  4287
 1154  4287
 1155  4287
 1156  4287
 1157  4287
 1158  4287
 1159  4287
 1160  4287
 1161  4287
 1162  4287
 1163  4287
 1164  4287
 1165  4287
 1166  4287
 1167  4287
 1168  4287
 1169  4287
 1170  4287
 1171  4287
 1172  4287
 1173  4287
 1174  4287
 1175  4287
 1176  4287
 1177  4287
 1178  4287
 1179  4287
 1180  4287
 1181  4287
 1182  4287
 1183  4287
 1184  4287
 1185  4287
 1186  4287
 1187  4287
 1188  4287
 1189  4287
 1190  4287
 1191  4293
 1192  4293
 1193  4293
 1194  4293
 1195  4293
 1196  4293
 1197  4293
 1198  4293
 1199  4293
 1200  4293
 1201  4293
 1202  4293
 1203  4293
 1204  4293
 1205  4293
 1206  4293
 1207  4293
 1208  4293
 1209  4293
 1210  4293
 1211  4293
 1212  4293
 1213  4293
 1214  4293
 1215  4293
 1216  4293
 1217  4293
 1218  4293
 1219  4293
 1220  4293
 1221  4293
 1222  4293
 1223  4293
 1224  4293
 1225  4293
 1226  4293
 1227  4293
 1228  4293
 1229  4293
 1230  4293
 1231  4300
 1232  4300
 1233  4300
 1234  4300
 1235  4300
 1236  4300
 1237  4300
 1238  4300
 1239  4300
 1240  4300
 1241  4300
 1242  4300
 1243  4300
 1244  4300
 1245  4300
 1246  4300
 1247  4300
 1248  4300
 1249  4300
 1250  4300
 1251  4312
 1252  4312
 1253  4312
 1254  4312
 1255  4312
 1256  4312
 1257  4312
