    1   800
    2   800
    3   800
    4   800
    5   800
    6   800
    7   810
    8   810
    9   810
   10   810
   11   810
   12   810
   13   810
   14   810
   15   810
   16   810
   17   810
   18   810
   19   810
   20   810
   21   810
   22   810
   23   810
   24   810
   25   810
   26   810
   27   820
   28   820
   29   820
   30   820
   31   820
   32   820
   33   820
   34   820
   35   820
   36   820
   37   820
   38   820
   39   820
   40   820
   41   820
   42   820
   43   820
   44   820
   45   820
   46   820
   47   750
   48   750
   49   750
   50   750
   51   750
   52   750
   53   750
   54   750
   55   750
   56   750
   57   750
   58   750
   59   750
   60   750
   61   750
   62   750
   63   750
   64   750
   65   750
   66   750
   67   780
   68   780
   69   780
   70   780
   71   780
   72   780
   73   780
   74   780
   75   780
   76   780
   77   780
   78   780
   79   780
   80   780
   81   780
   82   780
   83   780
   84   780
   85   780
   86   780
   87   710
   88   710
   89   710
   90   710
   91   710
   92   710
   93   710
   94   710
   95   710
   96   710
   97   710
   98   710
   99   710
  100   710
  101   710
  102   710
  103   710
  104   710
  105   710
  106   710
  107   650
  108   650
  109   650
  110   650
  111   650
  112   650
  113   650
  114   650
  115   650
  116   650
  117   650
  118   650
  119   650
  120   650
  121   650
  122   650
  123   650
  124   650
  125   650
  126   650
  127   670
  128   670
  129   670
  130   670
  131   670
  132   670
  133   670
  134   670
  135   670
  136   670
  137   670
  138   670
  139   670
  140   670
  141   670
  142   670
  143   670
  144   670
  145   670
  146   670
  147   590
  148   590
  149   590
  150   590
  151   590
  152   590
  153   590
  154   590
  155   590
  156   590
  157   590
  158   590
  159   590
  160   590
  161   590
  162   590
  163   590
  164   590
  165   590
  166   590
  167   600
  168   600
  169   600
  170   600
  171   600
  172   600
  173   600
  174   600
  175   600
  176   600
  177   600
  178   600
  179   600
  180   600
  181   600
  182   600
  183   600
  184   600
  185   600
  186   600
  187   520
  188   520
  189   520
  190   520
  191   520
  192   520
  193   520
  194   520
  195   520
  196   520
  197   520
  198   520
  199   520
  200   520
  201   520
  202   520
  203   520
  204   520
  205   520
  206   520
  207   530
  208   530
  209   530
  210   530
  211   530
  212   530
  213   530
  214   530
  215   530
  216   530
  217   530
  218   530
  219   530
  220   530
  221   530
  222   530
  223   530
  224   530
  225   530
  226   530
  227   440
  228   440
  229   440
  230   440
  231   440
  232   440
  233   440
  234   440
  235   440
  236   440
  237   440
  238   440
  239   440
  240   440
  241   440
  242   440
  243   440
  244   440
  245   440
  246   440
  247   450
  248   450
  249   450
  250   450
  251   450
  252   450
  253   450
  254   450
  255   450
  256   450
  257   450
  258   450
  259   450
  260   450
  261   450
  262   450
  263   450
  264   450
  265   450
  266   450
  267   440
  268   440
  269   440
  270   440
  271   440
  272   440
  273   440
  274   440
  275   440
  276   440
  277   440
  278   440
  279   440
  280   440
  281   440
  282   440
  283   440
  284   440
  285   440
  286   440
  287   350
  288   350
  289   350
  290   350
  291   350
  292   350
  293   350
  294   350
  295   350
  296   350
  297   350
  298   350
  299   350
  300   350
  301   350
  302   350
  303   350
  304   350
  305   350
  306   350
  307   350
  308   350
  309   350
  310   350
  311   350
  312   350
  313   350
  314   350
  315   350
  316   350
  317   350
  318   350
  319   350
  320   350
  321   350
  322   350
  323   350
  324   350
  325   350
  326   350
  327   340
  328   340
  329   340
  330   340
  331   340
  332   340
  333   340
  334   340
  335   340
  336   340
  337   340
  338   340
  339   340
  340   340
  341   340
  342   340
  343   340
  344   340
  345   340
  346   340
  347   320
  348   320
  349   320
  350   320
  351   320
  352   320
  353   320
  354   320
  355   320
  356   320
  357   320
  358   320
  359   320
  360   320
  361   320
  362   320
  363   320
  364   320
  365   320
  366   320
  367   310
  368   310
  369   310
  370   310
  371   310
  372   310
  373   310
  374   310
  375   310
  376   310
  377   310
  378   310
  379   310
  380   310
  381   310
  382   310
  383   310
  384   310
  385   310
  386   310
  387   290
  388   290
  389   290
  390   290
  391   290
  392   290
  393   290
  394   290
  395   290
  396   290
  397   290
  398   290
  399   290
  400   290
  401   290
  402   290
  403   290
  404   290
  405   290
  406   290
  407   280
  408   280
  409   280
  410   280
  411   280
  412   280
  413   280
  414   280
  415   280
  416   280
  417   280
  418   280
  419   280
  420   280
  421   280
  422   280
  423   280
  424   280
  425   280
  426   280
  427   260
  428   260
  429   260
  430   260
  431   260
  432   260
  433   260
  434   260
  435   260
  436   260
  437   260
  438   260
  439   260
  440   260
  441   260
  442   260
  443   260
  444   260
  445   260
  446   260
  447   250
  448   250
  449   250
  450   250
  451   250
  452   250
  453   250
  454   250
  455   250
  456   250
  457   250
  458   250
  459   250
  460   250
  461   250
  462   250
  463   250
  464   250
  465   250
  466   250
  467   310
  468   310
  469   310
  470   310
  471   310
  472   310
  473   310
  474   310
  475   310
  476   310
  477   310
  478   310
  479   310
  480   310
  481   310
  482   310
  483   310
  484   310
  485   310
  486   310
  487   280
  488   280
  489   280
  490   280
  491   280
  492   280
  493   280
  494   280
  495   280
  496   280
  497   280
  498   280
  499   280
  500   280
  501   280
  502   280
  503   280
  504   280
  505   280
  506   280
  507   270
  508   270
  509   270
  510   270
  511   270
  512   270
  513   270
  514   270
  515   270
  516   270
  517   270
  518   270
  519   270
  520   270
  521   270
  522   270
  523   270
  524   270
  525   270
  526   270
  527   340
  528   340
  529   340
  530   340
  531   340
  532   340
  533   340
  534   340
  535   340
  536   340
  537   340
  538   340
  539   340
  540   340
  541   340
  542   340
  543   340
  544   340
  545   340
  546   340
  547   310
  548   310
  549   310
  550   310
  551   310
  552   310
  553   310
  554   310
  555   310
  556   310
  557   310
  558   310
  559   310
  560   310
  561   310
  562   310
  563   310
  564   310
  565   310
  566   310
  567   310
  568   310
  569   310
  570   310
  571   310
  572   310
  573   310
  574   310
  575   310
  576   310
  577   310
  578   310
  579   310
  580   310
  581   310
  582   310
  583   310
  584   310
  585   310
  586   310
  587   300
  588   300
  589   300
  590   300
  591   300
  592   300
  593   300
  594   300
  595   300
  596   300
  597   300
  598   300
  599   300
  600   300
  601   300
  602   300
  603   300
  604   300
  605   300
  606   300
  607   370
  608   370
  609   370
  610   370
  611   370
  612   370
  613   370
  614   370
  615   370
  616   370
  617   370
  618   370
  619   370
  620   370
  621   370
  622   370
  623   370
  624   370
  625   370
  626   370
  627   350
  628   350
  629   350
  630   350
  631   350
  632   350
  633   350
  634   350
  635   350
  636   350
  637   350
  638   350
  639   350
  640   350
  641   350
  642   350
  643   350
  644   350
  645   350
  646   350
  647   350
  648   350
  649   350
  650   350
  651   350
  652   350
  653   350
  654   350
  655   350
  656   350
  657   350
  658   350
  659   350
  660   350
  661   350
  662   350
  663   350
  664   350
  665   350
  666   350
  667   420
  668   420
  669   420
  670   420
  671   420
  672   420
  673   420
  674   420
  675   420
  676   420
  677   420
  678   420
  679   420
  680   420
  681   420
  682   420
  683   420
  684   420
  685   420
  686   420
  687   410
  688   410
  689   410
  690   410
  691   410
  692   410
  693   410
  694   410
  695   410
  696   410
  697   410
  698   410
  699   410
  700   410
  701   410
  702   410
  703   410
  704   410
  705   410
  706   410
  707   410
  708   410
  709   410
  710   410
  711   410
  712   410
  713   410
  714   410
  715   410
  716   410
  717   410
  718   410
  719   410
  720   410
  721   410
  722   410
  723   410
  724   410
  725   410
  726   410
  727   410
  728   410
  729   410
  730   410
  731   410
  732   410
  733   410
  734   410
  735   410
  736   410
  737   410
  738   410
  739   410
  740   410
  741   410
  742   410
  743   410
  744   410
  745   410
  746   410
  747   410
  748   410
  749   410
  750   410
  751   410
  752   410
  753   410
  754   410
  755   410
  756   410
  757   410
  758   410
  759   410
  760   410
  761   410
  762   410
  763   410
  764   410
  765   410
  766   410
  767   410
  768   410
  769   410
  770   410
  771   410
  772   410
  773   410
  774   410
  775   410
  776   410
  777   410
  778   410
  779   410
  780   410
  781   410
  782   410
  783   410
  784   410
  785   410
  786   410
  787   410
  788   410
  789   410
  790   410
  791   410
  792   410
  793   410
  794   410
  795   410
  796   410
  797   410
  798   410
  799   410
  800   410
  801   410
  802   410
  803   410
  804   410
  805   410
  806   410
  807   410
  808   410
  809   410
  810   410
  811   410
  812   410
  813   410
  814   410
  815   410
  816   410
  817   410
  818   410
  819   410
  820   410
  821   410
  822   410
  823   410
  824   410
  825   410
  826   410
  827   410
  828   410
  829   410
  830   410
  831   410
  832   410
  833   410
  834   410
  835   410
  836   410
  837   410
  838   410
  839   410
  840   410
  841   410
  842   410
  843   410
  844   410
  845   410
  846   410
  847   410
  848   410
  849   410
  850   410
  851   410
  852   410
  853   410
  854   410
  855   410
  856   410
  857   410
  858   410
  859   410
  860   410
  861   410
  862   410
  863   410
  864   410
  865   410
  866   410
  867   410
  868   410
  869   410
  870   410
  871   410
  872   410
  873   410
  874   410
  875   410
  876   410
  877   410
  878   410
  879   410
  880   410
  881   410
  882   410
  883   410
  884   410
  885   410
  886   410
  887   410
  888   410
  889   410
  890   410
  891   410
  892   410
  893   410
  894   410
  895   410
  896   410
  897   410
  898   410
  899   410
  900   410
  901   410
  902   410
  903   410
  904   410
  905   410
  906   410
  907   410
  908   410
  909   410
  910   410
  911   410
  912   410
  913   410
  914   410
  915   410
  916   410
  917   410
  918   410
  919   410
  920   410
  921   410
  922   410
  923   410
  924   410
  925   410
  926   410
  927   410
  928   410
  929   410
  930   410
  931   410
  932   410
  933   410
  934   410
  935   410
  936   410
  937   410
  938   410
  939   410
  940   410
  941   410
  942   410
  943   410
  944   410
  945   410
  946   410
  947   410
  948   410
  949   410
  950   410
  951   410
  952   410
  953   410
  954   410
  955   410
  956   410
  957   410
  958   410
  959   410
  960   410
  961   410
  962   410
  963   410
  964   410
  965   410
  966   410
  967   410
  968   410
  969   410
  970   410
  971   410
  972   410
  973   410
  974   410
  975   410
  976   410
  977   410
  978   410
  979   410
  980   410
  981   410
  982   410
  983   410
  984   410
  985   410
  986   410
  987   410
  988   410
  989   410
  990   410
  991   410
  992   410
  993   410
  994   410
  995   410
  996   410
  997   410
  998   410
  999   410
 1000   410
 1001   410
 1002   410
 1003   410
 1004   410
 1005   410
 1006   410
 1007   410
 1008   410
 1009   410
 1010   410
 1011   410
 1012   410
 1013   410
 1014   410
 1015   410
 1016   410
 1017   410
 1018   410
 1019   410
 1020   410
 1021   410
 1022   410
 1023   410
 1024   410
 1025   410
 1026   410
 1027   410
 1028   410
 1029   410
 1030   410
 1031   410
 1032   410
 1033   410
 1034   410
 1035   410
 1036   410
 1037   410
 1038   410
 1039   410
 1040   410
 1041   410
 1042   410
 1043   410
 1044   410
 1045   410
 1046   410
 1047   410
 1048   410
 1049   410
 1050   410
 1051   410
 1052   410
 1053   410
 1054   410
 1055   410
 1056   410
 1057   410
 1058   410
 1059   410
 1060   410
 1061   410
 1062   410
 1063   410
 1064   410
 1065   410
 1066   410
 1067   410
 1068   410
 1069   410
 1070   410
 1071   410
 1072   410
 1073   410
 1074   410
 1075   410
 1076   410
 1077   410
 1078   410
 1079   410
 1080   410
 1081   410
 1082   410
 1083   410
 1084   410
 1085   410
 1086   410
 1087   410
 1088   410
 1089   410
 1090   410
 1091   410
 1092   410
 1093   410
 1094   410
 1095   410
 1096   410
 1097   410
 1098   410
 1099   410
 1100   410
 1101   410
 1102   410
 1103   410
 1104   410
 1105   410
 1106   410
 1107   410
 1108   410
 1109   410
 1110   410
 1111   410
 1112   410
 1113   410
 1114   410
 1115   410
 1116   410
 1117   410
 1118   410
 1119   410
 1120   410
 1121   410
 1122   410
 1123   410
 1124   410
 1125   410
 1126   410
 1127   410
 1128   410
 1129   410
 1130   410
 1131   410
 1132   410
 1133   410
 1134   410
 1135   410
 1136   410
 1137   410
 1138   410
 1139   410
 1140   410
 1141   410
 1142   410
 1143   410
 1144   410
 1145   410
 1146   410
 1147   410
 1148   410
 1149   410
 1150   410
 1151   410
 1152   410
 1153   410
 1154   410
 1155   410
 1156   410
 1157   410
 1158   410
 1159   410
 1160   410
 1161   410
 1162   410
 1163   410
 1164   410
 1165   410
 1166   410
 1167   410
 1168   410
 1169   410
 1170   410
 1171   410
 1172   410
 1173   410
 1174   410
 1175   410
 1176   410
 1177   410
 1178   410
 1179   410
 1180   410
 1181   410
 1182   410
 1183   410
 1184   410
 1185   410
 1186   410
 1187   410
 1188   410
 1189   410
 1190   410
 1191   410
 1192   410
 1193   410
 1194   410
 1195   410
 1196   410
 1197   410
 1198   410
 1199   410
 1200   410
 1201   410
 1202   410
 1203   410
 1204   410
 1205   410
 1206   410
 1207   410
 1208   410
 1209   410
 1210   410
 1211   410
 1212   410
 1213   410
 1214   410
 1215   410
 1216   410
 1217   410
 1218   410
 1219   410
 1220   410
 1221   410
 1222   410
 1223   410
 1224   410
 1225   410
 1226   410
 1227   410
 1228   410
 1229   410
 1230   410
 1231   410
 1232   410
 1233   410
 1234   410
 1235   410
 1236   410
 1237   410
 1238   410
 1239   410
 1240   410
 1241   410
 1242   410
 1243   410
 1244   410
 1245   410
 1246   410
 1247   410
 1248   410
 1249   410
 1250   410
 1251   410
 1252   410
 1253   410
 1254   410
 1255   410
 1256   410
 1257   410
