    1     0
    2     0
    3     0
    4     0
    5     0
    6     0
    7     0
    8     0
    9     0
   10     0
   11     0
   12     0
   13     0
   14     0
   15     0
   16     0
   17     0
   18     0
   19     0
   20     0
   21     0
   22     0
   23     0
   24     0
   25     0
   26     0
   27     0
   28     0
   29     0
   30     0
   31     0
   32     0
   33     0
   34     0
   35     0
   36     0
   37     0
   38     0
   39     0
   40     0
   41     0
   42     0
   43     0
   44     0
   45     0
   46     0
   47     0
   48     0
   49     0
   50     0
   51     0
   52     0
   53     0
   54     0
   55     0
   56     0
   57     0
   58     0
   59     0
   60     0
   61     0
   62     0
   63     0
   64     0
   65     0
   66     0
   67     0
   68     0
   69     0
   70     0
   71     0
   72     0
   73     0
   74     0
   75     0
   76     0
   77     0
   78     0
   79     0
   80     0
   81     0
   82     0
   83     0
   84     0
   85     0
   86     0
   87     0
   88     0
   89     0
   90     0
   91     0
   92     0
   93     0
   94     0
   95     0
   96     0
   97     0
   98     0
   99     0
  100     0
  101     0
  102     0
  103     0
  104     0
  105     0
  106     0
  107     0
  108     0
  109     0
  110     0
  111     0
  112     0
  113     0
  114     0
  115     0
  116     0
  117     0
  118     0
  119     0
  120     0
  121     0
  122     0
  123     0
  124     0
  125     0
  126     0
  127     0
  128     0
  129     0
  130 7.673775e-03
  131 1.533654e-02
  132 2.297729e-02
  133 3.059609e-02
  134 3.819299e-02
  135 4.576806e-02
  136 5.332135e-02
  137 6.085294e-02
  138 6.836288e-02
  139 7.585124e-02
  140 8.331808e-02
  141 9.076346e-02
  142 9.818744e-02
  143 1.055901e-01
  144 1.129714e-01
  145 1.203316e-01
  146 1.276706e-01
  147 1.349885e-01
  148 1.422854e-01
  149 1.495613e-01
  150 1.568163e-01
  151 1.640504e-01
  152 1.712638e-01
  153 1.784564e-01
  154 1.856283e-01
  155 1.927797e-01
  156 1.999105e-01
  157 2.070208e-01
  158 2.141106e-01
  159 2.211801e-01
  160 2.282292e-01
  161 2.352581e-01
  162 2.422668e-01
  163 2.492554e-01
  164 2.562239e-01
  165 2.631723e-01
  166 2.701008e-01
  167 2.770094e-01
  168 2.838981e-01
  169 2.907670e-01
  170 2.976161e-01
  171 3.044456e-01
  172 3.112555e-01
  173 3.180458e-01
  174 3.248165e-01
  175 3.315678e-01
  176 3.382997e-01
  177 3.450123e-01
  178 3.517056e-01
  179 3.583796e-01
  180 3.650344e-01
  181 3.716702e-01
  182 3.782868e-01
  183 3.848845e-01
  184 3.914631e-01
  185 3.980229e-01
  186 4.045638e-01
  187 4.110859e-01
  188 4.175893e-01
  189 4.240740e-01
  190 4.305400e-01
  191 4.369875e-01
  192 4.434164e-01
  193 4.498269e-01
  194 4.562189e-01
  195 4.625925e-01
  196 4.689479e-01
  197 4.752850e-01
  198 4.816038e-01
  199 4.879045e-01
  200 4.941871e-01
  201 5.004516e-01
  202 5.066982e-01
  203 5.129268e-01
  204 5.191374e-01
  205 5.253303e-01
  206 5.315053e-01
  207 5.376626e-01
  208 5.438022e-01
  209 5.499241e-01
  210 5.560285e-01
  211 5.621153e-01
  212 5.681846e-01
  213 5.742364e-01
  214 5.802709e-01
  215 5.862880e-01
  216 5.922879e-01
  217 5.982705e-01
  218 6.042359e-01
  219 6.101841e-01
  220 6.161153e-01
  221 6.220294e-01
  222 6.279265e-01
  223 6.338067e-01
  224 6.396700e-01
  225 6.455164e-01
  226 6.513460e-01
  227 6.571589e-01
  228 6.629550e-01
  229 6.687345e-01
  230 6.744974e-01
  231 6.802437e-01
  232 6.859735e-01
  233 6.916869e-01
  234 6.973838e-01
  235 7.030643e-01
  236 7.087286e-01
  237 7.143765e-01
  238 7.200082e-01
  239 7.256237e-01
  240 7.312231e-01
  241 7.368064e-01
  242 7.423737e-01
  243 7.479249e-01
  244 7.534602e-01
  245 7.589796e-01
  246 7.644831e-01
  247 7.699708e-01
  248 7.754428e-01
  249 7.808990e-01
  250 7.863395e-01
  251 7.917644e-01
  252 7.971737e-01
  253 8.025674e-01
  254 8.079457e-01
  255 8.133085e-01
  256 8.186558e-01
  257 8.239879e-01
  258 8.293045e-01
  259 8.346059e-01
  260 8.398921e-01
  261 8.451631e-01
  262 8.504189e-01
  263 8.556596e-01
  264 8.608853e-01
  265 8.660960e-01
  266 8.712916e-01
  267 8.764724e-01
  268 8.816382e-01
  269 8.867892e-01
  270 8.919254e-01
  271 8.970468e-01
  272 9.021535e-01
  273 9.072456e-01
  274 9.123230e-01
  275 9.173858e-01
  276 9.224341e-01
  277 9.274678e-01
  278 9.324871e-01
  279 9.374920e-01
  280 9.424824e-01
  281 9.474586e-01
  282 9.524204e-01
  283 9.573680e-01
  284 9.623013e-01
  285 9.672205e-01
  286 9.721255e-01
  287 9.770165e-01
  288 9.818934e-01
  289 9.867562e-01
  290 9.916051e-01
  291 9.964401e-01
  292 1.001261e+00
  293 1.006068e+00
  294 1.010862e+00
  295 1.015641e+00
  296 1.020407e+00
  297 1.025159e+00
  298 1.029898e+00
  299 1.034623e+00
  300 1.039334e+00
  301 1.044032e+00
  302 1.048716e+00
  303 1.053387e+00
  304 1.058044e+00
  305 1.062688e+00
  306 1.067319e+00
  307 1.071936e+00
  308 1.076540e+00
  309 1.081131e+00
  310 1.085709e+00
  311 1.090273e+00
  312 1.094825e+00
  313 1.099363e+00
  314 1.103888e+00
  315 1.108401e+00
  316 1.112900e+00
  317 1.117386e+00
  318 1.121860e+00
  319 1.126320e+00
  320 1.130768e+00
  321 1.135203e+00
  322 1.139625e+00
  323 1.144035e+00
  324 1.148432e+00
  325 1.152816e+00
  326 1.157188e+00
  327 1.161547e+00
  328 1.165893e+00
  329 1.170227e+00
  330 1.174549e+00
  331 1.178858e+00
  332 1.183155e+00
  333 1.187439e+00
  334 1.191711e+00
  335 1.195971e+00
  336 1.200219e+00
  337 1.204454e+00
  338 1.208678e+00
  339 1.212889e+00
  340 1.217088e+00
  341 1.221275e+00
  342 1.225449e+00
  343 1.229612e+00
  344 1.233763e+00
  345 1.237902e+00
  346 1.242029e+00
  347 1.246145e+00
  348 1.250248e+00
  349 1.254340e+00
  350 1.258419e+00
  351 1.262488e+00
  352 1.266544e+00
  353 1.270589e+00
  354 1.274622e+00
  355 1.278643e+00
  356 1.282653e+00
  357 1.286652e+00
  358 1.290639e+00
  359 1.294614e+00
  360 1.298579e+00
  361 1.302531e+00
  362 1.306473e+00
  363 1.310403e+00
  364 1.314321e+00
  365 1.318229e+00
  366 1.322125e+00
  367 1.326010e+00
  368 1.329884e+00
  369 1.333747e+00
  370 1.337598e+00
  371 1.341439e+00
  372 1.345268e+00
  373 1.349087e+00
  374 1.352895e+00
  375 1.356691e+00
  376 1.360477e+00
  377 1.364252e+00
  378 1.368016e+00
  379 1.371769e+00
  380 1.375511e+00
  381 1.379243e+00
  382 1.382964e+00
  383 1.386674e+00
  384 1.390373e+00
  385 1.394062e+00
  386 1.397740e+00
  387 1.401408e+00
  388 1.405065e+00
  389 1.408712e+00
  390 1.412348e+00
  391 1.415974e+00
  392 1.419589e+00
  393 1.423194e+00
  394 1.426789e+00
  395 1.430373e+00
  396 1.433947e+00
  397 1.437511e+00
  398 1.441064e+00
  399 1.444607e+00
  400 1.448140e+00
  401 1.451663e+00
  402 1.455176e+00
  403 1.458678e+00
  404 1.462171e+00
  405 1.465654e+00
  406 1.469126e+00
  407 1.472589e+00
  408 1.476041e+00
  409 1.479484e+00
  410 1.482917e+00
  411 1.486340e+00
  412 1.489753e+00
  413 1.493156e+00
  414 1.496550e+00
  415 1.499933e+00
  416 1.503307e+00
  417 1.506672e+00
  418 1.510026e+00
  419 1.513371e+00
  420 1.516707e+00
  421 1.520032e+00
  422 1.523349e+00
  423 1.526655e+00
  424 1.529953e+00
  425 1.533240e+00
  426 1.536519e+00
  427 1.539788e+00
  428 1.543047e+00
  429 1.546297e+00
  430 1.549538e+00
  431 1.552769e+00
  432 1.555992e+00
  433 1.559204e+00
  434 1.562408e+00
  435 1.565603e+00
  436 1.568788e+00
  437 1.571964e+00
  438 1.575131e+00
  439 1.578289e+00
  440 1.581438e+00
  441 1.584577e+00
  442 1.587708e+00
  443 1.590830e+00
  444 1.593943e+00
  445 1.597047e+00
  446 1.600141e+00
  447 1.603227e+00
  448 1.606305e+00
  449 1.609373e+00
  450 1.612432e+00
  451 1.615483e+00
  452 1.618525e+00
  453 1.621558e+00
  454 1.624583e+00
  455 1.627598e+00
  456 1.630606e+00
  457 1.633604e+00
  458 1.636594e+00
  459 1.639575e+00
  460 1.642548e+00
  461 1.645512e+00
  462 1.648468e+00
  463 1.651415e+00
  464 1.654353e+00
  465 1.657284e+00
  466 1.660205e+00
  467 1.663119e+00
  468 1.666024e+00
  469 1.668920e+00
  470 1.671809e+00
  471 1.674689e+00
  472 1.677561e+00
  473 1.680424e+00
  474 1.683279e+00
  475 1.686126e+00
  476 1.688965e+00
  477 1.691796e+00
  478 1.694619e+00
  479 1.697433e+00
  480 1.700240e+00
  481 1.703038e+00
  482 1.705828e+00
  483 1.708610e+00
  484 1.711385e+00
  485 1.714151e+00
  486 1.716909e+00
  487 1.719660e+00
  488 1.722402e+00
  489 1.725137e+00
  490 1.727864e+00
  491 1.730583e+00
  492 1.733294e+00
  493 1.735997e+00
  494 1.738693e+00
  495 1.741381e+00
  496 1.744061e+00
  497 1.746733e+00
  498 1.749398e+00
  499 1.752055e+00
  500 1.754704e+00
  501 1.757346e+00
  502 1.759980e+00
  503 1.762607e+00
  504 1.765226e+00
  505 1.767838e+00
  506 1.770442e+00
  507 1.773038e+00
  508 1.775627e+00
  509 1.778209e+00
  510 1.780783e+00
  511 1.783350e+00
  512 1.785910e+00
  513 1.788462e+00
  514 1.791006e+00
  515 1.793544e+00
  516 1.796074e+00
  517 1.798597e+00
  518 1.801113e+00
  519 1.803621e+00
  520 1.806122e+00
  521 1.808616e+00
  522 1.811103e+00
  523 1.813583e+00
  524 1.816055e+00
  525 1.818521e+00
  526 1.820979e+00
  527 1.823431e+00
  528 1.825875e+00
  529 1.828312e+00
  530 1.830742e+00
  531 1.833166e+00
  532 1.835582e+00
  533 1.837991e+00
  534 1.840394e+00
  535 1.842789e+00
  536 1.845178e+00
  537 1.847560e+00
  538 1.849935e+00
  539 1.852303e+00
  540 1.854664e+00
  541 1.857019e+00
  542 1.859366e+00
  543 1.861707e+00
  544 1.864042e+00
  545 1.866369e+00
  546 1.868690e+00
  547 1.871004e+00
  548 1.873312e+00
  549 1.875613e+00
  550 1.877907e+00
  551 1.880195e+00
  552 1.882476e+00
  553 1.884751e+00
  554 1.887019e+00
  555 1.889280e+00
  556 1.891535e+00
  557 1.893784e+00
  558 1.896026e+00
  559 1.898261e+00
  560 1.900491e+00
  561 1.902713e+00
  562 1.904930e+00
  563 1.907140e+00
  564 1.909344e+00
  565 1.911541e+00
  566 1.913732e+00
  567 1.915917e+00
  568 1.918095e+00
  569 1.920267e+00
  570 1.922433e+00
  571 1.924593e+00
  572 1.926747e+00
  573 1.928894e+00
  574 1.931035e+00
  575 1.933170e+00
  576 1.935299e+00
  577 1.937422e+00
  578 1.939539e+00
  579 1.941649e+00
  580 1.943754e+00
  581 1.945852e+00
  582 1.947945e+00
  583 1.950031e+00
  584 1.952111e+00
  585 1.954186e+00
  586 1.956254e+00
  587 1.958317e+00
  588 1.960374e+00
  589 1.962424e+00
  590 1.964469e+00
  591 1.966508e+00
  592 1.968541e+00
  593 1.970568e+00
  594 1.972590e+00
  595 1.974605e+00
  596 1.976615e+00
  597 1.978619e+00
  598 1.980617e+00
  599 1.982610e+00
  600 1.984597e+00
  601 1.986578e+00
  602 1.988553e+00
  603 1.990523e+00
  604 1.992487e+00
  605 1.994445e+00
  606 1.996398e+00
  607 1.998345e+00
  608 2.000287e+00
  609 2.002223e+00
  610 2.004153e+00
  611 2.006078e+00
  612 2.007998e+00
  613 2.009911e+00
  614 2.011820e+00
  615 2.013723e+00
  616 2.015620e+00
  617 2.017512e+00
  618 2.019398e+00
  619 2.021280e+00
  620 2.023155e+00
  621 2.025025e+00
  622 2.026890e+00
  623 2.028750e+00
  624 2.030604e+00
  625 2.032453e+00
  626 2.034297e+00
  627 2.036135e+00
  628 2.037968e+00
  629 2.039795e+00
  630 2.041618e+00
  631 2.043435e+00
  632 2.045247e+00
  633 2.047054e+00
  634 2.048855e+00
  635 2.050652e+00
  636 2.052443e+00
  637 2.054229e+00
  638 2.056010e+00
  639 2.057786e+00
  640 2.059557e+00
  641 2.061322e+00
  642 2.063083e+00
  643 2.064839e+00
  644 2.066589e+00
  645 2.068334e+00
  646 2.070075e+00
  647 2.071810e+00
  648 2.073541e+00
  649 2.075266e+00
  650 2.076987e+00
  651 2.078702e+00
  652 2.080413e+00
  653 2.082119e+00
  654 2.083819e+00
  655 2.085515e+00
  656 2.087206e+00
  657 2.088893e+00
  658 2.090574e+00
  659 2.092250e+00
  660 2.093922e+00
  661 2.095589e+00
  662 2.097251e+00
  663 2.098908e+00
  664 2.100561e+00
  665 2.102209e+00
  666 2.103852e+00
  667 2.105490e+00
  668 2.107124e+00
  669 2.108753e+00
  670 2.110377e+00
  671 2.111997e+00
  672 2.113612e+00
  673 2.115222e+00
  674 2.116828e+00
  675 2.118429e+00
  676 2.120025e+00
  677 2.121617e+00
  678 2.123204e+00
  679 2.124787e+00
  680 2.126365e+00
  681 2.127939e+00
  682 2.129508e+00
  683 2.131073e+00
  684 2.132633e+00
  685 2.134188e+00
  686 2.135739e+00
  687 2.137286e+00
  688 2.138828e+00
  689 2.140366e+00
  690 2.141900e+00
  691 2.143429e+00
  692 2.144953e+00
  693 2.146473e+00
  694 2.147989e+00
  695 2.149501e+00
  696 2.151008e+00
  697 2.152511e+00
  698 2.154009e+00
  699 2.155503e+00
  700 2.156993e+00
  701 2.158479e+00
  702 2.159960e+00
  703 2.161437e+00
  704 2.162910e+00
  705 2.164379e+00
  706 2.165843e+00
  707 2.167304e+00
  708 2.168759e+00
  709 2.170211e+00
  710 2.171659e+00
  711 2.173102e+00
  712 2.174542e+00
  713 2.175977e+00
  714 2.177408e+00
  715 2.178835e+00
  716 2.180258e+00
  717 2.181677e+00
  718 2.183091e+00
  719 2.184502e+00
  720 2.185908e+00
  721 2.187311e+00
  722 2.188709e+00
  723 2.190104e+00
  724 2.191494e+00
  725 2.192881e+00
  726 2.194263e+00
  727 2.195642e+00
  728 2.197016e+00
  729 2.198387e+00
  730 2.199754e+00
  731 2.201116e+00
  732 2.202475e+00
  733 2.203830e+00
  734 2.205181e+00
  735 2.206528e+00
  736 2.207871e+00
  737 2.209211e+00
  738 2.210546e+00
  739 2.211878e+00
  740 2.213206e+00
  741 2.214530e+00
  742 2.215850e+00
  743 2.217167e+00
  744 2.218479e+00
  745 2.219788e+00
  746 2.221093e+00
  747 2.222395e+00
  748 2.223693e+00
  749 2.224986e+00
  750 2.226277e+00
  751 2.227563e+00
  752 2.228846e+00
  753 2.230125e+00
  754 2.231401e+00
  755 2.232672e+00
  756 2.233940e+00
  757 2.235205e+00
  758 2.236466e+00
  759 2.237723e+00
  760 2.238977e+00
  761 2.240227e+00
  762 2.241473e+00
  763 2.242716e+00
  764 2.243955e+00
  765 2.245191e+00
  766 2.246423e+00
  767 2.247651e+00
  768 2.248877e+00
  769 2.250098e+00
  770 2.251316e+00
  771 2.252531e+00
  772 2.253742e+00
  773 2.254949e+00
  774 2.256153e+00
  775 2.257354e+00
  776 2.258551e+00
  777 2.259745e+00
  778 2.260935e+00
  779 2.262122e+00
  780 2.263306e+00
  781 2.264486e+00
  782 2.265662e+00
  783 2.266836e+00
  784 2.268006e+00
  785 2.269172e+00
  786 2.270335e+00
  787 2.271495e+00
  788 2.272652e+00
  789 2.273805e+00
  790 2.274955e+00
  791 2.276102e+00
  792 2.277245e+00
  793 2.278385e+00
  794 2.279522e+00
  795 2.280655e+00
  796 2.281785e+00
  797 2.282912e+00
  798 2.284036e+00
  799 2.285156e+00
  800 2.286274e+00
  801 2.287388e+00
  802 2.288499e+00
  803 2.289606e+00
  804 2.290711e+00
  805 2.291812e+00
  806 2.292910e+00
  807 2.294005e+00
  808 2.295097e+00
  809 2.296186e+00
  810 2.297271e+00
  811 2.298354e+00
  812 2.299433e+00
  813 2.300509e+00
  814 2.301583e+00
  815 2.302653e+00
  816 2.303720e+00
  817 2.304784e+00
  818 2.305844e+00
  819 2.306902e+00
  820 2.307957e+00
  821 2.309009e+00
  822 2.310058e+00
  823 2.311103e+00
  824 2.312146e+00
  825 2.313186e+00
  826 2.314222e+00
  827 2.315256e+00
  828 2.316287e+00
  829 2.317315e+00
  830 2.318340e+00
  831 2.319362e+00
  832 2.320380e+00
  833 2.321397e+00
  834 2.322410e+00
  835 2.323420e+00
  836 2.324427e+00
  837 2.325432e+00
  838 2.326433e+00
  839 2.327432e+00
  840 2.328428e+00
  841 2.329420e+00
  842 2.330411e+00
  843 2.331398e+00
  844 2.332382e+00
  845 2.333364e+00
  846 2.334342e+00
  847 2.335318e+00
  848 2.336291e+00
  849 2.337262e+00
  850 2.338229e+00
  851 2.339194e+00
  852 2.340156e+00
  853 2.341115e+00
  854 2.342072e+00
  855 2.343025e+00
  856 2.343976e+00
  857 2.344925e+00
  858 2.345870e+00
  859 2.346813e+00
  860 2.347753e+00
  861 2.348690e+00
  862 2.349625e+00
  863 2.350557e+00
  864 2.351486e+00
  865 2.352413e+00
  866 2.353337e+00
  867 2.354258e+00
  868 2.355177e+00
  869 2.356093e+00
  870 2.357006e+00
  871 2.357917e+00
  872 2.358825e+00
  873 2.359731e+00
  874 2.360634e+00
  875 2.361534e+00
  876 2.362432e+00
  877 2.363327e+00
  878 2.364220e+00
  879 2.365110e+00
  880 2.365997e+00
  881 2.366882e+00
  882 2.367765e+00
  883 2.368645e+00
  884 2.369522e+00
  885 2.370397e+00
  886 2.371269e+00
  887 2.372139e+00
  888 2.373006e+00
  889 2.373871e+00
  890 2.374733e+00
  891 2.375593e+00
  892 2.376450e+00
  893 2.377305e+00
  894 2.378158e+00
  895 2.379008e+00
  896 2.379855e+00
  897 2.380700e+00
  898 2.381543e+00
  899 2.382383e+00
  900 2.383221e+00
  901 2.384057e+00
  902 2.384890e+00
  903 2.385720e+00
  904 2.386549e+00
  905 2.387374e+00
  906 2.388198e+00
  907 2.389019e+00
  908 2.389838e+00
  909 2.390654e+00
  910 2.391468e+00
  911 2.392280e+00
  912 2.393089e+00
  913 2.393897e+00
  914 2.394701e+00
  915 2.395504e+00
  916 2.396304e+00
  917 2.397102e+00
  918 2.397897e+00
  919 2.398691e+00
  920 2.399482e+00
  921 2.400270e+00
  922 2.401057e+00
  923 2.401841e+00
  924 2.402623e+00
  925 2.403402e+00
  926 2.404180e+00
  927 2.404955e+00
  928 2.405728e+00
  929 2.406499e+00
  930 2.407267e+00
  931 2.408034e+00
  932 2.408798e+00
  933 2.409560e+00
  934 2.410319e+00
  935 2.411077e+00
  936 2.411832e+00
  937 2.412586e+00
  938 2.413337e+00
  939 2.414086e+00
  940 2.414832e+00
  941 2.415577e+00
  942 2.416319e+00
  943 2.417060e+00
  944 2.417798e+00
  945 2.418534e+00
  946 2.419268e+00
  947 2.420000e+00
  948 2.420729e+00
  949 2.421457e+00
  950 2.422183e+00
  951 2.422906e+00
  952 2.423628e+00
  953 2.424347e+00
  954 2.425064e+00
  955 2.425779e+00
  956 2.426492e+00
  957 2.427203e+00
  958 2.427912e+00
  959 2.428619e+00
  960 2.429324e+00
  961 2.430027e+00
  962 2.430728e+00
  963 2.431427e+00
  964 2.432124e+00
  965 2.432819e+00
  966 2.433512e+00
  967 2.434203e+00
  968 2.434892e+00
  969 2.435579e+00
  970 2.436264e+00
  971 2.436947e+00
  972 2.437628e+00
  973 2.438307e+00
  974 2.438984e+00
  975 2.439659e+00
  976 2.440332e+00
  977 2.441004e+00
  978 2.441673e+00
  979 2.442340e+00
  980 2.443006e+00
  981 2.443670e+00
  982 2.444331e+00
  983 2.444991e+00
  984 2.445649e+00
  985 2.446305e+00
  986 2.446959e+00
  987 2.447611e+00
  988 2.448262e+00
  989 2.448910e+00
  990 2.449557e+00
  991 2.450202e+00
  992 2.450845e+00
  993 2.451486e+00
  994 2.452125e+00
  995 2.452762e+00
  996 2.453398e+00
  997 2.454032e+00
  998 2.454664e+00
  999 2.455294e+00
 1000 2.455922e+00
 1001 2.456549e+00
 1002 2.457173e+00
 1003 2.457796e+00
 1004 2.458417e+00
 1005 2.459037e+00
 1006 2.459654e+00
 1007 2.460270e+00
 1008 2.460884e+00
 1009 2.461496e+00
 1010 2.462107e+00
 1011 2.462715e+00
 1012 2.463322e+00
 1013 2.463928e+00
 1014 2.464531e+00
 1015 2.465133e+00
 1016 2.465733e+00
 1017 2.466331e+00
 1018 2.466928e+00
 1019 2.467523e+00
 1020 2.468116e+00
 1021 2.468707e+00
 1022 2.469297e+00
 1023 2.469885e+00
 1024 2.470471e+00
 1025 2.471056e+00
 1026 2.471639e+00
 1027 2.472220e+00
 1028 2.472800e+00
 1029 2.473378e+00
 1030 2.473954e+00
 1031 2.474529e+00
 1032 2.475102e+00
 1033 2.475673e+00
 1034 2.476243e+00
 1035 2.476811e+00
 1036 2.477378e+00
 1037 2.477943e+00
 1038 2.478506e+00
 1039 2.479067e+00
 1040 2.479627e+00
 1041 2.480186e+00
 1042 2.480742e+00
 1043 2.481298e+00
 1044 2.481851e+00
 1045 2.482403e+00
 1046 2.482954e+00
 1047 2.483502e+00
 1048 2.484050e+00
 1049 2.484595e+00
 1050 2.485139e+00
 1051 2.485682e+00
 1052 2.486223e+00
 1053 2.486762e+00
 1054 2.487300e+00
 1055 2.487836e+00
 1056 2.488371e+00
 1057 2.488904e+00
 1058 2.489436e+00
 1059 2.489966e+00
 1060 2.490495e+00
 1061 2.491022e+00
 1062 2.491548e+00
 1063 2.492072e+00
 1064 2.492594e+00
 1065 2.493116e+00
 1066 2.493635e+00
 1067 2.494153e+00
 1068 2.494670e+00
 1069 2.495185e+00
 1070 2.495699e+00
 1071 2.496211e+00
 1072 2.496722e+00
 1073 2.497231e+00
 1074 2.497739e+00
 1075 2.498245e+00
 1076 2.498750e+00
 1077 2.499253e+00
 1078 2.499755e+00
 1079 2.500256e+00
 1080 2.500755e+00
 1081 2.501252e+00
 1082 2.501749e+00
 1083 2.502243e+00
 1084 2.502737e+00
 1085 2.503229e+00
 1086 2.503719e+00
 1087 2.504208e+00
 1088 2.504696e+00
 1089 2.505182e+00
 1090 2.505667e+00
 1091 2.506151e+00
 1092 2.506633e+00
 1093 2.507114e+00
 1094 2.507593e+00
 1095 2.508071e+00
 1096 2.508548e+00
 1097 2.509023e+00
 1098 2.509497e+00
 1099 2.509969e+00
 1100 2.510441e+00
 1101 2.510910e+00
 1102 2.511379e+00
 1103 2.511846e+00
 1104 2.512312e+00
 1105 2.512776e+00
 1106 2.513239e+00
 1107 2.513701e+00
 1108 2.514161e+00
 1109 2.514621e+00
 1110 2.515078e+00
 1111 2.515535e+00
 1112 2.515990e+00
 1113 2.516444e+00
 1114 2.516896e+00
 1115 2.517348e+00
 1116 2.517798e+00
 1117 2.518246e+00
 1118 2.518694e+00
 1119 2.519140e+00
 1120 2.519585e+00
 1121 2.520028e+00
 1122 2.520470e+00
 1123 2.520911e+00
 1124 2.521351e+00
 1125 2.521790e+00
 1126 2.522227e+00
 1127 2.522663e+00
 1128 2.523097e+00
 1129 2.523531e+00
 1130 2.523963e+00
 1131 2.524394e+00
 1132 2.524824e+00
 1133 2.525252e+00
 1134 2.525679e+00
 1135 2.526105e+00
 1136 2.526530e+00
 1137 2.526954e+00
 1138 2.527376e+00
 1139 2.527797e+00
 1140 2.528217e+00
 1141 2.528636e+00
 1142 2.529053e+00
 1143 2.529470e+00
 1144 2.529885e+00
 1145 2.530299e+00
 1146 2.530711e+00
 1147 2.531123e+00
 1148 2.531533e+00
 1149 2.531943e+00
 1150 2.532351e+00
 1151 2.532757e+00
 1152 2.533163e+00
 1153 2.533568e+00
 1154 2.533971e+00
 1155 2.534373e+00
 1156 2.534774e+00
 1157 2.535174e+00
 1158 2.535573e+00
 1159 2.535970e+00
 1160 2.536367e+00
 1161 2.536762e+00
 1162 2.537156e+00
 1163 2.537549e+00
 1164 2.537941e+00
 1165 2.538332e+00
 1166 2.538722e+00
 1167 2.539110e+00
 1168 2.539498e+00
 1169 2.539884e+00
 1170 2.540269e+00
 1171 2.540653e+00
 1172 2.541036e+00
 1173 2.541418e+00
 1174 2.541799e+00
 1175 2.542178e+00
 1176 2.542557e+00
 1177 2.542935e+00
 1178 2.543311e+00
 1179 2.543686e+00
 1180 2.544061e+00
 1181 2.544434e+00
 1182 2.544806e+00
