    1     0
    2     0
    3     0
    4     0
    5     0
    6     0
    7    -1
    8 -9.668283e-01
    9    -1
   10    -1
   11    -1
   12 -9.872951e-01
   13 -8.309768e-01
   14 -5.693898e-01
   15 -2.349294e-01
   16 1.446435e-01
   17 5.476353e-01
   18 9.299066e-01
   19     1
   20     1
   21 6.971467e-01
   22 2.045363e-01
   23 -2.888316e-01
   24 -7.087568e-01
   25    -1
   26    -1
   27    -1
   28    -1
   29    -1
   30 -9.125967e-01
   31 -6.967690e-01
   32 -3.917071e-01
   33 -2.966944e-02
   34 3.663721e-01
   35 7.643640e-01
   36     1
   37     1
   38 8.586691e-01
   39 4.228962e-01
   40 -8.209972e-02
   41 -5.365738e-01
   42 -9.047774e-01
   43    -1
   44    -1
   45    -1
   46    -1
   47 -9.722517e-01
   48 -8.111815e-01
   49 -5.426311e-01
   50 -2.036239e-01
   51 1.789614e-01
   52 5.812443e-01
   53 9.574644e-01
   54     1
   55     1
   56 6.725759e-01
   57 1.768364e-01
   58 -3.097552e-01
   59 -7.205261e-01
   60    -1
   61    -1
   62    -1
   63    -1
   64    -1
   65 -9.067444e-01
   66 -6.864472e-01
   67 -3.784086e-01
   68 -1.450115e-02
   69 3.826169e-01
   70 7.799987e-01
   71     1
   72     1
   73 8.438136e-01
   74 4.012806e-01
   75 -1.033885e-01
   76 -5.549373e-01
   77 -9.195900e-01
   78    -1
   79    -1
   80    -1
   81    -1
   82 -9.661917e-01
   83 -7.989990e-01
   84 -5.262935e-01
   85 -1.846458e-01
   86 1.995083e-01
   87 6.015300e-01
   88 9.741788e-01
   89     1
   90     1
   91 6.578664e-01
   92 1.597798e-01
   93 -3.235090e-01
   94 -7.295207e-01
   95    -1
   96    -1
   97    -1
   98    -1
   99    -1
  100 -9.028878e-01
  101 -6.796788e-01
  102 -3.697169e-01
  103 -4.611058e-03
  104 3.931867e-01
  105 7.901349e-01
  106     1
  107     1
  108 8.341460e-01
  109 3.873734e-01
  110 -1.170410e-01
  111 -5.667059e-01
  112 -9.290820e-01
  113    -1
  114    -1
  115    -1
  116    -1
  117 -9.622315e-01
  118 -7.910664e-01
  119 -5.156782e-01
  120 -1.723267e-01
  121 2.128379e-01
  122 6.146734e-01
  123 9.849625e-01
  124     1
  125 9.981285e-01
  126 6.468372e-01
  127 1.474293e-01
  128 -3.336865e-01
  129 -7.366439e-01
  130    -1
  131    -1
  132    -1
  133    -1
  134    -1
  135 -9.000320e-01
  136 -6.746847e-01
  137 -3.633199e-01
  138 2.653607e-03
  139 4.009369e-01
  140 7.975452e-01
  141     1
  142     1
  143 8.270537e-01
  144 3.772441e-01
  145 -1.269677e-01
  146 -5.752641e-01
  147 -9.359895e-01
  148    -1
  149    -1
  150    -1
  151    -1
  152 -9.593148e-01
  153 -7.852378e-01
  154 -5.078896e-01
  155 -1.632937e-01
  156 2.226081e-01
  157 6.242990e-01
  158 9.928367e-01
  159     1
  160 9.895672e-01
  161 6.317561e-01
  162 1.314758e-01
  163 -3.480337e-01
  164 -7.487693e-01
  165    -1
  166    -1
  167    -1
  168    -1
  169    -1
  170 -8.960742e-01
  171 -6.678140e-01
  172 -3.545692e-01
  173 1.254430e-02
  174 4.114427e-01
  175 8.075230e-01
  176     1
  177     1
  178 8.173621e-01
  179 3.634789e-01
  180 -1.404695e-01
  181 -5.869471e-01
  182 -9.454724e-01
  183    -1
  184    -1
  185    -1
  186    -1
  187 -9.552908e-01
  188 -7.772112e-01
  189 -4.971775e-01
  190 -1.508774e-01
  191 2.360328e-01
  192 6.375143e-01
  193     1
  194     1
  195 9.777103e-01
  196 6.112042e-01
  197 1.098515e-01
  198 -3.674129e-01
  199 -7.650761e-01
  200    -1
  201    -1
  202    -1
  203    -1
  204    -1
  205    -1
  206 -9.044849e-01
  207 -7.287088e-01
  208 -5.005992e-01
  209 -2.414863e-01
  210 3.298838e-02
  211 2.936269e-01
  212 4.912688e-01
  213 5.588170e-01
  214 4.031633e-01
  215 -4.907210e-02
  216 -6.945868e-01
  217    -1
  218    -1
  219    -1
  220    -1
  221    -1
  222    -1
  223 -9.889436e-01
  224 -8.752332e-01
  225 -6.903352e-01
  226 -4.598732e-01
  227 -2.030638e-01
  228 6.403942e-02
  229 3.089060e-01
  230 4.797353e-01
  231 5.072356e-01
  232 2.978961e-01
  233 -2.007413e-01
  234 -8.644810e-01
  235    -1
  236    -1
  237    -1
  238    -1
  239    -1
  240    -1
  241 -9.619866e-01
  242 -8.293049e-01
  243 -6.323771e-01
  244 -3.951071e-01
  245 -1.353013e-01
  246 1.271497e-01
  247 3.550257e-01
  248 4.931725e-01
  249 4.670290e-01
  250 1.818077e-01
  251 -3.749093e-01
  252    -1
  253    -1
  254    -1
  255    -1
  256    -1
  257    -1
  258    -1
  259 -9.291080e-01
  260 -7.736066e-01
  261 -5.620390e-01
  262 -3.162633e-01
  263 -5.245341e-02
  264 2.044771e-01
  265 4.111864e-01
  266 5.074403e-01
  267 4.108021e-01
  268 3.292622e-02
  269 -5.806708e-01
  270    -1
  271    -1
  272    -1
  273    -1
  274    -1
  275    -1
  276    -1
  277 -9.045192e-01
  278 -7.322486e-01
  279 -5.100518e-01
  280 -2.582275e-01
  281 8.277559e-03
  282 2.605735e-01
  283 4.504164e-01
  284 5.129680e-01
  285 3.595753e-01
  286 -8.454109e-02
  287 -7.303825e-01
  288    -1
  289    -1
  290    -1
  291    -1
  292    -1
  293    -1
  294 -9.878447e-01
  295 -8.736029e-01
  296 -6.887979e-01
  297 -4.588555e-01
  298 -2.028365e-01
  299 6.311835e-02
  300 3.063667e-01
  301 4.751503e-01
  302 5.003328e-01
  303 2.888441e-01
  304 -2.110297e-01
  305 -8.754711e-01
  306    -1
  307    -1
  308    -1
  309    -1
  310    -1
  311    -1
  312 -9.604282e-01
  313 -8.266979e-01
  314 -6.291500e-01
  315 -3.915760e-01
  316 -1.316931e-01
  317 1.303842e-01
  318 3.571669e-01
  319 4.933101e-01
  320 4.639604e-01
  321 1.744548e-01
  322 -3.851962e-01
  323    -1
  324    -1
  325    -1
  326    -1
  327    -1
  328    -1
  329    -1
  330 -9.279872e-01
  331 -7.717192e-01
  332 -5.596663e-01
  333 -3.136152e-01
  334 -4.968338e-02
  335 2.070388e-01
  336 4.129933e-01
  337 5.077546e-01
  338 4.086062e-01
  339 2.764230e-02
  340 -5.876053e-01
  341    -1
  342    -1
  343    -1
  344    -1
  345    -1
  346    -1
  347    -1
  348 -9.036707e-01
  349 -7.308287e-01
  350 -5.082754e-01
  351 -2.562541e-01
  352 1.033155e-02
  353 2.624512e-01
  354 4.516868e-01
  355 5.130289e-01
  356 3.576188e-01
  357 -8.870111e-02
  358 -7.355094e-01
  359    -1
  360    -1
  361    -1
  362    -1
  363    -1
  364    -1
  365 -9.869373e-01
  366 -8.720424e-01
  367 -6.868054e-01
  368 -4.565999e-01
  369 -2.004427e-01
  370 6.539710e-02
  371 3.081197e-01
  372 4.758557e-01
  373 4.992946e-01
  374 2.852384e-01
  375 -2.168051e-01
  376 -8.817529e-01
  377    -1
  378    -1
  379    -1
  380    -1
  381    -1
  382    -1
  383 -9.591666e-01
  384 -8.245511e-01
  385 -6.264302e-01
  386 -3.885185e-01
  387 -1.284709e-01
  388 1.334105e-01
  389 3.594084e-01
  390 4.939998e-01
  391 4.620460e-01
  392 1.689461e-01
  393 -3.931685e-01
  394    -1
  395    -1
  396    -1
  397    -1
  398    -1
  399    -1
  400     1
  401 9.907732e-01
  402     1
  403     1
  404     1
  405 7.467020e-01
  406 3.408647e-01
  407 -5.417904e-02
  408 -3.847248e-01
  409 -6.411150e-01
  410 -8.370557e-01
  411 -9.935835e-01
  412    -1
  413    -1
  414 -9.978090e-01
  415 -8.984081e-01
  416 -6.869356e-01
  417 -3.848252e-01
  418 -2.521387e-02
  419 3.684836e-01
  420 7.618190e-01
  421     1
  422     1
  423 8.525095e-01
  424 4.162553e-01
  425 -8.638830e-02
  426 -5.379999e-01
  427 -9.036337e-01
  428    -1
  429    -1
  430    -1
  431    -1
  432 -9.714079e-01
  433 -8.097398e-01
  434 -5.407601e-01
  435 -2.014777e-01
  436 1.812732e-01
  437 5.834963e-01
  438 9.592739e-01
  439     1
  440     1
  441 6.709167e-01
  442 1.749458e-01
  443 -3.112287e-01
  444 -7.214219e-01
  445    -1
  446    -1
  447    -1
  448    -1
  449    -1
  450 -9.063311e-01
  451 -6.857204e-01
  452 -3.774739e-01
  453 -1.343645e-02
  454 3.837558e-01
  455 7.810925e-01
  456     1
  457     1
  458 8.427724e-01
  459 3.997770e-01
  460 -1.048660e-01
  461 -5.562109e-01
  462 -9.206170e-01
  463    -1
  464    -1
  465    -1
  466    -1
  467 -9.657660e-01
  468 -7.981452e-01
  469 -5.251500e-01
  470 -1.833183e-01
  471 2.009450e-01
  472 6.029471e-01
  473 9.753433e-01
  474     1
  475     1
  476 6.568649e-01
  477 1.586284e-01
  478 -3.244273e-01
  479 -7.301085e-01
  480    -1
  481    -1
  482    -1
  483    -1
  484    -1
  485 -9.026281e-01
  486 -6.792234e-01
  487 -3.691322e-01
  488 -3.945830e-03
  489 3.938976e-01
  490 7.908164e-01
  491     1
  492     1
  493 8.334977e-01
  494 3.864454e-01
  495 -1.179500e-01
  496 -5.674885e-01
  497 -9.297121e-01
  498    -1
  499    -1
  500    -1
  501    -1
  502 -9.619659e-01
  503 -7.905352e-01
  504 -5.149681e-01
  505 -1.715030e-01
  506 2.137290e-01
  507 6.155516e-01
  508 9.856817e-01
  509     1
  510 9.973501e-01
  511 6.454575e-01
  512 1.459667e-01
  513 -3.350030e-01
  514 -7.377572e-01
  515    -1
  516    -1
  517    -1
  518    -1
  519    -1
  520 -8.996711e-01
  521 -6.740575e-01
  522 -3.625207e-01
  523 3.557148e-03
  524 4.018968e-01
  525 7.984574e-01
  526     1
  527     1
  528 8.261660e-01
  529 3.759784e-01
  530 -1.282111e-01
  531 -5.763410e-01
  532 -9.368645e-01
  533    -1
  534    -1
  535    -1
  536    -1
  537 -9.589465e-01
  538 -7.845021e-01
  539 -5.069070e-01
  540 -1.621545e-01
  541 2.238401e-01
  542 6.255124e-01
  543 9.938279e-01
  544     1
  545 9.884835e-01
  546 6.298616e-01
  547 1.294768e-01
  548 -3.498295e-01
  549 -7.502860e-01
  550    -1
  551    -1
  552    -1
  553    -1
  554    -1
  555 -8.955749e-01
  556 -6.669484e-01
  557 -3.534675e-01
  558 1.378915e-02
  559 4.127647e-01
  560 8.087776e-01
  561     1
  562     1
  563 8.161464e-01
  564 3.617604e-01
  565 -1.421519e-01
  566 -5.884011e-01
  567 -9.466510e-01
  568    -1
  569    -1
  570    -1
  571    -1
  572 -9.547855e-01
  573 -7.762053e-01
  574 -4.958362e-01
  575 -1.493233e-01
  576 2.377127e-01
  577 6.391670e-01
  578     1
  579     1
  580 9.762195e-01
  581 6.086470e-01
  582 1.071702e-01
  583 -3.698067e-01
  584 -7.670767e-01
  585    -1
  586    -1
  587    -1
  588    -1
  589    -1
  590 -8.899751e-01
  591 -6.572603e-01
  592 -3.411468e-01
  593 2.770357e-02
  594 4.275347e-01
  595 8.227799e-01
  596     1
  597     1
  598 8.026242e-01
  599 3.427633e-01
  600     1
  601 4.961152e-01
  602 2.393042e-01
  603 6.218302e-02
  604 -6.142842e-02
  605 -1.264752e-01
  606 -1.750799e-01
  607 -2.068484e-01
  608 -2.234259e-01
  609 -2.225783e-01
  610 -2.037372e-01
  611 -1.687723e-01
  612 -1.199097e-01
  613 -6.057199e-02
  614 4.005473e-03
  615 6.663933e-02
  616 1.193035e-01
  617 1.549275e-01
  618 1.694494e-01
  619 1.634625e-01
  620 1.421480e-01
  621 1.129317e-01
  622 8.248760e-02
  623 5.515158e-02
  624 3.301637e-02
  625 1.675645e-02
  626 6.362550e-03
  627 1.511836e-03
  628 1.667454e-03
  629 6.089398e-03
  630 1.385848e-02
  631 2.392996e-02
  632 3.520675e-02
  633 4.662698e-02
  634 5.726044e-02
  635 6.639878e-02
  636 7.361761e-02
  637 7.879266e-02
  638 8.206603e-02
  639 8.377364e-02
  640 8.435541e-02
  641 8.427044e-02
  642 8.393287e-02
  643 8.367349e-02
  644 8.372482e-02
  645 8.422310e-02
  646 8.522056e-02
  647 8.670280e-02
  648 8.860775e-02
  649 9.084418e-02
  650 9.330812e-02
  651 9.589658e-02
  652 9.851774e-02
  653 1.010977e-01
  654 1.035836e-01
  655 1.059440e-01
  656 1.081663e-01
  657 1.102536e-01
  658 1.122198e-01
  659 1.140853e-01
  660 1.158729e-01
  661 1.176052e-01
  662 1.193015e-01
  663 1.209776e-01
  664 1.226444e-01
  665 1.243087e-01
  666 1.259735e-01
  667 1.276391e-01
  668 1.293035e-01
  669 1.309638e-01
  670 1.326162e-01
  671 1.342576e-01
  672 1.358847e-01
  673 1.374953e-01
  674 1.390879e-01
  675 1.406615e-01
  676 1.422159e-01
  677 1.437513e-01
  678 1.452684e-01
  679 1.467677e-01
  680 1.482503e-01
  681 1.497170e-01
  682 1.511684e-01
  683 1.526054e-01
  684 1.540285e-01
  685 1.554381e-01
  686 1.568347e-01
  687 1.582184e-01
  688 1.595895e-01
  689 1.609481e-01
  690 1.622945e-01
  691 1.636288e-01
  692 1.649511e-01
  693 1.662616e-01
  694 1.675604e-01
  695 1.688477e-01
  696 1.701237e-01
  697 1.713885e-01
  698 1.726424e-01
  699 1.738855e-01
  700 1.751180e-01
  701 1.763401e-01
  702 1.775519e-01
  703 1.787537e-01
  704 1.799456e-01
  705 1.811277e-01
  706 1.823003e-01
  707 1.834634e-01
  708 1.846173e-01
  709 1.857620e-01
  710 1.868977e-01
  711 1.880246e-01
  712 1.891428e-01
  713 1.902523e-01
  714 1.913535e-01
  715 1.924462e-01
  716 1.935308e-01
  717 1.946073e-01
  718 1.956758e-01
  719 1.967365e-01
  720 1.977894e-01
  721 1.988348e-01
  722 1.998726e-01
  723 2.009030e-01
  724 2.019261e-01
  725 2.029420e-01
  726 2.039508e-01
  727 2.049526e-01
  728 2.059476e-01
  729 2.069357e-01
  730 2.079171e-01
  731 2.088919e-01
  732 2.098602e-01
  733 2.108220e-01
  734 2.117775e-01
  735 2.127268e-01
  736 2.136698e-01
  737 2.146068e-01
  738 2.155377e-01
  739 2.164627e-01
  740 2.173819e-01
  741 2.182952e-01
  742 2.192028e-01
  743 2.201048e-01
  744 2.210013e-01
  745 2.218922e-01
  746 2.227777e-01
  747 2.236579e-01
  748 2.245328e-01
  749 2.254024e-01
  750 2.262669e-01
  751 2.271263e-01
  752 2.279806e-01
  753 2.288300e-01
  754 2.296745e-01
  755 2.305141e-01
  756 2.313489e-01
  757 2.321790e-01
  758 2.330044e-01
  759 2.338252e-01
  760 2.346414e-01
  761 2.354530e-01
  762 2.362603e-01
  763 2.370630e-01
  764 2.378615e-01
  765 2.386556e-01
  766 2.394455e-01
  767 2.402311e-01
  768 2.410126e-01
  769 2.417899e-01
  770 2.425632e-01
  771 2.433324e-01
  772 2.440977e-01
  773 2.448590e-01
  774 2.456164e-01
  775 2.463699e-01
  776 2.471196e-01
  777 2.478656e-01
  778 2.486078e-01
  779 2.493464e-01
  780 2.500812e-01
  781 2.508125e-01
  782 2.515402e-01
  783 2.522643e-01
  784 2.529850e-01
  785 2.537021e-01
  786 2.544159e-01
  787 2.551262e-01
  788 2.558332e-01
  789 2.565369e-01
  790 2.572372e-01
  791 2.579343e-01
  792 2.586282e-01
  793 2.593189e-01
  794 2.600064e-01
  795 2.606908e-01
  796 2.613720e-01
  797 2.620503e-01
  798 2.627254e-01
  799 2.633976e-01
  800 2.640668e-01
