    1     0
    2     0
    3     0
    4     0
    5     0
    6     0
    7    -1
    8 -9.437497e-01
    9    -1
   10    -1
   11    -1
   12 -9.896480e-01
   13 -8.291599e-01
   14 -5.689993e-01
   15 -2.366750e-01
   16 1.412093e-01
   17 5.435061e-01
   18 9.252966e-01
   19     1
   20     1
   21 7.003096e-01
   22 2.097366e-01
   23 -2.829616e-01
   24 -7.052045e-01
   25    -1
   26    -1
   27    -1
   28    -1
   29    -1
   30 -9.073441e-01
   31 -6.871293e-01
   32 -3.813583e-01
   33 -1.944201e-02
   34 3.764607e-01
   35 7.734367e-01
   36     1
   37     1
   38 8.494360e-01
   39 4.112019e-01
   40 -9.155049e-02
   41 -5.436724e-01
   42 -9.147845e-01
   43    -1
   44    -1
   45    -1
   46    -1
   47 -9.681460e-01
   48 -7.964209e-01
   49 -5.230540e-01
   50 -1.820638e-01
   51 2.015271e-01
   52 6.036080e-01
   53 9.760865e-01
   54     1
   55     1
   56 6.574674e-01
   57 1.605187e-01
   58 -3.217424e-01
   59 -7.299409e-01
   60    -1
   61    -1
   62    -1
   63    -1
   64    -1
   65 -8.958015e-01
   66 -6.676632e-01
   67 -3.565271e-01
   68 8.810276e-03
   69 4.066793e-01
   70 8.023451e-01
   71     1
   72     1
   73 8.220078e-01
   74 3.719523e-01
   75 -1.299530e-01
   76 -5.768269e-01
   77 -9.420027e-01
   78    -1
   79    -1
   80    -1
   81    -1
   82 -9.553892e-01
   83 -7.726857e-01
   84 -4.919968e-01
   85 -1.462278e-01
   86 2.402284e-01
   87 6.415154e-01
   88     1
   89     1
   90 9.738560e-01
   91 6.059159e-01
   92 1.058761e-01
   93 -3.698595e-01
   94 -7.695826e-01
   95    -1
   96    -1
   97    -1
   98    -1
   99    -1
  100 -8.818713e-01
  101 -6.443587e-01
  102 -3.269787e-01
  103 4.223496e-02
  104 4.422184e-01
  105 8.359922e-01
  106     1
  107     1
  108 7.897931e-01
  109 3.268752e-01
  110 -1.739005e-01
  111 -6.149121e-01
  112 -9.734874e-01
  113    -1
  114    -1
  115    -1
  116    -1
  117 -9.403522e-01
  118 -7.447700e-01
  119 -4.555054e-01
  120 -1.041566e-01
  121 2.856268e-01
  122 6.858786e-01
  123     1
  124     1
  125 9.330121e-01
  126 5.384657e-01
  127 3.620643e-02
  128 -4.316867e-01
  129 -8.215273e-01
  130    -1
  131    -1
  132    -1
  133    -1
  134    -1
  135 -8.635286e-01
  136 -6.137235e-01
  137 -2.882086e-01
  138 8.600073e-02
  139 4.886488e-01
  140 8.797136e-01
  141     1
  142     1
  143 7.489428e-01
  144 2.712352e-01
  145 -2.276157e-01
  146 -6.612708e-01
  147    -1
  148    -1
  149    -1
  150    -1
  151    -1
  152 -9.228353e-01
  153 -7.131338e-01
  154 -4.144516e-01
  155 -5.702521e-02
  156 3.363296e-01
  157 7.350889e-01
  158     1
  159     1
  160 8.865976e-01
  161 4.661817e-01
  162 -3.697460e-02
  163 -4.961151e-01
  164 -8.753758e-01
  165    -1
  166    -1
  167    -1
  168    -1
  169 -9.857425e-01
  170 -8.293249e-01
  171 -5.661787e-01
  172 -2.318824e-01
  173 1.476704e-01
  174 5.507101e-01
  175 9.329621e-01
  176     1
  177     1
  178 6.970814e-01
  179 2.065975e-01
  180 -2.844573e-01
  181 -7.048429e-01
  182    -1
  183    -1
  184    -1
  185    -1
  186    -1
  187 -9.068133e-01
  188 -6.862124e-01
  189 -3.801711e-01
  190 -1.807345e-02
  191 3.779433e-01
  192 7.748828e-01
  193     1
  194     1
  195 8.481377e-01
  196 4.093349e-01
  197 -9.335868e-02
  198 -5.452045e-01
  199 -9.160098e-01
  200    -1
  201    -1
  202    -1
  203    -1
  204    -1
  205 -9.683953e-01
  206 -8.353164e-01
  207 -6.347308e-01
  208 -3.916324e-01
  209 -1.246746e-01
  210 1.468428e-01
  211 3.857109e-01
  212 5.355477e-01
  213 5.193273e-01
  214 2.380250e-01
  215 -3.181367e-01
  216 -9.885408e-01
  217    -1
  218    -1
  219    -1
  220    -1
  221    -1
  222    -1
  223 -9.322233e-01
  224 -7.782515e-01
  225 -5.673137e-01
  226 -3.214714e-01
  227 -5.710027e-02
  228 2.013408e-01
  229 4.109589e-01
  230 5.117802e-01
  231 4.216550e-01
  232 5.092777e-02
  233 -5.586884e-01
  234    -1
  235    -1
  236    -1
  237    -1
  238    -1
  239    -1
  240    -1
  241 -9.065340e-01
  242 -7.355554e-01
  243 -5.141671e-01
  244 -2.627436e-01
  245 3.666821e-03
  246 2.564999e-01
  247 4.479040e-01
  248 5.134248e-01
  249 3.648648e-01
  250 -7.398938e-02
  251 -7.174106e-01
  252    -1
  253    -1
  254    -1
  255    -1
  256    -1
  257    -1
  258 -9.916246e-01
  259 -8.787355e-01
  260 -6.948704e-01
  261 -4.655344e-01
  262 -2.098335e-01
  263 5.669596e-02
  264 3.018228e-01
  265 4.739574e-01
  266 5.043946e-01
  267 3.003927e-01
  268 -1.933869e-01
  269 -8.567216e-01
  270    -1
  271    -1
  272    -1
  273    -1
  274    -1
  275    -1
  276 -9.648939e-01
  277 -8.336109e-01
  278 -6.377176e-01
  279 -4.011450e-01
  280 -1.417527e-01
  281 1.210381e-01
  282 3.504094e-01
  283 4.914893e-01
  284 4.702734e-01
  285 1.919675e-01
  286 -3.599726e-01
  287    -1
  288    -1
  289    -1
  290    -1
  291    -1
  292    -1
  293    -1
  294 -9.309534e-01
  295 -7.765407e-01
  296 -5.657476e-01
  297 -3.204481e-01
  298 -5.687545e-02
  299 2.003548e-01
  300 4.082169e-01
  301 5.067669e-01
  302 4.140283e-01
  303 4.102245e-02
  304 -5.699430e-01
  305    -1
  306    -1
  307    -1
  308    -1
  309    -1
  310    -1
  311    -1
  312 -9.056702e-01
  313 -7.341661e-01
  314 -5.125030e-01
  315 -2.609866e-01
  316 5.388275e-03
  317 2.579194e-01
  318 4.485936e-01
  319 5.128190e-01
  320 3.622532e-01
  321 -7.872174e-02
  322 -7.231344e-01
  323    -1
  324    -1
  325    -1
  326    -1
  327    -1
  328    -1
  329 -9.906512e-01
  330 -8.770952e-01
  331 -6.927967e-01
  332 -4.632029e-01
  333 -2.073738e-01
  334 5.901638e-02
  335 3.035748e-01
  336 4.746039e-01
  337 5.032281e-01
  338 2.965717e-01
  339 -1.994756e-01
  340 -8.633569e-01
  341    -1
  342    -1
  343    -1
  344    -1
  345    -1
  346    -1
  347 -9.635473e-01
  348 -8.313440e-01
  349 -6.348552e-01
  350 -3.979311e-01
  351 -1.383671e-01
  352 1.242154e-01
  353 3.527617e-01
  354 4.922207e-01
  355 4.682979e-01
  356 1.862233e-01
  357 -3.683715e-01
  358    -1
  359    -1
  360    -1
  361    -1
  362    -1
  363    -1
  364    -1
  365 -9.299692e-01
  366 -7.748856e-01
  367 -5.636601e-01
  368 -3.181073e-01
  369 -5.441305e-02
  370 2.026512e-01
  371 4.098710e-01
  372 5.071349e-01
  373 4.122164e-01
  374 3.649430e-02
  375 -5.759408e-01
  376    -1
  377    -1
  378    -1
  379    -1
  380    -1
  381    -1
  382    -1
  383 -9.049265e-01
  384 -7.329237e-01
  385 -5.109475e-01
  386 -2.592566e-01
  387 7.191614e-03
  388 2.595717e-01
  389 4.497190e-01
  390 5.128930e-01
  391 3.605696e-01
  392 -8.233907e-02
  393 -7.276073e-01
  394    -1
  395    -1
  396    -1
  397    -1
  398    -1
  399    -1
  400     1
  401     1
  402     1
  403     1
  404     1
  405 7.216966e-01
  406 2.865693e-01
  407 -1.353226e-01
  408 -4.925245e-01
  409 -7.802719e-01
  410    -1
  411    -1
  412    -1
  413    -1
  414 -9.679443e-01
  415 -8.061751e-01
  416 -5.383626e-01
  417 -2.008111e-01
  418 1.809146e-01
  419 5.822649e-01
  420 9.569948e-01
  421     1
  422     1
  423 6.740456e-01
  424 1.820125e-01
  425 -3.011783e-01
  426 -7.120623e-01
  427    -1
  428    -1
  429    -1
  430    -1
  431    -1
  432 -9.016879e-01
  433 -6.775165e-01
  434 -3.690374e-01
  435 -5.364765e-03
  436 3.915793e-01
  437 7.879928e-01
  438     1
  439     1
  440 8.358439e-01
  441 3.916718e-01
  442 -1.106200e-01
  443 -5.600531e-01
  444 -9.281362e-01
  445    -1
  446    -1
  447    -1
  448    -1
  449 -9.618671e-01
  450 -7.847400e-01
  451 -5.077680e-01
  452 -1.644229e-01
  453 2.205821e-01
  454 6.222816e-01
  455 9.911875e-01
  456     1
  457 9.912482e-01
  458 6.358896e-01
  459 1.372729e-01
  460 -3.418046e-01
  461 -7.458304e-01
  462    -1
  463    -1
  464    -1
  465    -1
  466    -1
  467 -8.899802e-01
  468 -6.579092e-01
  469 -3.441441e-01
  470 2.283527e-02
  471 4.216110e-01
  472 8.165165e-01
  473     1
  474     1
  475 8.084274e-01
  476 3.528194e-01
  477 -1.486370e-01
  478 -5.930143e-01
  479 -9.553721e-01
  480    -1
  481    -1
  482    -1
  483    -1
  484 -9.490503e-01
  485 -7.609084e-01
  486 -4.765966e-01
  487 -1.284682e-01
  488 2.593971e-01
  489 6.602607e-01
  490     1
  491     1
  492 9.567055e-01
  493 5.771167e-01
  494 7.596643e-02
  495 -3.964533e-01
  496 -7.919499e-01
  497    -1
  498    -1
  499    -1
  500    -1
  501    -1
  502 -8.740734e-01
  503 -6.313322e-01
  504 -3.104871e-01
  505 6.085957e-02
  506 4.619866e-01
  507 8.546334e-01
  508     1
  509     1
  510 7.721873e-01
  511 3.026969e-01
  512 -1.973212e-01
  513 -6.351617e-01
  514 -9.902035e-01
  515    -1
  516    -1
  517    -1
  518    -1
  519 -9.321710e-01
  520 -7.296202e-01
  521 -4.357193e-01
  522 -8.136085e-02
  523 3.102101e-01
  524 7.098539e-01
  525     1
  526     1
  527 9.106505e-01
  528 5.030873e-01
  529 1.855084e-04
  530 -4.634823e-01
  531 -8.481533e-01
  532    -1
  533    -1
  534    -1
  535    -1
  536 -9.973590e-01
  537 -8.511546e-01
  538 -5.948361e-01
  539 -2.650277e-01
  540 1.118009e-01
  541 5.153846e-01
  542 9.038958e-01
  543     1
  544     1
  545 7.261404e-01
  546 2.415544e-01
  547 -2.551385e-01
  548 -6.839668e-01
  549    -1
  550    -1
  551    -1
  552    -1
  553    -1
  554 -9.152281e-01
  555 -7.003746e-01
  556 -3.982198e-01
  557 -3.859540e-02
  558 3.560053e-01
  559 7.538928e-01
  560     1
  561     1
  562 8.683148e-01
  563 4.388636e-01
  564 -6.419589e-02
  565 -5.198846e-01
  566 -8.951089e-01
  567    -1
  568    -1
  569    -1
  570    -1
  571 -9.770471e-01
  572 -8.130420e-01
  573 -5.448278e-01
  574 -2.072088e-01
  575 1.743521e-01
  576 5.769379e-01
  577 9.544055e-01
  578     1
  579     1
  580 6.768400e-01
  581 1.828168e-01
  582 -3.039223e-01
  583 -7.181960e-01
  584    -1
  585    -1
  586    -1
  587    -1
  588    -1
  589 -9.011117e-01
  590 -6.766110e-01
  591 -3.679335e-01
  592 -4.159378e-03
  593 3.928161e-01
  594 7.891003e-01
  595     1
  596     1
  597 8.345618e-01
  598 3.897971e-01
  599 -1.125302e-01
  600     1
  601 5.758805e-01
  602 3.772421e-01
  603 2.300352e-01
  604 1.203075e-01
  605 7.188324e-02
  606 3.001218e-02
  607 9.719654e-04
  608 -1.881169e-02
  609 -2.961600e-02
  610 -3.111784e-02
  611 -2.572947e-02
  612 -1.490825e-02
  613 -3.584628e-04
  614 1.612196e-02
  615 3.256639e-02
  616 4.709003e-02
  617 5.821457e-02
  618 6.503485e-02
  619 6.729836e-02
  620 6.536665e-02
  621 6.006943e-02
  622 5.248956e-02
  623 4.374919e-02
  624 3.485324e-02
  625 2.660569e-02
  626 1.958402e-02
  627 1.414712e-02
  628 1.045702e-02
  629 8.504751e-03
  630 8.137834e-03
  631 9.090281e-03
  632 1.101603e-02
  633 1.352579e-02
  634 1.622568e-02
  635 1.875469e-02
  636 2.081692e-02
  637 2.220496e-02
  638 2.281133e-02
  639 2.262722e-02
  640 2.172976e-02
  641 2.026092e-02
  642 1.840220e-02
  643 1.634919e-02
  644 1.428913e-02
  645 1.238346e-02
  646 1.075606e-02
  647 9.487158e-03
  648 8.612139e-03
  649 8.124574e-03
  650 7.982480e-03
  651 8.116926e-03
  652 8.442013e-03
  653 8.865273e-03
  654 9.297520e-03
  655 9.661283e-03
  656 9.897111e-03
  657 9.967321e-03
  658 9.857035e-03
  659 9.572722e-03
  660 9.138688e-03
  661 8.592184e-03
  662 7.977826e-03
  663 7.342041e-03
  664 6.728105e-03
  665 6.172192e-03
  666 5.700675e-03
  667 5.328771e-03
  668 5.060449e-03
  669 4.889471e-03
  670 4.801282e-03
  671 4.775490e-03
  672 4.788619e-03
  673 4.816824e-03
  674 4.838324e-03
  675 4.835325e-03
  676 4.795312e-03
  677 4.711644e-03
  678 4.583476e-03
  679 4.415100e-03
  680 4.214848e-03
  681 3.993710e-03
  682 3.763874e-03
  683 3.537316e-03
  684 3.324599e-03
  685 3.133968e-03
  686 2.970788e-03
  687 2.837352e-03
  688 2.733019e-03
  689 2.654623e-03
  690 2.597102e-03
  691 2.554227e-03
  692 2.519367e-03
  693 2.486204e-03
  694 2.449322e-03
  695 2.404640e-03
  696 2.349653e-03
  697 2.283486e-03
  698 2.206773e-03
  699 2.121399e-03
  700 2.030143e-03
  701 1.936281e-03
  702 1.843181e-03
  703 1.753941e-03
  704 1.671099e-03
  705 1.596437e-03
  706 1.530883e-03
  707 1.474517e-03
  708 1.426657e-03
  709 1.386016e-03
  710 1.350901e-03
  711 1.319429e-03
  712 1.289735e-03
  713 1.260155e-03
  714 1.229370e-03
  715 1.196485e-03
  716 1.161073e-03
  717 1.123152e-03
  718 1.083127e-03
  719 1.041693e-03
  720 9.997323e-04
  721 9.581895e-04
  722 9.179689e-04
  723 8.798406e-04
  724 8.443756e-04
  725 8.119073e-04
  726 7.825228e-04
  727 7.560807e-04
  728 7.322495e-04
  729 7.105614e-04
  730 6.904734e-04
  731 6.714290e-04
  732 6.529135e-04
  733 6.344993e-04
  734 6.158759e-04
  735 5.968653e-04
  736 5.774218e-04
  737 5.576178e-04
  738 5.376205e-04
  739 5.176609e-04
  740 4.980002e-04
  741 4.788975e-04
  742 4.605817e-04
  743 4.432295e-04
  744 4.269520e-04
  745 4.117891e-04
  746 3.977125e-04
  747 3.846351e-04
  748 3.724250e-04
  749 3.609232e-04
  750 3.499612e-04
  751 3.393781e-04
  752 3.290347e-04
  753 3.188236e-04
  754 3.086752e-04
  755 2.985589e-04
  756 2.884802e-04
  757 2.784749e-04
  758 2.686001e-04
  759 2.589253e-04
  760 2.495222e-04
  761 2.404565e-04
  762 2.317805e-04
  763 2.235285e-04
  764 2.157146e-04
  765 2.083326e-04
  766 2.013584e-04
  767 1.947536e-04
  768 1.884702e-04
  769 1.824561e-04
  770 1.766601e-04
  771 1.710361e-04
  772 1.655467e-04
  773 1.601652e-04
  774 1.548763e-04
  775 1.496757e-04
  776 1.445688e-04
  777 1.395679e-04
  778 1.346901e-04
  779 1.299538e-04
  780 1.253768e-04
  781 1.209733e-04
  782 1.167530e-04
  783 1.127197e-04
  784 1.088714e-04
  785 1.052006e-04
  786 1.016953e-04
  787 9.834050e-05
  788 9.511937e-05
  789 9.201505e-05
  790 8.901190e-05
  791 8.609653e-05
  792 8.325863e-05
  793 8.049123e-05
  794 7.779070e-05
  795 7.515639e-05
  796 7.259006e-05
  797 7.009503e-05
  798 6.767542e-05
  799 6.533533e-05
  800 6.307813e-05
