    1    -1
    2    -1
    3    -1
    4    -1
    5    -1
    6    -1
    7    -1
    8    -1
    9    -1
   10    -1
   11    -1
   12    -1
   13    -1
   14    -1
   15    -1
   16    -1
   17    -1
   18    -1
   19    -1
   20    -1
   21    -1
   22    -1
   23    -1
   24    -1
   25    -1
   26    -1
   27    -1
   28    -1
   29    -1
   30    -1
   31    -1
   32    -1
   33    -1
   34    -1
   35    -1
   36    -1
   37    -1
   38    -1
   39    -1
   40    -1
   41    -1
   42    -1
   43    -1
   44    -1
   45    -1
   46    -1
   47    -1
   48    -1
   49    -1
   50    -1
   51    -1
   52    -1
   53    -1
   54    -1
   55    -1
   56    -1
   57    -1
   58    -1
   59    -1
   60    -1
   61    -1
   62    -1
   63    -1
   64    -1
   65    -1
   66    -1
   67    -1
   68    -1
   69    -1
   70    -1
   71    -1
   72    -1
   73    -1
   74    -1
   75    -1
   76    -1
   77    -1
   78    -1
   79    -1
   80    -1
   81    -1
   82    -1
   83    -1
   84    -1
   85    -1
   86    -1
   87    -1
   88    -1
   89    -1
   90    -1
   91    -1
   92    -1
   93    -1
   94    -1
   95    -1
   96    -1
   97    -1
   98    -1
   99    -1
  100    -1
  101    -1
  102    -1
  103    -1
  104    -1
  105    -1
  106    -1
  107    -1
  108    -1
  109    -1
  110    -1
  111    -1
  112    -1
  113    -1
  114    -1
  115    -1
  116    -1
  117    -1
  118    -1
  119    -1
  120    -1
  121    -1
  122    -1
  123    -1
  124    -1
  125    -1
  126    -1
  127    -1
  128    -1
  129    -1
  130    -1
  131    -1
  132    -1
  133    -1
  134    -1
  135    -1
  136    -1
  137    -1
  138    -1
  139    -1
  140    -1
  141    -1
  142    -1
  143    -1
  144    -1
  145    -1
  146    -1
  147    -1
  148    -1
  149    -1
  150    -1
  151    -1
  152    -1
  153    -1
  154    -1
  155    -1
  156    -1
  157    -1
  158    -1
  159    -1
  160    -1
  161    -1
  162    -1
  163    -1
  164    -1
  165    -1
  166    -1
  167    -1
  168    -1
  169    -1
  170    -1
  171    -1
  172    -1
  173    -1
  174    -1
  175    -1
  176    -1
  177    -1
  178    -1
  179    -1
  180    -1
  181    -1
  182    -1
  183    -1
  184    -1
  185    -1
  186    -1
  187    -1
  188    -1
  189    -1
  190    -1
  191    -1
  192    -1
  193    -1
  194    -1
  195    -1
  196    -1
  197    -1
  198    -1
  199    -1
  200 -2.500000e+00
  201 -2.500000e+00
  202 -2.500000e+00
  203 -2.500000e+00
  204 -2.500000e+00
  205 -2.500000e+00
  206 -2.500000e+00
  207 -2.500000e+00
  208 -2.500000e+00
  209 -2.500000e+00
  210 -2.500000e+00
  211 -2.500000e+00
  212 -2.500000e+00
  213 -2.500000e+00
  214 -2.500000e+00
  215 -2.500000e+00
  216 -2.500000e+00
  217 -2.500000e+00
  218 -2.500000e+00
  219 -2.500000e+00
  220 -2.500000e+00
  221 -2.500000e+00
  222 -2.500000e+00
  223 -2.500000e+00
  224 -2.500000e+00
  225 -2.500000e+00
  226 -2.500000e+00
  227 -2.500000e+00
  228 -2.500000e+00
  229 -2.500000e+00
  230 -2.500000e+00
  231 -2.500000e+00
  232 -2.500000e+00
  233 -2.500000e+00
  234 -2.500000e+00
  235 -2.500000e+00
  236 -2.500000e+00
  237 -2.500000e+00
  238 -2.500000e+00
  239 -2.500000e+00
  240 -2.500000e+00
  241 -2.500000e+00
  242 -2.500000e+00
  243 -2.500000e+00
  244 -2.500000e+00
  245 -2.500000e+00
  246 -2.500000e+00
  247 -2.500000e+00
  248 -2.500000e+00
  249 -2.500000e+00
  250 -2.500000e+00
  251 -2.500000e+00
  252 -2.500000e+00
  253 -2.500000e+00
  254 -2.500000e+00
  255 -2.500000e+00
  256 -2.500000e+00
  257 -2.500000e+00
  258 -2.500000e+00
  259 -2.500000e+00
  260 -2.500000e+00
  261 -2.500000e+00
  262 -2.500000e+00
  263 -2.500000e+00
  264 -2.500000e+00
  265 -2.500000e+00
  266 -2.500000e+00
  267 -2.500000e+00
  268 -2.500000e+00
  269 -2.500000e+00
  270 -2.500000e+00
  271 -2.500000e+00
  272 -2.500000e+00
  273 -2.500000e+00
  274 -2.500000e+00
  275 -2.500000e+00
  276 -2.500000e+00
  277 -2.500000e+00
  278 -2.500000e+00
  279 -2.500000e+00
  280 -2.500000e+00
  281 -2.500000e+00
  282 -2.500000e+00
  283 -2.500000e+00
  284 -2.500000e+00
  285 -2.500000e+00
  286 -2.500000e+00
  287 -2.500000e+00
  288 -2.500000e+00
  289 -2.500000e+00
  290 -2.500000e+00
  291 -2.500000e+00
  292 -2.500000e+00
  293 -2.500000e+00
  294 -2.500000e+00
  295 -2.500000e+00
  296 -2.500000e+00
  297 -2.500000e+00
  298 -2.500000e+00
  299 -2.500000e+00
  300 -2.500000e+00
  301 -2.500000e+00
  302 -2.500000e+00
  303 -2.500000e+00
  304 -2.500000e+00
  305 -2.500000e+00
  306 -2.500000e+00
  307 -2.500000e+00
  308 -2.500000e+00
  309 -2.500000e+00
  310 -2.500000e+00
  311 -2.500000e+00
  312 -2.500000e+00
  313 -2.500000e+00
  314 -2.500000e+00
  315 -2.500000e+00
  316 -2.500000e+00
  317 -2.500000e+00
  318 -2.500000e+00
  319 -2.500000e+00
  320 -2.500000e+00
  321 -2.500000e+00
  322 -2.500000e+00
  323 -2.500000e+00
  324 -2.500000e+00
  325 -2.500000e+00
  326 -2.500000e+00
  327 -2.500000e+00
  328 -2.500000e+00
  329 -2.500000e+00
  330 -2.500000e+00
  331 -2.500000e+00
  332 -2.500000e+00
  333 -2.500000e+00
  334 -2.500000e+00
  335 -2.500000e+00
  336 -2.500000e+00
  337 -2.500000e+00
  338 -2.500000e+00
  339 -2.500000e+00
  340 -2.500000e+00
  341 -2.500000e+00
  342 -2.500000e+00
  343 -2.500000e+00
  344 -2.500000e+00
  345 -2.500000e+00
  346 -2.500000e+00
  347 -2.500000e+00
  348 -2.500000e+00
  349 -2.500000e+00
  350 -2.500000e+00
  351 -2.500000e+00
  352 -2.500000e+00
  353 -2.500000e+00
  354 -2.500000e+00
  355 -2.500000e+00
  356 -2.500000e+00
  357 -2.500000e+00
  358 -2.500000e+00
  359 -2.500000e+00
  360 -2.500000e+00
  361 -2.500000e+00
  362 -2.500000e+00
  363 -2.500000e+00
  364 -2.500000e+00
  365 -2.500000e+00
  366 -2.500000e+00
  367 -2.500000e+00
  368 -2.500000e+00
  369 -2.500000e+00
  370 -2.500000e+00
  371 -2.500000e+00
  372 -2.500000e+00
  373 -2.500000e+00
  374 -2.500000e+00
  375 -2.500000e+00
  376 -2.500000e+00
  377 -2.500000e+00
  378 -2.500000e+00
  379 -2.500000e+00
  380 -2.500000e+00
  381 -2.500000e+00
  382 -2.500000e+00
  383 -2.500000e+00
  384 -2.500000e+00
  385 -2.500000e+00
  386 -2.500000e+00
  387 -2.500000e+00
  388 -2.500000e+00
  389 -2.500000e+00
  390 -2.500000e+00
  391 -2.500000e+00
  392 -2.500000e+00
  393 -2.500000e+00
  394 -2.500000e+00
  395 -2.500000e+00
  396 -2.500000e+00
  397 -2.500000e+00
  398 -2.500000e+00
  399 -2.500000e+00
  400    -1
  401    -1
  402    -1
  403    -1
  404    -1
  405    -1
  406    -1
  407    -1
  408    -1
  409    -1
  410    -1
  411    -1
  412    -1
  413    -1
  414    -1
  415    -1
  416    -1
  417    -1
  418    -1
  419    -1
  420    -1
  421    -1
  422    -1
  423    -1
  424    -1
  425    -1
  426    -1
  427    -1
  428    -1
  429    -1
  430    -1
  431    -1
  432    -1
  433    -1
  434    -1
  435    -1
  436    -1
  437    -1
  438    -1
  439    -1
  440    -1
  441    -1
  442    -1
  443    -1
  444    -1
  445    -1
  446    -1
  447    -1
  448    -1
  449    -1
  450    -1
  451    -1
  452    -1
  453    -1
  454    -1
  455    -1
  456    -1
  457    -1
  458    -1
  459    -1
  460    -1
  461    -1
  462    -1
  463    -1
  464    -1
  465    -1
  466    -1
  467    -1
  468    -1
  469    -1
  470    -1
  471    -1
  472    -1
  473    -1
  474    -1
  475    -1
  476    -1
  477    -1
  478    -1
  479    -1
  480    -1
  481    -1
  482    -1
  483    -1
  484    -1
  485    -1
  486    -1
  487    -1
  488    -1
  489    -1
  490    -1
  491    -1
  492    -1
  493    -1
  494    -1
  495    -1
  496    -1
  497    -1
  498    -1
  499    -1
  500    -1
  501    -1
  502    -1
  503    -1
  504    -1
  505    -1
  506    -1
  507    -1
  508    -1
  509    -1
  510    -1
  511    -1
  512    -1
  513    -1
  514    -1
  515    -1
  516    -1
  517    -1
  518    -1
  519    -1
  520    -1
  521    -1
  522    -1
  523    -1
  524    -1
  525    -1
  526    -1
  527    -1
  528    -1
  529    -1
  530    -1
  531    -1
  532    -1
  533    -1
  534    -1
  535    -1
  536    -1
  537    -1
  538    -1
  539    -1
  540    -1
  541    -1
  542    -1
  543    -1
  544    -1
  545    -1
  546    -1
  547    -1
  548    -1
  549    -1
  550    -1
  551    -1
  552    -1
  553    -1
  554    -1
  555    -1
  556    -1
  557    -1
  558    -1
  559    -1
  560    -1
  561    -1
  562    -1
  563    -1
  564    -1
  565    -1
  566    -1
  567    -1
  568    -1
  569    -1
  570    -1
  571    -1
  572    -1
  573    -1
  574    -1
  575    -1
  576    -1
  577    -1
  578    -1
  579    -1
  580    -1
  581    -1
  582    -1
  583    -1
  584    -1
  585    -1
  586    -1
  587    -1
  588    -1
  589    -1
  590    -1
  591    -1
  592    -1
  593    -1
  594    -1
  595    -1
  596    -1
  597    -1
  598    -1
  599    -1
  600     0
  601     0
  602     0
  603     0
  604     0
  605     0
  606     0
  607     0
  608     0
  609     0
  610     0
  611     0
  612     0
  613     0
  614     0
  615     0
  616     0
  617     0
  618     0
  619     0
  620     0
  621     0
  622     0
  623     0
  624     0
  625     0
  626     0
  627     0
  628     0
  629     0
  630     0
  631     0
  632     0
  633     0
  634     0
  635     0
  636     0
  637     0
  638     0
  639     0
  640     0
  641     0
  642     0
  643     0
  644     0
  645     0
  646     0
  647     0
  648     0
  649     0
  650     0
  651     0
  652     0
  653     0
  654     0
  655     0
  656     0
  657     0
  658     0
  659     0
  660     0
  661     0
  662     0
  663     0
  664     0
  665     0
  666     0
  667     0
  668     0
  669     0
  670     0
  671     0
  672     0
  673     0
  674     0
  675     0
  676     0
  677     0
  678     0
  679     0
  680     0
  681     0
  682     0
  683     0
  684     0
  685     0
  686     0
  687     0
  688     0
  689     0
  690     0
  691     0
  692     0
  693     0
  694     0
  695     0
  696     0
  697     0
  698     0
  699     0
  700     0
  701     0
  702     0
  703     0
  704     0
  705     0
  706     0
  707     0
  708     0
  709     0
  710     0
  711     0
  712     0
  713     0
  714     0
  715     0
  716     0
  717     0
  718     0
  719     0
  720     0
  721     0
  722     0
  723     0
  724     0
  725     0
  726     0
  727     0
  728     0
  729     0
  730     0
  731     0
  732     0
  733     0
  734     0
  735     0
  736     0
  737     0
  738     0
  739     0
  740     0
  741     0
  742     0
  743     0
  744     0
  745     0
  746     0
  747     0
  748     0
  749     0
  750     0
  751     0
  752     0
  753     0
  754     0
  755     0
  756     0
  757     0
  758     0
  759     0
  760     0
  761     0
  762     0
  763     0
  764     0
  765     0
  766     0
  767     0
  768     0
  769     0
  770     0
  771     0
  772     0
  773     0
  774     0
  775     0
  776     0
  777     0
  778     0
  779     0
  780     0
  781     0
  782     0
  783     0
  784     0
  785     0
  786     0
  787     0
  788     0
  789     0
  790     0
  791     0
  792     0
  793     0
  794     0
  795     0
  796     0
  797     0
  798     0
  799     0
  800     0
