    1     0
    2     0
    3     0
    4     0
    5     0
    6     0
    7     0
    8     0
    9     0
   10     0
   11     0
   12 -6.134919e-02
   13 -2.132101e-01
   14 -4.234207e-01
   15 -6.697029e-01
   16 -9.324164e-01
   17 -1.196455e+00
   18 -1.433937e+00
   19 -1.598210e+00
   20 -1.612820e+00
   21 -1.403641e+00
   22 -1.073746e+00
   23 -7.501531e-01
   24 -4.865163e-01
   25 -2.918019e-01
   26 -1.541311e-01
   27 -5.314250e-02
   28 7.089694e-03
   29 -9.163444e-03
   30 -1.199463e-01
   31 -3.081377e-01
   32 -5.431943e-01
   33 -8.024946e-01
   34 -1.069641e+00
   35 -1.323354e+00
   36 -1.525977e+00
   37 -1.616504e+00
   38 -1.501715e+00
   39 -1.205590e+00
   40 -8.717728e-01
   41 -5.829048e-01
   42 -3.617102e-01
   43 -2.036130e-01
   44 -9.083082e-02
   45 -9.695924e-03
   46 8.580487e-03
   47 -6.429868e-02
   48 -2.236380e-01
   49 -4.417163e-01
   50 -6.927902e-01
   51 -9.580147e-01
   52 -1.220733e+00
   53 -1.451270e+00
   54 -1.600134e+00
   55 -1.584795e+00
   56 -1.349269e+00
   57 -1.016292e+00
   58 -7.017516e-01
   59 -4.498659e-01
   60 -2.659310e-01
   61 -1.361228e-01
   62 -4.021053e-02
   63 1.246965e-02
   64 -1.274138e-02
   65 -1.309208e-01
   66 -3.238291e-01
   67 -5.615975e-01
   68 -8.221368e-01
   69 -1.089466e+00
   70 -1.341328e+00
   71 -1.538521e+00
   72 -1.617535e+00
   73 -1.485507e+00
   74 -1.181787e+00
   75 -8.491128e-01
   76 -5.646904e-01
   77 -3.483936e-01
   78 -1.941995e-01
   79 -8.373670e-02
   80 -5.988359e-03
   81 5.973797e-03
   82 -7.483738e-02
   83 -2.407654e-01
   84 -4.627948e-01
   85 -7.158696e-01
   86 -9.816845e-01
   87 -1.242680e+00
   88 -1.467540e+00
   89 -1.604636e+00
   90 -1.567942e+00
   91 -1.316487e+00
   92 -9.820906e-01
   93 -6.731604e-01
   94 -4.283448e-01
   95 -2.506769e-01
   96 -1.252872e-01
   97 -3.212077e-02
   98 1.382882e-02
   99 -2.115638e-02
  100 -1.479441e-01
  101 -3.461973e-01
  102 -5.868821e-01
  103 -8.485667e-01
  104 -1.115783e+00
  105 -1.365066e+00
  106 -1.555289e+00
  107 -1.619740e+00
  108 -1.467318e+00
  109 -1.155220e+00
  110 -8.239389e-01
  111 -5.444853e-01
  112 -3.336337e-01
  113 -1.837296e-01
  114 -7.572201e-02
  115 -2.180456e-03
  116 2.253208e-03
  117 -8.787951e-02
  118 -2.615006e-01
  119 -4.881183e-01
  120 -7.434879e-01
  121 -1.009941e+00
  122 -1.268821e+00
  123 -1.486804e+00
  124 -1.609449e+00
  125 -1.547142e+00
  126 -1.278892e+00
  127 -9.437798e-01
  128 -6.415247e-01
  129 -4.048710e-01
  130 -2.341019e-01
  131 -1.133416e-01
  132 -2.356577e-02
  133 1.348251e-02
  134 -3.432259e-02
  135 -1.723259e-01
  136 -3.774676e-01
  137 -6.218277e-01
  138 -8.848506e-01
  139 -1.151751e+00
  140 -1.397422e+00
  141 -1.578051e+00
  142 -1.622334e+00
  143 -1.443913e+00
  144 -1.122093e+00
  145 -7.929176e-01
  146 -5.196993e-01
  147 -3.155737e-01
  148 -1.708805e-01
  149 -6.577050e-02
  150 2.040970e-03
  151 -3.208958e-03
  152 -1.042189e-01
  153 -2.862196e-01
  154 -5.177623e-01
  155 -7.755111e-01
  156 -1.042510e+00
  157 -1.298759e+00
  158 -1.508569e+00
  159 -1.613972e+00
  160 -1.522538e+00
  161 -1.237827e+00
  162 -9.030001e-01
  163 -6.081813e-01
  164 -3.802621e-01
  165 -2.167205e-01
  166 -1.005987e-01
  167 -1.531374e-02
  168 1.139154e-02
  169 -5.052795e-02
  170 -2.006382e-01
  171 -4.131482e-01
  172 -6.613633e-01
  173 -9.256917e-01
  174 -1.190682e+00
  175 -1.428840e+00
  176 -1.593309e+00
  177 -1.606682e+00
  178 -1.395830e+00
  179 -1.066271e+00
  180 -7.440897e-01
  181 -4.820073e-01
  182 -2.886549e-01
  183 -1.519866e-01
  184 -5.168906e-02
  185 7.835933e-03
  186 -8.978105e-03
  187 -1.201336e-01
  188 -3.085751e-01
  189 -5.437889e-01
  190 -8.031772e-01
  191 -1.070361e+00
  192 -1.324016e+00
  193 -1.526413e+00
  194 -1.616428e+00
  195 -1.500833e+00
  196 -1.204350e+00
  197 -8.706049e-01
  198 -5.819704e-01
  199 -3.610289e-01
  200 -2.031335e-01
  201 -9.047474e-02
  202 -9.501566e-03
  203 8.478690e-03
  204 -6.476783e-02
  205 -2.244110e-01
  206 -4.426721e-01
  207 -6.938392e-01
  208 -9.590921e-01
  209 -1.224996e+00
  210 -1.478954e+00
  211 -1.698584e+00
  212 -1.850577e+00
  213 -1.890334e+00
  214 -1.761755e+00
  215 -1.463420e+00
  216 -1.099235e+00
  217 -7.637808e-01
  218 -4.953925e-01
  219 -2.930438e-01
  220 -1.546719e-01
  221 -1.321412e-01
  222 -2.275270e-01
  223 -4.014519e-01
  224 -6.235068e-01
  225 -8.711191e-01
  226 -1.127880e+00
  227 -1.382184e+00
  228 -1.618726e+00
  229 -1.811857e+00
  230 -1.926364e+00
  231 -1.915066e+00
  232 -1.727908e+00
  233 -1.394762e+00
  234 -1.026309e+00
  235 -7.018860e-01
  236 -4.476710e-01
  237 -2.562415e-01
  238 -1.474327e-01
  239 -1.594065e-01
  240 -2.782395e-01
  241 -4.665745e-01
  242 -6.963276e-01
  243 -9.467559e-01
  244 -1.202876e+00
  245 -1.454182e+00
  246 -1.683176e+00
  247 -1.861345e+00
  248 -1.950992e+00
  249 -1.901699e+00
  250 -1.671772e+00
  251 -1.318026e+00
  252 -9.523564e-01
  253 -6.412982e-01
  254 -4.014781e-01
  255 -2.230150e-01
  256 -1.401371e-01
  257 -1.788869e-01
  258 -3.154864e-01
  259 -5.147804e-01
  260 -7.504332e-01
  261 -1.003078e+00
  262 -1.258803e+00
  263 -1.507054e+00
  264 -1.728315e+00
  265 -1.891951e+00
  266 -1.957947e+00
  267 -1.873506e+00
  268 -1.609661e+00
  269 -1.244613e+00
  270 -8.858488e-01
  271 -5.885054e-01
  272 -3.616117e-01
  273 -1.974093e-01
  274 -1.403136e-01
  275 -2.044212e-01
  276 -3.576044e-01
  277 -5.668773e-01
  278 -8.076224e-01
  279 -1.061822e+00
  280 -1.316615e+00
  281 -1.559386e+00
  282 -1.767986e+00
  283 -1.910010e+00
  284 -1.942658e+00
  285 -1.812325e+00
  286 -1.513529e+00
  287 -1.144017e+00
  288 -7.998734e-01
  289 -5.223528e-01
  290 -3.120772e-01
  291 -1.713317e-01
  292 -1.496424e-01
  293 -2.456372e-01
  294 -4.193637e-01
  295 -6.406713e-01
  296 -8.871840e-01
  297 -1.142641e+00
  298 -1.395543e+00
  299 -1.630509e+00
  300 -1.821815e+00
  301 -1.934272e+00
  302 -1.920816e+00
  303 -1.731806e+00
  304 -1.397487e+00
  305 -1.028283e+00
  306 -7.033120e-01
  307 -4.486413e-01
  308 -2.569227e-01
  309 -1.490292e-01
  310 -1.621939e-01
  311 -2.817515e-01
  312 -4.704656e-01
  313 -7.003470e-01
  314 -9.507265e-01
  315 -1.206678e+00
  316 -1.457737e+00
  317 -1.686335e+00
  318 -1.863865e+00
  319 -1.952553e+00
  320 -1.901907e+00
  321 -1.670599e+00
  322 -1.316211e+00
  323 -9.505654e-01
  324 -6.398191e-01
  325 -4.003315e-01
  326 -2.222466e-01
  327 -1.402557e-01
  328 -1.799251e-01
  329 -3.171221e-01
  330 -5.167716e-01
  331 -7.526013e-01
  332 -1.005293e+00
  333 -1.260976e+00
  334 -1.509021e+00
  335 -1.729821e+00
  336 -1.892681e+00
  337 -1.957499e+00
  338 -1.871415e+00
  339 -1.606204e+00
  340 -1.240904e+00
  341 -8.826416e-01
  342 -5.860264e-01
  343 -3.597621e-01
  344 -1.963457e-01
  345 -1.405793e-01
  346 -2.059557e-01
  347 -3.599598e-01
  348 -5.697175e-01
  349 -8.106995e-01
  350 -1.064957e+00
  351 -1.319683e+00
  352 -1.562156e+00
  353 -1.770091e+00
  354 -1.910984e+00
  355 -1.941883e+00
  356 -1.809218e+00
  357 -1.508822e+00
  358 -1.139202e+00
  359 -7.958063e-01
  360 -5.192369e-01
  361 -3.097347e-01
  362 -1.702389e-01
  363 -1.499064e-01
  364 -2.468261e-01
  365 -4.211487e-01
  366 -6.428057e-01
  367 -8.894862e-01
  368 -1.144980e+00
  369 -1.397828e+00
  370 -1.632565e+00
  371 -1.823358e+00
  372 -1.934927e+00
  373 -1.920072e+00
  374 -1.729379e+00
  375 -1.394178e+00
  376 -1.025074e+00
  377 -7.006706e-01
  378 -4.466317e-01
  379 -2.554418e-01
  380 -1.485369e-01
  381 -1.627269e-01
  382 -2.829721e-01
  383 -4.721178e-01
  384 -7.022399e-01
  385 -9.527206e-01
  386 -1.208674e+00
  387 -1.459666e+00
  388 -1.688063e+00
  389 -1.865168e+00
  390 -1.953127e+00
  391 -1.901349e+00
  392 -1.668833e+00
  393 -1.313931e+00
  394 -9.484188e-01
  395 -6.380790e-01
  396 -3.990061e-01
  397 -2.213326e-01
  398 -1.401222e-01
  399 -1.805780e-01
  400 -3.182939e-01
  401 -5.182608e-01
  402 -7.542580e-01
  403 -1.007009e+00
  404 -1.262674e+00
  405 -1.106752e+00
  406 -8.306426e-01
  407 -5.669632e-01
  408 -3.570735e-01
  409 -2.044657e-01
  410 -9.745036e-02
  411 -2.009574e-02
  412 3.016346e-02
  413 2.713829e-02
  414 -4.876807e-02
  415 -2.033659e-01
  416 -4.188717e-01
  417 -6.689538e-01
  418 -9.343084e-01
  419 -1.197918e+00
  420 -1.431121e+00
  421 -1.586059e+00
  422 -1.582607e+00
  423 -1.358023e+00
  424 -1.028425e+00
  425 -7.129659e-01
  426 -4.587968e-01
  427 -2.724263e-01
  428 -1.408238e-01
  429 -4.389274e-02
  430 1.138573e-02
  431 -9.776932e-03
  432 -1.242932e-01
  433 -3.149061e-01
  434 -5.513988e-01
  435 -8.114078e-01
  436 -1.078738e+00
  437 -1.331633e+00
  438 -1.531678e+00
  439 -1.616639e+00
  440 -1.493340e+00
  441 -1.193426e+00
  442 -8.602176e-01
  443 -5.736263e-01
  444 -3.549306e-01
  445 -1.988279e-01
  446 -8.724521e-02
  447 -7.779640e-03
  448 7.381060e-03
  449 -6.940754e-02
  450 -2.319937e-01
  451 -4.520219e-01
  452 -7.040866e-01
  453 -9.696079e-01
  454 -1.231487e+00
  455 -1.459251e+00
  456 -1.602381e+00
  457 -1.576595e+00
  458 -1.333040e+00
  459 -9.992667e-01
  460 -6.874731e-01
  461 -4.390781e-01
  462 -2.582884e-01
  463 -1.307286e-01
  464 -3.621405e-02
  465 1.348587e-02
  466 -1.588446e-02
  467 -1.376884e-01
  468 -3.328608e-01
  469 -5.718797e-01
  470 -8.329292e-01
  471 -1.100242e+00
  472 -1.351059e+00
  473 -1.545385e+00
  474 -1.618397e+00
  475 -1.477788e+00
  476 -1.170463e+00
  477 -8.383608e-01
  478 -5.560543e-01
  479 -3.420823e-01
  480 -1.897269e-01
  481 -8.032728e-02
  482 -4.320124e-03
  483 4.482477e-03
  484 -8.026124e-02
  485 -2.494422e-01
  486 -4.734148e-01
  487 -7.274651e-01
  488 -9.935560e-01
  489 -1.253670e+00
  490 -1.475656e+00
  491 -1.606738e+00
  492 -1.559290e+00
  493 -1.300497e+00
  494 -9.656809e-01
  495 -6.595743e-01
  496 -4.182498e-01
  497 -2.435489e-01
  498 -1.201724e-01
  499 -2.837560e-02
  500 1.386008e-02
  501 -2.655626e-02
  502 -1.581213e-01
  503 -3.593158e-01
  504 -6.015777e-01
  505 -8.638469e-01
  506 -1.130945e+00
  507 -1.378715e+00
  508 -1.564913e+00
  509 -1.620926e+00
  510 -1.457318e+00
  511 -1.140910e+00
  512 -8.104849e-01
  513 -5.337190e-01
  514 -3.257822e-01
  515 -1.781487e-01
  516 -7.141162e-02
  517 -2.871702e-04
  518 -1.061369e-05
  519 -9.520702e-02
  520 -2.729777e-01
  521 -5.020604e-01
  522 -7.586512e-01
  523 -1.025427e+00
  524 -1.283123e+00
  525 -1.497280e+00
  526 -1.611788e+00
  527 -1.535454e+00
  528 -1.258939e+00
  529 -9.238203e-01
  530 -6.251574e-01
  531 -3.927721e-01
  532 -2.255568e-01
  533 -1.071063e-01
  534 -1.940118e-02
  535 1.268923e-02
  536 -4.198009e-02
  537 -1.859029e-01
  538 -3.946563e-01
  539 -6.409163e-01
  540 -9.045960e-01
  541 -1.171015e+00
  542 -1.414074e+00
  543 -1.588482e+00
  544 -1.620214e+00
  545 -1.427362e+00
  546 -1.101128e+00
  547 -7.739919e-01
  548 -5.048440e-01
  549 -3.048594e-01
  550 -1.632978e-01
  551 -5.998022e-02
  552 4.368654e-03
  553 -6.180700e-03
  554 -1.119780e-01
  555 -2.970094e-01
  556 -5.302703e-01
  557 -7.887753e-01
  558 -1.055842e+00
  559 -1.310847e+00
  560 -1.517149e+00
  561 -1.615330e+00
  562 -1.512409e+00
  563 -1.221917e+00
  564 -8.875154e-01
  565 -5.956239e-01
  566 -3.710359e-01
  567 -2.102033e-01
  568 -9.575982e-02
  569 -1.245383e-02
  570 1.012502e-02
  571 -5.721360e-02
  572 -2.119050e-01
  573 -4.271841e-01
  574 -6.768267e-01
  575 -9.416103e-01
  576 -1.205494e+00
  577 -1.439916e+00
  578 -1.596761e+00
  579 -1.596071e+00
  580 -1.372634e+00
  581 -1.041158e+00
  582 -7.227381e-01
  583 -4.657696e-01
  584 -2.771626e-01
  585 -1.439635e-01
  586 -4.585713e-02
  587 1.021017e-02
  588 -1.091924e-02
  589 -1.257091e-01
  590 -3.164620e-01
  591 -5.529980e-01
  592 -8.129823e-01
  593 -1.080242e+00
  594 -1.332971e+00
  595 -1.532688e+00
  596 -1.617052e+00
  597 -1.492922e+00
  598 -1.192608e+00
  599 -8.593890e-01
  600 -5.729425e-01
  601 -3.544234e-01
  602 -1.984641e-01
  603 -8.696103e-02
  604 -7.635361e-03
  605 2.833604e-02
  606 5.462571e-02
  607 7.104561e-02
  608 8.023080e-02
  609 8.297729e-02
  610 7.952076e-02
  611 7.164634e-02
  612 6.061475e-02
  613 4.771624e-02
  614 3.422757e-02
  615 2.145316e-02
  616 1.057963e-02
  617 2.478023e-03
  618 -2.394366e-03
  619 -4.026718e-03
  620 -2.810153e-03
  621 5.743945e-04
  622 5.308807e-03
  623 1.058488e-02
  624 1.570902e-02
  625 2.015451e-02
  626 2.357198e-02
  627 2.577582e-02
  628 2.672120e-02
  629 2.647898e-02
  630 2.521087e-02
  631 2.314461e-02
  632 2.054837e-02
  633 1.770456e-02
  634 1.488392e-02
  635 1.232187e-02
  636 1.019931e-02
  637 8.630190e-03
  638 7.657335e-03
  639 7.256779e-03
  640 7.349334e-03
  641 7.817091e-03
  642 8.521933e-03
  643 9.323290e-03
  644 1.009306e-02
  645 1.072653e-02
  646 1.114896e-02
  647 1.131812e-02
  648 1.122343e-02
  649 1.088231e-02
  650 1.033466e-02
  651 9.636046e-03
  652 8.850332e-03
  653 8.042473e-03
  654 7.271994e-03
  655 6.587746e-03
  656 6.024318e-03
  657 5.600301e-03
  658 5.318403e-03
  659 5.167201e-03
  660 5.124139e-03
  661 5.159296e-03
  662 5.239413e-03
  663 5.331705e-03
  664 5.407098e-03
  665 5.442638e-03
  666 5.422955e-03
  667 5.340775e-03
  668 5.196566e-03
  669 4.997476e-03
  670 4.755746e-03
  671 4.486828e-03
  672 4.207429e-03
  673 3.933654e-03
  674 3.679454e-03
  675 3.455466e-03
  676 3.268337e-03
  677 3.120531e-03
  678 3.010592e-03
  679 2.933769e-03
  680 2.882905e-03
  681 2.849452e-03
  682 2.824514e-03
  683 2.799773e-03
  684 2.768261e-03
  685 2.724876e-03
  686 2.666660e-03
  687 2.592820e-03
  688 2.504529e-03
  689 2.404553e-03
  690 2.296765e-03
  691 2.185611e-03
  692 2.075577e-03
  693 1.970721e-03
  694 1.874308e-03
  695 1.788564e-03
  696 1.714574e-03
  697 1.652299e-03
  698 1.600715e-03
  699 1.558031e-03
  700 1.521957e-03
  701 1.489997e-03
  702 1.459717e-03
  703 1.428984e-03
  704 1.396138e-03
  705 1.360100e-03
  706 1.320402e-03
  707 1.277161e-03
  708 1.230982e-03
  709 1.182840e-03
  710 1.133928e-03
  711 1.085504e-03
  712 1.038750e-03
  713 9.946589e-04
  714 9.539505e-04
  715 9.170271e-04
  716 8.839675e-04
  717 8.545546e-04
  718 8.283296e-04
  719 8.046647e-04
  720 7.828446e-04
  721 7.621466e-04
  722 7.419122e-04
  723 7.216036e-04
  724 7.008410e-04
  725 6.794193e-04
  726 6.573056e-04
  727 6.346184e-04
  728 6.115953e-04
  729 5.885515e-04
  730 5.658361e-04
  731 5.437897e-04
  732 5.227087e-04
  733 5.028182e-04
  734 4.842550e-04
  735 4.670629e-04
  736 4.511971e-04
  737 4.365374e-04
  738 4.229082e-04
  739 4.101009e-04
  740 3.978977e-04
  741 3.860932e-04
  742 3.745125e-04
  743 3.630234e-04
  744 3.515440e-04
  745 3.400427e-04
  746 3.285347e-04
  747 3.170731e-04
  748 3.057377e-04
  749 2.946224e-04
  750 2.838224e-04
  751 2.734238e-04
  752 2.634938e-04
  753 2.540760e-04
  754 2.451867e-04
  755 2.368165e-04
  756 2.289323e-04
  757 2.214835e-04
  758 2.144078e-04
  759 2.076382e-04
  760 2.011094e-04
  761 1.947638e-04
  762 1.885554e-04
  763 1.824523e-04
  764 1.764374e-04
  765 1.705081e-04
  766 1.646737e-04
  767 1.589523e-04
  768 1.533676e-04
  769 1.479448e-04
  770 1.427074e-04
  771 1.376743e-04
  772 1.328581e-04
  773 1.282636e-04
  774 1.238879e-04
  775 1.197212e-04
  776 1.157481e-04
  777 1.119491e-04
  778 1.083028e-04
  779 1.047881e-04
  780 1.013853e-04
  781 9.807817e-05
  782 9.485425e-05
  783 9.170559e-05
  784 8.862853e-05
  785 8.562321e-05
  786 8.269270e-05
  787 7.984206e-05
  788 7.707719e-05
  789 7.440380e-05
  790 7.182659e-05
  791 6.934853e-05
  792 6.697050e-05
  793 6.469114e-05
  794 6.250703e-05
  795 6.041298e-05
  796 5.840253e-05
  797 5.646852e-05
  798 5.460367e-05
  799 5.280111e-05
  800 5.105479e-05
