    1     0
    2     0
    3     0
    4     0
    5     0
    6     0
    7     0
    8     0
    9     0
   10     0
   11     0
   12 -6.134919e-02
   13 -2.132101e-01
   14 -4.234208e-01
   15 -6.697030e-01
   16 -9.324165e-01
   17 -1.196455e+00
   18 -1.433937e+00
   19 -1.598210e+00
   20 -1.612820e+00
   21 -1.403642e+00
   22 -1.073746e+00
   23 -7.501538e-01
   24 -4.865169e-01
   25 -2.918023e-01
   26 -1.541314e-01
   27 -5.314269e-02
   28 7.089627e-03
   29 -9.163276e-03
   30 -1.199459e-01
   31 -3.081371e-01
   32 -5.431937e-01
   33 -8.024939e-01
   34 -1.069640e+00
   35 -1.323353e+00
   36 -1.525977e+00
   37 -1.616504e+00
   38 -1.501716e+00
   39 -1.205591e+00
   40 -8.717745e-01
   41 -5.829061e-01
   42 -3.617111e-01
   43 -2.036137e-01
   44 -9.083131e-02
   45 -9.696197e-03
   46 8.580677e-03
   47 -6.429784e-02
   48 -2.236366e-01
   49 -4.417146e-01
   50 -6.927882e-01
   51 -9.580127e-01
   52 -1.220731e+00
   53 -1.451269e+00
   54 -1.600134e+00
   55 -1.584797e+00
   56 -1.349273e+00
   57 -1.016295e+00
   58 -7.017550e-01
   59 -4.498684e-01
   60 -2.659328e-01
   61 -1.361241e-01
   62 -4.021142e-02
   63 1.246932e-02
   64 -1.274098e-02
   65 -1.309197e-01
   66 -3.238276e-01
   67 -5.615958e-01
   68 -8.221351e-01
   69 -1.089464e+00
   70 -1.341326e+00
   71 -1.538520e+00
   72 -1.617535e+00
   73 -1.485509e+00
   74 -1.181790e+00
   75 -8.491157e-01
   76 -5.646927e-01
   77 -3.483952e-01
   78 -1.942007e-01
   79 -8.373757e-02
   80 -5.988800e-03
   81 5.974176e-03
   82 -7.483591e-02
   83 -2.407630e-01
   84 -4.627919e-01
   85 -7.158664e-01
   86 -9.816811e-01
   87 -1.242677e+00
   88 -1.467538e+00
   89 -1.604636e+00
   90 -1.567945e+00
   91 -1.316492e+00
   92 -9.820962e-01
   93 -6.731650e-01
   94 -4.283483e-01
   95 -2.506793e-01
   96 -1.252889e-01
   97 -3.212206e-02
   98 1.382878e-02
   99 -2.115451e-02
  100 -1.479405e-01
  101 -3.461927e-01
  102 -5.868769e-01
  103 -8.485612e-01
  104 -1.115778e+00
  105 -1.365061e+00
  106 -1.555286e+00
  107 -1.619740e+00
  108 -1.467323e+00
  109 -1.155226e+00
  110 -8.239447e-01
  111 -5.444899e-01
  112 -3.336371e-01
  113 -1.837320e-01
  114 -7.572384e-02
  115 -2.181283e-03
  116 2.254152e-03
  117 -8.787633e-02
  118 -2.614955e-01
  119 -4.881122e-01
  120 -7.434812e-01
  121 -1.009934e+00
  122 -1.268815e+00
  123 -1.486799e+00
  124 -1.609448e+00
  125 -1.547148e+00
  126 -1.278902e+00
  127 -9.437898e-01
  128 -6.415329e-01
  129 -4.048770e-01
  130 -2.341062e-01
  131 -1.133447e-01
  132 -2.356790e-02
  133 1.348280e-02
  134 -3.431883e-02
  135 -1.723191e-01
  136 -3.774590e-01
  137 -6.218181e-01
  138 -8.848406e-01
  139 -1.151741e+00
  140 -1.397413e+00
  141 -1.578044e+00
  142 -1.622334e+00
  143 -1.443920e+00
  144 -1.122103e+00
  145 -7.929266e-01
  146 -5.197065e-01
  147 -3.155789e-01
  148 -1.708842e-01
  149 -6.577336e-02
  150 2.039829e-03
  151 -3.207251e-03
  152 -1.042146e-01
  153 -2.862135e-01
  154 -5.177554e-01
  155 -7.755038e-01
  156 -1.042502e+00
  157 -1.298753e+00
  158 -1.508565e+00
  159 -1.613971e+00
  160 -1.522544e+00
  161 -1.237837e+00
  162 -9.030097e-01
  163 -6.081891e-01
  164 -3.802678e-01
  165 -2.167245e-01
  166 -1.006017e-01
  167 -1.531555e-02
  168 1.139226e-02
  169 -5.052382e-02
  170 -2.006312e-01
  171 -4.131394e-01
  172 -6.613536e-01
  173 -9.256816e-01
  174 -1.190673e+00
  175 -1.428833e+00
  176 -1.593307e+00
  177 -1.606689e+00
  178 -1.395846e+00
  179 -1.066288e+00
  180 -7.441043e-01
  181 -4.820184e-01
  182 -2.886627e-01
  183 -1.519922e-01
  184 -5.169308e-02
  185 7.834294e-03
  186 -8.976641e-03
  187 -1.201295e-01
  188 -3.085692e-01
  189 -5.437821e-01
  190 -8.031700e-01
  191 -1.070353e+00
  192 -1.324009e+00
  193 -1.526408e+00
  194 -1.616428e+00
  195 -1.500840e+00
  196 -1.204360e+00
  197 -8.706141e-01
  198 -5.819778e-01
  199 -3.610343e-01
  200 -2.031374e-01
  201 -9.047761e-02
  202 -9.503123e-03
  203 8.479685e-03
  204 -6.476352e-02
  205 -2.244039e-01
  206 -4.426633e-01
  207 -6.938296e-01
  208 -9.590822e-01
  209 -1.224986e+00
  210 -1.478945e+00
  211 -1.698577e+00
  212 -1.850575e+00
  213 -1.890337e+00
  214 -1.761766e+00
  215 -1.463436e+00
  216 -1.099252e+00
  217 -7.637947e-01
  218 -4.954031e-01
  219 -2.930518e-01
  220 -1.546758e-01
  221 -1.321387e-01
  222 -2.275186e-01
  223 -4.014397e-01
  224 -6.234923e-01
  225 -8.711037e-01
  226 -1.127865e+00
  227 -1.382169e+00
  228 -1.618712e+00
  229 -1.811846e+00
  230 -1.926359e+00
  231 -1.915071e+00
  232 -1.727924e+00
  233 -1.394784e+00
  234 -1.026331e+00
  235 -7.019034e-01
  236 -4.476842e-01
  237 -2.562513e-01
  238 -1.474360e-01
  239 -1.594031e-01
  240 -2.782316e-01
  241 -4.665637e-01
  242 -6.963153e-01
  243 -9.467429e-01
  244 -1.202863e+00
  245 -1.454169e+00
  246 -1.683165e+00
  247 -1.861336e+00
  248 -1.950988e+00
  249 -1.901703e+00
  250 -1.671785e+00
  251 -1.318041e+00
  252 -9.523711e-01
  253 -6.413101e-01
  254 -4.014872e-01
  255 -2.230213e-01
  256 -1.401381e-01
  257 -1.788827e-01
  258 -3.154786e-01
  259 -5.147705e-01
  260 -7.504222e-01
  261 -1.003066e+00
  262 -1.258792e+00
  263 -1.507043e+00
  264 -1.728307e+00
  265 -1.891947e+00
  266 -1.957950e+00
  267 -1.873519e+00
  268 -1.609683e+00
  269 -1.244635e+00
  270 -8.858683e-01
  271 -5.885205e-01
  272 -3.616230e-01
  273 -1.974159e-01
  274 -1.403124e-01
  275 -2.044126e-01
  276 -3.575909e-01
  277 -5.668610e-01
  278 -8.076047e-01
  279 -1.061804e+00
  280 -1.316597e+00
  281 -1.559370e+00
  282 -1.767974e+00
  283 -1.910005e+00
  284 -1.942663e+00
  285 -1.812344e+00
  286 -1.513557e+00
  287 -1.144046e+00
  288 -7.998979e-01
  289 -5.223716e-01
  290 -3.120913e-01
  291 -1.713383e-01
  292 -1.496410e-01
  293 -2.456303e-01
  294 -4.193533e-01
  295 -6.406588e-01
  296 -8.871705e-01
  297 -1.142627e+00
  298 -1.395529e+00
  299 -1.630497e+00
  300 -1.821806e+00
  301 -1.934268e+00
  302 -1.920821e+00
  303 -1.731821e+00
  304 -1.397507e+00
  305 -1.028303e+00
  306 -7.033283e-01
  307 -4.486537e-01
  308 -2.569318e-01
  309 -1.490323e-01
  310 -1.621907e-01
  311 -2.817442e-01
  312 -4.704556e-01
  313 -7.003356e-01
  314 -9.507144e-01
  315 -1.206666e+00
  316 -1.457726e+00
  317 -1.686325e+00
  318 -1.863857e+00
  319 -1.952549e+00
  320 -1.901911e+00
  321 -1.670610e+00
  322 -1.316226e+00
  323 -9.505792e-01
  324 -6.398302e-01
  325 -4.003399e-01
  326 -2.222524e-01
  327 -1.402566e-01
  328 -1.799211e-01
  329 -3.171148e-01
  330 -5.167623e-01
  331 -7.525909e-01
  332 -1.005283e+00
  333 -1.260965e+00
  334 -1.509011e+00
  335 -1.729813e+00
  336 -1.892678e+00
  337 -1.957503e+00
  338 -1.871427e+00
  339 -1.606224e+00
  340 -1.240925e+00
  341 -8.826597e-01
  342 -5.860404e-01
  343 -3.597726e-01
  344 -1.963518e-01
  345 -1.405781e-01
  346 -2.059475e-01
  347 -3.599471e-01
  348 -5.697022e-01
  349 -8.106828e-01
  350 -1.064940e+00
  351 -1.319666e+00
  352 -1.562141e+00
  353 -1.770080e+00
  354 -1.910979e+00
  355 -1.941888e+00
  356 -1.809235e+00
  357 -1.508849e+00
  358 -1.139229e+00
  359 -7.958291e-01
  360 -5.192544e-01
  361 -3.097478e-01
  362 -1.702451e-01
  363 -1.499050e-01
  364 -2.468196e-01
  365 -4.211388e-01
  366 -6.427939e-01
  367 -8.894734e-01
  368 -1.144967e+00
  369 -1.397815e+00
  370 -1.632554e+00
  371 -1.823350e+00
  372 -1.934924e+00
  373 -1.920076e+00
  374 -1.729393e+00
  375 -1.394198e+00
  376 -1.025093e+00
  377 -7.006859e-01
  378 -4.466433e-01
  379 -2.554503e-01
  380 -1.485398e-01
  381 -1.627239e-01
  382 -2.829651e-01
  383 -4.721083e-01
  384 -7.022291e-01
  385 -9.527092e-01
  386 -1.208662e+00
  387 -1.459655e+00
  388 -1.688053e+00
  389 -1.865161e+00
  390 -1.953124e+00
  391 -1.901353e+00
  392 -1.668843e+00
  393 -1.313945e+00
  394 -9.484317e-01
  395 -6.380895e-01
  396 -3.990141e-01
  397 -2.213381e-01
  398 -1.401231e-01
  399 -1.805741e-01
  400 -3.182870e-01
  401 -5.182520e-01
  402 -7.542482e-01
  403 -1.006999e+00
  404 -1.262664e+00
  405 -1.106744e+00
  406 -8.306367e-01
  407 -5.669591e-01
  408 -3.570708e-01
  409 -2.044640e-01
  410 -9.744928e-02
  411 -2.009523e-02
  412 3.016389e-02
  413 2.713964e-02
  414 -4.876477e-02
  415 -2.033607e-01
  416 -4.188654e-01
  417 -6.689469e-01
  418 -9.343014e-01
  419 -1.197911e+00
  420 -1.431116e+00
  421 -1.586057e+00
  422 -1.582611e+00
  423 -1.358032e+00
  424 -1.028436e+00
  425 -7.129749e-01
  426 -4.588036e-01
  427 -2.724312e-01
  428 -1.408272e-01
  429 -4.389519e-02
  430 1.138476e-02
  431 -9.775965e-03
  432 -1.242906e-01
  433 -3.149025e-01
  434 -5.513945e-01
  435 -8.114033e-01
  436 -1.078733e+00
  437 -1.331629e+00
  438 -1.531676e+00
  439 -1.616639e+00
  440 -1.493345e+00
  441 -1.193432e+00
  442 -8.602236e-01
  443 -5.736311e-01
  444 -3.549341e-01
  445 -1.988304e-01
  446 -8.724707e-02
  447 -7.780614e-03
  448 7.381775e-03
  449 -6.940463e-02
  450 -2.319889e-01
  451 -4.520160e-01
  452 -7.040801e-01
  453 -9.696013e-01
  454 -1.231481e+00
  455 -1.459246e+00
  456 -1.602380e+00
  457 -1.576601e+00
  458 -1.333051e+00
  459 -9.992772e-01
  460 -6.874819e-01
  461 -4.390847e-01
  462 -2.582932e-01
  463 -1.307319e-01
  464 -3.621661e-02
  465 1.348557e-02
  466 -1.588127e-02
  467 -1.376821e-01
  468 -3.328526e-01
  469 -5.718704e-01
  470 -8.329195e-01
  471 -1.100232e+00
  472 -1.351050e+00
  473 -1.545379e+00
  474 -1.618396e+00
  475 -1.477795e+00
  476 -1.170474e+00
  477 -8.383709e-01
  478 -5.560624e-01
  479 -3.420882e-01
  480 -1.897310e-01
  481 -8.033047e-02
  482 -4.321654e-03
  483 4.483969e-03
  484 -8.025593e-02
  485 -2.494337e-01
  486 -4.734044e-01
  487 -7.274537e-01
  488 -9.935443e-01
  489 -1.253659e+00
  490 -1.475648e+00
  491 -1.606736e+00
  492 -1.559299e+00
  493 -1.300513e+00
  494 -9.656977e-01
  495 -6.595882e-01
  496 -4.182601e-01
  497 -2.435562e-01
  498 -1.201776e-01
  499 -2.837937e-02
  500 1.386019e-02
  501 -2.655047e-02
  502 -1.581105e-01
  503 -3.593019e-01
  504 -6.015622e-01
  505 -8.638308e-01
  506 -1.130929e+00
  507 -1.378701e+00
  508 -1.564903e+00
  509 -1.620925e+00
  510 -1.457329e+00
  511 -1.140925e+00
  512 -8.104997e-01
  513 -5.337308e-01
  514 -3.257908e-01
  515 -1.781548e-01
  516 -7.141633e-02
  517 -2.891866e-04
  518 -8.032045e-06
  519 -9.519880e-02
  520 -2.729648e-01
  521 -5.020448e-01
  522 -7.586343e-01
  523 -1.025410e+00
  524 -1.283107e+00
  525 -1.497268e+00
  526 -1.611786e+00
  527 -1.535468e+00
  528 -1.258962e+00
  529 -9.238432e-01
  530 -6.251761e-01
  531 -3.927859e-01
  532 -2.255665e-01
  533 -1.071134e-01
  534 -1.940582e-02
  535 1.269040e-02
  536 -4.197090e-02
  537 -1.858868e-01
  538 -3.946360e-01
  539 -6.408938e-01
  540 -9.045727e-01
  541 -1.170993e+00
  542 -1.414058e+00
  543 -1.588477e+00
  544 -1.620229e+00
  545 -1.427398e+00
  546 -1.101168e+00
  547 -7.740267e-01
  548 -5.048707e-01
  549 -3.048783e-01
  550 -1.633110e-01
  551 -5.998995e-02
  552 4.364525e-03
  553 -6.177316e-03
  554 -1.119681e-01
  555 -2.969953e-01
  556 -5.302539e-01
  557 -7.887578e-01
  558 -1.055824e+00
  559 -1.310831e+00
  560 -1.517138e+00
  561 -1.615329e+00
  562 -1.512423e+00
  563 -1.221940e+00
  564 -8.875372e-01
  565 -5.956415e-01
  566 -3.710488e-01
  567 -2.102124e-01
  568 -9.576659e-02
  569 -1.245773e-02
  570 1.012696e-02
  571 -5.720402e-02
  572 -2.118890e-01
  573 -4.271642e-01
  574 -6.768048e-01
  575 -9.415878e-01
  576 -1.205473e+00
  577 -1.439900e+00
  578 -1.596757e+00
  579 -1.596087e+00
  580 -1.372667e+00
  581 -1.041194e+00
  582 -7.227685e-01
  583 -4.657927e-01
  584 -2.771790e-01
  585 -1.439749e-01
  586 -4.586538e-02
  587 1.020686e-02
  588 -1.091641e-02
  589 -1.257011e-01
  590 -3.164507e-01
  591 -5.529848e-01
  592 -8.129683e-01
  593 -1.080228e+00
  594 -1.332959e+00
  595 -1.532679e+00
  596 -1.617051e+00
  597 -1.492934e+00
  598 -1.192626e+00
  599 -8.594057e-01
  600 -5.729559e-01
  601 -3.544332e-01
  602 -1.984710e-01
  603 -8.696626e-02
  604 -7.638083e-03
  605 2.833486e-02
  606 5.462534e-02
  607 7.104569e-02
  608 8.023106e-02
  609 8.297747e-02
  610 7.952048e-02
  611 7.164524e-02
  612 6.061255e-02
  613 4.771275e-02
  614 3.422273e-02
  615 2.144707e-02
  616 1.057254e-02
  617 2.470327e-03
  618 -2.402207e-03
  619 -4.034238e-03
  620 -2.816959e-03
  621 5.685716e-04
  622 5.304093e-03
  623 1.058126e-02
  624 1.570639e-02
  625 2.015270e-02
  626 2.357076e-02
  627 2.577497e-02
  628 2.672049e-02
  629 2.647821e-02
  630 2.520990e-02
  631 2.314331e-02
  632 2.054667e-02
  633 1.770244e-02
  634 1.488142e-02
  635 1.231907e-02
  636 1.019631e-02
  637 8.627105e-03
  638 7.654290e-03
  639 7.253885e-03
  640 7.346676e-03
  641 7.814726e-03
  642 8.519885e-03
  643 9.321553e-03
  644 1.009160e-02
  645 1.072530e-02
  646 1.114790e-02
  647 1.131717e-02
  648 1.122251e-02
  649 1.088138e-02
  650 1.033368e-02
  651 9.634981e-03
  652 8.849174e-03
  653 8.041226e-03
  654 7.270672e-03
  655 6.586375e-03
  656 6.022930e-03
  657 5.598927e-03
  658 5.317076e-03
  659 5.165945e-03
  660 5.122972e-03
  661 5.158229e-03
  662 5.238447e-03
  663 5.330836e-03
  664 5.406313e-03
  665 5.441922e-03
  666 5.422289e-03
  667 5.340141e-03
  668 5.195948e-03
  669 4.996860e-03
  670 4.755121e-03
  671 4.486190e-03
  672 4.206776e-03
  673 3.932990e-03
  674 3.678784e-03
  675 3.454797e-03
  676 3.267678e-03
  677 3.119891e-03
  678 3.009979e-03
  679 2.933188e-03
  680 2.882359e-03
  681 2.848943e-03
  682 2.824039e-03
  683 2.799332e-03
  684 2.767848e-03
  685 2.724485e-03
  686 2.666287e-03
  687 2.592460e-03
  688 2.504177e-03
  689 2.404206e-03
  690 2.296421e-03
  691 2.185268e-03
  692 2.075236e-03
  693 1.970383e-03
  694 1.873974e-03
  695 1.788238e-03
  696 1.714257e-03
  697 1.651993e-03
  698 1.600422e-03
  699 1.557752e-03
  700 1.521693e-03
  701 1.489747e-03
  702 1.459480e-03
  703 1.428759e-03
  704 1.395924e-03
  705 1.359894e-03
  706 1.320205e-03
  707 1.276969e-03
  708 1.230795e-03
  709 1.182657e-03
  710 1.133748e-03
  711 1.085327e-03
  712 1.038577e-03
  713 9.944897e-04
  714 9.537856e-04
  715 9.168671e-04
  716 8.838129e-04
  717 8.544058e-04
  718 8.281868e-04
  719 8.045282e-04
  720 7.827142e-04
  721 7.620221e-04
  722 7.417932e-04
  723 7.214896e-04
  724 7.007315e-04
  725 6.793138e-04
  726 6.572035e-04
  727 6.345194e-04
  728 6.114990e-04
  729 5.884577e-04
  730 5.657447e-04
  731 5.437007e-04
  732 5.226221e-04
  733 5.027340e-04
  734 4.841734e-04
  735 4.669840e-04
  736 4.511210e-04
  737 4.364642e-04
  738 4.228378e-04
  739 4.100334e-04
  740 3.978329e-04
  741 3.860310e-04
  742 3.744527e-04
  743 3.629659e-04
  744 3.514885e-04
  745 3.399891e-04
  746 3.284828e-04
  747 3.170228e-04
  748 3.056890e-04
  749 2.945750e-04
  750 2.837765e-04
  751 2.733792e-04
  752 2.634506e-04
  753 2.540342e-04
  754 2.451463e-04
  755 2.367774e-04
  756 2.288947e-04
  757 2.214473e-04
  758 2.143729e-04
  759 2.076046e-04
  760 2.010771e-04
  761 1.947327e-04
  762 1.885254e-04
  763 1.824233e-04
  764 1.764095e-04
  765 1.704811e-04
  766 1.646475e-04
  767 1.589270e-04
  768 1.533431e-04
  769 1.479210e-04
  770 1.426844e-04
  771 1.376521e-04
  772 1.328366e-04
  773 1.282428e-04
  774 1.238678e-04
  775 1.197019e-04
  776 1.157294e-04
  777 1.119310e-04
  778 1.082854e-04
  779 1.047713e-04
  780 1.013692e-04
  781 9.806259e-05
  782 9.483922e-05
  783 9.169108e-05
  784 8.861452e-05
  785 8.560966e-05
  786 8.267960e-05
  787 7.982939e-05
  788 7.706493e-05
  789 7.439194e-05
  790 7.181512e-05
  791 6.933744e-05
  792 6.695978e-05
  793 6.468079e-05
  794 6.249704e-05
  795 6.040333e-05
  796 5.839322e-05
  797 5.645954e-05
  798 5.459501e-05
  799 5.279275e-05
  800 5.104672e-05
