    1     0
    2     0
    3     0
    4     0
    5     0
    6     0
    7     0
    8     0
    9     0
   10     0
   11     0
   12 -6.134919e-02
   13 -2.149825e-01
   14 -4.276147e-01
   15 -6.754206e-01
   16 -9.389880e-01
   17 -1.203153e+00
   18 -1.440561e+00
   19 -1.604636e+00
   20 -1.618085e+00
   21 -1.406648e+00
   22 -1.075168e+00
   23 -7.507238e-01
   24 -4.866667e-01
   25 -2.917854e-01
   26 -1.540211e-01
   27 -5.287729e-02
   28 7.008087e-03
   29 -1.001373e-02
   30 -1.214910e-01
   31 -3.101076e-01
   32 -5.453897e-01
   33 -8.047704e-01
   34 -1.071894e+00
   35 -1.326081e+00
   36 -1.530557e+00
   37 -1.625033e+00
   38 -1.515564e+00
   39 -1.220589e+00
   40 -8.846390e-01
   41 -5.927065e-01
   42 -3.686548e-01
   43 -2.083760e-01
   44 -9.416011e-02
   45 -1.155524e-02
   46 8.663421e-03
   47 -6.180972e-02
   48 -2.190306e-01
   49 -4.358079e-01
   50 -6.861876e-01
   51 -9.511595e-01
   52 -1.214358e+00
   53 -1.447496e+00
   54 -1.602639e+00
   55 -1.599156e+00
   56 -1.372787e+00
   57 -1.040008e+00
   58 -7.213259e-01
   59 -4.645158e-01
   60 -2.761973e-01
   61 -1.432164e-01
   62 -4.517985e-02
   63 1.032001e-02
   64 -1.165528e-02
   65 -1.271297e-01
   66 -3.183053e-01
   67 -5.550694e-01
   68 -8.151401e-01
   69 -1.082386e+00
   70 -1.335644e+00
   71 -1.537319e+00
   72 -1.625799e+00
   73 -1.507002e+00
   74 -1.207691e+00
   75 -8.722545e-01
   76 -5.827161e-01
   77 -3.613362e-01
   78 -2.032036e-01
   79 -9.027894e-02
   80 -9.445151e-03
   81 7.362746e-03
   82 -6.742357e-02
   83 -2.282318e-01
   84 -4.471646e-01
   85 -6.986409e-01
   86 -9.639428e-01
   87 -1.226310e+00
   88 -1.456609e+00
   89 -1.605799e+00
   90 -1.591239e+00
   91 -1.355660e+00
   92 -1.021626e+00
   93 -7.057570e-01
   94 -4.526918e-01
   95 -2.678357e-01
   96 -1.373685e-01
   97 -4.095329e-02
   98 1.198379e-02
   99 -1.310005e-02
  100 -1.311567e-01
  101 -3.239724e-01
  102 -5.616722e-01
  103 -8.221618e-01
  104 -1.089456e+00
  105 -1.342073e+00
  106 -1.541869e+00
  107 -1.626340e+00
  108 -1.501461e+00
  109 -1.199420e+00
  110 -8.643432e-01
  111 -5.763437e-01
  112 -3.566719e-01
  113 -1.999042e-01
  114 -8.778864e-02
  115 -8.141502e-03
  116 6.434877e-03
  117 -7.114767e-02
  118 -2.342727e-01
  119 -4.545941e-01
  120 -7.067729e-01
  121 -9.722812e-01
  122 -1.234096e+00
  123 -1.462525e+00
  124 -1.607779e+00
  125 -1.585937e+00
  126 -1.344610e+00
  127 -1.009897e+00
  128 -6.958712e-01
  129 -4.452011e-01
  130 -2.625380e-01
  131 -1.336515e-01
  132 -3.825299e-02
  133 1.291934e-02
  134 -1.439835e-02
  135 -1.343378e-01
  136 -3.283411e-01
  137 -5.667093e-01
  138 -8.274873e-01
  139 -1.094799e+00
  140 -1.346921e+00
  141 -1.545305e+00
  142 -1.626776e+00
  143 -1.497429e+00
  144 -1.193425e+00
  145 -8.586208e-01
  146 -5.717380e-01
  147 -3.533021e-01
  148 -1.975187e-01
  149 -8.598050e-02
  150 -7.219676e-03
  151 5.713455e-03
  152 -7.391727e-02
  153 -2.387353e-01
  154 -4.600700e-01
  155 -7.127595e-01
  156 -9.784151e-01
  157 -1.239819e+00
  158 -1.466863e+00
  159 -1.609194e+00
  160 -1.581971e+00
  161 -1.336545e+00
  162 -1.001399e+00
  163 -6.887306e-01
  164 -4.397988e-01
  165 -2.586889e-01
  166 -1.308995e-01
  167 -3.614721e-02
  168 1.317138e-02
  169 -1.696819e-02
  170 -1.394254e-01
  171 -3.349882e-01
  172 -5.742033e-01
  173 -8.353086e-01
  174 -1.102578e+00
  175 -1.353956e+00
  176 -1.550326e+00
  177 -1.627586e+00
  178 -1.492111e+00
  179 -1.185458e+00
  180 -8.510085e-01
  181 -5.656077e-01
  182 -3.488155e-01
  183 -1.943377e-01
  184 -8.355461e-02
  185 -6.018122e-03
  186 4.659041e-03
  187 -7.778043e-02
  188 -2.449186e-01
  189 -4.676394e-01
  190 -7.210249e-01
  191 -9.868778e-01
  192 -1.247708e+00
  193 -1.472830e+00
  194 -1.611092e+00
  195 -1.576416e+00
  196 -1.325514e+00
  197 -9.898584e-01
  198 -6.790771e-01
  199 -4.325365e-01
  200 -2.535284e-01
  201 -1.272023e-01
  202 -3.335423e-02
  203 1.339156e-02
  204 -2.060716e-02
  205 -1.464882e-01
  206 -3.441670e-01
  207 -5.845255e-01
  208 -8.460659e-01
  209 -1.113268e+00
  210 -1.375257e+00
  211 -1.614156e+00
  212 -1.800690e+00
  213 -1.895623e+00
  214 -1.845676e+00
  215 -1.610900e+00
  216 -1.258849e+00
  217 -9.021181e-01
  218 -6.025028e-01
  219 -3.733795e-01
  220 -2.022594e-01
  221 -1.224672e-01
  222 -1.626957e-01
  223 -3.008649e-01
  224 -5.017380e-01
  225 -7.389225e-01
  226 -9.930136e-01
  227 -1.250078e+00
  228 -1.499267e+00
  229 -1.720889e+00
  230 -1.884197e+00
  231 -1.948862e+00
  232 -1.861660e+00
  233 -1.595363e+00
  234 -1.230641e+00
  235 -8.741596e-01
  236 -5.796044e-01
  237 -3.551320e-01
  238 -1.930989e-01
  239 -1.385358e-01
  240 -2.048716e-01
  241 -3.595731e-01
  242 -5.698240e-01
  243 -8.111418e-01
  244 -1.065615e+00
  245 -1.320468e+00
  246 -1.562831e+00
  247 -1.770324e+00
  248 -1.910392e+00
  249 -1.939942e+00
  250 -1.805410e+00
  251 -1.503809e+00
  252 -1.134301e+00
  253 -7.917463e-01
  254 -5.161623e-01
  255 -3.074564e-01
  256 -1.690860e-01
  257 -1.499248e-01
  258 -2.476501e-01
  259 -4.224992e-01
  260 -6.444725e-01
  261 -8.913138e-01
  262 -1.146856e+00
  263 -1.399673e+00
  264 -1.634227e+00
  265 -1.824612e+00
  266 -1.935480e+00
  267 -1.919518e+00
  268 -1.727489e+00
  269 -1.391588e+00
  270 -1.022557e+00
  271 -6.985974e-01
  272 -4.450530e-01
  273 -2.542785e-01
  274 -1.481533e-01
  275 -1.631516e-01
  276 -2.839387e-01
  277 -4.734244e-01
  278 -7.037361e-01
  279 -9.542962e-01
  280 -1.210250e+00
  281 -1.461190e+00
  282 -1.689448e+00
  283 -1.866285e+00
  284 -1.953792e+00
  285 -1.901307e+00
  286 -1.668019e+00
  287 -1.312752e+00
  288 -9.472660e-01
  289 -6.371269e-01
  290 -3.982706e-01
  291 -2.208212e-01
  292 -1.400698e-01
  293 -1.809951e-01
  294 -3.190200e-01
  295 -5.191747e-01
  296 -7.552702e-01
  297 -1.008054e+00
  298 -1.263706e+00
  299 -1.511341e+00
  300 -1.731204e+00
  301 -1.892582e+00
  302 -1.955247e+00
  303 -1.866249e+00
  304 -1.598810e+00
  305 -1.233384e+00
  306 -8.763108e-01
  307 -5.812129e-01
  308 -3.562154e-01
  309 -1.943747e-01
  310 -1.411587e-01
  311 -2.089331e-01
  312 -3.644864e-01
  313 -5.751560e-01
  314 -8.165803e-01
  315 -1.070942e+00
  316 -1.325535e+00
  317 -1.567375e+00
  318 -1.773927e+00
  319 -1.912532e+00
  320 -1.939945e+00
  321 -1.802699e+00
  322 -1.499278e+00
  323 -1.129574e+00
  324 -7.877309e-01
  325 -5.130763e-01
  326 -3.051173e-01
  327 -1.681536e-01
  328 -1.505550e-01
  329 -2.493343e-01
  330 -4.248515e-01
  331 -6.472045e-01
  332 -8.942140e-01
  333 -1.149773e+00
  334 -1.402502e+00
  335 -1.636769e+00
  336 -1.826543e+00
  337 -1.936371e+00
  338 -1.918789e+00
  339 -1.724837e+00
  340 -1.387940e+00
  341 -1.019013e+00
  342 -6.956798e-01
  343 -4.428310e-01
  344 -2.526452e-01
  345 -1.476509e-01
  346 -1.638240e-01
  347 -2.853968e-01
  348 -4.753737e-01
  349 -7.059569e-01
  350 -9.566282e-01
  351 -1.212579e+00
  352 -1.463437e+00
  353 -1.691460e+00
  354 -1.867808e+00
  355 -1.954474e+00
  356 -1.900689e+00
  357 -1.666021e+00
  358 -1.310173e+00
  359 -9.448385e-01
  360 -6.351597e-01
  361 -3.967714e-01
  362 -2.197928e-01
  363 -1.399367e-01
  364 -1.817630e-01
  365 -3.203820e-01
  366 -5.208992e-01
  367 -7.571853e-01
  368 -1.010035e+00
  369 -1.265665e+00
  370 -1.513122e+00
  371 -1.732561e+00
  372 -1.893209e+00
  373 -1.954747e+00
  374 -1.864164e+00
  375 -1.595422e+00
  376 -1.229769e+00
  377 -8.731906e-01
  378 -5.788018e-01
  379 -3.544150e-01
  380 -1.933495e-01
  381 -1.414174e-01
  382 -2.104102e-01
  383 -3.667517e-01
  384 -5.778867e-01
  385 -8.195382e-01
  386 -1.073955e+00
  387 -1.328484e+00
  388 -1.570040e+00
  389 -1.775957e+00
  390 -1.913479e+00
  391 -1.939209e+00
  392 -1.799737e+00
  393 -1.494832e+00
  394 -1.125048e+00
  395 -7.839168e-01
  396 -5.101559e-01
  397 -3.029205e-01
  398 -1.671599e-01
  399 -1.508593e-01
  400 -2.505217e-01
  401 -4.266062e-01
  402 -6.492898e-01
  403 -8.964559e-01
  404 -1.152046e+00
  405 -1.016949e+00
  406 -7.647205e-01
  407 -5.213988e-01
  408 -3.268049e-01
  409 -1.849421e-01
  410 -8.544362e-02
  411 -1.423691e-02
  412 3.441200e-02
  413 4.014258e-02
  414 -1.499845e-02
  415 -1.367700e-01
  416 -3.225360e-01
  417 -5.550814e-01
  418 -8.122479e-01
  419 -1.077381e+00
  420 -1.328345e+00
  421 -1.528421e+00
  422 -1.618061e+00
  423 -1.504918e+00
  424 -1.209923e+00
  425 -8.759412e-01
  426 -5.863142e-01
  427 -3.642270e-01
  428 -2.053854e-01
  429 -9.212004e-02
  430 -1.044031e-02
  431 8.819704e-03
  432 -6.231259e-02
  433 -2.199075e-01
  434 -4.369123e-01
  435 -6.874110e-01
  436 -9.524231e-01
  437 -1.215520e+00
  438 -1.448324e+00
  439 -1.602792e+00
  440 -1.598076e+00
  441 -1.370680e+00
  442 -1.037790e+00
  443 -7.194621e-01
  444 -4.631074e-01
  445 -2.752044e-01
  446 -1.425252e-01
  447 -4.468433e-02
  448 1.052340e-02
  449 -1.179306e-02
  450 -1.275466e-01
  451 -3.189001e-01
  452 -5.557664e-01
  453 -8.158837e-01
  454 -1.083136e+00
  455 -1.336327e+00
  456 -1.537802e+00
  457 -1.625854e+00
  458 -1.506403e+00
  459 -1.206795e+00
  460 -8.713962e-01
  461 -5.820245e-01
  462 -3.608299e-01
  463 -2.028456e-01
  464 -9.000928e-02
  465 -9.302082e-03
  466 7.265924e-03
  467 -6.782186e-02
  468 -2.288802e-01
  469 -4.479630e-01
  470 -6.995153e-01
  471 -9.648398e-01
  472 -1.227148e+00
  473 -1.457247e+00
  474 -1.606015e+00
  475 -1.590673e+00
  476 -1.354466e+00
  477 -1.020354e+00
  478 -7.046835e-01
  479 -4.518777e-01
  480 -2.672605e-01
  481 -1.369662e-01
  482 -4.066388e-02
  483 1.209704e-02
  484 -1.319718e-02
  485 -1.314274e-01
  486 -3.243535e-01
  487 -5.621162e-01
  488 -8.226340e-01
  489 -1.089932e+00
  490 -1.342505e+00
  491 -1.542174e+00
  492 -1.626374e+00
  493 -1.501087e+00
  494 -1.198866e+00
  495 -8.638143e-01
  496 -5.759182e-01
  497 -3.563606e-01
  498 -1.996840e-01
  499 -8.762210e-02
  500 -8.055675e-03
  501 6.370748e-03
  502 -7.139877e-02
  503 -2.346784e-01
  504 -4.550924e-01
  505 -7.073179e-01
  506 -9.728397e-01
  507 -1.234617e+00
  508 -1.462921e+00
  509 -1.607909e+00
  510 -1.585578e+00
  511 -1.343873e+00
  512 -1.009119e+00
  513 -6.952162e-01
  514 -4.447052e-01
  515 -2.621846e-01
  516 -1.333992e-01
  517 -3.805912e-02
  518 1.294500e-02
  519 -1.463021e-02
  520 -1.347999e-01
  521 -3.289459e-01
  522 -5.673917e-01
  523 -8.281999e-01
  524 -1.095508e+00
  525 -1.347562e+00
  526 -1.545763e+00
  527 -1.626852e+00
  528 -1.496944e+00
  529 -1.192694e+00
  530 -8.579214e-01
  531 -5.711743e-01
  532 -3.528894e-01
  533 -1.972262e-01
  534 -8.575776e-02
  535 -7.107826e-03
  536 5.619065e-03
  537 -7.426942e-02
  538 -2.393007e-01
  539 -4.607629e-01
  540 -7.135165e-01
  541 -9.791905e-01
  542 -1.240542e+00
  543 -1.467411e+00
  544 -1.609371e+00
  545 -1.581466e+00
  546 -1.335530e+00
  547 -1.000333e+00
  548 -6.878366e-01
  549 -4.391229e-01
  550 -2.582074e-01
  551 -1.305547e-01
  552 -3.588484e-02
  553 1.319853e-02
  554 -1.729664e-02
  555 -1.400703e-01
  556 -3.358290e-01
  557 -5.751502e-01
  558 -8.362963e-01
  559 -1.103561e+00
  560 -1.354844e+00
  561 -1.550959e+00
  562 -1.627685e+00
  563 -1.491440e+00
  564 -1.184460e+00
  565 -8.500574e-01
  566 -5.648424e-01
  567 -3.482557e-01
  568 -1.939407e-01
  569 -8.325123e-02
  570 -5.870402e-03
  571 4.523140e-03
  572 -7.826780e-02
  573 -2.456957e-01
  574 -4.685895e-01
  575 -7.220616e-01
  576 -9.879388e-01
  577 -1.248696e+00
  578 -1.473577e+00
  579 -1.611325e+00
  580 -1.575712e+00
  581 -1.324138e+00
  582 -9.884251e-01
  583 -6.778836e-01
  584 -4.316470e-01
  585 -2.528996e-01
  586 -1.267520e-01
  587 -3.301750e-02
  588 1.340555e-02
  589 -2.107258e-02
  590 -1.473771e-01
  591 -3.453171e-01
  592 -5.858162e-01
  593 -8.474094e-01
  594 -1.114602e+00
  595 -1.364817e+00
  596 -1.558053e+00
  597 -1.628744e+00
  598 -1.483939e+00
  599 -1.173389e+00
  600 -8.395347e-01
  601 -5.563859e-01
  602 -3.420738e-01
  603 -1.895546e-01
  604 -7.989057e-02
  605 -1.713052e-02
  606 2.828172e-02
  607 5.819635e-02
  608 7.412729e-02
  609 7.489731e-02
  610 6.091970e-02
  611 3.495157e-02
  612 1.989592e-04
  613 -3.955137e-02
  614 -7.986122e-02
  615 -1.157242e-01
  616 -1.421876e-01
  617 -1.552646e-01
  618 -1.530136e-01
  619 -1.364516e-01
  620 -1.095139e-01
  621 -7.763915e-02
  622 -4.583828e-02
  623 -1.751402e-02
  624 5.631086e-03
  625 2.308408e-02
  626 3.497352e-02
  627 4.175012e-02
  628 4.407284e-02
  629 4.277037e-02
  630 3.879486e-02
  631 3.315462e-02
  632 2.683821e-02
  633 2.073862e-02
  634 1.558303e-02
  635 1.187705e-02
  636 9.875402e-03
  637 9.587341e-03
  638 1.081659e-02
  639 1.322628e-02
  640 1.641323e-02
  641 1.997581e-02
  642 2.356427e-02
  643 2.690970e-02
  644 2.983366e-02
  645 3.224380e-02
  646 3.412073e-02
  647 3.550095e-02
  648 3.645878e-02
  649 3.708931e-02
  650 3.749377e-02
  651 3.776788e-02
  652 3.799362e-02
  653 3.823433e-02
  654 3.853304e-02
  655 3.891324e-02
  656 3.938161e-02
  657 3.993187e-02
  658 4.054896e-02
  659 4.121318e-02
  660 4.190364e-02
  661 4.260088e-02
  662 4.328861e-02
  663 4.395459e-02
  664 4.459087e-02
  665 4.519339e-02
  666 4.576138e-02
  667 4.629648e-02
  668 4.680197e-02
  669 4.728193e-02
  670 4.774064e-02
  671 4.818213e-02
  672 4.860984e-02
  673 4.902650e-02
  674 4.943409e-02
  675 4.983390e-02
  676 5.022664e-02
  677 5.061256e-02
  678 5.099164e-02
  679 5.136367e-02
  680 5.172838e-02
  681 5.208551e-02
  682 5.243485e-02
  683 5.277631e-02
  684 5.310986e-02
  685 5.343559e-02
  686 5.375364e-02
  687 5.406424e-02
  688 5.436762e-02
  689 5.466406e-02
  690 5.495383e-02
  691 5.523718e-02
  692 5.551438e-02
  693 5.578566e-02
  694 5.605121e-02
  695 5.631125e-02
  696 5.656594e-02
  697 5.681544e-02
  698 5.705991e-02
  699 5.729948e-02
  700 5.753427e-02
  701 5.776443e-02
  702 5.799006e-02
  703 5.821129e-02
  704 5.842824e-02
  705 5.864100e-02
  706 5.884970e-02
  707 5.905444e-02
  708 5.925532e-02
  709 5.945245e-02
  710 5.964593e-02
  711 5.983584e-02
  712 6.002229e-02
  713 6.020536e-02
  714 6.038513e-02
  715 6.056170e-02
  716 6.073514e-02
  717 6.090553e-02
  718 6.107295e-02
  719 6.123746e-02
  720 6.139915e-02
  721 6.155807e-02
  722 6.171429e-02
  723 6.186789e-02
  724 6.201891e-02
  725 6.216743e-02
  726 6.231350e-02
  727 6.245717e-02
  728 6.259851e-02
  729 6.273757e-02
  730 6.287439e-02
  731 6.300903e-02
  732 6.314155e-02
  733 6.327198e-02
  734 6.340037e-02
  735 6.352677e-02
  736 6.365122e-02
  737 6.377377e-02
  738 6.389445e-02
  739 6.401331e-02
  740 6.413039e-02
  741 6.424572e-02
  742 6.435934e-02
  743 6.447129e-02
  744 6.458160e-02
  745 6.469030e-02
  746 6.479744e-02
  747 6.490303e-02
  748 6.500712e-02
  749 6.510974e-02
  750 6.521091e-02
  751 6.531066e-02
  752 6.540902e-02
  753 6.550603e-02
  754 6.560169e-02
  755 6.569606e-02
  756 6.578914e-02
  757 6.588096e-02
  758 6.597155e-02
  759 6.606093e-02
  760 6.614912e-02
  761 6.623616e-02
  762 6.632205e-02
  763 6.640682e-02
  764 6.649049e-02
  765 6.657308e-02
  766 6.665462e-02
  767 6.673512e-02
  768 6.681460e-02
  769 6.689308e-02
  770 6.697057e-02
  771 6.704710e-02
  772 6.712268e-02
  773 6.719733e-02
  774 6.727107e-02
  775 6.734391e-02
  776 6.741587e-02
  777 6.748696e-02
  778 6.755720e-02
  779 6.762660e-02
  780 6.769518e-02
  781 6.776295e-02
  782 6.782993e-02
  783 6.789612e-02
  784 6.796155e-02
  785 6.802622e-02
  786 6.809015e-02
  787 6.815335e-02
  788 6.821584e-02
  789 6.827761e-02
  790 6.833870e-02
  791 6.839910e-02
  792 6.845883e-02
  793 6.851789e-02
  794 6.857631e-02
  795 6.863409e-02
  796 6.869123e-02
  797 6.874776e-02
  798 6.880368e-02
  799 6.885900e-02
  800 6.891372e-02
