    1     0
    2     0
    3     0
    4     0
    5     0
    6     0
    7     0
    8     0
    9     0
   10     0
   11     0
   12     0
   13     0
   14     0
   15     0
   16     0
   17     0
   18     0
   19 6.200238e-04
   20 2.262266e-03
   21 4.660362e-03
   22 7.612717e-03
   23 1.096682e-02
   24 1.460737e-02
   25 1.844727e-02
   26 2.242076e-02
   27 2.647831e-02
   28 3.058264e-02
   29 3.470576e-02
   30 3.882674e-02
   31 4.292996e-02
   32 4.700387e-02
   33 5.103994e-02
   34 5.503197e-02
   35 5.897552e-02
   36 6.286746e-02
   37 6.670566e-02
   38 7.048873e-02
   39 7.421586e-02
   40 7.788668e-02
   41 8.150111e-02
   42 8.505932e-02
   43 8.856166e-02
   44 9.200861e-02
   45 9.540075e-02
   46 9.873870e-02
   47 1.020232e-01
   48 1.052549e-01
   49 1.084346e-01
   50 1.115631e-01
   51 1.146411e-01
   52 1.176693e-01
   53 1.206487e-01
   54 1.235798e-01
   55 1.264636e-01
   56 1.293007e-01
   57 1.320918e-01
   58 1.348378e-01
   59 1.375394e-01
   60 1.401972e-01
   61 1.428119e-01
   62 1.453844e-01
   63 1.479151e-01
   64 1.504049e-01
   65 1.528543e-01
   66 1.552641e-01
   67 1.576349e-01
   68 1.599672e-01
   69 1.622618e-01
   70 1.645192e-01
   71 1.667401e-01
   72 1.689250e-01
   73 1.710745e-01
   74 1.731892e-01
   75 1.752696e-01
   76 1.773163e-01
   77 1.793299e-01
   78 1.813109e-01
   79 1.832598e-01
   80 1.851771e-01
   81 1.870633e-01
   82 1.889191e-01
   83 1.907447e-01
   84 1.925408e-01
   85 1.943078e-01
   86 1.960462e-01
   87 1.977564e-01
   88 1.994389e-01
   89 2.010942e-01
   90 2.027226e-01
   91 2.043247e-01
   92 2.059008e-01
   93 2.074514e-01
   94 2.089769e-01
   95 2.104777e-01
   96 2.119542e-01
   97 2.134067e-01
   98 2.148358e-01
   99 2.162417e-01
  100 2.176248e-01
  101 2.189855e-01
  102 2.203242e-01
  103 2.216411e-01
  104 2.229368e-01
  105 2.242115e-01
  106 2.254655e-01
  107 2.266992e-01
  108 2.279130e-01
  109 2.291070e-01
  110 2.302818e-01
  111 2.314375e-01
  112 2.325745e-01
  113 2.336930e-01
  114 2.347935e-01
  115 2.358761e-01
  116 2.369412e-01
  117 2.379891e-01
  118 2.390199e-01
  119 2.400341e-01
  120 2.410319e-01
  121 2.420134e-01
  122 2.429791e-01
  123 2.439292e-01
  124 2.448638e-01
  125 2.457834e-01
  126 2.466880e-01
  127 2.475780e-01
  128 2.484535e-01
  129 2.493149e-01
  130 2.501623e-01
  131 2.509960e-01
  132 2.518162e-01
  133 2.526232e-01
  134 2.534170e-01
  135 2.541980e-01
  136 2.549663e-01
  137 2.557222e-01
  138 2.564659e-01
  139 2.571975e-01
  140 2.579172e-01
  141 2.586253e-01
  142 2.593220e-01
  143 2.600073e-01
  144 2.606816e-01
  145 2.613449e-01
  146 2.619975e-01
  147 2.626395e-01
  148 2.632711e-01
  149 2.638925e-01
  150 2.645038e-01
  151 2.651052e-01
  152 2.656969e-01
  153 2.662790e-01
  154 2.668516e-01
  155 2.674150e-01
  156 2.679693e-01
  157 2.685146e-01
  158 2.690510e-01
  159 2.695788e-01
  160 2.700980e-01
  161 2.706088e-01
  162 2.711113e-01
  163 2.716057e-01
  164 2.720921e-01
  165 2.725706e-01
  166 2.730414e-01
  167 2.735045e-01
  168 2.739602e-01
  169 2.744084e-01
  170 2.748494e-01
  171 2.752833e-01
  172 2.757101e-01
  173 2.761300e-01
  174 2.765431e-01
  175 2.769495e-01
  176 2.773493e-01
  177 2.777427e-01
  178 2.781297e-01
  179 2.785104e-01
  180 2.788850e-01
  181 2.792534e-01
  182 2.796160e-01
  183 2.799726e-01
  184 2.803235e-01
  185 2.806687e-01
  186 2.810083e-01
  187 2.813424e-01
  188 2.816710e-01
  189 2.819944e-01
  190 2.823125e-01
  191 2.826255e-01
  192 2.829334e-01
  193 2.832363e-01
  194 2.835343e-01
  195 2.838275e-01
  196 2.841159e-01
  197 2.843997e-01
  198 2.846788e-01
  199 2.849535e-01
  200 2.852237e-01
  201 2.854895e-01
  202 2.857510e-01
  203 2.860083e-01
  204 2.862614e-01
  205 2.865104e-01
  206 2.867554e-01
  207 2.869964e-01
  208 2.872335e-01
  209 2.874668e-01
  210 2.876962e-01
  211 2.879220e-01
  212 2.881441e-01
  213 2.883626e-01
  214 2.885776e-01
  215 2.887891e-01
  216 2.889972e-01
  217 2.892019e-01
  218 2.894033e-01
  219 2.896014e-01
  220 2.897963e-01
  221 2.899881e-01
  222 2.901767e-01
  223 2.903623e-01
  224 2.905449e-01
  225 2.907245e-01
  226 2.909012e-01
  227 2.910751e-01
  228 2.912461e-01
  229 2.914144e-01
  230 2.915800e-01
  231 2.917428e-01
  232 2.919031e-01
  233 2.920607e-01
  234 2.922158e-01
  235 2.923683e-01
  236 2.925184e-01
  237 2.926661e-01
  238 2.928114e-01
  239 2.929543e-01
  240 2.930949e-01
  241 2.932332e-01
  242 2.933693e-01
  243 2.935032e-01
  244 2.936349e-01
  245 2.937645e-01
  246 2.938920e-01
  247 2.940174e-01
  248 2.941408e-01
  249 2.942622e-01
  250 2.943816e-01
  251 2.944991e-01
  252 2.946147e-01
  253 2.947284e-01
  254 2.948402e-01
  255 2.949503e-01
  256 2.950586e-01
  257 2.951651e-01
  258 2.952699e-01
  259 2.953730e-01
  260 2.954744e-01
  261 2.955742e-01
  262 2.956724e-01
  263 2.957690e-01
  264 2.958640e-01
  265 2.959575e-01
  266 2.960494e-01
  267 2.961399e-01
  268 2.962289e-01
  269 2.963165e-01
  270 2.964026e-01
  271 2.964874e-01
  272 2.965708e-01
  273 2.966528e-01
  274 2.967335e-01
  275 2.968129e-01
  276 2.968910e-01
  277 2.969678e-01
  278 2.970434e-01
  279 2.971178e-01
  280 2.971910e-01
  281 2.972630e-01
  282 2.973338e-01
  283 2.974035e-01
  284 2.974720e-01
  285 2.975394e-01
  286 2.976058e-01
  287 2.976710e-01
  288 2.977352e-01
  289 2.977984e-01
  290 2.978606e-01
  291 2.979217e-01
  292 2.979819e-01
  293 2.980410e-01
  294 2.980992e-01
  295 2.981565e-01
  296 2.982129e-01
  297 2.982683e-01
  298 2.983228e-01
  299 2.983765e-01
  300 2.984293e-01
  301 2.984812e-01
  302 2.985323e-01
  303 2.985825e-01
  304 2.986320e-01
  305 2.986806e-01
  306 2.987285e-01
  307 2.987756e-01
  308 2.988219e-01
  309 2.988675e-01
  310 2.989123e-01
  311 2.989564e-01
  312 2.989998e-01
  313 2.990425e-01
  314 2.990845e-01
  315 2.991258e-01
  316 2.991664e-01
  317 2.992064e-01
  318 2.992458e-01
  319 2.992845e-01
  320 2.993225e-01
  321 2.993600e-01
  322 2.993969e-01
  323 2.994331e-01
  324 2.994688e-01
  325 2.995039e-01
  326 2.995384e-01
  327 2.995724e-01
  328 2.996058e-01
  329 2.996386e-01
  330 2.996710e-01
  331 2.997028e-01
  332 2.997341e-01
  333 2.997649e-01
  334 2.997952e-01
  335 2.998250e-01
  336 2.998543e-01
  337 2.998832e-01
  338 2.999115e-01
  339 2.999395e-01
  340 2.999669e-01
  341 2.999939e-01
  342 3.000205e-01
  343 3.000467e-01
  344 3.000724e-01
  345 3.000977e-01
  346 3.001226e-01
  347 3.001471e-01
  348 3.001712e-01
  349 3.001950e-01
  350 3.002183e-01
  351 3.002412e-01
  352 3.002638e-01
  353 3.002860e-01
  354 3.003079e-01
  355 3.003294e-01
  356 3.003505e-01
  357 3.003713e-01
  358 3.003918e-01
  359 3.004120e-01
  360 3.004318e-01
  361 3.004513e-01
  362 3.004704e-01
  363 3.004893e-01
  364 3.005079e-01
  365 3.005261e-01
  366 3.005441e-01
  367 3.005618e-01
  368 3.005792e-01
  369 3.005963e-01
