    1 -1.066667e-02
    2 -1.066667e-02
    3 -1.066667e-02
    4 -1.266667e-02
    5 -1.266667e-02
    6 -1.266667e-02
    7 -1.266667e-02
    8 -1.266667e-02
    9 -1.266667e-02
   10 -1.266667e-02
   11 -1.266667e-02
   12 -1.066667e-02
   13 -1.066667e-02
   14 -8.333333e-03
   15 -8.333333e-03
   16 -8.333333e-03
   17 -6.333333e-03
   18 -6.333333e-03
   19 -4.333333e-03
   20 -2.333333e-03
   21     0
   22 2.000000e-03
   23 4.000000e-03
   24 6.000000e-03
   25 6.000000e-03
   26 8.333333e-03
   27 1.033333e-02
   28 1.233333e-02
   29 1.433333e-02
   30 1.666667e-02
   31 1.866667e-02
   32 2.066667e-02
   33 2.266667e-02
   34 2.500000e-02
   35 2.700000e-02
   36 2.900000e-02
   37 2.900000e-02
   38 3.100000e-02
   39 3.333333e-02
   40 3.533333e-02
   41 3.733333e-02
   42 3.933333e-02
   43 4.166667e-02
   44 4.366667e-02
   45 4.566667e-02
   46 4.766667e-02
   47 4.766667e-02
   48 5.000000e-02
   49 5.200000e-02
   50 5.200000e-02
   51 5.400000e-02
   52 5.600000e-02
   53 5.833333e-02
   54 5.833333e-02
   55 6.033333e-02
   56 6.233333e-02
   57 6.433333e-02
   58 6.666667e-02
   59 6.866667e-02
   60 6.866667e-02
   61 7.066667e-02
   62 7.266667e-02
   63 7.266667e-02
   64 7.500000e-02
   65 7.700000e-02
   66 7.700000e-02
   67 7.900000e-02
   68 8.100000e-02
   69 8.100000e-02
   70 8.100000e-02
   71 8.333333e-02
   72 8.333333e-02
   73 8.533333e-02
   74 8.533333e-02
   75 8.733333e-02
   76 8.733333e-02
   77 8.933333e-02
   78 8.933333e-02
   79 8.933333e-02
   80 8.933333e-02
   81 8.933333e-02
   82 9.166667e-02
   83 9.166667e-02
   84 9.366667e-02
   85 9.366667e-02
   86 9.366667e-02
   87 9.566667e-02
   88 9.566667e-02
   89 9.766667e-02
   90 9.766667e-02
   91 1.000000e-01
   92 1.000000e-01
   93 1.000000e-01
   94 1.020000e-01
   95 1.020000e-01
   96 1.040000e-01
   97 1.040000e-01
   98 1.040000e-01
   99 1.060000e-01
  100 1.060000e-01
  101 1.060000e-01
  102 1.083333e-01
  103 1.083333e-01
  104 1.083333e-01
  105 1.103333e-01
  106 1.103333e-01
  107 1.103333e-01
  108 1.103333e-01
  109 1.123333e-01
  110 1.123333e-01
  111 1.123333e-01
  112 1.123333e-01
  113 1.143333e-01
  114 1.143333e-01
  115 1.166667e-01
  116 1.166667e-01
  117 1.186667e-01
  118 1.186667e-01
  119 1.186667e-01
  120 1.186667e-01
  121 1.186667e-01
  122 1.166667e-01
  123 1.166667e-01
  124 1.166667e-01
  125 1.166667e-01
  126 1.166667e-01
  127 1.186667e-01
  128 1.186667e-01
  129 1.206667e-01
  130 1.206667e-01
  131 1.226667e-01
  132 1.226667e-01
  133 1.226667e-01
  134 1.250000e-01
  135 1.250000e-01
  136 1.250000e-01
  137 1.250000e-01
  138 1.270000e-01
  139 1.270000e-01
  140 1.290000e-01
  141 1.290000e-01
  142 1.310000e-01
  143 1.310000e-01
  144 1.310000e-01
  145 1.333333e-01
  146 1.333333e-01
  147 1.333333e-01
  148 1.333333e-01
  149 1.353333e-01
  150 1.353333e-01
  151 1.353333e-01
  152 1.353333e-01
  153 1.353333e-01
  154 1.353333e-01
  155 1.353333e-01
  156 1.373333e-01
  157 1.373333e-01
  158 1.373333e-01
  159 1.373333e-01
  160 1.373333e-01
  161 1.393333e-01
  162 1.393333e-01
  163 1.393333e-01
  164 1.393333e-01
  165 1.393333e-01
  166 1.416667e-01
  167 1.416667e-01
  168 1.416667e-01
  169 1.416667e-01
  170 1.416667e-01
  171 1.416667e-01
  172 1.416667e-01
  173 1.436667e-01
  174 1.436667e-01
  175 1.436667e-01
  176 1.436667e-01
  177 1.436667e-01
  178 1.436667e-01
  179 1.436667e-01
  180 1.436667e-01
  181 1.436667e-01
  182 1.436667e-01
  183 1.436667e-01
  184 1.436667e-01
  185 1.436667e-01
  186 1.436667e-01
  187 1.436667e-01
  188 1.436667e-01
  189 1.436667e-01
  190 1.456667e-01
  191 1.456667e-01
  192 1.456667e-01
  193 1.456667e-01
  194 1.456667e-01
  195 1.456667e-01
  196 1.456667e-01
  197 1.456667e-01
  198 1.476667e-01
  199 1.476667e-01
  200 1.476667e-01
  201 1.500000e-01
  202 1.500000e-01
  203 1.500000e-01
  204 1.500000e-01
  205 1.500000e-01
  206 1.500000e-01
  207 1.500000e-01
  208 1.476667e-01
  209 1.476667e-01
  210 1.476667e-01
  211 1.476667e-01
  212 1.476667e-01
  213 1.476667e-01
  214 1.476667e-01
  215 1.476667e-01
  216 1.476667e-01
  217 1.476667e-01
  218 1.476667e-01
  219 1.500000e-01
  220 1.500000e-01
  221 1.500000e-01
  222 1.500000e-01
  223 1.520000e-01
  224 1.520000e-01
  225 1.520000e-01
  226 1.520000e-01
  227 1.520000e-01
  228 1.540000e-01
  229 1.540000e-01
  230 1.540000e-01
  231 1.540000e-01
  232 1.540000e-01
  233 1.540000e-01
  234 1.540000e-01
  235 1.540000e-01
  236 1.540000e-01
  237 1.560000e-01
  238 1.560000e-01
  239 1.560000e-01
  240 1.560000e-01
  241 1.560000e-01
  242 1.560000e-01
  243 1.560000e-01
  244 1.560000e-01
  245 1.560000e-01
  246 1.560000e-01
  247 1.560000e-01
  248 1.560000e-01
  249 1.583333e-01
  250 1.583333e-01
  251 1.583333e-01
  252 1.583333e-01
  253 1.583333e-01
  254 1.583333e-01
  255 1.583333e-01
  256 1.583333e-01
  257 1.583333e-01
  258 1.583333e-01
  259 1.583333e-01
  260 1.583333e-01
  261 1.583333e-01
  262 1.583333e-01
  263 1.583333e-01
  264 1.583333e-01
  265 1.583333e-01
  266 1.560000e-01
  267 1.583333e-01
  268 1.583333e-01
  269 1.583333e-01
  270 1.583333e-01
  271 1.603333e-01
  272 1.603333e-01
  273 1.603333e-01
  274 1.603333e-01
  275 1.623333e-01
  276 1.623333e-01
  277 1.623333e-01
  278 1.603333e-01
  279 1.603333e-01
  280 1.603333e-01
  281 1.603333e-01
  282 1.603333e-01
  283 1.603333e-01
  284 1.603333e-01
  285 1.603333e-01
  286 1.603333e-01
  287 1.603333e-01
  288 1.623333e-01
  289 1.623333e-01
  290 1.623333e-01
  291 1.623333e-01
  292 1.623333e-01
  293 1.623333e-01
  294 1.643333e-01
  295 1.623333e-01
  296 1.623333e-01
  297 1.623333e-01
  298 1.623333e-01
  299 1.623333e-01
  300 1.623333e-01
  301 1.603333e-01
  302 1.603333e-01
  303 1.603333e-01
  304 1.603333e-01
  305 1.583333e-01
  306 1.583333e-01
  307 1.603333e-01
  308 1.603333e-01
  309 1.603333e-01
  310 1.623333e-01
  311 1.623333e-01
  312 1.623333e-01
  313 1.623333e-01
  314 1.623333e-01
  315 1.643333e-01
  316 1.643333e-01
  317 1.643333e-01
  318 1.643333e-01
  319 1.643333e-01
  320 1.643333e-01
  321 1.623333e-01
  322 1.623333e-01
  323 1.623333e-01
  324 1.623333e-01
  325 1.623333e-01
  326 1.643333e-01
  327 1.643333e-01
  328 1.643333e-01
  329 1.643333e-01
  330 1.623333e-01
  331 1.623333e-01
  332 1.623333e-01
  333 1.603333e-01
  334 1.603333e-01
  335 1.603333e-01
  336 1.603333e-01
  337 1.583333e-01
  338 1.583333e-01
  339 1.583333e-01
  340 1.603333e-01
  341 1.603333e-01
  342 1.623333e-01
  343 1.643333e-01
  344 1.643333e-01
  345 1.643333e-01
  346 1.666667e-01
  347 1.666667e-01
  348 1.686667e-01
  349 1.686667e-01
  350 1.686667e-01
  351 1.706667e-01
  352 1.706667e-01
  353 1.706667e-01
  354 1.706667e-01
  355 1.706667e-01
  356 1.706667e-01
  357 1.706667e-01
  358 1.706667e-01
  359 1.706667e-01
  360 1.706667e-01
  361 1.686667e-01
  362 1.686667e-01
  363 1.666667e-01
  364 1.666667e-01
  365 1.666667e-01
  366 1.686667e-01
  367 1.686667e-01
  368 1.686667e-01
  369 1.666667e-01
