1 -0.0130000000000003
2 -0.0130000000000003
3 -0.0130000000000003
4 -0.0130000000000003
5 -0.0130000000000003
6 -0.0130000000000003
7 -0.0130000000000003
8 -0.0130000000000003
9 -0.0130000000000003
10 -0.0130000000000003
11 -0.00700000000000003
12 -0.00700000000000003
13 -0.00700000000000003
14 -0.00700000000000003
15 0
16 0
17 0
18 0
19 0.00600000000000023
20 0.00600000000000023
21 0.00600000000000023
22 0.0119999999999997
23 0.0119999999999997
24 0.0180000000000000
25 0.0180000000000000
26 0.0250000000000000
27 0.0250000000000000
28 0.0250000000000000
29 0.0310000000000002
30 0.0310000000000002
31 0.0369999999999997
32 0.0369999999999997
33 0.0430000000000000
34 0.0500000000000000
35 0.0500000000000000
36 0.0560000000000002
37 0.0619999999999997
38 0.0680000000000000
39 0.0750000000000000
40 0.0810000000000002
41 0.0810000000000002
42 0.0869999999999997
43 0.0869999999999997
44 0.0930000000000000
45 0.100000000000000
46 0.100000000000000
47 0.106000000000000
48 0.106000000000000
49 0.112000000000000
50 0.112000000000000
51 0.118000000000000
52 0.118000000000000
53 0.125000000000000
54 0.131000000000000
55 0.137000000000000
56 0.137000000000000
57 0.143000000000000
58 0.150000000000000
59 0.150000000000000
60 0.150000000000000
61 0.150000000000000
62 0.156000000000000
63 0.156000000000000
64 0.162000000000000
65 0.162000000000000
66 0.162000000000000
67 0.162000000000000
68 0.168000000000000
69 0.168000000000000
70 0.168000000000000
71 0.168000000000000
72 0.175000000000000
73 0.175000000000000
74 0.175000000000000
75 0.175000000000000
76 0.181000000000000
77 0.181000000000000
78 0.181000000000000
79 0.181000000000000
80 0.187000000000000
81 0.187000000000000
82 0.187000000000000
83 0.187000000000000
84 0.187000000000000
85 0.187000000000000
86 0.187000000000000
87 0.187000000000000
88 0.187000000000000
89 0.187000000000000
90 0.187000000000000
91 0.193000000000000
92 0.193000000000000
93 0.193000000000000
94 0.200000000000000
95 0.200000000000000
96 0.206000000000000
97 0.206000000000000
98 0.212000000000000
99 0.212000000000000
100 0.212000000000000
101 0.218000000000000
102 0.218000000000000
103 0.218000000000000
104 0.225000000000000
105 0.225000000000000
106 0.225000000000000
107 0.225000000000000
108 0.231000000000000
109 0.231000000000000
110 0.231000000000000
111 0.231000000000000
112 0.231000000000000
113 0.231000000000000
114 0.231000000000000
115 0.231000000000000
116 0.231000000000000
117 0.237000000000000
118 0.237000000000000
119 0.237000000000000
120 0.237000000000000
121 0.237000000000000
122 0.237000000000000
123 0.243000000000000
124 0.243000000000000
125 0.250000000000000
126 0.250000000000000
127 0.250000000000000
128 0.250000000000000
129 0.250000000000000
130 0.250000000000000
131 0.250000000000000
132 0.250000000000000
133 0.250000000000000
134 0.256000000000000
135 0.256000000000000
136 0.256000000000000
137 0.256000000000000
138 0.256000000000000
139 0.256000000000000
140 0.256000000000000
141 0.256000000000000
142 0.262000000000000
143 0.262000000000000
144 0.262000000000000
145 0.262000000000000
146 0.262000000000000
147 0.262000000000000
148 0.262000000000000
149 0.262000000000000
150 0.262000000000000
151 0.262000000000000
152 0.262000000000000
153 0.262000000000000
154 0.262000000000000
155 0.262000000000000
156 0.262000000000000
157 0.262000000000000
158 0.262000000000000
159 0.262000000000000
160 0.262000000000000
161 0.268000000000000
162 0.268000000000000
163 0.268000000000000
164 0.268000000000000
165 0.268000000000000
166 0.268000000000000
167 0.268000000000000
168 0.275000000000000
169 0.275000000000000
170 0.275000000000000
171 0.275000000000000
172 0.275000000000000
173 0.275000000000000
174 0.281000000000000
175 0.281000000000000
176 0.281000000000000
177 0.281000000000000
178 0.281000000000000
179 0.281000000000000
180 0.281000000000000
181 0.281000000000000
182 0.281000000000000
183 0.281000000000000
184 0.281000000000000
185 0.287000000000000
186 0.281000000000000
187 0.281000000000000
188 0.281000000000000
189 0.287000000000000
190 0.287000000000000
191 0.287000000000000
192 0.287000000000000
193 0.287000000000000
194 0.287000000000000
195 0.287000000000000
196 0.281000000000000
197 0.281000000000000
198 0.281000000000000
199 0.281000000000000
200 0.281000000000000
201 0.281000000000000
202 0.287000000000000
203 0.287000000000000
204 0.287000000000000
205 0.287000000000000
206 0.287000000000000
207 0.293000000000000
208 0.293000000000000
209 0.293000000000000
210 0.293000000000000
211 0.293000000000000
212 0.300000000000000
213 0.300000000000000
214 0.300000000000000
215 0.300000000000000
216 0.300000000000000
217 0.300000000000000
218 0.300000000000000
219 0.300000000000000
220 0.300000000000000
221 0.300000000000000
222 0.300000000000000
223 0.300000000000000
224 0.300000000000000
225 0.300000000000000
226 0.300000000000000
227 0.300000000000000
228 0.300000000000000
229 0.293000000000000
230 0.293000000000000
231 0.293000000000000
232 0.293000000000000
233 0.293000000000000
234 0.293000000000000
235 0.293000000000000
236 0.293000000000000
237 0.293000000000000
238 0.293000000000000
239 0.293000000000000
240 0.293000000000000
241 0.293000000000000
242 0.293000000000000
243 0.293000000000000
244 0.300000000000000
245 0.300000000000000
246 0.300000000000000
247 0.300000000000000
248 0.300000000000000
249 0.300000000000000
250 0.300000000000000
251 0.300000000000000
252 0.300000000000000
253 0.300000000000000
254 0.300000000000000
255 0.300000000000000
256 0.293000000000000
257 0.293000000000000
258 0.293000000000000
259 0.293000000000000
260 0.293000000000000
261 0.293000000000000
262 0.293000000000000
263 0.293000000000000
264 0.293000000000000
265 0.293000000000000
266 0.293000000000000
267 0.293000000000000
268 0.293000000000000
269 0.293000000000000
270 0.293000000000000
271 0.293000000000000
272 0.293000000000000
273 0.300000000000000
274 0.300000000000000
275 0.300000000000000
276 0.300000000000000
277 0.300000000000000
278 0.300000000000000
279 0.300000000000000
280 0.300000000000000
281 0.300000000000000
282 0.300000000000000
283 0.300000000000000
284 0.293000000000000
285 0.293000000000000
286 0.300000000000000
287 0.300000000000000
288 0.300000000000000
289 0.300000000000000
290 0.300000000000000
291 0.300000000000000
292 0.300000000000000
293 0.306000000000000
294 0.306000000000000
295 0.306000000000000
296 0.306000000000000
297 0.306000000000000
298 0.306000000000000
299 0.306000000000000
300 0.306000000000000
301 0.306000000000000
302 0.306000000000000
303 0.306000000000000
304 0.306000000000000
305 0.306000000000000
306 0.306000000000000
307 0.306000000000000
308 0.306000000000000
309 0.306000000000000
310 0.306000000000000
311 0.300000000000000
312 0.300000000000000
313 0.300000000000000
314 0.300000000000000
315 0.300000000000000
316 0.300000000000000
317 0.293000000000000
318 0.293000000000000
319 0.300000000000000
320 0.300000000000000
321 0.300000000000000
322 0.300000000000000
323 0.293000000000000
324 0.293000000000000
325 0.293000000000000
326 0.293000000000000
327 0.293000000000000
328 0.293000000000000
329 0.293000000000000
330 0.293000000000000
331 0.293000000000000
332 0.293000000000000
333 0.300000000000000
334 0.300000000000000
335 0.300000000000000
336 0.300000000000000
337 0.293000000000000
338 0.293000000000000
339 0.293000000000000
340 0.293000000000000
341 0.293000000000000
342 0.293000000000000
343 0.293000000000000
344 0.293000000000000
345 0.287000000000000
346 0.287000000000000
347 0.287000000000000
348 0.281000000000000
349 0.287000000000000
350 0.287000000000000
351 0.287000000000000
352 0.287000000000000
353 0.293000000000000
354 0.287000000000000
355 0.293000000000000
356 0.293000000000000
357 0.293000000000000
358 0.293000000000000
359 0.293000000000000
360 0.300000000000000
361 0.293000000000000
362 0.300000000000000
363 0.300000000000000
364 0.300000000000000
365 0.300000000000000
366 0.300000000000000
367 0.300000000000000
368 0.306000000000000
369 0.306000000000000
