    1 3.443000e+01
    2 3.443000e+01
    3 3.443000e+01
    4 3.437000e+01
    5 3.437000e+01
    6 3.437000e+01
    7 3.437000e+01
    8 3.437000e+01
    9 3.437000e+01
   10 3.437000e+01
   11 3.431000e+01
   12 3.431000e+01
   13 3.431000e+01
   14 3.431000e+01
   15 3.431000e+01
   16 3.431000e+01
   17 3.431000e+01
   18 3.431000e+01
   19 3.431000e+01
   20 3.431000e+01
   21 3.431000e+01
   22 3.425000e+01
   23 3.425000e+01
   24 3.425000e+01
   25 3.425000e+01
   26 3.425000e+01
   27 3.425000e+01
   28 3.425000e+01
   29 3.418000e+01
   30 3.418000e+01
   31 3.418000e+01
   32 3.418000e+01
   33 3.418000e+01
   34 3.418000e+01
   35 3.412000e+01
   36 3.412000e+01
   37 3.412000e+01
   38 3.412000e+01
   39 3.412000e+01
   40 3.412000e+01
   41 3.412000e+01
   42 3.412000e+01
   43 3.418000e+01
   44 3.418000e+01
   45 3.425000e+01
   46 3.425000e+01
   47 3.425000e+01
   48 3.431000e+01
   49 3.431000e+01
   50 3.437000e+01
   51 3.443000e+01
   52 3.450000e+01
   53 3.456000e+01
   54 3.462000e+01
   55 3.468000e+01
   56 3.468000e+01
   57 3.475000e+01
   58 3.481000e+01
   59 3.487000e+01
   60 3.493000e+01
   61    35
   62 3.506000e+01
   63 3.512000e+01
   64 3.518000e+01
   65 3.525000e+01
   66 3.531000e+01
   67 3.537000e+01
   68 3.537000e+01
   69 3.543000e+01
   70 3.550000e+01
   71 3.556000e+01
   72 3.562000e+01
   73 3.568000e+01
   74 3.575000e+01
   75 3.581000e+01
   76 3.587000e+01
   77 3.593000e+01
   78 3.593000e+01
   79    36
   80 3.606000e+01
   81 3.606000e+01
   82 3.612000e+01
   83 3.618000e+01
   84 3.625000e+01
   85 3.625000e+01
   86 3.631000e+01
   87 3.637000e+01
   88 3.643000e+01
   89 3.650000e+01
   90 3.656000e+01
   91 3.656000e+01
   92 3.662000e+01
   93 3.668000e+01
   94 3.668000e+01
   95 3.675000e+01
   96 3.681000e+01
   97 3.681000e+01
   98 3.687000e+01
   99 3.693000e+01
  100 3.693000e+01
  101 3.693000e+01
  102    37
  103    37
  104 3.706000e+01
  105 3.706000e+01
  106 3.712000e+01
  107 3.712000e+01
  108 3.718000e+01
  109 3.718000e+01
  110 3.718000e+01
  111 3.718000e+01
  112 3.718000e+01
  113 3.725000e+01
  114 3.725000e+01
  115 3.731000e+01
  116 3.731000e+01
  117 3.731000e+01
  118 3.737000e+01
  119 3.737000e+01
  120 3.743000e+01
  121 3.743000e+01
  122 3.750000e+01
  123 3.750000e+01
  124 3.750000e+01
  125 3.756000e+01
  126 3.756000e+01
  127 3.762000e+01
  128 3.762000e+01
  129 3.762000e+01
  130 3.768000e+01
  131 3.768000e+01
  132 3.768000e+01
  133 3.775000e+01
  134 3.775000e+01
  135 3.775000e+01
  136 3.781000e+01
  137 3.781000e+01
  138 3.781000e+01
  139 3.781000e+01
  140 3.787000e+01
  141 3.787000e+01
  142 3.787000e+01
  143 3.787000e+01
  144 3.793000e+01
  145 3.793000e+01
  146    38
  147    38
  148 3.806000e+01
  149 3.806000e+01
  150 3.806000e+01
  151 3.806000e+01
  152 3.806000e+01
  153    38
  154    38
  155    38
  156    38
  157    38
  158 3.806000e+01
  159 3.806000e+01
  160 3.812000e+01
  161 3.812000e+01
  162 3.818000e+01
  163 3.818000e+01
  164 3.818000e+01
  165 3.825000e+01
  166 3.825000e+01
  167 3.825000e+01
  168 3.825000e+01
  169 3.831000e+01
  170 3.831000e+01
  171 3.837000e+01
  172 3.837000e+01
  173 3.843000e+01
  174 3.843000e+01
  175 3.843000e+01
  176 3.850000e+01
  177 3.850000e+01
  178 3.850000e+01
  179 3.850000e+01
  180 3.856000e+01
  181 3.856000e+01
  182 3.856000e+01
  183 3.856000e+01
  184 3.856000e+01
  185 3.856000e+01
  186 3.856000e+01
  187 3.862000e+01
  188 3.862000e+01
  189 3.862000e+01
  190 3.862000e+01
  191 3.862000e+01
  192 3.868000e+01
  193 3.868000e+01
  194 3.868000e+01
  195 3.868000e+01
  196 3.868000e+01
  197 3.875000e+01
  198 3.875000e+01
  199 3.875000e+01
  200 3.875000e+01
  201 3.875000e+01
  202 3.875000e+01
  203 3.875000e+01
  204 3.881000e+01
  205 3.881000e+01
  206 3.881000e+01
  207 3.881000e+01
  208 3.881000e+01
  209 3.881000e+01
  210 3.881000e+01
  211 3.881000e+01
  212 3.881000e+01
  213 3.881000e+01
  214 3.881000e+01
  215 3.881000e+01
  216 3.881000e+01
  217 3.881000e+01
  218 3.881000e+01
  219 3.881000e+01
  220 3.881000e+01
  221 3.887000e+01
  222 3.887000e+01
  223 3.887000e+01
  224 3.887000e+01
  225 3.887000e+01
  226 3.887000e+01
  227 3.887000e+01
  228 3.887000e+01
  229 3.893000e+01
  230 3.893000e+01
  231 3.893000e+01
  232    39
  233    39
  234    39
  235    39
  236    39
  237    39
  238    39
  239 3.893000e+01
  240 3.893000e+01
  241 3.893000e+01
  242 3.893000e+01
  243 3.893000e+01
  244 3.893000e+01
  245 3.893000e+01
  246 3.893000e+01
  247 3.893000e+01
  248 3.893000e+01
  249 3.893000e+01
  250    39
  251    39
  252    39
  253    39
  254 3.906000e+01
  255 3.906000e+01
  256 3.906000e+01
  257 3.906000e+01
  258 3.906000e+01
  259 3.912000e+01
  260 3.912000e+01
  261 3.912000e+01
  262 3.912000e+01
  263 3.912000e+01
  264 3.912000e+01
  265 3.912000e+01
  266 3.912000e+01
  267 3.912000e+01
  268 3.918000e+01
  269 3.918000e+01
  270 3.918000e+01
  271 3.918000e+01
  272 3.918000e+01
  273 3.918000e+01
  274 3.918000e+01
  275 3.918000e+01
  276 3.918000e+01
  277 3.918000e+01
  278 3.918000e+01
  279 3.918000e+01
  280 3.925000e+01
  281 3.925000e+01
  282 3.925000e+01
  283 3.925000e+01
  284 3.925000e+01
  285 3.925000e+01
  286 3.925000e+01
  287 3.925000e+01
  288 3.925000e+01
  289 3.925000e+01
  290 3.925000e+01
  291 3.925000e+01
  292 3.925000e+01
  293 3.925000e+01
  294 3.925000e+01
  295 3.925000e+01
  296 3.925000e+01
  297 3.918000e+01
  298 3.925000e+01
  299 3.925000e+01
  300 3.925000e+01
  301 3.925000e+01
  302 3.931000e+01
  303 3.931000e+01
  304 3.931000e+01
  305 3.931000e+01
  306 3.937000e+01
  307 3.937000e+01
  308 3.937000e+01
  309 3.931000e+01
  310 3.931000e+01
  311 3.931000e+01
  312 3.931000e+01
  313 3.931000e+01
  314 3.931000e+01
  315 3.931000e+01
  316 3.931000e+01
  317 3.931000e+01
  318 3.931000e+01
  319 3.937000e+01
  320 3.937000e+01
  321 3.937000e+01
  322 3.937000e+01
  323 3.937000e+01
  324 3.937000e+01
  325 3.943000e+01
  326 3.937000e+01
  327 3.937000e+01
  328 3.937000e+01
  329 3.937000e+01
  330 3.937000e+01
  331 3.937000e+01
  332 3.931000e+01
  333 3.931000e+01
  334 3.931000e+01
  335 3.931000e+01
  336 3.925000e+01
  337 3.925000e+01
  338 3.931000e+01
  339 3.931000e+01
  340 3.931000e+01
  341 3.937000e+01
  342 3.937000e+01
  343 3.937000e+01
  344 3.937000e+01
  345 3.937000e+01
  346 3.943000e+01
  347 3.943000e+01
  348 3.943000e+01
  349 3.943000e+01
  350 3.943000e+01
  351 3.943000e+01
  352 3.937000e+01
  353 3.937000e+01
  354 3.937000e+01
  355 3.937000e+01
  356 3.937000e+01
  357 3.943000e+01
  358 3.943000e+01
  359 3.943000e+01
  360 3.943000e+01
  361 3.937000e+01
  362 3.937000e+01
  363 3.937000e+01
  364 3.931000e+01
  365 3.931000e+01
  366 3.931000e+01
  367 3.931000e+01
  368 3.925000e+01
  369 3.925000e+01
  370 3.925000e+01
  371 3.931000e+01
  372 3.931000e+01
  373 3.937000e+01
  374 3.943000e+01
  375 3.943000e+01
  376 3.943000e+01
  377 3.950000e+01
  378 3.950000e+01
  379 3.956000e+01
  380 3.956000e+01
  381 3.956000e+01
  382 3.962000e+01
  383 3.962000e+01
  384 3.962000e+01
  385 3.962000e+01
  386 3.962000e+01
  387 3.962000e+01
  388 3.962000e+01
  389 3.962000e+01
  390 3.962000e+01
  391 3.962000e+01
  392 3.956000e+01
  393 3.956000e+01
  394 3.950000e+01
  395 3.950000e+01
  396 3.950000e+01
  397 3.956000e+01
  398 3.956000e+01
  399 3.956000e+01
  400 3.950000e+01
