   1.0000000e+00   8.0000000e-01
   2.0000000e+00   8.0000000e-01
   3.0000000e+00   8.0000000e-01
   4.0000000e+00   8.0000000e-01
   5.0000000e+00   8.0000000e-01
   6.0000000e+00   8.0000000e-01
   7.0000000e+00   8.0000000e-01
   8.0000000e+00   8.0000000e-01
   9.0000000e+00   8.0000000e-01
   1.0000000e+01   8.0000000e-01
   1.1000000e+01   8.0000000e-01
   1.2000000e+01   8.0000000e-01
   1.3000000e+01   8.0000000e-01
   1.4000000e+01   8.0000000e-01
   1.5000000e+01   8.0000000e-01
   1.6000000e+01   8.0000000e-01
   1.7000000e+01   8.0000000e-01
   1.8000000e+01   8.0000000e-01
   1.9000000e+01   8.0000000e-01
   2.0000000e+01   8.0000000e-01
   2.1000000e+01   8.0000000e-01
   2.2000000e+01   8.0249192e-01
   2.3000000e+01   8.0905774e-01
   2.4000000e+01   8.1857055e-01
   2.5000000e+01   8.3016361e-01
   2.6000000e+01   8.4317234e-01
   2.7000000e+01   8.5708906e-01
   2.8000000e+01   8.7152785e-01
   2.9000000e+01   8.8619719e-01
   3.0000000e+01   9.0087860e-01
   3.1000000e+01   9.1541009e-01
   3.2000000e+01   9.2967330e-01
   3.3000000e+01   9.4358342e-01
   3.4000000e+01   9.5708146e-01
   3.5000000e+01   9.7012818e-01
   3.6000000e+01   9.8269244e-01
   3.7000000e+01   9.9473533e-01
   3.8000000e+01   1.0062078e+00
   3.9000000e+01   1.0170585e+00
   4.0000000e+01   1.0272391e+00
   4.1000000e+01   1.0367086e+00
   4.2000000e+01   1.0454356e+00
   4.3000000e+01   1.0533996e+00
   4.4000000e+01   1.0605913e+00
   4.5000000e+01   1.0670123e+00
   4.6000000e+01   1.0726743e+00
   4.7000000e+01   1.0775976e+00
   4.8000000e+01   1.0818099e+00
   4.9000000e+01   1.0853449e+00
   5.0000000e+01   1.0882409e+00
   5.1000000e+01   1.0905396e+00
   5.2000000e+01   1.0922847e+00
   5.3000000e+01   1.0935216e+00
   5.4000000e+01   1.0942955e+00
   5.5000000e+01   1.0946519e+00
   5.6000000e+01   1.0946350e+00
   5.7000000e+01   1.0942876e+00
   5.8000000e+01   1.0936510e+00
   5.9000000e+01   1.0927643e+00
   6.0000000e+01   1.0916644e+00
   6.1000000e+01   1.0903856e+00
   6.2000000e+01   1.0889601e+00
   6.3000000e+01   1.0874173e+00
   6.4000000e+01   1.0857841e+00
   6.5000000e+01   1.0840851e+00
   6.6000000e+01   1.0823422e+00
   6.7000000e+01   1.0805752e+00
   6.8000000e+01   1.0788016e+00
   6.9000000e+01   1.0770368e+00
   7.0000000e+01   1.0752940e+00
   7.1000000e+01   1.0735849e+00
   7.2000000e+01   1.0719191e+00
   7.3000000e+01   1.0703047e+00
   7.4000000e+01   1.0687485e+00
   7.5000000e+01   1.0672556e+00
   7.6000000e+01   1.0658302e+00
   7.7000000e+01   1.0644753e+00
   7.8000000e+01   1.0631927e+00
   7.9000000e+01   1.0619835e+00
   8.0000000e+01   1.0608481e+00
   8.1000000e+01   1.0597861e+00
   8.2000000e+01   1.0587964e+00
   8.3000000e+01   1.0578777e+00
   8.4000000e+01   1.0570280e+00
   8.5000000e+01   1.0562452e+00
   8.6000000e+01   1.0555266e+00
   8.7000000e+01   1.0548695e+00
   8.8000000e+01   1.0542710e+00
   8.9000000e+01   1.0537281e+00
   9.0000000e+01   1.0532376e+00
   9.1000000e+01   1.0527964e+00
   9.2000000e+01   1.0524013e+00
   9.3000000e+01   1.0520492e+00
   9.4000000e+01   1.0517369e+00
   9.5000000e+01   1.0514615e+00
   9.6000000e+01   1.0512201e+00
   9.7000000e+01   1.0510097e+00
   9.8000000e+01   1.0508277e+00
   9.9000000e+01   1.0506714e+00
   1.0000000e+02   1.0505385e+00
   1.0100000e+02   1.0504266e+00
   1.0200000e+02   1.0503335e+00
   1.0300000e+02   1.0502572e+00
   1.0400000e+02   1.0501957e+00
   1.0500000e+02   1.0501473e+00
   1.0600000e+02   1.0501104e+00
   1.0700000e+02   1.0500834e+00
   1.0800000e+02   1.0500650e+00
   1.0900000e+02   1.0500540e+00
   1.1000000e+02   1.0500491e+00
   1.1100000e+02   1.0500495e+00
   1.1200000e+02   1.0500541e+00
   1.1300000e+02   1.0500623e+00
   1.1400000e+02   1.0500732e+00
   1.1500000e+02   1.0500862e+00
   1.1600000e+02   1.0501009e+00
   1.1700000e+02   1.0501167e+00
   1.1800000e+02   1.0501332e+00
   1.1900000e+02   1.0501502e+00
   1.2000000e+02   1.0501673e+00
   1.2100000e+02   1.0501844e+00
   1.2200000e+02   1.0502012e+00
   1.2300000e+02   1.0502177e+00
   1.2400000e+02   1.0502337e+00
   1.2500000e+02   1.0502492e+00
   1.2600000e+02   1.0502642e+00
   1.2700000e+02   1.0502787e+00
   1.2800000e+02   1.0502926e+00
   1.2900000e+02   1.0503061e+00
   1.3000000e+02   1.0503192e+00
   1.3100000e+02   1.0503318e+00
   1.3200000e+02   1.0503442e+00
   1.3300000e+02   1.0503563e+00
   1.3400000e+02   1.0503683e+00
   1.3500000e+02   1.0503802e+00
   1.3600000e+02   1.0503921e+00
   1.3700000e+02   1.0504039e+00
   1.3800000e+02   1.0504159e+00
   1.3900000e+02   1.0504280e+00
   1.4000000e+02   1.0504402e+00
   1.4100000e+02   1.0504526e+00
   1.4200000e+02   1.0504651e+00
   1.4300000e+02   1.0504779e+00
   1.4400000e+02   1.0504908e+00
   1.4500000e+02   1.0505038e+00
   1.4600000e+02   1.0505169e+00
   1.4700000e+02   1.0505300e+00
   1.4800000e+02   1.0505431e+00
   1.4900000e+02   1.0505562e+00
   1.5000000e+02   1.0505689e+00
   1.5100000e+02   1.0505813e+00
   1.5200000e+02   1.0505931e+00
   1.5300000e+02   1.0506041e+00
   1.5400000e+02   1.0506141e+00
   1.5500000e+02   1.0506229e+00
   1.5600000e+02   1.0506302e+00
   1.5700000e+02   1.0506358e+00
   1.5800000e+02   1.0506396e+00
   1.5900000e+02   1.0506414e+00
   1.6000000e+02   1.0506409e+00
   1.6100000e+02   1.0506382e+00
   1.6200000e+02   1.0506331e+00
   1.6300000e+02   1.0506255e+00
   1.6400000e+02   1.0506156e+00
   1.6500000e+02   1.0506032e+00
   1.6600000e+02   1.0505885e+00
   1.6700000e+02   1.0505715e+00
   1.6800000e+02   1.0505525e+00
   1.6900000e+02   1.0505314e+00
   1.7000000e+02   1.0505086e+00
   1.7100000e+02   1.0504841e+00
   1.7200000e+02   1.0504583e+00
   1.7300000e+02   1.0504312e+00
   1.7400000e+02   1.0504033e+00
   1.7500000e+02   1.0503746e+00
   1.7600000e+02   1.0503454e+00
   1.7700000e+02   1.0503160e+00
   1.7800000e+02   1.0502865e+00
   1.7900000e+02   1.0502571e+00
   1.8000000e+02   1.0502282e+00
   1.8100000e+02   1.0501997e+00
   1.8200000e+02   1.0501720e+00
   1.8300000e+02   1.0501451e+00
   1.8400000e+02   1.0501192e+00
   1.8500000e+02   1.0500944e+00
   1.8600000e+02   1.0500709e+00
   1.8700000e+02   1.0500486e+00
   1.8800000e+02   1.0500277e+00
   1.8900000e+02   1.0500082e+00
   1.9000000e+02   1.0499902e+00
   1.9100000e+02   1.0499736e+00
   1.9200000e+02   1.0499585e+00
   1.9300000e+02   1.0499448e+00
   1.9400000e+02   1.0499326e+00
   1.9500000e+02   1.0499218e+00
   1.9600000e+02   1.0499124e+00
   1.9700000e+02   1.0499044e+00
   1.9800000e+02   1.0498976e+00
   1.9900000e+02   1.0498920e+00
   2.0000000e+02   1.0498876e+00
   2.0100000e+02   1.0498843e+00
   2.0200000e+02   1.0498821e+00
   2.0300000e+02   1.0498807e+00
   2.0400000e+02   1.0498802e+00
   2.0500000e+02   1.0498806e+00
   2.0600000e+02   1.0498816e+00
   2.0700000e+02   1.0498833e+00
   2.0800000e+02   1.0498856e+00
   2.0900000e+02   1.0498884e+00
   2.1000000e+02   1.0498917e+00
   2.1100000e+02   1.0498953e+00
   2.1200000e+02   1.0498993e+00
   2.1300000e+02   1.0499035e+00
   2.1400000e+02   1.0499079e+00
   2.1500000e+02   1.0499124e+00
   2.1600000e+02   1.0499171e+00
   2.1700000e+02   1.0499218e+00
   2.1800000e+02   1.0499266e+00
   2.1900000e+02   1.0499314e+00
   2.2000000e+02   1.0499361e+00
   2.2100000e+02   1.0499407e+00
   2.2200000e+02   1.0499452e+00
   2.2300000e+02   1.0499496e+00
   2.2400000e+02   1.0499539e+00
   2.2500000e+02   1.0499580e+00
   2.2600000e+02   1.0499620e+00
   2.2700000e+02   1.0499658e+00
   2.2800000e+02   1.0499694e+00
   2.2900000e+02   1.0499727e+00
   2.3000000e+02   1.0499759e+00
   2.3100000e+02   1.0499790e+00
   2.3200000e+02   1.0499818e+00
   2.3300000e+02   1.0499844e+00
   2.3400000e+02   1.0499868e+00
   2.3500000e+02   1.0499890e+00
   2.3600000e+02   1.0499910e+00
   2.3700000e+02   1.0499929e+00
   2.3800000e+02   1.0499946e+00
   2.3900000e+02   1.0499961e+00
   2.4000000e+02   1.0499975e+00
   2.4100000e+02   1.0499987e+00
   2.4200000e+02   1.0499998e+00
   2.4300000e+02   1.0500008e+00
   2.4400000e+02   1.0500016e+00
   2.4500000e+02   1.0500023e+00
   2.4600000e+02   1.0500029e+00
   2.4700000e+02   1.0500034e+00
   2.4800000e+02   1.0500039e+00
   2.4900000e+02   1.0500042e+00
   2.5000000e+02   1.0500045e+00
   2.5100000e+02   1.0500047e+00
   2.5200000e+02   1.0500048e+00
   2.5300000e+02   1.0500049e+00
   2.5400000e+02   1.0500049e+00
   2.5500000e+02   1.0500049e+00
   2.5600000e+02   1.0500049e+00
   2.5700000e+02   1.0500048e+00
   2.5800000e+02   1.0500047e+00
   2.5900000e+02   1.0500046e+00
   2.6000000e+02   1.0500044e+00
   2.6100000e+02   1.0500043e+00
   2.6200000e+02   1.0500041e+00
   2.6300000e+02   1.0500039e+00
   2.6400000e+02   1.0500037e+00
   2.6500000e+02   1.0500035e+00
   2.6600000e+02   1.0500033e+00
   2.6700000e+02   1.0500031e+00
   2.6800000e+02   1.0500029e+00
   2.6900000e+02   1.0500027e+00
   2.7000000e+02   1.0500025e+00
   2.7100000e+02   1.0500023e+00
   2.7200000e+02   1.0500021e+00
   2.7300000e+02   1.0500019e+00
   2.7400000e+02   1.0500017e+00
   2.7500000e+02   1.0500015e+00
   2.7600000e+02   1.0500013e+00
   2.7700000e+02   1.0500011e+00
   2.7800000e+02   1.0500009e+00
   2.7900000e+02   1.0500007e+00
   2.8000000e+02   1.0500005e+00
   2.8100000e+02   1.0500003e+00
   2.8200000e+02   1.0500002e+00
   2.8300000e+02   1.0500000e+00
   2.8400000e+02   1.0499998e+00
   2.8500000e+02   1.0499997e+00
   2.8600000e+02   1.0499995e+00
   2.8700000e+02   1.0499994e+00
   2.8800000e+02   1.0499992e+00
   2.8900000e+02   1.0499991e+00
   2.9000000e+02   1.0499989e+00
   2.9100000e+02   1.0499988e+00
   2.9200000e+02   1.0499987e+00
   2.9300000e+02   1.0499986e+00
   2.9400000e+02   1.0499985e+00
   2.9500000e+02   1.0499984e+00
   2.9600000e+02   1.0499983e+00
   2.9700000e+02   1.0499982e+00
   2.9800000e+02   1.0499981e+00
   2.9900000e+02   1.0499981e+00
   3.0000000e+02   1.0499980e+00
   3.0100000e+02   1.0499980e+00
   3.0200000e+02   1.0499980e+00
   3.0300000e+02   1.0499979e+00
   3.0400000e+02   1.0499979e+00
   3.0500000e+02   1.0499979e+00
   3.0600000e+02   1.0499979e+00
   3.0700000e+02   1.0499979e+00
   3.0800000e+02   1.0499980e+00
   3.0900000e+02   1.0499980e+00
   3.1000000e+02   1.0499980e+00
   3.1100000e+02   1.0499981e+00
   3.1200000e+02   1.0499981e+00
   3.1300000e+02   1.0499982e+00
   3.1400000e+02   1.0499982e+00
   3.1500000e+02   1.0499983e+00
   3.1600000e+02   1.0499984e+00
   3.1700000e+02   1.0499985e+00
   3.1800000e+02   1.0499985e+00
   3.1900000e+02   1.0499986e+00
   3.2000000e+02   1.0499987e+00
   3.2100000e+02   1.0499988e+00
   3.2200000e+02   1.0499989e+00
   3.2300000e+02   1.0499990e+00
   3.2400000e+02   1.0499991e+00
   3.2500000e+02   1.0499991e+00
   3.2600000e+02   1.0499992e+00
   3.2700000e+02   1.0499993e+00
   3.2800000e+02   1.0499994e+00
   3.2900000e+02   1.0499995e+00
   3.3000000e+02   1.0499996e+00
   3.3100000e+02   1.0499996e+00
   3.3200000e+02   1.0499997e+00
   3.3300000e+02   1.0499998e+00
   3.3400000e+02   1.0499998e+00
   3.3500000e+02   1.0499999e+00
   3.3600000e+02   1.0500000e+00
   3.3700000e+02   1.0500000e+00
   3.3800000e+02   1.0500001e+00
   3.3900000e+02   1.0500001e+00
   3.4000000e+02   1.0500001e+00
   3.4100000e+02   1.0500002e+00
   3.4200000e+02   1.0500002e+00
   3.4300000e+02   1.0500002e+00
   3.4400000e+02   1.0500003e+00
   3.4500000e+02   1.0500003e+00
   3.4600000e+02   1.0500003e+00
   3.4700000e+02   1.0500003e+00
   3.4800000e+02   1.0500003e+00
   3.4900000e+02   1.0500003e+00
   3.5000000e+02   1.0500004e+00
   3.5100000e+02   1.0500004e+00
   3.5200000e+02   1.0500004e+00
   3.5300000e+02   1.0500004e+00
   3.5400000e+02   1.0500004e+00
   3.5500000e+02   1.0500003e+00
   3.5600000e+02   1.0500003e+00
   3.5700000e+02   1.0500003e+00
   3.5800000e+02   1.0500003e+00
   3.5900000e+02   1.0500003e+00
   3.6000000e+02   1.0500003e+00
   3.6100000e+02   1.0500003e+00
   3.6200000e+02   1.0500003e+00
   3.6300000e+02   1.0500003e+00
   3.6400000e+02   1.0500002e+00
   3.6500000e+02   1.0500002e+00
   3.6600000e+02   1.0500002e+00
   3.6700000e+02   1.0500002e+00
   3.6800000e+02   1.0500002e+00
   3.6900000e+02   1.0500002e+00
   3.7000000e+02   1.0500002e+00
   3.7100000e+02   1.0500002e+00
   3.7200000e+02   1.0500001e+00
   3.7300000e+02   1.0500001e+00
   3.7400000e+02   1.0500001e+00
   3.7500000e+02   1.0500001e+00
   3.7600000e+02   1.0500001e+00
   3.7700000e+02   1.0500001e+00
   3.7800000e+02   1.0500001e+00
   3.7900000e+02   1.0500001e+00
   3.8000000e+02   1.0500000e+00
   3.8100000e+02   1.0500000e+00
   3.8200000e+02   1.0500000e+00
   3.8300000e+02   1.0500000e+00
   3.8400000e+02   1.0500000e+00
   3.8500000e+02   1.0500000e+00
   3.8600000e+02   1.0500000e+00
   3.8700000e+02   1.0500000e+00
   3.8800000e+02   1.0500000e+00
   3.8900000e+02   1.0500000e+00
   3.9000000e+02   1.0500000e+00
   3.9100000e+02   1.0500000e+00
   3.9200000e+02   1.0500000e+00
   3.9300000e+02   1.0500000e+00
   3.9400000e+02   1.0500000e+00
   3.9500000e+02   1.0500000e+00
   3.9600000e+02   1.0500000e+00
   3.9700000e+02   1.0500000e+00
   3.9800000e+02   1.0500000e+00
   3.9900000e+02   1.0500000e+00
   4.0000000e+02   1.0500000e+00
   4.0100000e+02   1.0500000e+00
   4.0200000e+02   1.0500000e+00
   4.0300000e+02   1.0500000e+00
   4.0400000e+02   1.0500000e+00
   4.0500000e+02   1.0500000e+00
   4.0600000e+02   1.0500000e+00
   4.0700000e+02   1.0500000e+00
   4.0800000e+02   1.0500000e+00
   4.0900000e+02   1.0500000e+00
   4.1000000e+02   1.0497199e+00
   4.1100000e+02   1.0487296e+00
   4.1200000e+02   1.0467696e+00
   4.1300000e+02   1.0437065e+00
   4.1400000e+02   1.0394992e+00
   4.1500000e+02   1.0341724e+00
   4.1600000e+02   1.0277961e+00
   4.1700000e+02   1.0204709e+00
   4.1800000e+02   1.0123155e+00
   4.1900000e+02   1.0034584e+00
   4.2000000e+02   9.9403138e-01
   4.2100000e+02   9.8416425e-01
   4.2200000e+02   9.7398195e-01
   4.2300000e+02   9.6360188e-01
   4.2400000e+02   9.5313243e-01
   4.2500000e+02   9.4267203e-01
   4.2600000e+02   9.3230868e-01
   4.2700000e+02   9.2211988e-01
   4.2800000e+02   9.1217274e-01
   4.2900000e+02   9.0252438e-01
   4.3000000e+02   8.9322240e-01
   4.3100000e+02   8.8430550e-01
   4.3200000e+02   8.7580410e-01
   4.3300000e+02   8.6774105e-01
   4.3400000e+02   8.6013231e-01
   4.3500000e+02   8.5298765e-01
   4.3600000e+02   8.4631131e-01
   4.3700000e+02   8.4010270e-01
   4.3800000e+02   8.3435698e-01
   4.3900000e+02   8.2906566e-01
   4.4000000e+02   8.2421716e-01
   4.4100000e+02   8.1979734e-01
   4.4200000e+02   8.1578991e-01
   4.4300000e+02   8.1217692e-01
   4.4400000e+02   8.0893912e-01
   4.4500000e+02   8.0605633e-01
   4.4600000e+02   8.0350774e-01
   4.4700000e+02   8.0127220e-01
   4.4800000e+02   7.9932845e-01
   4.4900000e+02   7.9765535e-01
   4.5000000e+02   7.9623206e-01
   4.5100000e+02   7.9503820e-01
   4.5200000e+02   7.9405395e-01
   4.5300000e+02   7.9326021e-01
   4.5400000e+02   7.9263867e-01
   4.5500000e+02   7.9217183e-01
   4.5600000e+02   7.9184314e-01
   4.5700000e+02   7.9163694e-01
   4.5800000e+02   7.9153857e-01
   4.5900000e+02   7.9153430e-01
   4.6000000e+02   7.9161139e-01
   4.6100000e+02   7.9175805e-01
   4.6200000e+02   7.9196343e-01
   4.6300000e+02   7.9221759e-01
   4.6400000e+02   7.9251149e-01
   4.6500000e+02   7.9283692e-01
   4.6600000e+02   7.9318650e-01
   4.6700000e+02   7.9355362e-01
   4.6800000e+02   7.9393240e-01
   4.6900000e+02   7.9431765e-01
   4.7000000e+02   7.9470482e-01
   4.7100000e+02   7.9508996e-01
   4.7200000e+02   7.9546969e-01
   4.7300000e+02   7.9584113e-01
   4.7400000e+02   7.9620186e-01
   4.7500000e+02   7.9654991e-01
   4.7600000e+02   7.9688369e-01
   4.7700000e+02   7.9720198e-01
   4.7800000e+02   7.9750384e-01
   4.7900000e+02   7.9778863e-01
   4.8000000e+02   7.9805598e-01
   4.8100000e+02   7.9830571e-01
   4.8200000e+02   7.9853785e-01
   4.8300000e+02   7.9875257e-01
   4.8400000e+02   7.9895021e-01
   4.8500000e+02   7.9913120e-01
   4.8600000e+02   7.9929610e-01
   4.8700000e+02   7.9944551e-01
   4.8800000e+02   7.9958013e-01
   4.8900000e+02   7.9970067e-01
   4.9000000e+02   7.9980791e-01
   4.9100000e+02   7.9990262e-01
   4.9200000e+02   7.9998560e-01
   4.9300000e+02   8.0005765e-01
   4.9400000e+02   8.0011954e-01
   4.9500000e+02   8.0017205e-01
   4.9600000e+02   8.0021593e-01
   4.9700000e+02   8.0025192e-01
   4.9800000e+02   8.0028070e-01
   4.9900000e+02   8.0030296e-01
   5.0000000e+02   8.0031931e-01
   5.0100000e+02   8.0033035e-01
   5.0200000e+02   8.0033665e-01
   5.0300000e+02   8.0033871e-01
   5.0400000e+02   8.0033703e-01
   5.0500000e+02   8.0033204e-01
   5.0600000e+02   8.0032414e-01
   5.0700000e+02   8.0031370e-01
   5.0800000e+02   8.0030105e-01
   5.0900000e+02   8.0028648e-01
   5.1000000e+02   8.0027027e-01
   5.1100000e+02   8.0025262e-01
   5.1200000e+02   8.0023376e-01
   5.1300000e+02   8.0021384e-01
   5.1400000e+02   8.0019302e-01
   5.1500000e+02   8.0017141e-01
   5.1600000e+02   8.0014913e-01
   5.1700000e+02   8.0012625e-01
   5.1800000e+02   8.0010285e-01
   5.1900000e+02   8.0007896e-01
   5.2000000e+02   8.0005464e-01
   5.2100000e+02   8.0002991e-01
   5.2200000e+02   8.0000480e-01
   5.2300000e+02   7.9997932e-01
   5.2400000e+02   7.9995349e-01
   5.2500000e+02   7.9992732e-01
   5.2600000e+02   7.9990082e-01
   5.2700000e+02   7.9987401e-01
   5.2800000e+02   7.9984691e-01
   5.2900000e+02   7.9981954e-01
   5.3000000e+02   7.9979194e-01
   5.3100000e+02   7.9976413e-01
   5.3200000e+02   7.9973616e-01
   5.3300000e+02   7.9970807e-01
   5.3400000e+02   7.9967992e-01
   5.3500000e+02   7.9965177e-01
   5.3600000e+02   7.9962368e-01
   5.3700000e+02   7.9959574e-01
   5.3800000e+02   7.9956810e-01
   5.3900000e+02   7.9954092e-01
   5.4000000e+02   7.9951437e-01
   5.4100000e+02   7.9948867e-01
   5.4200000e+02   7.9946403e-01
   5.4300000e+02   7.9944069e-01
   5.4400000e+02   7.9941887e-01
   5.4500000e+02   7.9939878e-01
   5.4600000e+02   7.9938061e-01
   5.4700000e+02   7.9936455e-01
   5.4800000e+02   7.9935075e-01
   5.4900000e+02   7.9933934e-01
   5.5000000e+02   7.9933042e-01
   5.5100000e+02   7.9932405e-01
   5.5200000e+02   7.9932026e-01
   5.5300000e+02   7.9931908e-01
   5.5400000e+02   7.9932048e-01
   5.5500000e+02   7.9932441e-01
   5.5600000e+02   7.9933079e-01
   5.5700000e+02   7.9933954e-01
   5.5800000e+02   7.9935053e-01
   5.5900000e+02   7.9936363e-01
   5.6000000e+02   7.9937870e-01
   5.6100000e+02   7.9939557e-01
   5.6200000e+02   7.9941407e-01
   5.6300000e+02   7.9943403e-01
   5.6400000e+02   7.9945526e-01
   5.6500000e+02   7.9947758e-01
   5.6600000e+02   7.9950080e-01
   5.6700000e+02   7.9952475e-01
   5.6800000e+02   7.9954925e-01
   5.6900000e+02   7.9957412e-01
   5.7000000e+02   7.9959920e-01
   5.7100000e+02   7.9962433e-01
   5.7200000e+02   7.9964937e-01
   5.7300000e+02   7.9967417e-01
   5.7400000e+02   7.9969862e-01
   5.7500000e+02   7.9972259e-01
   5.7600000e+02   7.9974598e-01
   5.7700000e+02   7.9976870e-01
   5.7800000e+02   7.9979066e-01
   5.7900000e+02   7.9981180e-01
   5.8000000e+02   7.9983205e-01
   5.8100000e+02   7.9985137e-01
   5.8200000e+02   7.9986971e-01
   5.8300000e+02   7.9988705e-01
   5.8400000e+02   7.9990338e-01
   5.8500000e+02   7.9991866e-01
   5.8600000e+02   7.9993291e-01
   5.8700000e+02   7.9994614e-01
   5.8800000e+02   7.9995834e-01
   5.8900000e+02   7.9996954e-01
   5.9000000e+02   7.9997975e-01
   5.9100000e+02   7.9998902e-01
   5.9200000e+02   7.9999737e-01
   5.9300000e+02   8.0000483e-01
   5.9400000e+02   8.0001144e-01
   5.9500000e+02   8.0001724e-01
   5.9600000e+02   8.0002228e-01
   5.9700000e+02   8.0002660e-01
   5.9800000e+02   8.0003025e-01
   5.9900000e+02   8.0003326e-01
   6.0000000e+02   8.0003568e-01
   6.0100000e+02   8.0003757e-01
   6.0200000e+02   8.0003896e-01
   6.0300000e+02   8.0003989e-01
   6.0400000e+02   8.0004041e-01
   6.0500000e+02   8.0004057e-01
   6.0600000e+02   8.0004039e-01
   6.0700000e+02   8.0003991e-01
   6.0800000e+02   8.0003918e-01
   6.0900000e+02   8.0003823e-01
   6.1000000e+02   8.0003709e-01
   6.1100000e+02   8.0003578e-01
   6.1200000e+02   8.0003434e-01
   6.1300000e+02   8.0003279e-01
   6.1400000e+02   8.0003116e-01
   6.1500000e+02   8.0002947e-01
   6.1600000e+02   8.0002773e-01
   6.1700000e+02   8.0002597e-01
   6.1800000e+02   8.0002421e-01
   6.1900000e+02   8.0002245e-01
   6.2000000e+02   8.0002071e-01
   6.2100000e+02   8.0001900e-01
   6.2200000e+02   8.0001734e-01
   6.2300000e+02   8.0001572e-01
   6.2400000e+02   8.0001416e-01
   6.2500000e+02   8.0001265e-01
   6.2600000e+02   8.0001122e-01
   6.2700000e+02   8.0000985e-01
   6.2800000e+02   8.0000856e-01
   6.2900000e+02   8.0000734e-01
   6.3000000e+02   8.0000619e-01
   6.3100000e+02   8.0000512e-01
   6.3200000e+02   8.0000412e-01
   6.3300000e+02   8.0000320e-01
   6.3400000e+02   8.0000234e-01
   6.3500000e+02   8.0000156e-01
   6.3600000e+02   8.0000084e-01
   6.3700000e+02   8.0000019e-01
   6.3800000e+02   7.9999960e-01
   6.3900000e+02   7.9999907e-01
   6.4000000e+02   7.9999859e-01
   6.4100000e+02   7.9999817e-01
   6.4200000e+02   7.9999780e-01
   6.4300000e+02   7.9999748e-01
   6.4400000e+02   7.9999720e-01
   6.4500000e+02   7.9999697e-01
   6.4600000e+02   7.9999677e-01
   6.4700000e+02   7.9999661e-01
   6.4800000e+02   7.9999648e-01
   6.4900000e+02   7.9999638e-01
   6.5000000e+02   7.9999631e-01
   6.5100000e+02   7.9999626e-01
   6.5200000e+02   7.9999624e-01
   6.5300000e+02   7.9999625e-01
   6.5400000e+02   7.9999627e-01
   6.5500000e+02   7.9999631e-01
   6.5600000e+02   7.9999636e-01
   6.5700000e+02   7.9999643e-01
   6.5800000e+02   7.9999652e-01
   6.5900000e+02   7.9999661e-01
   6.6000000e+02   7.9999672e-01
   6.6100000e+02   7.9999684e-01
   6.6200000e+02   7.9999697e-01
   6.6300000e+02   7.9999711e-01
   6.6400000e+02   7.9999725e-01
   6.6500000e+02   7.9999740e-01
   6.6600000e+02   7.9999756e-01
   6.6700000e+02   7.9999772e-01
   6.6800000e+02   7.9999788e-01
   6.6900000e+02   7.9999805e-01
   6.7000000e+02   7.9999823e-01
   6.7100000e+02   7.9999841e-01
   6.7200000e+02   7.9999858e-01
   6.7300000e+02   7.9999876e-01
   6.7400000e+02   7.9999894e-01
   6.7500000e+02   7.9999912e-01
   6.7600000e+02   7.9999930e-01
   6.7700000e+02   7.9999948e-01
   6.7800000e+02   7.9999966e-01
   6.7900000e+02   7.9999983e-01
   6.8000000e+02   8.0000000e-01
   6.8100000e+02   8.0000016e-01
   6.8200000e+02   8.0000032e-01
   6.8300000e+02   8.0000048e-01
   6.8400000e+02   8.0000063e-01
   6.8500000e+02   8.0000077e-01
   6.8600000e+02   8.0000090e-01
   6.8700000e+02   8.0000103e-01
   6.8800000e+02   8.0000115e-01
   6.8900000e+02   8.0000126e-01
   6.9000000e+02   8.0000136e-01
   6.9100000e+02   8.0000145e-01
   6.9200000e+02   8.0000153e-01
   6.9300000e+02   8.0000161e-01
   6.9400000e+02   8.0000167e-01
   6.9500000e+02   8.0000172e-01
   6.9600000e+02   8.0000177e-01
   6.9700000e+02   8.0000181e-01
   6.9800000e+02   8.0000183e-01
   6.9900000e+02   8.0000185e-01
   7.0000000e+02   8.0000186e-01
   7.0100000e+02   8.0000186e-01
   7.0200000e+02   8.0000185e-01
   7.0300000e+02   8.0000184e-01
   7.0400000e+02   8.0000182e-01
   7.0500000e+02   8.0000179e-01
   7.0600000e+02   8.0000175e-01
   7.0700000e+02   8.0000171e-01
   7.0800000e+02   8.0000167e-01
   7.0900000e+02   8.0000162e-01
   7.1000000e+02   8.0000156e-01
   7.1100000e+02   8.0000150e-01
   7.1200000e+02   8.0000144e-01
   7.1300000e+02   8.0000138e-01
   7.1400000e+02   8.0000131e-01
   7.1500000e+02   8.0000125e-01
   7.1600000e+02   8.0000118e-01
   7.1700000e+02   8.0000111e-01
   7.1800000e+02   8.0000104e-01
   7.1900000e+02   8.0000097e-01
   7.2000000e+02   8.0000090e-01
   7.2100000e+02   8.0000083e-01
   7.2200000e+02   8.0000076e-01
   7.2300000e+02   8.0000070e-01
   7.2400000e+02   8.0000063e-01
   7.2500000e+02   8.0000057e-01
   7.2600000e+02   8.0000051e-01
   7.2700000e+02   8.0000045e-01
   7.2800000e+02   8.0000040e-01
   7.2900000e+02   8.0000035e-01
   7.3000000e+02   8.0000030e-01
   7.3100000e+02   8.0000025e-01
   7.3200000e+02   8.0000020e-01
   7.3300000e+02   8.0000016e-01
   7.3400000e+02   8.0000012e-01
   7.3500000e+02   8.0000009e-01
   7.3600000e+02   8.0000005e-01
   7.3700000e+02   8.0000002e-01
   7.3800000e+02   8.0000000e-01
   7.3900000e+02   7.9999997e-01
   7.4000000e+02   7.9999995e-01
   7.4100000e+02   7.9999993e-01
   7.4200000e+02   7.9999991e-01
   7.4300000e+02   7.9999989e-01
   7.4400000e+02   7.9999988e-01
   7.4500000e+02   7.9999987e-01
   7.4600000e+02   7.9999986e-01
   7.4700000e+02   7.9999985e-01
   7.4800000e+02   7.9999985e-01
   7.4900000e+02   7.9999984e-01
   7.5000000e+02   7.9999984e-01
   7.5100000e+02   7.9999984e-01
   7.5200000e+02   7.9999984e-01
   7.5300000e+02   7.9999984e-01
   7.5400000e+02   7.9999984e-01
   7.5500000e+02   7.9999985e-01
   7.5600000e+02   7.9999985e-01
   7.5700000e+02   7.9999985e-01
   7.5800000e+02   7.9999986e-01
   7.5900000e+02   7.9999986e-01
   7.6000000e+02   7.9999987e-01
   7.6100000e+02   7.9999987e-01
   7.6200000e+02   7.9999988e-01
   7.6300000e+02   7.9999989e-01
   7.6400000e+02   7.9999989e-01
   7.6500000e+02   7.9999990e-01
   7.6600000e+02   7.9999991e-01
   7.6700000e+02   7.9999991e-01
   7.6800000e+02   7.9999992e-01
   7.6900000e+02   7.9999993e-01
   7.7000000e+02   7.9999993e-01
   7.7100000e+02   7.9999994e-01
   7.7200000e+02   7.9999995e-01
   7.7300000e+02   7.9999995e-01
   7.7400000e+02   7.9999996e-01
   7.7500000e+02   7.9999996e-01
   7.7600000e+02   7.9999997e-01
   7.7700000e+02   7.9999997e-01
   7.7800000e+02   7.9999998e-01
   7.7900000e+02   7.9999998e-01
   7.8000000e+02   7.9999999e-01
   7.8100000e+02   7.9999999e-01
   7.8200000e+02   7.9999999e-01
   7.8300000e+02   8.0000000e-01
   7.8400000e+02   8.0000000e-01
   7.8500000e+02   8.0000000e-01
   7.8600000e+02   8.0000000e-01
   7.8700000e+02   8.0000001e-01
   7.8800000e+02   8.0000001e-01
   7.8900000e+02   8.0000001e-01
   7.9000000e+02   8.0000001e-01
   7.9100000e+02   8.0000001e-01
   7.9200000e+02   8.0000001e-01
   7.9300000e+02   8.0000002e-01
   7.9400000e+02   8.0000002e-01
   7.9500000e+02   8.0000002e-01
   7.9600000e+02   8.0000002e-01
   7.9700000e+02   8.0000002e-01
   7.9800000e+02   8.0000002e-01
   7.9900000e+02   8.0000002e-01
   8.0000000e+02   8.0000002e-01
   8.0100000e+02   8.0000002e-01
   8.0200000e+02   8.0000002e-01
   8.0300000e+02   8.0000002e-01
   8.0400000e+02   8.0000002e-01
   8.0500000e+02   8.0000002e-01
   8.0600000e+02   8.0000002e-01
   8.0700000e+02   8.0000002e-01
   8.0800000e+02   8.0000002e-01
   8.0900000e+02   8.0000002e-01
   8.1000000e+02   8.0033611e-01
   8.1100000e+02   8.0152444e-01
   8.1200000e+02   8.0387648e-01
   8.1300000e+02   8.0755217e-01
   8.1400000e+02   8.1260091e-01
   8.1500000e+02   8.1899315e-01
   8.1600000e+02   8.2664463e-01
   8.1700000e+02   8.3543492e-01
   8.1800000e+02   8.4522140e-01
   8.1900000e+02   8.5584986e-01
   8.2000000e+02   8.6716234e-01
   8.2100000e+02   8.7900289e-01
   8.2200000e+02   8.9122166e-01
   8.2300000e+02   9.0367774e-01
   8.2400000e+02   9.1624108e-01
   8.2500000e+02   9.2879356e-01
   8.2600000e+02   9.4122958e-01
   8.2700000e+02   9.5345614e-01
   8.2800000e+02   9.6539271e-01
   8.2900000e+02   9.7697075e-01
   8.3000000e+02   9.8813312e-01
   8.3100000e+02   9.9883340e-01
   8.3200000e+02   1.0090351e+00
   8.3300000e+02   1.0187107e+00
   8.3400000e+02   1.0278412e+00
   8.3500000e+02   1.0364148e+00
   8.3600000e+02   1.0444264e+00
   8.3700000e+02   1.0518768e+00
   8.3800000e+02   1.0587716e+00
   8.3900000e+02   1.0651212e+00
   8.4000000e+02   1.0709394e+00
   8.4100000e+02   1.0762432e+00
   8.4200000e+02   1.0810521e+00
   8.4300000e+02   1.0853877e+00
   8.4400000e+02   1.0892731e+00
   8.4500000e+02   1.0927324e+00
   8.4600000e+02   1.0957907e+00
   8.4700000e+02   1.0984734e+00
   8.4800000e+02   1.1008059e+00
   8.4900000e+02   1.1028136e+00
   8.5000000e+02   1.1045215e+00
   8.5100000e+02   1.1059542e+00
   8.5200000e+02   1.1071353e+00
   8.5300000e+02   1.1080877e+00
   8.5400000e+02   1.1088336e+00
   8.5500000e+02   1.1093938e+00
   8.5600000e+02   1.1097882e+00
   8.5700000e+02   1.1100357e+00
   8.5800000e+02   1.1101537e+00
   8.5900000e+02   1.1101588e+00
   8.6000000e+02   1.1100663e+00
   8.6100000e+02   1.1098903e+00
   8.6200000e+02   1.1096439e+00
   8.6300000e+02   1.1093389e+00
   8.6400000e+02   1.1089862e+00
   8.6500000e+02   1.1085957e+00
   8.6600000e+02   1.1081762e+00
   8.6700000e+02   1.1077357e+00
   8.6800000e+02   1.1072811e+00
   8.6900000e+02   1.1068188e+00
   8.7000000e+02   1.1063542e+00
   8.7100000e+02   1.1058920e+00
   8.7200000e+02   1.1054364e+00
   8.7300000e+02   1.1049907e+00
   8.7400000e+02   1.1045578e+00
   8.7500000e+02   1.1041401e+00
   8.7600000e+02   1.1037396e+00
   8.7700000e+02   1.1033576e+00
   8.7800000e+02   1.1029954e+00
   8.7900000e+02   1.1026536e+00
   8.8000000e+02   1.1023328e+00
   8.8100000e+02   1.1020331e+00
   8.8200000e+02   1.1017546e+00
   8.8300000e+02   1.1014969e+00
   8.8400000e+02   1.1012598e+00
   8.8500000e+02   1.1010426e+00
   8.8600000e+02   1.1008447e+00
   8.8700000e+02   1.1006654e+00
   8.8800000e+02   1.1005038e+00
   8.8900000e+02   1.1003592e+00
   8.9000000e+02   1.1002305e+00
   8.9100000e+02   1.1001169e+00
   8.9200000e+02   1.1000173e+00
   8.9300000e+02   1.0999308e+00
   8.9400000e+02   1.0998566e+00
   8.9500000e+02   1.0997935e+00
   8.9600000e+02   1.0997409e+00
   8.9700000e+02   1.0996977e+00
   8.9800000e+02   1.0996632e+00
   8.9900000e+02   1.0996365e+00
   9.0000000e+02   1.0996168e+00
   9.0100000e+02   1.0996036e+00
   9.0200000e+02   1.0995960e+00
   9.0300000e+02   1.0995935e+00
   9.0400000e+02   1.0995956e+00
   9.0500000e+02   1.0996016e+00
   9.0600000e+02   1.0996110e+00
   9.0700000e+02   1.0996236e+00
   9.0800000e+02   1.0996387e+00
   9.0900000e+02   1.0996562e+00
   9.1000000e+02   1.0996757e+00
   9.1100000e+02   1.0996969e+00
   9.1200000e+02   1.0997195e+00
   9.1300000e+02   1.0997434e+00
   9.1400000e+02   1.0997684e+00
   9.1500000e+02   1.0997943e+00
   9.1600000e+02   1.0998210e+00
   9.1700000e+02   1.0998485e+00
   9.1800000e+02   1.0998766e+00
   9.1900000e+02   1.0999052e+00
   9.2000000e+02   1.0999344e+00
   9.2100000e+02   1.0999641e+00
   9.2200000e+02   1.0999942e+00
   9.2300000e+02   1.1000248e+00
   9.2400000e+02   1.1000558e+00
   9.2500000e+02   1.1000872e+00
   9.2600000e+02   1.1001190e+00
   9.2700000e+02   1.1001512e+00
   9.2800000e+02   1.1001837e+00
   9.2900000e+02   1.1002166e+00
   9.3000000e+02   1.1002497e+00
   9.3100000e+02   1.1002830e+00
   9.3200000e+02   1.1003166e+00
   9.3300000e+02   1.1003503e+00
   9.3400000e+02   1.1003841e+00
   9.3500000e+02   1.1004179e+00
   9.3600000e+02   1.1004516e+00
   9.3700000e+02   1.1004851e+00
   9.3800000e+02   1.1005183e+00
   9.3900000e+02   1.1005509e+00
   9.4000000e+02   1.1005828e+00
   9.4100000e+02   1.1006136e+00
   9.4200000e+02   1.1006432e+00
   9.4300000e+02   1.1006712e+00
   9.4400000e+02   1.1006974e+00
   9.4500000e+02   1.1007215e+00
   9.4600000e+02   1.1007433e+00
   9.4700000e+02   1.1007625e+00
   9.4800000e+02   1.1007791e+00
   9.4900000e+02   1.1007928e+00
   9.5000000e+02   1.1008035e+00
   9.5100000e+02   1.1008111e+00
   9.5200000e+02   1.1008157e+00
   9.5300000e+02   1.1008171e+00
   9.5400000e+02   1.1008154e+00
   9.5500000e+02   1.1008107e+00
   9.5600000e+02   1.1008031e+00
   9.5700000e+02   1.1007926e+00
   9.5800000e+02   1.1007794e+00
   9.5900000e+02   1.1007636e+00
   9.6000000e+02   1.1007456e+00
   9.6100000e+02   1.1007253e+00
   9.6200000e+02   1.1007031e+00
   9.6300000e+02   1.1006792e+00
   9.6400000e+02   1.1006537e+00
   9.6500000e+02   1.1006269e+00
   9.6600000e+02   1.1005990e+00
   9.6700000e+02   1.1005703e+00
   9.6800000e+02   1.1005409e+00
   9.6900000e+02   1.1005111e+00
   9.7000000e+02   1.1004810e+00
   9.7100000e+02   1.1004508e+00
   9.7200000e+02   1.1004208e+00
   9.7300000e+02   1.1003910e+00
   9.7400000e+02   1.1003617e+00
   9.7500000e+02   1.1003329e+00
   9.7600000e+02   1.1003048e+00
   9.7700000e+02   1.1002776e+00
   9.7800000e+02   1.1002512e+00
   9.7900000e+02   1.1002258e+00
   9.8000000e+02   1.1002015e+00
   9.8100000e+02   1.1001784e+00
   9.8200000e+02   1.1001563e+00
   9.8300000e+02   1.1001355e+00
   9.8400000e+02   1.1001159e+00
   9.8500000e+02   1.1000976e+00
   9.8600000e+02   1.1000805e+00
   9.8700000e+02   1.1000646e+00
   9.8800000e+02   1.1000500e+00
   9.8900000e+02   1.1000366e+00
   9.9000000e+02   1.1000243e+00
   9.9100000e+02   1.1000132e+00
   9.9200000e+02   1.1000032e+00
   9.9300000e+02   1.0999942e+00
   9.9400000e+02   1.0999863e+00
   9.9500000e+02   1.0999793e+00
   9.9600000e+02   1.0999733e+00
   9.9700000e+02   1.0999681e+00
   9.9800000e+02   1.0999637e+00
   9.9900000e+02   1.0999601e+00
   1.0000000e+03   1.0999572e+00
   1.0010000e+03   1.0999549e+00
   1.0020000e+03   1.0999533e+00
   1.0030000e+03   1.0999521e+00
   1.0040000e+03   1.0999515e+00
   1.0050000e+03   1.0999513e+00
   1.0060000e+03   1.0999515e+00
   1.0070000e+03   1.0999521e+00
   1.0080000e+03   1.0999530e+00
   1.0090000e+03   1.0999541e+00
   1.0100000e+03   1.0999555e+00
   1.0110000e+03   1.0999571e+00
   1.0120000e+03   1.0999588e+00
   1.0130000e+03   1.0999607e+00
   1.0140000e+03   1.0999626e+00
   1.0150000e+03   1.0999646e+00
   1.0160000e+03   1.0999667e+00
   1.0170000e+03   1.0999688e+00
   1.0180000e+03   1.0999710e+00
   1.0190000e+03   1.0999731e+00
   1.0200000e+03   1.0999751e+00
   1.0210000e+03   1.0999772e+00
   1.0220000e+03   1.0999792e+00
   1.0230000e+03   1.0999811e+00
   1.0240000e+03   1.0999830e+00
   1.0250000e+03   1.0999848e+00
   1.0260000e+03   1.0999865e+00
   1.0270000e+03   1.0999882e+00
   1.0280000e+03   1.0999897e+00
   1.0290000e+03   1.0999912e+00
   1.0300000e+03   1.0999926e+00
   1.0310000e+03   1.0999939e+00
   1.0320000e+03   1.0999951e+00
   1.0330000e+03   1.0999962e+00
   1.0340000e+03   1.0999972e+00
   1.0350000e+03   1.0999981e+00
   1.0360000e+03   1.0999990e+00
   1.0370000e+03   1.0999998e+00
   1.0380000e+03   1.1000005e+00
   1.0390000e+03   1.1000011e+00
   1.0400000e+03   1.1000017e+00
   1.0410000e+03   1.1000022e+00
   1.0420000e+03   1.1000026e+00
   1.0430000e+03   1.1000030e+00
   1.0440000e+03   1.1000034e+00
   1.0450000e+03   1.1000036e+00
   1.0460000e+03   1.1000039e+00
   1.0470000e+03   1.1000041e+00
   1.0480000e+03   1.1000042e+00
   1.0490000e+03   1.1000043e+00
   1.0500000e+03   1.1000044e+00
   1.0510000e+03   1.1000045e+00
   1.0520000e+03   1.1000045e+00
   1.0530000e+03   1.1000045e+00
   1.0540000e+03   1.1000045e+00
   1.0550000e+03   1.1000044e+00
   1.0560000e+03   1.1000044e+00
   1.0570000e+03   1.1000043e+00
   1.0580000e+03   1.1000042e+00
   1.0590000e+03   1.1000041e+00
   1.0600000e+03   1.1000039e+00
   1.0610000e+03   1.1000038e+00
   1.0620000e+03   1.1000036e+00
   1.0630000e+03   1.1000035e+00
   1.0640000e+03   1.1000033e+00
   1.0650000e+03   1.1000031e+00
   1.0660000e+03   1.1000029e+00
   1.0670000e+03   1.1000027e+00
   1.0680000e+03   1.1000025e+00
   1.0690000e+03   1.1000023e+00
   1.0700000e+03   1.1000021e+00
   1.0710000e+03   1.1000019e+00
   1.0720000e+03   1.1000017e+00
   1.0730000e+03   1.1000015e+00
   1.0740000e+03   1.1000013e+00
   1.0750000e+03   1.1000011e+00
   1.0760000e+03   1.1000008e+00
   1.0770000e+03   1.1000006e+00
   1.0780000e+03   1.1000004e+00
   1.0790000e+03   1.1000002e+00
   1.0800000e+03   1.1000000e+00
   1.0810000e+03   1.0999998e+00
   1.0820000e+03   1.0999996e+00
   1.0830000e+03   1.0999994e+00
   1.0840000e+03   1.0999992e+00
   1.0850000e+03   1.0999991e+00
   1.0860000e+03   1.0999989e+00
   1.0870000e+03   1.0999988e+00
   1.0880000e+03   1.0999986e+00
   1.0890000e+03   1.0999985e+00
   1.0900000e+03   1.0999984e+00
   1.0910000e+03   1.0999983e+00
   1.0920000e+03   1.0999982e+00
   1.0930000e+03   1.0999981e+00
   1.0940000e+03   1.0999980e+00
   1.0950000e+03   1.0999979e+00
   1.0960000e+03   1.0999979e+00
   1.0970000e+03   1.0999978e+00
   1.0980000e+03   1.0999978e+00
   1.0990000e+03   1.0999978e+00
   1.1000000e+03   1.0999978e+00
   1.1010000e+03   1.0999978e+00
   1.1020000e+03   1.0999978e+00
   1.1030000e+03   1.0999978e+00
   1.1040000e+03   1.0999978e+00
   1.1050000e+03   1.0999979e+00
   1.1060000e+03   1.0999979e+00
   1.1070000e+03   1.0999979e+00
   1.1080000e+03   1.0999980e+00
   1.1090000e+03   1.0999981e+00
   1.1100000e+03   1.0999981e+00
   1.1110000e+03   1.0999982e+00
   1.1120000e+03   1.0999983e+00
   1.1130000e+03   1.0999983e+00
   1.1140000e+03   1.0999984e+00
   1.1150000e+03   1.0999985e+00
   1.1160000e+03   1.0999986e+00
   1.1170000e+03   1.0999987e+00
   1.1180000e+03   1.0999988e+00
   1.1190000e+03   1.0999988e+00
   1.1200000e+03   1.0999989e+00
   1.1210000e+03   1.0999990e+00
   1.1220000e+03   1.0999991e+00
   1.1230000e+03   1.0999992e+00
   1.1240000e+03   1.0999992e+00
   1.1250000e+03   1.0999993e+00
   1.1260000e+03   1.0999994e+00
   1.1270000e+03   1.0999995e+00
   1.1280000e+03   1.0999995e+00
   1.1290000e+03   1.0999996e+00
   1.1300000e+03   1.0999996e+00
   1.1310000e+03   1.0999997e+00
   1.1320000e+03   1.0999998e+00
   1.1330000e+03   1.0999998e+00
   1.1340000e+03   1.0999999e+00
   1.1350000e+03   1.0999999e+00
   1.1360000e+03   1.0999999e+00
   1.1370000e+03   1.1000000e+00
   1.1380000e+03   1.1000000e+00
   1.1390000e+03   1.1000000e+00
   1.1400000e+03   1.1000001e+00
   1.1410000e+03   1.1000001e+00
   1.1420000e+03   1.1000001e+00
   1.1430000e+03   1.1000001e+00
   1.1440000e+03   1.1000001e+00
   1.1450000e+03   1.1000002e+00
   1.1460000e+03   1.1000002e+00
   1.1470000e+03   1.1000002e+00
   1.1480000e+03   1.1000002e+00
   1.1490000e+03   1.1000002e+00
   1.1500000e+03   1.1000002e+00
   1.1510000e+03   1.1000002e+00
   1.1520000e+03   1.1000002e+00
   1.1530000e+03   1.1000002e+00
   1.1540000e+03   1.1000002e+00
   1.1550000e+03   1.1000002e+00
   1.1560000e+03   1.1000002e+00
   1.1570000e+03   1.1000002e+00
   1.1580000e+03   1.1000002e+00
   1.1590000e+03   1.1000002e+00
   1.1600000e+03   1.1000002e+00
   1.1610000e+03   1.1000002e+00
   1.1620000e+03   1.1000001e+00
   1.1630000e+03   1.1000001e+00
   1.1640000e+03   1.1000001e+00
   1.1650000e+03   1.1000001e+00
   1.1660000e+03   1.1000001e+00
   1.1670000e+03   1.1000001e+00
   1.1680000e+03   1.1000001e+00
   1.1690000e+03   1.1000001e+00
   1.1700000e+03   1.1000001e+00
   1.1710000e+03   1.1000001e+00
   1.1720000e+03   1.1000001e+00
   1.1730000e+03   1.1000001e+00
   1.1740000e+03   1.1000001e+00
   1.1750000e+03   1.1000000e+00
   1.1760000e+03   1.1000000e+00
   1.1770000e+03   1.1000000e+00
   1.1780000e+03   1.1000000e+00
   1.1790000e+03   1.1000000e+00
   1.1800000e+03   1.1000000e+00
   1.1810000e+03   1.1000000e+00
   1.1820000e+03   1.1000000e+00
   1.1830000e+03   1.1000000e+00
   1.1840000e+03   1.1000000e+00
   1.1850000e+03   1.1000000e+00
   1.1860000e+03   1.1000000e+00
   1.1870000e+03   1.1000000e+00
   1.1880000e+03   1.1000000e+00
   1.1890000e+03   1.1000000e+00
   1.1900000e+03   1.1000000e+00
   1.1910000e+03   1.1000000e+00
   1.1920000e+03   1.1000000e+00
   1.1930000e+03   1.1000000e+00
   1.1940000e+03   1.1000000e+00
   1.1950000e+03   1.1000000e+00
   1.1960000e+03   1.1000000e+00
   1.1970000e+03   1.1000000e+00
   1.1980000e+03   1.1000000e+00
   1.1990000e+03   1.1000000e+00
   1.2000000e+03   1.1000000e+00
   1.2010000e+03   1.1000000e+00
   1.2020000e+03   1.1000000e+00
   1.2030000e+03   1.1000000e+00
   1.2040000e+03   1.1000000e+00
   1.2050000e+03   1.1000000e+00
   1.2060000e+03   1.1000000e+00
   1.2070000e+03   1.1000000e+00
   1.2080000e+03   1.1000000e+00
   1.2090000e+03   1.1000000e+00
   1.2100000e+03   1.0997759e+00
   1.2110000e+03   1.0989837e+00
   1.2120000e+03   1.0974157e+00
   1.2130000e+03   1.0949652e+00
   1.2140000e+03   1.0915994e+00
   1.2150000e+03   1.0873379e+00
   1.2160000e+03   1.0822369e+00
   1.2170000e+03   1.0763767e+00
   1.2180000e+03   1.0698524e+00
   1.2190000e+03   1.0627668e+00
   1.2200000e+03   1.0552251e+00
   1.2210000e+03   1.0473314e+00
   1.2220000e+03   1.0391856e+00
   1.2230000e+03   1.0308815e+00
   1.2240000e+03   1.0225059e+00
   1.2250000e+03   1.0141376e+00
   1.2260000e+03   1.0058469e+00
   1.2270000e+03   9.9769591e-01
   1.2280000e+03   9.8973819e-01
   1.2290000e+03   9.8201950e-01
   1.2300000e+03   9.7457792e-01
   1.2310000e+03   9.6744440e-01
   1.2320000e+03   9.6064328e-01
   1.2330000e+03   9.5419285e-01
   1.2340000e+03   9.4810585e-01
   1.2350000e+03   9.4239012e-01
   1.2360000e+03   9.3704905e-01
   1.2370000e+03   9.3208216e-01
   1.2380000e+03   9.2748558e-01
   1.2390000e+03   9.2325253e-01
   1.2400000e+03   9.1937373e-01
   1.2410000e+03   9.1583787e-01
   1.2420000e+03   9.1263193e-01
   1.2430000e+03   9.0974153e-01
   1.2440000e+03   9.0715130e-01
   1.2450000e+03   9.0484506e-01
   1.2460000e+03   9.0280619e-01
   1.2470000e+03   9.0101776e-01
   1.2480000e+03   8.9946276e-01
   1.2490000e+03   8.9812428e-01
   1.2500000e+03   8.9698565e-01
   1.2510000e+03   8.9603056e-01
   1.2520000e+03   8.9524316e-01
   1.2530000e+03   8.9460817e-01
   1.2540000e+03   8.9411093e-01
   1.2550000e+03   8.9373747e-01
   1.2560000e+03   8.9347451e-01
   1.2570000e+03   8.9330956e-01
   1.2580000e+03   8.9323085e-01
   1.2590000e+03   8.9322744e-01
   1.2600000e+03   8.9328911e-01
   1.2610000e+03   8.9340644e-01
   1.2620000e+03   8.9357074e-01
   1.2630000e+03   8.9377407e-01
   1.2640000e+03   8.9400919e-01
   1.2650000e+03   8.9426954e-01
   1.2660000e+03   8.9454920e-01
   1.2670000e+03   8.9484290e-01
   1.2680000e+03   8.9514592e-01
   1.2690000e+03   8.9545412e-01
   1.2700000e+03   8.9576386e-01
   1.2710000e+03   8.9607197e-01
   1.2720000e+03   8.9637575e-01
   1.2730000e+03   8.9667290e-01
   1.2740000e+03   8.9696149e-01
   1.2750000e+03   8.9723993e-01
   1.2760000e+03   8.9750695e-01
   1.2770000e+03   8.9776158e-01
   1.2780000e+03   8.9800307e-01
   1.2790000e+03   8.9823091e-01
   1.2800000e+03   8.9844479e-01
   1.2810000e+03   8.9864457e-01
   1.2820000e+03   8.9883028e-01
   1.2830000e+03   8.9900206e-01
   1.2840000e+03   8.9916017e-01
   1.2850000e+03   8.9930496e-01
   1.2860000e+03   8.9943688e-01
   1.2870000e+03   8.9955641e-01
   1.2880000e+03   8.9966410e-01
   1.2890000e+03   8.9976054e-01
   1.2900000e+03   8.9984633e-01
   1.2910000e+03   8.9992210e-01
   1.2920000e+03   8.9998848e-01
   1.2930000e+03   9.0004612e-01
   1.2940000e+03   9.0009563e-01
   1.2950000e+03   9.0013764e-01
   1.2960000e+03   9.0017274e-01
   1.2970000e+03   9.0020153e-01
   1.2980000e+03   9.0022456e-01
   1.2990000e+03   9.0024237e-01
   1.3000000e+03   9.0025545e-01
   1.3010000e+03   9.0026428e-01
   1.3020000e+03   9.0026932e-01
   1.3030000e+03   9.0027097e-01
   1.3040000e+03   9.0026962e-01
   1.3050000e+03   9.0026563e-01
   1.3060000e+03   9.0025931e-01
   1.3070000e+03   9.0025096e-01
   1.3080000e+03   9.0024084e-01
   1.3090000e+03   9.0022919e-01
   1.3100000e+03   9.0021621e-01
   1.3110000e+03   9.0020210e-01
   1.3120000e+03   9.0018700e-01
   1.3130000e+03   9.0017107e-01
   1.3140000e+03   9.0015441e-01
   1.3150000e+03   9.0013713e-01
   1.3160000e+03   9.0011931e-01
   1.3170000e+03   9.0010100e-01
   1.3180000e+03   9.0008228e-01
   1.3190000e+03   9.0006317e-01
   1.3200000e+03   9.0004371e-01
   1.3210000e+03   9.0002393e-01
   1.3220000e+03   9.0000384e-01
   1.3230000e+03   8.9998346e-01
   1.3240000e+03   8.9996279e-01
   1.3250000e+03   8.9994185e-01
   1.3260000e+03   8.9992066e-01
   1.3270000e+03   8.9989921e-01
   1.3280000e+03   8.9987753e-01
   1.3290000e+03   8.9985563e-01
   1.3300000e+03   8.9983355e-01
   1.3310000e+03   8.9981130e-01
   1.3320000e+03   8.9978893e-01
   1.3330000e+03   8.9976646e-01
   1.3340000e+03   8.9974394e-01
   1.3350000e+03   8.9972141e-01
   1.3360000e+03   8.9969894e-01
   1.3370000e+03   8.9967660e-01
   1.3380000e+03   8.9965448e-01
   1.3390000e+03   8.9963273e-01
   1.3400000e+03   8.9961149e-01
   1.3410000e+03   8.9959093e-01
   1.3420000e+03   8.9957123e-01
   1.3430000e+03   8.9955255e-01
   1.3440000e+03   8.9953510e-01
   1.3450000e+03   8.9951902e-01
   1.3460000e+03   8.9950449e-01
   1.3470000e+03   8.9949164e-01
   1.3480000e+03   8.9948060e-01
   1.3490000e+03   8.9947147e-01
   1.3500000e+03   8.9946433e-01
   1.3510000e+03   8.9945924e-01
   1.3520000e+03   8.9945621e-01
   1.3530000e+03   8.9945527e-01
   1.3540000e+03   8.9945638e-01
   1.3550000e+03   8.9945952e-01
   1.3560000e+03   8.9946463e-01
   1.3570000e+03   8.9947163e-01
   1.3580000e+03   8.9948042e-01
   1.3590000e+03   8.9949091e-01
   1.3600000e+03   8.9950296e-01
   1.3610000e+03   8.9951646e-01
   1.3620000e+03   8.9953126e-01
   1.3630000e+03   8.9954722e-01
   1.3640000e+03   8.9956421e-01
   1.3650000e+03   8.9958206e-01
   1.3660000e+03   8.9960064e-01
   1.3670000e+03   8.9961980e-01
   1.3680000e+03   8.9963940e-01
   1.3690000e+03   8.9965929e-01
   1.3700000e+03   8.9967936e-01
   1.3710000e+03   8.9969946e-01
   1.3720000e+03   8.9971949e-01
   1.3730000e+03   8.9973934e-01
   1.3740000e+03   8.9975889e-01
   1.3750000e+03   8.9977807e-01
   1.3760000e+03   8.9979679e-01
   1.3770000e+03   8.9981496e-01
   1.3780000e+03   8.9983253e-01
   1.3790000e+03   8.9984944e-01
   1.3800000e+03   8.9986564e-01
   1.3810000e+03   8.9988109e-01
   1.3820000e+03   8.9989577e-01
   1.3830000e+03   8.9990964e-01
   1.3840000e+03   8.9992270e-01
   1.3850000e+03   8.9993493e-01
   1.3860000e+03   8.9994633e-01
   1.3870000e+03   8.9995691e-01
   1.3880000e+03   8.9996667e-01
   1.3890000e+03   8.9997563e-01
   1.3900000e+03   8.9998380e-01
   1.3910000e+03   8.9999122e-01
   1.3920000e+03   8.9999789e-01
   1.3930000e+03   9.0000386e-01
   1.3940000e+03   9.0000915e-01
   1.3950000e+03   9.0001379e-01
   1.3960000e+03   9.0001783e-01
   1.3970000e+03   9.0002128e-01
   1.3980000e+03   9.0002420e-01
   1.3990000e+03   9.0002661e-01
   1.4000000e+03   9.0002855e-01
   1.4010000e+03   9.0003006e-01
   1.4020000e+03   9.0003117e-01
   1.4030000e+03   9.0003191e-01
   1.4040000e+03   9.0003233e-01
   1.4050000e+03   9.0003245e-01
   1.4060000e+03   9.0003231e-01
   1.4070000e+03   9.0003193e-01
   1.4080000e+03   9.0003135e-01
   1.4090000e+03   9.0003058e-01
   1.4100000e+03   9.0002967e-01
   1.4110000e+03   9.0002862e-01
   1.4120000e+03   9.0002747e-01
   1.4130000e+03   9.0002623e-01
   1.4140000e+03   9.0002493e-01
   1.4150000e+03   9.0002357e-01
   1.4160000e+03   9.0002219e-01
   1.4170000e+03   9.0002078e-01
   1.4180000e+03   9.0001937e-01
   1.4190000e+03   9.0001796e-01
   1.4200000e+03   9.0001657e-01
   1.4210000e+03   9.0001520e-01
   1.4220000e+03   9.0001387e-01
   1.4230000e+03   9.0001257e-01
   1.4240000e+03   9.0001132e-01
   1.4250000e+03   9.0001012e-01
   1.4260000e+03   9.0000898e-01
   1.4270000e+03   9.0000788e-01
   1.4280000e+03   9.0000685e-01
   1.4290000e+03   9.0000587e-01
   1.4300000e+03   9.0000495e-01
   1.4310000e+03   9.0000410e-01
   1.4320000e+03   9.0000330e-01
   1.4330000e+03   9.0000256e-01
   1.4340000e+03   9.0000187e-01
   1.4350000e+03   9.0000125e-01
   1.4360000e+03   9.0000067e-01
   1.4370000e+03   9.0000015e-01
   1.4380000e+03   8.9999968e-01
   1.4390000e+03   8.9999925e-01
   1.4400000e+03   8.9999888e-01
   1.4410000e+03   8.9999854e-01
   1.4420000e+03   8.9999824e-01
   1.4430000e+03   8.9999798e-01
   1.4440000e+03   8.9999776e-01
   1.4450000e+03   8.9999757e-01
   1.4460000e+03   8.9999741e-01
   1.4470000e+03   8.9999729e-01
   1.4480000e+03   8.9999718e-01
   1.4490000e+03   8.9999710e-01
   1.4500000e+03   8.9999705e-01
   1.4510000e+03   8.9999701e-01
   1.4520000e+03   8.9999700e-01
   1.4530000e+03   8.9999700e-01
   1.4540000e+03   8.9999701e-01
   1.4550000e+03   8.9999704e-01
   1.4560000e+03   8.9999709e-01
   1.4570000e+03   8.9999715e-01
   1.4580000e+03   8.9999721e-01
   1.4590000e+03   8.9999729e-01
   1.4600000e+03   8.9999738e-01
   1.4610000e+03   8.9999747e-01
   1.4620000e+03   8.9999758e-01
   1.4630000e+03   8.9999768e-01
   1.4640000e+03   8.9999780e-01
   1.4650000e+03   8.9999792e-01
   1.4660000e+03   8.9999804e-01
   1.4670000e+03   8.9999817e-01
   1.4680000e+03   8.9999831e-01
   1.4690000e+03   8.9999844e-01
   1.4700000e+03   8.9999858e-01
   1.4710000e+03   8.9999872e-01
   1.4720000e+03   8.9999887e-01
   1.4730000e+03   8.9999901e-01
   1.4740000e+03   8.9999916e-01
   1.4750000e+03   8.9999930e-01
   1.4760000e+03   8.9999944e-01
   1.4770000e+03   8.9999959e-01
   1.4780000e+03   8.9999973e-01
   1.4790000e+03   8.9999986e-01
   1.4800000e+03   9.0000000e-01
   1.4810000e+03   9.0000013e-01
   1.4820000e+03   9.0000026e-01
   1.4830000e+03   9.0000038e-01
   1.4840000e+03   9.0000050e-01
   1.4850000e+03   9.0000062e-01
   1.4860000e+03   9.0000072e-01
   1.4870000e+03   9.0000082e-01
   1.4880000e+03   9.0000092e-01
   1.4890000e+03   9.0000101e-01
   1.4900000e+03   9.0000109e-01
   1.4910000e+03   9.0000116e-01
   1.4920000e+03   9.0000123e-01
   1.4930000e+03   9.0000129e-01
   1.4940000e+03   9.0000134e-01
   1.4950000e+03   9.0000138e-01
   1.4960000e+03   9.0000142e-01
   1.4970000e+03   9.0000144e-01
   1.4980000e+03   9.0000147e-01
   1.4990000e+03   9.0000148e-01
   1.5000000e+03   9.0000149e-01
   1.5010000e+03   9.0000149e-01
   1.5020000e+03   9.0000148e-01
   1.5030000e+03   9.0000147e-01
   1.5040000e+03   9.0000145e-01
   1.5050000e+03   9.0000143e-01
   1.5060000e+03   9.0000140e-01
   1.5070000e+03   9.0000137e-01
   1.5080000e+03   9.0000133e-01
   1.5090000e+03   9.0000129e-01
   1.5100000e+03   9.0000125e-01
   1.5110000e+03   9.0000120e-01
   1.5120000e+03   9.0000115e-01
   1.5130000e+03   9.0000110e-01
   1.5140000e+03   9.0000105e-01
   1.5150000e+03   9.0000100e-01
   1.5160000e+03   9.0000094e-01
   1.5170000e+03   9.0000089e-01
   1.5180000e+03   9.0000083e-01
   1.5190000e+03   9.0000078e-01
   1.5200000e+03   9.0000072e-01
   1.5210000e+03   9.0000067e-01
   1.5220000e+03   9.0000061e-01
   1.5230000e+03   9.0000056e-01
   1.5240000e+03   9.0000051e-01
   1.5250000e+03   9.0000046e-01
   1.5260000e+03   9.0000041e-01
   1.5270000e+03   9.0000036e-01
   1.5280000e+03   9.0000032e-01
   1.5290000e+03   9.0000028e-01
   1.5300000e+03   9.0000024e-01
   1.5310000e+03   9.0000020e-01
   1.5320000e+03   9.0000016e-01
   1.5330000e+03   9.0000013e-01
   1.5340000e+03   9.0000010e-01
   1.5350000e+03   9.0000007e-01
   1.5360000e+03   9.0000004e-01
   1.5370000e+03   9.0000002e-01
   1.5380000e+03   9.0000000e-01
   1.5390000e+03   8.9999998e-01
   1.5400000e+03   8.9999996e-01
   1.5410000e+03   8.9999994e-01
   1.5420000e+03   8.9999993e-01
   1.5430000e+03   8.9999992e-01
   1.5440000e+03   8.9999991e-01
   1.5450000e+03   8.9999990e-01
   1.5460000e+03   8.9999989e-01
   1.5470000e+03   8.9999988e-01
   1.5480000e+03   8.9999988e-01
   1.5490000e+03   8.9999988e-01
   1.5500000e+03   8.9999987e-01
   1.5510000e+03   8.9999987e-01
   1.5520000e+03   8.9999987e-01
   1.5530000e+03   8.9999987e-01
   1.5540000e+03   8.9999987e-01
   1.5550000e+03   8.9999988e-01
   1.5560000e+03   8.9999988e-01
   1.5570000e+03   8.9999988e-01
   1.5580000e+03   8.9999989e-01
   1.5590000e+03   8.9999989e-01
   1.5600000e+03   8.9999990e-01
   1.5610000e+03   8.9999990e-01
   1.5620000e+03   8.9999991e-01
   1.5630000e+03   8.9999991e-01
   1.5640000e+03   8.9999992e-01
   1.5650000e+03   8.9999992e-01
   1.5660000e+03   8.9999993e-01
   1.5670000e+03   8.9999993e-01
   1.5680000e+03   8.9999994e-01
   1.5690000e+03   8.9999994e-01
   1.5700000e+03   8.9999995e-01
   1.5710000e+03   8.9999995e-01
   1.5720000e+03   8.9999996e-01
   1.5730000e+03   8.9999996e-01
   1.5740000e+03   8.9999997e-01
   1.5750000e+03   8.9999997e-01
   1.5760000e+03   8.9999997e-01
   1.5770000e+03   8.9999998e-01
   1.5780000e+03   8.9999998e-01
   1.5790000e+03   8.9999999e-01
   1.5800000e+03   8.9999999e-01
   1.5810000e+03   8.9999999e-01
   1.5820000e+03   8.9999999e-01
   1.5830000e+03   9.0000000e-01
   1.5840000e+03   9.0000000e-01
   1.5850000e+03   9.0000000e-01
   1.5860000e+03   9.0000000e-01
   1.5870000e+03   9.0000001e-01
   1.5880000e+03   9.0000001e-01
   1.5890000e+03   9.0000001e-01
   1.5900000e+03   9.0000001e-01
   1.5910000e+03   9.0000001e-01
   1.5920000e+03   9.0000001e-01
   1.5930000e+03   9.0000001e-01
   1.5940000e+03   9.0000001e-01
   1.5950000e+03   9.0000001e-01
   1.5960000e+03   9.0000001e-01
   1.5970000e+03   9.0000001e-01
   1.5980000e+03   9.0000001e-01
   1.5990000e+03   9.0000002e-01
   1.6000000e+03   9.0000002e-01
