   1.0000000e+00   8.0000000e-01
   2.0000000e+00   8.0000000e-01
   3.0000000e+00   8.0000000e-01
   4.0000000e+00   8.0000000e-01
   5.0000000e+00   8.0000000e-01
   6.0000000e+00   8.0000000e-01
   7.0000000e+00   8.0000000e-01
   8.0000000e+00   8.0000000e-01
   9.0000000e+00   8.0000000e-01
   1.0000000e+01   8.0000000e-01
   1.1000000e+01   8.0000000e-01
   1.2000000e+01   8.0000000e-01
   1.3000000e+01   8.0000000e-01
   1.4000000e+01   8.0000000e-01
   1.5000000e+01   8.0000000e-01
   1.6000000e+01   8.0000000e-01
   1.7000000e+01   8.0000000e-01
   1.8000000e+01   8.0000000e-01
   1.9000000e+01   8.0000000e-01
   2.0000000e+01   8.0000000e-01
   2.1000000e+01   8.0000000e-01
   2.2000000e+01   8.0249192e-01
   2.3000000e+01   8.0905774e-01
   2.4000000e+01   8.1857055e-01
   2.5000000e+01   8.3016361e-01
   2.6000000e+01   8.4317234e-01
   2.7000000e+01   8.5708906e-01
   2.8000000e+01   8.7152785e-01
   2.9000000e+01   8.8619719e-01
   3.0000000e+01   9.0084842e-01
   3.1000000e+01   9.1524958e-01
   3.2000000e+01   9.2919394e-01
   3.3000000e+01   9.4249698e-01
   3.4000000e+01   9.5499832e-01
   3.5000000e+01   9.6656974e-01
   3.6000000e+01   9.7712165e-01
   3.7000000e+01   9.8660543e-01
   3.8000000e+01   9.9501150e-01
   3.9000000e+01   1.0023642e+00
   4.0000000e+01   1.0087146e+00
   4.1000000e+01   1.0141335e+00
   4.2000000e+01   1.0187040e+00
   4.3000000e+01   1.0225160e+00
   4.4000000e+01   1.0256610e+00
   4.5000000e+01   1.0282287e+00
   4.6000000e+01   1.0303043e+00
   4.7000000e+01   1.0319665e+00
   4.8000000e+01   1.0332867e+00
   4.9000000e+01   1.0343284e+00
   5.0000000e+01   1.0351469e+00
   5.1000000e+01   1.0357901e+00
   5.2000000e+01   1.0362984e+00
   5.3000000e+01   1.0367056e+00
   5.4000000e+01   1.0370395e+00
   5.5000000e+01   1.0373225e+00
   5.6000000e+01   1.0375725e+00
   5.7000000e+01   1.0378034e+00
   5.8000000e+01   1.0380256e+00
   5.9000000e+01   1.0382469e+00
   6.0000000e+01   1.0384726e+00
   6.1000000e+01   1.0387063e+00
   6.2000000e+01   1.0389500e+00
   6.3000000e+01   1.0392047e+00
   6.4000000e+01   1.0394704e+00
   6.5000000e+01   1.0397464e+00
   6.6000000e+01   1.0400317e+00
   6.7000000e+01   1.0403249e+00
   6.8000000e+01   1.0406243e+00
   6.9000000e+01   1.0409284e+00
   7.0000000e+01   1.0412355e+00
   7.1000000e+01   1.0415440e+00
   7.2000000e+01   1.0418523e+00
   7.3000000e+01   1.0421589e+00
   7.4000000e+01   1.0424627e+00
   7.5000000e+01   1.0427624e+00
   7.6000000e+01   1.0430571e+00
   7.7000000e+01   1.0433458e+00
   7.8000000e+01   1.0436278e+00
   7.9000000e+01   1.0439026e+00
   8.0000000e+01   1.0441695e+00
   8.1000000e+01   1.0444284e+00
   8.2000000e+01   1.0446788e+00
   8.3000000e+01   1.0449207e+00
   8.4000000e+01   1.0451538e+00
   8.5000000e+01   1.0453782e+00
   8.6000000e+01   1.0455939e+00
   8.7000000e+01   1.0458009e+00
   8.8000000e+01   1.0459994e+00
   8.9000000e+01   1.0461896e+00
   9.0000000e+01   1.0463716e+00
   9.1000000e+01   1.0465456e+00
   9.2000000e+01   1.0467118e+00
   9.3000000e+01   1.0468706e+00
   9.4000000e+01   1.0470221e+00
   9.5000000e+01   1.0471666e+00
   9.6000000e+01   1.0473044e+00
   9.7000000e+01   1.0474356e+00
   9.8000000e+01   1.0475607e+00
   9.9000000e+01   1.0476798e+00
   1.0000000e+02   1.0477933e+00
   1.0100000e+02   1.0479012e+00
   1.0200000e+02   1.0480040e+00
   1.0300000e+02   1.0481018e+00
   1.0400000e+02   1.0481948e+00
   1.0500000e+02   1.0482833e+00
   1.0600000e+02   1.0483675e+00
   1.0700000e+02   1.0484475e+00
   1.0800000e+02   1.0485237e+00
   1.0900000e+02   1.0485961e+00
   1.1000000e+02   1.0486649e+00
   1.1100000e+02   1.0487304e+00
   1.1200000e+02   1.0487927e+00
   1.1300000e+02   1.0488519e+00
   1.1400000e+02   1.0489082e+00
   1.1500000e+02   1.0489617e+00
   1.1600000e+02   1.0490126e+00
   1.1700000e+02   1.0490611e+00
   1.1800000e+02   1.0491071e+00
   1.1900000e+02   1.0491508e+00
   1.2000000e+02   1.0491925e+00
   1.2100000e+02   1.0492320e+00
   1.2200000e+02   1.0492697e+00
   1.2300000e+02   1.0493054e+00
   1.2400000e+02   1.0493395e+00
   1.2500000e+02   1.0493718e+00
   1.2600000e+02   1.0494026e+00
   1.2700000e+02   1.0494319e+00
   1.2800000e+02   1.0494597e+00
   1.2900000e+02   1.0494861e+00
   1.3000000e+02   1.0495113e+00
   1.3100000e+02   1.0495352e+00
   1.3200000e+02   1.0495580e+00
   1.3300000e+02   1.0495796e+00
   1.3400000e+02   1.0496002e+00
   1.3500000e+02   1.0496198e+00
   1.3600000e+02   1.0496384e+00
   1.3700000e+02   1.0496561e+00
   1.3800000e+02   1.0496729e+00
   1.3900000e+02   1.0496889e+00
   1.4000000e+02   1.0497042e+00
   1.4100000e+02   1.0497187e+00
   1.4200000e+02   1.0497324e+00
   1.4300000e+02   1.0497455e+00
   1.4400000e+02   1.0497580e+00
   1.4500000e+02   1.0497698e+00
   1.4600000e+02   1.0497811e+00
   1.4700000e+02   1.0497931e+00
   1.4800000e+02   1.0498084e+00
   1.4900000e+02   1.0498295e+00
   1.5000000e+02   1.0498582e+00
   1.5100000e+02   1.0498949e+00
   1.5200000e+02   1.0499390e+00
   1.5300000e+02   1.0499893e+00
   1.5400000e+02   1.0500439e+00
   1.5500000e+02   1.0501009e+00
   1.5600000e+02   1.0501582e+00
   1.5700000e+02   1.0502139e+00
   1.5800000e+02   1.0502662e+00
   1.5900000e+02   1.0503137e+00
   1.6000000e+02   1.0503552e+00
   1.6100000e+02   1.0503899e+00
   1.6200000e+02   1.0504174e+00
   1.6300000e+02   1.0504374e+00
   1.6400000e+02   1.0504499e+00
   1.6500000e+02   1.0504554e+00
   1.6600000e+02   1.0504543e+00
   1.6700000e+02   1.0504474e+00
   1.6800000e+02   1.0504355e+00
   1.6900000e+02   1.0504193e+00
   1.7000000e+02   1.0503996e+00
   1.7100000e+02   1.0503774e+00
   1.7200000e+02   1.0503534e+00
   1.7300000e+02   1.0503283e+00
   1.7400000e+02   1.0503026e+00
   1.7500000e+02   1.0502770e+00
   1.7600000e+02   1.0502520e+00
   1.7700000e+02   1.0502277e+00
   1.7800000e+02   1.0502047e+00
   1.7900000e+02   1.0501830e+00
   1.8000000e+02   1.0501628e+00
   1.8100000e+02   1.0501442e+00
   1.8200000e+02   1.0501272e+00
   1.8300000e+02   1.0501118e+00
   1.8400000e+02   1.0500981e+00
   1.8500000e+02   1.0500858e+00
   1.8600000e+02   1.0500750e+00
   1.8700000e+02   1.0500656e+00
   1.8800000e+02   1.0500574e+00
   1.8900000e+02   1.0500503e+00
   1.9000000e+02   1.0500443e+00
   1.9100000e+02   1.0500391e+00
   1.9200000e+02   1.0500348e+00
   1.9300000e+02   1.0500312e+00
   1.9400000e+02   1.0500282e+00
   1.9500000e+02   1.0500257e+00
   1.9600000e+02   1.0500236e+00
   1.9700000e+02   1.0500220e+00
   1.9800000e+02   1.0500206e+00
   1.9900000e+02   1.0500195e+00
   2.0000000e+02   1.0500187e+00
   2.0100000e+02   1.0500179e+00
   2.0200000e+02   1.0500174e+00
   2.0300000e+02   1.0500169e+00
   2.0400000e+02   1.0500165e+00
   2.0500000e+02   1.0500161e+00
   2.0600000e+02   1.0500158e+00
   2.0700000e+02   1.0500155e+00
   2.0800000e+02   1.0500152e+00
   2.0900000e+02   1.0500149e+00
   2.1000000e+02   1.0500146e+00
   2.1100000e+02   1.0500143e+00
   2.1200000e+02   1.0500140e+00
   2.1300000e+02   1.0500137e+00
   2.1400000e+02   1.0500134e+00
   2.1500000e+02   1.0500131e+00
   2.1600000e+02   1.0500127e+00
   2.1700000e+02   1.0500124e+00
   2.1800000e+02   1.0500120e+00
   2.1900000e+02   1.0500116e+00
   2.2000000e+02   1.0500113e+00
   2.2100000e+02   1.0500109e+00
   2.2200000e+02   1.0500105e+00
   2.2300000e+02   1.0500101e+00
   2.2400000e+02   1.0500098e+00
   2.2500000e+02   1.0500094e+00
   2.2600000e+02   1.0500090e+00
   2.2700000e+02   1.0500087e+00
   2.2800000e+02   1.0500083e+00
   2.2900000e+02   1.0500080e+00
   2.3000000e+02   1.0500076e+00
   2.3100000e+02   1.0500073e+00
   2.3200000e+02   1.0500070e+00
   2.3300000e+02   1.0500067e+00
   2.3400000e+02   1.0500064e+00
   2.3500000e+02   1.0500061e+00
   2.3600000e+02   1.0500058e+00
   2.3700000e+02   1.0500055e+00
   2.3800000e+02   1.0500053e+00
   2.3900000e+02   1.0500050e+00
   2.4000000e+02   1.0500048e+00
   2.4100000e+02   1.0500046e+00
   2.4200000e+02   1.0500043e+00
   2.4300000e+02   1.0500041e+00
   2.4400000e+02   1.0500039e+00
   2.4500000e+02   1.0500037e+00
   2.4600000e+02   1.0500036e+00
   2.4700000e+02   1.0500034e+00
   2.4800000e+02   1.0500032e+00
   2.4900000e+02   1.0500031e+00
   2.5000000e+02   1.0500029e+00
   2.5100000e+02   1.0500028e+00
   2.5200000e+02   1.0500026e+00
   2.5300000e+02   1.0500025e+00
   2.5400000e+02   1.0500024e+00
   2.5500000e+02   1.0500023e+00
   2.5600000e+02   1.0500022e+00
   2.5700000e+02   1.0500020e+00
   2.5800000e+02   1.0500019e+00
   2.5900000e+02   1.0500019e+00
   2.6000000e+02   1.0500018e+00
   2.6100000e+02   1.0500017e+00
   2.6200000e+02   1.0500016e+00
   2.6300000e+02   1.0500015e+00
   2.6400000e+02   1.0500014e+00
   2.6500000e+02   1.0500014e+00
   2.6600000e+02   1.0500013e+00
   2.6700000e+02   1.0500012e+00
   2.6800000e+02   1.0500012e+00
   2.6900000e+02   1.0500011e+00
   2.7000000e+02   1.0500011e+00
   2.7100000e+02   1.0500010e+00
   2.7200000e+02   1.0500010e+00
   2.7300000e+02   1.0500009e+00
   2.7400000e+02   1.0500009e+00
   2.7500000e+02   1.0500009e+00
   2.7600000e+02   1.0500009e+00
   2.7700000e+02   1.0500010e+00
   2.7800000e+02   1.0500011e+00
   2.7900000e+02   1.0500012e+00
   2.8000000e+02   1.0500014e+00
   2.8100000e+02   1.0500015e+00
   2.8200000e+02   1.0500017e+00
   2.8300000e+02   1.0500018e+00
   2.8400000e+02   1.0500019e+00
   2.8500000e+02   1.0500020e+00
   2.8600000e+02   1.0500021e+00
   2.8700000e+02   1.0500021e+00
   2.8800000e+02   1.0500021e+00
   2.8900000e+02   1.0500020e+00
   2.9000000e+02   1.0500019e+00
   2.9100000e+02   1.0500018e+00
   2.9200000e+02   1.0500017e+00
   2.9300000e+02   1.0500015e+00
   2.9400000e+02   1.0500013e+00
   2.9500000e+02   1.0500011e+00
   2.9600000e+02   1.0500009e+00
   2.9700000e+02   1.0500007e+00
   2.9800000e+02   1.0500005e+00
   2.9900000e+02   1.0500003e+00
   3.0000000e+02   1.0500001e+00
   3.0100000e+02   1.0499999e+00
   3.0200000e+02   1.0499998e+00
   3.0300000e+02   1.0499996e+00
   3.0400000e+02   1.0499995e+00
   3.0500000e+02   1.0499994e+00
   3.0600000e+02   1.0499993e+00
   3.0700000e+02   1.0499992e+00
   3.0800000e+02   1.0499992e+00
   3.0900000e+02   1.0499992e+00
   3.1000000e+02   1.0499991e+00
   3.1100000e+02   1.0499991e+00
   3.1200000e+02   1.0499991e+00
   3.1300000e+02   1.0499992e+00
   3.1400000e+02   1.0499992e+00
   3.1500000e+02   1.0499992e+00
   3.1600000e+02   1.0499993e+00
   3.1700000e+02   1.0499993e+00
   3.1800000e+02   1.0499993e+00
   3.1900000e+02   1.0499994e+00
   3.2000000e+02   1.0499994e+00
   3.2100000e+02   1.0499995e+00
   3.2200000e+02   1.0499995e+00
   3.2300000e+02   1.0499996e+00
   3.2400000e+02   1.0499996e+00
   3.2500000e+02   1.0499996e+00
   3.2600000e+02   1.0499997e+00
   3.2700000e+02   1.0499997e+00
   3.2800000e+02   1.0499997e+00
   3.2900000e+02   1.0499998e+00
   3.3000000e+02   1.0499998e+00
   3.3100000e+02   1.0499998e+00
   3.3200000e+02   1.0499998e+00
   3.3300000e+02   1.0499999e+00
   3.3400000e+02   1.0499999e+00
   3.3500000e+02   1.0499999e+00
   3.3600000e+02   1.0499999e+00
   3.3700000e+02   1.0499999e+00
   3.3800000e+02   1.0499999e+00
   3.3900000e+02   1.0499999e+00
   3.4000000e+02   1.0499999e+00
   3.4100000e+02   1.0500000e+00
   3.4200000e+02   1.0500000e+00
   3.4300000e+02   1.0500000e+00
   3.4400000e+02   1.0500000e+00
   3.4500000e+02   1.0500000e+00
   3.4600000e+02   1.0500000e+00
   3.4700000e+02   1.0500000e+00
   3.4800000e+02   1.0500000e+00
   3.4900000e+02   1.0500000e+00
   3.5000000e+02   1.0500000e+00
   3.5100000e+02   1.0500000e+00
   3.5200000e+02   1.0500000e+00
   3.5300000e+02   1.0500000e+00
   3.5400000e+02   1.0500000e+00
   3.5500000e+02   1.0500000e+00
   3.5600000e+02   1.0500000e+00
   3.5700000e+02   1.0500000e+00
   3.5800000e+02   1.0500000e+00
   3.5900000e+02   1.0500000e+00
   3.6000000e+02   1.0500000e+00
   3.6100000e+02   1.0500000e+00
   3.6200000e+02   1.0500000e+00
   3.6300000e+02   1.0500000e+00
   3.6400000e+02   1.0500000e+00
   3.6500000e+02   1.0500000e+00
   3.6600000e+02   1.0500000e+00
   3.6700000e+02   1.0500000e+00
   3.6800000e+02   1.0500000e+00
   3.6900000e+02   1.0500000e+00
   3.7000000e+02   1.0500000e+00
   3.7100000e+02   1.0500000e+00
   3.7200000e+02   1.0500000e+00
   3.7300000e+02   1.0500000e+00
   3.7400000e+02   1.0500000e+00
   3.7500000e+02   1.0500000e+00
   3.7600000e+02   1.0500000e+00
   3.7700000e+02   1.0500000e+00
   3.7800000e+02   1.0500000e+00
   3.7900000e+02   1.0500000e+00
   3.8000000e+02   1.0500000e+00
   3.8100000e+02   1.0500000e+00
   3.8200000e+02   1.0500000e+00
   3.8300000e+02   1.0500000e+00
   3.8400000e+02   1.0500000e+00
   3.8500000e+02   1.0500000e+00
   3.8600000e+02   1.0500000e+00
   3.8700000e+02   1.0500000e+00
   3.8800000e+02   1.0500000e+00
   3.8900000e+02   1.0500000e+00
   3.9000000e+02   1.0500000e+00
   3.9100000e+02   1.0500000e+00
   3.9200000e+02   1.0500000e+00
   3.9300000e+02   1.0500000e+00
   3.9400000e+02   1.0500000e+00
   3.9500000e+02   1.0500000e+00
   3.9600000e+02   1.0500000e+00
   3.9700000e+02   1.0500000e+00
   3.9800000e+02   1.0500000e+00
   3.9900000e+02   1.0500000e+00
   4.0000000e+02   1.0500000e+00
   4.0100000e+02   1.0500000e+00
   4.0200000e+02   1.0500000e+00
   4.0300000e+02   1.0500000e+00
   4.0400000e+02   1.0500000e+00
   4.0500000e+02   1.0500000e+00
   4.0600000e+02   1.0500000e+00
   4.0700000e+02   1.0500000e+00
   4.0800000e+02   1.0500000e+00
   4.0900000e+02   1.0500000e+00
   4.1000000e+02   1.0492213e+00
   4.1100000e+02   1.0465321e+00
   4.1200000e+02   1.0414360e+00
   4.1300000e+02   1.0339133e+00
   4.1400000e+02   1.0242189e+00
   4.1500000e+02   1.0127473e+00
   4.1600000e+02   9.9994506e-01
   4.1700000e+02   9.8625548e-01
   4.1800000e+02   9.7208652e-01
   4.1900000e+02   9.5779384e-01
   4.2000000e+02   9.4367402e-01
   4.2100000e+02   9.2996416e-01
   4.2200000e+02   9.1684549e-01
   4.2300000e+02   9.0444906e-01
   4.2400000e+02   8.9286245e-01
   4.2500000e+02   8.8213667e-01
   4.2600000e+02   8.7229282e-01
   4.2700000e+02   8.6332818e-01
   4.2800000e+02   8.5522171e-01
   4.2900000e+02   8.4793869e-01
   4.3000000e+02   8.4143474e-01
   4.3100000e+02   8.3565913e-01
   4.3200000e+02   8.3055742e-01
   4.3300000e+02   8.2607363e-01
   4.3400000e+02   8.2215187e-01
   4.3500000e+02   8.1873763e-01
   4.3600000e+02   8.1577862e-01
   4.3700000e+02   8.1322549e-01
   4.3800000e+02   8.1103214e-01
   4.3900000e+02   8.0915605e-01
   4.4000000e+02   8.0755829e-01
   4.4100000e+02   8.0620352e-01
   4.4200000e+02   8.0505991e-01
   4.4300000e+02   8.0409896e-01
   4.4400000e+02   8.0329533e-01
   4.4500000e+02   8.0262657e-01
   4.4600000e+02   8.0207296e-01
   4.4700000e+02   8.0161721e-01
   4.4800000e+02   8.0124428e-01
   4.4900000e+02   8.0094109e-01
   4.5000000e+02   8.0069638e-01
   4.5100000e+02   8.0050046e-01
   4.5200000e+02   8.0034504e-01
   4.5300000e+02   8.0022306e-01
   4.5400000e+02   8.0012852e-01
   4.5500000e+02   8.0005637e-01
   4.5600000e+02   8.0000236e-01
   4.5700000e+02   7.9996293e-01
   4.5800000e+02   7.9993512e-01
   4.5900000e+02   7.9991649e-01
   4.6000000e+02   7.9990501e-01
   4.6100000e+02   7.9989904e-01
   4.6200000e+02   7.9989723e-01
   4.6300000e+02   7.9989851e-01
   4.6400000e+02   7.9990199e-01
   4.6500000e+02   7.9990700e-01
   4.6600000e+02   7.9991300e-01
   4.6700000e+02   7.9991957e-01
   4.6800000e+02   7.9992638e-01
   4.6900000e+02   7.9993320e-01
   4.7000000e+02   7.9993986e-01
   4.7100000e+02   7.9994623e-01
   4.7200000e+02   7.9995223e-01
   4.7300000e+02   7.9995780e-01
   4.7400000e+02   7.9996293e-01
   4.7500000e+02   7.9996761e-01
   4.7600000e+02   7.9997183e-01
   4.7700000e+02   7.9997562e-01
   4.7800000e+02   7.9997900e-01
   4.7900000e+02   7.9998199e-01
   4.8000000e+02   7.9998462e-01
   4.8100000e+02   7.9998693e-01
   4.8200000e+02   7.9998894e-01
   4.8300000e+02   7.9999069e-01
   4.8400000e+02   7.9999219e-01
   4.8500000e+02   7.9999349e-01
   4.8600000e+02   7.9999460e-01
   4.8700000e+02   7.9999554e-01
   4.8800000e+02   7.9999634e-01
   4.8900000e+02   7.9999702e-01
   4.9000000e+02   7.9999759e-01
   4.9100000e+02   7.9999806e-01
   4.9200000e+02   7.9999846e-01
   4.9300000e+02   7.9999878e-01
   4.9400000e+02   7.9999905e-01
   4.9500000e+02   7.9999927e-01
   4.9600000e+02   7.9999945e-01
   4.9700000e+02   7.9999959e-01
   4.9800000e+02   7.9999971e-01
   4.9900000e+02   7.9999980e-01
   5.0000000e+02   7.9999987e-01
   5.0100000e+02   7.9999993e-01
   5.0200000e+02   7.9999997e-01
   5.0300000e+02   8.0000000e-01
   5.0400000e+02   8.0000002e-01
   5.0500000e+02   8.0000004e-01
   5.0600000e+02   8.0000005e-01
   5.0700000e+02   8.0000006e-01
   5.0800000e+02   8.0000006e-01
   5.0900000e+02   8.0000006e-01
   5.1000000e+02   8.0000006e-01
   5.1100000e+02   8.0000006e-01
   5.1200000e+02   8.0000006e-01
   5.1300000e+02   8.0000005e-01
   5.1400000e+02   8.0000005e-01
   5.1500000e+02   8.0000004e-01
   5.1600000e+02   8.0000004e-01
   5.1700000e+02   8.0000004e-01
   5.1800000e+02   8.0000003e-01
   5.1900000e+02   8.0000003e-01
   5.2000000e+02   8.0000003e-01
   5.2100000e+02   8.0000002e-01
   5.2200000e+02   8.0000002e-01
   5.2300000e+02   8.0000002e-01
   5.2400000e+02   8.0000001e-01
   5.2500000e+02   8.0000001e-01
   5.2600000e+02   8.0000001e-01
   5.2700000e+02   8.0000001e-01
   5.2800000e+02   8.0000001e-01
   5.2900000e+02   8.0000001e-01
   5.3000000e+02   8.0000001e-01
   5.3100000e+02   8.0000000e-01
   5.3200000e+02   8.0000000e-01
   5.3300000e+02   8.0000000e-01
   5.3400000e+02   8.0000000e-01
   5.3500000e+02   7.9999876e-01
   5.3600000e+02   7.9999364e-01
   5.3700000e+02   7.9998215e-01
   5.3800000e+02   7.9996269e-01
   5.3900000e+02   7.9993479e-01
   5.4000000e+02   7.9989901e-01
   5.4100000e+02   7.9985665e-01
   5.4200000e+02   7.9980954e-01
   5.4300000e+02   7.9975971e-01
   5.4400000e+02   7.9970925e-01
   5.4500000e+02   7.9966008e-01
   5.4600000e+02   7.9961389e-01
   5.4700000e+02   7.9957208e-01
   5.4800000e+02   7.9953567e-01
   5.4900000e+02   7.9950540e-01
   5.5000000e+02   7.9948166e-01
   5.5100000e+02   7.9946458e-01
   5.5200000e+02   7.9945406e-01
   5.5300000e+02   7.9944980e-01
   5.5400000e+02   7.9945136e-01
   5.5500000e+02   7.9945819e-01
   5.5600000e+02   7.9946968e-01
   5.5700000e+02   7.9948517e-01
   5.5800000e+02   7.9950399e-01
   5.5900000e+02   7.9952551e-01
   5.6000000e+02   7.9954910e-01
   5.6100000e+02   7.9957418e-01
   5.6200000e+02   7.9960022e-01
   5.6300000e+02   7.9962676e-01
   5.6400000e+02   7.9965338e-01
   5.6500000e+02   7.9967972e-01
   5.6600000e+02   7.9970549e-01
   5.6700000e+02   7.9973044e-01
   5.6800000e+02   7.9975439e-01
   5.6900000e+02   7.9977718e-01
   5.7000000e+02   7.9979870e-01
   5.7100000e+02   7.9981890e-01
   5.7200000e+02   7.9983772e-01
   5.7300000e+02   7.9985516e-01
   5.7400000e+02   7.9987123e-01
   5.7500000e+02   7.9988596e-01
   5.7600000e+02   7.9989939e-01
   5.7700000e+02   7.9991158e-01
   5.7800000e+02   7.9992259e-01
   5.7900000e+02   7.9993250e-01
   5.8000000e+02   7.9994136e-01
   5.8100000e+02   7.9994927e-01
   5.8200000e+02   7.9995629e-01
   5.8300000e+02   7.9996250e-01
   5.8400000e+02   7.9996796e-01
   5.8500000e+02   7.9997276e-01
   5.8600000e+02   7.9997694e-01
   5.8700000e+02   7.9998059e-01
   5.8800000e+02   7.9998374e-01
   5.8900000e+02   7.9998646e-01
   5.9000000e+02   7.9998880e-01
   5.9100000e+02   7.9999080e-01
   5.9200000e+02   7.9999250e-01
   5.9300000e+02   7.9999395e-01
   5.9400000e+02   7.9999516e-01
   5.9500000e+02   7.9999618e-01
   5.9600000e+02   7.9999703e-01
   5.9700000e+02   7.9999773e-01
   5.9800000e+02   7.9999831e-01
   5.9900000e+02   7.9999878e-01
   6.0000000e+02   7.9999916e-01
   6.0100000e+02   7.9999946e-01
   6.0200000e+02   7.9999970e-01
   6.0300000e+02   7.9999989e-01
   6.0400000e+02   8.0000003e-01
   6.0500000e+02   8.0000014e-01
   6.0600000e+02   8.0000021e-01
   6.0700000e+02   8.0000027e-01
   6.0800000e+02   8.0000030e-01
   6.0900000e+02   8.0000032e-01
   6.1000000e+02   8.0000033e-01
   6.1100000e+02   8.0000033e-01
   6.1200000e+02   8.0000032e-01
   6.1300000e+02   8.0000030e-01
   6.1400000e+02   8.0000029e-01
   6.1500000e+02   8.0000027e-01
   6.1600000e+02   8.0000025e-01
   6.1700000e+02   8.0000023e-01
   6.1800000e+02   8.0000021e-01
   6.1900000e+02   8.0000019e-01
   6.2000000e+02   8.0000017e-01
   6.2100000e+02   8.0000015e-01
   6.2200000e+02   8.0000014e-01
   6.2300000e+02   8.0000012e-01
   6.2400000e+02   8.0000011e-01
   6.2500000e+02   8.0000009e-01
   6.2600000e+02   8.0000008e-01
   6.2700000e+02   8.0000007e-01
   6.2800000e+02   8.0000006e-01
   6.2900000e+02   8.0000005e-01
   6.3000000e+02   8.0000004e-01
   6.3100000e+02   8.0000004e-01
   6.3200000e+02   8.0000003e-01
   6.3300000e+02   8.0000003e-01
   6.3400000e+02   8.0000002e-01
   6.3500000e+02   8.0000002e-01
   6.3600000e+02   8.0000002e-01
   6.3700000e+02   8.0000001e-01
   6.3800000e+02   8.0000001e-01
   6.3900000e+02   8.0000001e-01
   6.4000000e+02   8.0000001e-01
   6.4100000e+02   8.0000001e-01
   6.4200000e+02   8.0000000e-01
   6.4300000e+02   8.0000000e-01
   6.4400000e+02   8.0000000e-01
   6.4500000e+02   8.0000000e-01
   6.4600000e+02   8.0000000e-01
   6.4700000e+02   8.0000000e-01
   6.4800000e+02   8.0000000e-01
   6.4900000e+02   8.0000000e-01
   6.5000000e+02   8.0000000e-01
   6.5100000e+02   8.0000000e-01
   6.5200000e+02   8.0000000e-01
   6.5300000e+02   8.0000000e-01
   6.5400000e+02   8.0000000e-01
   6.5500000e+02   8.0000000e-01
   6.5600000e+02   8.0000000e-01
   6.5700000e+02   8.0000000e-01
   6.5800000e+02   8.0000000e-01
   6.5900000e+02   8.0000000e-01
   6.6000000e+02   8.0000000e-01
   6.6100000e+02   7.9999999e-01
   6.6200000e+02   7.9999996e-01
   6.6300000e+02   7.9999992e-01
   6.6400000e+02   7.9999984e-01
   6.6500000e+02   7.9999974e-01
   6.6600000e+02   7.9999961e-01
   6.6700000e+02   7.9999945e-01
   6.6800000e+02   7.9999928e-01
   6.6900000e+02   7.9999910e-01
   6.7000000e+02   7.9999892e-01
   6.7100000e+02   7.9999876e-01
   6.7200000e+02   7.9999861e-01
   6.7300000e+02   7.9999849e-01
   6.7400000e+02   7.9999841e-01
   6.7500000e+02   7.9999835e-01
   6.7600000e+02   7.9999834e-01
   6.7700000e+02   7.9999836e-01
   6.7800000e+02   7.9999841e-01
   6.7900000e+02   7.9999850e-01
   6.8000000e+02   7.9999862e-01
   6.8100000e+02   7.9999876e-01
   6.8200000e+02   7.9999892e-01
   6.8300000e+02   7.9999909e-01
   6.8400000e+02   7.9999927e-01
   6.8500000e+02   7.9999946e-01
   6.8600000e+02   7.9999964e-01
   6.8700000e+02   7.9999983e-01
   6.8800000e+02   8.0000000e-01
   6.8900000e+02   8.0000017e-01
   6.9000000e+02   8.0000032e-01
   6.9100000e+02   8.0000046e-01
   6.9200000e+02   8.0000058e-01
   6.9300000e+02   8.0000069e-01
   6.9400000e+02   8.0000078e-01
   6.9500000e+02   8.0000086e-01
   6.9600000e+02   8.0000092e-01
   6.9700000e+02   8.0000096e-01
   6.9800000e+02   8.0000099e-01
   6.9900000e+02   8.0000101e-01
   7.0000000e+02   8.0000102e-01
   7.0100000e+02   8.0000102e-01
   7.0200000e+02   8.0000100e-01
   7.0300000e+02   8.0000098e-01
   7.0400000e+02   8.0000096e-01
   7.0500000e+02   8.0000092e-01
   7.0600000e+02   8.0000088e-01
   7.0700000e+02   8.0000084e-01
   7.0800000e+02   8.0000080e-01
   7.0900000e+02   8.0000075e-01
   7.1000000e+02   8.0000071e-01
   7.1100000e+02   8.0000066e-01
   7.1200000e+02   8.0000061e-01
   7.1300000e+02   8.0000057e-01
   7.1400000e+02   8.0000052e-01
   7.1500000e+02   8.0000048e-01
   7.1600000e+02   8.0000044e-01
   7.1700000e+02   8.0000040e-01
   7.1800000e+02   8.0000036e-01
   7.1900000e+02   8.0000033e-01
   7.2000000e+02   8.0000030e-01
   7.2100000e+02   8.0000027e-01
   7.2200000e+02   8.0000024e-01
   7.2300000e+02   8.0000021e-01
   7.2400000e+02   8.0000019e-01
   7.2500000e+02   8.0000017e-01
   7.2600000e+02   8.0000015e-01
   7.2700000e+02   8.0000013e-01
   7.2800000e+02   8.0000011e-01
   7.2900000e+02   8.0000010e-01
   7.3000000e+02   8.0000009e-01
   7.3100000e+02   8.0000007e-01
   7.3200000e+02   8.0000006e-01
   7.3300000e+02   8.0000005e-01
   7.3400000e+02   8.0000005e-01
   7.3500000e+02   8.0000004e-01
   7.3600000e+02   8.0000003e-01
   7.3700000e+02   8.0000003e-01
   7.3800000e+02   8.0000002e-01
   7.3900000e+02   8.0000002e-01
   7.4000000e+02   8.0000002e-01
   7.4100000e+02   8.0000001e-01
   7.4200000e+02   8.0000001e-01
   7.4300000e+02   8.0000001e-01
   7.4400000e+02   8.0000001e-01
   7.4500000e+02   8.0000001e-01
   7.4600000e+02   8.0000000e-01
   7.4700000e+02   8.0000000e-01
   7.4800000e+02   8.0000000e-01
   7.4900000e+02   8.0000000e-01
   7.5000000e+02   8.0000000e-01
   7.5100000e+02   8.0000000e-01
   7.5200000e+02   8.0000000e-01
   7.5300000e+02   8.0000000e-01
   7.5400000e+02   8.0000000e-01
   7.5500000e+02   8.0000000e-01
   7.5600000e+02   8.0000000e-01
   7.5700000e+02   8.0000000e-01
   7.5800000e+02   8.0000000e-01
   7.5900000e+02   8.0000000e-01
   7.6000000e+02   8.0000000e-01
   7.6100000e+02   8.0000000e-01
   7.6200000e+02   8.0000000e-01
   7.6300000e+02   8.0000000e-01
   7.6400000e+02   8.0000000e-01
   7.6500000e+02   8.0000000e-01
   7.6600000e+02   8.0000000e-01
   7.6700000e+02   8.0000000e-01
   7.6800000e+02   8.0000000e-01
   7.6900000e+02   8.0000000e-01
   7.7000000e+02   8.0000000e-01
   7.7100000e+02   8.0000000e-01
   7.7200000e+02   8.0000000e-01
   7.7300000e+02   8.0000000e-01
   7.7400000e+02   8.0000000e-01
   7.7500000e+02   8.0000000e-01
   7.7600000e+02   8.0000000e-01
   7.7700000e+02   8.0000000e-01
   7.7800000e+02   8.0000000e-01
   7.7900000e+02   8.0000000e-01
   7.8000000e+02   8.0000000e-01
   7.8100000e+02   8.0000000e-01
   7.8200000e+02   8.0000000e-01
   7.8300000e+02   8.0000000e-01
   7.8400000e+02   8.0000000e-01
   7.8500000e+02   8.0000000e-01
   7.8600000e+02   8.0000000e-01
   7.8700000e+02   8.0000000e-01
   7.8800000e+02   8.0000000e-01
   7.8900000e+02   8.0000000e-01
   7.9000000e+02   8.0000000e-01
   7.9100000e+02   8.0000000e-01
   7.9200000e+02   8.0000000e-01
   7.9300000e+02   8.0000000e-01
   7.9400000e+02   8.0000000e-01
   7.9500000e+02   8.0000000e-01
   7.9600000e+02   8.0000000e-01
   7.9700000e+02   8.0000000e-01
   7.9800000e+02   8.0000000e-01
   7.9900000e+02   7.9999999e-01
   8.0000000e+02   7.9999999e-01
   8.0100000e+02   7.9999999e-01
   8.0200000e+02   7.9999999e-01
   8.0300000e+02   8.0000000e-01
   8.0400000e+02   8.0000000e-01
   8.0500000e+02   8.0000000e-01
   8.0600000e+02   8.0000000e-01
   8.0700000e+02   8.0000000e-01
   8.0800000e+02   8.0000000e-01
   8.0900000e+02   8.0000000e-01
   8.1000000e+02   8.0077873e-01
   8.1100000e+02   8.0360927e-01
   8.1200000e+02   8.0920934e-01
   8.1300000e+02   8.1768025e-01
   8.1400000e+02   8.2851109e-01
   8.1500000e+02   8.4097302e-01
   8.1600000e+02   8.5450846e-01
   8.1700000e+02   8.6869273e-01
   8.1800000e+02   8.8317477e-01
   8.1900000e+02   8.9763776e-01
   8.2000000e+02   9.1180544e-01
   8.2100000e+02   9.2545047e-01
   8.2200000e+02   9.3839600e-01
   8.2300000e+02   9.5051335e-01
   8.2400000e+02   9.6171828e-01
   8.2500000e+02   9.7196744e-01
   8.2600000e+02   9.8125402e-01
   8.2700000e+02   9.8960197e-01
   8.2800000e+02   9.9705915e-01
   8.2900000e+02   1.0036902e+00
   8.3000000e+02   1.0095703e+00
   8.3100000e+02   1.0147796e+00
   8.3200000e+02   1.0193986e+00
   8.3300000e+02   1.0235058e+00
   8.3400000e+02   1.0271743e+00
   8.3500000e+02   1.0304714e+00
   8.3600000e+02   1.0334569e+00
   8.3700000e+02   1.0361836e+00
   8.3800000e+02   1.0386968e+00
   8.3900000e+02   1.0410350e+00
   8.4000000e+02   1.0432302e+00
   8.4100000e+02   1.0453086e+00
   8.4200000e+02   1.0472914e+00
   8.4300000e+02   1.0491954e+00
   8.4400000e+02   1.0510335e+00
   8.4500000e+02   1.0528154e+00
   8.4600000e+02   1.0545483e+00
   8.4700000e+02   1.0562373e+00
   8.4800000e+02   1.0578858e+00
   8.4900000e+02   1.0594957e+00
   8.5000000e+02   1.0610682e+00
   8.5100000e+02   1.0626036e+00
   8.5200000e+02   1.0641018e+00
   8.5300000e+02   1.0655623e+00
   8.5400000e+02   1.0669845e+00
   8.5500000e+02   1.0683676e+00
   8.5600000e+02   1.0697111e+00
   8.5700000e+02   1.0710142e+00
   8.5800000e+02   1.0722765e+00
   8.5900000e+02   1.0734975e+00
   8.6000000e+02   1.0746772e+00
   8.6100000e+02   1.0758154e+00
   8.6200000e+02   1.0769123e+00
   8.6300000e+02   1.0779681e+00
   8.6400000e+02   1.0789833e+00
   8.6500000e+02   1.0799585e+00
   8.6600000e+02   1.0808942e+00
   8.6700000e+02   1.0817914e+00
   8.6800000e+02   1.0826509e+00
   8.6900000e+02   1.0834737e+00
   8.7000000e+02   1.0842607e+00
   8.7100000e+02   1.0850130e+00
   8.7200000e+02   1.0857318e+00
   8.7300000e+02   1.0864182e+00
   8.7400000e+02   1.0870732e+00
   8.7500000e+02   1.0876981e+00
   8.7600000e+02   1.0882941e+00
   8.7700000e+02   1.0888622e+00
   8.7800000e+02   1.0894035e+00
   8.7900000e+02   1.0899193e+00
   8.8000000e+02   1.0904105e+00
   8.8100000e+02   1.0908782e+00
   8.8200000e+02   1.0913236e+00
   8.8300000e+02   1.0917475e+00
   8.8400000e+02   1.0921509e+00
   8.8500000e+02   1.0925348e+00
   8.8600000e+02   1.0929001e+00
   8.8700000e+02   1.0932476e+00
   8.8800000e+02   1.0935782e+00
   8.8900000e+02   1.0938927e+00
   8.9000000e+02   1.0941919e+00
   8.9100000e+02   1.0944764e+00
   8.9200000e+02   1.0947470e+00
   8.9300000e+02   1.0950044e+00
   8.9400000e+02   1.0952492e+00
   8.9500000e+02   1.0954819e+00
   8.9600000e+02   1.0957033e+00
   8.9700000e+02   1.0959138e+00
   8.9800000e+02   1.0961140e+00
   8.9900000e+02   1.0963044e+00
   9.0000000e+02   1.0964855e+00
   9.0100000e+02   1.0966576e+00
   9.0200000e+02   1.0968214e+00
   9.0300000e+02   1.0969771e+00
   9.0400000e+02   1.0971251e+00
   9.0500000e+02   1.0972659e+00
   9.0600000e+02   1.0973998e+00
   9.0700000e+02   1.0975272e+00
   9.0800000e+02   1.0976483e+00
   9.0900000e+02   1.0977634e+00
   9.1000000e+02   1.0978730e+00
   9.1100000e+02   1.0979771e+00
   9.1200000e+02   1.0980762e+00
   9.1300000e+02   1.0981703e+00
   9.1400000e+02   1.0982599e+00
   9.1500000e+02   1.0983451e+00
   9.1600000e+02   1.0984261e+00
   9.1700000e+02   1.0985032e+00
   9.1800000e+02   1.0985765e+00
   9.1900000e+02   1.0986461e+00
   9.2000000e+02   1.0987124e+00
   9.2100000e+02   1.0987755e+00
   9.2200000e+02   1.0988354e+00
   9.2300000e+02   1.0988924e+00
   9.2400000e+02   1.0989466e+00
   9.2500000e+02   1.0989982e+00
   9.2600000e+02   1.0990472e+00
   9.2700000e+02   1.0990939e+00
   9.2800000e+02   1.0991382e+00
   9.2900000e+02   1.0991804e+00
   9.3000000e+02   1.0992205e+00
   9.3100000e+02   1.0992587e+00
   9.3200000e+02   1.0992950e+00
   9.3300000e+02   1.0993295e+00
   9.3400000e+02   1.0993623e+00
   9.3500000e+02   1.0993947e+00
   9.3600000e+02   1.0994298e+00
   9.3700000e+02   1.0994705e+00
   9.3800000e+02   1.0995190e+00
   9.3900000e+02   1.0995761e+00
   9.4000000e+02   1.0996417e+00
   9.4100000e+02   1.0997141e+00
   9.4200000e+02   1.0997916e+00
   9.4300000e+02   1.0998716e+00
   9.4400000e+02   1.0999519e+00
   9.4500000e+02   1.1000300e+00
   9.4600000e+02   1.1001041e+00
   9.4700000e+02   1.1001723e+00
   9.4800000e+02   1.1002334e+00
   9.4900000e+02   1.1002865e+00
   9.5000000e+02   1.1003311e+00
   9.5100000e+02   1.1003671e+00
   9.5200000e+02   1.1003945e+00
   9.5300000e+02   1.1004139e+00
   9.5400000e+02   1.1004258e+00
   9.5500000e+02   1.1004309e+00
   9.5600000e+02   1.1004301e+00
   9.5700000e+02   1.1004242e+00
   9.5800000e+02   1.1004142e+00
   9.5900000e+02   1.1004009e+00
   9.6000000e+02   1.1003850e+00
   9.6100000e+02   1.1003673e+00
   9.6200000e+02   1.1003485e+00
   9.6300000e+02   1.1003290e+00
   9.6400000e+02   1.1003094e+00
   9.6500000e+02   1.1002901e+00
   9.6600000e+02   1.1002712e+00
   9.6700000e+02   1.1002532e+00
   9.6800000e+02   1.1002361e+00
   9.6900000e+02   1.1002200e+00
   9.7000000e+02   1.1002050e+00
   9.7100000e+02   1.1001912e+00
   9.7200000e+02   1.1001786e+00
   9.7300000e+02   1.1001670e+00
   9.7400000e+02   1.1001565e+00
   9.7500000e+02   1.1001469e+00
   9.7600000e+02   1.1001383e+00
   9.7700000e+02   1.1001305e+00
   9.7800000e+02   1.1001235e+00
   9.7900000e+02   1.1001171e+00
   9.8000000e+02   1.1001114e+00
   9.8100000e+02   1.1001062e+00
   9.8200000e+02   1.1001014e+00
   9.8300000e+02   1.1000971e+00
   9.8400000e+02   1.1000931e+00
   9.8500000e+02   1.1000894e+00
   9.8600000e+02   1.1000860e+00
   9.8700000e+02   1.1000827e+00
   9.8800000e+02   1.1000797e+00
   9.8900000e+02   1.1000768e+00
   9.9000000e+02   1.1000740e+00
   9.9100000e+02   1.1000714e+00
   9.9200000e+02   1.1000688e+00
   9.9300000e+02   1.1000664e+00
   9.9400000e+02   1.1000640e+00
   9.9500000e+02   1.1000617e+00
   9.9600000e+02   1.1000594e+00
   9.9700000e+02   1.1000572e+00
   9.9800000e+02   1.1000551e+00
   9.9900000e+02   1.1000530e+00
   1.0000000e+03   1.1000509e+00
   1.0010000e+03   1.1000489e+00
   1.0020000e+03   1.1000470e+00
   1.0030000e+03   1.1000451e+00
   1.0040000e+03   1.1000432e+00
   1.0050000e+03   1.1000414e+00
   1.0060000e+03   1.1000397e+00
   1.0070000e+03   1.1000380e+00
   1.0080000e+03   1.1000364e+00
   1.0090000e+03   1.1000348e+00
   1.0100000e+03   1.1000332e+00
   1.0110000e+03   1.1000318e+00
   1.0120000e+03   1.1000303e+00
   1.0130000e+03   1.1000290e+00
   1.0140000e+03   1.1000276e+00
   1.0150000e+03   1.1000264e+00
   1.0160000e+03   1.1000251e+00
   1.0170000e+03   1.1000240e+00
   1.0180000e+03   1.1000228e+00
   1.0190000e+03   1.1000218e+00
   1.0200000e+03   1.1000207e+00
   1.0210000e+03   1.1000198e+00
   1.0220000e+03   1.1000188e+00
   1.0230000e+03   1.1000179e+00
   1.0240000e+03   1.1000170e+00
   1.0250000e+03   1.1000162e+00
   1.0260000e+03   1.1000154e+00
   1.0270000e+03   1.1000147e+00
   1.0280000e+03   1.1000140e+00
   1.0290000e+03   1.1000133e+00
   1.0300000e+03   1.1000127e+00
   1.0310000e+03   1.1000120e+00
   1.0320000e+03   1.1000114e+00
   1.0330000e+03   1.1000109e+00
   1.0340000e+03   1.1000104e+00
   1.0350000e+03   1.1000098e+00
   1.0360000e+03   1.1000094e+00
   1.0370000e+03   1.1000089e+00
   1.0380000e+03   1.1000085e+00
   1.0390000e+03   1.1000081e+00
   1.0400000e+03   1.1000077e+00
   1.0410000e+03   1.1000073e+00
   1.0420000e+03   1.1000069e+00
   1.0430000e+03   1.1000066e+00
   1.0440000e+03   1.1000063e+00
   1.0450000e+03   1.1000060e+00
   1.0460000e+03   1.1000057e+00
   1.0470000e+03   1.1000054e+00
   1.0480000e+03   1.1000051e+00
   1.0490000e+03   1.1000049e+00
   1.0500000e+03   1.1000046e+00
   1.0510000e+03   1.1000044e+00
   1.0520000e+03   1.1000042e+00
   1.0530000e+03   1.1000040e+00
   1.0540000e+03   1.1000038e+00
   1.0550000e+03   1.1000036e+00
   1.0560000e+03   1.1000034e+00
   1.0570000e+03   1.1000033e+00
   1.0580000e+03   1.1000031e+00
   1.0590000e+03   1.1000029e+00
   1.0600000e+03   1.1000028e+00
   1.0610000e+03   1.1000027e+00
   1.0620000e+03   1.1000026e+00
   1.0630000e+03   1.1000025e+00
   1.0640000e+03   1.1000025e+00
   1.0650000e+03   1.1000025e+00
   1.0660000e+03   1.1000025e+00
   1.0670000e+03   1.1000026e+00
   1.0680000e+03   1.1000027e+00
   1.0690000e+03   1.1000028e+00
   1.0700000e+03   1.1000030e+00
   1.0710000e+03   1.1000031e+00
   1.0720000e+03   1.1000032e+00
   1.0730000e+03   1.1000032e+00
   1.0740000e+03   1.1000033e+00
   1.0750000e+03   1.1000033e+00
   1.0760000e+03   1.1000032e+00
   1.0770000e+03   1.1000032e+00
   1.0780000e+03   1.1000030e+00
   1.0790000e+03   1.1000029e+00
   1.0800000e+03   1.1000027e+00
   1.0810000e+03   1.1000025e+00
   1.0820000e+03   1.1000023e+00
   1.0830000e+03   1.1000020e+00
   1.0840000e+03   1.1000018e+00
   1.0850000e+03   1.1000015e+00
   1.0860000e+03   1.1000013e+00
   1.0870000e+03   1.1000010e+00
   1.0880000e+03   1.1000008e+00
   1.0890000e+03   1.1000006e+00
   1.0900000e+03   1.1000004e+00
   1.0910000e+03   1.1000002e+00
   1.0920000e+03   1.1000000e+00
   1.0930000e+03   1.0999999e+00
   1.0940000e+03   1.0999998e+00
   1.0950000e+03   1.0999997e+00
   1.0960000e+03   1.0999996e+00
   1.0970000e+03   1.0999995e+00
   1.0980000e+03   1.0999995e+00
   1.0990000e+03   1.0999994e+00
   1.1000000e+03   1.0999994e+00
   1.1010000e+03   1.0999994e+00
   1.1020000e+03   1.0999994e+00
   1.1030000e+03   1.0999994e+00
   1.1040000e+03   1.0999994e+00
   1.1050000e+03   1.0999994e+00
   1.1060000e+03   1.0999994e+00
   1.1070000e+03   1.0999995e+00
   1.1080000e+03   1.0999995e+00
   1.1090000e+03   1.0999995e+00
   1.1100000e+03   1.0999995e+00
   1.1110000e+03   1.0999996e+00
   1.1120000e+03   1.0999996e+00
   1.1130000e+03   1.0999996e+00
   1.1140000e+03   1.0999996e+00
   1.1150000e+03   1.0999997e+00
   1.1160000e+03   1.0999997e+00
   1.1170000e+03   1.0999997e+00
   1.1180000e+03   1.0999997e+00
   1.1190000e+03   1.0999997e+00
   1.1200000e+03   1.0999998e+00
   1.1210000e+03   1.0999998e+00
   1.1220000e+03   1.0999998e+00
   1.1230000e+03   1.0999998e+00
   1.1240000e+03   1.0999998e+00
   1.1250000e+03   1.0999998e+00
   1.1260000e+03   1.0999998e+00
   1.1270000e+03   1.0999998e+00
   1.1280000e+03   1.0999998e+00
   1.1290000e+03   1.0999999e+00
   1.1300000e+03   1.0999999e+00
   1.1310000e+03   1.0999999e+00
   1.1320000e+03   1.0999999e+00
   1.1330000e+03   1.0999999e+00
   1.1340000e+03   1.0999999e+00
   1.1350000e+03   1.0999999e+00
   1.1360000e+03   1.0999999e+00
   1.1370000e+03   1.0999999e+00
   1.1380000e+03   1.0999999e+00
   1.1390000e+03   1.0999999e+00
   1.1400000e+03   1.0999999e+00
   1.1410000e+03   1.0999999e+00
   1.1420000e+03   1.0999999e+00
   1.1430000e+03   1.0999999e+00
   1.1440000e+03   1.0999999e+00
   1.1450000e+03   1.0999999e+00
   1.1460000e+03   1.0999999e+00
   1.1470000e+03   1.0999999e+00
   1.1480000e+03   1.0999999e+00
   1.1490000e+03   1.0999999e+00
   1.1500000e+03   1.0999999e+00
   1.1510000e+03   1.0999999e+00
   1.1520000e+03   1.0999999e+00
   1.1530000e+03   1.0999999e+00
   1.1540000e+03   1.0999999e+00
   1.1550000e+03   1.0999999e+00
   1.1560000e+03   1.0999999e+00
   1.1570000e+03   1.1000000e+00
   1.1580000e+03   1.1000000e+00
   1.1590000e+03   1.1000000e+00
   1.1600000e+03   1.1000000e+00
   1.1610000e+03   1.1000000e+00
   1.1620000e+03   1.1000000e+00
   1.1630000e+03   1.1000000e+00
   1.1640000e+03   1.1000000e+00
   1.1650000e+03   1.1000000e+00
   1.1660000e+03   1.1000000e+00
   1.1670000e+03   1.1000000e+00
   1.1680000e+03   1.1000000e+00
   1.1690000e+03   1.1000000e+00
   1.1700000e+03   1.1000000e+00
   1.1710000e+03   1.1000000e+00
   1.1720000e+03   1.1000000e+00
   1.1730000e+03   1.1000000e+00
   1.1740000e+03   1.1000000e+00
   1.1750000e+03   1.1000000e+00
   1.1760000e+03   1.1000000e+00
   1.1770000e+03   1.1000000e+00
   1.1780000e+03   1.1000000e+00
   1.1790000e+03   1.1000000e+00
   1.1800000e+03   1.1000000e+00
   1.1810000e+03   1.1000000e+00
   1.1820000e+03   1.1000000e+00
   1.1830000e+03   1.1000000e+00
   1.1840000e+03   1.1000000e+00
   1.1850000e+03   1.1000000e+00
   1.1860000e+03   1.1000000e+00
   1.1870000e+03   1.1000000e+00
   1.1880000e+03   1.1000000e+00
   1.1890000e+03   1.1000000e+00
   1.1900000e+03   1.1000000e+00
   1.1910000e+03   1.1000000e+00
   1.1920000e+03   1.1000000e+00
   1.1930000e+03   1.1000000e+00
   1.1940000e+03   1.1000000e+00
   1.1950000e+03   1.1000000e+00
   1.1960000e+03   1.1000000e+00
   1.1970000e+03   1.1000000e+00
   1.1980000e+03   1.1000000e+00
   1.1990000e+03   1.1000000e+00
   1.2000000e+03   1.1000000e+00
   1.2010000e+03   1.1000000e+00
   1.2020000e+03   1.1000000e+00
   1.2030000e+03   1.1000000e+00
   1.2040000e+03   1.1000000e+00
   1.2050000e+03   1.1000000e+00
   1.2060000e+03   1.1000000e+00
   1.2070000e+03   1.1000000e+00
   1.2080000e+03   1.1000000e+00
   1.2090000e+03   1.1000000e+00
   1.2100000e+03   1.0993117e+00
   1.2110000e+03   1.0970071e+00
   1.2120000e+03   1.0927446e+00
   1.2130000e+03   1.0865425e+00
   1.2140000e+03   1.0786242e+00
   1.2150000e+03   1.0693150e+00
   1.2160000e+03   1.0589755e+00
   1.2170000e+03   1.0479597e+00
   1.2180000e+03   1.0365911e+00
   1.2190000e+03   1.0251501e+00
   1.2200000e+03   1.0138694e+00
   1.2210000e+03   1.0029343e+00
   1.2220000e+03   9.9248547e-01
   1.2230000e+03   9.8262403e-01
   1.2240000e+03   9.7341678e-01
   1.2250000e+03   9.6490181e-01
   1.2260000e+03   9.5709377e-01
   1.2270000e+03   9.4998873e-01
   1.2280000e+03   9.4356850e-01
   1.2290000e+03   9.3780430e-01
   1.2300000e+03   9.3265993e-01
   1.2310000e+03   9.2809433e-01
   1.2320000e+03   9.2406369e-01
   1.2330000e+03   9.2052313e-01
   1.2340000e+03   9.1742797e-01
   1.2350000e+03   9.1473469e-01
   1.2360000e+03   9.1240165e-01
   1.2370000e+03   9.1038958e-01
   1.2380000e+03   9.0866187e-01
   1.2390000e+03   9.0718476e-01
   1.2400000e+03   9.0592739e-01
   1.2410000e+03   9.0486176e-01
   1.2420000e+03   9.0396266e-01
   1.2430000e+03   9.0320756e-01
   1.2440000e+03   9.0257641e-01
   1.2450000e+03   9.0205148e-01
   1.2460000e+03   9.0161718e-01
   1.2470000e+03   9.0125989e-01
   1.2480000e+03   9.0096771e-01
   1.2490000e+03   9.0073036e-01
   1.2500000e+03   9.0053895e-01
   1.2510000e+03   9.0038585e-01
   1.2520000e+03   9.0026453e-01
   1.2530000e+03   9.0016943e-01
   1.2540000e+03   9.0009584e-01
   1.2550000e+03   9.0003978e-01
   1.2560000e+03   8.9999792e-01
   1.2570000e+03   8.9996746e-01
   1.2580000e+03   8.9994607e-01
   1.2590000e+03   8.9993184e-01
   1.2600000e+03   8.9992319e-01
   1.2610000e+03   8.9991882e-01
   1.2620000e+03   8.9991768e-01
   1.2630000e+03   8.9991892e-01
   1.2640000e+03   8.9992187e-01
   1.2650000e+03   8.9992599e-01
   1.2660000e+03   8.9993086e-01
   1.2670000e+03   8.9993616e-01
   1.2680000e+03   8.9994162e-01
   1.2690000e+03   8.9994708e-01
   1.2700000e+03   8.9995239e-01
   1.2710000e+03   8.9995746e-01
   1.2720000e+03   8.9996223e-01
   1.2730000e+03   8.9996666e-01
   1.2740000e+03   8.9997073e-01
   1.2750000e+03   8.9997444e-01
   1.2760000e+03   8.9997778e-01
   1.2770000e+03   8.9998078e-01
   1.2780000e+03   8.9998345e-01
   1.2790000e+03   8.9998581e-01
   1.2800000e+03   8.9998789e-01
   1.2810000e+03   8.9998972e-01
   1.2820000e+03   8.9999130e-01
   1.2830000e+03   8.9999268e-01
   1.2840000e+03   8.9999387e-01
   1.2850000e+03   8.9999489e-01
   1.2860000e+03   8.9999576e-01
   1.2870000e+03   8.9999650e-01
   1.2880000e+03   8.9999713e-01
   1.2890000e+03   8.9999767e-01
   1.2900000e+03   8.9999811e-01
   1.2910000e+03   8.9999848e-01
   1.2920000e+03   8.9999879e-01
   1.2930000e+03   8.9999905e-01
   1.2940000e+03   8.9999926e-01
   1.2950000e+03   8.9999943e-01
   1.2960000e+03   8.9999957e-01
   1.2970000e+03   8.9999969e-01
   1.2980000e+03   8.9999978e-01
   1.2990000e+03   8.9999985e-01
   1.3000000e+03   8.9999990e-01
   1.3010000e+03   8.9999995e-01
   1.3020000e+03   8.9999998e-01
   1.3030000e+03   9.0000000e-01
   1.3040000e+03   9.0000002e-01
   1.3050000e+03   9.0000003e-01
   1.3060000e+03   9.0000004e-01
   1.3070000e+03   9.0000005e-01
   1.3080000e+03   9.0000005e-01
   1.3090000e+03   9.0000005e-01
   1.3100000e+03   9.0000005e-01
   1.3110000e+03   9.0000005e-01
   1.3120000e+03   9.0000004e-01
   1.3130000e+03   9.0000004e-01
   1.3140000e+03   9.0000004e-01
   1.3150000e+03   9.0000004e-01
   1.3160000e+03   9.0000003e-01
   1.3170000e+03   9.0000003e-01
   1.3180000e+03   9.0000003e-01
   1.3190000e+03   9.0000002e-01
   1.3200000e+03   9.0000002e-01
   1.3210000e+03   9.0000002e-01
   1.3220000e+03   9.0000002e-01
   1.3230000e+03   9.0000001e-01
   1.3240000e+03   9.0000001e-01
   1.3250000e+03   9.0000001e-01
   1.3260000e+03   9.0000001e-01
   1.3270000e+03   9.0000001e-01
   1.3280000e+03   9.0000001e-01
   1.3290000e+03   9.0000001e-01
   1.3300000e+03   9.0000000e-01
   1.3310000e+03   9.0000000e-01
   1.3320000e+03   9.0000000e-01
   1.3330000e+03   9.0000000e-01
   1.3340000e+03   9.0000000e-01
   1.3350000e+03   8.9999890e-01
   1.3360000e+03   8.9999450e-01
   1.3370000e+03   8.9998480e-01
   1.3380000e+03   8.9996862e-01
   1.3390000e+03   8.9994566e-01
   1.3400000e+03   8.9991644e-01
   1.3410000e+03   8.9988206e-01
   1.3420000e+03   8.9984402e-01
   1.3430000e+03   8.9980397e-01
   1.3440000e+03   8.9976357e-01
   1.3450000e+03   8.9972434e-01
   1.3460000e+03   8.9968763e-01
   1.3470000e+03   8.9965452e-01
   1.3480000e+03   8.9962582e-01
   1.3490000e+03   8.9960207e-01
   1.3500000e+03   8.9958357e-01
   1.3510000e+03   8.9957042e-01
   1.3520000e+03   8.9956250e-01
   1.3530000e+03   8.9955956e-01
   1.3540000e+03   8.9956125e-01
   1.3550000e+03   8.9956711e-01
   1.3560000e+03   8.9957665e-01
   1.3570000e+03   8.9958934e-01
   1.3580000e+03   8.9960465e-01
   1.3590000e+03   8.9962206e-01
   1.3600000e+03   8.9964108e-01
   1.3610000e+03   8.9966125e-01
   1.3620000e+03   8.9968216e-01
   1.3630000e+03   8.9970342e-01
   1.3640000e+03   8.9972472e-01
   1.3650000e+03   8.9974577e-01
   1.3660000e+03   8.9976634e-01
   1.3670000e+03   8.9978624e-01
   1.3680000e+03   8.9980532e-01
   1.3690000e+03   8.9982346e-01
   1.3700000e+03   8.9984059e-01
   1.3710000e+03   8.9985664e-01
   1.3720000e+03   8.9987159e-01
   1.3730000e+03   8.9988544e-01
   1.3740000e+03   8.9989820e-01
   1.3750000e+03   8.9990988e-01
   1.3760000e+03   8.9992052e-01
   1.3770000e+03   8.9993018e-01
   1.3780000e+03   8.9993890e-01
   1.3790000e+03   8.9994674e-01
   1.3800000e+03   8.9995376e-01
   1.3810000e+03   8.9996001e-01
   1.3820000e+03   8.9996556e-01
   1.3830000e+03   8.9997046e-01
   1.3840000e+03   8.9997478e-01
   1.3850000e+03   8.9997856e-01
   1.3860000e+03   8.9998187e-01
   1.3870000e+03   8.9998474e-01
   1.3880000e+03   8.9998723e-01
   1.3890000e+03   8.9998937e-01
   1.3900000e+03   8.9999122e-01
   1.3910000e+03   8.9999279e-01
   1.3920000e+03   8.9999413e-01
   1.3930000e+03   8.9999526e-01
   1.3940000e+03   8.9999622e-01
   1.3950000e+03   8.9999702e-01
   1.3960000e+03   8.9999768e-01
   1.3970000e+03   8.9999823e-01
   1.3980000e+03   8.9999869e-01
   1.3990000e+03   8.9999906e-01
   1.4000000e+03   8.9999935e-01
   1.4010000e+03   8.9999959e-01
   1.4020000e+03   8.9999978e-01
   1.4030000e+03   8.9999992e-01
   1.4040000e+03   9.0000003e-01
   1.4050000e+03   9.0000012e-01
   1.4060000e+03   9.0000018e-01
   1.4070000e+03   9.0000022e-01
   1.4080000e+03   9.0000024e-01
   1.4090000e+03   9.0000026e-01
   1.4100000e+03   9.0000026e-01
   1.4110000e+03   9.0000026e-01
   1.4120000e+03   9.0000025e-01
   1.4130000e+03   9.0000024e-01
   1.4140000e+03   9.0000023e-01
   1.4150000e+03   9.0000021e-01
   1.4160000e+03   9.0000020e-01
   1.4170000e+03   9.0000018e-01
   1.4180000e+03   9.0000017e-01
   1.4190000e+03   9.0000015e-01
   1.4200000e+03   9.0000013e-01
   1.4210000e+03   9.0000012e-01
   1.4220000e+03   9.0000011e-01
   1.4230000e+03   9.0000009e-01
   1.4240000e+03   9.0000008e-01
   1.4250000e+03   9.0000007e-01
   1.4260000e+03   9.0000006e-01
   1.4270000e+03   9.0000006e-01
   1.4280000e+03   9.0000005e-01
   1.4290000e+03   9.0000004e-01
   1.4300000e+03   9.0000004e-01
   1.4310000e+03   9.0000003e-01
   1.4320000e+03   9.0000003e-01
   1.4330000e+03   9.0000002e-01
   1.4340000e+03   9.0000002e-01
   1.4350000e+03   9.0000002e-01
   1.4360000e+03   9.0000001e-01
   1.4370000e+03   9.0000001e-01
   1.4380000e+03   9.0000001e-01
   1.4390000e+03   9.0000001e-01
   1.4400000e+03   9.0000001e-01
   1.4410000e+03   9.0000000e-01
   1.4420000e+03   9.0000000e-01
   1.4430000e+03   9.0000000e-01
   1.4440000e+03   9.0000000e-01
   1.4450000e+03   9.0000000e-01
   1.4460000e+03   9.0000000e-01
   1.4470000e+03   9.0000000e-01
   1.4480000e+03   9.0000000e-01
   1.4490000e+03   9.0000000e-01
   1.4500000e+03   9.0000000e-01
   1.4510000e+03   9.0000000e-01
   1.4520000e+03   9.0000000e-01
   1.4530000e+03   9.0000000e-01
   1.4540000e+03   9.0000000e-01
   1.4550000e+03   9.0000000e-01
   1.4560000e+03   9.0000000e-01
   1.4570000e+03   9.0000000e-01
   1.4580000e+03   9.0000000e-01
   1.4590000e+03   9.0000000e-01
   1.4600000e+03   9.0000000e-01
   1.4610000e+03   8.9999999e-01
   1.4620000e+03   8.9999997e-01
   1.4630000e+03   8.9999993e-01
   1.4640000e+03   8.9999987e-01
   1.4650000e+03   8.9999978e-01
   1.4660000e+03   8.9999967e-01
   1.4670000e+03   8.9999955e-01
   1.4680000e+03   8.9999941e-01
   1.4690000e+03   8.9999927e-01
   1.4700000e+03   8.9999912e-01
   1.4710000e+03   8.9999899e-01
   1.4720000e+03   8.9999888e-01
   1.4730000e+03   8.9999879e-01
   1.4740000e+03   8.9999872e-01
   1.4750000e+03   8.9999868e-01
   1.4760000e+03   8.9999867e-01
   1.4770000e+03   8.9999869e-01
   1.4780000e+03   8.9999874e-01
   1.4790000e+03   8.9999881e-01
   1.4800000e+03   8.9999890e-01
   1.4810000e+03   8.9999902e-01
   1.4820000e+03   8.9999915e-01
   1.4830000e+03   8.9999929e-01
   1.4840000e+03   8.9999943e-01
   1.4850000e+03   8.9999958e-01
   1.4860000e+03   8.9999973e-01
   1.4870000e+03   8.9999987e-01
   1.4880000e+03   9.0000001e-01
   1.4890000e+03   9.0000015e-01
   1.4900000e+03   9.0000027e-01
   1.4910000e+03   9.0000038e-01
   1.4920000e+03   9.0000047e-01
   1.4930000e+03   9.0000056e-01
   1.4940000e+03   9.0000063e-01
   1.4950000e+03   9.0000069e-01
   1.4960000e+03   9.0000074e-01
   1.4970000e+03   9.0000077e-01
   1.4980000e+03   9.0000080e-01
   1.4990000e+03   9.0000081e-01
   1.5000000e+03   9.0000082e-01
   1.5010000e+03   9.0000081e-01
   1.5020000e+03   9.0000080e-01
   1.5030000e+03   9.0000078e-01
   1.5040000e+03   9.0000076e-01
   1.5050000e+03   9.0000074e-01
   1.5060000e+03   9.0000070e-01
   1.5070000e+03   9.0000067e-01
   1.5080000e+03   9.0000064e-01
   1.5090000e+03   9.0000060e-01
   1.5100000e+03   9.0000056e-01
   1.5110000e+03   9.0000052e-01
   1.5120000e+03   9.0000049e-01
   1.5130000e+03   9.0000045e-01
   1.5140000e+03   9.0000042e-01
   1.5150000e+03   9.0000038e-01
   1.5160000e+03   9.0000035e-01
   1.5170000e+03   9.0000032e-01
   1.5180000e+03   9.0000029e-01
   1.5190000e+03   9.0000026e-01
   1.5200000e+03   9.0000023e-01
   1.5210000e+03   9.0000021e-01
   1.5220000e+03   9.0000019e-01
   1.5230000e+03   9.0000017e-01
   1.5240000e+03   9.0000015e-01
   1.5250000e+03   9.0000013e-01
   1.5260000e+03   9.0000012e-01
   1.5270000e+03   9.0000010e-01
   1.5280000e+03   9.0000009e-01
   1.5290000e+03   9.0000008e-01
   1.5300000e+03   9.0000007e-01
   1.5310000e+03   9.0000006e-01
   1.5320000e+03   9.0000005e-01
   1.5330000e+03   9.0000004e-01
   1.5340000e+03   9.0000004e-01
   1.5350000e+03   9.0000003e-01
   1.5360000e+03   9.0000003e-01
   1.5370000e+03   9.0000002e-01
   1.5380000e+03   9.0000002e-01
   1.5390000e+03   9.0000002e-01
   1.5400000e+03   9.0000001e-01
   1.5410000e+03   9.0000001e-01
   1.5420000e+03   9.0000001e-01
   1.5430000e+03   9.0000001e-01
   1.5440000e+03   9.0000001e-01
   1.5450000e+03   9.0000000e-01
   1.5460000e+03   9.0000000e-01
   1.5470000e+03   9.0000000e-01
   1.5480000e+03   9.0000000e-01
   1.5490000e+03   9.0000000e-01
   1.5500000e+03   9.0000000e-01
   1.5510000e+03   9.0000000e-01
   1.5520000e+03   9.0000000e-01
   1.5530000e+03   9.0000000e-01
   1.5540000e+03   9.0000000e-01
   1.5550000e+03   9.0000000e-01
   1.5560000e+03   9.0000000e-01
   1.5570000e+03   9.0000000e-01
   1.5580000e+03   9.0000000e-01
   1.5590000e+03   9.0000000e-01
   1.5600000e+03   9.0000000e-01
   1.5610000e+03   9.0000000e-01
   1.5620000e+03   9.0000000e-01
   1.5630000e+03   9.0000000e-01
   1.5640000e+03   9.0000000e-01
   1.5650000e+03   9.0000000e-01
   1.5660000e+03   9.0000000e-01
   1.5670000e+03   9.0000000e-01
   1.5680000e+03   9.0000000e-01
   1.5690000e+03   9.0000000e-01
   1.5700000e+03   9.0000000e-01
   1.5710000e+03   9.0000000e-01
   1.5720000e+03   9.0000000e-01
   1.5730000e+03   9.0000000e-01
   1.5740000e+03   9.0000000e-01
   1.5750000e+03   9.0000000e-01
   1.5760000e+03   9.0000000e-01
   1.5770000e+03   9.0000000e-01
   1.5780000e+03   9.0000000e-01
   1.5790000e+03   9.0000000e-01
   1.5800000e+03   9.0000000e-01
   1.5810000e+03   9.0000000e-01
   1.5820000e+03   9.0000000e-01
   1.5830000e+03   9.0000000e-01
   1.5840000e+03   9.0000000e-01
   1.5850000e+03   9.0000000e-01
   1.5860000e+03   9.0000000e-01
   1.5870000e+03   9.0000000e-01
   1.5880000e+03   9.0000000e-01
   1.5890000e+03   9.0000000e-01
   1.5900000e+03   9.0000000e-01
   1.5910000e+03   9.0000000e-01
   1.5920000e+03   9.0000000e-01
   1.5930000e+03   9.0000000e-01
   1.5940000e+03   9.0000000e-01
   1.5950000e+03   9.0000000e-01
   1.5960000e+03   9.0000000e-01
   1.5970000e+03   9.0000000e-01
   1.5980000e+03   9.0000000e-01
   1.5990000e+03   9.0000000e-01
   1.6000000e+03   9.0000000e-01
