   1.0000000e+00   2.0000000e+00
   2.0000000e+00   2.0000000e+00
   3.0000000e+00   2.0000000e+00
   4.0000000e+00   2.0000000e+00
   5.0000000e+00   2.0000000e+00
   6.0000000e+00   2.0000000e+00
   7.0000000e+00   2.0000000e+00
   8.0000000e+00   2.0000000e+00
   9.0000000e+00   2.0000000e+00
   1.0000000e+01   2.0000000e+00
   1.1000000e+01   2.0000000e+00
   1.2000000e+01   2.8000000e+00
   1.3000000e+01   2.8000000e+00
   1.4000000e+01   2.8000000e+00
   1.5000000e+01   2.8000000e+00
   1.6000000e+01   2.8000000e+00
   1.7000000e+01   2.8000000e+00
   1.8000000e+01   2.8000000e+00
   1.9000000e+01   2.8000000e+00
   2.0000000e+01   2.8000000e+00
   2.1000000e+01   2.8000000e+00
   2.2000000e+01   2.8000000e+00
   2.3000000e+01   2.8000000e+00
   2.4000000e+01   2.8000000e+00
   2.5000000e+01   2.8000000e+00
   2.6000000e+01   2.8000000e+00
   2.7000000e+01   2.7976810e+00
   2.8000000e+01   2.7915350e+00
   2.9000000e+01   2.7821583e+00
   3.0000000e+01   2.7701437e+00
   3.1000000e+01   2.7560586e+00
   3.2000000e+01   2.7404294e+00
   3.3000000e+01   2.7237305e+00
   3.4000000e+01   2.7063772e+00
   3.5000000e+01   2.6887219e+00
   3.6000000e+01   2.6710536e+00
   3.7000000e+01   2.6536021e+00
   3.8000000e+01   2.6365474e+00
   3.9000000e+01   2.6200280e+00
   4.0000000e+01   2.6041493e+00
   4.1000000e+01   2.5889889e+00
   4.2000000e+01   2.5746017e+00
   4.3000000e+01   2.5610242e+00
   4.4000000e+01   2.5482773e+00
   4.5000000e+01   2.5363693e+00
   4.6000000e+01   2.5252982e+00
   4.7000000e+01   2.5150535e+00
   4.8000000e+01   2.5056178e+00
   4.9000000e+01   2.4969683e+00
   5.0000000e+01   2.4890778e+00
   5.1000000e+01   2.4819158e+00
   5.2000000e+01   2.4754490e+00
   5.3000000e+01   2.4696426e+00
   5.4000000e+01   2.4644604e+00
   5.5000000e+01   2.4598656e+00
   5.6000000e+01   2.4558211e+00
   5.7000000e+01   2.4522899e+00
   5.8000000e+01   2.4492356e+00
   5.9000000e+01   2.4466224e+00
   6.0000000e+01   2.4444154e+00
   6.1000000e+01   2.4425809e+00
   6.2000000e+01   2.4410863e+00
   6.3000000e+01   2.4399005e+00
   6.4000000e+01   2.4389938e+00
   6.5000000e+01   2.4383381e+00
   6.6000000e+01   2.4379067e+00
   6.7000000e+01   2.4376746e+00
   6.8000000e+01   2.4376182e+00
   6.9000000e+01   2.4377158e+00
   7.0000000e+01   2.4379468e+00
   7.1000000e+01   2.4382925e+00
   7.2000000e+01   2.4387355e+00
   7.3000000e+01   2.4392598e+00
   7.4000000e+01   2.4398509e+00
   7.5000000e+01   2.4404955e+00
   7.6000000e+01   2.4411816e+00
   7.7000000e+01   2.4418984e+00
   7.8000000e+01   2.4426362e+00
   7.9000000e+01   2.4433865e+00
   8.0000000e+01   2.4441416e+00
   8.1000000e+01   2.4448949e+00
   8.2000000e+01   2.4456405e+00
   8.3000000e+01   2.4463736e+00
   8.4000000e+01   2.4470897e+00
   8.5000000e+01   2.4477855e+00
   8.6000000e+01   2.4484579e+00
   8.7000000e+01   2.4491046e+00
   8.8000000e+01   2.4497237e+00
   8.9000000e+01   2.4503139e+00
   9.0000000e+01   2.4508742e+00
   9.1000000e+01   2.4514041e+00
   9.2000000e+01   2.4519033e+00
   9.3000000e+01   2.4523718e+00
   9.4000000e+01   2.4528100e+00
   9.5000000e+01   2.4532184e+00
   9.6000000e+01   2.4535978e+00
   9.7000000e+01   2.4539489e+00
   9.8000000e+01   2.4542729e+00
   9.9000000e+01   2.4545708e+00
   1.0000000e+02   2.4548439e+00
   1.0100000e+02   2.4550934e+00
   1.0200000e+02   2.4553207e+00
   1.0300000e+02   2.4555272e+00
   1.0400000e+02   2.4557142e+00
   1.0500000e+02   2.4558830e+00
   1.0600000e+02   2.4560351e+00
   1.0700000e+02   2.4561719e+00
   1.0800000e+02   2.4562945e+00
   1.0900000e+02   2.4564043e+00
   1.1000000e+02   2.4565026e+00
   1.1100000e+02   2.4565905e+00
   1.1200000e+02   2.4566691e+00
   1.1300000e+02   2.4567396e+00
   1.1400000e+02   2.4568028e+00
   1.1500000e+02   2.4568597e+00
   1.1600000e+02   2.4569112e+00
   1.1700000e+02   2.4569580e+00
   1.1800000e+02   2.4570008e+00
   1.1900000e+02   2.4570403e+00
   1.2000000e+02   2.4570770e+00
   1.2100000e+02   2.4571113e+00
   1.2200000e+02   2.4571436e+00
   1.2300000e+02   2.4571743e+00
   1.2400000e+02   2.4572034e+00
   1.2500000e+02   2.4572313e+00
   1.2600000e+02   2.4572579e+00
   1.2700000e+02   2.4572832e+00
   1.2800000e+02   2.4573072e+00
   1.2900000e+02   2.4573299e+00
   1.3000000e+02   2.4573510e+00
   1.3100000e+02   2.4573705e+00
   1.3200000e+02   2.4573881e+00
   1.3300000e+02   2.4574039e+00
   1.3400000e+02   2.4574175e+00
   1.3500000e+02   2.4574289e+00
   1.3600000e+02   2.4574379e+00
   1.3700000e+02   2.4574444e+00
   1.3800000e+02   2.4574462e+00
   1.3900000e+02   2.4574413e+00
   1.4000000e+02   2.4574285e+00
   1.4100000e+02   2.4574068e+00
   1.4200000e+02   2.4573758e+00
   1.4300000e+02   2.4573351e+00
   1.4400000e+02   2.4572849e+00
   1.4500000e+02   2.4572253e+00
   1.4600000e+02   2.4571570e+00
   1.4700000e+02   2.4570804e+00
   1.4800000e+02   2.4569963e+00
   1.4900000e+02   2.4569057e+00
   1.5000000e+02   2.4568095e+00
   1.5100000e+02   2.4567088e+00
   1.5200000e+02   2.4566048e+00
   1.5300000e+02   2.4564986e+00
   1.5400000e+02   2.4563915e+00
   1.5500000e+02   2.4562846e+00
   1.5600000e+02   2.4561789e+00
   1.5700000e+02   2.4560755e+00
   1.5800000e+02   2.4559753e+00
   1.5900000e+02   2.4558791e+00
   1.6000000e+02   2.4557877e+00
   1.6100000e+02   2.4557017e+00
   1.6200000e+02   2.4556215e+00
   1.6300000e+02   2.4555475e+00
   1.6400000e+02   2.4554800e+00
   1.6500000e+02   2.4554192e+00
   1.6600000e+02   2.4553652e+00
   1.6700000e+02   2.4553180e+00
   1.6800000e+02   2.4552775e+00
   1.6900000e+02   2.4552436e+00
   1.7000000e+02   2.4552161e+00
   1.7100000e+02   2.4551948e+00
   1.7200000e+02   2.4551794e+00
   1.7300000e+02   2.4551695e+00
   1.7400000e+02   2.4551649e+00
   1.7500000e+02   2.4551652e+00
   1.7600000e+02   2.4551700e+00
   1.7700000e+02   2.4551789e+00
   1.7800000e+02   2.4551915e+00
   1.7900000e+02   2.4552074e+00
   1.8000000e+02   2.4552264e+00
   1.8100000e+02   2.4552479e+00
   1.8200000e+02   2.4552716e+00
   1.8300000e+02   2.4552972e+00
   1.8400000e+02   2.4553243e+00
   1.8500000e+02   2.4553526e+00
   1.8600000e+02   2.4553818e+00
   1.8700000e+02   2.4554117e+00
   1.8800000e+02   2.4554419e+00
   1.8900000e+02   2.4554723e+00
   1.9000000e+02   2.4555025e+00
   1.9100000e+02   2.4555325e+00
   1.9200000e+02   2.4555620e+00
   1.9300000e+02   2.4555908e+00
   1.9400000e+02   2.4556189e+00
   1.9500000e+02   2.4556461e+00
   1.9600000e+02   2.4556723e+00
   1.9700000e+02   2.4556974e+00
   1.9800000e+02   2.4557213e+00
   1.9900000e+02   2.4557441e+00
   2.0000000e+02   2.4557656e+00
   2.0100000e+02   2.4557859e+00
   2.0200000e+02   2.4558048e+00
   2.0300000e+02   2.4558225e+00
   2.0400000e+02   2.4558389e+00
   2.0500000e+02   2.4558540e+00
   2.0600000e+02   2.4558678e+00
   2.0700000e+02   2.4558805e+00
   2.0800000e+02   2.4558919e+00
   2.0900000e+02   2.4559022e+00
   2.1000000e+02   2.4559114e+00
   2.1100000e+02   2.4559196e+00
   2.1200000e+02   2.4559268e+00
   2.1300000e+02   2.4559330e+00
   2.1400000e+02   2.4559383e+00
   2.1500000e+02   2.4559428e+00
   2.1600000e+02   2.4559464e+00
   2.1700000e+02   2.4559494e+00
   2.1800000e+02   2.4559517e+00
   2.1900000e+02   2.4559534e+00
   2.2000000e+02   2.4559545e+00
   2.2100000e+02   2.4559551e+00
   2.2200000e+02   2.4559552e+00
   2.2300000e+02   2.4559549e+00
   2.2400000e+02   2.4559543e+00
   2.2500000e+02   2.4559533e+00
   2.2600000e+02   2.4559520e+00
   2.2700000e+02   2.4559505e+00
   2.2800000e+02   2.4559488e+00
   2.2900000e+02   2.4559469e+00
   2.3000000e+02   2.4559449e+00
   2.3100000e+02   2.4559428e+00
   2.3200000e+02   2.4559405e+00
   2.3300000e+02   2.4559382e+00
   2.3400000e+02   2.4559359e+00
   2.3500000e+02   2.4559336e+00
   2.3600000e+02   2.4559312e+00
   2.3700000e+02   2.4559289e+00
   2.3800000e+02   2.4559266e+00
   2.3900000e+02   2.4559243e+00
   2.4000000e+02   2.4559221e+00
   2.4100000e+02   2.4559199e+00
   2.4200000e+02   2.4559178e+00
   2.4300000e+02   2.4559158e+00
   2.4400000e+02   2.4559138e+00
   2.4500000e+02   2.4559119e+00
   2.4600000e+02   2.4559101e+00
   2.4700000e+02   2.4559084e+00
   2.4800000e+02   2.4559068e+00
   2.4900000e+02   2.4559053e+00
   2.5000000e+02   2.4559038e+00
   2.5100000e+02   2.4559024e+00
   2.5200000e+02   2.4559011e+00
   2.5300000e+02   2.4558999e+00
   2.5400000e+02   2.4558987e+00
   2.5500000e+02   2.4558976e+00
   2.5600000e+02   2.4558966e+00
   2.5700000e+02   2.4558956e+00
   2.5800000e+02   2.4558947e+00
   2.5900000e+02   2.4558939e+00
   2.6000000e+02   2.4558931e+00
   2.6100000e+02   2.4558924e+00
   2.6200000e+02   2.4558917e+00
   2.6300000e+02   2.4558911e+00
   2.6400000e+02   2.4558905e+00
   2.6500000e+02   2.4558899e+00
   2.6600000e+02   2.4558894e+00
   2.6700000e+02   2.4558890e+00
   2.6800000e+02   2.4558885e+00
   2.6900000e+02   2.4558881e+00
   2.7000000e+02   2.4558878e+00
   2.7100000e+02   2.4558875e+00
   2.7200000e+02   2.4558872e+00
   2.7300000e+02   2.4558870e+00
   2.7400000e+02   2.4558868e+00
   2.7500000e+02   2.4558866e+00
   2.7600000e+02   2.4558865e+00
   2.7700000e+02   2.4558864e+00
   2.7800000e+02   2.4558863e+00
   2.7900000e+02   2.4558863e+00
   2.8000000e+02   2.4558863e+00
   2.8100000e+02   2.4558863e+00
   2.8200000e+02   2.4558864e+00
   2.8300000e+02   2.4558865e+00
   2.8400000e+02   2.4558866e+00
   2.8500000e+02   2.4558868e+00
   2.8600000e+02   2.4558869e+00
   2.8700000e+02   2.4558872e+00
   2.8800000e+02   2.4558874e+00
   2.8900000e+02   2.4558877e+00
   2.9000000e+02   2.4558879e+00
   2.9100000e+02   2.4558882e+00
   2.9200000e+02   2.4558885e+00
   2.9300000e+02   2.4558888e+00
   2.9400000e+02   2.4558892e+00
   2.9500000e+02   2.4558895e+00
   2.9600000e+02   2.4558899e+00
   2.9700000e+02   2.4558902e+00
   2.9800000e+02   2.4558906e+00
   2.9900000e+02   2.4558909e+00
   3.0000000e+02   2.4558913e+00
   3.0100000e+02   2.4558916e+00
   3.0200000e+02   2.4558919e+00
   3.0300000e+02   2.4558923e+00
   3.0400000e+02   2.4558926e+00
   3.0500000e+02   2.4558929e+00
   3.0600000e+02   2.4558932e+00
   3.0700000e+02   2.4558934e+00
   3.0800000e+02   2.4558937e+00
   3.0900000e+02   2.4558940e+00
   3.1000000e+02   2.4558942e+00
   3.1100000e+02   2.4558944e+00
   3.1200000e+02   2.4558946e+00
   3.1300000e+02   2.4558948e+00
   3.1400000e+02   2.4558949e+00
   3.1500000e+02   2.4558951e+00
   3.1600000e+02   2.4558952e+00
   3.1700000e+02   2.4558953e+00
   3.1800000e+02   2.4558954e+00
   3.1900000e+02   2.4558955e+00
   3.2000000e+02   2.4558956e+00
   3.2100000e+02   2.4558956e+00
   3.2200000e+02   2.4558957e+00
   3.2300000e+02   2.4558957e+00
   3.2400000e+02   2.4558957e+00
   3.2500000e+02   2.4558957e+00
   3.2600000e+02   2.4558957e+00
   3.2700000e+02   2.4558957e+00
   3.2800000e+02   2.4558957e+00
   3.2900000e+02   2.4558956e+00
   3.3000000e+02   2.4558956e+00
   3.3100000e+02   2.4558955e+00
   3.3200000e+02   2.4558955e+00
   3.3300000e+02   2.4558954e+00
   3.3400000e+02   2.4558953e+00
   3.3500000e+02   2.4558953e+00
   3.3600000e+02   2.4558952e+00
   3.3700000e+02   2.4558951e+00
   3.3800000e+02   2.4558950e+00
   3.3900000e+02   2.4558950e+00
   3.4000000e+02   2.4558949e+00
   3.4100000e+02   2.4558948e+00
   3.4200000e+02   2.4558947e+00
   3.4300000e+02   2.4558947e+00
   3.4400000e+02   2.4558946e+00
   3.4500000e+02   2.4558945e+00
   3.4600000e+02   2.4558944e+00
   3.4700000e+02   2.4558944e+00
   3.4800000e+02   2.4558943e+00
   3.4900000e+02   2.4558942e+00
   3.5000000e+02   2.4558942e+00
   3.5100000e+02   2.4558941e+00
   3.5200000e+02   2.4558941e+00
   3.5300000e+02   2.4558940e+00
   3.5400000e+02   2.4558940e+00
   3.5500000e+02   2.4558939e+00
   3.5600000e+02   2.4558939e+00
   3.5700000e+02   2.4558938e+00
   3.5800000e+02   2.4558938e+00
   3.5900000e+02   2.4558938e+00
   3.6000000e+02   2.4558937e+00
   3.6100000e+02   2.4558937e+00
   3.6200000e+02   2.4558937e+00
   3.6300000e+02   2.4558936e+00
   3.6400000e+02   2.4558936e+00
   3.6500000e+02   2.4558936e+00
   3.6600000e+02   2.4558936e+00
   3.6700000e+02   2.4558936e+00
   3.6800000e+02   2.4558936e+00
   3.6900000e+02   2.4558936e+00
   3.7000000e+02   2.4558936e+00
   3.7100000e+02   2.4558936e+00
   3.7200000e+02   2.4558935e+00
   3.7300000e+02   2.4558935e+00
   3.7400000e+02   2.4558935e+00
   3.7500000e+02   2.4558935e+00
   3.7600000e+02   2.4558935e+00
   3.7700000e+02   2.4558936e+00
   3.7800000e+02   2.4558936e+00
   3.7900000e+02   2.4558936e+00
   3.8000000e+02   2.4558936e+00
   3.8100000e+02   2.4558936e+00
   3.8200000e+02   2.4558936e+00
   3.8300000e+02   2.4558936e+00
   3.8400000e+02   2.4558936e+00
   3.8500000e+02   2.4558936e+00
   3.8600000e+02   2.4558936e+00
   3.8700000e+02   2.4558936e+00
   3.8800000e+02   2.4558936e+00
   3.8900000e+02   2.4558936e+00
   3.9000000e+02   2.4558936e+00
   3.9100000e+02   2.4558936e+00
   3.9200000e+02   2.4558937e+00
   3.9300000e+02   2.4558937e+00
   3.9400000e+02   2.4558937e+00
   3.9500000e+02   2.4558937e+00
   3.9600000e+02   2.4558937e+00
   3.9700000e+02   2.4558937e+00
   3.9800000e+02   2.4558937e+00
   3.9900000e+02   2.4558937e+00
   4.0000000e+02   2.3802551e+00
   4.0100000e+02   2.3112948e+00
   4.0200000e+02   2.2486931e+00
   4.0300000e+02   2.1921253e+00
   4.0400000e+02   2.1412639e+00
   4.0500000e+02   2.0957803e+00
   4.0600000e+02   2.0553471e+00
   4.0700000e+02   2.0196401e+00
   4.0800000e+02   1.9883394e+00
   4.0900000e+02   1.9611322e+00
   4.1000000e+02   1.9377129e+00
   4.1100000e+02   1.9177855e+00
   4.1200000e+02   1.9010638e+00
   4.1300000e+02   1.8872729e+00
   4.1400000e+02   1.8761495e+00
   4.1500000e+02   1.8674427e+00
   4.1600000e+02   1.8609142e+00
   4.1700000e+02   1.8563388e+00
   4.1800000e+02   1.8535041e+00
   4.1900000e+02   1.8522111e+00
   4.2000000e+02   1.8522737e+00
   4.2100000e+02   1.8535186e+00
   4.2200000e+02   1.8557851e+00
   4.2300000e+02   1.8589247e+00
   4.2400000e+02   1.8628010e+00
   4.2500000e+02   1.8672888e+00
   4.2600000e+02   1.8722742e+00
   4.2700000e+02   1.8776536e+00
   4.2800000e+02   1.8833334e+00
   4.2900000e+02   1.8892298e+00
   4.3000000e+02   1.8952676e+00
   4.3100000e+02   1.9013802e+00
   4.3200000e+02   1.9075088e+00
   4.3300000e+02   1.9136021e+00
   4.3400000e+02   1.9196154e+00
   4.3500000e+02   1.9255106e+00
   4.3600000e+02   1.9312552e+00
   4.3700000e+02   1.9368222e+00
   4.3800000e+02   1.9421892e+00
   4.3900000e+02   1.9473386e+00
   4.4000000e+02   1.9522567e+00
   4.4100000e+02   1.9569332e+00
   4.4200000e+02   1.9613613e+00
   4.4300000e+02   1.9655370e+00
   4.4400000e+02   1.9694587e+00
   4.4500000e+02   1.9731274e+00
   4.4600000e+02   1.9765455e+00
   4.4700000e+02   1.9797176e+00
   4.4800000e+02   1.9826494e+00
   4.4900000e+02   1.9853480e+00
   4.5000000e+02   1.9878212e+00
   4.5100000e+02   1.9900780e+00
   4.5200000e+02   1.9921277e+00
   4.5300000e+02   1.9939801e+00
   4.5400000e+02   1.9956456e+00
   4.5500000e+02   1.9971344e+00
   4.5600000e+02   1.9984572e+00
   4.5700000e+02   1.9996244e+00
   4.5800000e+02   2.0006465e+00
   4.5900000e+02   2.0015337e+00
   4.6000000e+02   2.0022961e+00
   4.6100000e+02   2.0029434e+00
   4.6200000e+02   2.0034851e+00
   4.6300000e+02   2.0039302e+00
   4.6400000e+02   2.0042876e+00
   4.6500000e+02   2.0045654e+00
   4.6600000e+02   2.0047716e+00
   4.6700000e+02   2.0049136e+00
   4.6800000e+02   2.0049984e+00
   4.6900000e+02   2.0050327e+00
   4.7000000e+02   2.0050225e+00
   4.7100000e+02   2.0049736e+00
   4.7200000e+02   2.0048912e+00
   4.7300000e+02   2.0047802e+00
   4.7400000e+02   2.0046451e+00
   4.7500000e+02   2.0044900e+00
   4.7600000e+02   2.0043185e+00
   4.7700000e+02   2.0041341e+00
   4.7800000e+02   2.0039398e+00
   4.7900000e+02   2.0037382e+00
   4.8000000e+02   2.0035317e+00
   4.8100000e+02   2.0033226e+00
   4.8200000e+02   2.0031126e+00
   4.8300000e+02   2.0029033e+00
   4.8400000e+02   2.0026961e+00
   4.8500000e+02   2.0024921e+00
   4.8600000e+02   2.0022924e+00
   4.8700000e+02   2.0020977e+00
   4.8800000e+02   2.0019086e+00
   4.8900000e+02   2.0017256e+00
   4.9000000e+02   2.0015490e+00
   4.9100000e+02   2.0013790e+00
   4.9200000e+02   2.0012158e+00
   4.9300000e+02   2.0010594e+00
   4.9400000e+02   2.0009097e+00
   4.9500000e+02   2.0007665e+00
   4.9600000e+02   2.0006297e+00
   4.9700000e+02   2.0004990e+00
   4.9800000e+02   2.0003741e+00
   4.9900000e+02   2.0002547e+00
   5.0000000e+02   2.0001406e+00
   5.0100000e+02   2.0000312e+00
   5.0200000e+02   1.9999264e+00
   5.0300000e+02   1.9998256e+00
   5.0400000e+02   1.9997287e+00
   5.0500000e+02   1.9996351e+00
   5.0600000e+02   1.9995448e+00
   5.0700000e+02   1.9994572e+00
   5.0800000e+02   1.9993723e+00
   5.0900000e+02   1.9992897e+00
   5.1000000e+02   1.9992094e+00
   5.1100000e+02   1.9991311e+00
   5.1200000e+02   1.9990548e+00
   5.1300000e+02   1.9989804e+00
   5.1400000e+02   1.9989079e+00
   5.1500000e+02   1.9988374e+00
   5.1600000e+02   1.9987690e+00
   5.1700000e+02   1.9987027e+00
   5.1800000e+02   1.9986386e+00
   5.1900000e+02   1.9985769e+00
   5.2000000e+02   1.9985177e+00
   5.2100000e+02   1.9984612e+00
   5.2200000e+02   1.9984074e+00
   5.2300000e+02   1.9983565e+00
   5.2400000e+02   1.9983086e+00
   5.2500000e+02   1.9982637e+00
   5.2600000e+02   1.9982242e+00
   5.2700000e+02   1.9981918e+00
   5.2800000e+02   1.9981680e+00
   5.2900000e+02   1.9981536e+00
   5.3000000e+02   1.9981492e+00
   5.3100000e+02   1.9981551e+00
   5.3200000e+02   1.9981711e+00
   5.3300000e+02   1.9981972e+00
   5.3400000e+02   1.9982328e+00
   5.3500000e+02   1.9982775e+00
   5.3600000e+02   1.9983305e+00
   5.3700000e+02   1.9983910e+00
   5.3800000e+02   1.9984583e+00
   5.3900000e+02   1.9985315e+00
   5.4000000e+02   1.9986096e+00
   5.4100000e+02   1.9986918e+00
   5.4200000e+02   1.9987772e+00
   5.4300000e+02   1.9988650e+00
   5.4400000e+02   1.9989542e+00
   5.4500000e+02   1.9990442e+00
   5.4600000e+02   1.9991342e+00
   5.4700000e+02   1.9992235e+00
   5.4800000e+02   1.9993115e+00
   5.4900000e+02   1.9993976e+00
   5.5000000e+02   1.9994813e+00
   5.5100000e+02   1.9995622e+00
   5.5200000e+02   1.9996398e+00
   5.5300000e+02   1.9997139e+00
   5.5400000e+02   1.9997842e+00
   5.5500000e+02   1.9998505e+00
   5.5600000e+02   1.9999125e+00
   5.5700000e+02   1.9999702e+00
   5.5800000e+02   2.0000236e+00
   5.5900000e+02   2.0000725e+00
   5.6000000e+02   2.0001170e+00
   5.6100000e+02   2.0001572e+00
   5.6200000e+02   2.0001931e+00
   5.6300000e+02   2.0002248e+00
   5.6400000e+02   2.0002524e+00
   5.6500000e+02   2.0002762e+00
   5.6600000e+02   2.0002962e+00
   5.6700000e+02   2.0003127e+00
   5.6800000e+02   2.0003258e+00
   5.6900000e+02   2.0003358e+00
   5.7000000e+02   2.0003427e+00
   5.7100000e+02   2.0003470e+00
   5.7200000e+02   2.0003487e+00
   5.7300000e+02   2.0003481e+00
   5.7400000e+02   2.0003454e+00
   5.7500000e+02   2.0003408e+00
   5.7600000e+02   2.0003345e+00
   5.7700000e+02   2.0003267e+00
   5.7800000e+02   2.0003176e+00
   5.7900000e+02   2.0003074e+00
   5.8000000e+02   2.0002962e+00
   5.8100000e+02   2.0002842e+00
   5.8200000e+02   2.0002715e+00
   5.8300000e+02   2.0002584e+00
   5.8400000e+02   2.0002449e+00
   5.8500000e+02   2.0002311e+00
   5.8600000e+02   2.0002173e+00
   5.8700000e+02   2.0002034e+00
   5.8800000e+02   2.0001896e+00
   5.8900000e+02   2.0001759e+00
   5.9000000e+02   2.0001625e+00
   5.9100000e+02   2.0001493e+00
   5.9200000e+02   2.0001365e+00
   5.9300000e+02   2.0001242e+00
   5.9400000e+02   2.0001122e+00
   5.9500000e+02   2.0001008e+00
   5.9600000e+02   2.0000898e+00
   5.9700000e+02   2.0000794e+00
   5.9800000e+02   2.0000695e+00
   5.9900000e+02   2.0000602e+00
   6.0000000e+02   2.0000515e+00
   6.0100000e+02   2.0000433e+00
   6.0200000e+02   2.0000356e+00
   6.0300000e+02   2.0000285e+00
   6.0400000e+02   2.0000220e+00
   6.0500000e+02   2.0000159e+00
   6.0600000e+02   2.0000104e+00
   6.0700000e+02   2.0000054e+00
   6.0800000e+02   2.0000009e+00
   6.0900000e+02   1.9999968e+00
   6.1000000e+02   1.9999931e+00
   6.1100000e+02   1.9999899e+00
   6.1200000e+02   1.9999871e+00
   6.1300000e+02   1.9999846e+00
   6.1400000e+02   1.9999825e+00
   6.1500000e+02   1.9999807e+00
   6.1600000e+02   1.9999792e+00
   6.1700000e+02   1.9999779e+00
   6.1800000e+02   1.9999770e+00
   6.1900000e+02   1.9999762e+00
   6.2000000e+02   1.9999757e+00
   6.2100000e+02   1.9999754e+00
   6.2200000e+02   1.9999752e+00
   6.2300000e+02   1.9999752e+00
   6.2400000e+02   1.9999754e+00
   6.2500000e+02   1.9999757e+00
   6.2600000e+02   1.9999761e+00
   6.2700000e+02   1.9999765e+00
   6.2800000e+02   1.9999771e+00
   6.2900000e+02   1.9999778e+00
   6.3000000e+02   1.9999785e+00
   6.3100000e+02   1.9999792e+00
   6.3200000e+02   1.9999800e+00
   6.3300000e+02   1.9999808e+00
   6.3400000e+02   1.9999817e+00
   6.3500000e+02   1.9999826e+00
   6.3600000e+02   1.9999835e+00
   6.3700000e+02   1.9999844e+00
   6.3800000e+02   1.9999853e+00
   6.3900000e+02   1.9999862e+00
   6.4000000e+02   1.9999871e+00
   6.4100000e+02   1.9999880e+00
   6.4200000e+02   1.9999889e+00
   6.4300000e+02   1.9999898e+00
   6.4400000e+02   1.9999906e+00
   6.4500000e+02   1.9999915e+00
   6.4600000e+02   1.9999923e+00
   6.4700000e+02   1.9999932e+00
   6.4800000e+02   1.9999940e+00
   6.4900000e+02   1.9999948e+00
   6.5000000e+02   1.9999955e+00
   6.5100000e+02   1.9999963e+00
   6.5200000e+02   1.9999970e+00
   6.5300000e+02   1.9999977e+00
   6.5400000e+02   1.9999984e+00
   6.5500000e+02   1.9999991e+00
   6.5600000e+02   1.9999997e+00
   6.5700000e+02   2.0000003e+00
   6.5800000e+02   2.0000009e+00
   6.5900000e+02   2.0000015e+00
   6.6000000e+02   2.0000020e+00
   6.6100000e+02   2.0000025e+00
   6.6200000e+02   2.0000030e+00
   6.6300000e+02   2.0000034e+00
   6.6400000e+02   2.0000038e+00
   6.6500000e+02   2.0000042e+00
   6.6600000e+02   2.0000046e+00
   6.6700000e+02   2.0000049e+00
   6.6800000e+02   2.0000051e+00
   6.6900000e+02   2.0000054e+00
   6.7000000e+02   2.0000056e+00
   6.7100000e+02   2.0000058e+00
   6.7200000e+02   2.0000059e+00
   6.7300000e+02   2.0000060e+00
   6.7400000e+02   2.0000061e+00
   6.7500000e+02   2.0000061e+00
   6.7600000e+02   2.0000061e+00
   6.7700000e+02   2.0000061e+00
   6.7800000e+02   2.0000060e+00
   6.7900000e+02   2.0000060e+00
   6.8000000e+02   2.0000059e+00
   6.8100000e+02   2.0000057e+00
   6.8200000e+02   2.0000056e+00
   6.8300000e+02   2.0000054e+00
   6.8400000e+02   2.0000052e+00
   6.8500000e+02   2.0000050e+00
   6.8600000e+02   2.0000048e+00
   6.8700000e+02   2.0000046e+00
   6.8800000e+02   2.0000044e+00
   6.8900000e+02   2.0000041e+00
   6.9000000e+02   2.0000039e+00
   6.9100000e+02   2.0000036e+00
   6.9200000e+02   2.0000034e+00
   6.9300000e+02   2.0000031e+00
   6.9400000e+02   2.0000029e+00
   6.9500000e+02   2.0000026e+00
   6.9600000e+02   2.0000024e+00
   6.9700000e+02   2.0000021e+00
   6.9800000e+02   2.0000019e+00
   6.9900000e+02   2.0000016e+00
   7.0000000e+02   2.0000014e+00
   7.0100000e+02   2.0000012e+00
   7.0200000e+02   2.0000010e+00
   7.0300000e+02   2.0000008e+00
   7.0400000e+02   2.0000006e+00
   7.0500000e+02   2.0000004e+00
   7.0600000e+02   2.0000003e+00
   7.0700000e+02   2.0000001e+00
   7.0800000e+02   2.0000000e+00
   7.0900000e+02   1.9999998e+00
   7.1000000e+02   1.9999997e+00
   7.1100000e+02   1.9999996e+00
   7.1200000e+02   1.9999995e+00
   7.1300000e+02   1.9999994e+00
   7.1400000e+02   1.9999993e+00
   7.1500000e+02   1.9999992e+00
   7.1600000e+02   1.9999992e+00
   7.1700000e+02   1.9999991e+00
   7.1800000e+02   1.9999991e+00
   7.1900000e+02   1.9999991e+00
   7.2000000e+02   1.9999990e+00
   7.2100000e+02   1.9999990e+00
   7.2200000e+02   1.9999990e+00
   7.2300000e+02   1.9999990e+00
   7.2400000e+02   1.9999990e+00
   7.2500000e+02   1.9999990e+00
   7.2600000e+02   1.9999990e+00
   7.2700000e+02   1.9999990e+00
   7.2800000e+02   1.9999991e+00
   7.2900000e+02   1.9999991e+00
   7.3000000e+02   1.9999991e+00
   7.3100000e+02   1.9999991e+00
   7.3200000e+02   1.9999992e+00
   7.3300000e+02   1.9999992e+00
   7.3400000e+02   1.9999992e+00
   7.3500000e+02   1.9999993e+00
   7.3600000e+02   1.9999993e+00
   7.3700000e+02   1.9999994e+00
   7.3800000e+02   1.9999994e+00
   7.3900000e+02   1.9999994e+00
   7.4000000e+02   1.9999995e+00
   7.4100000e+02   1.9999995e+00
   7.4200000e+02   1.9999995e+00
   7.4300000e+02   1.9999996e+00
   7.4400000e+02   1.9999996e+00
   7.4500000e+02   1.9999997e+00
   7.4600000e+02   1.9999997e+00
   7.4700000e+02   1.9999997e+00
   7.4800000e+02   1.9999998e+00
   7.4900000e+02   1.9999998e+00
   7.5000000e+02   1.9999998e+00
   7.5100000e+02   1.9999998e+00
   7.5200000e+02   1.9999999e+00
   7.5300000e+02   1.9999999e+00
   7.5400000e+02   1.9999999e+00
   7.5500000e+02   1.9999999e+00
   7.5600000e+02   2.0000000e+00
   7.5700000e+02   2.0000000e+00
   7.5800000e+02   2.0000000e+00
   7.5900000e+02   2.0000000e+00
   7.6000000e+02   2.0000000e+00
   7.6100000e+02   2.0000000e+00
   7.6200000e+02   2.0000000e+00
   7.6300000e+02   2.0000001e+00
   7.6400000e+02   2.0000001e+00
   7.6500000e+02   2.0000001e+00
   7.6600000e+02   2.0000001e+00
   7.6700000e+02   2.0000001e+00
   7.6800000e+02   2.0000001e+00
   7.6900000e+02   2.0000001e+00
   7.7000000e+02   2.0000001e+00
   7.7100000e+02   2.0000001e+00
   7.7200000e+02   2.0000001e+00
   7.7300000e+02   2.0000001e+00
   7.7400000e+02   2.0000001e+00
   7.7500000e+02   2.0000001e+00
   7.7600000e+02   2.0000001e+00
   7.7700000e+02   2.0000001e+00
   7.7800000e+02   2.0000001e+00
   7.7900000e+02   2.0000001e+00
   7.8000000e+02   2.0000001e+00
   7.8100000e+02   2.0000001e+00
   7.8200000e+02   2.0000001e+00
   7.8300000e+02   2.0000001e+00
   7.8400000e+02   2.0000001e+00
   7.8500000e+02   2.0000001e+00
   7.8600000e+02   2.0000001e+00
   7.8700000e+02   2.0000001e+00
   7.8800000e+02   2.0000001e+00
   7.8900000e+02   2.0000001e+00
   7.9000000e+02   2.0000001e+00
   7.9100000e+02   2.0000001e+00
   7.9200000e+02   2.0000001e+00
   7.9300000e+02   2.0000000e+00
   7.9400000e+02   2.0000000e+00
   7.9500000e+02   2.0000000e+00
   7.9600000e+02   2.0000000e+00
   7.9700000e+02   2.0000000e+00
   7.9800000e+02   2.0000000e+00
   7.9900000e+02   2.0000000e+00
   8.0000000e+02   2.0907663e+00
   8.0100000e+02   2.1735187e+00
   8.0200000e+02   2.2486408e+00
   8.0300000e+02   2.3165221e+00
   8.0400000e+02   2.3775558e+00
   8.0500000e+02   2.4321361e+00
   8.0600000e+02   2.4806559e+00
   8.0700000e+02   2.5235044e+00
   8.0800000e+02   2.5610652e+00
   8.0900000e+02   2.5937139e+00
   8.1000000e+02   2.6218170e+00
   8.1100000e+02   2.6457299e+00
   8.1200000e+02   2.6657959e+00
   8.1300000e+02   2.6823450e+00
   8.1400000e+02   2.6956931e+00
   8.1500000e+02   2.7061412e+00
   8.1600000e+02   2.7139754e+00
   8.1700000e+02   2.7194660e+00
   8.1800000e+02   2.7228676e+00
   8.1900000e+02   2.7244191e+00
   8.2000000e+02   2.7243441e+00
   8.2100000e+02   2.7228502e+00
   8.2200000e+02   2.7201305e+00
   8.2300000e+02   2.7163629e+00
   8.2400000e+02   2.7117114e+00
   8.2500000e+02   2.7063259e+00
   8.2600000e+02   2.7003435e+00
   8.2700000e+02   2.6938882e+00
   8.2800000e+02   2.6870724e+00
   8.2900000e+02   2.6799968e+00
   8.3000000e+02   2.6727514e+00
   8.3100000e+02   2.6654163e+00
   8.3200000e+02   2.6580620e+00
   8.3300000e+02   2.6507500e+00
   8.3400000e+02   2.6435340e+00
   8.3500000e+02   2.6364598e+00
   8.3600000e+02   2.6295663e+00
   8.3700000e+02   2.6228859e+00
   8.3800000e+02   2.6164455e+00
   8.3900000e+02   2.6102661e+00
   8.4000000e+02   2.6043645e+00
   8.4100000e+02   2.5987527e+00
   8.4200000e+02   2.5934389e+00
   8.4300000e+02   2.5884281e+00
   8.4400000e+02   2.5837220e+00
   8.4500000e+02   2.5793197e+00
   8.4600000e+02   2.5752179e+00
   8.4700000e+02   2.5714114e+00
   8.4800000e+02   2.5678932e+00
   8.4900000e+02   2.5646549e+00
   8.5000000e+02   2.5616870e+00
   8.5100000e+02   2.5589789e+00
   8.5200000e+02   2.5565193e+00
   8.5300000e+02   2.5542964e+00
   8.5400000e+02   2.5522978e+00
   8.5500000e+02   2.5505112e+00
   8.5600000e+02   2.5489238e+00
   8.5700000e+02   2.5475232e+00
   8.5800000e+02   2.5462967e+00
   8.5900000e+02   2.5452320e+00
   8.6000000e+02   2.5443172e+00
   8.6100000e+02   2.5435404e+00
   8.6200000e+02   2.5428904e+00
   8.6300000e+02   2.5423562e+00
   8.6400000e+02   2.5419274e+00
   8.6500000e+02   2.5415940e+00
   8.6600000e+02   2.5413466e+00
   8.6700000e+02   2.5411762e+00
   8.6800000e+02   2.5410744e+00
   8.6900000e+02   2.5410332e+00
   8.7000000e+02   2.5410455e+00
   8.7100000e+02   2.5411042e+00
   8.7200000e+02   2.5412031e+00
   8.7300000e+02   2.5413362e+00
   8.7400000e+02   2.5414984e+00
   8.7500000e+02   2.5416845e+00
   8.7600000e+02   2.5418903e+00
   8.7700000e+02   2.5421116e+00
   8.7800000e+02   2.5423448e+00
   8.7900000e+02   2.5425867e+00
   8.8000000e+02   2.5428344e+00
   8.8100000e+02   2.5430854e+00
   8.8200000e+02   2.5433374e+00
   8.8300000e+02   2.5435886e+00
   8.8400000e+02   2.5438372e+00
   8.8500000e+02   2.5440819e+00
   8.8600000e+02   2.5443216e+00
   8.8700000e+02   2.5445553e+00
   8.8800000e+02   2.5447822e+00
   8.8900000e+02   2.5450018e+00
   8.9000000e+02   2.5452137e+00
   8.9100000e+02   2.5454177e+00
   8.9200000e+02   2.5456135e+00
   8.9300000e+02   2.5458012e+00
   8.9400000e+02   2.5459809e+00
   8.9500000e+02   2.5461527e+00
   8.9600000e+02   2.5463169e+00
   8.9700000e+02   2.5464737e+00
   8.9800000e+02   2.5466236e+00
   8.9900000e+02   2.5467668e+00
   9.0000000e+02   2.5469038e+00
   9.0100000e+02   2.5470350e+00
   9.0200000e+02   2.5471608e+00
   9.0300000e+02   2.5472817e+00
   9.0400000e+02   2.5473981e+00
   9.0500000e+02   2.5475103e+00
   9.0600000e+02   2.5476188e+00
   9.0700000e+02   2.5477238e+00
   9.0800000e+02   2.5478258e+00
   9.0900000e+02   2.5479248e+00
   9.1000000e+02   2.5480213e+00
   9.1100000e+02   2.5481152e+00
   9.1200000e+02   2.5482068e+00
   9.1300000e+02   2.5482960e+00
   9.1400000e+02   2.5483830e+00
   9.1500000e+02   2.5484676e+00
   9.1600000e+02   2.5485497e+00
   9.1700000e+02   2.5486293e+00
   9.1800000e+02   2.5487062e+00
   9.1900000e+02   2.5487802e+00
   9.2000000e+02   2.5488512e+00
   9.2100000e+02   2.5489191e+00
   9.2200000e+02   2.5489836e+00
   9.2300000e+02   2.5490447e+00
   9.2400000e+02   2.5491022e+00
   9.2500000e+02   2.5491561e+00
   9.2600000e+02   2.5492035e+00
   9.2700000e+02   2.5492423e+00
   9.2800000e+02   2.5492709e+00
   9.2900000e+02   2.5492882e+00
   9.3000000e+02   2.5492934e+00
   9.3100000e+02   2.5492864e+00
   9.3200000e+02   2.5492672e+00
   9.3300000e+02   2.5492359e+00
   9.3400000e+02   2.5491931e+00
   9.3500000e+02   2.5491395e+00
   9.3600000e+02   2.5490760e+00
   9.3700000e+02   2.5490033e+00
   9.3800000e+02   2.5489225e+00
   9.3900000e+02   2.5488348e+00
   9.4000000e+02   2.5487410e+00
   9.4100000e+02   2.5486423e+00
   9.4200000e+02   2.5485398e+00
   9.4300000e+02   2.5484345e+00
   9.4400000e+02   2.5483274e+00
   9.4500000e+02   2.5482194e+00
   9.4600000e+02   2.5481114e+00
   9.4700000e+02   2.5480043e+00
   9.4800000e+02   2.5478987e+00
   9.4900000e+02   2.5477954e+00
   9.5000000e+02   2.5476949e+00
   9.5100000e+02   2.5475979e+00
   9.5200000e+02   2.5475047e+00
   9.5300000e+02   2.5474158e+00
   9.5400000e+02   2.5473314e+00
   9.5500000e+02   2.5472519e+00
   9.5600000e+02   2.5471775e+00
   9.5700000e+02   2.5471082e+00
   9.5800000e+02   2.5470442e+00
   9.5900000e+02   2.5469855e+00
   9.6000000e+02   2.5469321e+00
   9.6100000e+02   2.5468839e+00
   9.6200000e+02   2.5468408e+00
   9.6300000e+02   2.5468028e+00
   9.6400000e+02   2.5467696e+00
   9.6500000e+02   2.5467411e+00
   9.6600000e+02   2.5467170e+00
   9.6700000e+02   2.5466973e+00
   9.6800000e+02   2.5466815e+00
   9.6900000e+02   2.5466696e+00
   9.7000000e+02   2.5466612e+00
   9.7100000e+02   2.5466561e+00
   9.7200000e+02   2.5466540e+00
   9.7300000e+02   2.5466548e+00
   9.7400000e+02   2.5466580e+00
   9.7500000e+02   2.5466635e+00
   9.7600000e+02   2.5466711e+00
   9.7700000e+02   2.5466804e+00
   9.7800000e+02   2.5466914e+00
   9.7900000e+02   2.5467037e+00
   9.8000000e+02   2.5467171e+00
   9.8100000e+02   2.5467315e+00
   9.8200000e+02   2.5467467e+00
   9.8300000e+02   2.5467624e+00
   9.8400000e+02   2.5467787e+00
   9.8500000e+02   2.5467951e+00
   9.8600000e+02   2.5468118e+00
   9.8700000e+02   2.5468285e+00
   9.8800000e+02   2.5468450e+00
   9.8900000e+02   2.5468614e+00
   9.9000000e+02   2.5468776e+00
   9.9100000e+02   2.5468933e+00
   9.9200000e+02   2.5469087e+00
   9.9300000e+02   2.5469235e+00
   9.9400000e+02   2.5469378e+00
   9.9500000e+02   2.5469516e+00
   9.9600000e+02   2.5469647e+00
   9.9700000e+02   2.5469772e+00
   9.9800000e+02   2.5469891e+00
   9.9900000e+02   2.5470003e+00
   1.0000000e+03   2.5470108e+00
   1.0010000e+03   2.5470206e+00
   1.0020000e+03   2.5470298e+00
   1.0030000e+03   2.5470383e+00
   1.0040000e+03   2.5470461e+00
   1.0050000e+03   2.5470534e+00
   1.0060000e+03   2.5470600e+00
   1.0070000e+03   2.5470660e+00
   1.0080000e+03   2.5470715e+00
   1.0090000e+03   2.5470764e+00
   1.0100000e+03   2.5470807e+00
   1.0110000e+03   2.5470846e+00
   1.0120000e+03   2.5470880e+00
   1.0130000e+03   2.5470910e+00
   1.0140000e+03   2.5470935e+00
   1.0150000e+03   2.5470957e+00
   1.0160000e+03   2.5470975e+00
   1.0170000e+03   2.5470990e+00
   1.0180000e+03   2.5471001e+00
   1.0190000e+03   2.5471010e+00
   1.0200000e+03   2.5471017e+00
   1.0210000e+03   2.5471020e+00
   1.0220000e+03   2.5471022e+00
   1.0230000e+03   2.5471022e+00
   1.0240000e+03   2.5471020e+00
   1.0250000e+03   2.5471017e+00
   1.0260000e+03   2.5471012e+00
   1.0270000e+03   2.5471007e+00
   1.0280000e+03   2.5471000e+00
   1.0290000e+03   2.5470992e+00
   1.0300000e+03   2.5470984e+00
   1.0310000e+03   2.5470975e+00
   1.0320000e+03   2.5470965e+00
   1.0330000e+03   2.5470955e+00
   1.0340000e+03   2.5470945e+00
   1.0350000e+03   2.5470934e+00
   1.0360000e+03   2.5470923e+00
   1.0370000e+03   2.5470913e+00
   1.0380000e+03   2.5470902e+00
   1.0390000e+03   2.5470891e+00
   1.0400000e+03   2.5470880e+00
   1.0410000e+03   2.5470869e+00
   1.0420000e+03   2.5470858e+00
   1.0430000e+03   2.5470848e+00
   1.0440000e+03   2.5470837e+00
   1.0450000e+03   2.5470827e+00
   1.0460000e+03   2.5470817e+00
   1.0470000e+03   2.5470807e+00
   1.0480000e+03   2.5470797e+00
   1.0490000e+03   2.5470788e+00
   1.0500000e+03   2.5470779e+00
   1.0510000e+03   2.5470770e+00
   1.0520000e+03   2.5470761e+00
   1.0530000e+03   2.5470753e+00
   1.0540000e+03   2.5470744e+00
   1.0550000e+03   2.5470736e+00
   1.0560000e+03   2.5470729e+00
   1.0570000e+03   2.5470721e+00
   1.0580000e+03   2.5470714e+00
   1.0590000e+03   2.5470707e+00
   1.0600000e+03   2.5470701e+00
   1.0610000e+03   2.5470695e+00
   1.0620000e+03   2.5470689e+00
   1.0630000e+03   2.5470684e+00
   1.0640000e+03   2.5470679e+00
   1.0650000e+03   2.5470675e+00
   1.0660000e+03   2.5470670e+00
   1.0670000e+03   2.5470667e+00
   1.0680000e+03   2.5470663e+00
   1.0690000e+03   2.5470661e+00
   1.0700000e+03   2.5470658e+00
   1.0710000e+03   2.5470656e+00
   1.0720000e+03   2.5470654e+00
   1.0730000e+03   2.5470653e+00
   1.0740000e+03   2.5470652e+00
   1.0750000e+03   2.5470652e+00
   1.0760000e+03   2.5470652e+00
   1.0770000e+03   2.5470652e+00
   1.0780000e+03   2.5470653e+00
   1.0790000e+03   2.5470654e+00
   1.0800000e+03   2.5470655e+00
   1.0810000e+03   2.5470656e+00
   1.0820000e+03   2.5470658e+00
   1.0830000e+03   2.5470660e+00
   1.0840000e+03   2.5470662e+00
   1.0850000e+03   2.5470665e+00
   1.0860000e+03   2.5470667e+00
   1.0870000e+03   2.5470670e+00
   1.0880000e+03   2.5470673e+00
   1.0890000e+03   2.5470675e+00
   1.0900000e+03   2.5470678e+00
   1.0910000e+03   2.5470681e+00
   1.0920000e+03   2.5470685e+00
   1.0930000e+03   2.5470688e+00
   1.0940000e+03   2.5470691e+00
   1.0950000e+03   2.5470694e+00
   1.0960000e+03   2.5470697e+00
   1.0970000e+03   2.5470700e+00
   1.0980000e+03   2.5470703e+00
   1.0990000e+03   2.5470705e+00
   1.1000000e+03   2.5470708e+00
   1.1010000e+03   2.5470711e+00
   1.1020000e+03   2.5470713e+00
   1.1030000e+03   2.5470716e+00
   1.1040000e+03   2.5470718e+00
   1.1050000e+03   2.5470720e+00
   1.1060000e+03   2.5470722e+00
   1.1070000e+03   2.5470724e+00
   1.1080000e+03   2.5470726e+00
   1.1090000e+03   2.5470727e+00
   1.1100000e+03   2.5470729e+00
   1.1110000e+03   2.5470730e+00
   1.1120000e+03   2.5470731e+00
   1.1130000e+03   2.5470732e+00
   1.1140000e+03   2.5470733e+00
   1.1150000e+03   2.5470734e+00
   1.1160000e+03   2.5470735e+00
   1.1170000e+03   2.5470735e+00
   1.1180000e+03   2.5470736e+00
   1.1190000e+03   2.5470736e+00
   1.1200000e+03   2.5470737e+00
   1.1210000e+03   2.5470737e+00
   1.1220000e+03   2.5470737e+00
   1.1230000e+03   2.5470737e+00
   1.1240000e+03   2.5470737e+00
   1.1250000e+03   2.5470737e+00
   1.1260000e+03   2.5470737e+00
   1.1270000e+03   2.5470737e+00
   1.1280000e+03   2.5470736e+00
   1.1290000e+03   2.5470736e+00
   1.1300000e+03   2.5470736e+00
   1.1310000e+03   2.5470735e+00
   1.1320000e+03   2.5470735e+00
   1.1330000e+03   2.5470735e+00
   1.1340000e+03   2.5470734e+00
   1.1350000e+03   2.5470734e+00
   1.1360000e+03   2.5470733e+00
   1.1370000e+03   2.5470733e+00
   1.1380000e+03   2.5470732e+00
   1.1390000e+03   2.5470732e+00
   1.1400000e+03   2.5470731e+00
   1.1410000e+03   2.5470731e+00
   1.1420000e+03   2.5470730e+00
   1.1430000e+03   2.5470730e+00
   1.1440000e+03   2.5470730e+00
   1.1450000e+03   2.5470729e+00
   1.1460000e+03   2.5470729e+00
   1.1470000e+03   2.5470728e+00
   1.1480000e+03   2.5470728e+00
   1.1490000e+03   2.5470728e+00
   1.1500000e+03   2.5470727e+00
   1.1510000e+03   2.5470727e+00
   1.1520000e+03   2.5470727e+00
   1.1530000e+03   2.5470726e+00
   1.1540000e+03   2.5470726e+00
   1.1550000e+03   2.5470726e+00
   1.1560000e+03   2.5470726e+00
   1.1570000e+03   2.5470725e+00
   1.1580000e+03   2.5470725e+00
   1.1590000e+03   2.5470725e+00
   1.1600000e+03   2.5470725e+00
   1.1610000e+03   2.5470725e+00
   1.1620000e+03   2.5470725e+00
   1.1630000e+03   2.5470724e+00
   1.1640000e+03   2.5470724e+00
   1.1650000e+03   2.5470724e+00
   1.1660000e+03   2.5470724e+00
   1.1670000e+03   2.5470724e+00
   1.1680000e+03   2.5470724e+00
   1.1690000e+03   2.5470724e+00
   1.1700000e+03   2.5470724e+00
   1.1710000e+03   2.5470724e+00
   1.1720000e+03   2.5470724e+00
   1.1730000e+03   2.5470724e+00
   1.1740000e+03   2.5470724e+00
   1.1750000e+03   2.5470724e+00
   1.1760000e+03   2.5470724e+00
   1.1770000e+03   2.5470724e+00
   1.1780000e+03   2.5470724e+00
   1.1790000e+03   2.5470724e+00
   1.1800000e+03   2.5470724e+00
   1.1810000e+03   2.5470724e+00
   1.1820000e+03   2.5470724e+00
   1.1830000e+03   2.5470724e+00
   1.1840000e+03   2.5470724e+00
   1.1850000e+03   2.5470724e+00
   1.1860000e+03   2.5470724e+00
   1.1870000e+03   2.5470724e+00
   1.1880000e+03   2.5470724e+00
   1.1890000e+03   2.5470724e+00
   1.1900000e+03   2.5470724e+00
   1.1910000e+03   2.5470724e+00
   1.1920000e+03   2.5470724e+00
   1.1930000e+03   2.5470724e+00
   1.1940000e+03   2.5470725e+00
   1.1950000e+03   2.5470725e+00
   1.1960000e+03   2.5470725e+00
   1.1970000e+03   2.5470725e+00
   1.1980000e+03   2.5470725e+00
   1.1990000e+03   2.5470725e+00
   1.2000000e+03   2.4865616e+00
   1.2010000e+03   2.4313934e+00
   1.2020000e+03   2.3813120e+00
   1.2030000e+03   2.3360578e+00
   1.2040000e+03   2.2953686e+00
   1.2050000e+03   2.2589817e+00
   1.2060000e+03   2.2266352e+00
   1.2070000e+03   2.1980696e+00
   1.2080000e+03   2.1730291e+00
   1.2090000e+03   2.1512632e+00
   1.2100000e+03   2.1325278e+00
   1.2110000e+03   2.1165859e+00
   1.2120000e+03   2.1032086e+00
   1.2130000e+03   2.0921758e+00
   1.2140000e+03   2.0832771e+00
   1.2150000e+03   2.0763117e+00
   1.2160000e+03   2.0710889e+00
   1.2170000e+03   2.0674285e+00
   1.2180000e+03   2.0651608e+00
   1.2190000e+03   2.0641264e+00
   1.2200000e+03   2.0641765e+00
   1.2210000e+03   2.0651724e+00
   1.2220000e+03   2.0669855e+00
   1.2230000e+03   2.0694973e+00
   1.2240000e+03   2.0725983e+00
   1.2250000e+03   2.0761886e+00
   1.2260000e+03   2.0801769e+00
   1.2270000e+03   2.0844804e+00
   1.2280000e+03   2.0890243e+00
   1.2290000e+03   2.0937413e+00
   1.2300000e+03   2.0985716e+00
   1.2310000e+03   2.1034616e+00
   1.2320000e+03   2.1083645e+00
   1.2330000e+03   2.1132392e+00
   1.2340000e+03   2.1180498e+00
   1.2350000e+03   2.1227660e+00
   1.2360000e+03   2.1273617e+00
   1.2370000e+03   2.1318152e+00
   1.2380000e+03   2.1361089e+00
   1.2390000e+03   2.1402284e+00
   1.2400000e+03   2.1441628e+00
   1.2410000e+03   2.1479041e+00
   1.2420000e+03   2.1514466e+00
   1.2430000e+03   2.1547871e+00
   1.2440000e+03   2.1579245e+00
   1.2450000e+03   2.1608594e+00
   1.2460000e+03   2.1635939e+00
   1.2470000e+03   2.1661316e+00
   1.2480000e+03   2.1684770e+00
   1.2490000e+03   2.1706359e+00
   1.2500000e+03   2.1726145e+00
   1.2510000e+03   2.1744199e+00
   1.2520000e+03   2.1760596e+00
   1.2530000e+03   2.1775416e+00
   1.2540000e+03   2.1788740e+00
   1.2550000e+03   2.1800650e+00
   1.2560000e+03   2.1811233e+00
   1.2570000e+03   2.1820571e+00
   1.2580000e+03   2.1828747e+00
   1.2590000e+03   2.1835845e+00
   1.2600000e+03   2.1841944e+00
   1.2610000e+03   2.1847122e+00
   1.2620000e+03   2.1851456e+00
   1.2630000e+03   2.1855017e+00
   1.2640000e+03   2.1857876e+00
   1.2650000e+03   2.1860098e+00
   1.2660000e+03   2.1861748e+00
   1.2670000e+03   2.1862884e+00
   1.2680000e+03   2.1863563e+00
   1.2690000e+03   2.1863837e+00
   1.2700000e+03   2.1863755e+00
   1.2710000e+03   2.1863364e+00
   1.2720000e+03   2.1862705e+00
   1.2730000e+03   2.1861817e+00
   1.2740000e+03   2.1860736e+00
   1.2750000e+03   2.1859495e+00
   1.2760000e+03   2.1858123e+00
   1.2770000e+03   2.1856648e+00
   1.2780000e+03   2.1855093e+00
   1.2790000e+03   2.1853480e+00
   1.2800000e+03   2.1851829e+00
   1.2810000e+03   2.1850156e+00
   1.2820000e+03   2.1848476e+00
   1.2830000e+03   2.1846801e+00
   1.2840000e+03   2.1845144e+00
   1.2850000e+03   2.1843512e+00
   1.2860000e+03   2.1841914e+00
   1.2870000e+03   2.1840357e+00
   1.2880000e+03   2.1838844e+00
   1.2890000e+03   2.1837380e+00
   1.2900000e+03   2.1835967e+00
   1.2910000e+03   2.1834607e+00
   1.2920000e+03   2.1833302e+00
   1.2930000e+03   2.1832050e+00
   1.2940000e+03   2.1830852e+00
   1.2950000e+03   2.1829707e+00
   1.2960000e+03   2.1828612e+00
   1.2970000e+03   2.1827567e+00
   1.2980000e+03   2.1826568e+00
   1.2990000e+03   2.1825613e+00
   1.3000000e+03   2.1824700e+00
   1.3010000e+03   2.1823825e+00
   1.3020000e+03   2.1822986e+00
   1.3030000e+03   2.1822180e+00
   1.3040000e+03   2.1821404e+00
   1.3050000e+03   2.1820656e+00
   1.3060000e+03   2.1819933e+00
   1.3070000e+03   2.1819233e+00
   1.3080000e+03   2.1818553e+00
   1.3090000e+03   2.1817893e+00
   1.3100000e+03   2.1817250e+00
   1.3110000e+03   2.1816624e+00
   1.3120000e+03   2.1816013e+00
   1.3130000e+03   2.1815418e+00
   1.3140000e+03   2.1814839e+00
   1.3150000e+03   2.1814275e+00
   1.3160000e+03   2.1813727e+00
   1.3170000e+03   2.1813196e+00
   1.3180000e+03   2.1812684e+00
   1.3190000e+03   2.1812190e+00
   1.3200000e+03   2.1811717e+00
   1.3210000e+03   2.1811265e+00
   1.3220000e+03   2.1810834e+00
   1.3230000e+03   2.1810427e+00
   1.3240000e+03   2.1810044e+00
   1.3250000e+03   2.1809685e+00
   1.3260000e+03   2.1809368e+00
   1.3270000e+03   2.1809110e+00
   1.3280000e+03   2.1808919e+00
   1.3290000e+03   2.1808804e+00
   1.3300000e+03   2.1808769e+00
   1.3310000e+03   2.1808815e+00
   1.3320000e+03   2.1808944e+00
   1.3330000e+03   2.1809152e+00
   1.3340000e+03   2.1809438e+00
   1.3350000e+03   2.1809795e+00
   1.3360000e+03   2.1810219e+00
   1.3370000e+03   2.1810703e+00
   1.3380000e+03   2.1811241e+00
   1.3390000e+03   2.1811827e+00
   1.3400000e+03   2.1812452e+00
   1.3410000e+03   2.1813109e+00
   1.3420000e+03   2.1813793e+00
   1.3430000e+03   2.1814495e+00
   1.3440000e+03   2.1815209e+00
   1.3450000e+03   2.1815929e+00
   1.3460000e+03   2.1816649e+00
   1.3470000e+03   2.1817363e+00
   1.3480000e+03   2.1818067e+00
   1.3490000e+03   2.1818756e+00
   1.3500000e+03   2.1819426e+00
   1.3510000e+03   2.1820073e+00
   1.3520000e+03   2.1820694e+00
   1.3530000e+03   2.1821287e+00
   1.3540000e+03   2.1821849e+00
   1.3550000e+03   2.1822379e+00
   1.3560000e+03   2.1822875e+00
   1.3570000e+03   2.1823337e+00
   1.3580000e+03   2.1823764e+00
   1.3590000e+03   2.1824155e+00
   1.3600000e+03   2.1824511e+00
   1.3610000e+03   2.1824833e+00
   1.3620000e+03   2.1825120e+00
   1.3630000e+03   2.1825373e+00
   1.3640000e+03   2.1825595e+00
   1.3650000e+03   2.1825785e+00
   1.3660000e+03   2.1825945e+00
   1.3670000e+03   2.1826077e+00
   1.3680000e+03   2.1826181e+00
   1.3690000e+03   2.1826261e+00
   1.3700000e+03   2.1826317e+00
   1.3710000e+03   2.1826351e+00
   1.3720000e+03   2.1826365e+00
   1.3730000e+03   2.1826360e+00
   1.3740000e+03   2.1826338e+00
   1.3750000e+03   2.1826302e+00
   1.3760000e+03   2.1826251e+00
   1.3770000e+03   2.1826189e+00
   1.3780000e+03   2.1826116e+00
   1.3790000e+03   2.1826034e+00
   1.3800000e+03   2.1825944e+00
   1.3810000e+03   2.1825848e+00
   1.3820000e+03   2.1825747e+00
   1.3830000e+03   2.1825642e+00
   1.3840000e+03   2.1825534e+00
   1.3850000e+03   2.1825424e+00
   1.3860000e+03   2.1825313e+00
   1.3870000e+03   2.1825202e+00
   1.3880000e+03   2.1825091e+00
   1.3890000e+03   2.1824982e+00
   1.3900000e+03   2.1824875e+00
   1.3910000e+03   2.1824770e+00
   1.3920000e+03   2.1824667e+00
   1.3930000e+03   2.1824568e+00
   1.3940000e+03   2.1824473e+00
   1.3950000e+03   2.1824381e+00
   1.3960000e+03   2.1824294e+00
   1.3970000e+03   2.1824210e+00
   1.3980000e+03   2.1824131e+00
   1.3990000e+03   2.1824057e+00
   1.4000000e+03   2.1823987e+00
   1.4010000e+03   2.1823921e+00
   1.4020000e+03   2.1823860e+00
   1.4030000e+03   2.1823803e+00
   1.4040000e+03   2.1823751e+00
   1.4050000e+03   2.1823703e+00
   1.4060000e+03   2.1823658e+00
   1.4070000e+03   2.1823618e+00
   1.4080000e+03   2.1823582e+00
   1.4090000e+03   2.1823549e+00
   1.4100000e+03   2.1823520e+00
   1.4110000e+03   2.1823494e+00
   1.4120000e+03   2.1823472e+00
   1.4130000e+03   2.1823452e+00
   1.4140000e+03   2.1823435e+00
   1.4150000e+03   2.1823420e+00
   1.4160000e+03   2.1823408e+00
   1.4170000e+03   2.1823399e+00
   1.4180000e+03   2.1823391e+00
   1.4190000e+03   2.1823385e+00
   1.4200000e+03   2.1823381e+00
   1.4210000e+03   2.1823378e+00
   1.4220000e+03   2.1823377e+00
   1.4230000e+03   2.1823377e+00
   1.4240000e+03   2.1823378e+00
   1.4250000e+03   2.1823380e+00
   1.4260000e+03   2.1823383e+00
   1.4270000e+03   2.1823387e+00
   1.4280000e+03   2.1823392e+00
   1.4290000e+03   2.1823397e+00
   1.4300000e+03   2.1823403e+00
   1.4310000e+03   2.1823409e+00
   1.4320000e+03   2.1823415e+00
   1.4330000e+03   2.1823422e+00
   1.4340000e+03   2.1823429e+00
   1.4350000e+03   2.1823436e+00
   1.4360000e+03   2.1823443e+00
   1.4370000e+03   2.1823450e+00
   1.4380000e+03   2.1823457e+00
   1.4390000e+03   2.1823465e+00
   1.4400000e+03   2.1823472e+00
   1.4410000e+03   2.1823479e+00
   1.4420000e+03   2.1823486e+00
   1.4430000e+03   2.1823493e+00
   1.4440000e+03   2.1823500e+00
   1.4450000e+03   2.1823507e+00
   1.4460000e+03   2.1823514e+00
   1.4470000e+03   2.1823520e+00
   1.4480000e+03   2.1823527e+00
   1.4490000e+03   2.1823533e+00
   1.4500000e+03   2.1823539e+00
   1.4510000e+03   2.1823545e+00
   1.4520000e+03   2.1823551e+00
   1.4530000e+03   2.1823557e+00
   1.4540000e+03   2.1823562e+00
   1.4550000e+03   2.1823567e+00
   1.4560000e+03   2.1823573e+00
   1.4570000e+03   2.1823578e+00
   1.4580000e+03   2.1823582e+00
   1.4590000e+03   2.1823587e+00
   1.4600000e+03   2.1823591e+00
   1.4610000e+03   2.1823595e+00
   1.4620000e+03   2.1823599e+00
   1.4630000e+03   2.1823602e+00
   1.4640000e+03   2.1823606e+00
   1.4650000e+03   2.1823609e+00
   1.4660000e+03   2.1823611e+00
   1.4670000e+03   2.1823614e+00
   1.4680000e+03   2.1823616e+00
   1.4690000e+03   2.1823618e+00
   1.4700000e+03   2.1823620e+00
   1.4710000e+03   2.1823621e+00
   1.4720000e+03   2.1823622e+00
   1.4730000e+03   2.1823623e+00
   1.4740000e+03   2.1823624e+00
   1.4750000e+03   2.1823624e+00
   1.4760000e+03   2.1823624e+00
   1.4770000e+03   2.1823624e+00
   1.4780000e+03   2.1823623e+00
   1.4790000e+03   2.1823623e+00
   1.4800000e+03   2.1823622e+00
   1.4810000e+03   2.1823621e+00
   1.4820000e+03   2.1823620e+00
   1.4830000e+03   2.1823618e+00
   1.4840000e+03   2.1823617e+00
   1.4850000e+03   2.1823615e+00
   1.4860000e+03   2.1823614e+00
   1.4870000e+03   2.1823612e+00
   1.4880000e+03   2.1823610e+00
   1.4890000e+03   2.1823608e+00
   1.4900000e+03   2.1823606e+00
   1.4910000e+03   2.1823604e+00
   1.4920000e+03   2.1823602e+00
   1.4930000e+03   2.1823600e+00
   1.4940000e+03   2.1823598e+00
   1.4950000e+03   2.1823596e+00
   1.4960000e+03   2.1823594e+00
   1.4970000e+03   2.1823592e+00
   1.4980000e+03   2.1823590e+00
   1.4990000e+03   2.1823588e+00
   1.5000000e+03   2.1823586e+00
   1.5010000e+03   2.1823585e+00
   1.5020000e+03   2.1823583e+00
   1.5030000e+03   2.1823581e+00
   1.5040000e+03   2.1823580e+00
   1.5050000e+03   2.1823578e+00
   1.5060000e+03   2.1823577e+00
   1.5070000e+03   2.1823576e+00
   1.5080000e+03   2.1823575e+00
   1.5090000e+03   2.1823574e+00
   1.5100000e+03   2.1823573e+00
   1.5110000e+03   2.1823572e+00
   1.5120000e+03   2.1823571e+00
   1.5130000e+03   2.1823570e+00
   1.5140000e+03   2.1823570e+00
   1.5150000e+03   2.1823569e+00
   1.5160000e+03   2.1823569e+00
   1.5170000e+03   2.1823568e+00
   1.5180000e+03   2.1823568e+00
   1.5190000e+03   2.1823567e+00
   1.5200000e+03   2.1823567e+00
   1.5210000e+03   2.1823567e+00
   1.5220000e+03   2.1823567e+00
   1.5230000e+03   2.1823567e+00
   1.5240000e+03   2.1823567e+00
   1.5250000e+03   2.1823567e+00
   1.5260000e+03   2.1823567e+00
   1.5270000e+03   2.1823567e+00
   1.5280000e+03   2.1823567e+00
   1.5290000e+03   2.1823568e+00
   1.5300000e+03   2.1823568e+00
   1.5310000e+03   2.1823568e+00
   1.5320000e+03   2.1823568e+00
   1.5330000e+03   2.1823569e+00
   1.5340000e+03   2.1823569e+00
   1.5350000e+03   2.1823569e+00
   1.5360000e+03   2.1823570e+00
   1.5370000e+03   2.1823570e+00
   1.5380000e+03   2.1823570e+00
   1.5390000e+03   2.1823570e+00
   1.5400000e+03   2.1823571e+00
   1.5410000e+03   2.1823571e+00
   1.5420000e+03   2.1823571e+00
   1.5430000e+03   2.1823572e+00
   1.5440000e+03   2.1823572e+00
   1.5450000e+03   2.1823572e+00
   1.5460000e+03   2.1823573e+00
   1.5470000e+03   2.1823573e+00
   1.5480000e+03   2.1823573e+00
   1.5490000e+03   2.1823573e+00
   1.5500000e+03   2.1823574e+00
   1.5510000e+03   2.1823574e+00
   1.5520000e+03   2.1823574e+00
   1.5530000e+03   2.1823574e+00
   1.5540000e+03   2.1823574e+00
   1.5550000e+03   2.1823574e+00
   1.5560000e+03   2.1823575e+00
   1.5570000e+03   2.1823575e+00
   1.5580000e+03   2.1823575e+00
   1.5590000e+03   2.1823575e+00
   1.5600000e+03   2.1823575e+00
   1.5610000e+03   2.1823575e+00
   1.5620000e+03   2.1823575e+00
   1.5630000e+03   2.1823575e+00
   1.5640000e+03   2.1823575e+00
   1.5650000e+03   2.1823576e+00
   1.5660000e+03   2.1823576e+00
   1.5670000e+03   2.1823576e+00
   1.5680000e+03   2.1823576e+00
   1.5690000e+03   2.1823576e+00
   1.5700000e+03   2.1823576e+00
   1.5710000e+03   2.1823576e+00
   1.5720000e+03   2.1823576e+00
   1.5730000e+03   2.1823576e+00
   1.5740000e+03   2.1823576e+00
   1.5750000e+03   2.1823576e+00
   1.5760000e+03   2.1823576e+00
   1.5770000e+03   2.1823576e+00
   1.5780000e+03   2.1823576e+00
   1.5790000e+03   2.1823576e+00
   1.5800000e+03   2.1823576e+00
   1.5810000e+03   2.1823576e+00
   1.5820000e+03   2.1823576e+00
   1.5830000e+03   2.1823576e+00
   1.5840000e+03   2.1823576e+00
   1.5850000e+03   2.1823576e+00
   1.5860000e+03   2.1823576e+00
   1.5870000e+03   2.1823576e+00
   1.5880000e+03   2.1823576e+00
   1.5890000e+03   2.1823576e+00
   1.5900000e+03   2.1823575e+00
   1.5910000e+03   2.1823575e+00
   1.5920000e+03   2.1823575e+00
   1.5930000e+03   2.1823575e+00
   1.5940000e+03   2.1823575e+00
   1.5950000e+03   2.1823575e+00
   1.5960000e+03   2.1823575e+00
   1.5970000e+03   2.1823575e+00
   1.5980000e+03   2.1823575e+00
   1.5990000e+03   2.1823575e+00
   1.6000000e+03   2.1823575e+00
