   1.0000000e+00   8.0000000e-01
   2.0000000e+00   8.0000000e-01
   3.0000000e+00   8.0000000e-01
   4.0000000e+00   8.0000000e-01
   5.0000000e+00   8.0000000e-01
   6.0000000e+00   8.0000000e-01
   7.0000000e+00   8.0000000e-01
   8.0000000e+00   8.0000000e-01
   9.0000000e+00   8.0000000e-01
   1.0000000e+01   8.0000000e-01
   1.1000000e+01   8.0000000e-01
   1.2000000e+01   8.0000000e-01
   1.3000000e+01   8.0000000e-01
   1.4000000e+01   8.0000000e-01
   1.5000000e+01   8.0000000e-01
   1.6000000e+01   8.0000000e-01
   1.7000000e+01   8.0000000e-01
   1.8000000e+01   8.0000000e-01
   1.9000000e+01   8.0000000e-01
   2.0000000e+01   8.0000000e-01
   2.1000000e+01   8.0000000e-01
   2.2000000e+01   8.0249192e-01
   2.3000000e+01   8.0905774e-01
   2.4000000e+01   8.1857055e-01
   2.5000000e+01   8.3016361e-01
   2.6000000e+01   8.4317234e-01
   2.7000000e+01   8.5708906e-01
   2.8000000e+01   8.7152785e-01
   2.9000000e+01   8.8619719e-01
   3.0000000e+01   9.0087860e-01
   3.1000000e+01   9.1541009e-01
   3.2000000e+01   9.2967330e-01
   3.3000000e+01   9.4358342e-01
   3.4000000e+01   9.5708146e-01
   3.5000000e+01   9.7012818e-01
   3.6000000e+01   9.8269939e-01
   3.7000000e+01   9.9478230e-01
   3.8000000e+01   1.0063727e+00
   3.9000000e+01   1.0174659e+00
   4.0000000e+01   1.0280495e+00
   4.1000000e+01   1.0381063e+00
   4.2000000e+01   1.0476175e+00
   4.3000000e+01   1.0565656e+00
   4.4000000e+01   1.0649363e+00
   4.5000000e+01   1.0727190e+00
   4.6000000e+01   1.0799082e+00
   4.7000000e+01   1.0865029e+00
   4.8000000e+01   1.0925072e+00
   4.9000000e+01   1.0979295e+00
   5.0000000e+01   1.1027821e+00
   5.1000000e+01   1.1070808e+00
   5.2000000e+01   1.1108446e+00
   5.3000000e+01   1.1140945e+00
   5.4000000e+01   1.1168537e+00
   5.5000000e+01   1.1191467e+00
   5.6000000e+01   1.1209993e+00
   5.7000000e+01   1.1224377e+00
   5.8000000e+01   1.1234885e+00
   5.9000000e+01   1.1241784e+00
   6.0000000e+01   1.1245341e+00
   6.1000000e+01   1.1245817e+00
   6.2000000e+01   1.1243467e+00
   6.3000000e+01   1.1238543e+00
   6.4000000e+01   1.1231283e+00
   6.5000000e+01   1.1221922e+00
   6.6000000e+01   1.1210682e+00
   6.7000000e+01   1.1197774e+00
   6.8000000e+01   1.1183402e+00
   6.9000000e+01   1.1167755e+00
   7.0000000e+01   1.1151013e+00
   7.1000000e+01   1.1133347e+00
   7.2000000e+01   1.1114913e+00
   7.3000000e+01   1.1095860e+00
   7.4000000e+01   1.1076323e+00
   7.5000000e+01   1.1056429e+00
   7.6000000e+01   1.1036294e+00
   7.7000000e+01   1.1016025e+00
   7.8000000e+01   1.0995720e+00
   7.9000000e+01   1.0975466e+00
   8.0000000e+01   1.0955344e+00
   8.1000000e+01   1.0935424e+00
   8.2000000e+01   1.0915772e+00
   8.3000000e+01   1.0896443e+00
   8.4000000e+01   1.0877488e+00
   8.5000000e+01   1.0858949e+00
   8.6000000e+01   1.0840864e+00
   8.7000000e+01   1.0823264e+00
   8.8000000e+01   1.0806177e+00
   8.9000000e+01   1.0789622e+00
   9.0000000e+01   1.0773617e+00
   9.1000000e+01   1.0758176e+00
   9.2000000e+01   1.0743306e+00
   9.3000000e+01   1.0729013e+00
   9.4000000e+01   1.0715301e+00
   9.5000000e+01   1.0702168e+00
   9.6000000e+01   1.0689611e+00
   9.7000000e+01   1.0677625e+00
   9.8000000e+01   1.0666203e+00
   9.9000000e+01   1.0655335e+00
   1.0000000e+02   1.0645011e+00
   1.0100000e+02   1.0635219e+00
   1.0200000e+02   1.0625946e+00
   1.0300000e+02   1.0617176e+00
   1.0400000e+02   1.0608896e+00
   1.0500000e+02   1.0601089e+00
   1.0600000e+02   1.0593740e+00
   1.0700000e+02   1.0586831e+00
   1.0800000e+02   1.0580346e+00
   1.0900000e+02   1.0574268e+00
   1.1000000e+02   1.0568579e+00
   1.1100000e+02   1.0563263e+00
   1.1200000e+02   1.0558303e+00
   1.1300000e+02   1.0553682e+00
   1.1400000e+02   1.0549383e+00
   1.1500000e+02   1.0545390e+00
   1.1600000e+02   1.0541687e+00
   1.1700000e+02   1.0538260e+00
   1.1800000e+02   1.0535092e+00
   1.1900000e+02   1.0532169e+00
   1.2000000e+02   1.0529477e+00
   1.2100000e+02   1.0527003e+00
   1.2200000e+02   1.0524732e+00
   1.2300000e+02   1.0522653e+00
   1.2400000e+02   1.0520754e+00
   1.2500000e+02   1.0519022e+00
   1.2600000e+02   1.0517447e+00
   1.2700000e+02   1.0516018e+00
   1.2800000e+02   1.0514725e+00
   1.2900000e+02   1.0513559e+00
   1.3000000e+02   1.0512510e+00
   1.3100000e+02   1.0511569e+00
   1.3200000e+02   1.0510730e+00
   1.3300000e+02   1.0509983e+00
   1.3400000e+02   1.0509322e+00
   1.3500000e+02   1.0508740e+00
   1.3600000e+02   1.0508230e+00
   1.3700000e+02   1.0507787e+00
   1.3800000e+02   1.0507405e+00
   1.3900000e+02   1.0507077e+00
   1.4000000e+02   1.0506800e+00
   1.4100000e+02   1.0506569e+00
   1.4200000e+02   1.0506379e+00
   1.4300000e+02   1.0506226e+00
   1.4400000e+02   1.0506106e+00
   1.4500000e+02   1.0506015e+00
   1.4600000e+02   1.0505951e+00
   1.4700000e+02   1.0505909e+00
   1.4800000e+02   1.0505888e+00
   1.4900000e+02   1.0505884e+00
   1.5000000e+02   1.0505894e+00
   1.5100000e+02   1.0505916e+00
   1.5200000e+02   1.0505946e+00
   1.5300000e+02   1.0505983e+00
   1.5400000e+02   1.0506025e+00
   1.5500000e+02   1.0506067e+00
   1.5600000e+02   1.0506109e+00
   1.5700000e+02   1.0506148e+00
   1.5800000e+02   1.0506182e+00
   1.5900000e+02   1.0506209e+00
   1.6000000e+02   1.0506228e+00
   1.6100000e+02   1.0506237e+00
   1.6200000e+02   1.0506234e+00
   1.6300000e+02   1.0506219e+00
   1.6400000e+02   1.0506191e+00
   1.6500000e+02   1.0506149e+00
   1.6600000e+02   1.0506092e+00
   1.6700000e+02   1.0506020e+00
   1.6800000e+02   1.0505933e+00
   1.6900000e+02   1.0505831e+00
   1.7000000e+02   1.0505714e+00
   1.7100000e+02   1.0505583e+00
   1.7200000e+02   1.0505438e+00
   1.7300000e+02   1.0505279e+00
   1.7400000e+02   1.0505109e+00
   1.7500000e+02   1.0504927e+00
   1.7600000e+02   1.0504734e+00
   1.7700000e+02   1.0504532e+00
   1.7800000e+02   1.0504322e+00
   1.7900000e+02   1.0504104e+00
   1.8000000e+02   1.0503880e+00
   1.8100000e+02   1.0503652e+00
   1.8200000e+02   1.0503419e+00
   1.8300000e+02   1.0503184e+00
   1.8400000e+02   1.0502947e+00
   1.8500000e+02   1.0502710e+00
   1.8600000e+02   1.0502474e+00
   1.8700000e+02   1.0502239e+00
   1.8800000e+02   1.0502006e+00
   1.8900000e+02   1.0501777e+00
   1.9000000e+02   1.0501553e+00
   1.9100000e+02   1.0501333e+00
   1.9200000e+02   1.0501119e+00
   1.9300000e+02   1.0500912e+00
   1.9400000e+02   1.0500711e+00
   1.9500000e+02   1.0500518e+00
   1.9600000e+02   1.0500333e+00
   1.9700000e+02   1.0500156e+00
   1.9800000e+02   1.0499987e+00
   1.9900000e+02   1.0499828e+00
   2.0000000e+02   1.0499677e+00
   2.0100000e+02   1.0499535e+00
   2.0200000e+02   1.0499403e+00
   2.0300000e+02   1.0499280e+00
   2.0400000e+02   1.0499166e+00
   2.0500000e+02   1.0499061e+00
   2.0600000e+02   1.0498965e+00
   2.0700000e+02   1.0498878e+00
   2.0800000e+02   1.0498800e+00
   2.0900000e+02   1.0498730e+00
   2.1000000e+02   1.0498669e+00
   2.1100000e+02   1.0498615e+00
   2.1200000e+02   1.0498569e+00
   2.1300000e+02   1.0498531e+00
   2.1400000e+02   1.0498499e+00
   2.1500000e+02   1.0498475e+00
   2.1600000e+02   1.0498457e+00
   2.1700000e+02   1.0498445e+00
   2.1800000e+02   1.0498439e+00
   2.1900000e+02   1.0498438e+00
   2.2000000e+02   1.0498442e+00
   2.2100000e+02   1.0498451e+00
   2.2200000e+02   1.0498464e+00
   2.2300000e+02   1.0498481e+00
   2.2400000e+02   1.0498502e+00
   2.2500000e+02   1.0498526e+00
   2.2600000e+02   1.0498554e+00
   2.2700000e+02   1.0498584e+00
   2.2800000e+02   1.0498616e+00
   2.2900000e+02   1.0498650e+00
   2.3000000e+02   1.0498687e+00
   2.3100000e+02   1.0498725e+00
   2.3200000e+02   1.0498764e+00
   2.3300000e+02   1.0498804e+00
   2.3400000e+02   1.0498846e+00
   2.3500000e+02   1.0498887e+00
   2.3600000e+02   1.0498930e+00
   2.3700000e+02   1.0498972e+00
   2.3800000e+02   1.0499015e+00
   2.3900000e+02   1.0499057e+00
   2.4000000e+02   1.0499100e+00
   2.4100000e+02   1.0499142e+00
   2.4200000e+02   1.0499183e+00
   2.4300000e+02   1.0499224e+00
   2.4400000e+02   1.0499264e+00
   2.4500000e+02   1.0499304e+00
   2.4600000e+02   1.0499342e+00
   2.4700000e+02   1.0499380e+00
   2.4800000e+02   1.0499416e+00
   2.4900000e+02   1.0499451e+00
   2.5000000e+02   1.0499486e+00
   2.5100000e+02   1.0499519e+00
   2.5200000e+02   1.0499551e+00
   2.5300000e+02   1.0499581e+00
   2.5400000e+02   1.0499611e+00
   2.5500000e+02   1.0499639e+00
   2.5600000e+02   1.0499666e+00
   2.5700000e+02   1.0499692e+00
   2.5800000e+02   1.0499717e+00
   2.5900000e+02   1.0499740e+00
   2.6000000e+02   1.0499762e+00
   2.6100000e+02   1.0499783e+00
   2.6200000e+02   1.0499803e+00
   2.6300000e+02   1.0499822e+00
   2.6400000e+02   1.0499839e+00
   2.6500000e+02   1.0499856e+00
   2.6600000e+02   1.0499871e+00
   2.6700000e+02   1.0499885e+00
   2.6800000e+02   1.0499899e+00
   2.6900000e+02   1.0499911e+00
   2.7000000e+02   1.0499923e+00
   2.7100000e+02   1.0499933e+00
   2.7200000e+02   1.0499943e+00
   2.7300000e+02   1.0499952e+00
   2.7400000e+02   1.0499960e+00
   2.7500000e+02   1.0499968e+00
   2.7600000e+02   1.0499974e+00
   2.7700000e+02   1.0499980e+00
   2.7800000e+02   1.0499986e+00
   2.7900000e+02   1.0499991e+00
   2.8000000e+02   1.0499995e+00
   2.8100000e+02   1.0499999e+00
   2.8200000e+02   1.0500002e+00
   2.8300000e+02   1.0500004e+00
   2.8400000e+02   1.0500007e+00
   2.8500000e+02   1.0500009e+00
   2.8600000e+02   1.0500010e+00
   2.8700000e+02   1.0500012e+00
   2.8800000e+02   1.0500012e+00
   2.8900000e+02   1.0500013e+00
   2.9000000e+02   1.0500013e+00
   2.9100000e+02   1.0500013e+00
   2.9200000e+02   1.0500013e+00
   2.9300000e+02   1.0500013e+00
   2.9400000e+02   1.0500013e+00
   2.9500000e+02   1.0500012e+00
   2.9600000e+02   1.0500011e+00
   2.9700000e+02   1.0500010e+00
   2.9800000e+02   1.0500009e+00
   2.9900000e+02   1.0500008e+00
   3.0000000e+02   1.0500007e+00
   3.0100000e+02   1.0500006e+00
   3.0200000e+02   1.0500005e+00
   3.0300000e+02   1.0500004e+00
   3.0400000e+02   1.0500003e+00
   3.0500000e+02   1.0500002e+00
   3.0600000e+02   1.0500000e+00
   3.0700000e+02   1.0499999e+00
   3.0800000e+02   1.0499998e+00
   3.0900000e+02   1.0499997e+00
   3.1000000e+02   1.0499996e+00
   3.1100000e+02   1.0499995e+00
   3.1200000e+02   1.0499994e+00
   3.1300000e+02   1.0499994e+00
   3.1400000e+02   1.0499993e+00
   3.1500000e+02   1.0499992e+00
   3.1600000e+02   1.0499991e+00
   3.1700000e+02   1.0499991e+00
   3.1800000e+02   1.0499990e+00
   3.1900000e+02   1.0499990e+00
   3.2000000e+02   1.0499989e+00
   3.2100000e+02   1.0499989e+00
   3.2200000e+02   1.0499989e+00
   3.2300000e+02   1.0499989e+00
   3.2400000e+02   1.0499989e+00
   3.2500000e+02   1.0499988e+00
   3.2600000e+02   1.0499988e+00
   3.2700000e+02   1.0499989e+00
   3.2800000e+02   1.0499989e+00
   3.2900000e+02   1.0499989e+00
   3.3000000e+02   1.0499989e+00
   3.3100000e+02   1.0499989e+00
   3.3200000e+02   1.0499989e+00
   3.3300000e+02   1.0499990e+00
   3.3400000e+02   1.0499990e+00
   3.3500000e+02   1.0499990e+00
   3.3600000e+02   1.0499991e+00
   3.3700000e+02   1.0499991e+00
   3.3800000e+02   1.0499992e+00
   3.3900000e+02   1.0499992e+00
   3.4000000e+02   1.0499993e+00
   3.4100000e+02   1.0499993e+00
   3.4200000e+02   1.0499994e+00
   3.4300000e+02   1.0499994e+00
   3.4400000e+02   1.0499994e+00
   3.4500000e+02   1.0499995e+00
   3.4600000e+02   1.0499995e+00
   3.4700000e+02   1.0499996e+00
   3.4800000e+02   1.0499996e+00
   3.4900000e+02   1.0499997e+00
   3.5000000e+02   1.0499997e+00
   3.5100000e+02   1.0499998e+00
   3.5200000e+02   1.0499998e+00
   3.5300000e+02   1.0499999e+00
   3.5400000e+02   1.0499999e+00
   3.5500000e+02   1.0499999e+00
   3.5600000e+02   1.0500000e+00
   3.5700000e+02   1.0500000e+00
   3.5800000e+02   1.0500000e+00
   3.5900000e+02   1.0500001e+00
   3.6000000e+02   1.0500001e+00
   3.6100000e+02   1.0500001e+00
   3.6200000e+02   1.0500002e+00
   3.6300000e+02   1.0500002e+00
   3.6400000e+02   1.0500002e+00
   3.6500000e+02   1.0500002e+00
   3.6600000e+02   1.0500002e+00
   3.6700000e+02   1.0500003e+00
   3.6800000e+02   1.0500003e+00
   3.6900000e+02   1.0500003e+00
   3.7000000e+02   1.0500003e+00
   3.7100000e+02   1.0500003e+00
   3.7200000e+02   1.0500003e+00
   3.7300000e+02   1.0500003e+00
   3.7400000e+02   1.0500003e+00
   3.7500000e+02   1.0500003e+00
   3.7600000e+02   1.0500003e+00
   3.7700000e+02   1.0500003e+00
   3.7800000e+02   1.0500003e+00
   3.7900000e+02   1.0500003e+00
   3.8000000e+02   1.0500003e+00
   3.8100000e+02   1.0500003e+00
   3.8200000e+02   1.0500003e+00
   3.8300000e+02   1.0500003e+00
   3.8400000e+02   1.0500003e+00
   3.8500000e+02   1.0500003e+00
   3.8600000e+02   1.0500003e+00
   3.8700000e+02   1.0500003e+00
   3.8800000e+02   1.0500003e+00
   3.8900000e+02   1.0500003e+00
   3.9000000e+02   1.0500003e+00
   3.9100000e+02   1.0500003e+00
   3.9200000e+02   1.0500003e+00
   3.9300000e+02   1.0500002e+00
   3.9400000e+02   1.0500002e+00
   3.9500000e+02   1.0500002e+00
   3.9600000e+02   1.0500002e+00
   3.9700000e+02   1.0500002e+00
   3.9800000e+02   1.0500002e+00
   3.9900000e+02   1.0500002e+00
   4.0000000e+02   1.0500002e+00
   4.0100000e+02   1.0500002e+00
   4.0200000e+02   1.0500002e+00
   4.0300000e+02   1.0500002e+00
   4.0400000e+02   1.0500001e+00
   4.0500000e+02   1.0500001e+00
   4.0600000e+02   1.0500001e+00
   4.0700000e+02   1.0500001e+00
   4.0800000e+02   1.0500001e+00
   4.0900000e+02   1.0500001e+00
   4.1000000e+02   1.0498320e+00
   4.1100000e+02   1.0492325e+00
   4.1200000e+02   1.0480336e+00
   4.1300000e+02   1.0461379e+00
   4.1400000e+02   1.0435013e+00
   4.1500000e+02   1.0401186e+00
   4.1600000e+02   1.0360122e+00
   4.1700000e+02   1.0312242e+00
   4.1800000e+02   1.0258099e+00
   4.1900000e+02   1.0198328e+00
   4.2000000e+02   1.0133609e+00
   4.2100000e+02   1.0064641e+00
   4.2200000e+02   9.9921201e-01
   4.2300000e+02   9.9167232e-01
   4.2400000e+02   9.8391000e-01
   4.2500000e+02   9.7598638e-01
   4.2600000e+02   9.6795873e-01
   4.2700000e+02   9.5987993e-01
   4.2800000e+02   9.5179838e-01
   4.2900000e+02   9.4375793e-01
   4.3000000e+02   9.3579798e-01
   4.3100000e+02   9.2795355e-01
   4.3200000e+02   9.2025552e-01
   4.3300000e+02   9.1273076e-01
   4.3400000e+02   9.0540237e-01
   4.3500000e+02   8.9828994e-01
   4.3600000e+02   8.9140978e-01
   4.3700000e+02   8.8477511e-01
   4.3800000e+02   8.7839637e-01
   4.3900000e+02   8.7228143e-01
   4.4000000e+02   8.6643580e-01
   4.4100000e+02   8.6086285e-01
   4.4200000e+02   8.5556405e-01
   4.4300000e+02   8.5053915e-01
   4.4400000e+02   8.4578635e-01
   4.4500000e+02   8.4130252e-01
   4.4600000e+02   8.3708333e-01
   4.4700000e+02   8.3312341e-01
   4.4800000e+02   8.2941652e-01
   4.4900000e+02   8.2595566e-01
   4.5000000e+02   8.2273320e-01
   4.5100000e+02   8.1974098e-01
   4.5200000e+02   8.1697045e-01
   4.5300000e+02   8.1441273e-01
   4.5400000e+02   8.1205871e-01
   4.5500000e+02   8.0989914e-01
   4.5600000e+02   8.0792466e-01
   4.5700000e+02   8.0612593e-01
   4.5800000e+02   8.0449360e-01
   4.5900000e+02   8.0301844e-01
   4.6000000e+02   8.0169135e-01
   4.6100000e+02   8.0050337e-01
   4.6200000e+02   7.9944577e-01
   4.6300000e+02   7.9851002e-01
   4.6400000e+02   7.9768788e-01
   4.6500000e+02   7.9697134e-01
   4.6600000e+02   7.9635270e-01
   4.6700000e+02   7.9582456e-01
   4.6800000e+02   7.9537981e-01
   4.6900000e+02   7.9501169e-01
   4.7000000e+02   7.9471371e-01
   4.7100000e+02   7.9447973e-01
   4.7200000e+02   7.9430394e-01
   4.7300000e+02   7.9418082e-01
   4.7400000e+02   7.9410517e-01
   4.7500000e+02   7.9407212e-01
   4.7600000e+02   7.9407707e-01
   4.7700000e+02   7.9411573e-01
   4.7800000e+02   7.9418410e-01
   4.7900000e+02   7.9427846e-01
   4.8000000e+02   7.9439533e-01
   4.8100000e+02   7.9453153e-01
   4.8200000e+02   7.9468408e-01
   4.8300000e+02   7.9485028e-01
   4.8400000e+02   7.9502762e-01
   4.8500000e+02   7.9521382e-01
   4.8600000e+02   7.9540681e-01
   4.8700000e+02   7.9560470e-01
   4.8800000e+02   7.9580579e-01
   4.8900000e+02   7.9600854e-01
   4.9000000e+02   7.9621158e-01
   4.9100000e+02   7.9641369e-01
   4.9200000e+02   7.9661379e-01
   4.9300000e+02   7.9681091e-01
   4.9400000e+02   7.9700425e-01
   4.9500000e+02   7.9719307e-01
   4.9600000e+02   7.9737676e-01
   4.9700000e+02   7.9755481e-01
   4.9800000e+02   7.9772678e-01
   4.9900000e+02   7.9789233e-01
   5.0000000e+02   7.9805117e-01
   5.0100000e+02   7.9820309e-01
   5.0200000e+02   7.9834796e-01
   5.0300000e+02   7.9848565e-01
   5.0400000e+02   7.9861614e-01
   5.0500000e+02   7.9873941e-01
   5.0600000e+02   7.9885550e-01
   5.0700000e+02   7.9896446e-01
   5.0800000e+02   7.9906641e-01
   5.0900000e+02   7.9916146e-01
   5.1000000e+02   7.9924975e-01
   5.1100000e+02   7.9933144e-01
   5.1200000e+02   7.9940672e-01
   5.1300000e+02   7.9947577e-01
   5.1400000e+02   7.9953879e-01
   5.1500000e+02   7.9959600e-01
   5.1600000e+02   7.9964760e-01
   5.1700000e+02   7.9969383e-01
   5.1800000e+02   7.9973489e-01
   5.1900000e+02   7.9977102e-01
   5.2000000e+02   7.9980244e-01
   5.2100000e+02   7.9982937e-01
   5.2200000e+02   7.9985204e-01
   5.2300000e+02   7.9987067e-01
   5.2400000e+02   7.9988547e-01
   5.2500000e+02   7.9989666e-01
   5.2600000e+02   7.9990445e-01
   5.2700000e+02   7.9990905e-01
   5.2800000e+02   7.9991065e-01
   5.2900000e+02   7.9990947e-01
   5.3000000e+02   7.9990570e-01
   5.3100000e+02   7.9989951e-01
   5.3200000e+02   7.9989111e-01
   5.3300000e+02   7.9988067e-01
   5.3400000e+02   7.9986836e-01
   5.3500000e+02   7.9985436e-01
   5.3600000e+02   7.9983883e-01
   5.3700000e+02   7.9982194e-01
   5.3800000e+02   7.9980387e-01
   5.3900000e+02   7.9978481e-01
   5.4000000e+02   7.9976493e-01
   5.4100000e+02   7.9974444e-01
   5.4200000e+02   7.9972353e-01
   5.4300000e+02   7.9970238e-01
   5.4400000e+02   7.9968120e-01
   5.4500000e+02   7.9966016e-01
   5.4600000e+02   7.9963945e-01
   5.4700000e+02   7.9961923e-01
   5.4800000e+02   7.9959966e-01
   5.4900000e+02   7.9958090e-01
   5.5000000e+02   7.9956307e-01
   5.5100000e+02   7.9954631e-01
   5.5200000e+02   7.9953071e-01
   5.5300000e+02   7.9951636e-01
   5.5400000e+02   7.9950336e-01
   5.5500000e+02   7.9949175e-01
   5.5600000e+02   7.9948160e-01
   5.5700000e+02   7.9947293e-01
   5.5800000e+02   7.9946578e-01
   5.5900000e+02   7.9946014e-01
   5.6000000e+02   7.9945602e-01
   5.6100000e+02   7.9945341e-01
   5.6200000e+02   7.9945229e-01
   5.6300000e+02   7.9945261e-01
   5.6400000e+02   7.9945435e-01
   5.6500000e+02   7.9945744e-01
   5.6600000e+02   7.9946185e-01
   5.6700000e+02   7.9946750e-01
   5.6800000e+02   7.9947433e-01
   5.6900000e+02   7.9948227e-01
   5.7000000e+02   7.9949125e-01
   5.7100000e+02   7.9950119e-01
   5.7200000e+02   7.9951202e-01
   5.7300000e+02   7.9952365e-01
   5.7400000e+02   7.9953600e-01
   5.7500000e+02   7.9954900e-01
   5.7600000e+02   7.9956257e-01
   5.7700000e+02   7.9957663e-01
   5.7800000e+02   7.9959111e-01
   5.7900000e+02   7.9960592e-01
   5.8000000e+02   7.9962101e-01
   5.8100000e+02   7.9963629e-01
   5.8200000e+02   7.9965171e-01
   5.8300000e+02   7.9966720e-01
   5.8400000e+02   7.9968271e-01
   5.8500000e+02   7.9969816e-01
   5.8600000e+02   7.9971352e-01
   5.8700000e+02   7.9972873e-01
   5.8800000e+02   7.9974375e-01
   5.8900000e+02   7.9975854e-01
   5.9000000e+02   7.9977305e-01
   5.9100000e+02   7.9978725e-01
   5.9200000e+02   7.9980112e-01
   5.9300000e+02   7.9981462e-01
   5.9400000e+02   7.9982772e-01
   5.9500000e+02   7.9984042e-01
   5.9600000e+02   7.9985268e-01
   5.9700000e+02   7.9986450e-01
   5.9800000e+02   7.9987586e-01
   5.9900000e+02   7.9988676e-01
   6.0000000e+02   7.9989718e-01
   6.0100000e+02   7.9990713e-01
   6.0200000e+02   7.9991660e-01
   6.0300000e+02   7.9992558e-01
   6.0400000e+02   7.9993410e-01
   6.0500000e+02   7.9994214e-01
   6.0600000e+02   7.9994971e-01
   6.0700000e+02   7.9995682e-01
   6.0800000e+02   7.9996348e-01
   6.0900000e+02   7.9996971e-01
   6.1000000e+02   7.9997550e-01
   6.1100000e+02   7.9998087e-01
   6.1200000e+02   7.9998584e-01
   6.1300000e+02   7.9999042e-01
   6.1400000e+02   7.9999462e-01
   6.1500000e+02   7.9999846e-01
   6.1600000e+02   8.0000194e-01
   6.1700000e+02   8.0000510e-01
   6.1800000e+02   8.0000794e-01
   6.1900000e+02   8.0001047e-01
   6.2000000e+02   8.0001272e-01
   6.2100000e+02   8.0001470e-01
   6.2200000e+02   8.0001642e-01
   6.2300000e+02   8.0001790e-01
   6.2400000e+02   8.0001915e-01
   6.2500000e+02   8.0002020e-01
   6.2600000e+02   8.0002104e-01
   6.2700000e+02   8.0002171e-01
   6.2800000e+02   8.0002220e-01
   6.2900000e+02   8.0002254e-01
   6.3000000e+02   8.0002273e-01
   6.3100000e+02   8.0002279e-01
   6.3200000e+02   8.0002273e-01
   6.3300000e+02   8.0002257e-01
   6.3400000e+02   8.0002230e-01
   6.3500000e+02   8.0002195e-01
   6.3600000e+02   8.0002152e-01
   6.3700000e+02   8.0002103e-01
   6.3800000e+02   8.0002047e-01
   6.3900000e+02   8.0001986e-01
   6.4000000e+02   8.0001921e-01
   6.4100000e+02   8.0001852e-01
   6.4200000e+02   8.0001780e-01
   6.4300000e+02   8.0001705e-01
   6.4400000e+02   8.0001629e-01
   6.4500000e+02   8.0001552e-01
   6.4600000e+02   8.0001474e-01
   6.4700000e+02   8.0001395e-01
   6.4800000e+02   8.0001317e-01
   6.4900000e+02   8.0001239e-01
   6.5000000e+02   8.0001162e-01
   6.5100000e+02   8.0001086e-01
   6.5200000e+02   8.0001012e-01
   6.5300000e+02   8.0000939e-01
   6.5400000e+02   8.0000869e-01
   6.5500000e+02   8.0000800e-01
   6.5600000e+02   8.0000734e-01
   6.5700000e+02   8.0000670e-01
   6.5800000e+02   8.0000608e-01
   6.5900000e+02   8.0000550e-01
   6.6000000e+02   8.0000494e-01
   6.6100000e+02   8.0000440e-01
   6.6200000e+02   8.0000390e-01
   6.6300000e+02   8.0000342e-01
   6.6400000e+02   8.0000297e-01
   6.6500000e+02   8.0000255e-01
   6.6600000e+02   8.0000216e-01
   6.6700000e+02   8.0000179e-01
   6.6800000e+02   8.0000146e-01
   6.6900000e+02   8.0000115e-01
   6.7000000e+02   8.0000086e-01
   6.7100000e+02   8.0000061e-01
   6.7200000e+02   8.0000037e-01
   6.7300000e+02   8.0000017e-01
   6.7400000e+02   7.9999998e-01
   6.7500000e+02   7.9999982e-01
   6.7600000e+02   7.9999968e-01
   6.7700000e+02   7.9999956e-01
   6.7800000e+02   7.9999946e-01
   6.7900000e+02   7.9999937e-01
   6.8000000e+02   7.9999931e-01
   6.8100000e+02   7.9999926e-01
   6.8200000e+02   7.9999923e-01
   6.8300000e+02   7.9999921e-01
   6.8400000e+02   7.9999920e-01
   6.8500000e+02   7.9999921e-01
   6.8600000e+02   7.9999923e-01
   6.8700000e+02   7.9999925e-01
   6.8800000e+02   7.9999929e-01
   6.8900000e+02   7.9999934e-01
   6.9000000e+02   7.9999939e-01
   6.9100000e+02   7.9999944e-01
   6.9200000e+02   7.9999951e-01
   6.9300000e+02   7.9999958e-01
   6.9400000e+02   7.9999965e-01
   6.9500000e+02   7.9999972e-01
   6.9600000e+02   7.9999980e-01
   6.9700000e+02   7.9999987e-01
   6.9800000e+02   7.9999995e-01
   6.9900000e+02   8.0000003e-01
   7.0000000e+02   8.0000011e-01
   7.0100000e+02   8.0000018e-01
   7.0200000e+02   8.0000026e-01
   7.0300000e+02   8.0000033e-01
   7.0400000e+02   8.0000040e-01
   7.0500000e+02   8.0000047e-01
   7.0600000e+02   8.0000054e-01
   7.0700000e+02   8.0000060e-01
   7.0800000e+02   8.0000066e-01
   7.0900000e+02   8.0000071e-01
   7.1000000e+02   8.0000076e-01
   7.1100000e+02   8.0000081e-01
   7.1200000e+02   8.0000085e-01
   7.1300000e+02   8.0000089e-01
   7.1400000e+02   8.0000093e-01
   7.1500000e+02   8.0000096e-01
   7.1600000e+02   8.0000099e-01
   7.1700000e+02   8.0000101e-01
   7.1800000e+02   8.0000103e-01
   7.1900000e+02   8.0000104e-01
   7.2000000e+02   8.0000105e-01
   7.2100000e+02   8.0000106e-01
   7.2200000e+02   8.0000107e-01
   7.2300000e+02   8.0000107e-01
   7.2400000e+02   8.0000106e-01
   7.2500000e+02   8.0000106e-01
   7.2600000e+02   8.0000105e-01
   7.2700000e+02   8.0000104e-01
   7.2800000e+02   8.0000102e-01
   7.2900000e+02   8.0000101e-01
   7.3000000e+02   8.0000099e-01
   7.3100000e+02   8.0000097e-01
   7.3200000e+02   8.0000095e-01
   7.3300000e+02   8.0000092e-01
   7.3400000e+02   8.0000090e-01
   7.3500000e+02   8.0000087e-01
   7.3600000e+02   8.0000084e-01
   7.3700000e+02   8.0000081e-01
   7.3800000e+02   8.0000078e-01
   7.3900000e+02   8.0000075e-01
   7.4000000e+02   8.0000072e-01
   7.4100000e+02   8.0000069e-01
   7.4200000e+02   8.0000066e-01
   7.4300000e+02   8.0000063e-01
   7.4400000e+02   8.0000059e-01
   7.4500000e+02   8.0000056e-01
   7.4600000e+02   8.0000053e-01
   7.4700000e+02   8.0000050e-01
   7.4800000e+02   8.0000047e-01
   7.4900000e+02   8.0000044e-01
   7.5000000e+02   8.0000041e-01
   7.5100000e+02   8.0000038e-01
   7.5200000e+02   8.0000035e-01
   7.5300000e+02   8.0000033e-01
   7.5400000e+02   8.0000030e-01
   7.5500000e+02   8.0000027e-01
   7.5600000e+02   8.0000025e-01
   7.5700000e+02   8.0000023e-01
   7.5800000e+02   8.0000020e-01
   7.5900000e+02   8.0000018e-01
   7.6000000e+02   8.0000016e-01
   7.6100000e+02   8.0000014e-01
   7.6200000e+02   8.0000012e-01
   7.6300000e+02   8.0000010e-01
   7.6400000e+02   8.0000009e-01
   7.6500000e+02   8.0000007e-01
   7.6600000e+02   8.0000006e-01
   7.6700000e+02   8.0000004e-01
   7.6800000e+02   8.0000003e-01
   7.6900000e+02   8.0000002e-01
   7.7000000e+02   8.0000001e-01
   7.7100000e+02   8.0000000e-01
   7.7200000e+02   7.9999999e-01
   7.7300000e+02   7.9999998e-01
   7.7400000e+02   7.9999997e-01
   7.7500000e+02   7.9999996e-01
   7.7600000e+02   7.9999996e-01
   7.7700000e+02   7.9999995e-01
   7.7800000e+02   7.9999995e-01
   7.7900000e+02   7.9999994e-01
   7.8000000e+02   7.9999994e-01
   7.8100000e+02   7.9999994e-01
   7.8200000e+02   7.9999993e-01
   7.8300000e+02   7.9999993e-01
   7.8400000e+02   7.9999993e-01
   7.8500000e+02   7.9999993e-01
   7.8600000e+02   7.9999993e-01
   7.8700000e+02   7.9999993e-01
   7.8800000e+02   7.9999993e-01
   7.8900000e+02   7.9999993e-01
   7.9000000e+02   7.9999993e-01
   7.9100000e+02   7.9999993e-01
   7.9200000e+02   7.9999993e-01
   7.9300000e+02   7.9999993e-01
   7.9400000e+02   7.9999994e-01
   7.9500000e+02   7.9999994e-01
   7.9600000e+02   7.9999994e-01
   7.9700000e+02   7.9999994e-01
   7.9800000e+02   7.9999994e-01
   7.9900000e+02   7.9999995e-01
   8.0000000e+02   7.9999995e-01
   8.0100000e+02   7.9999995e-01
   8.0200000e+02   7.9999995e-01
   8.0300000e+02   7.9999996e-01
   8.0400000e+02   7.9999996e-01
   8.0500000e+02   7.9999996e-01
   8.0600000e+02   7.9999996e-01
   8.0700000e+02   7.9999997e-01
   8.0800000e+02   7.9999997e-01
   8.0900000e+02   7.9999997e-01
   8.1000000e+02   8.0020174e-01
   8.1100000e+02   8.0092103e-01
   8.1200000e+02   8.0235981e-01
   8.1300000e+02   8.0463461e-01
   8.1400000e+02   8.0779845e-01
   8.1500000e+02   8.1185775e-01
   8.1600000e+02   8.1678545e-01
   8.1700000e+02   8.2253102e-01
   8.1800000e+02   8.2902818e-01
   8.1900000e+02   8.3620070e-01
   8.2000000e+02   8.4396694e-01
   8.2100000e+02   8.5224307e-01
   8.2200000e+02   8.6094561e-01
   8.2300000e+02   8.6999324e-01
   8.2400000e+02   8.7930802e-01
   8.2500000e+02   8.8881636e-01
   8.2600000e+02   8.9844954e-01
   8.2700000e+02   9.0814409e-01
   8.2800000e+02   9.1784195e-01
   8.2900000e+02   9.2749049e-01
   8.3000000e+02   9.3704243e-01
   8.3100000e+02   9.4645574e-01
   8.3200000e+02   9.5569337e-01
   8.3300000e+02   9.6472309e-01
   8.3400000e+02   9.7351716e-01
   8.3500000e+02   9.8205206e-01
   8.3600000e+02   9.9030826e-01
   8.3700000e+02   9.9826987e-01
   8.3800000e+02   1.0059243e+00
   8.3900000e+02   1.0132623e+00
   8.4000000e+02   1.0202770e+00
   8.4100000e+02   1.0269646e+00
   8.4200000e+02   1.0333231e+00
   8.4300000e+02   1.0393530e+00
   8.4400000e+02   1.0450564e+00
   8.4500000e+02   1.0504370e+00
   8.4600000e+02   1.0555000e+00
   8.4700000e+02   1.0602519e+00
   8.4800000e+02   1.0647002e+00
   8.4900000e+02   1.0688532e+00
   8.5000000e+02   1.0727202e+00
   8.5100000e+02   1.0763108e+00
   8.5200000e+02   1.0796355e+00
   8.5300000e+02   1.0827047e+00
   8.5400000e+02   1.0855295e+00
   8.5500000e+02   1.0881210e+00
   8.5600000e+02   1.0904904e+00
   8.5700000e+02   1.0926489e+00
   8.5800000e+02   1.0946077e+00
   8.5900000e+02   1.0963779e+00
   8.6000000e+02   1.0979704e+00
   8.6100000e+02   1.0993960e+00
   8.6200000e+02   1.1006651e+00
   8.6300000e+02   1.1017880e+00
   8.6400000e+02   1.1027745e+00
   8.6500000e+02   1.1036344e+00
   8.6600000e+02   1.1043768e+00
   8.6700000e+02   1.1050105e+00
   8.6800000e+02   1.1055442e+00
   8.6900000e+02   1.1059860e+00
   8.7000000e+02   1.1063436e+00
   8.7100000e+02   1.1066243e+00
   8.7200000e+02   1.1068353e+00
   8.7300000e+02   1.1069830e+00
   8.7400000e+02   1.1070738e+00
   8.7500000e+02   1.1071135e+00
   8.7600000e+02   1.1071075e+00
   8.7700000e+02   1.1070611e+00
   8.7800000e+02   1.1069791e+00
   8.7900000e+02   1.1068658e+00
   8.8000000e+02   1.1067256e+00
   8.8100000e+02   1.1065622e+00
   8.8200000e+02   1.1063791e+00
   8.8300000e+02   1.1061797e+00
   8.8400000e+02   1.1059669e+00
   8.8500000e+02   1.1057434e+00
   8.8600000e+02   1.1055118e+00
   8.8700000e+02   1.1052744e+00
   8.8800000e+02   1.1050331e+00
   8.8900000e+02   1.1047898e+00
   8.9000000e+02   1.1045461e+00
   8.9100000e+02   1.1043036e+00
   8.9200000e+02   1.1040635e+00
   8.9300000e+02   1.1038269e+00
   8.9400000e+02   1.1035949e+00
   8.9500000e+02   1.1033683e+00
   8.9600000e+02   1.1031479e+00
   8.9700000e+02   1.1029342e+00
   8.9800000e+02   1.1027279e+00
   8.9900000e+02   1.1025292e+00
   9.0000000e+02   1.1023386e+00
   9.0100000e+02   1.1021563e+00
   9.0200000e+02   1.1019825e+00
   9.0300000e+02   1.1018172e+00
   9.0400000e+02   1.1016606e+00
   9.0500000e+02   1.1015127e+00
   9.0600000e+02   1.1013734e+00
   9.0700000e+02   1.1012426e+00
   9.0800000e+02   1.1011203e+00
   9.0900000e+02   1.1010063e+00
   9.1000000e+02   1.1009003e+00
   9.1100000e+02   1.1008023e+00
   9.1200000e+02   1.1007119e+00
   9.1300000e+02   1.1006291e+00
   9.1400000e+02   1.1005535e+00
   9.1500000e+02   1.1004848e+00
   9.1600000e+02   1.1004229e+00
   9.1700000e+02   1.1003674e+00
   9.1800000e+02   1.1003181e+00
   9.1900000e+02   1.1002748e+00
   9.2000000e+02   1.1002371e+00
   9.2100000e+02   1.1002047e+00
   9.2200000e+02   1.1001775e+00
   9.2300000e+02   1.1001552e+00
   9.2400000e+02   1.1001374e+00
   9.2500000e+02   1.1001240e+00
   9.2600000e+02   1.1001147e+00
   9.2700000e+02   1.1001091e+00
   9.2800000e+02   1.1001072e+00
   9.2900000e+02   1.1001086e+00
   9.3000000e+02   1.1001132e+00
   9.3100000e+02   1.1001206e+00
   9.3200000e+02   1.1001307e+00
   9.3300000e+02   1.1001432e+00
   9.3400000e+02   1.1001580e+00
   9.3500000e+02   1.1001748e+00
   9.3600000e+02   1.1001934e+00
   9.3700000e+02   1.1002137e+00
   9.3800000e+02   1.1002354e+00
   9.3900000e+02   1.1002582e+00
   9.4000000e+02   1.1002821e+00
   9.4100000e+02   1.1003067e+00
   9.4200000e+02   1.1003318e+00
   9.4300000e+02   1.1003571e+00
   9.4400000e+02   1.1003826e+00
   9.4500000e+02   1.1004078e+00
   9.4600000e+02   1.1004327e+00
   9.4700000e+02   1.1004569e+00
   9.4800000e+02   1.1004804e+00
   9.4900000e+02   1.1005029e+00
   9.5000000e+02   1.1005243e+00
   9.5100000e+02   1.1005444e+00
   9.5200000e+02   1.1005632e+00
   9.5300000e+02   1.1005804e+00
   9.5400000e+02   1.1005960e+00
   9.5500000e+02   1.1006099e+00
   9.5600000e+02   1.1006221e+00
   9.5700000e+02   1.1006325e+00
   9.5800000e+02   1.1006411e+00
   9.5900000e+02   1.1006478e+00
   9.6000000e+02   1.1006528e+00
   9.6100000e+02   1.1006559e+00
   9.6200000e+02   1.1006573e+00
   9.6300000e+02   1.1006569e+00
   9.6400000e+02   1.1006548e+00
   9.6500000e+02   1.1006511e+00
   9.6600000e+02   1.1006458e+00
   9.6700000e+02   1.1006390e+00
   9.6800000e+02   1.1006308e+00
   9.6900000e+02   1.1006213e+00
   9.7000000e+02   1.1006105e+00
   9.7100000e+02   1.1005986e+00
   9.7200000e+02   1.1005856e+00
   9.7300000e+02   1.1005716e+00
   9.7400000e+02   1.1005568e+00
   9.7500000e+02   1.1005412e+00
   9.7600000e+02   1.1005249e+00
   9.7700000e+02   1.1005080e+00
   9.7800000e+02   1.1004907e+00
   9.7900000e+02   1.1004729e+00
   9.8000000e+02   1.1004548e+00
   9.8100000e+02   1.1004364e+00
   9.8200000e+02   1.1004179e+00
   9.8300000e+02   1.1003994e+00
   9.8400000e+02   1.1003808e+00
   9.8500000e+02   1.1003622e+00
   9.8600000e+02   1.1003438e+00
   9.8700000e+02   1.1003255e+00
   9.8800000e+02   1.1003075e+00
   9.8900000e+02   1.1002898e+00
   9.9000000e+02   1.1002723e+00
   9.9100000e+02   1.1002553e+00
   9.9200000e+02   1.1002387e+00
   9.9300000e+02   1.1002225e+00
   9.9400000e+02   1.1002067e+00
   9.9500000e+02   1.1001915e+00
   9.9600000e+02   1.1001768e+00
   9.9700000e+02   1.1001626e+00
   9.9800000e+02   1.1001490e+00
   9.9900000e+02   1.1001359e+00
   1.0000000e+03   1.1001234e+00
   1.0010000e+03   1.1001114e+00
   1.0020000e+03   1.1001001e+00
   1.0030000e+03   1.1000893e+00
   1.0040000e+03   1.1000791e+00
   1.0050000e+03   1.1000694e+00
   1.0060000e+03   1.1000604e+00
   1.0070000e+03   1.1000518e+00
   1.0080000e+03   1.1000438e+00
   1.0090000e+03   1.1000364e+00
   1.0100000e+03   1.1000294e+00
   1.0110000e+03   1.1000230e+00
   1.0120000e+03   1.1000170e+00
   1.0130000e+03   1.1000115e+00
   1.0140000e+03   1.1000065e+00
   1.0150000e+03   1.1000019e+00
   1.0160000e+03   1.0999977e+00
   1.0170000e+03   1.0999939e+00
   1.0180000e+03   1.0999905e+00
   1.0190000e+03   1.0999874e+00
   1.0200000e+03   1.0999847e+00
   1.0210000e+03   1.0999824e+00
   1.0220000e+03   1.0999803e+00
   1.0230000e+03   1.0999785e+00
   1.0240000e+03   1.0999770e+00
   1.0250000e+03   1.0999758e+00
   1.0260000e+03   1.0999747e+00
   1.0270000e+03   1.0999740e+00
   1.0280000e+03   1.0999734e+00
   1.0290000e+03   1.0999730e+00
   1.0300000e+03   1.0999727e+00
   1.0310000e+03   1.0999726e+00
   1.0320000e+03   1.0999727e+00
   1.0330000e+03   1.0999729e+00
   1.0340000e+03   1.0999732e+00
   1.0350000e+03   1.0999737e+00
   1.0360000e+03   1.0999742e+00
   1.0370000e+03   1.0999748e+00
   1.0380000e+03   1.0999754e+00
   1.0390000e+03   1.0999762e+00
   1.0400000e+03   1.0999770e+00
   1.0410000e+03   1.0999778e+00
   1.0420000e+03   1.0999786e+00
   1.0430000e+03   1.0999795e+00
   1.0440000e+03   1.0999805e+00
   1.0450000e+03   1.0999814e+00
   1.0460000e+03   1.0999823e+00
   1.0470000e+03   1.0999833e+00
   1.0480000e+03   1.0999842e+00
   1.0490000e+03   1.0999851e+00
   1.0500000e+03   1.0999861e+00
   1.0510000e+03   1.0999870e+00
   1.0520000e+03   1.0999879e+00
   1.0530000e+03   1.0999887e+00
   1.0540000e+03   1.0999896e+00
   1.0550000e+03   1.0999904e+00
   1.0560000e+03   1.0999912e+00
   1.0570000e+03   1.0999920e+00
   1.0580000e+03   1.0999927e+00
   1.0590000e+03   1.0999934e+00
   1.0600000e+03   1.0999941e+00
   1.0610000e+03   1.0999947e+00
   1.0620000e+03   1.0999953e+00
   1.0630000e+03   1.0999959e+00
   1.0640000e+03   1.0999964e+00
   1.0650000e+03   1.0999969e+00
   1.0660000e+03   1.0999974e+00
   1.0670000e+03   1.0999978e+00
   1.0680000e+03   1.0999983e+00
   1.0690000e+03   1.0999986e+00
   1.0700000e+03   1.0999990e+00
   1.0710000e+03   1.0999993e+00
   1.0720000e+03   1.0999996e+00
   1.0730000e+03   1.0999998e+00
   1.0740000e+03   1.1000000e+00
   1.0750000e+03   1.1000002e+00
   1.0760000e+03   1.1000004e+00
   1.0770000e+03   1.1000005e+00
   1.0780000e+03   1.1000007e+00
   1.0790000e+03   1.1000008e+00
   1.0800000e+03   1.1000008e+00
   1.0810000e+03   1.1000009e+00
   1.0820000e+03   1.1000009e+00
   1.0830000e+03   1.1000009e+00
   1.0840000e+03   1.1000010e+00
   1.0850000e+03   1.1000009e+00
   1.0860000e+03   1.1000009e+00
   1.0870000e+03   1.1000009e+00
   1.0880000e+03   1.1000009e+00
   1.0890000e+03   1.1000008e+00
   1.0900000e+03   1.1000007e+00
   1.0910000e+03   1.1000007e+00
   1.0920000e+03   1.1000006e+00
   1.0930000e+03   1.1000005e+00
   1.0940000e+03   1.1000004e+00
   1.0950000e+03   1.1000003e+00
   1.0960000e+03   1.1000002e+00
   1.0970000e+03   1.1000002e+00
   1.0980000e+03   1.1000001e+00
   1.0990000e+03   1.1000000e+00
   1.1000000e+03   1.0999999e+00
   1.1010000e+03   1.0999998e+00
   1.1020000e+03   1.0999997e+00
   1.1030000e+03   1.0999996e+00
   1.1040000e+03   1.0999995e+00
   1.1050000e+03   1.0999994e+00
   1.1060000e+03   1.0999994e+00
   1.1070000e+03   1.0999993e+00
   1.1080000e+03   1.0999992e+00
   1.1090000e+03   1.0999991e+00
   1.1100000e+03   1.0999991e+00
   1.1110000e+03   1.0999990e+00
   1.1120000e+03   1.0999990e+00
   1.1130000e+03   1.0999989e+00
   1.1140000e+03   1.0999989e+00
   1.1150000e+03   1.0999989e+00
   1.1160000e+03   1.0999988e+00
   1.1170000e+03   1.0999988e+00
   1.1180000e+03   1.0999988e+00
   1.1190000e+03   1.0999987e+00
   1.1200000e+03   1.0999987e+00
   1.1210000e+03   1.0999987e+00
   1.1220000e+03   1.0999987e+00
   1.1230000e+03   1.0999987e+00
   1.1240000e+03   1.0999987e+00
   1.1250000e+03   1.0999987e+00
   1.1260000e+03   1.0999987e+00
   1.1270000e+03   1.0999988e+00
   1.1280000e+03   1.0999988e+00
   1.1290000e+03   1.0999988e+00
   1.1300000e+03   1.0999988e+00
   1.1310000e+03   1.0999988e+00
   1.1320000e+03   1.0999989e+00
   1.1330000e+03   1.0999989e+00
   1.1340000e+03   1.0999989e+00
   1.1350000e+03   1.0999990e+00
   1.1360000e+03   1.0999990e+00
   1.1370000e+03   1.0999990e+00
   1.1380000e+03   1.0999991e+00
   1.1390000e+03   1.0999991e+00
   1.1400000e+03   1.0999991e+00
   1.1410000e+03   1.0999992e+00
   1.1420000e+03   1.0999992e+00
   1.1430000e+03   1.0999992e+00
   1.1440000e+03   1.0999993e+00
   1.1450000e+03   1.0999993e+00
   1.1460000e+03   1.0999994e+00
   1.1470000e+03   1.0999994e+00
   1.1480000e+03   1.0999994e+00
   1.1490000e+03   1.0999995e+00
   1.1500000e+03   1.0999995e+00
   1.1510000e+03   1.0999995e+00
   1.1520000e+03   1.0999996e+00
   1.1530000e+03   1.0999996e+00
   1.1540000e+03   1.0999996e+00
   1.1550000e+03   1.0999997e+00
   1.1560000e+03   1.0999997e+00
   1.1570000e+03   1.0999997e+00
   1.1580000e+03   1.0999998e+00
   1.1590000e+03   1.0999998e+00
   1.1600000e+03   1.0999998e+00
   1.1610000e+03   1.0999998e+00
   1.1620000e+03   1.0999999e+00
   1.1630000e+03   1.0999999e+00
   1.1640000e+03   1.0999999e+00
   1.1650000e+03   1.0999999e+00
   1.1660000e+03   1.0999999e+00
   1.1670000e+03   1.0999999e+00
   1.1680000e+03   1.1000000e+00
   1.1690000e+03   1.1000000e+00
   1.1700000e+03   1.1000000e+00
   1.1710000e+03   1.1000000e+00
   1.1720000e+03   1.1000000e+00
   1.1730000e+03   1.1000000e+00
   1.1740000e+03   1.1000000e+00
   1.1750000e+03   1.1000000e+00
   1.1760000e+03   1.1000001e+00
   1.1770000e+03   1.1000001e+00
   1.1780000e+03   1.1000001e+00
   1.1790000e+03   1.1000001e+00
   1.1800000e+03   1.1000001e+00
   1.1810000e+03   1.1000001e+00
   1.1820000e+03   1.1000001e+00
   1.1830000e+03   1.1000001e+00
   1.1840000e+03   1.1000001e+00
   1.1850000e+03   1.1000001e+00
   1.1860000e+03   1.1000001e+00
   1.1870000e+03   1.1000001e+00
   1.1880000e+03   1.1000001e+00
   1.1890000e+03   1.1000001e+00
   1.1900000e+03   1.1000001e+00
   1.1910000e+03   1.1000001e+00
   1.1920000e+03   1.1000001e+00
   1.1930000e+03   1.1000001e+00
   1.1940000e+03   1.1000001e+00
   1.1950000e+03   1.1000001e+00
   1.1960000e+03   1.1000001e+00
   1.1970000e+03   1.1000001e+00
   1.1980000e+03   1.1000001e+00
   1.1990000e+03   1.1000001e+00
   1.2000000e+03   1.1000001e+00
   1.2010000e+03   1.1000001e+00
   1.2020000e+03   1.1000001e+00
   1.2030000e+03   1.1000001e+00
   1.2040000e+03   1.1000001e+00
   1.2050000e+03   1.1000000e+00
   1.2060000e+03   1.1000000e+00
   1.2070000e+03   1.1000000e+00
   1.2080000e+03   1.1000000e+00
   1.2090000e+03   1.1000000e+00
   1.2100000e+03   1.0998655e+00
   1.2110000e+03   1.0993860e+00
   1.2120000e+03   1.0984268e+00
   1.2130000e+03   1.0969103e+00
   1.2140000e+03   1.0948010e+00
   1.2150000e+03   1.0920948e+00
   1.2160000e+03   1.0888097e+00
   1.2170000e+03   1.0849793e+00
   1.2180000e+03   1.0806479e+00
   1.2190000e+03   1.0758662e+00
   1.2200000e+03   1.0706887e+00
   1.2210000e+03   1.0651713e+00
   1.2220000e+03   1.0593696e+00
   1.2230000e+03   1.0533378e+00
   1.2240000e+03   1.0471280e+00
   1.2250000e+03   1.0407891e+00
   1.2260000e+03   1.0343670e+00
   1.2270000e+03   1.0279039e+00
   1.2280000e+03   1.0214387e+00
   1.2290000e+03   1.0150063e+00
   1.2300000e+03   1.0086384e+00
   1.2310000e+03   1.0023628e+00
   1.2320000e+03   9.9620442e-01
   1.2330000e+03   9.9018460e-01
   1.2340000e+03   9.8432189e-01
   1.2350000e+03   9.7863196e-01
   1.2360000e+03   9.7312782e-01
   1.2370000e+03   9.6782009e-01
   1.2380000e+03   9.6271710e-01
   1.2390000e+03   9.5782515e-01
   1.2400000e+03   9.5314864e-01
   1.2410000e+03   9.4869028e-01
   1.2420000e+03   9.4445124e-01
   1.2430000e+03   9.4043132e-01
   1.2440000e+03   9.3662908e-01
   1.2450000e+03   9.3304202e-01
   1.2460000e+03   9.2966667e-01
   1.2470000e+03   9.2649873e-01
   1.2480000e+03   9.2353322e-01
   1.2490000e+03   9.2076453e-01
   1.2500000e+03   9.1818656e-01
   1.2510000e+03   9.1579279e-01
   1.2520000e+03   9.1357636e-01
   1.2530000e+03   9.1153019e-01
   1.2540000e+03   9.0964697e-01
   1.2550000e+03   9.0791931e-01
   1.2560000e+03   9.0633973e-01
   1.2570000e+03   9.0490074e-01
   1.2580000e+03   9.0359488e-01
   1.2590000e+03   9.0241476e-01
   1.2600000e+03   9.0135308e-01
   1.2610000e+03   9.0040270e-01
   1.2620000e+03   8.9955661e-01
   1.2630000e+03   8.9880802e-01
   1.2640000e+03   8.9815030e-01
   1.2650000e+03   8.9757707e-01
   1.2660000e+03   8.9708216e-01
   1.2670000e+03   8.9665965e-01
   1.2680000e+03   8.9630385e-01
   1.2690000e+03   8.9600935e-01
   1.2700000e+03   8.9577097e-01
   1.2710000e+03   8.9558379e-01
   1.2720000e+03   8.9544315e-01
   1.2730000e+03   8.9534465e-01
   1.2740000e+03   8.9528414e-01
   1.2750000e+03   8.9525769e-01
   1.2760000e+03   8.9526165e-01
   1.2770000e+03   8.9529258e-01
   1.2780000e+03   8.9534728e-01
   1.2790000e+03   8.9542277e-01
   1.2800000e+03   8.9551627e-01
   1.2810000e+03   8.9562522e-01
   1.2820000e+03   8.9574727e-01
   1.2830000e+03   8.9588022e-01
   1.2840000e+03   8.9602210e-01
   1.2850000e+03   8.9617106e-01
   1.2860000e+03   8.9632545e-01
   1.2870000e+03   8.9648376e-01
   1.2880000e+03   8.9664463e-01
   1.2890000e+03   8.9680683e-01
   1.2900000e+03   8.9696927e-01
   1.2910000e+03   8.9713095e-01
   1.2920000e+03   8.9729103e-01
   1.2930000e+03   8.9744873e-01
   1.2940000e+03   8.9760340e-01
   1.2950000e+03   8.9775446e-01
   1.2960000e+03   8.9790141e-01
   1.2970000e+03   8.9804385e-01
   1.2980000e+03   8.9818143e-01
   1.2990000e+03   8.9831386e-01
   1.3000000e+03   8.9844093e-01
   1.3010000e+03   8.9856248e-01
   1.3020000e+03   8.9867836e-01
   1.3030000e+03   8.9878852e-01
   1.3040000e+03   8.9889291e-01
   1.3050000e+03   8.9899153e-01
   1.3060000e+03   8.9908440e-01
   1.3070000e+03   8.9917157e-01
   1.3080000e+03   8.9925313e-01
   1.3090000e+03   8.9932917e-01
   1.3100000e+03   8.9939980e-01
   1.3110000e+03   8.9946515e-01
   1.3120000e+03   8.9952537e-01
   1.3130000e+03   8.9958061e-01
   1.3140000e+03   8.9963103e-01
   1.3150000e+03   8.9967680e-01
   1.3160000e+03   8.9971808e-01
   1.3170000e+03   8.9975506e-01
   1.3180000e+03   8.9978791e-01
   1.3190000e+03   8.9981682e-01
   1.3200000e+03   8.9984195e-01
   1.3210000e+03   8.9986350e-01
   1.3220000e+03   8.9988164e-01
   1.3230000e+03   8.9989654e-01
   1.3240000e+03   8.9990838e-01
   1.3250000e+03   8.9991733e-01
   1.3260000e+03   8.9992356e-01
   1.3270000e+03   8.9992724e-01
   1.3280000e+03   8.9992852e-01
   1.3290000e+03   8.9992758e-01
   1.3300000e+03   8.9992456e-01
   1.3310000e+03   8.9991961e-01
   1.3320000e+03   8.9991289e-01
   1.3330000e+03   8.9990453e-01
   1.3340000e+03   8.9989469e-01
   1.3350000e+03   8.9988349e-01
   1.3360000e+03   8.9987106e-01
   1.3370000e+03   8.9985755e-01
   1.3380000e+03   8.9984310e-01
   1.3390000e+03   8.9982785e-01
   1.3400000e+03   8.9981195e-01
   1.3410000e+03   8.9979555e-01
   1.3420000e+03   8.9977882e-01
   1.3430000e+03   8.9976191e-01
   1.3440000e+03   8.9974496e-01
   1.3450000e+03   8.9972813e-01
   1.3460000e+03   8.9971156e-01
   1.3470000e+03   8.9969538e-01
   1.3480000e+03   8.9967973e-01
   1.3490000e+03   8.9966472e-01
   1.3500000e+03   8.9965046e-01
   1.3510000e+03   8.9963705e-01
   1.3520000e+03   8.9962456e-01
   1.3530000e+03   8.9961309e-01
   1.3540000e+03   8.9960269e-01
   1.3550000e+03   8.9959340e-01
   1.3560000e+03   8.9958528e-01
   1.3570000e+03   8.9957835e-01
   1.3580000e+03   8.9957262e-01
   1.3590000e+03   8.9956811e-01
   1.3600000e+03   8.9956482e-01
   1.3610000e+03   8.9956273e-01
   1.3620000e+03   8.9956183e-01
   1.3630000e+03   8.9956209e-01
   1.3640000e+03   8.9956348e-01
   1.3650000e+03   8.9956596e-01
   1.3660000e+03   8.9956948e-01
   1.3670000e+03   8.9957400e-01
   1.3680000e+03   8.9957946e-01
   1.3690000e+03   8.9958582e-01
   1.3700000e+03   8.9959300e-01
   1.3710000e+03   8.9960095e-01
   1.3720000e+03   8.9960961e-01
   1.3730000e+03   8.9961892e-01
   1.3740000e+03   8.9962880e-01
   1.3750000e+03   8.9963920e-01
   1.3760000e+03   8.9965006e-01
   1.3770000e+03   8.9966131e-01
   1.3780000e+03   8.9967289e-01
   1.3790000e+03   8.9968474e-01
   1.3800000e+03   8.9969681e-01
   1.3810000e+03   8.9970903e-01
   1.3820000e+03   8.9972137e-01
   1.3830000e+03   8.9973376e-01
   1.3840000e+03   8.9974616e-01
   1.3850000e+03   8.9975853e-01
   1.3860000e+03   8.9977082e-01
   1.3870000e+03   8.9978299e-01
   1.3880000e+03   8.9979500e-01
   1.3890000e+03   8.9980683e-01
   1.3900000e+03   8.9981844e-01
   1.3910000e+03   8.9982980e-01
   1.3920000e+03   8.9984089e-01
   1.3930000e+03   8.9985169e-01
   1.3940000e+03   8.9986218e-01
   1.3950000e+03   8.9987233e-01
   1.3960000e+03   8.9988215e-01
   1.3970000e+03   8.9989160e-01
   1.3980000e+03   8.9990069e-01
   1.3990000e+03   8.9990941e-01
   1.4000000e+03   8.9991775e-01
   1.4010000e+03   8.9992570e-01
   1.4020000e+03   8.9993328e-01
   1.4030000e+03   8.9994047e-01
   1.4040000e+03   8.9994728e-01
   1.4050000e+03   8.9995371e-01
   1.4060000e+03   8.9995977e-01
   1.4070000e+03   8.9996546e-01
   1.4080000e+03   8.9997079e-01
   1.4090000e+03   8.9997577e-01
   1.4100000e+03   8.9998040e-01
   1.4110000e+03   8.9998470e-01
   1.4120000e+03   8.9998867e-01
   1.4130000e+03   8.9999234e-01
   1.4140000e+03   8.9999570e-01
   1.4150000e+03   8.9999876e-01
   1.4160000e+03   9.0000155e-01
   1.4170000e+03   9.0000408e-01
   1.4180000e+03   9.0000635e-01
   1.4190000e+03   9.0000838e-01
   1.4200000e+03   9.0001018e-01
   1.4210000e+03   9.0001176e-01
   1.4220000e+03   9.0001313e-01
   1.4230000e+03   9.0001432e-01
   1.4240000e+03   9.0001532e-01
   1.4250000e+03   9.0001616e-01
   1.4260000e+03   9.0001683e-01
   1.4270000e+03   9.0001736e-01
   1.4280000e+03   9.0001776e-01
   1.4290000e+03   9.0001803e-01
   1.4300000e+03   9.0001818e-01
   1.4310000e+03   9.0001823e-01
   1.4320000e+03   9.0001819e-01
   1.4330000e+03   9.0001805e-01
   1.4340000e+03   9.0001784e-01
   1.4350000e+03   9.0001756e-01
   1.4360000e+03   9.0001722e-01
   1.4370000e+03   9.0001682e-01
   1.4380000e+03   9.0001637e-01
   1.4390000e+03   9.0001589e-01
   1.4400000e+03   9.0001536e-01
   1.4410000e+03   9.0001481e-01
   1.4420000e+03   9.0001424e-01
   1.4430000e+03   9.0001364e-01
   1.4440000e+03   9.0001303e-01
   1.4450000e+03   9.0001241e-01
   1.4460000e+03   9.0001179e-01
   1.4470000e+03   9.0001116e-01
   1.4480000e+03   9.0001053e-01
   1.4490000e+03   9.0000991e-01
   1.4500000e+03   9.0000930e-01
   1.4510000e+03   9.0000869e-01
   1.4520000e+03   9.0000810e-01
   1.4530000e+03   9.0000752e-01
   1.4540000e+03   9.0000695e-01
   1.4550000e+03   9.0000640e-01
   1.4560000e+03   9.0000587e-01
   1.4570000e+03   9.0000536e-01
   1.4580000e+03   9.0000487e-01
   1.4590000e+03   9.0000440e-01
   1.4600000e+03   9.0000395e-01
   1.4610000e+03   9.0000352e-01
   1.4620000e+03   9.0000312e-01
   1.4630000e+03   9.0000274e-01
   1.4640000e+03   9.0000238e-01
   1.4650000e+03   9.0000204e-01
   1.4660000e+03   9.0000173e-01
   1.4670000e+03   9.0000144e-01
   1.4680000e+03   9.0000117e-01
   1.4690000e+03   9.0000092e-01
   1.4700000e+03   9.0000069e-01
   1.4710000e+03   9.0000049e-01
   1.4720000e+03   9.0000030e-01
   1.4730000e+03   9.0000013e-01
   1.4740000e+03   8.9999998e-01
   1.4750000e+03   8.9999985e-01
   1.4760000e+03   8.9999974e-01
   1.4770000e+03   8.9999965e-01
   1.4780000e+03   8.9999957e-01
   1.4790000e+03   8.9999950e-01
   1.4800000e+03   8.9999945e-01
   1.4810000e+03   8.9999941e-01
   1.4820000e+03   8.9999938e-01
   1.4830000e+03   8.9999937e-01
   1.4840000e+03   8.9999936e-01
   1.4850000e+03   8.9999937e-01
   1.4860000e+03   8.9999938e-01
   1.4870000e+03   8.9999940e-01
   1.4880000e+03   8.9999943e-01
   1.4890000e+03   8.9999947e-01
   1.4900000e+03   8.9999951e-01
   1.4910000e+03   8.9999956e-01
   1.4920000e+03   8.9999961e-01
   1.4930000e+03   8.9999966e-01
   1.4940000e+03   8.9999972e-01
   1.4950000e+03   8.9999978e-01
   1.4960000e+03   8.9999984e-01
   1.4970000e+03   8.9999990e-01
   1.4980000e+03   8.9999996e-01
   1.4990000e+03   9.0000002e-01
   1.5000000e+03   9.0000009e-01
   1.5010000e+03   9.0000015e-01
   1.5020000e+03   9.0000021e-01
   1.5030000e+03   9.0000026e-01
   1.5040000e+03   9.0000032e-01
   1.5050000e+03   9.0000038e-01
   1.5060000e+03   9.0000043e-01
   1.5070000e+03   9.0000048e-01
   1.5080000e+03   9.0000052e-01
   1.5090000e+03   9.0000057e-01
   1.5100000e+03   9.0000061e-01
   1.5110000e+03   9.0000065e-01
   1.5120000e+03   9.0000068e-01
   1.5130000e+03   9.0000071e-01
   1.5140000e+03   9.0000074e-01
   1.5150000e+03   9.0000077e-01
   1.5160000e+03   9.0000079e-01
   1.5170000e+03   9.0000081e-01
   1.5180000e+03   9.0000082e-01
   1.5190000e+03   9.0000083e-01
   1.5200000e+03   9.0000084e-01
   1.5210000e+03   9.0000085e-01
   1.5220000e+03   9.0000085e-01
   1.5230000e+03   9.0000085e-01
   1.5240000e+03   9.0000085e-01
   1.5250000e+03   9.0000085e-01
   1.5260000e+03   9.0000084e-01
   1.5270000e+03   9.0000083e-01
   1.5280000e+03   9.0000082e-01
   1.5290000e+03   9.0000081e-01
   1.5300000e+03   9.0000079e-01
   1.5310000e+03   9.0000077e-01
   1.5320000e+03   9.0000076e-01
   1.5330000e+03   9.0000074e-01
   1.5340000e+03   9.0000072e-01
   1.5350000e+03   9.0000070e-01
   1.5360000e+03   9.0000067e-01
   1.5370000e+03   9.0000065e-01
   1.5380000e+03   9.0000063e-01
   1.5390000e+03   9.0000060e-01
   1.5400000e+03   9.0000058e-01
   1.5410000e+03   9.0000055e-01
   1.5420000e+03   9.0000053e-01
   1.5430000e+03   9.0000050e-01
   1.5440000e+03   9.0000048e-01
   1.5450000e+03   9.0000045e-01
   1.5460000e+03   9.0000043e-01
   1.5470000e+03   9.0000040e-01
   1.5480000e+03   9.0000038e-01
   1.5490000e+03   9.0000035e-01
   1.5500000e+03   9.0000033e-01
   1.5510000e+03   9.0000031e-01
   1.5520000e+03   9.0000028e-01
   1.5530000e+03   9.0000026e-01
   1.5540000e+03   9.0000024e-01
   1.5550000e+03   9.0000022e-01
   1.5560000e+03   9.0000020e-01
   1.5570000e+03   9.0000018e-01
   1.5580000e+03   9.0000016e-01
   1.5590000e+03   9.0000015e-01
   1.5600000e+03   9.0000013e-01
   1.5610000e+03   9.0000011e-01
   1.5620000e+03   9.0000010e-01
   1.5630000e+03   9.0000008e-01
   1.5640000e+03   9.0000007e-01
   1.5650000e+03   9.0000006e-01
   1.5660000e+03   9.0000005e-01
   1.5670000e+03   9.0000003e-01
   1.5680000e+03   9.0000002e-01
   1.5690000e+03   9.0000001e-01
   1.5700000e+03   9.0000001e-01
   1.5710000e+03   9.0000000e-01
   1.5720000e+03   8.9999999e-01
   1.5730000e+03   8.9999998e-01
   1.5740000e+03   8.9999998e-01
   1.5750000e+03   8.9999997e-01
   1.5760000e+03   8.9999997e-01
   1.5770000e+03   8.9999996e-01
   1.5780000e+03   8.9999996e-01
   1.5790000e+03   8.9999995e-01
   1.5800000e+03   8.9999995e-01
   1.5810000e+03   8.9999995e-01
   1.5820000e+03   8.9999995e-01
   1.5830000e+03   8.9999995e-01
   1.5840000e+03   8.9999994e-01
   1.5850000e+03   8.9999994e-01
   1.5860000e+03   8.9999994e-01
   1.5870000e+03   8.9999994e-01
   1.5880000e+03   8.9999994e-01
   1.5890000e+03   8.9999994e-01
   1.5900000e+03   8.9999994e-01
   1.5910000e+03   8.9999995e-01
   1.5920000e+03   8.9999995e-01
   1.5930000e+03   8.9999995e-01
   1.5940000e+03   8.9999995e-01
   1.5950000e+03   8.9999995e-01
   1.5960000e+03   8.9999995e-01
   1.5970000e+03   8.9999995e-01
   1.5980000e+03   8.9999995e-01
   1.5990000e+03   8.9999996e-01
   1.6000000e+03   8.9999996e-01
