   1.0000000e+00   8.0000000e-01
   2.0000000e+00   8.0000000e-01
   3.0000000e+00   8.0000000e-01
   4.0000000e+00   8.0000000e-01
   5.0000000e+00   8.0000000e-01
   6.0000000e+00   8.0000000e-01
   7.0000000e+00   8.0000000e-01
   8.0000000e+00   8.0000000e-01
   9.0000000e+00   8.0000000e-01
   1.0000000e+01   8.0000000e-01
   1.1000000e+01   8.0000000e-01
   1.2000000e+01   8.0000000e-01
   1.3000000e+01   8.0000000e-01
   1.4000000e+01   8.0000000e-01
   1.5000000e+01   8.0000000e-01
   1.6000000e+01   8.0000000e-01
   1.7000000e+01   8.0000000e-01
   1.8000000e+01   8.0000000e-01
   1.9000000e+01   8.0000000e-01
   2.0000000e+01   8.0000000e-01
   2.1000000e+01   8.0000000e-01
   2.2000000e+01   8.0249192e-01
   2.3000000e+01   8.0905774e-01
   2.4000000e+01   8.1857055e-01
   2.5000000e+01   8.3016361e-01
   2.6000000e+01   8.4317234e-01
   2.7000000e+01   8.5708906e-01
   2.8000000e+01   8.7152785e-01
   2.9000000e+01   8.8619719e-01
   3.0000000e+01   9.0087860e-01
   3.1000000e+01   9.1541009e-01
   3.2000000e+01   9.2967330e-01
   3.3000000e+01   9.4358342e-01
   3.4000000e+01   9.5708146e-01
   3.5000000e+01   9.7012818e-01
   3.6000000e+01   9.8269939e-01
   3.7000000e+01   9.9477507e-01
   3.8000000e+01   1.0063273e+00
   3.9000000e+01   1.0173203e+00
   4.0000000e+01   1.0277161e+00
   4.1000000e+01   1.0374794e+00
   4.2000000e+01   1.0465800e+00
   4.3000000e+01   1.0549952e+00
   4.4000000e+01   1.0627104e+00
   4.5000000e+01   1.0697196e+00
   4.6000000e+01   1.0760253e+00
   4.7000000e+01   1.0816374e+00
   4.8000000e+01   1.0865725e+00
   4.9000000e+01   1.0908533e+00
   5.0000000e+01   1.0945070e+00
   5.1000000e+01   1.0975645e+00
   5.2000000e+01   1.1000599e+00
   5.3000000e+01   1.1020289e+00
   5.4000000e+01   1.1035087e+00
   5.5000000e+01   1.1045371e+00
   5.6000000e+01   1.1051518e+00
   5.7000000e+01   1.1053904e+00
   5.8000000e+01   1.1052895e+00
   5.9000000e+01   1.1048845e+00
   6.0000000e+01   1.1042098e+00
   6.1000000e+01   1.1032980e+00
   6.2000000e+01   1.1021801e+00
   6.3000000e+01   1.1008853e+00
   6.4000000e+01   1.0994409e+00
   6.5000000e+01   1.0978725e+00
   6.6000000e+01   1.0962035e+00
   6.7000000e+01   1.0944558e+00
   6.8000000e+01   1.0926491e+00
   6.9000000e+01   1.0908016e+00
   7.0000000e+01   1.0889295e+00
   7.1000000e+01   1.0870477e+00
   7.2000000e+01   1.0851690e+00
   7.3000000e+01   1.0833052e+00
   7.4000000e+01   1.0814664e+00
   7.5000000e+01   1.0796613e+00
   7.6000000e+01   1.0778977e+00
   7.7000000e+01   1.0761819e+00
   7.8000000e+01   1.0745192e+00
   7.9000000e+01   1.0729140e+00
   8.0000000e+01   1.0713697e+00
   8.1000000e+01   1.0698891e+00
   8.2000000e+01   1.0684740e+00
   8.3000000e+01   1.0671256e+00
   8.4000000e+01   1.0658445e+00
   8.5000000e+01   1.0646308e+00
   8.6000000e+01   1.0634842e+00
   8.7000000e+01   1.0624038e+00
   8.8000000e+01   1.0613884e+00
   8.9000000e+01   1.0604367e+00
   9.0000000e+01   1.0595468e+00
   9.1000000e+01   1.0587169e+00
   9.2000000e+01   1.0579449e+00
   9.3000000e+01   1.0572284e+00
   9.4000000e+01   1.0565651e+00
   9.5000000e+01   1.0559527e+00
   9.6000000e+01   1.0553886e+00
   9.7000000e+01   1.0548702e+00
   9.8000000e+01   1.0543952e+00
   9.9000000e+01   1.0539609e+00
   1.0000000e+02   1.0535650e+00
   1.0100000e+02   1.0532050e+00
   1.0200000e+02   1.0528785e+00
   1.0300000e+02   1.0525833e+00
   1.0400000e+02   1.0523171e+00
   1.0500000e+02   1.0520778e+00
   1.0600000e+02   1.0518634e+00
   1.0700000e+02   1.0516718e+00
   1.0800000e+02   1.0515013e+00
   1.0900000e+02   1.0513500e+00
   1.1000000e+02   1.0512164e+00
   1.1100000e+02   1.0510987e+00
   1.1200000e+02   1.0509957e+00
   1.1300000e+02   1.0509058e+00
   1.1400000e+02   1.0508278e+00
   1.1500000e+02   1.0507605e+00
   1.1600000e+02   1.0507029e+00
   1.1700000e+02   1.0506538e+00
   1.1800000e+02   1.0506124e+00
   1.1900000e+02   1.0505779e+00
   1.2000000e+02   1.0505493e+00
   1.2100000e+02   1.0505262e+00
   1.2200000e+02   1.0505077e+00
   1.2300000e+02   1.0504933e+00
   1.2400000e+02   1.0504825e+00
   1.2500000e+02   1.0504749e+00
   1.2600000e+02   1.0504700e+00
   1.2700000e+02   1.0504675e+00
   1.2800000e+02   1.0504670e+00
   1.2900000e+02   1.0504683e+00
   1.3000000e+02   1.0504711e+00
   1.3100000e+02   1.0504752e+00
   1.3200000e+02   1.0504804e+00
   1.3300000e+02   1.0504866e+00
   1.3400000e+02   1.0504936e+00
   1.3500000e+02   1.0505013e+00
   1.3600000e+02   1.0505096e+00
   1.3700000e+02   1.0505184e+00
   1.3800000e+02   1.0505276e+00
   1.3900000e+02   1.0505372e+00
   1.4000000e+02   1.0505471e+00
   1.4100000e+02   1.0505572e+00
   1.4200000e+02   1.0505675e+00
   1.4300000e+02   1.0505779e+00
   1.4400000e+02   1.0505883e+00
   1.4500000e+02   1.0505988e+00
   1.4600000e+02   1.0506092e+00
   1.4700000e+02   1.0506195e+00
   1.4800000e+02   1.0506296e+00
   1.4900000e+02   1.0506395e+00
   1.5000000e+02   1.0506490e+00
   1.5100000e+02   1.0506581e+00
   1.5200000e+02   1.0506666e+00
   1.5300000e+02   1.0506744e+00
   1.5400000e+02   1.0506812e+00
   1.5500000e+02   1.0506870e+00
   1.5600000e+02   1.0506915e+00
   1.5700000e+02   1.0506946e+00
   1.5800000e+02   1.0506962e+00
   1.5900000e+02   1.0506961e+00
   1.6000000e+02   1.0506942e+00
   1.6100000e+02   1.0506904e+00
   1.6200000e+02   1.0506846e+00
   1.6300000e+02   1.0506768e+00
   1.6400000e+02   1.0506670e+00
   1.6500000e+02   1.0506551e+00
   1.6600000e+02   1.0506412e+00
   1.6700000e+02   1.0506253e+00
   1.6800000e+02   1.0506075e+00
   1.6900000e+02   1.0505880e+00
   1.7000000e+02   1.0505668e+00
   1.7100000e+02   1.0505440e+00
   1.7200000e+02   1.0505199e+00
   1.7300000e+02   1.0504946e+00
   1.7400000e+02   1.0504682e+00
   1.7500000e+02   1.0504409e+00
   1.7600000e+02   1.0504130e+00
   1.7700000e+02   1.0503845e+00
   1.7800000e+02   1.0503557e+00
   1.7900000e+02   1.0503268e+00
   1.8000000e+02   1.0502979e+00
   1.8100000e+02   1.0502691e+00
   1.8200000e+02   1.0502408e+00
   1.8300000e+02   1.0502128e+00
   1.8400000e+02   1.0501856e+00
   1.8500000e+02   1.0501590e+00
   1.8600000e+02   1.0501333e+00
   1.8700000e+02   1.0501086e+00
   1.8800000e+02   1.0500849e+00
   1.8900000e+02   1.0500623e+00
   1.9000000e+02   1.0500408e+00
   1.9100000e+02   1.0500206e+00
   1.9200000e+02   1.0500017e+00
   1.9300000e+02   1.0499840e+00
   1.9400000e+02   1.0499676e+00
   1.9500000e+02   1.0499526e+00
   1.9600000e+02   1.0499388e+00
   1.9700000e+02   1.0499263e+00
   1.9800000e+02   1.0499151e+00
   1.9900000e+02   1.0499051e+00
   2.0000000e+02   1.0498963e+00
   2.0100000e+02   1.0498887e+00
   2.0200000e+02   1.0498823e+00
   2.0300000e+02   1.0498768e+00
   2.0400000e+02   1.0498725e+00
   2.0500000e+02   1.0498690e+00
   2.0600000e+02   1.0498665e+00
   2.0700000e+02   1.0498649e+00
   2.0800000e+02   1.0498641e+00
   2.0900000e+02   1.0498640e+00
   2.1000000e+02   1.0498645e+00
   2.1100000e+02   1.0498657e+00
   2.1200000e+02   1.0498675e+00
   2.1300000e+02   1.0498697e+00
   2.1400000e+02   1.0498724e+00
   2.1500000e+02   1.0498756e+00
   2.1600000e+02   1.0498790e+00
   2.1700000e+02   1.0498828e+00
   2.1800000e+02   1.0498868e+00
   2.1900000e+02   1.0498910e+00
   2.2000000e+02   1.0498954e+00
   2.2100000e+02   1.0498999e+00
   2.2200000e+02   1.0499045e+00
   2.2300000e+02   1.0499091e+00
   2.2400000e+02   1.0499138e+00
   2.2500000e+02   1.0499185e+00
   2.2600000e+02   1.0499231e+00
   2.2700000e+02   1.0499277e+00
   2.2800000e+02   1.0499323e+00
   2.2900000e+02   1.0499367e+00
   2.3000000e+02   1.0499410e+00
   2.3100000e+02   1.0499452e+00
   2.3200000e+02   1.0499493e+00
   2.3300000e+02   1.0499532e+00
   2.3400000e+02   1.0499570e+00
   2.3500000e+02   1.0499606e+00
   2.3600000e+02   1.0499641e+00
   2.3700000e+02   1.0499674e+00
   2.3800000e+02   1.0499705e+00
   2.3900000e+02   1.0499735e+00
   2.4000000e+02   1.0499762e+00
   2.4100000e+02   1.0499789e+00
   2.4200000e+02   1.0499813e+00
   2.4300000e+02   1.0499836e+00
   2.4400000e+02   1.0499857e+00
   2.4500000e+02   1.0499877e+00
   2.4600000e+02   1.0499895e+00
   2.4700000e+02   1.0499912e+00
   2.4800000e+02   1.0499928e+00
   2.4900000e+02   1.0499942e+00
   2.5000000e+02   1.0499954e+00
   2.5100000e+02   1.0499966e+00
   2.5200000e+02   1.0499976e+00
   2.5300000e+02   1.0499986e+00
   2.5400000e+02   1.0499994e+00
   2.5500000e+02   1.0500001e+00
   2.5600000e+02   1.0500008e+00
   2.5700000e+02   1.0500014e+00
   2.5800000e+02   1.0500018e+00
   2.5900000e+02   1.0500022e+00
   2.6000000e+02   1.0500026e+00
   2.6100000e+02   1.0500029e+00
   2.6200000e+02   1.0500031e+00
   2.6300000e+02   1.0500033e+00
   2.6400000e+02   1.0500034e+00
   2.6500000e+02   1.0500035e+00
   2.6600000e+02   1.0500035e+00
   2.6700000e+02   1.0500035e+00
   2.6800000e+02   1.0500035e+00
   2.6900000e+02   1.0500035e+00
   2.7000000e+02   1.0500034e+00
   2.7100000e+02   1.0500033e+00
   2.7200000e+02   1.0500032e+00
   2.7300000e+02   1.0500030e+00
   2.7400000e+02   1.0500029e+00
   2.7500000e+02   1.0500027e+00
   2.7600000e+02   1.0500025e+00
   2.7700000e+02   1.0500023e+00
   2.7800000e+02   1.0500021e+00
   2.7900000e+02   1.0500019e+00
   2.8000000e+02   1.0500017e+00
   2.8100000e+02   1.0500015e+00
   2.8200000e+02   1.0500013e+00
   2.8300000e+02   1.0500011e+00
   2.8400000e+02   1.0500009e+00
   2.8500000e+02   1.0500007e+00
   2.8600000e+02   1.0500005e+00
   2.8700000e+02   1.0500003e+00
   2.8800000e+02   1.0500001e+00
   2.8900000e+02   1.0499999e+00
   2.9000000e+02   1.0499997e+00
   2.9100000e+02   1.0499996e+00
   2.9200000e+02   1.0499994e+00
   2.9300000e+02   1.0499992e+00
   2.9400000e+02   1.0499991e+00
   2.9500000e+02   1.0499989e+00
   2.9600000e+02   1.0499988e+00
   2.9700000e+02   1.0499987e+00
   2.9800000e+02   1.0499985e+00
   2.9900000e+02   1.0499984e+00
   3.0000000e+02   1.0499983e+00
   3.0100000e+02   1.0499982e+00
   3.0200000e+02   1.0499982e+00
   3.0300000e+02   1.0499981e+00
   3.0400000e+02   1.0499980e+00
   3.0500000e+02   1.0499980e+00
   3.0600000e+02   1.0499979e+00
   3.0700000e+02   1.0499979e+00
   3.0800000e+02   1.0499979e+00
   3.0900000e+02   1.0499979e+00
   3.1000000e+02   1.0499979e+00
   3.1100000e+02   1.0499979e+00
   3.1200000e+02   1.0499979e+00
   3.1300000e+02   1.0499979e+00
   3.1400000e+02   1.0499980e+00
   3.1500000e+02   1.0499980e+00
   3.1600000e+02   1.0499981e+00
   3.1700000e+02   1.0499981e+00
   3.1800000e+02   1.0499982e+00
   3.1900000e+02   1.0499982e+00
   3.2000000e+02   1.0499983e+00
   3.2100000e+02   1.0499984e+00
   3.2200000e+02   1.0499985e+00
   3.2300000e+02   1.0499985e+00
   3.2400000e+02   1.0499986e+00
   3.2500000e+02   1.0499987e+00
   3.2600000e+02   1.0499988e+00
   3.2700000e+02   1.0499989e+00
   3.2800000e+02   1.0499990e+00
   3.2900000e+02   1.0499990e+00
   3.3000000e+02   1.0499991e+00
   3.3100000e+02   1.0499992e+00
   3.3200000e+02   1.0499993e+00
   3.3300000e+02   1.0499994e+00
   3.3400000e+02   1.0499994e+00
   3.3500000e+02   1.0499995e+00
   3.3600000e+02   1.0499996e+00
   3.3700000e+02   1.0499997e+00
   3.3800000e+02   1.0499997e+00
   3.3900000e+02   1.0499998e+00
   3.4000000e+02   1.0499998e+00
   3.4100000e+02   1.0499999e+00
   3.4200000e+02   1.0500000e+00
   3.4300000e+02   1.0500000e+00
   3.4400000e+02   1.0500001e+00
   3.4500000e+02   1.0500001e+00
   3.4600000e+02   1.0500001e+00
   3.4700000e+02   1.0500002e+00
   3.4800000e+02   1.0500002e+00
   3.4900000e+02   1.0500002e+00
   3.5000000e+02   1.0500003e+00
   3.5100000e+02   1.0500003e+00
   3.5200000e+02   1.0500003e+00
   3.5300000e+02   1.0500003e+00
   3.5400000e+02   1.0500003e+00
   3.5500000e+02   1.0500003e+00
   3.5600000e+02   1.0500004e+00
   3.5700000e+02   1.0500004e+00
   3.5800000e+02   1.0500004e+00
   3.5900000e+02   1.0500004e+00
   3.6000000e+02   1.0500004e+00
   3.6100000e+02   1.0500004e+00
   3.6200000e+02   1.0500004e+00
   3.6300000e+02   1.0500004e+00
   3.6400000e+02   1.0500004e+00
   3.6500000e+02   1.0500003e+00
   3.6600000e+02   1.0500003e+00
   3.6700000e+02   1.0500003e+00
   3.6800000e+02   1.0500003e+00
   3.6900000e+02   1.0500003e+00
   3.7000000e+02   1.0500003e+00
   3.7100000e+02   1.0500003e+00
   3.7200000e+02   1.0500003e+00
   3.7300000e+02   1.0500003e+00
   3.7400000e+02   1.0500002e+00
   3.7500000e+02   1.0500002e+00
   3.7600000e+02   1.0500002e+00
   3.7700000e+02   1.0500002e+00
   3.7800000e+02   1.0500002e+00
   3.7900000e+02   1.0500002e+00
   3.8000000e+02   1.0500002e+00
   3.8100000e+02   1.0500002e+00
   3.8200000e+02   1.0500001e+00
   3.8300000e+02   1.0500001e+00
   3.8400000e+02   1.0500001e+00
   3.8500000e+02   1.0500001e+00
   3.8600000e+02   1.0500001e+00
   3.8700000e+02   1.0500001e+00
   3.8800000e+02   1.0500001e+00
   3.8900000e+02   1.0500001e+00
   3.9000000e+02   1.0500001e+00
   3.9100000e+02   1.0500001e+00
   3.9200000e+02   1.0500000e+00
   3.9300000e+02   1.0500000e+00
   3.9400000e+02   1.0500000e+00
   3.9500000e+02   1.0500000e+00
   3.9600000e+02   1.0500000e+00
   3.9700000e+02   1.0500000e+00
   3.9800000e+02   1.0500000e+00
   3.9900000e+02   1.0500000e+00
   4.0000000e+02   1.0500000e+00
   4.0100000e+02   1.0500000e+00
   4.0200000e+02   1.0500000e+00
   4.0300000e+02   1.0500000e+00
   4.0400000e+02   1.0500000e+00
   4.0500000e+02   1.0500000e+00
   4.0600000e+02   1.0500000e+00
   4.0700000e+02   1.0500000e+00
   4.0800000e+02   1.0500000e+00
   4.0900000e+02   1.0500000e+00
   4.1000000e+02   1.0497644e+00
   4.1100000e+02   1.0489288e+00
   4.1200000e+02   1.0472684e+00
   4.1300000e+02   1.0446623e+00
   4.1400000e+02   1.0410659e+00
   4.1500000e+02   1.0364898e+00
   4.1600000e+02   1.0309833e+00
   4.1700000e+02   1.0246219e+00
   4.1800000e+02   1.0174978e+00
   4.1900000e+02   1.0097129e+00
   4.2000000e+02   1.0013731e+00
   4.2100000e+02   9.9258424e-01
   4.2200000e+02   9.8344963e-01
   4.2300000e+02   9.7406762e-01
   4.2400000e+02   9.6453032e-01
   4.2500000e+02   9.5492271e-01
   4.2600000e+02   9.4532209e-01
   4.2700000e+02   9.3579786e-01
   4.2800000e+02   9.2641156e-01
   4.2900000e+02   9.1721699e-01
   4.3000000e+02   9.0826048e-01
   4.3100000e+02   8.9958130e-01
   4.3200000e+02   8.9121204e-01
   4.3300000e+02   8.8317911e-01
   4.3400000e+02   8.7550318e-01
   4.3500000e+02   8.6819967e-01
   4.3600000e+02   8.6127926e-01
   4.3700000e+02   8.5474835e-01
   4.3800000e+02   8.4860951e-01
   4.3900000e+02   8.4286192e-01
   4.4000000e+02   8.3750178e-01
   4.4100000e+02   8.3252274e-01
   4.4200000e+02   8.2791620e-01
   4.4300000e+02   8.2367173e-01
   4.4400000e+02   8.1977731e-01
   4.4500000e+02   8.1621967e-01
   4.4600000e+02   8.1298451e-01
   4.4700000e+02   8.1005680e-01
   4.4800000e+02   8.0742094e-01
   4.4900000e+02   8.0506097e-01
   4.5000000e+02   8.0296076e-01
   4.5100000e+02   8.0110413e-01
   4.5200000e+02   7.9947502e-01
   4.5300000e+02   7.9805757e-01
   4.5400000e+02   7.9683624e-01
   4.5500000e+02   7.9579590e-01
   4.5600000e+02   7.9492189e-01
   4.5700000e+02   7.9420007e-01
   4.5800000e+02   7.9361687e-01
   4.5900000e+02   7.9315934e-01
   4.6000000e+02   7.9281519e-01
   4.6100000e+02   7.9257274e-01
   4.6200000e+02   7.9242100e-01
   4.6300000e+02   7.9234966e-01
   4.6400000e+02   7.9234905e-01
   4.6500000e+02   7.9241018e-01
   4.6600000e+02   7.9252471e-01
   4.6700000e+02   7.9268492e-01
   4.6800000e+02   7.9288371e-01
   4.6900000e+02   7.9311458e-01
   4.7000000e+02   7.9337159e-01
   4.7100000e+02   7.9364934e-01
   4.7200000e+02   7.9394297e-01
   4.7300000e+02   7.9424810e-01
   4.7400000e+02   7.9456082e-01
   4.7500000e+02   7.9487764e-01
   4.7600000e+02   7.9519550e-01
   4.7700000e+02   7.9551172e-01
   4.7800000e+02   7.9582396e-01
   4.7900000e+02   7.9613023e-01
   4.8000000e+02   7.9642881e-01
   4.8100000e+02   7.9671830e-01
   4.8200000e+02   7.9699752e-01
   4.8300000e+02   7.9726554e-01
   4.8400000e+02   7.9752162e-01
   4.8500000e+02   7.9776522e-01
   4.8600000e+02   7.9799597e-01
   4.8700000e+02   7.9821365e-01
   4.8800000e+02   7.9841816e-01
   4.8900000e+02   7.9860954e-01
   4.9000000e+02   7.9878789e-01
   4.9100000e+02   7.9895344e-01
   4.9200000e+02   7.9910646e-01
   4.9300000e+02   7.9924731e-01
   4.9400000e+02   7.9937638e-01
   4.9500000e+02   7.9949410e-01
   4.9600000e+02   7.9960095e-01
   4.9700000e+02   7.9969742e-01
   4.9800000e+02   7.9978402e-01
   4.9900000e+02   7.9986127e-01
   5.0000000e+02   7.9992968e-01
   5.0100000e+02   7.9998979e-01
   5.0200000e+02   8.0004210e-01
   5.0300000e+02   8.0008712e-01
   5.0400000e+02   8.0012536e-01
   5.0500000e+02   8.0015727e-01
   5.0600000e+02   8.0018334e-01
   5.0700000e+02   8.0020400e-01
   5.0800000e+02   8.0021966e-01
   5.0900000e+02   8.0023074e-01
   5.1000000e+02   8.0023760e-01
   5.1100000e+02   8.0024061e-01
   5.1200000e+02   8.0024010e-01
   5.1300000e+02   8.0023637e-01
   5.1400000e+02   8.0022971e-01
   5.1500000e+02   8.0022039e-01
   5.1600000e+02   8.0020865e-01
   5.1700000e+02   8.0019473e-01
   5.1800000e+02   8.0017882e-01
   5.1900000e+02   8.0016112e-01
   5.2000000e+02   8.0014180e-01
   5.2100000e+02   8.0012102e-01
   5.2200000e+02   8.0009892e-01
   5.2300000e+02   8.0007564e-01
   5.2400000e+02   8.0005129e-01
   5.2500000e+02   8.0002601e-01
   5.2600000e+02   7.9999988e-01
   5.2700000e+02   7.9997302e-01
   5.2800000e+02   7.9994551e-01
   5.2900000e+02   7.9991745e-01
   5.3000000e+02   7.9988893e-01
   5.3100000e+02   7.9986004e-01
   5.3200000e+02   7.9983084e-01
   5.3300000e+02   7.9980144e-01
   5.3400000e+02   7.9977191e-01
   5.3500000e+02   7.9974232e-01
   5.3600000e+02   7.9971276e-01
   5.3700000e+02   7.9968334e-01
   5.3800000e+02   7.9965416e-01
   5.3900000e+02   7.9962537e-01
   5.4000000e+02   7.9959713e-01
   5.4100000e+02   7.9956961e-01
   5.4200000e+02   7.9954298e-01
   5.4300000e+02   7.9951742e-01
   5.4400000e+02   7.9949313e-01
   5.4500000e+02   7.9947027e-01
   5.4600000e+02   7.9944901e-01
   5.4700000e+02   7.9942950e-01
   5.4800000e+02   7.9941189e-01
   5.4900000e+02   7.9939628e-01
   5.5000000e+02   7.9938278e-01
   5.5100000e+02   7.9937147e-01
   5.5200000e+02   7.9936239e-01
   5.5300000e+02   7.9935558e-01
   5.5400000e+02   7.9935105e-01
   5.5500000e+02   7.9934880e-01
   5.5600000e+02   7.9934878e-01
   5.5700000e+02   7.9935096e-01
   5.5800000e+02   7.9935526e-01
   5.5900000e+02   7.9936160e-01
   5.6000000e+02   7.9936990e-01
   5.6100000e+02   7.9938003e-01
   5.6200000e+02   7.9939190e-01
   5.6300000e+02   7.9940536e-01
   5.6400000e+02   7.9942028e-01
   5.6500000e+02   7.9943654e-01
   5.6600000e+02   7.9945399e-01
   5.6700000e+02   7.9947248e-01
   5.6800000e+02   7.9949188e-01
   5.6900000e+02   7.9951204e-01
   5.7000000e+02   7.9953282e-01
   5.7100000e+02   7.9955409e-01
   5.7200000e+02   7.9957572e-01
   5.7300000e+02   7.9959758e-01
   5.7400000e+02   7.9961955e-01
   5.7500000e+02   7.9964151e-01
   5.7600000e+02   7.9966336e-01
   5.7700000e+02   7.9968500e-01
   5.7800000e+02   7.9970633e-01
   5.7900000e+02   7.9972728e-01
   5.8000000e+02   7.9974776e-01
   5.8100000e+02   7.9976771e-01
   5.8200000e+02   7.9978707e-01
   5.8300000e+02   7.9980578e-01
   5.8400000e+02   7.9982380e-01
   5.8500000e+02   7.9984109e-01
   5.8600000e+02   7.9985762e-01
   5.8700000e+02   7.9987337e-01
   5.8800000e+02   7.9988832e-01
   5.8900000e+02   7.9990245e-01
   5.9000000e+02   7.9991576e-01
   5.9100000e+02   7.9992826e-01
   5.9200000e+02   7.9993994e-01
   5.9300000e+02   7.9995081e-01
   5.9400000e+02   7.9996089e-01
   5.9500000e+02   7.9997019e-01
   5.9600000e+02   7.9997873e-01
   5.9700000e+02   7.9998653e-01
   5.9800000e+02   7.9999362e-01
   5.9900000e+02   8.0000002e-01
   6.0000000e+02   8.0000577e-01
   6.0100000e+02   8.0001089e-01
   6.0200000e+02   8.0001540e-01
   6.0300000e+02   8.0001936e-01
   6.0400000e+02   8.0002278e-01
   6.0500000e+02   8.0002569e-01
   6.0600000e+02   8.0002814e-01
   6.0700000e+02   8.0003015e-01
   6.0800000e+02   8.0003175e-01
   6.0900000e+02   8.0003297e-01
   6.1000000e+02   8.0003386e-01
   6.1100000e+02   8.0003442e-01
   6.1200000e+02   8.0003470e-01
   6.1300000e+02   8.0003472e-01
   6.1400000e+02   8.0003451e-01
   6.1500000e+02   8.0003410e-01
   6.1600000e+02   8.0003349e-01
   6.1700000e+02   8.0003273e-01
   6.1800000e+02   8.0003183e-01
   6.1900000e+02   8.0003081e-01
   6.2000000e+02   8.0002969e-01
   6.2100000e+02   8.0002849e-01
   6.2200000e+02   8.0002723e-01
   6.2300000e+02   8.0002591e-01
   6.2400000e+02   8.0002456e-01
   6.2500000e+02   8.0002318e-01
   6.2600000e+02   8.0002179e-01
   6.2700000e+02   8.0002039e-01
   6.2800000e+02   8.0001900e-01
   6.2900000e+02   8.0001763e-01
   6.3000000e+02   8.0001628e-01
   6.3100000e+02   8.0001496e-01
   6.3200000e+02   8.0001367e-01
   6.3300000e+02   8.0001242e-01
   6.3400000e+02   8.0001122e-01
   6.3500000e+02   8.0001006e-01
   6.3600000e+02   8.0000895e-01
   6.3700000e+02   8.0000789e-01
   6.3800000e+02   8.0000688e-01
   6.3900000e+02   8.0000592e-01
   6.4000000e+02   8.0000502e-01
   6.4100000e+02   8.0000417e-01
   6.4200000e+02   8.0000338e-01
   6.4300000e+02   8.0000264e-01
   6.4400000e+02   8.0000195e-01
   6.4500000e+02   8.0000131e-01
   6.4600000e+02   8.0000073e-01
   6.4700000e+02   8.0000019e-01
   6.4800000e+02   7.9999970e-01
   6.4900000e+02   7.9999925e-01
   6.5000000e+02   7.9999885e-01
   6.5100000e+02   7.9999850e-01
   6.5200000e+02   7.9999818e-01
   6.5300000e+02   7.9999790e-01
   6.5400000e+02   7.9999766e-01
   6.5500000e+02   7.9999745e-01
   6.5600000e+02   7.9999728e-01
   6.5700000e+02   7.9999714e-01
   6.5800000e+02   7.9999703e-01
   6.5900000e+02   7.9999694e-01
   6.6000000e+02   7.9999688e-01
   6.6100000e+02   7.9999685e-01
   6.6200000e+02   7.9999684e-01
   6.6300000e+02   7.9999685e-01
   6.6400000e+02   7.9999688e-01
   6.6500000e+02   7.9999693e-01
   6.6600000e+02   7.9999700e-01
   6.6700000e+02   7.9999708e-01
   6.6800000e+02   7.9999717e-01
   6.6900000e+02   7.9999728e-01
   6.7000000e+02   7.9999740e-01
   6.7100000e+02   7.9999753e-01
   6.7200000e+02   7.9999767e-01
   6.7300000e+02   7.9999782e-01
   6.7400000e+02   7.9999797e-01
   6.7500000e+02   7.9999814e-01
   6.7600000e+02   7.9999830e-01
   6.7700000e+02   7.9999847e-01
   6.7800000e+02   7.9999864e-01
   6.7900000e+02   7.9999881e-01
   6.8000000e+02   7.9999899e-01
   6.8100000e+02   7.9999916e-01
   6.8200000e+02   7.9999933e-01
   6.8300000e+02   7.9999950e-01
   6.8400000e+02   7.9999967e-01
   6.8500000e+02   7.9999983e-01
   6.8600000e+02   7.9999999e-01
   6.8700000e+02   8.0000014e-01
   6.8800000e+02   8.0000029e-01
   6.8900000e+02   8.0000044e-01
   6.9000000e+02   8.0000057e-01
   6.9100000e+02   8.0000070e-01
   6.9200000e+02   8.0000082e-01
   6.9300000e+02   8.0000094e-01
   6.9400000e+02   8.0000104e-01
   6.9500000e+02   8.0000114e-01
   6.9600000e+02   8.0000123e-01
   6.9700000e+02   8.0000131e-01
   6.9800000e+02   8.0000138e-01
   6.9900000e+02   8.0000144e-01
   7.0000000e+02   8.0000150e-01
   7.0100000e+02   8.0000155e-01
   7.0200000e+02   8.0000159e-01
   7.0300000e+02   8.0000162e-01
   7.0400000e+02   8.0000164e-01
   7.0500000e+02   8.0000166e-01
   7.0600000e+02   8.0000166e-01
   7.0700000e+02   8.0000167e-01
   7.0800000e+02   8.0000166e-01
   7.0900000e+02   8.0000165e-01
   7.1000000e+02   8.0000163e-01
   7.1100000e+02   8.0000161e-01
   7.1200000e+02   8.0000158e-01
   7.1300000e+02   8.0000155e-01
   7.1400000e+02   8.0000151e-01
   7.1500000e+02   8.0000147e-01
   7.1600000e+02   8.0000143e-01
   7.1700000e+02   8.0000138e-01
   7.1800000e+02   8.0000133e-01
   7.1900000e+02   8.0000128e-01
   7.2000000e+02   8.0000123e-01
   7.2100000e+02   8.0000117e-01
   7.2200000e+02   8.0000112e-01
   7.2300000e+02   8.0000106e-01
   7.2400000e+02   8.0000100e-01
   7.2500000e+02   8.0000094e-01
   7.2600000e+02   8.0000089e-01
   7.2700000e+02   8.0000083e-01
   7.2800000e+02   8.0000077e-01
   7.2900000e+02   8.0000072e-01
   7.3000000e+02   8.0000066e-01
   7.3100000e+02   8.0000061e-01
   7.3200000e+02   8.0000056e-01
   7.3300000e+02   8.0000050e-01
   7.3400000e+02   8.0000046e-01
   7.3500000e+02   8.0000041e-01
   7.3600000e+02   8.0000036e-01
   7.3700000e+02   8.0000032e-01
   7.3800000e+02   8.0000028e-01
   7.3900000e+02   8.0000024e-01
   7.4000000e+02   8.0000020e-01
   7.4100000e+02   8.0000017e-01
   7.4200000e+02   8.0000014e-01
   7.4300000e+02   8.0000011e-01
   7.4400000e+02   8.0000008e-01
   7.4500000e+02   8.0000005e-01
   7.4600000e+02   8.0000003e-01
   7.4700000e+02   8.0000001e-01
   7.4800000e+02   7.9999998e-01
   7.4900000e+02   7.9999997e-01
   7.5000000e+02   7.9999995e-01
   7.5100000e+02   7.9999994e-01
   7.5200000e+02   7.9999992e-01
   7.5300000e+02   7.9999991e-01
   7.5400000e+02   7.9999990e-01
   7.5500000e+02   7.9999989e-01
   7.5600000e+02   7.9999989e-01
   7.5700000e+02   7.9999988e-01
   7.5800000e+02   7.9999988e-01
   7.5900000e+02   7.9999987e-01
   7.6000000e+02   7.9999987e-01
   7.6100000e+02   7.9999987e-01
   7.6200000e+02   7.9999987e-01
   7.6300000e+02   7.9999987e-01
   7.6400000e+02   7.9999987e-01
   7.6500000e+02   7.9999987e-01
   7.6600000e+02   7.9999987e-01
   7.6700000e+02   7.9999988e-01
   7.6800000e+02   7.9999988e-01
   7.6900000e+02   7.9999988e-01
   7.7000000e+02   7.9999989e-01
   7.7100000e+02   7.9999989e-01
   7.7200000e+02   7.9999990e-01
   7.7300000e+02   7.9999990e-01
   7.7400000e+02   7.9999991e-01
   7.7500000e+02   7.9999991e-01
   7.7600000e+02   7.9999992e-01
   7.7700000e+02   7.9999992e-01
   7.7800000e+02   7.9999993e-01
   7.7900000e+02   7.9999993e-01
   7.8000000e+02   7.9999994e-01
   7.8100000e+02   7.9999994e-01
   7.8200000e+02   7.9999995e-01
   7.8300000e+02   7.9999995e-01
   7.8400000e+02   7.9999996e-01
   7.8500000e+02   7.9999996e-01
   7.8600000e+02   7.9999997e-01
   7.8700000e+02   7.9999997e-01
   7.8800000e+02   7.9999997e-01
   7.8900000e+02   7.9999998e-01
   7.9000000e+02   7.9999998e-01
   7.9100000e+02   7.9999998e-01
   7.9200000e+02   7.9999999e-01
   7.9300000e+02   7.9999999e-01
   7.9400000e+02   7.9999999e-01
   7.9500000e+02   8.0000000e-01
   7.9600000e+02   8.0000000e-01
   7.9700000e+02   8.0000000e-01
   7.9800000e+02   8.0000000e-01
   7.9900000e+02   8.0000001e-01
   8.0000000e+02   8.0000001e-01
   8.0100000e+02   8.0000001e-01
   8.0200000e+02   8.0000001e-01
   8.0300000e+02   8.0000001e-01
   8.0400000e+02   8.0000001e-01
   8.0500000e+02   8.0000001e-01
   8.0600000e+02   8.0000001e-01
   8.0700000e+02   8.0000001e-01
   8.0800000e+02   8.0000001e-01
   8.0900000e+02   8.0000001e-01
   8.1000000e+02   8.0028274e-01
   8.1100000e+02   8.0128545e-01
   8.1200000e+02   8.0327793e-01
   8.1300000e+02   8.0640525e-01
   8.1400000e+02   8.1072090e-01
   8.1500000e+02   8.1621222e-01
   8.1600000e+02   8.2282005e-01
   8.1700000e+02   8.3045374e-01
   8.1800000e+02   8.3900259e-01
   8.1900000e+02   8.4834446e-01
   8.2000000e+02   8.5835229e-01
   8.2100000e+02   8.6889890e-01
   8.2200000e+02   8.7986043e-01
   8.2300000e+02   8.9111884e-01
   8.2400000e+02   9.0256360e-01
   8.2500000e+02   9.1409273e-01
   8.2600000e+02   9.2561349e-01
   8.2700000e+02   9.3704256e-01
   8.2800000e+02   9.4830612e-01
   8.2900000e+02   9.5933961e-01
   8.3000000e+02   9.7008742e-01
   8.3100000e+02   9.8050244e-01
   8.3200000e+02   9.9054554e-01
   8.3300000e+02   1.0001851e+00
   8.3400000e+02   1.0093962e+00
   8.3500000e+02   1.0181604e+00
   8.3600000e+02   1.0264649e+00
   8.3700000e+02   1.0343020e+00
   8.3800000e+02   1.0416686e+00
   8.3900000e+02   1.0485657e+00
   8.4000000e+02   1.0549979e+00
   8.4100000e+02   1.0609727e+00
   8.4200000e+02   1.0665006e+00
   8.4300000e+02   1.0715939e+00
   8.4400000e+02   1.0762672e+00
   8.4500000e+02   1.0805364e+00
   8.4600000e+02   1.0844186e+00
   8.4700000e+02   1.0879318e+00
   8.4800000e+02   1.0910949e+00
   8.4900000e+02   1.0939268e+00
   8.5000000e+02   1.0964471e+00
   8.5100000e+02   1.0986750e+00
   8.5200000e+02   1.1006300e+00
   8.5300000e+02   1.1023309e+00
   8.5400000e+02   1.1037965e+00
   8.5500000e+02   1.1050449e+00
   8.5600000e+02   1.1060937e+00
   8.5700000e+02   1.1069599e+00
   8.5800000e+02   1.1076598e+00
   8.5900000e+02   1.1082088e+00
   8.6000000e+02   1.1086218e+00
   8.6100000e+02   1.1089127e+00
   8.6200000e+02   1.1090948e+00
   8.6300000e+02   1.1091804e+00
   8.6400000e+02   1.1091811e+00
   8.6500000e+02   1.1091078e+00
   8.6600000e+02   1.1089703e+00
   8.6700000e+02   1.1087781e+00
   8.6800000e+02   1.1085395e+00
   8.6900000e+02   1.1082625e+00
   8.7000000e+02   1.1079541e+00
   8.7100000e+02   1.1076208e+00
   8.7200000e+02   1.1072684e+00
   8.7300000e+02   1.1069023e+00
   8.7400000e+02   1.1065270e+00
   8.7500000e+02   1.1061468e+00
   8.7600000e+02   1.1057654e+00
   8.7700000e+02   1.1053859e+00
   8.7800000e+02   1.1050112e+00
   8.7900000e+02   1.1046437e+00
   8.8000000e+02   1.1042854e+00
   8.8100000e+02   1.1039380e+00
   8.8200000e+02   1.1036030e+00
   8.8300000e+02   1.1032814e+00
   8.8400000e+02   1.1029741e+00
   8.8500000e+02   1.1026817e+00
   8.8600000e+02   1.1024048e+00
   8.8700000e+02   1.1021436e+00
   8.8800000e+02   1.1018982e+00
   8.8900000e+02   1.1016686e+00
   8.9000000e+02   1.1014545e+00
   8.9100000e+02   1.1012559e+00
   8.9200000e+02   1.1010722e+00
   8.9300000e+02   1.1009032e+00
   8.9400000e+02   1.1007483e+00
   8.9500000e+02   1.1006071e+00
   8.9600000e+02   1.1004789e+00
   8.9700000e+02   1.1003631e+00
   8.9800000e+02   1.1002592e+00
   8.9900000e+02   1.1001665e+00
   9.0000000e+02   1.1000844e+00
   9.0100000e+02   1.1000123e+00
   9.0200000e+02   1.0999495e+00
   9.0300000e+02   1.0998954e+00
   9.0400000e+02   1.0998496e+00
   9.0500000e+02   1.0998113e+00
   9.0600000e+02   1.0997800e+00
   9.0700000e+02   1.0997552e+00
   9.0800000e+02   1.0997364e+00
   9.0900000e+02   1.0997231e+00
   9.1000000e+02   1.0997149e+00
   9.1100000e+02   1.0997113e+00
   9.1200000e+02   1.0997119e+00
   9.1300000e+02   1.0997164e+00
   9.1400000e+02   1.0997243e+00
   9.1500000e+02   1.0997355e+00
   9.1600000e+02   1.0997496e+00
   9.1700000e+02   1.0997663e+00
   9.1800000e+02   1.0997854e+00
   9.1900000e+02   1.0998067e+00
   9.2000000e+02   1.0998298e+00
   9.2100000e+02   1.0998548e+00
   9.2200000e+02   1.0998813e+00
   9.2300000e+02   1.0999092e+00
   9.2400000e+02   1.0999384e+00
   9.2500000e+02   1.0999688e+00
   9.2600000e+02   1.1000001e+00
   9.2700000e+02   1.1000324e+00
   9.2800000e+02   1.1000654e+00
   9.2900000e+02   1.1000991e+00
   9.3000000e+02   1.1001333e+00
   9.3100000e+02   1.1001680e+00
   9.3200000e+02   1.1002030e+00
   9.3300000e+02   1.1002383e+00
   9.3400000e+02   1.1002737e+00
   9.3500000e+02   1.1003092e+00
   9.3600000e+02   1.1003447e+00
   9.3700000e+02   1.1003800e+00
   9.3800000e+02   1.1004150e+00
   9.3900000e+02   1.1004495e+00
   9.4000000e+02   1.1004834e+00
   9.4100000e+02   1.1005165e+00
   9.4200000e+02   1.1005484e+00
   9.4300000e+02   1.1005791e+00
   9.4400000e+02   1.1006082e+00
   9.4500000e+02   1.1006357e+00
   9.4600000e+02   1.1006612e+00
   9.4700000e+02   1.1006846e+00
   9.4800000e+02   1.1007057e+00
   9.4900000e+02   1.1007245e+00
   9.5000000e+02   1.1007407e+00
   9.5100000e+02   1.1007542e+00
   9.5200000e+02   1.1007651e+00
   9.5300000e+02   1.1007733e+00
   9.5400000e+02   1.1007787e+00
   9.5500000e+02   1.1007814e+00
   9.5600000e+02   1.1007815e+00
   9.5700000e+02   1.1007789e+00
   9.5800000e+02   1.1007737e+00
   9.5900000e+02   1.1007661e+00
   9.6000000e+02   1.1007561e+00
   9.6100000e+02   1.1007440e+00
   9.6200000e+02   1.1007297e+00
   9.6300000e+02   1.1007136e+00
   9.6400000e+02   1.1006957e+00
   9.6500000e+02   1.1006761e+00
   9.6600000e+02   1.1006552e+00
   9.6700000e+02   1.1006330e+00
   9.6800000e+02   1.1006097e+00
   9.6900000e+02   1.1005856e+00
   9.7000000e+02   1.1005606e+00
   9.7100000e+02   1.1005351e+00
   9.7200000e+02   1.1005091e+00
   9.7300000e+02   1.1004829e+00
   9.7400000e+02   1.1004565e+00
   9.7500000e+02   1.1004302e+00
   9.7600000e+02   1.1004040e+00
   9.7700000e+02   1.1003780e+00
   9.7800000e+02   1.1003524e+00
   9.7900000e+02   1.1003273e+00
   9.8000000e+02   1.1003027e+00
   9.8100000e+02   1.1002787e+00
   9.8200000e+02   1.1002555e+00
   9.8300000e+02   1.1002331e+00
   9.8400000e+02   1.1002114e+00
   9.8500000e+02   1.1001907e+00
   9.8600000e+02   1.1001709e+00
   9.8700000e+02   1.1001520e+00
   9.8800000e+02   1.1001340e+00
   9.8900000e+02   1.1001171e+00
   9.9000000e+02   1.1001011e+00
   9.9100000e+02   1.1000861e+00
   9.9200000e+02   1.1000721e+00
   9.9300000e+02   1.1000590e+00
   9.9400000e+02   1.1000469e+00
   9.9500000e+02   1.1000358e+00
   9.9600000e+02   1.1000255e+00
   9.9700000e+02   1.1000162e+00
   9.9800000e+02   1.1000077e+00
   9.9900000e+02   1.1000000e+00
   1.0000000e+03   1.0999931e+00
   1.0010000e+03   1.0999869e+00
   1.0020000e+03   1.0999815e+00
   1.0030000e+03   1.0999768e+00
   1.0040000e+03   1.0999727e+00
   1.0050000e+03   1.0999692e+00
   1.0060000e+03   1.0999662e+00
   1.0070000e+03   1.0999638e+00
   1.0080000e+03   1.0999619e+00
   1.0090000e+03   1.0999604e+00
   1.0100000e+03   1.0999594e+00
   1.0110000e+03   1.0999587e+00
   1.0120000e+03   1.0999584e+00
   1.0130000e+03   1.0999583e+00
   1.0140000e+03   1.0999586e+00
   1.0150000e+03   1.0999591e+00
   1.0160000e+03   1.0999598e+00
   1.0170000e+03   1.0999607e+00
   1.0180000e+03   1.0999618e+00
   1.0190000e+03   1.0999630e+00
   1.0200000e+03   1.0999644e+00
   1.0210000e+03   1.0999658e+00
   1.0220000e+03   1.0999673e+00
   1.0230000e+03   1.0999689e+00
   1.0240000e+03   1.0999705e+00
   1.0250000e+03   1.0999722e+00
   1.0260000e+03   1.0999739e+00
   1.0270000e+03   1.0999755e+00
   1.0280000e+03   1.0999772e+00
   1.0290000e+03   1.0999788e+00
   1.0300000e+03   1.0999805e+00
   1.0310000e+03   1.0999820e+00
   1.0320000e+03   1.0999836e+00
   1.0330000e+03   1.0999851e+00
   1.0340000e+03   1.0999865e+00
   1.0350000e+03   1.0999879e+00
   1.0360000e+03   1.0999893e+00
   1.0370000e+03   1.0999905e+00
   1.0380000e+03   1.0999917e+00
   1.0390000e+03   1.0999929e+00
   1.0400000e+03   1.0999940e+00
   1.0410000e+03   1.0999950e+00
   1.0420000e+03   1.0999959e+00
   1.0430000e+03   1.0999968e+00
   1.0440000e+03   1.0999977e+00
   1.0450000e+03   1.0999984e+00
   1.0460000e+03   1.0999991e+00
   1.0470000e+03   1.0999998e+00
   1.0480000e+03   1.1000004e+00
   1.0490000e+03   1.1000009e+00
   1.0500000e+03   1.1000014e+00
   1.0510000e+03   1.1000018e+00
   1.0520000e+03   1.1000022e+00
   1.0530000e+03   1.1000025e+00
   1.0540000e+03   1.1000028e+00
   1.0550000e+03   1.1000031e+00
   1.0560000e+03   1.1000033e+00
   1.0570000e+03   1.1000034e+00
   1.0580000e+03   1.1000036e+00
   1.0590000e+03   1.1000037e+00
   1.0600000e+03   1.1000037e+00
   1.0610000e+03   1.1000038e+00
   1.0620000e+03   1.1000038e+00
   1.0630000e+03   1.1000038e+00
   1.0640000e+03   1.1000037e+00
   1.0650000e+03   1.1000037e+00
   1.0660000e+03   1.1000036e+00
   1.0670000e+03   1.1000035e+00
   1.0680000e+03   1.1000034e+00
   1.0690000e+03   1.1000033e+00
   1.0700000e+03   1.1000031e+00
   1.0710000e+03   1.1000030e+00
   1.0720000e+03   1.1000028e+00
   1.0730000e+03   1.1000026e+00
   1.0740000e+03   1.1000024e+00
   1.0750000e+03   1.1000022e+00
   1.0760000e+03   1.1000020e+00
   1.0770000e+03   1.1000018e+00
   1.0780000e+03   1.1000016e+00
   1.0790000e+03   1.1000014e+00
   1.0800000e+03   1.1000012e+00
   1.0810000e+03   1.1000010e+00
   1.0820000e+03   1.1000008e+00
   1.0830000e+03   1.1000006e+00
   1.0840000e+03   1.1000004e+00
   1.0850000e+03   1.1000002e+00
   1.0860000e+03   1.1000000e+00
   1.0870000e+03   1.0999998e+00
   1.0880000e+03   1.0999996e+00
   1.0890000e+03   1.0999995e+00
   1.0900000e+03   1.0999993e+00
   1.0910000e+03   1.0999992e+00
   1.0920000e+03   1.0999990e+00
   1.0930000e+03   1.0999989e+00
   1.0940000e+03   1.0999988e+00
   1.0950000e+03   1.0999986e+00
   1.0960000e+03   1.0999985e+00
   1.0970000e+03   1.0999984e+00
   1.0980000e+03   1.0999983e+00
   1.0990000e+03   1.0999983e+00
   1.1000000e+03   1.0999982e+00
   1.1010000e+03   1.0999981e+00
   1.1020000e+03   1.0999981e+00
   1.1030000e+03   1.0999981e+00
   1.1040000e+03   1.0999980e+00
   1.1050000e+03   1.0999980e+00
   1.1060000e+03   1.0999980e+00
   1.1070000e+03   1.0999980e+00
   1.1080000e+03   1.0999980e+00
   1.1090000e+03   1.0999980e+00
   1.1100000e+03   1.0999980e+00
   1.1110000e+03   1.0999981e+00
   1.1120000e+03   1.0999981e+00
   1.1130000e+03   1.0999981e+00
   1.1140000e+03   1.0999982e+00
   1.1150000e+03   1.0999982e+00
   1.1160000e+03   1.0999983e+00
   1.1170000e+03   1.0999983e+00
   1.1180000e+03   1.0999984e+00
   1.1190000e+03   1.0999985e+00
   1.1200000e+03   1.0999985e+00
   1.1210000e+03   1.0999986e+00
   1.1220000e+03   1.0999987e+00
   1.1230000e+03   1.0999987e+00
   1.1240000e+03   1.0999988e+00
   1.1250000e+03   1.0999989e+00
   1.1260000e+03   1.0999989e+00
   1.1270000e+03   1.0999990e+00
   1.1280000e+03   1.0999991e+00
   1.1290000e+03   1.0999991e+00
   1.1300000e+03   1.0999992e+00
   1.1310000e+03   1.0999993e+00
   1.1320000e+03   1.0999993e+00
   1.1330000e+03   1.0999994e+00
   1.1340000e+03   1.0999995e+00
   1.1350000e+03   1.0999995e+00
   1.1360000e+03   1.0999996e+00
   1.1370000e+03   1.0999996e+00
   1.1380000e+03   1.0999997e+00
   1.1390000e+03   1.0999997e+00
   1.1400000e+03   1.0999998e+00
   1.1410000e+03   1.0999998e+00
   1.1420000e+03   1.0999998e+00
   1.1430000e+03   1.0999999e+00
   1.1440000e+03   1.0999999e+00
   1.1450000e+03   1.0999999e+00
   1.1460000e+03   1.1000000e+00
   1.1470000e+03   1.1000000e+00
   1.1480000e+03   1.1000000e+00
   1.1490000e+03   1.1000000e+00
   1.1500000e+03   1.1000001e+00
   1.1510000e+03   1.1000001e+00
   1.1520000e+03   1.1000001e+00
   1.1530000e+03   1.1000001e+00
   1.1540000e+03   1.1000001e+00
   1.1550000e+03   1.1000001e+00
   1.1560000e+03   1.1000001e+00
   1.1570000e+03   1.1000001e+00
   1.1580000e+03   1.1000001e+00
   1.1590000e+03   1.1000002e+00
   1.1600000e+03   1.1000002e+00
   1.1610000e+03   1.1000002e+00
   1.1620000e+03   1.1000002e+00
   1.1630000e+03   1.1000002e+00
   1.1640000e+03   1.1000002e+00
   1.1650000e+03   1.1000002e+00
   1.1660000e+03   1.1000002e+00
   1.1670000e+03   1.1000001e+00
   1.1680000e+03   1.1000001e+00
   1.1690000e+03   1.1000001e+00
   1.1700000e+03   1.1000001e+00
   1.1710000e+03   1.1000001e+00
   1.1720000e+03   1.1000001e+00
   1.1730000e+03   1.1000001e+00
   1.1740000e+03   1.1000001e+00
   1.1750000e+03   1.1000001e+00
   1.1760000e+03   1.1000001e+00
   1.1770000e+03   1.1000001e+00
   1.1780000e+03   1.1000001e+00
   1.1790000e+03   1.1000001e+00
   1.1800000e+03   1.1000001e+00
   1.1810000e+03   1.1000001e+00
   1.1820000e+03   1.1000001e+00
   1.1830000e+03   1.1000001e+00
   1.1840000e+03   1.1000001e+00
   1.1850000e+03   1.1000000e+00
   1.1860000e+03   1.1000000e+00
   1.1870000e+03   1.1000000e+00
   1.1880000e+03   1.1000000e+00
   1.1890000e+03   1.1000000e+00
   1.1900000e+03   1.1000000e+00
   1.1910000e+03   1.1000000e+00
   1.1920000e+03   1.1000000e+00
   1.1930000e+03   1.1000000e+00
   1.1940000e+03   1.1000000e+00
   1.1950000e+03   1.1000000e+00
   1.1960000e+03   1.1000000e+00
   1.1970000e+03   1.1000000e+00
   1.1980000e+03   1.1000000e+00
   1.1990000e+03   1.1000000e+00
   1.2000000e+03   1.1000000e+00
   1.2010000e+03   1.1000000e+00
   1.2020000e+03   1.1000000e+00
   1.2030000e+03   1.1000000e+00
   1.2040000e+03   1.1000000e+00
   1.2050000e+03   1.1000000e+00
   1.2060000e+03   1.1000000e+00
   1.2070000e+03   1.1000000e+00
   1.2080000e+03   1.1000000e+00
   1.2090000e+03   1.1000000e+00
   1.2100000e+03   1.0998115e+00
   1.2110000e+03   1.0991430e+00
   1.2120000e+03   1.0978147e+00
   1.2130000e+03   1.0957298e+00
   1.2140000e+03   1.0928527e+00
   1.2150000e+03   1.0891918e+00
   1.2160000e+03   1.0847866e+00
   1.2170000e+03   1.0796975e+00
   1.2180000e+03   1.0739983e+00
   1.2190000e+03   1.0677704e+00
   1.2200000e+03   1.0610985e+00
   1.2210000e+03   1.0540674e+00
   1.2220000e+03   1.0467597e+00
   1.2230000e+03   1.0392541e+00
   1.2240000e+03   1.0316243e+00
   1.2250000e+03   1.0239382e+00
   1.2260000e+03   1.0162577e+00
   1.2270000e+03   1.0086383e+00
   1.2280000e+03   1.0011293e+00
   1.2290000e+03   9.9377359e-01
   1.2300000e+03   9.8660838e-01
   1.2310000e+03   9.7966504e-01
   1.2320000e+03   9.7296964e-01
   1.2330000e+03   9.6654329e-01
   1.2340000e+03   9.6040254e-01
   1.2350000e+03   9.5455974e-01
   1.2360000e+03   9.4902341e-01
   1.2370000e+03   9.4379869e-01
   1.2380000e+03   9.3888761e-01
   1.2390000e+03   9.3428954e-01
   1.2400000e+03   9.3000143e-01
   1.2410000e+03   9.2601819e-01
   1.2420000e+03   9.2233296e-01
   1.2430000e+03   9.1893739e-01
   1.2440000e+03   9.1582185e-01
   1.2450000e+03   9.1297573e-01
   1.2460000e+03   9.1038761e-01
   1.2470000e+03   9.0804544e-01
   1.2480000e+03   9.0593675e-01
   1.2490000e+03   9.0404878e-01
   1.2500000e+03   9.0236861e-01
   1.2510000e+03   9.0088331e-01
   1.2520000e+03   8.9958002e-01
   1.2530000e+03   8.9844605e-01
   1.2540000e+03   8.9746899e-01
   1.2550000e+03   8.9663672e-01
   1.2560000e+03   8.9593751e-01
   1.2570000e+03   8.9536005e-01
   1.2580000e+03   8.9489349e-01
   1.2590000e+03   8.9452748e-01
   1.2600000e+03   8.9425215e-01
   1.2610000e+03   8.9405819e-01
   1.2620000e+03   8.9393680e-01
   1.2630000e+03   8.9387972e-01
   1.2640000e+03   8.9387924e-01
   1.2650000e+03   8.9392815e-01
   1.2660000e+03   8.9401977e-01
   1.2670000e+03   8.9414794e-01
   1.2680000e+03   8.9430697e-01
   1.2690000e+03   8.9449166e-01
   1.2700000e+03   8.9469727e-01
   1.2710000e+03   8.9491947e-01
   1.2720000e+03   8.9515438e-01
   1.2730000e+03   8.9539848e-01
   1.2740000e+03   8.9564865e-01
   1.2750000e+03   8.9590211e-01
   1.2760000e+03   8.9615640e-01
   1.2770000e+03   8.9640938e-01
   1.2780000e+03   8.9665917e-01
   1.2790000e+03   8.9690418e-01
   1.2800000e+03   8.9714305e-01
   1.2810000e+03   8.9737464e-01
   1.2820000e+03   8.9759802e-01
   1.2830000e+03   8.9781243e-01
   1.2840000e+03   8.9801729e-01
   1.2850000e+03   8.9821218e-01
   1.2860000e+03   8.9839678e-01
   1.2870000e+03   8.9857092e-01
   1.2880000e+03   8.9873453e-01
   1.2890000e+03   8.9888763e-01
   1.2900000e+03   8.9903031e-01
   1.2910000e+03   8.9916275e-01
   1.2920000e+03   8.9928517e-01
   1.2930000e+03   8.9939785e-01
   1.2940000e+03   8.9950110e-01
   1.2950000e+03   8.9959528e-01
   1.2960000e+03   8.9968076e-01
   1.2970000e+03   8.9975794e-01
   1.2980000e+03   8.9982722e-01
   1.2990000e+03   8.9988902e-01
   1.3000000e+03   8.9994375e-01
   1.3010000e+03   8.9999183e-01
   1.3020000e+03   9.0003368e-01
   1.3030000e+03   9.0006970e-01
   1.3040000e+03   9.0010029e-01
   1.3050000e+03   9.0012582e-01
   1.3060000e+03   9.0014667e-01
   1.3070000e+03   9.0016320e-01
   1.3080000e+03   9.0017573e-01
   1.3090000e+03   9.0018459e-01
   1.3100000e+03   9.0019008e-01
   1.3110000e+03   9.0019249e-01
   1.3120000e+03   9.0019208e-01
   1.3130000e+03   9.0018909e-01
   1.3140000e+03   9.0018377e-01
   1.3150000e+03   9.0017631e-01
   1.3160000e+03   9.0016692e-01
   1.3170000e+03   9.0015578e-01
   1.3180000e+03   9.0014306e-01
   1.3190000e+03   9.0012890e-01
   1.3200000e+03   9.0011344e-01
   1.3210000e+03   9.0009681e-01
   1.3220000e+03   9.0007913e-01
   1.3230000e+03   9.0006051e-01
   1.3240000e+03   9.0004104e-01
   1.3250000e+03   9.0002081e-01
   1.3260000e+03   8.9999991e-01
   1.3270000e+03   8.9997841e-01
   1.3280000e+03   8.9995641e-01
   1.3290000e+03   8.9993396e-01
   1.3300000e+03   8.9991115e-01
   1.3310000e+03   8.9988803e-01
   1.3320000e+03   8.9986468e-01
   1.3330000e+03   8.9984115e-01
   1.3340000e+03   8.9981752e-01
   1.3350000e+03   8.9979385e-01
   1.3360000e+03   8.9977021e-01
   1.3370000e+03   8.9974667e-01
   1.3380000e+03   8.9972333e-01
   1.3390000e+03   8.9970030e-01
   1.3400000e+03   8.9967771e-01
   1.3410000e+03   8.9965569e-01
   1.3420000e+03   8.9963438e-01
   1.3430000e+03   8.9961394e-01
   1.3440000e+03   8.9959450e-01
   1.3450000e+03   8.9957621e-01
   1.3460000e+03   8.9955920e-01
   1.3470000e+03   8.9954360e-01
   1.3480000e+03   8.9952951e-01
   1.3490000e+03   8.9951703e-01
   1.3500000e+03   8.9950623e-01
   1.3510000e+03   8.9949717e-01
   1.3520000e+03   8.9948991e-01
   1.3530000e+03   8.9948447e-01
   1.3540000e+03   8.9948084e-01
   1.3550000e+03   8.9947904e-01
   1.3560000e+03   8.9947902e-01
   1.3570000e+03   8.9948076e-01
   1.3580000e+03   8.9948421e-01
   1.3590000e+03   8.9948928e-01
   1.3600000e+03   8.9949592e-01
   1.3610000e+03   8.9950403e-01
   1.3620000e+03   8.9951352e-01
   1.3630000e+03   8.9952429e-01
   1.3640000e+03   8.9953623e-01
   1.3650000e+03   8.9954923e-01
   1.3660000e+03   8.9956319e-01
   1.3670000e+03   8.9957799e-01
   1.3680000e+03   8.9959350e-01
   1.3690000e+03   8.9960963e-01
   1.3700000e+03   8.9962626e-01
   1.3710000e+03   8.9964328e-01
   1.3720000e+03   8.9966058e-01
   1.3730000e+03   8.9967806e-01
   1.3740000e+03   8.9969564e-01
   1.3750000e+03   8.9971321e-01
   1.3760000e+03   8.9973069e-01
   1.3770000e+03   8.9974800e-01
   1.3780000e+03   8.9976506e-01
   1.3790000e+03   8.9978182e-01
   1.3800000e+03   8.9979821e-01
   1.3810000e+03   8.9981417e-01
   1.3820000e+03   8.9982965e-01
   1.3830000e+03   8.9984462e-01
   1.3840000e+03   8.9985904e-01
   1.3850000e+03   8.9987287e-01
   1.3860000e+03   8.9988610e-01
   1.3870000e+03   8.9989869e-01
   1.3880000e+03   8.9991065e-01
   1.3890000e+03   8.9992196e-01
   1.3900000e+03   8.9993261e-01
   1.3910000e+03   8.9994261e-01
   1.3920000e+03   8.9995195e-01
   1.3930000e+03   8.9996065e-01
   1.3940000e+03   8.9996871e-01
   1.3950000e+03   8.9997615e-01
   1.3960000e+03   8.9998298e-01
   1.3970000e+03   8.9998922e-01
   1.3980000e+03   8.9999490e-01
   1.3990000e+03   9.0000002e-01
   1.4000000e+03   9.0000461e-01
   1.4010000e+03   9.0000871e-01
   1.4020000e+03   9.0001232e-01
   1.4030000e+03   9.0001549e-01
   1.4040000e+03   9.0001822e-01
   1.4050000e+03   9.0002055e-01
   1.4060000e+03   9.0002251e-01
   1.4070000e+03   9.0002412e-01
   1.4080000e+03   9.0002540e-01
   1.4090000e+03   9.0002638e-01
   1.4100000e+03   9.0002709e-01
   1.4110000e+03   9.0002754e-01
   1.4120000e+03   9.0002776e-01
   1.4130000e+03   9.0002778e-01
   1.4140000e+03   9.0002761e-01
   1.4150000e+03   9.0002728e-01
   1.4160000e+03   9.0002680e-01
   1.4170000e+03   9.0002619e-01
   1.4180000e+03   9.0002547e-01
   1.4190000e+03   9.0002465e-01
   1.4200000e+03   9.0002376e-01
   1.4210000e+03   9.0002279e-01
   1.4220000e+03   9.0002178e-01
   1.4230000e+03   9.0002073e-01
   1.4240000e+03   9.0001964e-01
   1.4250000e+03   9.0001854e-01
   1.4260000e+03   9.0001743e-01
   1.4270000e+03   9.0001631e-01
   1.4280000e+03   9.0001520e-01
   1.4290000e+03   9.0001411e-01
   1.4300000e+03   9.0001303e-01
   1.4310000e+03   9.0001197e-01
   1.4320000e+03   9.0001094e-01
   1.4330000e+03   9.0000994e-01
   1.4340000e+03   9.0000897e-01
   1.4350000e+03   9.0000805e-01
   1.4360000e+03   9.0000716e-01
   1.4370000e+03   9.0000631e-01
   1.4380000e+03   9.0000550e-01
   1.4390000e+03   9.0000474e-01
   1.4400000e+03   9.0000402e-01
   1.4410000e+03   9.0000334e-01
   1.4420000e+03   9.0000270e-01
   1.4430000e+03   9.0000211e-01
   1.4440000e+03   9.0000156e-01
   1.4450000e+03   9.0000105e-01
   1.4460000e+03   9.0000058e-01
   1.4470000e+03   9.0000015e-01
   1.4480000e+03   8.9999976e-01
   1.4490000e+03   8.9999940e-01
   1.4500000e+03   8.9999908e-01
   1.4510000e+03   8.9999880e-01
   1.4520000e+03   8.9999854e-01
   1.4530000e+03   8.9999832e-01
   1.4540000e+03   8.9999813e-01
   1.4550000e+03   8.9999796e-01
   1.4560000e+03   8.9999782e-01
   1.4570000e+03   8.9999771e-01
   1.4580000e+03   8.9999762e-01
   1.4590000e+03   8.9999755e-01
   1.4600000e+03   8.9999751e-01
   1.4610000e+03   8.9999748e-01
   1.4620000e+03   8.9999747e-01
   1.4630000e+03   8.9999748e-01
   1.4640000e+03   8.9999751e-01
   1.4650000e+03   8.9999754e-01
   1.4660000e+03   8.9999760e-01
   1.4670000e+03   8.9999766e-01
   1.4680000e+03   8.9999774e-01
   1.4690000e+03   8.9999783e-01
   1.4700000e+03   8.9999792e-01
   1.4710000e+03   8.9999803e-01
   1.4720000e+03   8.9999814e-01
   1.4730000e+03   8.9999826e-01
   1.4740000e+03   8.9999838e-01
   1.4750000e+03   8.9999851e-01
   1.4760000e+03   8.9999864e-01
   1.4770000e+03   8.9999878e-01
   1.4780000e+03   8.9999891e-01
   1.4790000e+03   8.9999905e-01
   1.4800000e+03   8.9999919e-01
   1.4810000e+03   8.9999933e-01
   1.4820000e+03   8.9999946e-01
   1.4830000e+03   8.9999960e-01
   1.4840000e+03   8.9999973e-01
   1.4850000e+03   8.9999987e-01
   1.4860000e+03   8.9999999e-01
   1.4870000e+03   9.0000012e-01
   1.4880000e+03   9.0000023e-01
   1.4890000e+03   9.0000035e-01
   1.4900000e+03   9.0000046e-01
   1.4910000e+03   9.0000056e-01
   1.4920000e+03   9.0000066e-01
   1.4930000e+03   9.0000075e-01
   1.4940000e+03   9.0000083e-01
   1.4950000e+03   9.0000091e-01
   1.4960000e+03   9.0000098e-01
   1.4970000e+03   9.0000105e-01
   1.4980000e+03   9.0000110e-01
   1.4990000e+03   9.0000116e-01
   1.5000000e+03   9.0000120e-01
   1.5010000e+03   9.0000124e-01
   1.5020000e+03   9.0000127e-01
   1.5030000e+03   9.0000129e-01
   1.5040000e+03   9.0000131e-01
   1.5050000e+03   9.0000132e-01
   1.5060000e+03   9.0000133e-01
   1.5070000e+03   9.0000133e-01
   1.5080000e+03   9.0000133e-01
   1.5090000e+03   9.0000132e-01
   1.5100000e+03   9.0000131e-01
   1.5110000e+03   9.0000129e-01
   1.5120000e+03   9.0000127e-01
   1.5130000e+03   9.0000124e-01
   1.5140000e+03   9.0000121e-01
   1.5150000e+03   9.0000118e-01
   1.5160000e+03   9.0000114e-01
   1.5170000e+03   9.0000111e-01
   1.5180000e+03   9.0000107e-01
   1.5190000e+03   9.0000102e-01
   1.5200000e+03   9.0000098e-01
   1.5210000e+03   9.0000094e-01
   1.5220000e+03   9.0000089e-01
   1.5230000e+03   9.0000085e-01
   1.5240000e+03   9.0000080e-01
   1.5250000e+03   9.0000075e-01
   1.5260000e+03   9.0000071e-01
   1.5270000e+03   9.0000066e-01
   1.5280000e+03   9.0000062e-01
   1.5290000e+03   9.0000057e-01
   1.5300000e+03   9.0000053e-01
   1.5310000e+03   9.0000049e-01
   1.5320000e+03   9.0000044e-01
   1.5330000e+03   9.0000040e-01
   1.5340000e+03   9.0000036e-01
   1.5350000e+03   9.0000033e-01
   1.5360000e+03   9.0000029e-01
   1.5370000e+03   9.0000026e-01
   1.5380000e+03   9.0000022e-01
   1.5390000e+03   9.0000019e-01
   1.5400000e+03   9.0000016e-01
   1.5410000e+03   9.0000014e-01
   1.5420000e+03   9.0000011e-01
   1.5430000e+03   9.0000008e-01
   1.5440000e+03   9.0000006e-01
   1.5450000e+03   9.0000004e-01
   1.5460000e+03   9.0000002e-01
   1.5470000e+03   9.0000000e-01
   1.5480000e+03   8.9999999e-01
   1.5490000e+03   8.9999997e-01
   1.5500000e+03   8.9999996e-01
   1.5510000e+03   8.9999995e-01
   1.5520000e+03   8.9999994e-01
   1.5530000e+03   8.9999993e-01
   1.5540000e+03   8.9999992e-01
   1.5550000e+03   8.9999991e-01
   1.5560000e+03   8.9999991e-01
   1.5570000e+03   8.9999990e-01
   1.5580000e+03   8.9999990e-01
   1.5590000e+03   8.9999990e-01
   1.5600000e+03   8.9999990e-01
   1.5610000e+03   8.9999990e-01
   1.5620000e+03   8.9999989e-01
   1.5630000e+03   8.9999990e-01
   1.5640000e+03   8.9999990e-01
   1.5650000e+03   8.9999990e-01
   1.5660000e+03   8.9999990e-01
   1.5670000e+03   8.9999990e-01
   1.5680000e+03   8.9999990e-01
   1.5690000e+03   8.9999991e-01
   1.5700000e+03   8.9999991e-01
   1.5710000e+03   8.9999991e-01
   1.5720000e+03   8.9999992e-01
   1.5730000e+03   8.9999992e-01
   1.5740000e+03   8.9999993e-01
   1.5750000e+03   8.9999993e-01
   1.5760000e+03   8.9999993e-01
   1.5770000e+03   8.9999994e-01
   1.5780000e+03   8.9999994e-01
   1.5790000e+03   8.9999995e-01
   1.5800000e+03   8.9999995e-01
   1.5810000e+03   8.9999995e-01
   1.5820000e+03   8.9999996e-01
   1.5830000e+03   8.9999996e-01
   1.5840000e+03   8.9999997e-01
   1.5850000e+03   8.9999997e-01
   1.5860000e+03   8.9999997e-01
   1.5870000e+03   8.9999998e-01
   1.5880000e+03   8.9999998e-01
   1.5890000e+03   8.9999998e-01
   1.5900000e+03   8.9999999e-01
   1.5910000e+03   8.9999999e-01
   1.5920000e+03   8.9999999e-01
   1.5930000e+03   8.9999999e-01
   1.5940000e+03   9.0000000e-01
   1.5950000e+03   9.0000000e-01
   1.5960000e+03   9.0000000e-01
   1.5970000e+03   9.0000000e-01
   1.5980000e+03   9.0000000e-01
   1.5990000e+03   9.0000000e-01
   1.6000000e+03   9.0000001e-01
