   1.0000000e+00   2.0000000e+00
   2.0000000e+00   2.0000000e+00
   3.0000000e+00   2.0000000e+00
   4.0000000e+00   2.0000000e+00
   5.0000000e+00   2.0000000e+00
   6.0000000e+00   2.0000000e+00
   7.0000000e+00   2.0000000e+00
   8.0000000e+00   2.0000000e+00
   9.0000000e+00   2.0000000e+00
   1.0000000e+01   2.0000000e+00
   1.1000000e+01   2.0000000e+00
   1.2000000e+01   2.8000000e+00
   1.3000000e+01   2.8000000e+00
   1.4000000e+01   2.8000000e+00
   1.5000000e+01   2.8000000e+00
   1.6000000e+01   2.8000000e+00
   1.7000000e+01   2.8000000e+00
   1.8000000e+01   2.8000000e+00
   1.9000000e+01   2.8000000e+00
   2.0000000e+01   2.8000000e+00
   2.1000000e+01   2.8000000e+00
   2.2000000e+01   2.8000000e+00
   2.3000000e+01   2.8000000e+00
   2.4000000e+01   2.8000000e+00
   2.5000000e+01   2.8000000e+00
   2.6000000e+01   2.8000000e+00
   2.7000000e+01   2.8000000e+00
   2.8000000e+01   2.8000000e+00
   2.9000000e+01   2.7977469e+00
   3.0000000e+01   2.7929935e+00
   3.1000000e+01   2.7861044e+00
   3.2000000e+01   2.7774333e+00
   3.3000000e+01   2.7673143e+00
   3.4000000e+01   2.7560552e+00
   3.5000000e+01   2.7439329e+00
   3.6000000e+01   2.7311916e+00
   3.7000000e+01   2.7180412e+00
   3.8000000e+01   2.7046585e+00
   3.9000000e+01   2.6911898e+00
   4.0000000e+01   2.6777560e+00
   4.1000000e+01   2.6644569e+00
   4.2000000e+01   2.6513744e+00
   4.3000000e+01   2.6385754e+00
   4.4000000e+01   2.6261144e+00
   4.5000000e+01   2.6140348e+00
   4.6000000e+01   2.6023711e+00
   4.7000000e+01   2.5911497e+00
   4.8000000e+01   2.5803903e+00
   4.9000000e+01   2.5701065e+00
   5.0000000e+01   2.5603073e+00
   5.1000000e+01   2.5509968e+00
   5.2000000e+01   2.5421756e+00
   5.3000000e+01   2.5338411e+00
   5.4000000e+01   2.5259877e+00
   5.5000000e+01   2.5186077e+00
   5.6000000e+01   2.5116910e+00
   5.7000000e+01   2.5052262e+00
   5.8000000e+01   2.4992002e+00
   5.9000000e+01   2.4935988e+00
   6.0000000e+01   2.4884070e+00
   6.1000000e+01   2.4836091e+00
   6.2000000e+01   2.4791885e+00
   6.3000000e+01   2.4751287e+00
   6.4000000e+01   2.4714127e+00
   6.5000000e+01   2.4680234e+00
   6.6000000e+01   2.4649438e+00
   6.7000000e+01   2.4621571e+00
   6.8000000e+01   2.4596464e+00
   6.9000000e+01   2.4573953e+00
   7.0000000e+01   2.4553878e+00
   7.1000000e+01   2.4536082e+00
   7.2000000e+01   2.4520411e+00
   7.3000000e+01   2.4506719e+00
   7.4000000e+01   2.4494862e+00
   7.5000000e+01   2.4484704e+00
   7.6000000e+01   2.4476113e+00
   7.7000000e+01   2.4468963e+00
   7.8000000e+01   2.4463134e+00
   7.9000000e+01   2.4458512e+00
   8.0000000e+01   2.4454989e+00
   8.1000000e+01   2.4452463e+00
   8.2000000e+01   2.4450837e+00
   8.3000000e+01   2.4450019e+00
   8.4000000e+01   2.4449925e+00
   8.5000000e+01   2.4450475e+00
   8.6000000e+01   2.4451594e+00
   8.7000000e+01   2.4453212e+00
   8.8000000e+01   2.4455266e+00
   8.9000000e+01   2.4457696e+00
   9.0000000e+01   2.4460445e+00
   9.1000000e+01   2.4463465e+00
   9.2000000e+01   2.4466708e+00
   9.3000000e+01   2.4470131e+00
   9.4000000e+01   2.4473697e+00
   9.5000000e+01   2.4477370e+00
   9.6000000e+01   2.4481118e+00
   9.7000000e+01   2.4484913e+00
   9.8000000e+01   2.4488730e+00
   9.9000000e+01   2.4492546e+00
   1.0000000e+02   2.4496340e+00
   1.0100000e+02   2.4500095e+00
   1.0200000e+02   2.4503797e+00
   1.0300000e+02   2.4507431e+00
   1.0400000e+02   2.4510987e+00
   1.0500000e+02   2.4514455e+00
   1.0600000e+02   2.4517827e+00
   1.0700000e+02   2.4521097e+00
   1.0800000e+02   2.4524259e+00
   1.0900000e+02   2.4527311e+00
   1.1000000e+02   2.4530250e+00
   1.1100000e+02   2.4533073e+00
   1.1200000e+02   2.4535780e+00
   1.1300000e+02   2.4538371e+00
   1.1400000e+02   2.4540846e+00
   1.1500000e+02   2.4543206e+00
   1.1600000e+02   2.4545454e+00
   1.1700000e+02   2.4547591e+00
   1.1800000e+02   2.4549619e+00
   1.1900000e+02   2.4551540e+00
   1.2000000e+02   2.4553359e+00
   1.2100000e+02   2.4555077e+00
   1.2200000e+02   2.4556697e+00
   1.2300000e+02   2.4558222e+00
   1.2400000e+02   2.4559655e+00
   1.2500000e+02   2.4560999e+00
   1.2600000e+02   2.4562256e+00
   1.2700000e+02   2.4563429e+00
   1.2800000e+02   2.4564521e+00
   1.2900000e+02   2.4565534e+00
   1.3000000e+02   2.4566471e+00
   1.3100000e+02   2.4567333e+00
   1.3200000e+02   2.4568123e+00
   1.3300000e+02   2.4568843e+00
   1.3400000e+02   2.4569496e+00
   1.3500000e+02   2.4570083e+00
   1.3600000e+02   2.4570607e+00
   1.3700000e+02   2.4571070e+00
   1.3800000e+02   2.4571463e+00
   1.3900000e+02   2.4571779e+00
   1.4000000e+02   2.4572013e+00
   1.4100000e+02   2.4572161e+00
   1.4200000e+02   2.4572222e+00
   1.4300000e+02   2.4572195e+00
   1.4400000e+02   2.4572082e+00
   1.4500000e+02   2.4571884e+00
   1.4600000e+02   2.4571605e+00
   1.4700000e+02   2.4571247e+00
   1.4800000e+02   2.4570816e+00
   1.4900000e+02   2.4570317e+00
   1.5000000e+02   2.4569755e+00
   1.5100000e+02   2.4569137e+00
   1.5200000e+02   2.4568470e+00
   1.5300000e+02   2.4567761e+00
   1.5400000e+02   2.4567018e+00
   1.5500000e+02   2.4566248e+00
   1.5600000e+02   2.4565458e+00
   1.5700000e+02   2.4564656e+00
   1.5800000e+02   2.4563849e+00
   1.5900000e+02   2.4563043e+00
   1.6000000e+02   2.4562245e+00
   1.6100000e+02   2.4561459e+00
   1.6200000e+02   2.4560692e+00
   1.6300000e+02   2.4559947e+00
   1.6400000e+02   2.4559230e+00
   1.6500000e+02   2.4558542e+00
   1.6600000e+02   2.4557888e+00
   1.6700000e+02   2.4557270e+00
   1.6800000e+02   2.4556689e+00
   1.6900000e+02   2.4556148e+00
   1.7000000e+02   2.4555647e+00
   1.7100000e+02   2.4555187e+00
   1.7200000e+02   2.4554768e+00
   1.7300000e+02   2.4554390e+00
   1.7400000e+02   2.4554054e+00
   1.7500000e+02   2.4553758e+00
   1.7600000e+02   2.4553501e+00
   1.7700000e+02   2.4553283e+00
   1.7800000e+02   2.4553102e+00
   1.7900000e+02   2.4552957e+00
   1.8000000e+02   2.4552846e+00
   1.8100000e+02   2.4552767e+00
   1.8200000e+02   2.4552720e+00
   1.8300000e+02   2.4552701e+00
   1.8400000e+02   2.4552709e+00
   1.8500000e+02   2.4552743e+00
   1.8600000e+02   2.4552801e+00
   1.8700000e+02   2.4552879e+00
   1.8800000e+02   2.4552977e+00
   1.8900000e+02   2.4553093e+00
   1.9000000e+02   2.4553225e+00
   1.9100000e+02   2.4553371e+00
   1.9200000e+02   2.4553530e+00
   1.9300000e+02   2.4553699e+00
   1.9400000e+02   2.4553878e+00
   1.9500000e+02   2.4554064e+00
   1.9600000e+02   2.4554256e+00
   1.9700000e+02   2.4554453e+00
   1.9800000e+02   2.4554654e+00
   1.9900000e+02   2.4554857e+00
   2.0000000e+02   2.4555061e+00
   2.0100000e+02   2.4555266e+00
   2.0200000e+02   2.4555470e+00
   2.0300000e+02   2.4555672e+00
   2.0400000e+02   2.4555871e+00
   2.0500000e+02   2.4556068e+00
   2.0600000e+02   2.4556260e+00
   2.0700000e+02   2.4556449e+00
   2.0800000e+02   2.4556632e+00
   2.0900000e+02   2.4556810e+00
   2.1000000e+02   2.4556982e+00
   2.1100000e+02   2.4557149e+00
   2.1200000e+02   2.4557309e+00
   2.1300000e+02   2.4557462e+00
   2.1400000e+02   2.4557609e+00
   2.1500000e+02   2.4557749e+00
   2.1600000e+02   2.4557882e+00
   2.1700000e+02   2.4558008e+00
   2.1800000e+02   2.4558127e+00
   2.1900000e+02   2.4558240e+00
   2.2000000e+02   2.4558346e+00
   2.2100000e+02   2.4558445e+00
   2.2200000e+02   2.4558537e+00
   2.2300000e+02   2.4558623e+00
   2.2400000e+02   2.4558703e+00
   2.2500000e+02   2.4558776e+00
   2.2600000e+02   2.4558844e+00
   2.2700000e+02   2.4558906e+00
   2.2800000e+02   2.4558963e+00
   2.2900000e+02   2.4559014e+00
   2.3000000e+02   2.4559061e+00
   2.3100000e+02   2.4559102e+00
   2.3200000e+02   2.4559139e+00
   2.3300000e+02   2.4559172e+00
   2.3400000e+02   2.4559201e+00
   2.3500000e+02   2.4559225e+00
   2.3600000e+02   2.4559247e+00
   2.3700000e+02   2.4559264e+00
   2.3800000e+02   2.4559279e+00
   2.3900000e+02   2.4559290e+00
   2.4000000e+02   2.4559299e+00
   2.4100000e+02   2.4559305e+00
   2.4200000e+02   2.4559309e+00
   2.4300000e+02   2.4559311e+00
   2.4400000e+02   2.4559310e+00
   2.4500000e+02   2.4559308e+00
   2.4600000e+02   2.4559305e+00
   2.4700000e+02   2.4559299e+00
   2.4800000e+02   2.4559293e+00
   2.4900000e+02   2.4559285e+00
   2.5000000e+02   2.4559276e+00
   2.5100000e+02   2.4559267e+00
   2.5200000e+02   2.4559256e+00
   2.5300000e+02   2.4559245e+00
   2.5400000e+02   2.4559233e+00
   2.5500000e+02   2.4559221e+00
   2.5600000e+02   2.4559209e+00
   2.5700000e+02   2.4559196e+00
   2.5800000e+02   2.4559183e+00
   2.5900000e+02   2.4559169e+00
   2.6000000e+02   2.4559156e+00
   2.6100000e+02   2.4559143e+00
   2.6200000e+02   2.4559129e+00
   2.6300000e+02   2.4559116e+00
   2.6400000e+02   2.4559103e+00
   2.6500000e+02   2.4559090e+00
   2.6600000e+02   2.4559078e+00
   2.6700000e+02   2.4559065e+00
   2.6800000e+02   2.4559053e+00
   2.6900000e+02   2.4559042e+00
   2.7000000e+02   2.4559030e+00
   2.7100000e+02   2.4559019e+00
   2.7200000e+02   2.4559009e+00
   2.7300000e+02   2.4558998e+00
   2.7400000e+02   2.4558989e+00
   2.7500000e+02   2.4558979e+00
   2.7600000e+02   2.4558971e+00
   2.7700000e+02   2.4558962e+00
   2.7800000e+02   2.4558954e+00
   2.7900000e+02   2.4558947e+00
   2.8000000e+02   2.4558940e+00
   2.8100000e+02   2.4558934e+00
   2.8200000e+02   2.4558928e+00
   2.8300000e+02   2.4558923e+00
   2.8400000e+02   2.4558918e+00
   2.8500000e+02   2.4558913e+00
   2.8600000e+02   2.4558909e+00
   2.8700000e+02   2.4558906e+00
   2.8800000e+02   2.4558903e+00
   2.8900000e+02   2.4558900e+00
   2.9000000e+02   2.4558898e+00
   2.9100000e+02   2.4558896e+00
   2.9200000e+02   2.4558895e+00
   2.9300000e+02   2.4558894e+00
   2.9400000e+02   2.4558893e+00
   2.9500000e+02   2.4558892e+00
   2.9600000e+02   2.4558892e+00
   2.9700000e+02   2.4558893e+00
   2.9800000e+02   2.4558893e+00
   2.9900000e+02   2.4558894e+00
   3.0000000e+02   2.4558895e+00
   3.0100000e+02   2.4558896e+00
   3.0200000e+02   2.4558897e+00
   3.0300000e+02   2.4558898e+00
   3.0400000e+02   2.4558900e+00
   3.0500000e+02   2.4558902e+00
   3.0600000e+02   2.4558904e+00
   3.0700000e+02   2.4558905e+00
   3.0800000e+02   2.4558907e+00
   3.0900000e+02   2.4558909e+00
   3.1000000e+02   2.4558912e+00
   3.1100000e+02   2.4558914e+00
   3.1200000e+02   2.4558916e+00
   3.1300000e+02   2.4558918e+00
   3.1400000e+02   2.4558920e+00
   3.1500000e+02   2.4558922e+00
   3.1600000e+02   2.4558924e+00
   3.1700000e+02   2.4558926e+00
   3.1800000e+02   2.4558928e+00
   3.1900000e+02   2.4558930e+00
   3.2000000e+02   2.4558932e+00
   3.2100000e+02   2.4558933e+00
   3.2200000e+02   2.4558935e+00
   3.2300000e+02   2.4558937e+00
   3.2400000e+02   2.4558938e+00
   3.2500000e+02   2.4558940e+00
   3.2600000e+02   2.4558941e+00
   3.2700000e+02   2.4558942e+00
   3.2800000e+02   2.4558943e+00
   3.2900000e+02   2.4558944e+00
   3.3000000e+02   2.4558945e+00
   3.3100000e+02   2.4558946e+00
   3.3200000e+02   2.4558947e+00
   3.3300000e+02   2.4558948e+00
   3.3400000e+02   2.4558948e+00
   3.3500000e+02   2.4558949e+00
   3.3600000e+02   2.4558949e+00
   3.3700000e+02   2.4558950e+00
   3.3800000e+02   2.4558950e+00
   3.3900000e+02   2.4558950e+00
   3.4000000e+02   2.4558950e+00
   3.4100000e+02   2.4558951e+00
   3.4200000e+02   2.4558951e+00
   3.4300000e+02   2.4558951e+00
   3.4400000e+02   2.4558951e+00
   3.4500000e+02   2.4558950e+00
   3.4600000e+02   2.4558950e+00
   3.4700000e+02   2.4558950e+00
   3.4800000e+02   2.4558950e+00
   3.4900000e+02   2.4558950e+00
   3.5000000e+02   2.4558949e+00
   3.5100000e+02   2.4558949e+00
   3.5200000e+02   2.4558949e+00
   3.5300000e+02   2.4558948e+00
   3.5400000e+02   2.4558948e+00
   3.5500000e+02   2.4558948e+00
   3.5600000e+02   2.4558947e+00
   3.5700000e+02   2.4558947e+00
   3.5800000e+02   2.4558946e+00
   3.5900000e+02   2.4558946e+00
   3.6000000e+02   2.4558945e+00
   3.6100000e+02   2.4558945e+00
   3.6200000e+02   2.4558945e+00
   3.6300000e+02   2.4558944e+00
   3.6400000e+02   2.4558944e+00
   3.6500000e+02   2.4558943e+00
   3.6600000e+02   2.4558943e+00
   3.6700000e+02   2.4558943e+00
   3.6800000e+02   2.4558942e+00
   3.6900000e+02   2.4558942e+00
   3.7000000e+02   2.4558941e+00
   3.7100000e+02   2.4558941e+00
   3.7200000e+02   2.4558941e+00
   3.7300000e+02   2.4558940e+00
   3.7400000e+02   2.4558940e+00
   3.7500000e+02   2.4558940e+00
   3.7600000e+02   2.4558939e+00
   3.7700000e+02   2.4558939e+00
   3.7800000e+02   2.4558939e+00
   3.7900000e+02   2.4558939e+00
   3.8000000e+02   2.4558938e+00
   3.8100000e+02   2.4558938e+00
   3.8200000e+02   2.4558938e+00
   3.8300000e+02   2.4558938e+00
   3.8400000e+02   2.4558938e+00
   3.8500000e+02   2.4558937e+00
   3.8600000e+02   2.4558937e+00
   3.8700000e+02   2.4558937e+00
   3.8800000e+02   2.4558937e+00
   3.8900000e+02   2.4558937e+00
   3.9000000e+02   2.4558937e+00
   3.9100000e+02   2.4558937e+00
   3.9200000e+02   2.4558937e+00
   3.9300000e+02   2.4558937e+00
   3.9400000e+02   2.4558937e+00
   3.9500000e+02   2.4558937e+00
   3.9600000e+02   2.4558936e+00
   3.9700000e+02   2.4558936e+00
   3.9800000e+02   2.4558936e+00
   3.9900000e+02   2.4558936e+00
   4.0000000e+02   2.4019144e+00
   4.0100000e+02   2.3517095e+00
   4.0200000e+02   2.3051364e+00
   4.0300000e+02   2.2620496e+00
   4.0400000e+02   2.2223014e+00
   4.0500000e+02   2.1857424e+00
   4.0600000e+02   2.1522227e+00
   4.0700000e+02   2.1215924e+00
   4.0800000e+02   2.0937022e+00
   4.0900000e+02   2.0684043e+00
   4.1000000e+02   2.0455526e+00
   4.1100000e+02   2.0250039e+00
   4.1200000e+02   2.0066178e+00
   4.1300000e+02   1.9902572e+00
   4.1400000e+02   1.9757890e+00
   4.1500000e+02   1.9630841e+00
   4.1600000e+02   1.9520179e+00
   4.1700000e+02   1.9424703e+00
   4.1800000e+02   1.9343258e+00
   4.1900000e+02   1.9274740e+00
   4.2000000e+02   1.9218095e+00
   4.2100000e+02   1.9172317e+00
   4.2200000e+02   1.9136450e+00
   4.2300000e+02   1.9109591e+00
   4.2400000e+02   1.9090883e+00
   4.2500000e+02   1.9079520e+00
   4.2600000e+02   1.9074745e+00
   4.2700000e+02   1.9075845e+00
   4.2800000e+02   1.9082156e+00
   4.2900000e+02   1.9093057e+00
   4.3000000e+02   1.9107970e+00
   4.3100000e+02   1.9126359e+00
   4.3200000e+02   1.9147728e+00
   4.3300000e+02   1.9171620e+00
   4.3400000e+02   1.9197615e+00
   4.3500000e+02   1.9225326e+00
   4.3600000e+02   1.9254401e+00
   4.3700000e+02   1.9284519e+00
   4.3800000e+02   1.9315390e+00
   4.3900000e+02   1.9346752e+00
   4.4000000e+02   1.9378368e+00
   4.4100000e+02   1.9410027e+00
   4.4200000e+02   1.9441542e+00
   4.4300000e+02   1.9472748e+00
   4.4400000e+02   1.9503499e+00
   4.4500000e+02   1.9533669e+00
   4.4600000e+02   1.9563149e+00
   4.4700000e+02   1.9591846e+00
   4.4800000e+02   1.9619682e+00
   4.4900000e+02   1.9646594e+00
   4.5000000e+02   1.9672530e+00
   4.5100000e+02   1.9697450e+00
   4.5200000e+02   1.9721323e+00
   4.5300000e+02   1.9744130e+00
   4.5400000e+02   1.9765859e+00
   4.5500000e+02   1.9786504e+00
   4.5600000e+02   1.9806069e+00
   4.5700000e+02   1.9824562e+00
   4.5800000e+02   1.9841995e+00
   4.5900000e+02   1.9858388e+00
   4.6000000e+02   1.9873762e+00
   4.6100000e+02   1.9888143e+00
   4.6200000e+02   1.9901558e+00
   4.6300000e+02   1.9914039e+00
   4.6400000e+02   1.9925618e+00
   4.6500000e+02   1.9936329e+00
   4.6600000e+02   1.9946207e+00
   4.6700000e+02   1.9955288e+00
   4.6800000e+02   1.9963609e+00
   4.6900000e+02   1.9971207e+00
   4.7000000e+02   1.9978119e+00
   4.7100000e+02   1.9984380e+00
   4.7200000e+02   1.9990027e+00
   4.7300000e+02   1.9995096e+00
   4.7400000e+02   1.9999621e+00
   4.7500000e+02   2.0003636e+00
   4.7600000e+02   2.0007175e+00
   4.7700000e+02   2.0010270e+00
   4.7800000e+02   2.0012951e+00
   4.7900000e+02   2.0015248e+00
   4.8000000e+02   2.0017189e+00
   4.8100000e+02   2.0018802e+00
   4.8200000e+02   2.0020114e+00
   4.8300000e+02   2.0021147e+00
   4.8400000e+02   2.0021927e+00
   4.8500000e+02   2.0022475e+00
   4.8600000e+02   2.0022812e+00
   4.8700000e+02   2.0022958e+00
   4.8800000e+02   2.0022931e+00
   4.8900000e+02   2.0022748e+00
   4.9000000e+02   2.0022426e+00
   4.9100000e+02   2.0021980e+00
   4.9200000e+02   2.0021423e+00
   4.9300000e+02   2.0020768e+00
   4.9400000e+02   2.0020028e+00
   4.9500000e+02   2.0019213e+00
   4.9600000e+02   2.0018333e+00
   4.9700000e+02   2.0017397e+00
   4.9800000e+02   2.0016414e+00
   4.9900000e+02   2.0015392e+00
   5.0000000e+02   2.0014337e+00
   5.0100000e+02   2.0013256e+00
   5.0200000e+02   2.0012155e+00
   5.0300000e+02   2.0011038e+00
   5.0400000e+02   2.0009911e+00
   5.0500000e+02   2.0008777e+00
   5.0600000e+02   2.0007641e+00
   5.0700000e+02   2.0006506e+00
   5.0800000e+02   2.0005376e+00
   5.0900000e+02   2.0004252e+00
   5.1000000e+02   2.0003139e+00
   5.1100000e+02   2.0002038e+00
   5.1200000e+02   2.0000951e+00
   5.1300000e+02   1.9999882e+00
   5.1400000e+02   1.9998831e+00
   5.1500000e+02   1.9997802e+00
   5.1600000e+02   1.9996795e+00
   5.1700000e+02   1.9995813e+00
   5.1800000e+02   1.9994858e+00
   5.1900000e+02   1.9993930e+00
   5.2000000e+02   1.9993032e+00
   5.2100000e+02   1.9992164e+00
   5.2200000e+02   1.9991328e+00
   5.2300000e+02   1.9990524e+00
   5.2400000e+02   1.9989753e+00
   5.2500000e+02   1.9989016e+00
   5.2600000e+02   1.9988325e+00
   5.2700000e+02   1.9987689e+00
   5.2800000e+02   1.9987115e+00
   5.2900000e+02   1.9986611e+00
   5.3000000e+02   1.9986179e+00
   5.3100000e+02   1.9985822e+00
   5.3200000e+02   1.9985542e+00
   5.3300000e+02   1.9985337e+00
   5.3400000e+02   1.9985208e+00
   5.3500000e+02   1.9985152e+00
   5.3600000e+02   1.9985167e+00
   5.3700000e+02   1.9985250e+00
   5.3800000e+02   1.9985396e+00
   5.3900000e+02   1.9985603e+00
   5.4000000e+02   1.9985865e+00
   5.4100000e+02   1.9986178e+00
   5.4200000e+02   1.9986538e+00
   5.4300000e+02   1.9986939e+00
   5.4400000e+02   1.9987377e+00
   5.4500000e+02   1.9987847e+00
   5.4600000e+02   1.9988345e+00
   5.4700000e+02   1.9988865e+00
   5.4800000e+02   1.9989404e+00
   5.4900000e+02   1.9989958e+00
   5.5000000e+02   1.9990521e+00
   5.5100000e+02   1.9991092e+00
   5.5200000e+02   1.9991665e+00
   5.5300000e+02   1.9992238e+00
   5.5400000e+02   1.9992808e+00
   5.5500000e+02   1.9993371e+00
   5.5600000e+02   1.9993925e+00
   5.5700000e+02   1.9994469e+00
   5.5800000e+02   1.9994999e+00
   5.5900000e+02   1.9995514e+00
   5.6000000e+02   1.9996013e+00
   5.6100000e+02   1.9996493e+00
   5.6200000e+02   1.9996955e+00
   5.6300000e+02   1.9997396e+00
   5.6400000e+02   1.9997816e+00
   5.6500000e+02   1.9998215e+00
   5.6600000e+02   1.9998591e+00
   5.6700000e+02   1.9998946e+00
   5.6800000e+02   1.9999278e+00
   5.6900000e+02   1.9999588e+00
   5.7000000e+02   1.9999876e+00
   5.7100000e+02   2.0000142e+00
   5.7200000e+02   2.0000387e+00
   5.7300000e+02   2.0000610e+00
   5.7400000e+02   2.0000813e+00
   5.7500000e+02   2.0000997e+00
   5.7600000e+02   2.0001161e+00
   5.7700000e+02   2.0001306e+00
   5.7800000e+02   2.0001434e+00
   5.7900000e+02   2.0001545e+00
   5.8000000e+02   2.0001640e+00
   5.8100000e+02   2.0001719e+00
   5.8200000e+02   2.0001784e+00
   5.8300000e+02   2.0001836e+00
   5.8400000e+02   2.0001875e+00
   5.8500000e+02   2.0001902e+00
   5.8600000e+02   2.0001918e+00
   5.8700000e+02   2.0001924e+00
   5.8800000e+02   2.0001920e+00
   5.8900000e+02   2.0001908e+00
   5.9000000e+02   2.0001888e+00
   5.9100000e+02   2.0001861e+00
   5.9200000e+02   2.0001828e+00
   5.9300000e+02   2.0001789e+00
   5.9400000e+02   2.0001745e+00
   5.9500000e+02   2.0001697e+00
   5.9600000e+02   2.0001646e+00
   5.9700000e+02   2.0001591e+00
   5.9800000e+02   2.0001533e+00
   5.9900000e+02   2.0001473e+00
   6.0000000e+02   2.0001412e+00
   6.0100000e+02   2.0001349e+00
   6.0200000e+02   2.0001286e+00
   6.0300000e+02   2.0001222e+00
   6.0400000e+02   2.0001158e+00
   6.0500000e+02   2.0001094e+00
   6.0600000e+02   2.0001031e+00
   6.0700000e+02   2.0000968e+00
   6.0800000e+02   2.0000907e+00
   6.0900000e+02   2.0000846e+00
   6.1000000e+02   2.0000787e+00
   6.1100000e+02   2.0000730e+00
   6.1200000e+02   2.0000674e+00
   6.1300000e+02   2.0000620e+00
   6.1400000e+02   2.0000567e+00
   6.1500000e+02   2.0000517e+00
   6.1600000e+02   2.0000469e+00
   6.1700000e+02   2.0000423e+00
   6.1800000e+02   2.0000379e+00
   6.1900000e+02   2.0000337e+00
   6.2000000e+02   2.0000297e+00
   6.2100000e+02   2.0000260e+00
   6.2200000e+02   2.0000224e+00
   6.2300000e+02   2.0000191e+00
   6.2400000e+02   2.0000159e+00
   6.2500000e+02   2.0000130e+00
   6.2600000e+02   2.0000103e+00
   6.2700000e+02   2.0000077e+00
   6.2800000e+02   2.0000054e+00
   6.2900000e+02   2.0000032e+00
   6.3000000e+02   2.0000012e+00
   6.3100000e+02   1.9999994e+00
   6.3200000e+02   1.9999978e+00
   6.3300000e+02   1.9999963e+00
   6.3400000e+02   1.9999950e+00
   6.3500000e+02   1.9999938e+00
   6.3600000e+02   1.9999927e+00
   6.3700000e+02   1.9999918e+00
   6.3800000e+02   1.9999910e+00
   6.3900000e+02   1.9999904e+00
   6.4000000e+02   1.9999898e+00
   6.4100000e+02   1.9999893e+00
   6.4200000e+02   1.9999890e+00
   6.4300000e+02   1.9999887e+00
   6.4400000e+02   1.9999885e+00
   6.4500000e+02   1.9999885e+00
   6.4600000e+02   1.9999884e+00
   6.4700000e+02   1.9999885e+00
   6.4800000e+02   1.9999886e+00
   6.4900000e+02   1.9999888e+00
   6.5000000e+02   1.9999890e+00
   6.5100000e+02   1.9999893e+00
   6.5200000e+02   1.9999896e+00
   6.5300000e+02   1.9999900e+00
   6.5400000e+02   1.9999904e+00
   6.5500000e+02   1.9999908e+00
   6.5600000e+02   1.9999913e+00
   6.5700000e+02   1.9999917e+00
   6.5800000e+02   1.9999922e+00
   6.5900000e+02   1.9999927e+00
   6.6000000e+02   1.9999933e+00
   6.6100000e+02   1.9999938e+00
   6.6200000e+02   1.9999943e+00
   6.6300000e+02   1.9999949e+00
   6.6400000e+02   1.9999954e+00
   6.6500000e+02   1.9999959e+00
   6.6600000e+02   1.9999965e+00
   6.6700000e+02   1.9999970e+00
   6.6800000e+02   1.9999975e+00
   6.6900000e+02   1.9999980e+00
   6.7000000e+02   1.9999984e+00
   6.7100000e+02   1.9999989e+00
   6.7200000e+02   1.9999993e+00
   6.7300000e+02   1.9999997e+00
   6.7400000e+02   2.0000001e+00
   6.7500000e+02   2.0000005e+00
   6.7600000e+02   2.0000009e+00
   6.7700000e+02   2.0000012e+00
   6.7800000e+02   2.0000015e+00
   6.7900000e+02   2.0000018e+00
   6.8000000e+02   2.0000020e+00
   6.8100000e+02   2.0000023e+00
   6.8200000e+02   2.0000025e+00
   6.8300000e+02   2.0000027e+00
   6.8400000e+02   2.0000028e+00
   6.8500000e+02   2.0000030e+00
   6.8600000e+02   2.0000031e+00
   6.8700000e+02   2.0000032e+00
   6.8800000e+02   2.0000033e+00
   6.8900000e+02   2.0000034e+00
   6.9000000e+02   2.0000034e+00
   6.9100000e+02   2.0000034e+00
   6.9200000e+02   2.0000034e+00
   6.9300000e+02   2.0000034e+00
   6.9400000e+02   2.0000034e+00
   6.9500000e+02   2.0000034e+00
   6.9600000e+02   2.0000033e+00
   6.9700000e+02   2.0000033e+00
   6.9800000e+02   2.0000032e+00
   6.9900000e+02   2.0000031e+00
   7.0000000e+02   2.0000030e+00
   7.0100000e+02   2.0000029e+00
   7.0200000e+02   2.0000028e+00
   7.0300000e+02   2.0000027e+00
   7.0400000e+02   2.0000026e+00
   7.0500000e+02   2.0000025e+00
   7.0600000e+02   2.0000024e+00
   7.0700000e+02   2.0000022e+00
   7.0800000e+02   2.0000021e+00
   7.0900000e+02   2.0000020e+00
   7.1000000e+02   2.0000019e+00
   7.1100000e+02   2.0000017e+00
   7.1200000e+02   2.0000016e+00
   7.1300000e+02   2.0000015e+00
   7.1400000e+02   2.0000014e+00
   7.1500000e+02   2.0000012e+00
   7.1600000e+02   2.0000011e+00
   7.1700000e+02   2.0000010e+00
   7.1800000e+02   2.0000009e+00
   7.1900000e+02   2.0000008e+00
   7.2000000e+02   2.0000007e+00
   7.2100000e+02   2.0000006e+00
   7.2200000e+02   2.0000005e+00
   7.2300000e+02   2.0000004e+00
   7.2400000e+02   2.0000003e+00
   7.2500000e+02   2.0000003e+00
   7.2600000e+02   2.0000002e+00
   7.2700000e+02   2.0000001e+00
   7.2800000e+02   2.0000000e+00
   7.2900000e+02   2.0000000e+00
   7.3000000e+02   1.9999999e+00
   7.3100000e+02   1.9999999e+00
   7.3200000e+02   1.9999998e+00
   7.3300000e+02   1.9999998e+00
   7.3400000e+02   1.9999997e+00
   7.3500000e+02   1.9999997e+00
   7.3600000e+02   1.9999997e+00
   7.3700000e+02   1.9999996e+00
   7.3800000e+02   1.9999996e+00
   7.3900000e+02   1.9999996e+00
   7.4000000e+02   1.9999996e+00
   7.4100000e+02   1.9999996e+00
   7.4200000e+02   1.9999996e+00
   7.4300000e+02   1.9999995e+00
   7.4400000e+02   1.9999995e+00
   7.4500000e+02   1.9999995e+00
   7.4600000e+02   1.9999995e+00
   7.4700000e+02   1.9999995e+00
   7.4800000e+02   1.9999995e+00
   7.4900000e+02   1.9999995e+00
   7.5000000e+02   1.9999995e+00
   7.5100000e+02   1.9999996e+00
   7.5200000e+02   1.9999996e+00
   7.5300000e+02   1.9999996e+00
   7.5400000e+02   1.9999996e+00
   7.5500000e+02   1.9999996e+00
   7.5600000e+02   1.9999996e+00
   7.5700000e+02   1.9999996e+00
   7.5800000e+02   1.9999996e+00
   7.5900000e+02   1.9999997e+00
   7.6000000e+02   1.9999997e+00
   7.6100000e+02   1.9999997e+00
   7.6200000e+02   1.9999997e+00
   7.6300000e+02   1.9999997e+00
   7.6400000e+02   1.9999997e+00
   7.6500000e+02   1.9999997e+00
   7.6600000e+02   1.9999998e+00
   7.6700000e+02   1.9999998e+00
   7.6800000e+02   1.9999998e+00
   7.6900000e+02   1.9999998e+00
   7.7000000e+02   1.9999998e+00
   7.7100000e+02   1.9999998e+00
   7.7200000e+02   1.9999999e+00
   7.7300000e+02   1.9999999e+00
   7.7400000e+02   1.9999999e+00
   7.7500000e+02   1.9999999e+00
   7.7600000e+02   1.9999999e+00
   7.7700000e+02   1.9999999e+00
   7.7800000e+02   1.9999999e+00
   7.7900000e+02   1.9999999e+00
   7.8000000e+02   1.9999999e+00
   7.8100000e+02   2.0000000e+00
   7.8200000e+02   2.0000000e+00
   7.8300000e+02   2.0000000e+00
   7.8400000e+02   2.0000000e+00
   7.8500000e+02   2.0000000e+00
   7.8600000e+02   2.0000000e+00
   7.8700000e+02   2.0000000e+00
   7.8800000e+02   2.0000000e+00
   7.8900000e+02   2.0000000e+00
   7.9000000e+02   2.0000000e+00
   7.9100000e+02   2.0000000e+00
   7.9200000e+02   2.0000000e+00
   7.9300000e+02   2.0000000e+00
   7.9400000e+02   2.0000000e+00
   7.9500000e+02   2.0000000e+00
   7.9600000e+02   2.0000000e+00
   7.9700000e+02   2.0000000e+00
   7.9800000e+02   2.0000000e+00
   7.9900000e+02   2.0000000e+00
   8.0000000e+02   2.0647751e+00
   8.0100000e+02   2.1250210e+00
   8.0200000e+02   2.1809087e+00
   8.0300000e+02   2.2326129e+00
   8.0400000e+02   2.2803108e+00
   8.0500000e+02   2.3241816e+00
   8.0600000e+02   2.3644052e+00
   8.0700000e+02   2.4011615e+00
   8.0800000e+02   2.4346298e+00
   8.0900000e+02   2.4649873e+00
   8.1000000e+02   2.4924093e+00
   8.1100000e+02   2.5170677e+00
   8.1200000e+02   2.5391311e+00
   8.1300000e+02   2.5587638e+00
   8.1400000e+02   2.5761256e+00
   8.1500000e+02   2.5913715e+00
   8.1600000e+02   2.6046509e+00
   8.1700000e+02   2.6161081e+00
   8.1800000e+02   2.6258815e+00
   8.1900000e+02   2.6341036e+00
   8.2000000e+02   2.6409011e+00
   8.2100000e+02   2.6463945e+00
   8.2200000e+02   2.6506985e+00
   8.2300000e+02   2.6539216e+00
   8.2400000e+02   2.6561665e+00
   8.2500000e+02   2.6575300e+00
   8.2600000e+02   2.6581031e+00
   8.2700000e+02   2.6579711e+00
   8.2800000e+02   2.6572138e+00
   8.2900000e+02   2.6559057e+00
   8.3000000e+02   2.6541161e+00
   8.3100000e+02   2.6519095e+00
   8.3200000e+02   2.6493451e+00
   8.3300000e+02   2.6464781e+00
   8.3400000e+02   2.6433587e+00
   8.3500000e+02   2.6400334e+00
   8.3600000e+02   2.6365444e+00
   8.3700000e+02   2.6329302e+00
   8.3800000e+02   2.6292257e+00
   8.3900000e+02   2.6254623e+00
   8.4000000e+02   2.6216684e+00
   8.4100000e+02   2.6178693e+00
   8.4200000e+02   2.6140874e+00
   8.4300000e+02   2.6103427e+00
   8.4400000e+02   2.6066526e+00
   8.4500000e+02   2.6030322e+00
   8.4600000e+02   2.5994947e+00
   8.4700000e+02   2.5960510e+00
   8.4800000e+02   2.5927107e+00
   8.4900000e+02   2.5894812e+00
   8.5000000e+02   2.5863689e+00
   8.5100000e+02   2.5833786e+00
   8.5200000e+02   2.5805137e+00
   8.5300000e+02   2.5777769e+00
   8.5400000e+02   2.5751695e+00
   8.5500000e+02   2.5726920e+00
   8.5600000e+02   2.5703442e+00
   8.5700000e+02   2.5681251e+00
   8.5800000e+02   2.5660331e+00
   8.5900000e+02   2.5640659e+00
   8.6000000e+02   2.5622211e+00
   8.6100000e+02   2.5604954e+00
   8.6200000e+02   2.5588856e+00
   8.6300000e+02   2.5573879e+00
   8.6400000e+02   2.5559984e+00
   8.6500000e+02   2.5547131e+00
   8.6600000e+02   2.5535277e+00
   8.6700000e+02   2.5524379e+00
   8.6800000e+02   2.5514394e+00
   8.6900000e+02   2.5505276e+00
   8.7000000e+02   2.5496983e+00
   8.7100000e+02   2.5489470e+00
   8.7200000e+02   2.5482693e+00
   8.7300000e+02   2.5476610e+00
   8.7400000e+02   2.5471180e+00
   8.7500000e+02   2.5466362e+00
   8.7600000e+02   2.5462115e+00
   8.7700000e+02   2.5458401e+00
   8.7800000e+02   2.5455184e+00
   8.7900000e+02   2.5452428e+00
   8.8000000e+02   2.5450098e+00
   8.8100000e+02   2.5448162e+00
   8.8200000e+02   2.5446589e+00
   8.8300000e+02   2.5445348e+00
   8.8400000e+02   2.5444413e+00
   8.8500000e+02   2.5443755e+00
   8.8600000e+02   2.5443351e+00
   8.8700000e+02   2.5443176e+00
   8.8800000e+02   2.5443208e+00
   8.8900000e+02   2.5443427e+00
   8.9000000e+02   2.5443814e+00
   8.9100000e+02   2.5444349e+00
   8.9200000e+02   2.5445018e+00
   8.9300000e+02   2.5445803e+00
   8.9400000e+02   2.5446692e+00
   8.9500000e+02   2.5447670e+00
   8.9600000e+02   2.5448726e+00
   8.9700000e+02   2.5449849e+00
   8.9800000e+02   2.5451028e+00
   8.9900000e+02   2.5452255e+00
   9.0000000e+02   2.5453520e+00
   9.0100000e+02   2.5454818e+00
   9.0200000e+02   2.5456139e+00
   9.0300000e+02   2.5457479e+00
   9.0400000e+02   2.5458832e+00
   9.0500000e+02   2.5460192e+00
   9.0600000e+02   2.5461555e+00
   9.0700000e+02   2.5462917e+00
   9.0800000e+02   2.5464274e+00
   9.0900000e+02   2.5465622e+00
   9.1000000e+02   2.5466958e+00
   9.1100000e+02   2.5468280e+00
   9.1200000e+02   2.5469584e+00
   9.1300000e+02   2.5470867e+00
   9.1400000e+02   2.5472128e+00
   9.1500000e+02   2.5473363e+00
   9.1600000e+02   2.5474571e+00
   9.1700000e+02   2.5475749e+00
   9.1800000e+02   2.5476896e+00
   9.1900000e+02   2.5478009e+00
   9.2000000e+02   2.5479087e+00
   9.2100000e+02   2.5480128e+00
   9.2200000e+02   2.5481132e+00
   9.2300000e+02   2.5482096e+00
   9.2400000e+02   2.5483021e+00
   9.2500000e+02   2.5483906e+00
   9.2600000e+02   2.5484736e+00
   9.2700000e+02   2.5485499e+00
   9.2800000e+02   2.5486186e+00
   9.2900000e+02   2.5486792e+00
   9.3000000e+02   2.5487310e+00
   9.3100000e+02   2.5487738e+00
   9.3200000e+02   2.5488075e+00
   9.3300000e+02   2.5488320e+00
   9.3400000e+02   2.5488475e+00
   9.3500000e+02   2.5488542e+00
   9.3600000e+02   2.5488524e+00
   9.3700000e+02   2.5488425e+00
   9.3800000e+02   2.5488249e+00
   9.3900000e+02   2.5488001e+00
   9.4000000e+02   2.5487687e+00
   9.4100000e+02   2.5487311e+00
   9.4200000e+02   2.5486880e+00
   9.4300000e+02   2.5486398e+00
   9.4400000e+02   2.5485873e+00
   9.4500000e+02   2.5485309e+00
   9.4600000e+02   2.5484711e+00
   9.4700000e+02   2.5484087e+00
   9.4800000e+02   2.5483440e+00
   9.4900000e+02   2.5482776e+00
   9.5000000e+02   2.5482099e+00
   9.5100000e+02   2.5481415e+00
   9.5200000e+02   2.5480727e+00
   9.5300000e+02   2.5480039e+00
   9.5400000e+02   2.5479356e+00
   9.5500000e+02   2.5478680e+00
   9.5600000e+02   2.5478014e+00
   9.5700000e+02   2.5477362e+00
   9.5800000e+02   2.5476726e+00
   9.5900000e+02   2.5476108e+00
   9.6000000e+02   2.5475510e+00
   9.6100000e+02   2.5474933e+00
   9.6200000e+02   2.5474379e+00
   9.6300000e+02   2.5473850e+00
   9.6400000e+02   2.5473346e+00
   9.6500000e+02   2.5472867e+00
   9.6600000e+02   2.5472415e+00
   9.6700000e+02   2.5471990e+00
   9.6800000e+02   2.5471591e+00
   9.6900000e+02   2.5471219e+00
   9.7000000e+02   2.5470874e+00
   9.7100000e+02   2.5470554e+00
   9.7200000e+02   2.5470261e+00
   9.7300000e+02   2.5469993e+00
   9.7400000e+02   2.5469749e+00
   9.7500000e+02   2.5469529e+00
   9.7600000e+02   2.5469332e+00
   9.7700000e+02   2.5469158e+00
   9.7800000e+02   2.5469004e+00
   9.7900000e+02   2.5468871e+00
   9.8000000e+02   2.5468757e+00
   9.8100000e+02   2.5468662e+00
   9.8200000e+02   2.5468584e+00
   9.8300000e+02   2.5468522e+00
   9.8400000e+02   2.5468475e+00
   9.8500000e+02   2.5468443e+00
   9.8600000e+02   2.5468424e+00
   9.8700000e+02   2.5468417e+00
   9.8800000e+02   2.5468421e+00
   9.8900000e+02   2.5468436e+00
   9.9000000e+02   2.5468459e+00
   9.9100000e+02   2.5468492e+00
   9.9200000e+02   2.5468531e+00
   9.9300000e+02   2.5468578e+00
   9.9400000e+02   2.5468631e+00
   9.9500000e+02   2.5468688e+00
   9.9600000e+02   2.5468750e+00
   9.9700000e+02   2.5468816e+00
   9.9800000e+02   2.5468886e+00
   9.9900000e+02   2.5468957e+00
   1.0000000e+03   2.5469031e+00
   1.0010000e+03   2.5469106e+00
   1.0020000e+03   2.5469182e+00
   1.0030000e+03   2.5469259e+00
   1.0040000e+03   2.5469336e+00
   1.0050000e+03   2.5469412e+00
   1.0060000e+03   2.5469488e+00
   1.0070000e+03   2.5469563e+00
   1.0080000e+03   2.5469637e+00
   1.0090000e+03   2.5469710e+00
   1.0100000e+03   2.5469781e+00
   1.0110000e+03   2.5469850e+00
   1.0120000e+03   2.5469917e+00
   1.0130000e+03   2.5469981e+00
   1.0140000e+03   2.5470044e+00
   1.0150000e+03   2.5470104e+00
   1.0160000e+03   2.5470162e+00
   1.0170000e+03   2.5470218e+00
   1.0180000e+03   2.5470270e+00
   1.0190000e+03   2.5470321e+00
   1.0200000e+03   2.5470368e+00
   1.0210000e+03   2.5470414e+00
   1.0220000e+03   2.5470456e+00
   1.0230000e+03   2.5470496e+00
   1.0240000e+03   2.5470534e+00
   1.0250000e+03   2.5470569e+00
   1.0260000e+03   2.5470602e+00
   1.0270000e+03   2.5470632e+00
   1.0280000e+03   2.5470660e+00
   1.0290000e+03   2.5470686e+00
   1.0300000e+03   2.5470710e+00
   1.0310000e+03   2.5470732e+00
   1.0320000e+03   2.5470752e+00
   1.0330000e+03   2.5470769e+00
   1.0340000e+03   2.5470785e+00
   1.0350000e+03   2.5470800e+00
   1.0360000e+03   2.5470812e+00
   1.0370000e+03   2.5470823e+00
   1.0380000e+03   2.5470833e+00
   1.0390000e+03   2.5470841e+00
   1.0400000e+03   2.5470848e+00
   1.0410000e+03   2.5470853e+00
   1.0420000e+03   2.5470857e+00
   1.0430000e+03   2.5470860e+00
   1.0440000e+03   2.5470862e+00
   1.0450000e+03   2.5470864e+00
   1.0460000e+03   2.5470864e+00
   1.0470000e+03   2.5470863e+00
   1.0480000e+03   2.5470862e+00
   1.0490000e+03   2.5470860e+00
   1.0500000e+03   2.5470857e+00
   1.0510000e+03   2.5470854e+00
   1.0520000e+03   2.5470850e+00
   1.0530000e+03   2.5470845e+00
   1.0540000e+03   2.5470841e+00
   1.0550000e+03   2.5470835e+00
   1.0560000e+03   2.5470830e+00
   1.0570000e+03   2.5470824e+00
   1.0580000e+03   2.5470818e+00
   1.0590000e+03   2.5470812e+00
   1.0600000e+03   2.5470806e+00
   1.0610000e+03   2.5470800e+00
   1.0620000e+03   2.5470793e+00
   1.0630000e+03   2.5470787e+00
   1.0640000e+03   2.5470780e+00
   1.0650000e+03   2.5470774e+00
   1.0660000e+03   2.5470768e+00
   1.0670000e+03   2.5470761e+00
   1.0680000e+03   2.5470755e+00
   1.0690000e+03   2.5470750e+00
   1.0700000e+03   2.5470744e+00
   1.0710000e+03   2.5470738e+00
   1.0720000e+03   2.5470733e+00
   1.0730000e+03   2.5470728e+00
   1.0740000e+03   2.5470723e+00
   1.0750000e+03   2.5470719e+00
   1.0760000e+03   2.5470715e+00
   1.0770000e+03   2.5470711e+00
   1.0780000e+03   2.5470707e+00
   1.0790000e+03   2.5470704e+00
   1.0800000e+03   2.5470700e+00
   1.0810000e+03   2.5470698e+00
   1.0820000e+03   2.5470695e+00
   1.0830000e+03   2.5470693e+00
   1.0840000e+03   2.5470691e+00
   1.0850000e+03   2.5470689e+00
   1.0860000e+03   2.5470688e+00
   1.0870000e+03   2.5470686e+00
   1.0880000e+03   2.5470686e+00
   1.0890000e+03   2.5470685e+00
   1.0900000e+03   2.5470684e+00
   1.0910000e+03   2.5470684e+00
   1.0920000e+03   2.5470684e+00
   1.0930000e+03   2.5470684e+00
   1.0940000e+03   2.5470684e+00
   1.0950000e+03   2.5470685e+00
   1.0960000e+03   2.5470685e+00
   1.0970000e+03   2.5470686e+00
   1.0980000e+03   2.5470687e+00
   1.0990000e+03   2.5470688e+00
   1.1000000e+03   2.5470689e+00
   1.1010000e+03   2.5470690e+00
   1.1020000e+03   2.5470691e+00
   1.1030000e+03   2.5470693e+00
   1.1040000e+03   2.5470694e+00
   1.1050000e+03   2.5470695e+00
   1.1060000e+03   2.5470697e+00
   1.1070000e+03   2.5470698e+00
   1.1080000e+03   2.5470700e+00
   1.1090000e+03   2.5470701e+00
   1.1100000e+03   2.5470703e+00
   1.1110000e+03   2.5470704e+00
   1.1120000e+03   2.5470706e+00
   1.1130000e+03   2.5470707e+00
   1.1140000e+03   2.5470709e+00
   1.1150000e+03   2.5470710e+00
   1.1160000e+03   2.5470711e+00
   1.1170000e+03   2.5470713e+00
   1.1180000e+03   2.5470714e+00
   1.1190000e+03   2.5470715e+00
   1.1200000e+03   2.5470717e+00
   1.1210000e+03   2.5470718e+00
   1.1220000e+03   2.5470719e+00
   1.1230000e+03   2.5470720e+00
   1.1240000e+03   2.5470721e+00
   1.1250000e+03   2.5470722e+00
   1.1260000e+03   2.5470723e+00
   1.1270000e+03   2.5470724e+00
   1.1280000e+03   2.5470725e+00
   1.1290000e+03   2.5470725e+00
   1.1300000e+03   2.5470726e+00
   1.1310000e+03   2.5470727e+00
   1.1320000e+03   2.5470727e+00
   1.1330000e+03   2.5470728e+00
   1.1340000e+03   2.5470728e+00
   1.1350000e+03   2.5470729e+00
   1.1360000e+03   2.5470729e+00
   1.1370000e+03   2.5470729e+00
   1.1380000e+03   2.5470730e+00
   1.1390000e+03   2.5470730e+00
   1.1400000e+03   2.5470730e+00
   1.1410000e+03   2.5470730e+00
   1.1420000e+03   2.5470730e+00
   1.1430000e+03   2.5470730e+00
   1.1440000e+03   2.5470731e+00
   1.1450000e+03   2.5470731e+00
   1.1460000e+03   2.5470731e+00
   1.1470000e+03   2.5470731e+00
   1.1480000e+03   2.5470731e+00
   1.1490000e+03   2.5470731e+00
   1.1500000e+03   2.5470730e+00
   1.1510000e+03   2.5470730e+00
   1.1520000e+03   2.5470730e+00
   1.1530000e+03   2.5470730e+00
   1.1540000e+03   2.5470730e+00
   1.1550000e+03   2.5470730e+00
   1.1560000e+03   2.5470730e+00
   1.1570000e+03   2.5470730e+00
   1.1580000e+03   2.5470729e+00
   1.1590000e+03   2.5470729e+00
   1.1600000e+03   2.5470729e+00
   1.1610000e+03   2.5470729e+00
   1.1620000e+03   2.5470729e+00
   1.1630000e+03   2.5470728e+00
   1.1640000e+03   2.5470728e+00
   1.1650000e+03   2.5470728e+00
   1.1660000e+03   2.5470728e+00
   1.1670000e+03   2.5470728e+00
   1.1680000e+03   2.5470728e+00
   1.1690000e+03   2.5470727e+00
   1.1700000e+03   2.5470727e+00
   1.1710000e+03   2.5470727e+00
   1.1720000e+03   2.5470727e+00
   1.1730000e+03   2.5470727e+00
   1.1740000e+03   2.5470727e+00
   1.1750000e+03   2.5470726e+00
   1.1760000e+03   2.5470726e+00
   1.1770000e+03   2.5470726e+00
   1.1780000e+03   2.5470726e+00
   1.1790000e+03   2.5470726e+00
   1.1800000e+03   2.5470726e+00
   1.1810000e+03   2.5470726e+00
   1.1820000e+03   2.5470725e+00
   1.1830000e+03   2.5470725e+00
   1.1840000e+03   2.5470725e+00
   1.1850000e+03   2.5470725e+00
   1.1860000e+03   2.5470725e+00
   1.1870000e+03   2.5470725e+00
   1.1880000e+03   2.5470725e+00
   1.1890000e+03   2.5470725e+00
   1.1900000e+03   2.5470725e+00
   1.1910000e+03   2.5470725e+00
   1.1920000e+03   2.5470725e+00
   1.1930000e+03   2.5470725e+00
   1.1940000e+03   2.5470725e+00
   1.1950000e+03   2.5470725e+00
   1.1960000e+03   2.5470725e+00
   1.1970000e+03   2.5470725e+00
   1.1980000e+03   2.5470725e+00
   1.1990000e+03   2.5470725e+00
   1.2000000e+03   2.5038891e+00
   1.2010000e+03   2.4637252e+00
   1.2020000e+03   2.4264667e+00
   1.2030000e+03   2.3919972e+00
   1.2040000e+03   2.3601986e+00
   1.2050000e+03   2.3309514e+00
   1.2060000e+03   2.3041357e+00
   1.2070000e+03   2.2796315e+00
   1.2080000e+03   2.2573193e+00
   1.2090000e+03   2.2370809e+00
   1.2100000e+03   2.2187996e+00
   1.2110000e+03   2.2023607e+00
   1.2120000e+03   2.1876518e+00
   1.2130000e+03   2.1745633e+00
   1.2140000e+03   2.1629887e+00
   1.2150000e+03   2.1528248e+00
   1.2160000e+03   2.1439719e+00
   1.2170000e+03   2.1363337e+00
   1.2180000e+03   2.1298182e+00
   1.2190000e+03   2.1243368e+00
   1.2200000e+03   2.1198051e+00
   1.2210000e+03   2.1161428e+00
   1.2220000e+03   2.1132735e+00
   1.2230000e+03   2.1111248e+00
   1.2240000e+03   2.1096281e+00
   1.2250000e+03   2.1087191e+00
   1.2260000e+03   2.1083371e+00
   1.2270000e+03   2.1084251e+00
   1.2280000e+03   2.1089300e+00
   1.2290000e+03   2.1098020e+00
   1.2300000e+03   2.1109951e+00
   1.2310000e+03   2.1124662e+00
   1.2320000e+03   2.1141758e+00
   1.2330000e+03   2.1160871e+00
   1.2340000e+03   2.1181667e+00
   1.2350000e+03   2.1203836e+00
   1.2360000e+03   2.1227096e+00
   1.2370000e+03   2.1251190e+00
   1.2380000e+03   2.1275887e+00
   1.2390000e+03   2.1300976e+00
   1.2400000e+03   2.1326269e+00
   1.2410000e+03   2.1351597e+00
   1.2420000e+03   2.1376809e+00
   1.2430000e+03   2.1401774e+00
   1.2440000e+03   2.1426374e+00
   1.2450000e+03   2.1450510e+00
   1.2460000e+03   2.1474094e+00
   1.2470000e+03   2.1497052e+00
   1.2480000e+03   2.1519321e+00
   1.2490000e+03   2.1540850e+00
   1.2500000e+03   2.1561599e+00
   1.2510000e+03   2.1581535e+00
   1.2520000e+03   2.1600633e+00
   1.2530000e+03   2.1618879e+00
   1.2540000e+03   2.1636262e+00
   1.2550000e+03   2.1652778e+00
   1.2560000e+03   2.1668430e+00
   1.2570000e+03   2.1683224e+00
   1.2580000e+03   2.1697171e+00
   1.2590000e+03   2.1710286e+00
   1.2600000e+03   2.1722585e+00
   1.2610000e+03   2.1734089e+00
   1.2620000e+03   2.1744821e+00
   1.2630000e+03   2.1754806e+00
   1.2640000e+03   2.1764069e+00
   1.2650000e+03   2.1772638e+00
   1.2660000e+03   2.1780540e+00
   1.2670000e+03   2.1787806e+00
   1.2680000e+03   2.1794463e+00
   1.2690000e+03   2.1800541e+00
   1.2700000e+03   2.1806070e+00
   1.2710000e+03   2.1811079e+00
   1.2720000e+03   2.1815596e+00
   1.2730000e+03   2.1819651e+00
   1.2740000e+03   2.1823272e+00
   1.2750000e+03   2.1826484e+00
   1.2760000e+03   2.1829315e+00
   1.2770000e+03   2.1831791e+00
   1.2780000e+03   2.1833936e+00
   1.2790000e+03   2.1835773e+00
   1.2800000e+03   2.1837326e+00
   1.2810000e+03   2.1838617e+00
   1.2820000e+03   2.1839666e+00
   1.2830000e+03   2.1840493e+00
   1.2840000e+03   2.1841117e+00
   1.2850000e+03   2.1841555e+00
   1.2860000e+03   2.1841825e+00
   1.2870000e+03   2.1841941e+00
   1.2880000e+03   2.1841920e+00
   1.2890000e+03   2.1841774e+00
   1.2900000e+03   2.1841516e+00
   1.2910000e+03   2.1841159e+00
   1.2920000e+03   2.1840713e+00
   1.2930000e+03   2.1840190e+00
   1.2940000e+03   2.1839597e+00
   1.2950000e+03   2.1838945e+00
   1.2960000e+03   2.1838241e+00
   1.2970000e+03   2.1837493e+00
   1.2980000e+03   2.1836706e+00
   1.2990000e+03   2.1835889e+00
   1.3000000e+03   2.1835045e+00
   1.3010000e+03   2.1834180e+00
   1.3020000e+03   2.1833299e+00
   1.3030000e+03   2.1832405e+00
   1.3040000e+03   2.1831504e+00
   1.3050000e+03   2.1830597e+00
   1.3060000e+03   2.1829688e+00
   1.3070000e+03   2.1828780e+00
   1.3080000e+03   2.1827876e+00
   1.3090000e+03   2.1826977e+00
   1.3100000e+03   2.1826086e+00
   1.3110000e+03   2.1825205e+00
   1.3120000e+03   2.1824336e+00
   1.3130000e+03   2.1823480e+00
   1.3140000e+03   2.1822640e+00
   1.3150000e+03   2.1821816e+00
   1.3160000e+03   2.1821011e+00
   1.3170000e+03   2.1820226e+00
   1.3180000e+03   2.1819461e+00
   1.3190000e+03   2.1818719e+00
   1.3200000e+03   2.1818001e+00
   1.3210000e+03   2.1817306e+00
   1.3220000e+03   2.1816637e+00
   1.3230000e+03   2.1815994e+00
   1.3240000e+03   2.1815377e+00
   1.3250000e+03   2.1814788e+00
   1.3260000e+03   2.1814235e+00
   1.3270000e+03   2.1813726e+00
   1.3280000e+03   2.1813267e+00
   1.3290000e+03   2.1812864e+00
   1.3300000e+03   2.1812518e+00
   1.3310000e+03   2.1812233e+00
   1.3320000e+03   2.1812008e+00
   1.3330000e+03   2.1811845e+00
   1.3340000e+03   2.1811742e+00
   1.3350000e+03   2.1811697e+00
   1.3360000e+03   2.1811709e+00
   1.3370000e+03   2.1811775e+00
   1.3380000e+03   2.1811892e+00
   1.3390000e+03   2.1812057e+00
   1.3400000e+03   2.1812267e+00
   1.3410000e+03   2.1812518e+00
   1.3420000e+03   2.1812805e+00
   1.3430000e+03   2.1813126e+00
   1.3440000e+03   2.1813477e+00
   1.3450000e+03   2.1813853e+00
   1.3460000e+03   2.1814251e+00
   1.3470000e+03   2.1814667e+00
   1.3480000e+03   2.1815098e+00
   1.3490000e+03   2.1815541e+00
   1.3500000e+03   2.1815992e+00
   1.3510000e+03   2.1816448e+00
   1.3520000e+03   2.1816907e+00
   1.3530000e+03   2.1817365e+00
   1.3540000e+03   2.1817821e+00
   1.3550000e+03   2.1818272e+00
   1.3560000e+03   2.1818715e+00
   1.3570000e+03   2.1819150e+00
   1.3580000e+03   2.1819574e+00
   1.3590000e+03   2.1819986e+00
   1.3600000e+03   2.1820385e+00
   1.3610000e+03   2.1820770e+00
   1.3620000e+03   2.1821139e+00
   1.3630000e+03   2.1821492e+00
   1.3640000e+03   2.1821828e+00
   1.3650000e+03   2.1822147e+00
   1.3660000e+03   2.1822448e+00
   1.3670000e+03   2.1822732e+00
   1.3680000e+03   2.1822998e+00
   1.3690000e+03   2.1823246e+00
   1.3700000e+03   2.1823476e+00
   1.3710000e+03   2.1823689e+00
   1.3720000e+03   2.1823884e+00
   1.3730000e+03   2.1824063e+00
   1.3740000e+03   2.1824226e+00
   1.3750000e+03   2.1824372e+00
   1.3760000e+03   2.1824504e+00
   1.3770000e+03   2.1824620e+00
   1.3780000e+03   2.1824722e+00
   1.3790000e+03   2.1824811e+00
   1.3800000e+03   2.1824887e+00
   1.3810000e+03   2.1824950e+00
   1.3820000e+03   2.1825002e+00
   1.3830000e+03   2.1825044e+00
   1.3840000e+03   2.1825075e+00
   1.3850000e+03   2.1825096e+00
   1.3860000e+03   2.1825109e+00
   1.3870000e+03   2.1825114e+00
   1.3880000e+03   2.1825111e+00
   1.3890000e+03   2.1825101e+00
   1.3900000e+03   2.1825085e+00
   1.3910000e+03   2.1825064e+00
   1.3920000e+03   2.1825037e+00
   1.3930000e+03   2.1825006e+00
   1.3940000e+03   2.1824971e+00
   1.3950000e+03   2.1824933e+00
   1.3960000e+03   2.1824891e+00
   1.3970000e+03   2.1824847e+00
   1.3980000e+03   2.1824801e+00
   1.3990000e+03   2.1824754e+00
   1.4000000e+03   2.1824704e+00
   1.4010000e+03   2.1824654e+00
   1.4020000e+03   2.1824604e+00
   1.4030000e+03   2.1824552e+00
   1.4040000e+03   2.1824501e+00
   1.4050000e+03   2.1824450e+00
   1.4060000e+03   2.1824400e+00
   1.4070000e+03   2.1824349e+00
   1.4080000e+03   2.1824300e+00
   1.4090000e+03   2.1824252e+00
   1.4100000e+03   2.1824205e+00
   1.4110000e+03   2.1824159e+00
   1.4120000e+03   2.1824114e+00
   1.4130000e+03   2.1824071e+00
   1.4140000e+03   2.1824029e+00
   1.4150000e+03   2.1823989e+00
   1.4160000e+03   2.1823950e+00
   1.4170000e+03   2.1823913e+00
   1.4180000e+03   2.1823878e+00
   1.4190000e+03   2.1823845e+00
   1.4200000e+03   2.1823813e+00
   1.4210000e+03   2.1823783e+00
   1.4220000e+03   2.1823754e+00
   1.4230000e+03   2.1823728e+00
   1.4240000e+03   2.1823703e+00
   1.4250000e+03   2.1823679e+00
   1.4260000e+03   2.1823657e+00
   1.4270000e+03   2.1823637e+00
   1.4280000e+03   2.1823618e+00
   1.4290000e+03   2.1823601e+00
   1.4300000e+03   2.1823585e+00
   1.4310000e+03   2.1823571e+00
   1.4320000e+03   2.1823557e+00
   1.4330000e+03   2.1823545e+00
   1.4340000e+03   2.1823535e+00
   1.4350000e+03   2.1823525e+00
   1.4360000e+03   2.1823517e+00
   1.4370000e+03   2.1823510e+00
   1.4380000e+03   2.1823503e+00
   1.4390000e+03   2.1823498e+00
   1.4400000e+03   2.1823493e+00
   1.4410000e+03   2.1823490e+00
   1.4420000e+03   2.1823487e+00
   1.4430000e+03   2.1823485e+00
   1.4440000e+03   2.1823483e+00
   1.4450000e+03   2.1823483e+00
   1.4460000e+03   2.1823483e+00
   1.4470000e+03   2.1823483e+00
   1.4480000e+03   2.1823484e+00
   1.4490000e+03   2.1823485e+00
   1.4500000e+03   2.1823487e+00
   1.4510000e+03   2.1823489e+00
   1.4520000e+03   2.1823492e+00
   1.4530000e+03   2.1823495e+00
   1.4540000e+03   2.1823498e+00
   1.4550000e+03   2.1823501e+00
   1.4560000e+03   2.1823505e+00
   1.4570000e+03   2.1823509e+00
   1.4580000e+03   2.1823513e+00
   1.4590000e+03   2.1823517e+00
   1.4600000e+03   2.1823521e+00
   1.4610000e+03   2.1823525e+00
   1.4620000e+03   2.1823530e+00
   1.4630000e+03   2.1823534e+00
   1.4640000e+03   2.1823538e+00
   1.4650000e+03   2.1823542e+00
   1.4660000e+03   2.1823547e+00
   1.4670000e+03   2.1823551e+00
   1.4680000e+03   2.1823555e+00
   1.4690000e+03   2.1823559e+00
   1.4700000e+03   2.1823562e+00
   1.4710000e+03   2.1823566e+00
   1.4720000e+03   2.1823570e+00
   1.4730000e+03   2.1823573e+00
   1.4740000e+03   2.1823576e+00
   1.4750000e+03   2.1823579e+00
   1.4760000e+03   2.1823582e+00
   1.4770000e+03   2.1823585e+00
   1.4780000e+03   2.1823587e+00
   1.4790000e+03   2.1823589e+00
   1.4800000e+03   2.1823591e+00
   1.4810000e+03   2.1823593e+00
   1.4820000e+03   2.1823595e+00
   1.4830000e+03   2.1823596e+00
   1.4840000e+03   2.1823598e+00
   1.4850000e+03   2.1823599e+00
   1.4860000e+03   2.1823600e+00
   1.4870000e+03   2.1823601e+00
   1.4880000e+03   2.1823601e+00
   1.4890000e+03   2.1823602e+00
   1.4900000e+03   2.1823602e+00
   1.4910000e+03   2.1823602e+00
   1.4920000e+03   2.1823602e+00
   1.4930000e+03   2.1823602e+00
   1.4940000e+03   2.1823602e+00
   1.4950000e+03   2.1823602e+00
   1.4960000e+03   2.1823602e+00
   1.4970000e+03   2.1823601e+00
   1.4980000e+03   2.1823601e+00
   1.4990000e+03   2.1823600e+00
   1.5000000e+03   2.1823599e+00
   1.5010000e+03   2.1823598e+00
   1.5020000e+03   2.1823598e+00
   1.5030000e+03   2.1823597e+00
   1.5040000e+03   2.1823596e+00
   1.5050000e+03   2.1823595e+00
   1.5060000e+03   2.1823594e+00
   1.5070000e+03   2.1823593e+00
   1.5080000e+03   2.1823592e+00
   1.5090000e+03   2.1823591e+00
   1.5100000e+03   2.1823590e+00
   1.5110000e+03   2.1823589e+00
   1.5120000e+03   2.1823588e+00
   1.5130000e+03   2.1823587e+00
   1.5140000e+03   2.1823586e+00
   1.5150000e+03   2.1823585e+00
   1.5160000e+03   2.1823584e+00
   1.5170000e+03   2.1823583e+00
   1.5180000e+03   2.1823582e+00
   1.5190000e+03   2.1823581e+00
   1.5200000e+03   2.1823581e+00
   1.5210000e+03   2.1823580e+00
   1.5220000e+03   2.1823579e+00
   1.5230000e+03   2.1823578e+00
   1.5240000e+03   2.1823578e+00
   1.5250000e+03   2.1823577e+00
   1.5260000e+03   2.1823576e+00
   1.5270000e+03   2.1823576e+00
   1.5280000e+03   2.1823575e+00
   1.5290000e+03   2.1823575e+00
   1.5300000e+03   2.1823574e+00
   1.5310000e+03   2.1823574e+00
   1.5320000e+03   2.1823574e+00
   1.5330000e+03   2.1823573e+00
   1.5340000e+03   2.1823573e+00
   1.5350000e+03   2.1823573e+00
   1.5360000e+03   2.1823572e+00
   1.5370000e+03   2.1823572e+00
   1.5380000e+03   2.1823572e+00
   1.5390000e+03   2.1823572e+00
   1.5400000e+03   2.1823572e+00
   1.5410000e+03   2.1823572e+00
   1.5420000e+03   2.1823571e+00
   1.5430000e+03   2.1823571e+00
   1.5440000e+03   2.1823571e+00
   1.5450000e+03   2.1823571e+00
   1.5460000e+03   2.1823571e+00
   1.5470000e+03   2.1823571e+00
   1.5480000e+03   2.1823571e+00
   1.5490000e+03   2.1823571e+00
   1.5500000e+03   2.1823571e+00
   1.5510000e+03   2.1823571e+00
   1.5520000e+03   2.1823572e+00
   1.5530000e+03   2.1823572e+00
   1.5540000e+03   2.1823572e+00
   1.5550000e+03   2.1823572e+00
   1.5560000e+03   2.1823572e+00
   1.5570000e+03   2.1823572e+00
   1.5580000e+03   2.1823572e+00
   1.5590000e+03   2.1823572e+00
   1.5600000e+03   2.1823572e+00
   1.5610000e+03   2.1823572e+00
   1.5620000e+03   2.1823573e+00
   1.5630000e+03   2.1823573e+00
   1.5640000e+03   2.1823573e+00
   1.5650000e+03   2.1823573e+00
   1.5660000e+03   2.1823573e+00
   1.5670000e+03   2.1823573e+00
   1.5680000e+03   2.1823573e+00
   1.5690000e+03   2.1823573e+00
   1.5700000e+03   2.1823574e+00
   1.5710000e+03   2.1823574e+00
   1.5720000e+03   2.1823574e+00
   1.5730000e+03   2.1823574e+00
   1.5740000e+03   2.1823574e+00
   1.5750000e+03   2.1823574e+00
   1.5760000e+03   2.1823574e+00
   1.5770000e+03   2.1823574e+00
   1.5780000e+03   2.1823574e+00
   1.5790000e+03   2.1823574e+00
   1.5800000e+03   2.1823575e+00
   1.5810000e+03   2.1823575e+00
   1.5820000e+03   2.1823575e+00
   1.5830000e+03   2.1823575e+00
   1.5840000e+03   2.1823575e+00
   1.5850000e+03   2.1823575e+00
   1.5860000e+03   2.1823575e+00
   1.5870000e+03   2.1823575e+00
   1.5880000e+03   2.1823575e+00
   1.5890000e+03   2.1823575e+00
   1.5900000e+03   2.1823575e+00
   1.5910000e+03   2.1823575e+00
   1.5920000e+03   2.1823575e+00
   1.5930000e+03   2.1823575e+00
   1.5940000e+03   2.1823575e+00
   1.5950000e+03   2.1823575e+00
   1.5960000e+03   2.1823575e+00
   1.5970000e+03   2.1823575e+00
   1.5980000e+03   2.1823575e+00
   1.5990000e+03   2.1823575e+00
   1.6000000e+03   2.1823575e+00
