   1.0000000e+00   2.0000000e+00
   2.0000000e+00   2.0000000e+00
   3.0000000e+00   2.0000000e+00
   4.0000000e+00   2.0000000e+00
   5.0000000e+00   2.0000000e+00
   6.0000000e+00   2.0000000e+00
   7.0000000e+00   2.0000000e+00
   8.0000000e+00   2.0000000e+00
   9.0000000e+00   2.0000000e+00
   1.0000000e+01   2.0000000e+00
   1.1000000e+01   2.0000000e+00
   1.2000000e+01   2.8000000e+00
   1.3000000e+01   2.8000000e+00
   1.4000000e+01   2.8000000e+00
   1.5000000e+01   2.8000000e+00
   1.6000000e+01   2.8000000e+00
   1.7000000e+01   2.8000000e+00
   1.8000000e+01   2.8000000e+00
   1.9000000e+01   2.8000000e+00
   2.0000000e+01   2.8000000e+00
   2.1000000e+01   2.8000000e+00
   2.2000000e+01   2.8000000e+00
   2.3000000e+01   2.8000000e+00
   2.4000000e+01   2.8000000e+00
   2.5000000e+01   2.8000000e+00
   2.6000000e+01   2.7977713e+00
   2.7000000e+01   2.7907933e+00
   2.8000000e+01   2.7798221e+00
   2.9000000e+01   2.7656255e+00
   3.0000000e+01   2.7489451e+00
   3.1000000e+01   2.7304709e+00
   3.2000000e+01   2.7108244e+00
   3.3000000e+01   2.6905481e+00
   3.4000000e+01   2.6700991e+00
   3.5000000e+01   2.6498468e+00
   3.6000000e+01   2.6300782e+00
   3.7000000e+01   2.6110098e+00
   3.8000000e+01   2.5928009e+00
   3.9000000e+01   2.5755648e+00
   4.0000000e+01   2.5593775e+00
   4.1000000e+01   2.5442848e+00
   4.2000000e+01   2.5303084e+00
   4.3000000e+01   2.5174503e+00
   4.4000000e+01   2.5056972e+00
   4.5000000e+01   2.4950234e+00
   4.6000000e+01   2.4853935e+00
   4.7000000e+01   2.4767651e+00
   4.8000000e+01   2.4690900e+00
   4.9000000e+01   2.4623165e+00
   5.0000000e+01   2.4563901e+00
   5.1000000e+01   2.4512549e+00
   5.2000000e+01   2.4468545e+00
   5.3000000e+01   2.4431326e+00
   5.4000000e+01   2.4400338e+00
   5.5000000e+01   2.4375039e+00
   5.6000000e+01   2.4354905e+00
   5.7000000e+01   2.4339432e+00
   5.8000000e+01   2.4328138e+00
   5.9000000e+01   2.4320567e+00
   6.0000000e+01   2.4316288e+00
   6.1000000e+01   2.4314896e+00
   6.2000000e+01   2.4316013e+00
   6.3000000e+01   2.4319289e+00
   6.4000000e+01   2.4324400e+00
   6.5000000e+01   2.4331049e+00
   6.6000000e+01   2.4338963e+00
   6.7000000e+01   2.4347894e+00
   6.8000000e+01   2.4357621e+00
   6.9000000e+01   2.4367942e+00
   7.0000000e+01   2.4378677e+00
   7.1000000e+01   2.4389668e+00
   7.2000000e+01   2.4400775e+00
   7.3000000e+01   2.4411876e+00
   7.4000000e+01   2.4422866e+00
   7.5000000e+01   2.4433655e+00
   7.6000000e+01   2.4444168e+00
   7.7000000e+01   2.4454340e+00
   7.8000000e+01   2.4464123e+00
   7.9000000e+01   2.4473474e+00
   8.0000000e+01   2.4482364e+00
   8.1000000e+01   2.4490770e+00
   8.2000000e+01   2.4498679e+00
   8.3000000e+01   2.4506081e+00
   8.4000000e+01   2.4512977e+00
   8.5000000e+01   2.4519369e+00
   8.6000000e+01   2.4525266e+00
   8.7000000e+01   2.4530678e+00
   8.8000000e+01   2.4535621e+00
   8.9000000e+01   2.4540113e+00
   9.0000000e+01   2.4544173e+00
   9.1000000e+01   2.4547822e+00
   9.2000000e+01   2.4551083e+00
   9.3000000e+01   2.4553980e+00
   9.4000000e+01   2.4556535e+00
   9.5000000e+01   2.4558773e+00
   9.6000000e+01   2.4560718e+00
   9.7000000e+01   2.4562395e+00
   9.8000000e+01   2.4563826e+00
   9.9000000e+01   2.4565034e+00
   1.0000000e+02   2.4566043e+00
   1.0100000e+02   2.4566873e+00
   1.0200000e+02   2.4567545e+00
   1.0300000e+02   2.4568078e+00
   1.0400000e+02   2.4568491e+00
   1.0500000e+02   2.4568802e+00
   1.0600000e+02   2.4569028e+00
   1.0700000e+02   2.4569182e+00
   1.0800000e+02   2.4569281e+00
   1.0900000e+02   2.4569336e+00
   1.1000000e+02   2.4569360e+00
   1.1100000e+02   2.4569363e+00
   1.1200000e+02   2.4569357e+00
   1.1300000e+02   2.4569348e+00
   1.1400000e+02   2.4569346e+00
   1.1500000e+02   2.4569356e+00
   1.1600000e+02   2.4569383e+00
   1.1700000e+02   2.4569434e+00
   1.1800000e+02   2.4569510e+00
   1.1900000e+02   2.4569615e+00
   1.2000000e+02   2.4569749e+00
   1.2100000e+02   2.4569914e+00
   1.2200000e+02   2.4570109e+00
   1.2300000e+02   2.4570333e+00
   1.2400000e+02   2.4570582e+00
   1.2500000e+02   2.4570856e+00
   1.2600000e+02   2.4571148e+00
   1.2700000e+02   2.4571456e+00
   1.2800000e+02   2.4571773e+00
   1.2900000e+02   2.4572096e+00
   1.3000000e+02   2.4572418e+00
   1.3100000e+02   2.4572734e+00
   1.3200000e+02   2.4573040e+00
   1.3300000e+02   2.4573329e+00
   1.3400000e+02   2.4573599e+00
   1.3500000e+02   2.4573844e+00
   1.3600000e+02   2.4574062e+00
   1.3700000e+02   2.4574250e+00
   1.3800000e+02   2.4574373e+00
   1.3900000e+02   2.4574406e+00
   1.4000000e+02   2.4574330e+00
   1.4100000e+02   2.4574135e+00
   1.4200000e+02   2.4573812e+00
   1.4300000e+02   2.4573362e+00
   1.4400000e+02   2.4572786e+00
   1.4500000e+02   2.4572092e+00
   1.4600000e+02   2.4571285e+00
   1.4700000e+02   2.4570379e+00
   1.4800000e+02   2.4569383e+00
   1.4900000e+02   2.4568313e+00
   1.5000000e+02   2.4567182e+00
   1.5100000e+02   2.4566008e+00
   1.5200000e+02   2.4564806e+00
   1.5300000e+02   2.4563593e+00
   1.5400000e+02   2.4562384e+00
   1.5500000e+02   2.4561195e+00
   1.5600000e+02   2.4560039e+00
   1.5700000e+02   2.4558928e+00
   1.5800000e+02   2.4557874e+00
   1.5900000e+02   2.4556885e+00
   1.6000000e+02   2.4555968e+00
   1.6100000e+02   2.4555131e+00
   1.6200000e+02   2.4554376e+00
   1.6300000e+02   2.4553706e+00
   1.6400000e+02   2.4553123e+00
   1.6500000e+02   2.4552626e+00
   1.6600000e+02   2.4552214e+00
   1.6700000e+02   2.4551886e+00
   1.6800000e+02   2.4551637e+00
   1.6900000e+02   2.4551465e+00
   1.7000000e+02   2.4551364e+00
   1.7100000e+02   2.4551331e+00
   1.7200000e+02   2.4551360e+00
   1.7300000e+02   2.4551445e+00
   1.7400000e+02   2.4551581e+00
   1.7500000e+02   2.4551763e+00
   1.7600000e+02   2.4551985e+00
   1.7700000e+02   2.4552241e+00
   1.7800000e+02   2.4552526e+00
   1.7900000e+02   2.4552836e+00
   1.8000000e+02   2.4553164e+00
   1.8100000e+02   2.4553507e+00
   1.8200000e+02   2.4553861e+00
   1.8300000e+02   2.4554220e+00
   1.8400000e+02   2.4554583e+00
   1.8500000e+02   2.4554944e+00
   1.8600000e+02   2.4555302e+00
   1.8700000e+02   2.4555653e+00
   1.8800000e+02   2.4555995e+00
   1.8900000e+02   2.4556327e+00
   1.9000000e+02   2.4556646e+00
   1.9100000e+02   2.4556951e+00
   1.9200000e+02   2.4557241e+00
   1.9300000e+02   2.4557514e+00
   1.9400000e+02   2.4557771e+00
   1.9500000e+02   2.4558011e+00
   1.9600000e+02   2.4558233e+00
   1.9700000e+02   2.4558438e+00
   1.9800000e+02   2.4558625e+00
   1.9900000e+02   2.4558795e+00
   2.0000000e+02   2.4558948e+00
   2.0100000e+02   2.4559085e+00
   2.0200000e+02   2.4559206e+00
   2.0300000e+02   2.4559312e+00
   2.0400000e+02   2.4559404e+00
   2.0500000e+02   2.4559482e+00
   2.0600000e+02   2.4559547e+00
   2.0700000e+02   2.4559600e+00
   2.0800000e+02   2.4559643e+00
   2.0900000e+02   2.4559675e+00
   2.1000000e+02   2.4559697e+00
   2.1100000e+02   2.4559711e+00
   2.1200000e+02   2.4559717e+00
   2.1300000e+02   2.4559717e+00
   2.1400000e+02   2.4559710e+00
   2.1500000e+02   2.4559698e+00
   2.1600000e+02   2.4559681e+00
   2.1700000e+02   2.4559660e+00
   2.1800000e+02   2.4559636e+00
   2.1900000e+02   2.4559609e+00
   2.2000000e+02   2.4559580e+00
   2.2100000e+02   2.4559549e+00
   2.2200000e+02   2.4559517e+00
   2.2300000e+02   2.4559484e+00
   2.2400000e+02   2.4559450e+00
   2.2500000e+02   2.4559417e+00
   2.2600000e+02   2.4559384e+00
   2.2700000e+02   2.4559351e+00
   2.2800000e+02   2.4559318e+00
   2.2900000e+02   2.4559287e+00
   2.3000000e+02   2.4559257e+00
   2.3100000e+02   2.4559228e+00
   2.3200000e+02   2.4559200e+00
   2.3300000e+02   2.4559174e+00
   2.3400000e+02   2.4559149e+00
   2.3500000e+02   2.4559125e+00
   2.3600000e+02   2.4559103e+00
   2.3700000e+02   2.4559082e+00
   2.3800000e+02   2.4559063e+00
   2.3900000e+02   2.4559046e+00
   2.4000000e+02   2.4559030e+00
   2.4100000e+02   2.4559015e+00
   2.4200000e+02   2.4559001e+00
   2.4300000e+02   2.4558989e+00
   2.4400000e+02   2.4558978e+00
   2.4500000e+02   2.4558967e+00
   2.4600000e+02   2.4558958e+00
   2.4700000e+02   2.4558950e+00
   2.4800000e+02   2.4558943e+00
   2.4900000e+02   2.4558936e+00
   2.5000000e+02   2.4558930e+00
   2.5100000e+02   2.4558925e+00
   2.5200000e+02   2.4558920e+00
   2.5300000e+02   2.4558916e+00
   2.5400000e+02   2.4558912e+00
   2.5500000e+02   2.4558909e+00
   2.5600000e+02   2.4558905e+00
   2.5700000e+02   2.4558902e+00
   2.5800000e+02   2.4558900e+00
   2.5900000e+02   2.4558897e+00
   2.6000000e+02   2.4558895e+00
   2.6100000e+02   2.4558892e+00
   2.6200000e+02   2.4558890e+00
   2.6300000e+02   2.4558888e+00
   2.6400000e+02   2.4558886e+00
   2.6500000e+02   2.4558884e+00
   2.6600000e+02   2.4558882e+00
   2.6700000e+02   2.4558880e+00
   2.6800000e+02   2.4558878e+00
   2.6900000e+02   2.4558877e+00
   2.7000000e+02   2.4558875e+00
   2.7100000e+02   2.4558874e+00
   2.7200000e+02   2.4558872e+00
   2.7300000e+02   2.4558871e+00
   2.7400000e+02   2.4558870e+00
   2.7500000e+02   2.4558870e+00
   2.7600000e+02   2.4558869e+00
   2.7700000e+02   2.4558869e+00
   2.7800000e+02   2.4558869e+00
   2.7900000e+02   2.4558870e+00
   2.8000000e+02   2.4558871e+00
   2.8100000e+02   2.4558872e+00
   2.8200000e+02   2.4558873e+00
   2.8300000e+02   2.4558875e+00
   2.8400000e+02   2.4558876e+00
   2.8500000e+02   2.4558879e+00
   2.8600000e+02   2.4558881e+00
   2.8700000e+02   2.4558884e+00
   2.8800000e+02   2.4558887e+00
   2.8900000e+02   2.4558890e+00
   2.9000000e+02   2.4558893e+00
   2.9100000e+02   2.4558896e+00
   2.9200000e+02   2.4558900e+00
   2.9300000e+02   2.4558903e+00
   2.9400000e+02   2.4558907e+00
   2.9500000e+02   2.4558911e+00
   2.9600000e+02   2.4558914e+00
   2.9700000e+02   2.4558918e+00
   2.9800000e+02   2.4558922e+00
   2.9900000e+02   2.4558925e+00
   3.0000000e+02   2.4558928e+00
   3.0100000e+02   2.4558932e+00
   3.0200000e+02   2.4558935e+00
   3.0300000e+02   2.4558938e+00
   3.0400000e+02   2.4558941e+00
   3.0500000e+02   2.4558943e+00
   3.0600000e+02   2.4558946e+00
   3.0700000e+02   2.4558948e+00
   3.0800000e+02   2.4558950e+00
   3.0900000e+02   2.4558952e+00
   3.1000000e+02   2.4558953e+00
   3.1100000e+02   2.4558955e+00
   3.1200000e+02   2.4558956e+00
   3.1300000e+02   2.4558957e+00
   3.1400000e+02   2.4558958e+00
   3.1500000e+02   2.4558958e+00
   3.1600000e+02   2.4558959e+00
   3.1700000e+02   2.4558959e+00
   3.1800000e+02   2.4558959e+00
   3.1900000e+02   2.4558959e+00
   3.2000000e+02   2.4558959e+00
   3.2100000e+02   2.4558958e+00
   3.2200000e+02   2.4558958e+00
   3.2300000e+02   2.4558958e+00
   3.2400000e+02   2.4558957e+00
   3.2500000e+02   2.4558956e+00
   3.2600000e+02   2.4558955e+00
   3.2700000e+02   2.4558955e+00
   3.2800000e+02   2.4558954e+00
   3.2900000e+02   2.4558953e+00
   3.3000000e+02   2.4558952e+00
   3.3100000e+02   2.4558951e+00
   3.3200000e+02   2.4558950e+00
   3.3300000e+02   2.4558949e+00
   3.3400000e+02   2.4558948e+00
   3.3500000e+02   2.4558947e+00
   3.3600000e+02   2.4558946e+00
   3.3700000e+02   2.4558945e+00
   3.3800000e+02   2.4558944e+00
   3.3900000e+02   2.4558943e+00
   3.4000000e+02   2.4558943e+00
   3.4100000e+02   2.4558942e+00
   3.4200000e+02   2.4558941e+00
   3.4300000e+02   2.4558940e+00
   3.4400000e+02   2.4558940e+00
   3.4500000e+02   2.4558939e+00
   3.4600000e+02   2.4558939e+00
   3.4700000e+02   2.4558938e+00
   3.4800000e+02   2.4558938e+00
   3.4900000e+02   2.4558937e+00
   3.5000000e+02   2.4558937e+00
   3.5100000e+02   2.4558936e+00
   3.5200000e+02   2.4558936e+00
   3.5300000e+02   2.4558936e+00
   3.5400000e+02   2.4558936e+00
   3.5500000e+02   2.4558935e+00
   3.5600000e+02   2.4558935e+00
   3.5700000e+02   2.4558935e+00
   3.5800000e+02   2.4558935e+00
   3.5900000e+02   2.4558935e+00
   3.6000000e+02   2.4558935e+00
   3.6100000e+02   2.4558935e+00
   3.6200000e+02   2.4558935e+00
   3.6300000e+02   2.4558935e+00
   3.6400000e+02   2.4558935e+00
   3.6500000e+02   2.4558935e+00
   3.6600000e+02   2.4558935e+00
   3.6700000e+02   2.4558935e+00
   3.6800000e+02   2.4558935e+00
   3.6900000e+02   2.4558935e+00
   3.7000000e+02   2.4558935e+00
   3.7100000e+02   2.4558936e+00
   3.7200000e+02   2.4558936e+00
   3.7300000e+02   2.4558936e+00
   3.7400000e+02   2.4558936e+00
   3.7500000e+02   2.4558936e+00
   3.7600000e+02   2.4558936e+00
   3.7700000e+02   2.4558936e+00
   3.7800000e+02   2.4558936e+00
   3.7900000e+02   2.4558936e+00
   3.8000000e+02   2.4558936e+00
   3.8100000e+02   2.4558937e+00
   3.8200000e+02   2.4558937e+00
   3.8300000e+02   2.4558937e+00
   3.8400000e+02   2.4558937e+00
   3.8500000e+02   2.4558937e+00
   3.8600000e+02   2.4558937e+00
   3.8700000e+02   2.4558937e+00
   3.8800000e+02   2.4558937e+00
   3.8900000e+02   2.4558937e+00
   3.9000000e+02   2.4558937e+00
   3.9100000e+02   2.4558937e+00
   3.9200000e+02   2.4558937e+00
   3.9300000e+02   2.4558937e+00
   3.9400000e+02   2.4558937e+00
   3.9500000e+02   2.4558937e+00
   3.9600000e+02   2.4558937e+00
   3.9700000e+02   2.4558937e+00
   3.9800000e+02   2.4558938e+00
   3.9900000e+02   2.4558938e+00
   4.0000000e+02   2.3659783e+00
   4.0100000e+02   2.2849761e+00
   4.0200000e+02   2.2124071e+00
   4.0300000e+02   2.1477854e+00
   4.0400000e+02   2.0906223e+00
   4.0500000e+02   2.0404303e+00
   4.0600000e+02   1.9967257e+00
   4.0700000e+02   1.9590321e+00
   4.0800000e+02   1.9268833e+00
   4.0900000e+02   1.8998253e+00
   4.1000000e+02   1.8774189e+00
   4.1100000e+02   1.8592416e+00
   4.1200000e+02   1.8448887e+00
   4.1300000e+02   1.8339750e+00
   4.1400000e+02   1.8261350e+00
   4.1500000e+02   1.8210245e+00
   4.1600000e+02   1.8183200e+00
   4.1700000e+02   1.8177194e+00
   4.1800000e+02   1.8189419e+00
   4.1900000e+02   1.8217274e+00
   4.2000000e+02   1.8258366e+00
   4.2100000e+02   1.8310500e+00
   4.2200000e+02   1.8371675e+00
   4.2300000e+02   1.8440078e+00
   4.2400000e+02   1.8514072e+00
   4.2500000e+02   1.8592191e+00
   4.2600000e+02   1.8673126e+00
   4.2700000e+02   1.8755724e+00
   4.2800000e+02   1.8838969e+00
   4.2900000e+02   1.8921978e+00
   4.3000000e+02   1.9003993e+00
   4.3100000e+02   1.9084364e+00
   4.3200000e+02   1.9162550e+00
   4.3300000e+02   1.9238099e+00
   4.3400000e+02   1.9310651e+00
   4.3500000e+02   1.9379920e+00
   4.3600000e+02   1.9445692e+00
   4.3700000e+02   1.9507814e+00
   4.3800000e+02   1.9566189e+00
   4.3900000e+02   1.9620771e+00
   4.4000000e+02   1.9671553e+00
   4.4100000e+02   1.9718568e+00
   4.4200000e+02   1.9761880e+00
   4.4300000e+02   1.9801578e+00
   4.4400000e+02   1.9837776e+00
   4.4500000e+02   1.9870602e+00
   4.4600000e+02   1.9900204e+00
   4.4700000e+02   1.9926736e+00
   4.4800000e+02   1.9950364e+00
   4.4900000e+02   1.9971256e+00
   4.5000000e+02   1.9989585e+00
   4.5100000e+02   2.0005525e+00
   4.5200000e+02   2.0019248e+00
   4.5300000e+02   2.0030926e+00
   4.5400000e+02   2.0040725e+00
   4.5500000e+02   2.0048807e+00
   4.5600000e+02   2.0055329e+00
   4.5700000e+02   2.0060441e+00
   4.5800000e+02   2.0064286e+00
   4.5900000e+02   2.0067000e+00
   4.6000000e+02   2.0068711e+00
   4.6100000e+02   2.0069539e+00
   4.6200000e+02   2.0069597e+00
   4.6300000e+02   2.0068989e+00
   4.6400000e+02   2.0067812e+00
   4.6500000e+02   2.0066154e+00
   4.6600000e+02   2.0064097e+00
   4.6700000e+02   2.0061714e+00
   4.6800000e+02   2.0059074e+00
   4.6900000e+02   2.0056236e+00
   4.7000000e+02   2.0053254e+00
   4.7100000e+02   2.0050176e+00
   4.7200000e+02   2.0047044e+00
   4.7300000e+02   2.0043896e+00
   4.7400000e+02   2.0040762e+00
   4.7500000e+02   2.0037671e+00
   4.7600000e+02   2.0034646e+00
   4.7700000e+02   2.0031705e+00
   4.7800000e+02   2.0028865e+00
   4.7900000e+02   2.0026137e+00
   4.8000000e+02   2.0023531e+00
   4.8100000e+02   2.0021053e+00
   4.8200000e+02   2.0018709e+00
   4.8300000e+02   2.0016499e+00
   4.8400000e+02   2.0014425e+00
   4.8500000e+02   2.0012486e+00
   4.8600000e+02   2.0010677e+00
   4.8700000e+02   2.0008997e+00
   4.8800000e+02   2.0007439e+00
   4.8900000e+02   2.0005997e+00
   4.9000000e+02   2.0004667e+00
   4.9100000e+02   2.0003439e+00
   4.9200000e+02   2.0002308e+00
   4.9300000e+02   2.0001264e+00
   4.9400000e+02   2.0000301e+00
   4.9500000e+02   1.9999410e+00
   4.9600000e+02   1.9998584e+00
   4.9700000e+02   1.9997814e+00
   4.9800000e+02   1.9997093e+00
   4.9900000e+02   1.9996413e+00
   5.0000000e+02   1.9995768e+00
   5.0100000e+02   1.9995151e+00
   5.0200000e+02   1.9994555e+00
   5.0300000e+02   1.9993974e+00
   5.0400000e+02   1.9993404e+00
   5.0500000e+02   1.9992840e+00
   5.0600000e+02   1.9992278e+00
   5.0700000e+02   1.9991715e+00
   5.0800000e+02   1.9991148e+00
   5.0900000e+02   1.9990575e+00
   5.1000000e+02   1.9989995e+00
   5.1100000e+02   1.9989408e+00
   5.1200000e+02   1.9988814e+00
   5.1300000e+02   1.9988215e+00
   5.1400000e+02   1.9987612e+00
   5.1500000e+02   1.9987008e+00
   5.1600000e+02   1.9986406e+00
   5.1700000e+02   1.9985809e+00
   5.1800000e+02   1.9985222e+00
   5.1900000e+02   1.9984647e+00
   5.2000000e+02   1.9984089e+00
   5.2100000e+02   1.9983550e+00
   5.2200000e+02   1.9983034e+00
   5.2300000e+02   1.9982544e+00
   5.2400000e+02   1.9982082e+00
   5.2500000e+02   1.9981651e+00
   5.2600000e+02   1.9981284e+00
   5.2700000e+02   1.9981007e+00
   5.2800000e+02   1.9980838e+00
   5.2900000e+02   1.9980789e+00
   5.3000000e+02   1.9980867e+00
   5.3100000e+02   1.9981074e+00
   5.3200000e+02   1.9981407e+00
   5.3300000e+02   1.9981862e+00
   5.3400000e+02   1.9982432e+00
   5.3500000e+02   1.9983106e+00
   5.3600000e+02   1.9983874e+00
   5.3700000e+02   1.9984724e+00
   5.3800000e+02   1.9985644e+00
   5.3900000e+02   1.9986621e+00
   5.4000000e+02   1.9987642e+00
   5.4100000e+02   1.9988694e+00
   5.4200000e+02   1.9989766e+00
   5.4300000e+02   1.9990846e+00
   5.4400000e+02   1.9991924e+00
   5.4500000e+02   1.9992989e+00
   5.4600000e+02   1.9994033e+00
   5.4700000e+02   1.9995048e+00
   5.4800000e+02   1.9996026e+00
   5.4900000e+02   1.9996962e+00
   5.5000000e+02   1.9997851e+00
   5.5100000e+02   1.9998687e+00
   5.5200000e+02   1.9999469e+00
   5.5300000e+02   2.0000193e+00
   5.5400000e+02   2.0000858e+00
   5.5500000e+02   2.0001463e+00
   5.5600000e+02   2.0002007e+00
   5.5700000e+02   2.0002492e+00
   5.5800000e+02   2.0002918e+00
   5.5900000e+02   2.0003286e+00
   5.6000000e+02   2.0003599e+00
   5.6100000e+02   2.0003859e+00
   5.6200000e+02   2.0004067e+00
   5.6300000e+02   2.0004228e+00
   5.6400000e+02   2.0004343e+00
   5.6500000e+02   2.0004417e+00
   5.6600000e+02   2.0004451e+00
   5.6700000e+02   2.0004450e+00
   5.6800000e+02   2.0004417e+00
   5.6900000e+02   2.0004355e+00
   5.7000000e+02   2.0004267e+00
   5.7100000e+02   2.0004156e+00
   5.7200000e+02   2.0004026e+00
   5.7300000e+02   2.0003878e+00
   5.7400000e+02   2.0003717e+00
   5.7500000e+02   2.0003545e+00
   5.7600000e+02   2.0003363e+00
   5.7700000e+02   2.0003175e+00
   5.7800000e+02   2.0002982e+00
   5.7900000e+02   2.0002787e+00
   5.8000000e+02   2.0002592e+00
   5.8100000e+02   2.0002397e+00
   5.8200000e+02   2.0002204e+00
   5.8300000e+02   2.0002015e+00
   5.8400000e+02   2.0001831e+00
   5.8500000e+02   2.0001652e+00
   5.8600000e+02   2.0001480e+00
   5.8700000e+02   2.0001315e+00
   5.8800000e+02   2.0001157e+00
   5.8900000e+02   2.0001008e+00
   5.9000000e+02   2.0000868e+00
   5.9100000e+02   2.0000735e+00
   5.9200000e+02   2.0000612e+00
   5.9300000e+02   2.0000498e+00
   5.9400000e+02   2.0000392e+00
   5.9500000e+02   2.0000295e+00
   5.9600000e+02   2.0000206e+00
   5.9700000e+02   2.0000125e+00
   5.9800000e+02   2.0000053e+00
   5.9900000e+02   1.9999988e+00
   6.0000000e+02   1.9999930e+00
   6.0100000e+02   1.9999880e+00
   6.0200000e+02   1.9999836e+00
   6.0300000e+02   1.9999798e+00
   6.0400000e+02   1.9999766e+00
   6.0500000e+02   1.9999739e+00
   6.0600000e+02   1.9999717e+00
   6.0700000e+02   1.9999700e+00
   6.0800000e+02   1.9999687e+00
   6.0900000e+02   1.9999678e+00
   6.1000000e+02   1.9999672e+00
   6.1100000e+02   1.9999669e+00
   6.1200000e+02   1.9999669e+00
   6.1300000e+02   1.9999671e+00
   6.1400000e+02   1.9999676e+00
   6.1500000e+02   1.9999682e+00
   6.1600000e+02   1.9999690e+00
   6.1700000e+02   1.9999699e+00
   6.1800000e+02   1.9999709e+00
   6.1900000e+02   1.9999720e+00
   6.2000000e+02   1.9999731e+00
   6.2100000e+02   1.9999743e+00
   6.2200000e+02   1.9999755e+00
   6.2300000e+02   1.9999768e+00
   6.2400000e+02   1.9999780e+00
   6.2500000e+02   1.9999793e+00
   6.2600000e+02   1.9999805e+00
   6.2700000e+02   1.9999817e+00
   6.2800000e+02   1.9999829e+00
   6.2900000e+02   1.9999841e+00
   6.3000000e+02   1.9999852e+00
   6.3100000e+02   1.9999863e+00
   6.3200000e+02   1.9999873e+00
   6.3300000e+02   1.9999883e+00
   6.3400000e+02   1.9999893e+00
   6.3500000e+02   1.9999902e+00
   6.3600000e+02   1.9999911e+00
   6.3700000e+02   1.9999919e+00
   6.3800000e+02   1.9999927e+00
   6.3900000e+02   1.9999935e+00
   6.4000000e+02   1.9999942e+00
   6.4100000e+02   1.9999949e+00
   6.4200000e+02   1.9999956e+00
   6.4300000e+02   1.9999962e+00
   6.4400000e+02   1.9999969e+00
   6.4500000e+02   1.9999975e+00
   6.4600000e+02   1.9999980e+00
   6.4700000e+02   1.9999986e+00
   6.4800000e+02   1.9999992e+00
   6.4900000e+02   1.9999997e+00
   6.5000000e+02   2.0000002e+00
   6.5100000e+02   2.0000007e+00
   6.5200000e+02   2.0000012e+00
   6.5300000e+02   2.0000017e+00
   6.5400000e+02   2.0000022e+00
   6.5500000e+02   2.0000026e+00
   6.5600000e+02   2.0000031e+00
   6.5700000e+02   2.0000035e+00
   6.5800000e+02   2.0000039e+00
   6.5900000e+02   2.0000043e+00
   6.6000000e+02   2.0000046e+00
   6.6100000e+02   2.0000050e+00
   6.6200000e+02   2.0000053e+00
   6.6300000e+02   2.0000056e+00
   6.6400000e+02   2.0000058e+00
   6.6500000e+02   2.0000060e+00
   6.6600000e+02   2.0000062e+00
   6.6700000e+02   2.0000064e+00
   6.6800000e+02   2.0000065e+00
   6.6900000e+02   2.0000066e+00
   6.7000000e+02   2.0000067e+00
   6.7100000e+02   2.0000067e+00
   6.7200000e+02   2.0000067e+00
   6.7300000e+02   2.0000066e+00
   6.7400000e+02   2.0000065e+00
   6.7500000e+02   2.0000064e+00
   6.7600000e+02   2.0000063e+00
   6.7700000e+02   2.0000061e+00
   6.7800000e+02   2.0000059e+00
   6.7900000e+02   2.0000057e+00
   6.8000000e+02   2.0000055e+00
   6.8100000e+02   2.0000052e+00
   6.8200000e+02   2.0000050e+00
   6.8300000e+02   2.0000047e+00
   6.8400000e+02   2.0000044e+00
   6.8500000e+02   2.0000041e+00
   6.8600000e+02   2.0000038e+00
   6.8700000e+02   2.0000035e+00
   6.8800000e+02   2.0000032e+00
   6.8900000e+02   2.0000029e+00
   6.9000000e+02   2.0000025e+00
   6.9100000e+02   2.0000022e+00
   6.9200000e+02   2.0000019e+00
   6.9300000e+02   2.0000017e+00
   6.9400000e+02   2.0000014e+00
   6.9500000e+02   2.0000011e+00
   6.9600000e+02   2.0000009e+00
   6.9700000e+02   2.0000006e+00
   6.9800000e+02   2.0000004e+00
   6.9900000e+02   2.0000002e+00
   7.0000000e+02   2.0000000e+00
   7.0100000e+02   1.9999998e+00
   7.0200000e+02   1.9999996e+00
   7.0300000e+02   1.9999994e+00
   7.0400000e+02   1.9999993e+00
   7.0500000e+02   1.9999992e+00
   7.0600000e+02   1.9999991e+00
   7.0700000e+02   1.9999990e+00
   7.0800000e+02   1.9999989e+00
   7.0900000e+02   1.9999988e+00
   7.1000000e+02   1.9999988e+00
   7.1100000e+02   1.9999987e+00
   7.1200000e+02   1.9999987e+00
   7.1300000e+02   1.9999987e+00
   7.1400000e+02   1.9999987e+00
   7.1500000e+02   1.9999987e+00
   7.1600000e+02   1.9999987e+00
   7.1700000e+02   1.9999987e+00
   7.1800000e+02   1.9999987e+00
   7.1900000e+02   1.9999988e+00
   7.2000000e+02   1.9999988e+00
   7.2100000e+02   1.9999988e+00
   7.2200000e+02   1.9999989e+00
   7.2300000e+02   1.9999989e+00
   7.2400000e+02   1.9999990e+00
   7.2500000e+02   1.9999990e+00
   7.2600000e+02   1.9999991e+00
   7.2700000e+02   1.9999991e+00
   7.2800000e+02   1.9999992e+00
   7.2900000e+02   1.9999993e+00
   7.3000000e+02   1.9999993e+00
   7.3100000e+02   1.9999994e+00
   7.3200000e+02   1.9999994e+00
   7.3300000e+02   1.9999995e+00
   7.3400000e+02   1.9999995e+00
   7.3500000e+02   1.9999996e+00
   7.3600000e+02   1.9999996e+00
   7.3700000e+02   1.9999997e+00
   7.3800000e+02   1.9999997e+00
   7.3900000e+02   1.9999998e+00
   7.4000000e+02   1.9999998e+00
   7.4100000e+02   1.9999998e+00
   7.4200000e+02   1.9999999e+00
   7.4300000e+02   1.9999999e+00
   7.4400000e+02   1.9999999e+00
   7.4500000e+02   2.0000000e+00
   7.4600000e+02   2.0000000e+00
   7.4700000e+02   2.0000000e+00
   7.4800000e+02   2.0000000e+00
   7.4900000e+02   2.0000000e+00
   7.5000000e+02   2.0000001e+00
   7.5100000e+02   2.0000001e+00
   7.5200000e+02   2.0000001e+00
   7.5300000e+02   2.0000001e+00
   7.5400000e+02   2.0000001e+00
   7.5500000e+02   2.0000001e+00
   7.5600000e+02   2.0000001e+00
   7.5700000e+02   2.0000001e+00
   7.5800000e+02   2.0000001e+00
   7.5900000e+02   2.0000001e+00
   7.6000000e+02   2.0000001e+00
   7.6100000e+02   2.0000001e+00
   7.6200000e+02   2.0000001e+00
   7.6300000e+02   2.0000001e+00
   7.6400000e+02   2.0000001e+00
   7.6500000e+02   2.0000001e+00
   7.6600000e+02   2.0000001e+00
   7.6700000e+02   2.0000001e+00
   7.6800000e+02   2.0000001e+00
   7.6900000e+02   2.0000001e+00
   7.7000000e+02   2.0000001e+00
   7.7100000e+02   2.0000001e+00
   7.7200000e+02   2.0000001e+00
   7.7300000e+02   2.0000001e+00
   7.7400000e+02   2.0000001e+00
   7.7500000e+02   2.0000001e+00
   7.7600000e+02   2.0000001e+00
   7.7700000e+02   2.0000001e+00
   7.7800000e+02   2.0000001e+00
   7.7900000e+02   2.0000001e+00
   7.8000000e+02   2.0000001e+00
   7.8100000e+02   2.0000001e+00
   7.8200000e+02   2.0000001e+00
   7.8300000e+02   2.0000000e+00
   7.8400000e+02   2.0000000e+00
   7.8500000e+02   2.0000000e+00
   7.8600000e+02   2.0000000e+00
   7.8700000e+02   2.0000000e+00
   7.8800000e+02   2.0000000e+00
   7.8900000e+02   2.0000000e+00
   7.9000000e+02   2.0000000e+00
   7.9100000e+02   2.0000000e+00
   7.9200000e+02   2.0000000e+00
   7.9300000e+02   2.0000000e+00
   7.9400000e+02   2.0000000e+00
   7.9500000e+02   2.0000000e+00
   7.9600000e+02   2.0000000e+00
   7.9700000e+02   2.0000000e+00
   7.9800000e+02   2.0000000e+00
   7.9900000e+02   2.0000000e+00
   8.0000000e+02   2.1078985e+00
   8.0100000e+02   2.2051012e+00
   8.0200000e+02   2.2921840e+00
   8.0300000e+02   2.3697301e+00
   8.0400000e+02   2.4383257e+00
   8.0500000e+02   2.4985562e+00
   8.0600000e+02   2.5510017e+00
   8.0700000e+02   2.5962340e+00
   8.0800000e+02   2.6348126e+00
   8.0900000e+02   2.6672822e+00
   8.1000000e+02   2.6941698e+00
   8.1100000e+02   2.7159826e+00
   8.1200000e+02   2.7332060e+00
   8.1300000e+02   2.7463026e+00
   8.1400000e+02   2.7557105e+00
   8.1500000e+02   2.7618431e+00
   8.1600000e+02   2.7650885e+00
   8.1700000e+02   2.7658092e+00
   8.1800000e+02   2.7643423e+00
   8.1900000e+02   2.7609996e+00
   8.2000000e+02   2.7560686e+00
   8.2100000e+02   2.7498126e+00
   8.2200000e+02   2.7424715e+00
   8.2300000e+02   2.7342631e+00
   8.2400000e+02   2.7253838e+00
   8.2500000e+02   2.7160097e+00
   8.2600000e+02   2.7062974e+00
   8.2700000e+02   2.6963857e+00
   8.2800000e+02   2.6863963e+00
   8.2900000e+02   2.6764351e+00
   8.3000000e+02   2.6665934e+00
   8.3100000e+02   2.6569488e+00
   8.3200000e+02   2.6475666e+00
   8.3300000e+02   2.6385006e+00
   8.3400000e+02   2.6297944e+00
   8.3500000e+02   2.6214821e+00
   8.3600000e+02   2.6135895e+00
   8.3700000e+02   2.6061349e+00
   8.3800000e+02   2.5991298e+00
   8.3900000e+02   2.5925800e+00
   8.4000000e+02   2.5864861e+00
   8.4100000e+02   2.5808443e+00
   8.4200000e+02   2.5756469e+00
   8.4300000e+02   2.5708831e+00
   8.4400000e+02   2.5665394e+00
   8.4500000e+02   2.5626002e+00
   8.4600000e+02   2.5590480e+00
   8.4700000e+02   2.5558641e+00
   8.4800000e+02   2.5530289e+00
   8.4900000e+02   2.5505218e+00
   8.5000000e+02   2.5483223e+00
   8.5100000e+02   2.5464096e+00
   8.5200000e+02   2.5447627e+00
   8.5300000e+02   2.5433614e+00
   8.5400000e+02   2.5421855e+00
   8.5500000e+02   2.5412156e+00
   8.5600000e+02   2.5404330e+00
   8.5700000e+02   2.5398195e+00
   8.5800000e+02   2.5393581e+00
   8.5900000e+02   2.5390325e+00
   8.6000000e+02   2.5388271e+00
   8.6100000e+02   2.5387278e+00
   8.6200000e+02   2.5387208e+00
   8.6300000e+02   2.5387938e+00
   8.6400000e+02   2.5389351e+00
   8.6500000e+02   2.5391340e+00
   8.6600000e+02   2.5393809e+00
   8.6700000e+02   2.5396668e+00
   8.6800000e+02   2.5399836e+00
   8.6900000e+02   2.5403242e+00
   8.7000000e+02   2.5406821e+00
   8.7100000e+02   2.5410514e+00
   8.7200000e+02   2.5414272e+00
   8.7300000e+02   2.5418050e+00
   8.7400000e+02   2.5421810e+00
   8.7500000e+02   2.5425519e+00
   8.7600000e+02   2.5429150e+00
   8.7700000e+02   2.5432679e+00
   8.7800000e+02   2.5436087e+00
   8.7900000e+02   2.5439361e+00
   8.8000000e+02   2.5442488e+00
   8.8100000e+02   2.5445461e+00
   8.8200000e+02   2.5448274e+00
   8.8300000e+02   2.5450926e+00
   8.8400000e+02   2.5453414e+00
   8.8500000e+02   2.5455742e+00
   8.8600000e+02   2.5457912e+00
   8.8700000e+02   2.5459929e+00
   8.8800000e+02   2.5461799e+00
   8.8900000e+02   2.5463528e+00
   8.9000000e+02   2.5465125e+00
   8.9100000e+02   2.5466598e+00
   8.9200000e+02   2.5467956e+00
   8.9300000e+02   2.5469208e+00
   8.9400000e+02   2.5470364e+00
   8.9500000e+02   2.5471433e+00
   8.9600000e+02   2.5472424e+00
   8.9700000e+02   2.5473348e+00
   8.9800000e+02   2.5474214e+00
   8.9900000e+02   2.5475029e+00
   9.0000000e+02   2.5475803e+00
   9.0100000e+02   2.5476544e+00
   9.0200000e+02   2.5477260e+00
   9.0300000e+02   2.5477956e+00
   9.0400000e+02   2.5478640e+00
   9.0500000e+02   2.5479317e+00
   9.0600000e+02   2.5479991e+00
   9.0700000e+02   2.5480667e+00
   9.0800000e+02   2.5481348e+00
   9.0900000e+02   2.5482035e+00
   9.1000000e+02   2.5482731e+00
   9.1100000e+02   2.5483436e+00
   9.1200000e+02   2.5484148e+00
   9.1300000e+02   2.5484867e+00
   9.1400000e+02   2.5485591e+00
   9.1500000e+02   2.5486316e+00
   9.1600000e+02   2.5487038e+00
   9.1700000e+02   2.5487754e+00
   9.1800000e+02   2.5488459e+00
   9.1900000e+02   2.5489149e+00
   9.2000000e+02   2.5489819e+00
   9.2100000e+02   2.5490465e+00
   9.2200000e+02   2.5491084e+00
   9.2300000e+02   2.5491673e+00
   9.2400000e+02   2.5492227e+00
   9.2500000e+02   2.5492744e+00
   9.2600000e+02   2.5493185e+00
   9.2700000e+02   2.5493517e+00
   9.2800000e+02   2.5493720e+00
   9.2900000e+02   2.5493778e+00
   9.3000000e+02   2.5493685e+00
   9.3100000e+02   2.5493437e+00
   9.3200000e+02   2.5493037e+00
   9.3300000e+02   2.5492490e+00
   9.3400000e+02   2.5491807e+00
   9.3500000e+02   2.5490998e+00
   9.3600000e+02   2.5490076e+00
   9.3700000e+02   2.5489056e+00
   9.3800000e+02   2.5487952e+00
   9.3900000e+02   2.5486780e+00
   9.4000000e+02   2.5485555e+00
   9.4100000e+02   2.5484292e+00
   9.4200000e+02   2.5483006e+00
   9.4300000e+02   2.5481709e+00
   9.4400000e+02   2.5480416e+00
   9.4500000e+02   2.5479138e+00
   9.4600000e+02   2.5477885e+00
   9.4700000e+02   2.5476667e+00
   9.4800000e+02   2.5475493e+00
   9.4900000e+02   2.5474370e+00
   9.5000000e+02   2.5473304e+00
   9.5100000e+02   2.5472300e+00
   9.5200000e+02   2.5471363e+00
   9.5300000e+02   2.5470494e+00
   9.5400000e+02   2.5469696e+00
   9.5500000e+02   2.5468970e+00
   9.5600000e+02   2.5468316e+00
   9.5700000e+02   2.5467735e+00
   9.5800000e+02   2.5467223e+00
   9.5900000e+02   2.5466781e+00
   9.6000000e+02   2.5466406e+00
   9.6100000e+02   2.5466095e+00
   9.6200000e+02   2.5465844e+00
   9.6300000e+02   2.5465652e+00
   9.6400000e+02   2.5465513e+00
   9.6500000e+02   2.5465425e+00
   9.6600000e+02   2.5465383e+00
   9.6700000e+02   2.5465385e+00
   9.6800000e+02   2.5465424e+00
   9.6900000e+02   2.5465499e+00
   9.7000000e+02   2.5465605e+00
   9.7100000e+02   2.5465738e+00
   9.7200000e+02   2.5465894e+00
   9.7300000e+02   2.5466071e+00
   9.7400000e+02   2.5466264e+00
   9.7500000e+02   2.5466472e+00
   9.7600000e+02   2.5466689e+00
   9.7700000e+02   2.5466915e+00
   9.7800000e+02   2.5467146e+00
   9.7900000e+02   2.5467380e+00
   9.8000000e+02   2.5467615e+00
   9.8100000e+02   2.5467849e+00
   9.8200000e+02   2.5468080e+00
   9.8300000e+02   2.5468307e+00
   9.8400000e+02   2.5468528e+00
   9.8500000e+02   2.5468743e+00
   9.8600000e+02   2.5468949e+00
   9.8700000e+02   2.5469147e+00
   9.8800000e+02   2.5469336e+00
   9.8900000e+02   2.5469515e+00
   9.9000000e+02   2.5469684e+00
   9.9100000e+02   2.5469842e+00
   9.9200000e+02   2.5469991e+00
   9.9300000e+02   2.5470128e+00
   9.9400000e+02   2.5470255e+00
   9.9500000e+02   2.5470372e+00
   9.9600000e+02   2.5470478e+00
   9.9700000e+02   2.5470575e+00
   9.9800000e+02   2.5470662e+00
   9.9900000e+02   2.5470739e+00
   1.0000000e+03   2.5470809e+00
   1.0010000e+03   2.5470869e+00
   1.0020000e+03   2.5470922e+00
   1.0030000e+03   2.5470968e+00
   1.0040000e+03   2.5471006e+00
   1.0050000e+03   2.5471038e+00
   1.0060000e+03   2.5471064e+00
   1.0070000e+03   2.5471085e+00
   1.0080000e+03   2.5471101e+00
   1.0090000e+03   2.5471112e+00
   1.0100000e+03   2.5471119e+00
   1.0110000e+03   2.5471122e+00
   1.0120000e+03   2.5471122e+00
   1.0130000e+03   2.5471119e+00
   1.0140000e+03   2.5471114e+00
   1.0150000e+03   2.5471107e+00
   1.0160000e+03   2.5471097e+00
   1.0170000e+03   2.5471087e+00
   1.0180000e+03   2.5471075e+00
   1.0190000e+03   2.5471062e+00
   1.0200000e+03   2.5471048e+00
   1.0210000e+03   2.5471033e+00
   1.0220000e+03   2.5471019e+00
   1.0230000e+03   2.5471004e+00
   1.0240000e+03   2.5470989e+00
   1.0250000e+03   2.5470974e+00
   1.0260000e+03   2.5470959e+00
   1.0270000e+03   2.5470944e+00
   1.0280000e+03   2.5470930e+00
   1.0290000e+03   2.5470916e+00
   1.0300000e+03   2.5470903e+00
   1.0310000e+03   2.5470890e+00
   1.0320000e+03   2.5470877e+00
   1.0330000e+03   2.5470865e+00
   1.0340000e+03   2.5470854e+00
   1.0350000e+03   2.5470843e+00
   1.0360000e+03   2.5470832e+00
   1.0370000e+03   2.5470822e+00
   1.0380000e+03   2.5470813e+00
   1.0390000e+03   2.5470803e+00
   1.0400000e+03   2.5470795e+00
   1.0410000e+03   2.5470786e+00
   1.0420000e+03   2.5470778e+00
   1.0430000e+03   2.5470770e+00
   1.0440000e+03   2.5470763e+00
   1.0450000e+03   2.5470756e+00
   1.0460000e+03   2.5470749e+00
   1.0470000e+03   2.5470742e+00
   1.0480000e+03   2.5470735e+00
   1.0490000e+03   2.5470729e+00
   1.0500000e+03   2.5470722e+00
   1.0510000e+03   2.5470716e+00
   1.0520000e+03   2.5470710e+00
   1.0530000e+03   2.5470705e+00
   1.0540000e+03   2.5470699e+00
   1.0550000e+03   2.5470694e+00
   1.0560000e+03   2.5470688e+00
   1.0570000e+03   2.5470683e+00
   1.0580000e+03   2.5470678e+00
   1.0590000e+03   2.5470674e+00
   1.0600000e+03   2.5470669e+00
   1.0610000e+03   2.5470665e+00
   1.0620000e+03   2.5470662e+00
   1.0630000e+03   2.5470658e+00
   1.0640000e+03   2.5470655e+00
   1.0650000e+03   2.5470653e+00
   1.0660000e+03   2.5470650e+00
   1.0670000e+03   2.5470648e+00
   1.0680000e+03   2.5470647e+00
   1.0690000e+03   2.5470646e+00
   1.0700000e+03   2.5470645e+00
   1.0710000e+03   2.5470645e+00
   1.0720000e+03   2.5470645e+00
   1.0730000e+03   2.5470646e+00
   1.0740000e+03   2.5470647e+00
   1.0750000e+03   2.5470648e+00
   1.0760000e+03   2.5470650e+00
   1.0770000e+03   2.5470651e+00
   1.0780000e+03   2.5470654e+00
   1.0790000e+03   2.5470656e+00
   1.0800000e+03   2.5470659e+00
   1.0810000e+03   2.5470662e+00
   1.0820000e+03   2.5470665e+00
   1.0830000e+03   2.5470669e+00
   1.0840000e+03   2.5470672e+00
   1.0850000e+03   2.5470676e+00
   1.0860000e+03   2.5470680e+00
   1.0870000e+03   2.5470683e+00
   1.0880000e+03   2.5470687e+00
   1.0890000e+03   2.5470691e+00
   1.0900000e+03   2.5470694e+00
   1.0910000e+03   2.5470698e+00
   1.0920000e+03   2.5470702e+00
   1.0930000e+03   2.5470705e+00
   1.0940000e+03   2.5470709e+00
   1.0950000e+03   2.5470712e+00
   1.0960000e+03   2.5470715e+00
   1.0970000e+03   2.5470718e+00
   1.0980000e+03   2.5470721e+00
   1.0990000e+03   2.5470723e+00
   1.1000000e+03   2.5470726e+00
   1.1010000e+03   2.5470728e+00
   1.1020000e+03   2.5470730e+00
   1.1030000e+03   2.5470732e+00
   1.1040000e+03   2.5470733e+00
   1.1050000e+03   2.5470735e+00
   1.1060000e+03   2.5470736e+00
   1.1070000e+03   2.5470737e+00
   1.1080000e+03   2.5470738e+00
   1.1090000e+03   2.5470739e+00
   1.1100000e+03   2.5470740e+00
   1.1110000e+03   2.5470740e+00
   1.1120000e+03   2.5470741e+00
   1.1130000e+03   2.5470741e+00
   1.1140000e+03   2.5470741e+00
   1.1150000e+03   2.5470741e+00
   1.1160000e+03   2.5470741e+00
   1.1170000e+03   2.5470741e+00
   1.1180000e+03   2.5470740e+00
   1.1190000e+03   2.5470740e+00
   1.1200000e+03   2.5470740e+00
   1.1210000e+03   2.5470739e+00
   1.1220000e+03   2.5470739e+00
   1.1230000e+03   2.5470738e+00
   1.1240000e+03   2.5470737e+00
   1.1250000e+03   2.5470737e+00
   1.1260000e+03   2.5470736e+00
   1.1270000e+03   2.5470735e+00
   1.1280000e+03   2.5470735e+00
   1.1290000e+03   2.5470734e+00
   1.1300000e+03   2.5470733e+00
   1.1310000e+03   2.5470733e+00
   1.1320000e+03   2.5470732e+00
   1.1330000e+03   2.5470731e+00
   1.1340000e+03   2.5470731e+00
   1.1350000e+03   2.5470730e+00
   1.1360000e+03   2.5470730e+00
   1.1370000e+03   2.5470729e+00
   1.1380000e+03   2.5470728e+00
   1.1390000e+03   2.5470728e+00
   1.1400000e+03   2.5470727e+00
   1.1410000e+03   2.5470727e+00
   1.1420000e+03   2.5470727e+00
   1.1430000e+03   2.5470726e+00
   1.1440000e+03   2.5470726e+00
   1.1450000e+03   2.5470726e+00
   1.1460000e+03   2.5470725e+00
   1.1470000e+03   2.5470725e+00
   1.1480000e+03   2.5470725e+00
   1.1490000e+03   2.5470725e+00
   1.1500000e+03   2.5470724e+00
   1.1510000e+03   2.5470724e+00
   1.1520000e+03   2.5470724e+00
   1.1530000e+03   2.5470724e+00
   1.1540000e+03   2.5470724e+00
   1.1550000e+03   2.5470724e+00
   1.1560000e+03   2.5470724e+00
   1.1570000e+03   2.5470724e+00
   1.1580000e+03   2.5470724e+00
   1.1590000e+03   2.5470724e+00
   1.1600000e+03   2.5470724e+00
   1.1610000e+03   2.5470724e+00
   1.1620000e+03   2.5470724e+00
   1.1630000e+03   2.5470724e+00
   1.1640000e+03   2.5470724e+00
   1.1650000e+03   2.5470724e+00
   1.1660000e+03   2.5470724e+00
   1.1670000e+03   2.5470724e+00
   1.1680000e+03   2.5470724e+00
   1.1690000e+03   2.5470724e+00
   1.1700000e+03   2.5470724e+00
   1.1710000e+03   2.5470724e+00
   1.1720000e+03   2.5470724e+00
   1.1730000e+03   2.5470724e+00
   1.1740000e+03   2.5470724e+00
   1.1750000e+03   2.5470724e+00
   1.1760000e+03   2.5470724e+00
   1.1770000e+03   2.5470724e+00
   1.1780000e+03   2.5470724e+00
   1.1790000e+03   2.5470724e+00
   1.1800000e+03   2.5470724e+00
   1.1810000e+03   2.5470724e+00
   1.1820000e+03   2.5470724e+00
   1.1830000e+03   2.5470724e+00
   1.1840000e+03   2.5470725e+00
   1.1850000e+03   2.5470725e+00
   1.1860000e+03   2.5470725e+00
   1.1870000e+03   2.5470725e+00
   1.1880000e+03   2.5470725e+00
   1.1890000e+03   2.5470725e+00
   1.1900000e+03   2.5470725e+00
   1.1910000e+03   2.5470725e+00
   1.1920000e+03   2.5470725e+00
   1.1930000e+03   2.5470725e+00
   1.1940000e+03   2.5470725e+00
   1.1950000e+03   2.5470725e+00
   1.1960000e+03   2.5470725e+00
   1.1970000e+03   2.5470725e+00
   1.1980000e+03   2.5470725e+00
   1.1990000e+03   2.5470725e+00
   1.2000000e+03   2.4751402e+00
   1.2010000e+03   2.4103384e+00
   1.2020000e+03   2.3522832e+00
   1.2030000e+03   2.3005858e+00
   1.2040000e+03   2.2548554e+00
   1.2050000e+03   2.2147017e+00
   1.2060000e+03   2.1797380e+00
   1.2070000e+03   2.1495832e+00
   1.2080000e+03   2.1238641e+00
   1.2090000e+03   2.1022177e+00
   1.2100000e+03   2.0842926e+00
   1.2110000e+03   2.0697508e+00
   1.2120000e+03   2.0582685e+00
   1.2130000e+03   2.0495375e+00
   1.2140000e+03   2.0432655e+00
   1.2150000e+03   2.0391771e+00
   1.2160000e+03   2.0370135e+00
   1.2170000e+03   2.0365330e+00
   1.2180000e+03   2.0375110e+00
   1.2190000e+03   2.0397394e+00
   1.2200000e+03   2.0430268e+00
   1.2210000e+03   2.0471975e+00
   1.2220000e+03   2.0520915e+00
   1.2230000e+03   2.0575638e+00
   1.2240000e+03   2.0634833e+00
   1.2250000e+03   2.0697327e+00
   1.2260000e+03   2.0762076e+00
   1.2270000e+03   2.0828154e+00
   1.2280000e+03   2.0894750e+00
   1.2290000e+03   2.0961158e+00
   1.2300000e+03   2.1026769e+00
   1.2310000e+03   2.1091067e+00
   1.2320000e+03   2.1153615e+00
   1.2330000e+03   2.1214055e+00
   1.2340000e+03   2.1272096e+00
   1.2350000e+03   2.1327511e+00
   1.2360000e+03   2.1380128e+00
   1.2370000e+03   2.1429826e+00
   1.2380000e+03   2.1476526e+00
   1.2390000e+03   2.1520192e+00
   1.2400000e+03   2.1560818e+00
   1.2410000e+03   2.1598430e+00
   1.2420000e+03   2.1633079e+00
   1.2430000e+03   2.1664838e+00
   1.2440000e+03   2.1693795e+00
   1.2450000e+03   2.1720057e+00
   1.2460000e+03   2.1743738e+00
   1.2470000e+03   2.1764964e+00
   1.2480000e+03   2.1783866e+00
   1.2490000e+03   2.1800579e+00
   1.2500000e+03   2.1815243e+00
   1.2510000e+03   2.1827995e+00
   1.2520000e+03   2.1838974e+00
   1.2530000e+03   2.1848316e+00
   1.2540000e+03   2.1856155e+00
   1.2550000e+03   2.1862621e+00
   1.2560000e+03   2.1867839e+00
   1.2570000e+03   2.1871928e+00
   1.2580000e+03   2.1875004e+00
   1.2590000e+03   2.1877175e+00
   1.2600000e+03   2.1878544e+00
   1.2610000e+03   2.1879207e+00
   1.2620000e+03   2.1879253e+00
   1.2630000e+03   2.1878766e+00
   1.2640000e+03   2.1877824e+00
   1.2650000e+03   2.1876498e+00
   1.2660000e+03   2.1874852e+00
   1.2670000e+03   2.1872947e+00
   1.2680000e+03   2.1870834e+00
   1.2690000e+03   2.1868564e+00
   1.2700000e+03   2.1866178e+00
   1.2710000e+03   2.1863716e+00
   1.2720000e+03   2.1861210e+00
   1.2730000e+03   2.1858691e+00
   1.2740000e+03   2.1856185e+00
   1.2750000e+03   2.1853712e+00
   1.2760000e+03   2.1851292e+00
   1.2770000e+03   2.1848939e+00
   1.2780000e+03   2.1846667e+00
   1.2790000e+03   2.1844485e+00
   1.2800000e+03   2.1842400e+00
   1.2810000e+03   2.1840418e+00
   1.2820000e+03   2.1838542e+00
   1.2830000e+03   2.1836775e+00
   1.2840000e+03   2.1835115e+00
   1.2850000e+03   2.1833564e+00
   1.2860000e+03   2.1832117e+00
   1.2870000e+03   2.1830772e+00
   1.2880000e+03   2.1829526e+00
   1.2890000e+03   2.1828373e+00
   1.2900000e+03   2.1827308e+00
   1.2910000e+03   2.1826326e+00
   1.2920000e+03   2.1825421e+00
   1.2930000e+03   2.1824586e+00
   1.2940000e+03   2.1823816e+00
   1.2950000e+03   2.1823103e+00
   1.2960000e+03   2.1822442e+00
   1.2970000e+03   2.1821826e+00
   1.2980000e+03   2.1821249e+00
   1.2990000e+03   2.1820706e+00
   1.3000000e+03   2.1820189e+00
   1.3010000e+03   2.1819695e+00
   1.3020000e+03   2.1819219e+00
   1.3030000e+03   2.1818754e+00
   1.3040000e+03   2.1818298e+00
   1.3050000e+03   2.1817847e+00
   1.3060000e+03   2.1817398e+00
   1.3070000e+03   2.1816947e+00
   1.3080000e+03   2.1816493e+00
   1.3090000e+03   2.1816035e+00
   1.3100000e+03   2.1815571e+00
   1.3110000e+03   2.1815101e+00
   1.3120000e+03   2.1814626e+00
   1.3130000e+03   2.1814147e+00
   1.3140000e+03   2.1813665e+00
   1.3150000e+03   2.1813181e+00
   1.3160000e+03   2.1812700e+00
   1.3170000e+03   2.1812223e+00
   1.3180000e+03   2.1811753e+00
   1.3190000e+03   2.1811293e+00
   1.3200000e+03   2.1810846e+00
   1.3210000e+03   2.1810415e+00
   1.3220000e+03   2.1810002e+00
   1.3230000e+03   2.1809610e+00
   1.3240000e+03   2.1809241e+00
   1.3250000e+03   2.1808895e+00
   1.3260000e+03   2.1808602e+00
   1.3270000e+03   2.1808380e+00
   1.3280000e+03   2.1808245e+00
   1.3290000e+03   2.1808206e+00
   1.3300000e+03   2.1808269e+00
   1.3310000e+03   2.1808434e+00
   1.3320000e+03   2.1808701e+00
   1.3330000e+03   2.1809065e+00
   1.3340000e+03   2.1809520e+00
   1.3350000e+03   2.1810060e+00
   1.3360000e+03   2.1810674e+00
   1.3370000e+03   2.1811354e+00
   1.3380000e+03   2.1812090e+00
   1.3390000e+03   2.1812872e+00
   1.3400000e+03   2.1813688e+00
   1.3410000e+03   2.1814530e+00
   1.3420000e+03   2.1815388e+00
   1.3430000e+03   2.1816252e+00
   1.3440000e+03   2.1817114e+00
   1.3450000e+03   2.1817967e+00
   1.3460000e+03   2.1818802e+00
   1.3470000e+03   2.1819614e+00
   1.3480000e+03   2.1820396e+00
   1.3490000e+03   2.1821145e+00
   1.3500000e+03   2.1821856e+00
   1.3510000e+03   2.1822525e+00
   1.3520000e+03   2.1823150e+00
   1.3530000e+03   2.1823729e+00
   1.3540000e+03   2.1824261e+00
   1.3550000e+03   2.1824745e+00
   1.3560000e+03   2.1825181e+00
   1.3570000e+03   2.1825569e+00
   1.3580000e+03   2.1825909e+00
   1.3590000e+03   2.1826204e+00
   1.3600000e+03   2.1826454e+00
   1.3610000e+03   2.1826662e+00
   1.3620000e+03   2.1826829e+00
   1.3630000e+03   2.1826957e+00
   1.3640000e+03   2.1827050e+00
   1.3650000e+03   2.1827108e+00
   1.3660000e+03   2.1827136e+00
   1.3670000e+03   2.1827135e+00
   1.3680000e+03   2.1827109e+00
   1.3690000e+03   2.1827059e+00
   1.3700000e+03   2.1826988e+00
   1.3710000e+03   2.1826900e+00
   1.3720000e+03   2.1826795e+00
   1.3730000e+03   2.1826678e+00
   1.3740000e+03   2.1826549e+00
   1.3750000e+03   2.1826411e+00
   1.3760000e+03   2.1826265e+00
   1.3770000e+03   2.1826115e+00
   1.3780000e+03   2.1825961e+00
   1.3790000e+03   2.1825805e+00
   1.3800000e+03   2.1825648e+00
   1.3810000e+03   2.1825492e+00
   1.3820000e+03   2.1825338e+00
   1.3830000e+03   2.1825187e+00
   1.3840000e+03   2.1825040e+00
   1.3850000e+03   2.1824897e+00
   1.3860000e+03   2.1824759e+00
   1.3870000e+03   2.1824627e+00
   1.3880000e+03   2.1824501e+00
   1.3890000e+03   2.1824382e+00
   1.3900000e+03   2.1824269e+00
   1.3910000e+03   2.1824163e+00
   1.3920000e+03   2.1824065e+00
   1.3930000e+03   2.1823973e+00
   1.3940000e+03   2.1823888e+00
   1.3950000e+03   2.1823811e+00
   1.3960000e+03   2.1823740e+00
   1.3970000e+03   2.1823675e+00
   1.3980000e+03   2.1823617e+00
   1.3990000e+03   2.1823565e+00
   1.4000000e+03   2.1823519e+00
   1.4010000e+03   2.1823479e+00
   1.4020000e+03   2.1823444e+00
   1.4030000e+03   2.1823413e+00
   1.4040000e+03   2.1823388e+00
   1.4050000e+03   2.1823366e+00
   1.4060000e+03   2.1823349e+00
   1.4070000e+03   2.1823335e+00
   1.4080000e+03   2.1823325e+00
   1.4090000e+03   2.1823317e+00
   1.4100000e+03   2.1823313e+00
   1.4110000e+03   2.1823310e+00
   1.4120000e+03   2.1823310e+00
   1.4130000e+03   2.1823312e+00
   1.4140000e+03   2.1823316e+00
   1.4150000e+03   2.1823321e+00
   1.4160000e+03   2.1823327e+00
   1.4170000e+03   2.1823334e+00
   1.4180000e+03   2.1823342e+00
   1.4190000e+03   2.1823351e+00
   1.4200000e+03   2.1823360e+00
   1.4210000e+03   2.1823369e+00
   1.4220000e+03   2.1823379e+00
   1.4230000e+03   2.1823389e+00
   1.4240000e+03   2.1823399e+00
   1.4250000e+03   2.1823409e+00
   1.4260000e+03   2.1823419e+00
   1.4270000e+03   2.1823429e+00
   1.4280000e+03   2.1823438e+00
   1.4290000e+03   2.1823448e+00
   1.4300000e+03   2.1823456e+00
   1.4310000e+03   2.1823465e+00
   1.4320000e+03   2.1823473e+00
   1.4330000e+03   2.1823481e+00
   1.4340000e+03   2.1823489e+00
   1.4350000e+03   2.1823496e+00
   1.4360000e+03   2.1823503e+00
   1.4370000e+03   2.1823510e+00
   1.4380000e+03   2.1823517e+00
   1.4390000e+03   2.1823523e+00
   1.4400000e+03   2.1823529e+00
   1.4410000e+03   2.1823534e+00
   1.4420000e+03   2.1823540e+00
   1.4430000e+03   2.1823545e+00
   1.4440000e+03   2.1823550e+00
   1.4450000e+03   2.1823555e+00
   1.4460000e+03   2.1823559e+00
   1.4470000e+03   2.1823564e+00
   1.4480000e+03   2.1823568e+00
   1.4490000e+03   2.1823573e+00
   1.4500000e+03   2.1823577e+00
   1.4510000e+03   2.1823581e+00
   1.4520000e+03   2.1823585e+00
   1.4530000e+03   2.1823589e+00
   1.4540000e+03   2.1823592e+00
   1.4550000e+03   2.1823596e+00
   1.4560000e+03   2.1823599e+00
   1.4570000e+03   2.1823603e+00
   1.4580000e+03   2.1823606e+00
   1.4590000e+03   2.1823609e+00
   1.4600000e+03   2.1823612e+00
   1.4610000e+03   2.1823615e+00
   1.4620000e+03   2.1823617e+00
   1.4630000e+03   2.1823620e+00
   1.4640000e+03   2.1823622e+00
   1.4650000e+03   2.1823623e+00
   1.4660000e+03   2.1823625e+00
   1.4670000e+03   2.1823626e+00
   1.4680000e+03   2.1823627e+00
   1.4690000e+03   2.1823628e+00
   1.4700000e+03   2.1823628e+00
   1.4710000e+03   2.1823628e+00
   1.4720000e+03   2.1823628e+00
   1.4730000e+03   2.1823628e+00
   1.4740000e+03   2.1823627e+00
   1.4750000e+03   2.1823626e+00
   1.4760000e+03   2.1823625e+00
   1.4770000e+03   2.1823624e+00
   1.4780000e+03   2.1823623e+00
   1.4790000e+03   2.1823621e+00
   1.4800000e+03   2.1823619e+00
   1.4810000e+03   2.1823617e+00
   1.4820000e+03   2.1823615e+00
   1.4830000e+03   2.1823613e+00
   1.4840000e+03   2.1823610e+00
   1.4850000e+03   2.1823608e+00
   1.4860000e+03   2.1823605e+00
   1.4870000e+03   2.1823603e+00
   1.4880000e+03   2.1823600e+00
   1.4890000e+03   2.1823598e+00
   1.4900000e+03   2.1823595e+00
   1.4910000e+03   2.1823593e+00
   1.4920000e+03   2.1823591e+00
   1.4930000e+03   2.1823588e+00
   1.4940000e+03   2.1823586e+00
   1.4950000e+03   2.1823584e+00
   1.4960000e+03   2.1823582e+00
   1.4970000e+03   2.1823580e+00
   1.4980000e+03   2.1823578e+00
   1.4990000e+03   2.1823576e+00
   1.5000000e+03   2.1823575e+00
   1.5010000e+03   2.1823573e+00
   1.5020000e+03   2.1823572e+00
   1.5030000e+03   2.1823571e+00
   1.5040000e+03   2.1823569e+00
   1.5050000e+03   2.1823568e+00
   1.5060000e+03   2.1823568e+00
   1.5070000e+03   2.1823567e+00
   1.5080000e+03   2.1823566e+00
   1.5090000e+03   2.1823566e+00
   1.5100000e+03   2.1823565e+00
   1.5110000e+03   2.1823565e+00
   1.5120000e+03   2.1823565e+00
   1.5130000e+03   2.1823564e+00
   1.5140000e+03   2.1823564e+00
   1.5150000e+03   2.1823564e+00
   1.5160000e+03   2.1823564e+00
   1.5170000e+03   2.1823565e+00
   1.5180000e+03   2.1823565e+00
   1.5190000e+03   2.1823565e+00
   1.5200000e+03   2.1823565e+00
   1.5210000e+03   2.1823566e+00
   1.5220000e+03   2.1823566e+00
   1.5230000e+03   2.1823566e+00
   1.5240000e+03   2.1823567e+00
   1.5250000e+03   2.1823567e+00
   1.5260000e+03   2.1823568e+00
   1.5270000e+03   2.1823568e+00
   1.5280000e+03   2.1823569e+00
   1.5290000e+03   2.1823569e+00
   1.5300000e+03   2.1823569e+00
   1.5310000e+03   2.1823570e+00
   1.5320000e+03   2.1823570e+00
   1.5330000e+03   2.1823571e+00
   1.5340000e+03   2.1823571e+00
   1.5350000e+03   2.1823572e+00
   1.5360000e+03   2.1823572e+00
   1.5370000e+03   2.1823572e+00
   1.5380000e+03   2.1823573e+00
   1.5390000e+03   2.1823573e+00
   1.5400000e+03   2.1823573e+00
   1.5410000e+03   2.1823574e+00
   1.5420000e+03   2.1823574e+00
   1.5430000e+03   2.1823574e+00
   1.5440000e+03   2.1823574e+00
   1.5450000e+03   2.1823575e+00
   1.5460000e+03   2.1823575e+00
   1.5470000e+03   2.1823575e+00
   1.5480000e+03   2.1823575e+00
   1.5490000e+03   2.1823575e+00
   1.5500000e+03   2.1823575e+00
   1.5510000e+03   2.1823576e+00
   1.5520000e+03   2.1823576e+00
   1.5530000e+03   2.1823576e+00
   1.5540000e+03   2.1823576e+00
   1.5550000e+03   2.1823576e+00
   1.5560000e+03   2.1823576e+00
   1.5570000e+03   2.1823576e+00
   1.5580000e+03   2.1823576e+00
   1.5590000e+03   2.1823576e+00
   1.5600000e+03   2.1823576e+00
   1.5610000e+03   2.1823576e+00
   1.5620000e+03   2.1823576e+00
   1.5630000e+03   2.1823576e+00
   1.5640000e+03   2.1823576e+00
   1.5650000e+03   2.1823576e+00
   1.5660000e+03   2.1823576e+00
   1.5670000e+03   2.1823576e+00
   1.5680000e+03   2.1823576e+00
   1.5690000e+03   2.1823576e+00
   1.5700000e+03   2.1823576e+00
   1.5710000e+03   2.1823576e+00
   1.5720000e+03   2.1823576e+00
   1.5730000e+03   2.1823576e+00
   1.5740000e+03   2.1823576e+00
   1.5750000e+03   2.1823576e+00
   1.5760000e+03   2.1823576e+00
   1.5770000e+03   2.1823576e+00
   1.5780000e+03   2.1823576e+00
   1.5790000e+03   2.1823576e+00
   1.5800000e+03   2.1823576e+00
   1.5810000e+03   2.1823575e+00
   1.5820000e+03   2.1823575e+00
   1.5830000e+03   2.1823575e+00
   1.5840000e+03   2.1823575e+00
   1.5850000e+03   2.1823575e+00
   1.5860000e+03   2.1823575e+00
   1.5870000e+03   2.1823575e+00
   1.5880000e+03   2.1823575e+00
   1.5890000e+03   2.1823575e+00
   1.5900000e+03   2.1823575e+00
   1.5910000e+03   2.1823575e+00
   1.5920000e+03   2.1823575e+00
   1.5930000e+03   2.1823575e+00
   1.5940000e+03   2.1823575e+00
   1.5950000e+03   2.1823575e+00
   1.5960000e+03   2.1823575e+00
   1.5970000e+03   2.1823575e+00
   1.5980000e+03   2.1823575e+00
   1.5990000e+03   2.1823575e+00
   1.6000000e+03   2.1823575e+00
