   1.0000000e+00   8.0000000e-01
   2.0000000e+00   8.0000000e-01
   3.0000000e+00   8.0000000e-01
   4.0000000e+00   8.0000000e-01
   5.0000000e+00   8.0000000e-01
   6.0000000e+00   8.0000000e-01
   7.0000000e+00   8.0000000e-01
   8.0000000e+00   8.0000000e-01
   9.0000000e+00   8.0000000e-01
   1.0000000e+01   8.0000000e-01
   1.1000000e+01   8.0000000e-01
   1.2000000e+01   8.0000000e-01
   1.3000000e+01   8.0000000e-01
   1.4000000e+01   8.0000000e-01
   1.5000000e+01   8.0000000e-01
   1.6000000e+01   8.0000000e-01
   1.7000000e+01   8.0000000e-01
   1.8000000e+01   8.0000000e-01
   1.9000000e+01   8.0000000e-01
   2.0000000e+01   8.0000000e-01
   2.1000000e+01   8.0000000e-01
   2.2000000e+01   8.0249192e-01
   2.3000000e+01   8.0827902e-01
   2.4000000e+01   8.1588602e-01
   2.5000000e+01   8.2503705e-01
   2.6000000e+01   8.3551106e-01
   2.7000000e+01   8.4712996e-01
   2.8000000e+01   8.5974941e-01
   2.9000000e+01   8.7315435e-01
   3.0000000e+01   8.8704018e-01
   3.1000000e+01   9.0113203e-01
   3.2000000e+01   9.1518302e-01
   3.3000000e+01   9.2888784e-01
   3.4000000e+01   9.4202205e-01
   3.5000000e+01   9.5449268e-01
   3.6000000e+01   9.6623322e-01
   3.7000000e+01   9.7719354e-01
   3.8000000e+01   9.8733295e-01
   3.9000000e+01   9.9662302e-01
   4.0000000e+01   1.0050585e+00
   4.1000000e+01   1.0126595e+00
   4.2000000e+01   1.0194653e+00
   4.3000000e+01   1.0255362e+00
   4.4000000e+01   1.0309508e+00
   4.5000000e+01   1.0357900e+00
   4.6000000e+01   1.0401287e+00
   4.7000000e+01   1.0440353e+00
   4.8000000e+01   1.0475729e+00
   4.9000000e+01   1.0508001e+00
   5.0000000e+01   1.0537706e+00
   5.1000000e+01   1.0565317e+00
   5.2000000e+01   1.0591228e+00
   5.3000000e+01   1.0615749e+00
   5.4000000e+01   1.0639091e+00
   5.5000000e+01   1.0661375e+00
   5.6000000e+01   1.0682645e+00
   5.7000000e+01   1.0702890e+00
   5.8000000e+01   1.0722061e+00
   5.9000000e+01   1.0740075e+00
   6.0000000e+01   1.0756829e+00
   6.1000000e+01   1.0772207e+00
   6.2000000e+01   1.0786085e+00
   6.3000000e+01   1.0798343e+00
   6.4000000e+01   1.0808874e+00
   6.5000000e+01   1.0817589e+00
   6.6000000e+01   1.0824427e+00
   6.7000000e+01   1.0829355e+00
   6.8000000e+01   1.0832368e+00
   6.9000000e+01   1.0833493e+00
   7.0000000e+01   1.0832782e+00
   7.1000000e+01   1.0830310e+00
   7.2000000e+01   1.0826179e+00
   7.3000000e+01   1.0820508e+00
   7.4000000e+01   1.0813432e+00
   7.5000000e+01   1.0805100e+00
   7.6000000e+01   1.0795666e+00
   7.7000000e+01   1.0785290e+00
   7.8000000e+01   1.0774131e+00
   7.9000000e+01   1.0762344e+00
   8.0000000e+01   1.0750077e+00
   8.1000000e+01   1.0737472e+00
   8.2000000e+01   1.0724657e+00
   8.3000000e+01   1.0711751e+00
   8.4000000e+01   1.0698857e+00
   8.5000000e+01   1.0686067e+00
   8.6000000e+01   1.0673458e+00
   8.7000000e+01   1.0661095e+00
   8.8000000e+01   1.0649031e+00
   8.9000000e+01   1.0637305e+00
   9.0000000e+01   1.0625949e+00
   9.1000000e+01   1.0614983e+00
   9.2000000e+01   1.0604422e+00
   9.3000000e+01   1.0594272e+00
   9.4000000e+01   1.0584537e+00
   9.5000000e+01   1.0575213e+00
   9.6000000e+01   1.0566297e+00
   9.7000000e+01   1.0557782e+00
   9.8000000e+01   1.0549660e+00
   9.9000000e+01   1.0541923e+00
   1.0000000e+02   1.0534564e+00
   1.0100000e+02   1.0527576e+00
   1.0200000e+02   1.0520952e+00
   1.0300000e+02   1.0514688e+00
   1.0400000e+02   1.0508777e+00
   1.0500000e+02   1.0503217e+00
   1.0600000e+02   1.0498004e+00
   1.0700000e+02   1.0493136e+00
   1.0800000e+02   1.0488610e+00
   1.0900000e+02   1.0484425e+00
   1.1000000e+02   1.0480576e+00
   1.1100000e+02   1.0477062e+00
   1.1200000e+02   1.0473877e+00
   1.1300000e+02   1.0471018e+00
   1.1400000e+02   1.0468479e+00
   1.1500000e+02   1.0466252e+00
   1.1600000e+02   1.0464329e+00
   1.1700000e+02   1.0462701e+00
   1.1800000e+02   1.0461357e+00
   1.1900000e+02   1.0460287e+00
   1.2000000e+02   1.0459477e+00
   1.2100000e+02   1.0458913e+00
   1.2200000e+02   1.0458582e+00
   1.2300000e+02   1.0458468e+00
   1.2400000e+02   1.0458558e+00
   1.2500000e+02   1.0458834e+00
   1.2600000e+02   1.0459281e+00
   1.2700000e+02   1.0459885e+00
   1.2800000e+02   1.0460630e+00
   1.2900000e+02   1.0461500e+00
   1.3000000e+02   1.0462482e+00
   1.3100000e+02   1.0463561e+00
   1.3200000e+02   1.0464724e+00
   1.3300000e+02   1.0465959e+00
   1.3400000e+02   1.0467255e+00
   1.3500000e+02   1.0468599e+00
   1.3600000e+02   1.0469981e+00
   1.3700000e+02   1.0471393e+00
   1.3800000e+02   1.0472825e+00
   1.3900000e+02   1.0474269e+00
   1.4000000e+02   1.0475718e+00
   1.4100000e+02   1.0477166e+00
   1.4200000e+02   1.0478606e+00
   1.4300000e+02   1.0480033e+00
   1.4400000e+02   1.0481442e+00
   1.4500000e+02   1.0482828e+00
   1.4600000e+02   1.0484188e+00
   1.4700000e+02   1.0485518e+00
   1.4800000e+02   1.0486814e+00
   1.4900000e+02   1.0488075e+00
   1.5000000e+02   1.0489297e+00
   1.5100000e+02   1.0490478e+00
   1.5200000e+02   1.0491616e+00
   1.5300000e+02   1.0492710e+00
   1.5400000e+02   1.0493758e+00
   1.5500000e+02   1.0494759e+00
   1.5600000e+02   1.0495712e+00
   1.5700000e+02   1.0496617e+00
   1.5800000e+02   1.0497472e+00
   1.5900000e+02   1.0498278e+00
   1.6000000e+02   1.0499034e+00
   1.6100000e+02   1.0499741e+00
   1.6200000e+02   1.0500399e+00
   1.6300000e+02   1.0501008e+00
   1.6400000e+02   1.0501569e+00
   1.6500000e+02   1.0502084e+00
   1.6600000e+02   1.0502552e+00
   1.6700000e+02   1.0502975e+00
   1.6800000e+02   1.0503355e+00
   1.6900000e+02   1.0503692e+00
   1.7000000e+02   1.0503989e+00
   1.7100000e+02   1.0504246e+00
   1.7200000e+02   1.0504466e+00
   1.7300000e+02   1.0504651e+00
   1.7400000e+02   1.0504801e+00
   1.7500000e+02   1.0504919e+00
   1.7600000e+02   1.0505006e+00
   1.7700000e+02   1.0505065e+00
   1.7800000e+02   1.0505097e+00
   1.7900000e+02   1.0505105e+00
   1.8000000e+02   1.0505089e+00
   1.8100000e+02   1.0505052e+00
   1.8200000e+02   1.0504995e+00
   1.8300000e+02   1.0504921e+00
   1.8400000e+02   1.0504830e+00
   1.8500000e+02   1.0504725e+00
   1.8600000e+02   1.0504607e+00
   1.8700000e+02   1.0504477e+00
   1.8800000e+02   1.0504337e+00
   1.8900000e+02   1.0504188e+00
   1.9000000e+02   1.0504032e+00
   1.9100000e+02   1.0503869e+00
   1.9200000e+02   1.0503701e+00
   1.9300000e+02   1.0503529e+00
   1.9400000e+02   1.0503354e+00
   1.9500000e+02   1.0503177e+00
   1.9600000e+02   1.0502999e+00
   1.9700000e+02   1.0502821e+00
   1.9800000e+02   1.0502643e+00
   1.9900000e+02   1.0502466e+00
   2.0000000e+02   1.0502291e+00
   2.0100000e+02   1.0502119e+00
   2.0200000e+02   1.0501950e+00
   2.0300000e+02   1.0501785e+00
   2.0400000e+02   1.0501623e+00
   2.0500000e+02   1.0501466e+00
   2.0600000e+02   1.0501314e+00
   2.0700000e+02   1.0501167e+00
   2.0800000e+02   1.0501026e+00
   2.0900000e+02   1.0500890e+00
   2.1000000e+02   1.0500760e+00
   2.1100000e+02   1.0500636e+00
   2.1200000e+02   1.0500518e+00
   2.1300000e+02   1.0500406e+00
   2.1400000e+02   1.0500301e+00
   2.1500000e+02   1.0500202e+00
   2.1600000e+02   1.0500109e+00
   2.1700000e+02   1.0500022e+00
   2.1800000e+02   1.0499941e+00
   2.1900000e+02   1.0499867e+00
   2.2000000e+02   1.0499798e+00
   2.2100000e+02   1.0499736e+00
   2.2200000e+02   1.0499679e+00
   2.2300000e+02   1.0499627e+00
   2.2400000e+02   1.0499581e+00
   2.2500000e+02   1.0499540e+00
   2.2600000e+02   1.0499504e+00
   2.2700000e+02   1.0499473e+00
   2.2800000e+02   1.0499446e+00
   2.2900000e+02   1.0499424e+00
   2.3000000e+02   1.0499406e+00
   2.3100000e+02   1.0499392e+00
   2.3200000e+02   1.0499381e+00
   2.3300000e+02   1.0499374e+00
   2.3400000e+02   1.0499370e+00
   2.3500000e+02   1.0499369e+00
   2.3600000e+02   1.0499372e+00
   2.3700000e+02   1.0499376e+00
   2.3800000e+02   1.0499383e+00
   2.3900000e+02   1.0499392e+00
   2.4000000e+02   1.0499404e+00
   2.4100000e+02   1.0499417e+00
   2.4200000e+02   1.0499431e+00
   2.4300000e+02   1.0499447e+00
   2.4400000e+02   1.0499465e+00
   2.4500000e+02   1.0499483e+00
   2.4600000e+02   1.0499503e+00
   2.4700000e+02   1.0499523e+00
   2.4800000e+02   1.0499544e+00
   2.4900000e+02   1.0499565e+00
   2.5000000e+02   1.0499587e+00
   2.5100000e+02   1.0499609e+00
   2.5200000e+02   1.0499631e+00
   2.5300000e+02   1.0499653e+00
   2.5400000e+02   1.0499675e+00
   2.5500000e+02   1.0499697e+00
   2.5600000e+02   1.0499718e+00
   2.5700000e+02   1.0499740e+00
   2.5800000e+02   1.0499760e+00
   2.5900000e+02   1.0499781e+00
   2.6000000e+02   1.0499801e+00
   2.6100000e+02   1.0499820e+00
   2.6200000e+02   1.0499839e+00
   2.6300000e+02   1.0499857e+00
   2.6400000e+02   1.0499875e+00
   2.6500000e+02   1.0499891e+00
   2.6600000e+02   1.0499907e+00
   2.6700000e+02   1.0499923e+00
   2.6800000e+02   1.0499937e+00
   2.6900000e+02   1.0499951e+00
   2.7000000e+02   1.0499964e+00
   2.7100000e+02   1.0499976e+00
   2.7200000e+02   1.0499988e+00
   2.7300000e+02   1.0499998e+00
   2.7400000e+02   1.0500008e+00
   2.7500000e+02   1.0500017e+00
   2.7600000e+02   1.0500026e+00
   2.7700000e+02   1.0500033e+00
   2.7800000e+02   1.0500040e+00
   2.7900000e+02   1.0500047e+00
   2.8000000e+02   1.0500052e+00
   2.8100000e+02   1.0500057e+00
   2.8200000e+02   1.0500062e+00
   2.8300000e+02   1.0500065e+00
   2.8400000e+02   1.0500069e+00
   2.8500000e+02   1.0500071e+00
   2.8600000e+02   1.0500074e+00
   2.8700000e+02   1.0500075e+00
   2.8800000e+02   1.0500077e+00
   2.8900000e+02   1.0500077e+00
   2.9000000e+02   1.0500078e+00
   2.9100000e+02   1.0500078e+00
   2.9200000e+02   1.0500078e+00
   2.9300000e+02   1.0500077e+00
   2.9400000e+02   1.0500076e+00
   2.9500000e+02   1.0500075e+00
   2.9600000e+02   1.0500074e+00
   2.9700000e+02   1.0500072e+00
   2.9800000e+02   1.0500070e+00
   2.9900000e+02   1.0500068e+00
   3.0000000e+02   1.0500066e+00
   3.0100000e+02   1.0500064e+00
   3.0200000e+02   1.0500061e+00
   3.0300000e+02   1.0500059e+00
   3.0400000e+02   1.0500056e+00
   3.0500000e+02   1.0500054e+00
   3.0600000e+02   1.0500051e+00
   3.0700000e+02   1.0500048e+00
   3.0800000e+02   1.0500045e+00
   3.0900000e+02   1.0500043e+00
   3.1000000e+02   1.0500040e+00
   3.1100000e+02   1.0500037e+00
   3.1200000e+02   1.0500035e+00
   3.1300000e+02   1.0500032e+00
   3.1400000e+02   1.0500029e+00
   3.1500000e+02   1.0500027e+00
   3.1600000e+02   1.0500024e+00
   3.1700000e+02   1.0500022e+00
   3.1800000e+02   1.0500020e+00
   3.1900000e+02   1.0500017e+00
   3.2000000e+02   1.0500015e+00
   3.2100000e+02   1.0500013e+00
   3.2200000e+02   1.0500011e+00
   3.2300000e+02   1.0500009e+00
   3.2400000e+02   1.0500008e+00
   3.2500000e+02   1.0500006e+00
   3.2600000e+02   1.0500004e+00
   3.2700000e+02   1.0500003e+00
   3.2800000e+02   1.0500001e+00
   3.2900000e+02   1.0500000e+00
   3.3000000e+02   1.0499999e+00
   3.3100000e+02   1.0499998e+00
   3.3200000e+02   1.0499997e+00
   3.3300000e+02   1.0499996e+00
   3.3400000e+02   1.0499995e+00
   3.3500000e+02   1.0499994e+00
   3.3600000e+02   1.0499993e+00
   3.3700000e+02   1.0499993e+00
   3.3800000e+02   1.0499992e+00
   3.3900000e+02   1.0499992e+00
   3.4000000e+02   1.0499991e+00
   3.4100000e+02   1.0499991e+00
   3.4200000e+02   1.0499991e+00
   3.4300000e+02   1.0499991e+00
   3.4400000e+02   1.0499991e+00
   3.4500000e+02   1.0499990e+00
   3.4600000e+02   1.0499990e+00
   3.4700000e+02   1.0499990e+00
   3.4800000e+02   1.0499990e+00
   3.4900000e+02   1.0499990e+00
   3.5000000e+02   1.0499991e+00
   3.5100000e+02   1.0499991e+00
   3.5200000e+02   1.0499991e+00
   3.5300000e+02   1.0499991e+00
   3.5400000e+02   1.0499991e+00
   3.5500000e+02   1.0499992e+00
   3.5600000e+02   1.0499992e+00
   3.5700000e+02   1.0499992e+00
   3.5800000e+02   1.0499992e+00
   3.5900000e+02   1.0499993e+00
   3.6000000e+02   1.0499993e+00
   3.6100000e+02   1.0499993e+00
   3.6200000e+02   1.0499994e+00
   3.6300000e+02   1.0499994e+00
   3.6400000e+02   1.0499994e+00
   3.6500000e+02   1.0499995e+00
   3.6600000e+02   1.0499995e+00
   3.6700000e+02   1.0499995e+00
   3.6800000e+02   1.0499996e+00
   3.6900000e+02   1.0499996e+00
   3.7000000e+02   1.0499996e+00
   3.7100000e+02   1.0499997e+00
   3.7200000e+02   1.0499997e+00
   3.7300000e+02   1.0499997e+00
   3.7400000e+02   1.0499998e+00
   3.7500000e+02   1.0499998e+00
   3.7600000e+02   1.0499998e+00
   3.7700000e+02   1.0499998e+00
   3.7800000e+02   1.0499999e+00
   3.7900000e+02   1.0499999e+00
   3.8000000e+02   1.0499999e+00
   3.8100000e+02   1.0499999e+00
   3.8200000e+02   1.0499999e+00
   3.8300000e+02   1.0500000e+00
   3.8400000e+02   1.0500000e+00
   3.8500000e+02   1.0500000e+00
   3.8600000e+02   1.0500000e+00
   3.8700000e+02   1.0500000e+00
   3.8800000e+02   1.0500000e+00
   3.8900000e+02   1.0500001e+00
   3.9000000e+02   1.0500001e+00
   3.9100000e+02   1.0500001e+00
   3.9200000e+02   1.0500001e+00
   3.9300000e+02   1.0500001e+00
   3.9400000e+02   1.0500001e+00
   3.9500000e+02   1.0500001e+00
   3.9600000e+02   1.0500001e+00
   3.9700000e+02   1.0500001e+00
   3.9800000e+02   1.0500001e+00
   3.9900000e+02   1.0500001e+00
   4.0000000e+02   1.0500001e+00
   4.0100000e+02   1.0500001e+00
   4.0200000e+02   1.0500001e+00
   4.0300000e+02   1.0500001e+00
   4.0400000e+02   1.0500001e+00
   4.0500000e+02   1.0500001e+00
   4.0600000e+02   1.0500001e+00
   4.0700000e+02   1.0500001e+00
   4.0800000e+02   1.0500001e+00
   4.0900000e+02   1.0500001e+00
   4.1000000e+02   1.0492214e+00
   4.1100000e+02   1.0479483e+00
   4.1200000e+02   1.0468813e+00
   4.1300000e+02   1.0457005e+00
   4.1400000e+02   1.0441700e+00
   4.1500000e+02   1.0421189e+00
   4.1600000e+02   1.0394261e+00
   4.1700000e+02   1.0360090e+00
   4.1800000e+02   1.0318141e+00
   4.1900000e+02   1.0268103e+00
   4.2000000e+02   1.0210418e+00
   4.2100000e+02   1.0145888e+00
   4.2200000e+02   1.0074594e+00
   4.2300000e+02   9.9964661e-01
   4.2400000e+02   9.9119284e-01
   4.2500000e+02   9.8217108e-01
   4.2600000e+02   9.7267234e-01
   4.2700000e+02   9.6279701e-01
   4.2800000e+02   9.5264913e-01
   4.2900000e+02   9.4233278e-01
   4.3000000e+02   9.3194541e-01
   4.3100000e+02   9.2157136e-01
   4.3200000e+02   9.1128702e-01
   4.3300000e+02   9.0116804e-01
   4.3400000e+02   8.9128679e-01
   4.3500000e+02   8.8170713e-01
   4.3600000e+02   8.7248215e-01
   4.3700000e+02   8.6365346e-01
   4.3800000e+02   8.5525158e-01
   4.3900000e+02   8.4729665e-01
   4.4000000e+02   8.3979979e-01
   4.4100000e+02   8.3276498e-01
   4.4200000e+02   8.2619077e-01
   4.4300000e+02   8.2007073e-01
   4.4400000e+02   8.1439359e-01
   4.4500000e+02   8.0914389e-01
   4.4600000e+02   8.0430306e-01
   4.4700000e+02   7.9985059e-01
   4.4800000e+02   7.9576511e-01
   4.4900000e+02   7.9202522e-01
   4.5000000e+02   7.8861018e-01
   4.5100000e+02   7.8550033e-01
   4.5200000e+02   7.8267728e-01
   4.5300000e+02   7.8012396e-01
   4.5400000e+02   7.7782474e-01
   4.5500000e+02   7.7576555e-01
   4.5600000e+02   7.7393389e-01
   4.5700000e+02   7.7231877e-01
   4.5800000e+02   7.7091057e-01
   4.5900000e+02   7.6970079e-01
   4.6000000e+02   7.6868179e-01
   4.6100000e+02   7.6784658e-01
   4.6200000e+02   7.6718855e-01
   4.6300000e+02   7.6670127e-01
   4.6400000e+02   7.6637837e-01
   4.6500000e+02   7.6621334e-01
   4.6600000e+02   7.6619944e-01
   4.6700000e+02   7.6632958e-01
   4.6800000e+02   7.6659627e-01
   4.6900000e+02   7.6699156e-01
   4.7000000e+02   7.6750706e-01
   4.7100000e+02   7.6813395e-01
   4.7200000e+02   7.6886307e-01
   4.7300000e+02   7.6968497e-01
   4.7400000e+02   7.7058999e-01
   4.7500000e+02   7.7156839e-01
   4.7600000e+02   7.7261040e-01
   4.7700000e+02   7.7370636e-01
   4.7800000e+02   7.7484680e-01
   4.7900000e+02   7.7602251e-01
   4.8000000e+02   7.7722468e-01
   4.8100000e+02   7.7844493e-01
   4.8200000e+02   7.7967537e-01
   4.8300000e+02   7.8090868e-01
   4.8400000e+02   7.8213812e-01
   4.8500000e+02   7.8335754e-01
   4.8600000e+02   7.8456142e-01
   4.8700000e+02   7.8574484e-01
   4.8800000e+02   7.8690347e-01
   4.8900000e+02   7.8803359e-01
   4.9000000e+02   7.8913198e-01
   4.9100000e+02   7.9019598e-01
   4.9200000e+02   7.9122338e-01
   4.9300000e+02   7.9221239e-01
   4.9400000e+02   7.9316165e-01
   4.9500000e+02   7.9407012e-01
   4.9600000e+02   7.9493707e-01
   4.9700000e+02   7.9576205e-01
   4.9800000e+02   7.9654486e-01
   4.9900000e+02   7.9728546e-01
   5.0000000e+02   7.9798402e-01
   5.0100000e+02   7.9864084e-01
   5.0200000e+02   7.9925636e-01
   5.0300000e+02   7.9983112e-01
   5.0400000e+02   8.0036574e-01
   5.0500000e+02   8.0086095e-01
   5.0600000e+02   8.0131753e-01
   5.0700000e+02   8.0173634e-01
   5.0800000e+02   8.0211829e-01
   5.0900000e+02   8.0246435e-01
   5.1000000e+02   8.0277556e-01
   5.1100000e+02   8.0305298e-01
   5.1200000e+02   8.0329775e-01
   5.1300000e+02   8.0351103e-01
   5.1400000e+02   8.0369405e-01
   5.1500000e+02   8.0384807e-01
   5.1600000e+02   8.0397437e-01
   5.1700000e+02   8.0407430e-01
   5.1800000e+02   8.0414921e-01
   5.1900000e+02   8.0420048e-01
   5.2000000e+02   8.0422951e-01
   5.2100000e+02   8.0423772e-01
   5.2200000e+02   8.0422652e-01
   5.2300000e+02   8.0419733e-01
   5.2400000e+02   8.0415155e-01
   5.2500000e+02   8.0409057e-01
   5.2600000e+02   8.0401577e-01
   5.2700000e+02   8.0392847e-01
   5.2800000e+02   8.0382999e-01
   5.2900000e+02   8.0372159e-01
   5.3000000e+02   8.0360451e-01
   5.3100000e+02   8.0347990e-01
   5.3200000e+02   8.0334891e-01
   5.3300000e+02   8.0321259e-01
   5.3400000e+02   8.0307197e-01
   5.3500000e+02   8.0292800e-01
   5.3600000e+02   8.0278157e-01
   5.3700000e+02   8.0263355e-01
   5.3800000e+02   8.0248469e-01
   5.3900000e+02   8.0233574e-01
   5.4000000e+02   8.0218735e-01
   5.4100000e+02   8.0204015e-01
   5.4200000e+02   8.0189469e-01
   5.4300000e+02   8.0175148e-01
   5.4400000e+02   8.0161099e-01
   5.4500000e+02   8.0147362e-01
   5.4600000e+02   8.0133975e-01
   5.4700000e+02   8.0120969e-01
   5.4800000e+02   8.0108374e-01
   5.4900000e+02   8.0096213e-01
   5.5000000e+02   8.0084508e-01
   5.5100000e+02   8.0073276e-01
   5.5200000e+02   8.0062531e-01
   5.5300000e+02   8.0052286e-01
   5.5400000e+02   8.0042547e-01
   5.5500000e+02   8.0033321e-01
   5.5600000e+02   8.0024611e-01
   5.5700000e+02   8.0016417e-01
   5.5800000e+02   8.0008739e-01
   5.5900000e+02   8.0001573e-01
   5.6000000e+02   7.9994914e-01
   5.6100000e+02   7.9988754e-01
   5.6200000e+02   7.9983085e-01
   5.6300000e+02   7.9977897e-01
   5.6400000e+02   7.9973178e-01
   5.6500000e+02   7.9968915e-01
   5.6600000e+02   7.9965095e-01
   5.6700000e+02   7.9961702e-01
   5.6800000e+02   7.9958722e-01
   5.6900000e+02   7.9956138e-01
   5.7000000e+02   7.9953932e-01
   5.7100000e+02   7.9952088e-01
   5.7200000e+02   7.9950588e-01
   5.7300000e+02   7.9949413e-01
   5.7400000e+02   7.9948546e-01
   5.7500000e+02   7.9947967e-01
   5.7600000e+02   7.9947660e-01
   5.7700000e+02   7.9947605e-01
   5.7800000e+02   7.9947784e-01
   5.7900000e+02   7.9948180e-01
   5.8000000e+02   7.9948775e-01
   5.8100000e+02   7.9949553e-01
   5.8200000e+02   7.9950496e-01
   5.8300000e+02   7.9951588e-01
   5.8400000e+02   7.9952814e-01
   5.8500000e+02   7.9954159e-01
   5.8600000e+02   7.9955608e-01
   5.8700000e+02   7.9957147e-01
   5.8800000e+02   7.9958763e-01
   5.8900000e+02   7.9960443e-01
   5.9000000e+02   7.9962176e-01
   5.9100000e+02   7.9963949e-01
   5.9200000e+02   7.9965752e-01
   5.9300000e+02   7.9967576e-01
   5.9400000e+02   7.9969410e-01
   5.9500000e+02   7.9971246e-01
   5.9600000e+02   7.9973076e-01
   5.9700000e+02   7.9974891e-01
   5.9800000e+02   7.9976686e-01
   5.9900000e+02   7.9978454e-01
   6.0000000e+02   7.9980189e-01
   6.0100000e+02   7.9981886e-01
   6.0200000e+02   7.9983540e-01
   6.0300000e+02   7.9985148e-01
   6.0400000e+02   7.9986704e-01
   6.0500000e+02   7.9988207e-01
   6.0600000e+02   7.9989654e-01
   6.0700000e+02   7.9991041e-01
   6.0800000e+02   7.9992368e-01
   6.0900000e+02   7.9993633e-01
   6.1000000e+02   7.9994835e-01
   6.1100000e+02   7.9995974e-01
   6.1200000e+02   7.9997047e-01
   6.1300000e+02   7.9998057e-01
   6.1400000e+02   7.9999002e-01
   6.1500000e+02   7.9999884e-01
   6.1600000e+02   8.0000703e-01
   6.1700000e+02   8.0001459e-01
   6.1800000e+02   8.0002155e-01
   6.1900000e+02   8.0002791e-01
   6.2000000e+02   8.0003370e-01
   6.2100000e+02   8.0003891e-01
   6.2200000e+02   8.0004358e-01
   6.2300000e+02   8.0004773e-01
   6.2400000e+02   8.0005136e-01
   6.2500000e+02   8.0005451e-01
   6.2600000e+02   8.0005719e-01
   6.2700000e+02   8.0005943e-01
   6.2800000e+02   8.0006124e-01
   6.2900000e+02   8.0006266e-01
   6.3000000e+02   8.0006370e-01
   6.3100000e+02   8.0006438e-01
   6.3200000e+02   8.0006473e-01
   6.3300000e+02   8.0006478e-01
   6.3400000e+02   8.0006453e-01
   6.3500000e+02   8.0006402e-01
   6.3600000e+02   8.0006327e-01
   6.3700000e+02   8.0006229e-01
   6.3800000e+02   8.0006111e-01
   6.3900000e+02   8.0005975e-01
   6.4000000e+02   8.0005823e-01
   6.4100000e+02   8.0005655e-01
   6.4200000e+02   8.0005475e-01
   6.4300000e+02   8.0005284e-01
   6.4400000e+02   8.0005084e-01
   6.4500000e+02   8.0004876e-01
   6.4600000e+02   8.0004661e-01
   6.4700000e+02   8.0004442e-01
   6.4800000e+02   8.0004218e-01
   6.4900000e+02   8.0003993e-01
   6.5000000e+02   8.0003766e-01
   6.5100000e+02   8.0003539e-01
   6.5200000e+02   8.0003312e-01
   6.5300000e+02   8.0003088e-01
   6.5400000e+02   8.0002866e-01
   6.5500000e+02   8.0002648e-01
   6.5600000e+02   8.0002433e-01
   6.5700000e+02   8.0002224e-01
   6.5800000e+02   8.0002019e-01
   6.5900000e+02   8.0001821e-01
   6.6000000e+02   8.0001629e-01
   6.6100000e+02   8.0001444e-01
   6.6200000e+02   8.0001265e-01
   6.6300000e+02   8.0001094e-01
   6.6400000e+02   8.0000930e-01
   6.6500000e+02   8.0000775e-01
   6.6600000e+02   8.0000627e-01
   6.6700000e+02   8.0000486e-01
   6.6800000e+02   8.0000354e-01
   6.6900000e+02   8.0000230e-01
   6.7000000e+02   8.0000114e-01
   6.7100000e+02   8.0000005e-01
   6.7200000e+02   7.9999905e-01
   6.7300000e+02   7.9999812e-01
   6.7400000e+02   7.9999727e-01
   6.7500000e+02   7.9999648e-01
   6.7600000e+02   7.9999578e-01
   6.7700000e+02   7.9999514e-01
   6.7800000e+02   7.9999456e-01
   6.7900000e+02   7.9999406e-01
   6.8000000e+02   7.9999361e-01
   6.8100000e+02   7.9999323e-01
   6.8200000e+02   7.9999290e-01
   6.8300000e+02   7.9999263e-01
   6.8400000e+02   7.9999241e-01
   6.8500000e+02   7.9999224e-01
   6.8600000e+02   7.9999211e-01
   6.8700000e+02   7.9999203e-01
   6.8800000e+02   7.9999199e-01
   6.8900000e+02   7.9999199e-01
   6.9000000e+02   7.9999202e-01
   6.9100000e+02   7.9999209e-01
   6.9200000e+02   7.9999218e-01
   6.9300000e+02   7.9999231e-01
   6.9400000e+02   7.9999245e-01
   6.9500000e+02   7.9999262e-01
   6.9600000e+02   7.9999281e-01
   6.9700000e+02   7.9999302e-01
   6.9800000e+02   7.9999325e-01
   6.9900000e+02   7.9999348e-01
   7.0000000e+02   7.9999373e-01
   7.0100000e+02   7.9999399e-01
   7.0200000e+02   7.9999426e-01
   7.0300000e+02   7.9999453e-01
   7.0400000e+02   7.9999481e-01
   7.0500000e+02   7.9999508e-01
   7.0600000e+02   7.9999537e-01
   7.0700000e+02   7.9999565e-01
   7.0800000e+02   7.9999593e-01
   7.0900000e+02   7.9999620e-01
   7.1000000e+02   7.9999648e-01
   7.1100000e+02   7.9999675e-01
   7.1200000e+02   7.9999701e-01
   7.1300000e+02   7.9999727e-01
   7.1400000e+02   7.9999752e-01
   7.1500000e+02   7.9999777e-01
   7.1600000e+02   7.9999800e-01
   7.1700000e+02   7.9999823e-01
   7.1800000e+02   7.9999845e-01
   7.1900000e+02   7.9999866e-01
   7.2000000e+02   7.9999887e-01
   7.2100000e+02   7.9999906e-01
   7.2200000e+02   7.9999924e-01
   7.2300000e+02   7.9999941e-01
   7.2400000e+02   7.9999957e-01
   7.2500000e+02   7.9999973e-01
   7.2600000e+02   7.9999987e-01
   7.2700000e+02   8.0000000e-01
   7.2800000e+02   8.0000013e-01
   7.2900000e+02   8.0000024e-01
   7.3000000e+02   8.0000035e-01
   7.3100000e+02   8.0000044e-01
   7.3200000e+02   8.0000053e-01
   7.3300000e+02   8.0000061e-01
   7.3400000e+02   8.0000068e-01
   7.3500000e+02   8.0000074e-01
   7.3600000e+02   8.0000079e-01
   7.3700000e+02   8.0000084e-01
   7.3800000e+02   8.0000088e-01
   7.3900000e+02   8.0000091e-01
   7.4000000e+02   8.0000094e-01
   7.4100000e+02   8.0000096e-01
   7.4200000e+02   8.0000098e-01
   7.4300000e+02   8.0000099e-01
   7.4400000e+02   8.0000099e-01
   7.4500000e+02   8.0000099e-01
   7.4600000e+02   8.0000099e-01
   7.4700000e+02   8.0000098e-01
   7.4800000e+02   8.0000097e-01
   7.4900000e+02   8.0000095e-01
   7.5000000e+02   8.0000093e-01
   7.5100000e+02   8.0000091e-01
   7.5200000e+02   8.0000089e-01
   7.5300000e+02   8.0000086e-01
   7.5400000e+02   8.0000083e-01
   7.5500000e+02   8.0000080e-01
   7.5600000e+02   8.0000077e-01
   7.5700000e+02   8.0000074e-01
   7.5800000e+02   8.0000071e-01
   7.5900000e+02   8.0000067e-01
   7.6000000e+02   8.0000064e-01
   7.6100000e+02   8.0000061e-01
   7.6200000e+02   8.0000057e-01
   7.6300000e+02   8.0000054e-01
   7.6400000e+02   8.0000050e-01
   7.6500000e+02   8.0000047e-01
   7.6600000e+02   8.0000043e-01
   7.6700000e+02   8.0000040e-01
   7.6800000e+02   8.0000037e-01
   7.6900000e+02   8.0000033e-01
   7.7000000e+02   8.0000030e-01
   7.7100000e+02   8.0000027e-01
   7.7200000e+02   8.0000024e-01
   7.7300000e+02   8.0000022e-01
   7.7400000e+02   8.0000019e-01
   7.7500000e+02   8.0000016e-01
   7.7600000e+02   8.0000014e-01
   7.7700000e+02   8.0000011e-01
   7.7800000e+02   8.0000009e-01
   7.7900000e+02   8.0000007e-01
   7.8000000e+02   8.0000005e-01
   7.8100000e+02   8.0000003e-01
   7.8200000e+02   8.0000001e-01
   7.8300000e+02   8.0000000e-01
   7.8400000e+02   7.9999998e-01
   7.8500000e+02   7.9999997e-01
   7.8600000e+02   7.9999996e-01
   7.8700000e+02   7.9999994e-01
   7.8800000e+02   7.9999993e-01
   7.8900000e+02   7.9999992e-01
   7.9000000e+02   7.9999992e-01
   7.9100000e+02   7.9999991e-01
   7.9200000e+02   7.9999990e-01
   7.9300000e+02   7.9999990e-01
   7.9400000e+02   7.9999989e-01
   7.9500000e+02   7.9999989e-01
   7.9600000e+02   7.9999988e-01
   7.9700000e+02   7.9999988e-01
   7.9800000e+02   7.9999988e-01
   7.9900000e+02   7.9999988e-01
   8.0000000e+02   7.9999988e-01
   8.0100000e+02   7.9999988e-01
   8.0200000e+02   7.9999988e-01
   8.0300000e+02   7.9999988e-01
   8.0400000e+02   7.9999988e-01
   8.0500000e+02   7.9999988e-01
   8.0600000e+02   7.9999988e-01
   8.0700000e+02   7.9999989e-01
   8.0800000e+02   7.9999989e-01
   8.0900000e+02   7.9999989e-01
   8.1000000e+02   8.0077862e-01
   8.1100000e+02   8.0205172e-01
   8.1200000e+02   8.0314787e-01
   8.1300000e+02   8.0443483e-01
   8.1400000e+02   8.0618297e-01
   8.1500000e+02   8.0858760e-01
   8.1600000e+02   8.1178631e-01
   8.1700000e+02   8.1587243e-01
   8.1800000e+02   8.2090550e-01
   8.1900000e+02   8.2691940e-01
   8.2000000e+02   8.3387015e-01
   8.2100000e+02   8.4167554e-01
   8.2200000e+02   8.5032240e-01
   8.2300000e+02   8.5980595e-01
   8.2400000e+02   8.7006669e-01
   8.2500000e+02   8.8101131e-01
   8.2600000e+02   8.9252702e-01
   8.2700000e+02   9.0449122e-01
   8.2800000e+02   9.1677787e-01
   8.2900000e+02   9.2926157e-01
   8.3000000e+02   9.4182439e-01
   8.3100000e+02   9.5434090e-01
   8.3200000e+02   9.6669012e-01
   8.3300000e+02   9.7878151e-01
   8.3400000e+02   9.9054136e-01
   8.3500000e+02   1.0019039e+00
   8.3600000e+02   1.0128143e+00
   8.3700000e+02   1.0232298e+00
   8.3800000e+02   1.0331195e+00
   8.3900000e+02   1.0424634e+00
   8.4000000e+02   1.0512518e+00
   8.4100000e+02   1.0594843e+00
   8.4200000e+02   1.0671702e+00
   8.4300000e+02   1.0743253e+00
   8.4400000e+02   1.0809692e+00
   8.4500000e+02   1.0871241e+00
   8.4600000e+02   1.0928142e+00
   8.4700000e+02   1.0980647e+00
   8.4800000e+02   1.1029012e+00
   8.4900000e+02   1.1073489e+00
   8.5000000e+02   1.1114319e+00
   8.5100000e+02   1.1151726e+00
   8.5200000e+02   1.1185916e+00
   8.5300000e+02   1.1217068e+00
   8.5400000e+02   1.1245341e+00
   8.5500000e+02   1.1270873e+00
   8.5600000e+02   1.1293781e+00
   8.5700000e+02   1.1314168e+00
   8.5800000e+02   1.1332124e+00
   8.5900000e+02   1.1347727e+00
   8.6000000e+02   1.1361046e+00
   8.6100000e+02   1.1372147e+00
   8.6200000e+02   1.1381094e+00
   8.6300000e+02   1.1387950e+00
   8.6400000e+02   1.1392781e+00
   8.6500000e+02   1.1395660e+00
   8.6600000e+02   1.1396663e+00
   8.6700000e+02   1.1395876e+00
   8.6800000e+02   1.1393389e+00
   8.6900000e+02   1.1389301e+00
   8.7000000e+02   1.1383717e+00
   8.7100000e+02   1.1376747e+00
   8.7200000e+02   1.1368507e+00
   8.7300000e+02   1.1359117e+00
   8.7400000e+02   1.1348697e+00
   8.7500000e+02   1.1337371e+00
   8.7600000e+02   1.1325261e+00
   8.7700000e+02   1.1312488e+00
   8.7800000e+02   1.1299168e+00
   8.7900000e+02   1.1285415e+00
   8.8000000e+02   1.1271337e+00
   8.8100000e+02   1.1257036e+00
   8.8200000e+02   1.1242606e+00
   8.8300000e+02   1.1228136e+00
   8.8400000e+02   1.1213706e+00
   8.8500000e+02   1.1199388e+00
   8.8600000e+02   1.1185247e+00
   8.8700000e+02   1.1171341e+00
   8.8800000e+02   1.1157720e+00
   8.8900000e+02   1.1144426e+00
   8.9000000e+02   1.1131496e+00
   8.9100000e+02   1.1118961e+00
   8.9200000e+02   1.1106847e+00
   8.9300000e+02   1.1095172e+00
   8.9400000e+02   1.1083954e+00
   8.9500000e+02   1.1073203e+00
   8.9600000e+02   1.1062929e+00
   8.9700000e+02   1.1053138e+00
   8.9800000e+02   1.1043831e+00
   8.9900000e+02   1.1035010e+00
   9.0000000e+02   1.1026674e+00
   9.0100000e+02   1.1018821e+00
   9.0200000e+02   1.1011447e+00
   9.0300000e+02   1.1004546e+00
   9.0400000e+02   1.0998113e+00
   9.0500000e+02   1.0992140e+00
   9.0600000e+02   1.0986620e+00
   9.0700000e+02   1.0981543e+00
   9.0800000e+02   1.0976900e+00
   9.0900000e+02   1.0972682e+00
   9.1000000e+02   1.0968876e+00
   9.1100000e+02   1.0965471e+00
   9.1200000e+02   1.0962455e+00
   9.1300000e+02   1.0959814e+00
   9.1400000e+02   1.0957534e+00
   9.1500000e+02   1.0955601e+00
   9.1600000e+02   1.0954000e+00
   9.1700000e+02   1.0952716e+00
   9.1800000e+02   1.0951733e+00
   9.1900000e+02   1.0951033e+00
   9.2000000e+02   1.0950601e+00
   9.2100000e+02   1.0950420e+00
   9.2200000e+02   1.0950474e+00
   9.2300000e+02   1.0950744e+00
   9.2400000e+02   1.0951215e+00
   9.2500000e+02   1.0951870e+00
   9.2600000e+02   1.0952692e+00
   9.2700000e+02   1.0953666e+00
   9.2800000e+02   1.0954776e+00
   9.2900000e+02   1.0956006e+00
   9.3000000e+02   1.0957343e+00
   9.3100000e+02   1.0958772e+00
   9.3200000e+02   1.0960280e+00
   9.3300000e+02   1.0961853e+00
   9.3400000e+02   1.0963481e+00
   9.3500000e+02   1.0965152e+00
   9.3600000e+02   1.0966854e+00
   9.3700000e+02   1.0968578e+00
   9.3800000e+02   1.0970315e+00
   9.3900000e+02   1.0972055e+00
   9.4000000e+02   1.0973792e+00
   9.4100000e+02   1.0975517e+00
   9.4200000e+02   1.0977225e+00
   9.4300000e+02   1.0978908e+00
   9.4400000e+02   1.0980561e+00
   9.4500000e+02   1.0982180e+00
   9.4600000e+02   1.0983760e+00
   9.4700000e+02   1.0985296e+00
   9.4800000e+02   1.0986786e+00
   9.4900000e+02   1.0988226e+00
   9.5000000e+02   1.0989615e+00
   9.5100000e+02   1.0990948e+00
   9.5200000e+02   1.0992226e+00
   9.5300000e+02   1.0993446e+00
   9.5400000e+02   1.0994607e+00
   9.5500000e+02   1.0995708e+00
   9.5600000e+02   1.0996749e+00
   9.5700000e+02   1.0997730e+00
   9.5800000e+02   1.0998651e+00
   9.5900000e+02   1.0999511e+00
   9.6000000e+02   1.1000312e+00
   9.6100000e+02   1.1001055e+00
   9.6200000e+02   1.1001739e+00
   9.6300000e+02   1.1002367e+00
   9.6400000e+02   1.1002939e+00
   9.6500000e+02   1.1003457e+00
   9.6600000e+02   1.1003923e+00
   9.6700000e+02   1.1004338e+00
   9.6800000e+02   1.1004704e+00
   9.6900000e+02   1.1005023e+00
   9.7000000e+02   1.1005297e+00
   9.7100000e+02   1.1005528e+00
   9.7200000e+02   1.1005718e+00
   9.7300000e+02   1.1005869e+00
   9.7400000e+02   1.1005983e+00
   9.7500000e+02   1.1006063e+00
   9.7600000e+02   1.1006110e+00
   9.7700000e+02   1.1006127e+00
   9.7800000e+02   1.1006116e+00
   9.7900000e+02   1.1006079e+00
   9.8000000e+02   1.1006018e+00
   9.8100000e+02   1.1005934e+00
   9.8200000e+02   1.1005831e+00
   9.8300000e+02   1.1005709e+00
   9.8400000e+02   1.1005572e+00
   9.8500000e+02   1.1005419e+00
   9.8600000e+02   1.1005254e+00
   9.8700000e+02   1.1005078e+00
   9.8800000e+02   1.1004892e+00
   9.8900000e+02   1.1004698e+00
   9.9000000e+02   1.1004498e+00
   9.9100000e+02   1.1004292e+00
   9.9200000e+02   1.1004083e+00
   9.9300000e+02   1.1003870e+00
   9.9400000e+02   1.1003656e+00
   9.9500000e+02   1.1003441e+00
   9.9600000e+02   1.1003227e+00
   9.9700000e+02   1.1003014e+00
   9.9800000e+02   1.1002803e+00
   9.9900000e+02   1.1002595e+00
   1.0000000e+03   1.1002391e+00
   1.0010000e+03   1.1002191e+00
   1.0020000e+03   1.1001996e+00
   1.0030000e+03   1.1001806e+00
   1.0040000e+03   1.1001621e+00
   1.0050000e+03   1.1001443e+00
   1.0060000e+03   1.1001272e+00
   1.0070000e+03   1.1001107e+00
   1.0080000e+03   1.1000949e+00
   1.0090000e+03   1.1000798e+00
   1.0100000e+03   1.1000655e+00
   1.0110000e+03   1.1000519e+00
   1.0120000e+03   1.1000391e+00
   1.0130000e+03   1.1000270e+00
   1.0140000e+03   1.1000157e+00
   1.0150000e+03   1.1000051e+00
   1.0160000e+03   1.0999952e+00
   1.0170000e+03   1.0999861e+00
   1.0180000e+03   1.0999777e+00
   1.0190000e+03   1.0999700e+00
   1.0200000e+03   1.0999630e+00
   1.0210000e+03   1.0999567e+00
   1.0220000e+03   1.0999510e+00
   1.0230000e+03   1.0999459e+00
   1.0240000e+03   1.0999415e+00
   1.0250000e+03   1.0999376e+00
   1.0260000e+03   1.0999342e+00
   1.0270000e+03   1.0999314e+00
   1.0280000e+03   1.0999291e+00
   1.0290000e+03   1.0999273e+00
   1.0300000e+03   1.0999259e+00
   1.0310000e+03   1.0999250e+00
   1.0320000e+03   1.0999244e+00
   1.0330000e+03   1.0999242e+00
   1.0340000e+03   1.0999244e+00
   1.0350000e+03   1.0999249e+00
   1.0360000e+03   1.0999257e+00
   1.0370000e+03   1.0999267e+00
   1.0380000e+03   1.0999280e+00
   1.0390000e+03   1.0999295e+00
   1.0400000e+03   1.0999312e+00
   1.0410000e+03   1.0999331e+00
   1.0420000e+03   1.0999352e+00
   1.0430000e+03   1.0999374e+00
   1.0440000e+03   1.0999397e+00
   1.0450000e+03   1.0999421e+00
   1.0460000e+03   1.0999446e+00
   1.0470000e+03   1.0999471e+00
   1.0480000e+03   1.0999497e+00
   1.0490000e+03   1.0999523e+00
   1.0500000e+03   1.0999550e+00
   1.0510000e+03   1.0999576e+00
   1.0520000e+03   1.0999603e+00
   1.0530000e+03   1.0999629e+00
   1.0540000e+03   1.0999655e+00
   1.0550000e+03   1.0999681e+00
   1.0560000e+03   1.0999706e+00
   1.0570000e+03   1.0999731e+00
   1.0580000e+03   1.0999755e+00
   1.0590000e+03   1.0999779e+00
   1.0600000e+03   1.0999801e+00
   1.0610000e+03   1.0999823e+00
   1.0620000e+03   1.0999844e+00
   1.0630000e+03   1.0999865e+00
   1.0640000e+03   1.0999884e+00
   1.0650000e+03   1.0999903e+00
   1.0660000e+03   1.0999920e+00
   1.0670000e+03   1.0999937e+00
   1.0680000e+03   1.0999953e+00
   1.0690000e+03   1.0999968e+00
   1.0700000e+03   1.0999982e+00
   1.0710000e+03   1.0999995e+00
   1.0720000e+03   1.1000007e+00
   1.0730000e+03   1.1000018e+00
   1.0740000e+03   1.1000028e+00
   1.0750000e+03   1.1000038e+00
   1.0760000e+03   1.1000046e+00
   1.0770000e+03   1.1000054e+00
   1.0780000e+03   1.1000061e+00
   1.0790000e+03   1.1000067e+00
   1.0800000e+03   1.1000073e+00
   1.0810000e+03   1.1000078e+00
   1.0820000e+03   1.1000082e+00
   1.0830000e+03   1.1000085e+00
   1.0840000e+03   1.1000088e+00
   1.0850000e+03   1.1000090e+00
   1.0860000e+03   1.1000092e+00
   1.0870000e+03   1.1000093e+00
   1.0880000e+03   1.1000094e+00
   1.0890000e+03   1.1000094e+00
   1.0900000e+03   1.1000093e+00
   1.0910000e+03   1.1000093e+00
   1.0920000e+03   1.1000092e+00
   1.0930000e+03   1.1000091e+00
   1.0940000e+03   1.1000089e+00
   1.0950000e+03   1.1000087e+00
   1.0960000e+03   1.1000085e+00
   1.0970000e+03   1.1000083e+00
   1.0980000e+03   1.1000080e+00
   1.0990000e+03   1.1000077e+00
   1.1000000e+03   1.1000074e+00
   1.1010000e+03   1.1000071e+00
   1.1020000e+03   1.1000068e+00
   1.1030000e+03   1.1000065e+00
   1.1040000e+03   1.1000062e+00
   1.1050000e+03   1.1000059e+00
   1.1060000e+03   1.1000055e+00
   1.1070000e+03   1.1000052e+00
   1.1080000e+03   1.1000049e+00
   1.1090000e+03   1.1000046e+00
   1.1100000e+03   1.1000042e+00
   1.1110000e+03   1.1000039e+00
   1.1120000e+03   1.1000036e+00
   1.1130000e+03   1.1000033e+00
   1.1140000e+03   1.1000030e+00
   1.1150000e+03   1.1000027e+00
   1.1160000e+03   1.1000024e+00
   1.1170000e+03   1.1000022e+00
   1.1180000e+03   1.1000019e+00
   1.1190000e+03   1.1000017e+00
   1.1200000e+03   1.1000014e+00
   1.1210000e+03   1.1000012e+00
   1.1220000e+03   1.1000010e+00
   1.1230000e+03   1.1000008e+00
   1.1240000e+03   1.1000006e+00
   1.1250000e+03   1.1000004e+00
   1.1260000e+03   1.1000002e+00
   1.1270000e+03   1.1000001e+00
   1.1280000e+03   1.0999999e+00
   1.1290000e+03   1.0999998e+00
   1.1300000e+03   1.0999996e+00
   1.1310000e+03   1.0999995e+00
   1.1320000e+03   1.0999994e+00
   1.1330000e+03   1.0999993e+00
   1.1340000e+03   1.0999992e+00
   1.1350000e+03   1.0999992e+00
   1.1360000e+03   1.0999991e+00
   1.1370000e+03   1.0999990e+00
   1.1380000e+03   1.0999990e+00
   1.1390000e+03   1.0999989e+00
   1.1400000e+03   1.0999989e+00
   1.1410000e+03   1.0999989e+00
   1.1420000e+03   1.0999989e+00
   1.1430000e+03   1.0999989e+00
   1.1440000e+03   1.0999988e+00
   1.1450000e+03   1.0999988e+00
   1.1460000e+03   1.0999988e+00
   1.1470000e+03   1.0999989e+00
   1.1480000e+03   1.0999989e+00
   1.1490000e+03   1.0999989e+00
   1.1500000e+03   1.0999989e+00
   1.1510000e+03   1.0999989e+00
   1.1520000e+03   1.0999990e+00
   1.1530000e+03   1.0999990e+00
   1.1540000e+03   1.0999990e+00
   1.1550000e+03   1.0999990e+00
   1.1560000e+03   1.0999991e+00
   1.1570000e+03   1.0999991e+00
   1.1580000e+03   1.0999992e+00
   1.1590000e+03   1.0999992e+00
   1.1600000e+03   1.0999992e+00
   1.1610000e+03   1.0999993e+00
   1.1620000e+03   1.0999993e+00
   1.1630000e+03   1.0999994e+00
   1.1640000e+03   1.0999994e+00
   1.1650000e+03   1.0999994e+00
   1.1660000e+03   1.0999995e+00
   1.1670000e+03   1.0999995e+00
   1.1680000e+03   1.0999996e+00
   1.1690000e+03   1.0999996e+00
   1.1700000e+03   1.0999996e+00
   1.1710000e+03   1.0999997e+00
   1.1720000e+03   1.0999997e+00
   1.1730000e+03   1.0999997e+00
   1.1740000e+03   1.0999998e+00
   1.1750000e+03   1.0999998e+00
   1.1760000e+03   1.0999998e+00
   1.1770000e+03   1.0999999e+00
   1.1780000e+03   1.0999999e+00
   1.1790000e+03   1.0999999e+00
   1.1800000e+03   1.0999999e+00
   1.1810000e+03   1.1000000e+00
   1.1820000e+03   1.1000000e+00
   1.1830000e+03   1.1000000e+00
   1.1840000e+03   1.1000000e+00
   1.1850000e+03   1.1000000e+00
   1.1860000e+03   1.1000000e+00
   1.1870000e+03   1.1000001e+00
   1.1880000e+03   1.1000001e+00
   1.1890000e+03   1.1000001e+00
   1.1900000e+03   1.1000001e+00
   1.1910000e+03   1.1000001e+00
   1.1920000e+03   1.1000001e+00
   1.1930000e+03   1.1000001e+00
   1.1940000e+03   1.1000001e+00
   1.1950000e+03   1.1000001e+00
   1.1960000e+03   1.1000001e+00
   1.1970000e+03   1.1000001e+00
   1.1980000e+03   1.1000001e+00
   1.1990000e+03   1.1000001e+00
   1.2000000e+03   1.1000001e+00
   1.2010000e+03   1.1000001e+00
   1.2020000e+03   1.1000001e+00
   1.2030000e+03   1.1000001e+00
   1.2040000e+03   1.1000001e+00
   1.2050000e+03   1.1000001e+00
   1.2060000e+03   1.1000001e+00
   1.2070000e+03   1.1000001e+00
   1.2080000e+03   1.1000001e+00
   1.2090000e+03   1.1000001e+00
   1.2100000e+03   1.0992214e+00
   1.2110000e+03   1.0979483e+00
   1.2120000e+03   1.0969106e+00
   1.2130000e+03   1.0958359e+00
   1.2140000e+03   1.0945230e+00
   1.2150000e+03   1.0928253e+00
   1.2160000e+03   1.0906385e+00
   1.2170000e+03   1.0878904e+00
   1.2180000e+03   1.0845337e+00
   1.2190000e+03   1.0805401e+00
   1.2200000e+03   1.0759537e+00
   1.2210000e+03   1.0708532e+00
   1.2220000e+03   1.0652412e+00
   1.2230000e+03   1.0590992e+00
   1.2240000e+03   1.0524524e+00
   1.2250000e+03   1.0453535e+00
   1.2260000e+03   1.0378717e+00
   1.2270000e+03   1.0300852e+00
   1.2280000e+03   1.0220761e+00
   1.2290000e+03   1.0139271e+00
   1.2300000e+03   1.0057152e+00
   1.2310000e+03   9.9750518e-01
   1.2320000e+03   9.8935508e-01
   1.2330000e+03   9.8132383e-01
   1.2340000e+03   9.7346928e-01
   1.2350000e+03   9.6584331e-01
   1.2360000e+03   9.5848955e-01
   1.2370000e+03   9.5144253e-01
   1.2380000e+03   9.4472784e-01
   1.2390000e+03   9.3836266e-01
   1.2400000e+03   9.3235681e-01
   1.2410000e+03   9.2671451e-01
   1.2420000e+03   9.2143588e-01
   1.2430000e+03   9.1651719e-01
   1.2440000e+03   9.1195079e-01
   1.2450000e+03   9.0772546e-01
   1.2460000e+03   9.0382727e-01
   1.2470000e+03   9.0024050e-01
   1.2480000e+03   8.9694857e-01
   1.2490000e+03   8.9393471e-01
   1.2500000e+03   8.9118262e-01
   1.2510000e+03   8.8867675e-01
   1.2520000e+03   8.8640245e-01
   1.2530000e+03   8.8434604e-01
   1.2540000e+03   8.8249487e-01
   1.2550000e+03   8.8083743e-01
   1.2560000e+03   8.7936345e-01
   1.2570000e+03   8.7806383e-01
   1.2580000e+03   8.7693056e-01
   1.2590000e+03   8.7595654e-01
   1.2600000e+03   8.7513542e-01
   1.2610000e+03   8.7446135e-01
   1.2620000e+03   8.7392884e-01
   1.2630000e+03   8.7353257e-01
   1.2640000e+03   8.7326729e-01
   1.2650000e+03   8.7312772e-01
   1.2660000e+03   8.7310841e-01
   1.2670000e+03   8.7320370e-01
   1.2680000e+03   8.7340763e-01
   1.2690000e+03   8.7371390e-01
   1.2700000e+03   8.7411589e-01
   1.2710000e+03   8.7460664e-01
   1.2720000e+03   8.7517896e-01
   1.2730000e+03   8.7582540e-01
   1.2740000e+03   8.7653837e-01
   1.2750000e+03   8.7731020e-01
   1.2760000e+03   8.7813319e-01
   1.2770000e+03   8.7899973e-01
   1.2780000e+03   8.7990233e-01
   1.2790000e+03   8.8083371e-01
   1.2800000e+03   8.8178689e-01
   1.2810000e+03   8.8275519e-01
   1.2820000e+03   8.8373235e-01
   1.2830000e+03   8.8471252e-01
   1.2840000e+03   8.8569031e-01
   1.2850000e+03   8.8666078e-01
   1.2860000e+03   8.8761949e-01
   1.2870000e+03   8.8856248e-01
   1.2880000e+03   8.8948625e-01
   1.2890000e+03   8.9038775e-01
   1.2900000e+03   8.9126439e-01
   1.2910000e+03   8.9211396e-01
   1.2920000e+03   8.9293465e-01
   1.2930000e+03   8.9372499e-01
   1.2940000e+03   8.9448384e-01
   1.2950000e+03   8.9521031e-01
   1.2960000e+03   8.9590380e-01
   1.2970000e+03   8.9656391e-01
   1.2980000e+03   8.9719043e-01
   1.2990000e+03   8.9778332e-01
   1.3000000e+03   8.9834270e-01
   1.3010000e+03   8.9886879e-01
   1.3020000e+03   8.9936191e-01
   1.3030000e+03   8.9982251e-01
   1.3040000e+03   9.0025106e-01
   1.3050000e+03   9.0064815e-01
   1.3060000e+03   9.0101440e-01
   1.3070000e+03   9.0135049e-01
   1.3080000e+03   9.0165715e-01
   1.3090000e+03   9.0193516e-01
   1.3100000e+03   9.0218534e-01
   1.3110000e+03   9.0240854e-01
   1.3120000e+03   9.0260568e-01
   1.3130000e+03   9.0277768e-01
   1.3140000e+03   9.0292551e-01
   1.3150000e+03   9.0305017e-01
   1.3160000e+03   9.0315270e-01
   1.3170000e+03   9.0323416e-01
   1.3180000e+03   9.0329562e-01
   1.3190000e+03   9.0333819e-01
   1.3200000e+03   9.0336297e-01
   1.3210000e+03   9.0337109e-01
   1.3220000e+03   9.0336367e-01
   1.3230000e+03   9.0334183e-01
   1.3240000e+03   9.0330670e-01
   1.3250000e+03   9.0325938e-01
   1.3260000e+03   9.0320096e-01
   1.3270000e+03   9.0313249e-01
   1.3280000e+03   9.0305503e-01
   1.3290000e+03   9.0296959e-01
   1.3300000e+03   9.0287713e-01
   1.3310000e+03   9.0277859e-01
   1.3320000e+03   9.0267488e-01
   1.3330000e+03   9.0256685e-01
   1.3340000e+03   9.0245530e-01
   1.3350000e+03   9.0234102e-01
   1.3360000e+03   9.0222471e-01
   1.3370000e+03   9.0210705e-01
   1.3380000e+03   9.0198867e-01
   1.3390000e+03   9.0187015e-01
   1.3400000e+03   9.0175202e-01
   1.3410000e+03   9.0163479e-01
   1.3420000e+03   9.0151890e-01
   1.3430000e+03   9.0140476e-01
   1.3440000e+03   9.0129275e-01
   1.3450000e+03   9.0118319e-01
   1.3460000e+03   9.0107638e-01
   1.3470000e+03   9.0097258e-01
   1.3480000e+03   9.0087203e-01
   1.3490000e+03   9.0077492e-01
   1.3500000e+03   9.0068142e-01
   1.3510000e+03   9.0059168e-01
   1.3520000e+03   9.0050580e-01
   1.3530000e+03   9.0042389e-01
   1.3540000e+03   9.0034600e-01
   1.3550000e+03   9.0027219e-01
   1.3560000e+03   9.0020249e-01
   1.3570000e+03   9.0013690e-01
   1.3580000e+03   9.0007541e-01
   1.3590000e+03   9.0001800e-01
   1.3600000e+03   8.9996462e-01
   1.3610000e+03   8.9991523e-01
   1.3620000e+03   8.9986975e-01
   1.3630000e+03   8.9982810e-01
   1.3640000e+03   8.9979019e-01
   1.3650000e+03   8.9975592e-01
   1.3660000e+03   8.9972519e-01
   1.3670000e+03   8.9969787e-01
   1.3680000e+03   8.9967384e-01
   1.3690000e+03   8.9965297e-01
   1.3700000e+03   8.9963513e-01
   1.3710000e+03   8.9962018e-01
   1.3720000e+03   8.9960798e-01
   1.3730000e+03   8.9959838e-01
   1.3740000e+03   8.9959124e-01
   1.3750000e+03   8.9958642e-01
   1.3760000e+03   8.9958376e-01
   1.3770000e+03   8.9958312e-01
   1.3780000e+03   8.9958437e-01
   1.3790000e+03   8.9958735e-01
   1.3800000e+03   8.9959194e-01
   1.3810000e+03   8.9959798e-01
   1.3820000e+03   8.9960536e-01
   1.3830000e+03   8.9961393e-01
   1.3840000e+03   8.9962359e-01
   1.3850000e+03   8.9963420e-01
   1.3860000e+03   8.9964565e-01
   1.3870000e+03   8.9965782e-01
   1.3880000e+03   8.9967062e-01
   1.3890000e+03   8.9968394e-01
   1.3900000e+03   8.9969769e-01
   1.3910000e+03   8.9971177e-01
   1.3920000e+03   8.9972610e-01
   1.3930000e+03   8.9974059e-01
   1.3940000e+03   8.9975518e-01
   1.3950000e+03   8.9976979e-01
   1.3960000e+03   8.9978435e-01
   1.3970000e+03   8.9979881e-01
   1.3980000e+03   8.9981311e-01
   1.3990000e+03   8.9982720e-01
   1.4000000e+03   8.9984103e-01
   1.4010000e+03   8.9985456e-01
   1.4020000e+03   8.9986776e-01
   1.4030000e+03   8.9988058e-01
   1.4040000e+03   8.9989301e-01
   1.4050000e+03   8.9990501e-01
   1.4060000e+03   8.9991656e-01
   1.4070000e+03   8.9992765e-01
   1.4080000e+03   8.9993825e-01
   1.4090000e+03   8.9994837e-01
   1.4100000e+03   8.9995798e-01
   1.4110000e+03   8.9996709e-01
   1.4120000e+03   8.9997568e-01
   1.4130000e+03   8.9998376e-01
   1.4140000e+03   8.9999134e-01
   1.4150000e+03   8.9999840e-01
   1.4160000e+03   9.0000496e-01
   1.4170000e+03   9.0001103e-01
   1.4180000e+03   9.0001662e-01
   1.4190000e+03   9.0002172e-01
   1.4200000e+03   9.0002637e-01
   1.4210000e+03   9.0003056e-01
   1.4220000e+03   9.0003432e-01
   1.4230000e+03   9.0003766e-01
   1.4240000e+03   9.0004059e-01
   1.4250000e+03   9.0004313e-01
   1.4260000e+03   9.0004530e-01
   1.4270000e+03   9.0004712e-01
   1.4280000e+03   9.0004859e-01
   1.4290000e+03   9.0004975e-01
   1.4300000e+03   9.0005060e-01
   1.4310000e+03   9.0005118e-01
   1.4320000e+03   9.0005148e-01
   1.4330000e+03   9.0005154e-01
   1.4340000e+03   9.0005137e-01
   1.4350000e+03   9.0005098e-01
   1.4360000e+03   9.0005040e-01
   1.4370000e+03   9.0004964e-01
   1.4380000e+03   9.0004872e-01
   1.4390000e+03   9.0004765e-01
   1.4400000e+03   9.0004645e-01
   1.4410000e+03   9.0004513e-01
   1.4420000e+03   9.0004371e-01
   1.4430000e+03   9.0004220e-01
   1.4440000e+03   9.0004061e-01
   1.4450000e+03   9.0003896e-01
   1.4460000e+03   9.0003726e-01
   1.4470000e+03   9.0003551e-01
   1.4480000e+03   9.0003374e-01
   1.4490000e+03   9.0003194e-01
   1.4500000e+03   9.0003014e-01
   1.4510000e+03   9.0002833e-01
   1.4520000e+03   9.0002653e-01
   1.4530000e+03   9.0002474e-01
   1.4540000e+03   9.0002298e-01
   1.4550000e+03   9.0002123e-01
   1.4560000e+03   9.0001953e-01
   1.4570000e+03   9.0001785e-01
   1.4580000e+03   9.0001623e-01
   1.4590000e+03   9.0001464e-01
   1.4600000e+03   9.0001311e-01
   1.4610000e+03   9.0001163e-01
   1.4620000e+03   9.0001020e-01
   1.4630000e+03   9.0000884e-01
   1.4640000e+03   9.0000753e-01
   1.4650000e+03   9.0000628e-01
   1.4660000e+03   9.0000510e-01
   1.4670000e+03   9.0000398e-01
   1.4680000e+03   9.0000292e-01
   1.4690000e+03   9.0000193e-01
   1.4700000e+03   9.0000100e-01
   1.4710000e+03   9.0000013e-01
   1.4720000e+03   8.9999932e-01
   1.4730000e+03   8.9999858e-01
   1.4740000e+03   8.9999789e-01
   1.4750000e+03   8.9999726e-01
   1.4760000e+03   8.9999669e-01
   1.4770000e+03   8.9999618e-01
   1.4780000e+03   8.9999572e-01
   1.4790000e+03   8.9999531e-01
   1.4800000e+03   8.9999495e-01
   1.4810000e+03   8.9999464e-01
   1.4820000e+03   8.9999438e-01
   1.4830000e+03   8.9999416e-01
   1.4840000e+03   8.9999398e-01
   1.4850000e+03   8.9999384e-01
   1.4860000e+03   8.9999373e-01
   1.4870000e+03   8.9999367e-01
   1.4880000e+03   8.9999363e-01
   1.4890000e+03   8.9999363e-01
   1.4900000e+03   8.9999365e-01
   1.4910000e+03   8.9999370e-01
   1.4920000e+03   8.9999377e-01
   1.4930000e+03   8.9999387e-01
   1.4940000e+03   8.9999398e-01
   1.4950000e+03   8.9999412e-01
   1.4960000e+03   8.9999427e-01
   1.4970000e+03   8.9999443e-01
   1.4980000e+03   8.9999461e-01
   1.4990000e+03   8.9999480e-01
   1.5000000e+03   8.9999499e-01
   1.5010000e+03   8.9999520e-01
   1.5020000e+03   8.9999541e-01
   1.5030000e+03   8.9999563e-01
   1.5040000e+03   8.9999585e-01
   1.5050000e+03   8.9999607e-01
   1.5060000e+03   8.9999629e-01
   1.5070000e+03   8.9999651e-01
   1.5080000e+03   8.9999674e-01
   1.5090000e+03   8.9999696e-01
   1.5100000e+03   8.9999718e-01
   1.5110000e+03   8.9999739e-01
   1.5120000e+03   8.9999760e-01
   1.5130000e+03   8.9999781e-01
   1.5140000e+03   8.9999801e-01
   1.5150000e+03   8.9999820e-01
   1.5160000e+03   8.9999839e-01
   1.5170000e+03   8.9999858e-01
   1.5180000e+03   8.9999875e-01
   1.5190000e+03   8.9999892e-01
   1.5200000e+03   8.9999908e-01
   1.5210000e+03   8.9999924e-01
   1.5220000e+03   8.9999938e-01
   1.5230000e+03   8.9999952e-01
   1.5240000e+03   8.9999965e-01
   1.5250000e+03   8.9999977e-01
   1.5260000e+03   8.9999989e-01
   1.5270000e+03   8.9999999e-01
   1.5280000e+03   9.0000009e-01
   1.5290000e+03   9.0000018e-01
   1.5300000e+03   9.0000027e-01
   1.5310000e+03   9.0000034e-01
   1.5320000e+03   9.0000041e-01
   1.5330000e+03   9.0000048e-01
   1.5340000e+03   9.0000053e-01
   1.5350000e+03   9.0000058e-01
   1.5360000e+03   9.0000063e-01
   1.5370000e+03   9.0000067e-01
   1.5380000e+03   9.0000070e-01
   1.5390000e+03   9.0000072e-01
   1.5400000e+03   9.0000075e-01
   1.5410000e+03   9.0000076e-01
   1.5420000e+03   9.0000078e-01
   1.5430000e+03   9.0000078e-01
   1.5440000e+03   9.0000079e-01
   1.5450000e+03   9.0000079e-01
   1.5460000e+03   9.0000079e-01
   1.5470000e+03   9.0000078e-01
   1.5480000e+03   9.0000077e-01
   1.5490000e+03   9.0000076e-01
   1.5500000e+03   9.0000074e-01
   1.5510000e+03   9.0000073e-01
   1.5520000e+03   9.0000071e-01
   1.5530000e+03   9.0000069e-01
   1.5540000e+03   9.0000067e-01
   1.5550000e+03   9.0000064e-01
   1.5560000e+03   9.0000062e-01
   1.5570000e+03   9.0000059e-01
   1.5580000e+03   9.0000057e-01
   1.5590000e+03   9.0000054e-01
   1.5600000e+03   9.0000051e-01
   1.5610000e+03   9.0000048e-01
   1.5620000e+03   9.0000046e-01
   1.5630000e+03   9.0000043e-01
   1.5640000e+03   9.0000040e-01
   1.5650000e+03   9.0000037e-01
   1.5660000e+03   9.0000035e-01
   1.5670000e+03   9.0000032e-01
   1.5680000e+03   9.0000029e-01
   1.5690000e+03   9.0000027e-01
   1.5700000e+03   9.0000024e-01
   1.5710000e+03   9.0000022e-01
   1.5720000e+03   9.0000020e-01
   1.5730000e+03   9.0000017e-01
   1.5740000e+03   9.0000015e-01
   1.5750000e+03   9.0000013e-01
   1.5760000e+03   9.0000011e-01
   1.5770000e+03   9.0000009e-01
   1.5780000e+03   9.0000008e-01
   1.5790000e+03   9.0000006e-01
   1.5800000e+03   9.0000004e-01
   1.5810000e+03   9.0000003e-01
   1.5820000e+03   9.0000001e-01
   1.5830000e+03   9.0000000e-01
   1.5840000e+03   8.9999999e-01
   1.5850000e+03   8.9999998e-01
   1.5860000e+03   8.9999997e-01
   1.5870000e+03   8.9999996e-01
   1.5880000e+03   8.9999995e-01
   1.5890000e+03   8.9999994e-01
   1.5900000e+03   8.9999993e-01
   1.5910000e+03   8.9999993e-01
   1.5920000e+03   8.9999992e-01
   1.5930000e+03   8.9999992e-01
   1.5940000e+03   8.9999991e-01
   1.5950000e+03   8.9999991e-01
   1.5960000e+03   8.9999991e-01
   1.5970000e+03   8.9999991e-01
   1.5980000e+03   8.9999990e-01
   1.5990000e+03   8.9999990e-01
   1.6000000e+03   8.9999990e-01
