   1.0000000e+00   2.0000000e+00
   2.0000000e+00   2.0000000e+00
   3.0000000e+00   2.0000000e+00
   4.0000000e+00   2.0000000e+00
   5.0000000e+00   2.0000000e+00
   6.0000000e+00   2.0000000e+00
   7.0000000e+00   2.0000000e+00
   8.0000000e+00   2.0000000e+00
   9.0000000e+00   2.0000000e+00
   1.0000000e+01   2.0000000e+00
   1.1000000e+01   2.0000000e+00
   1.2000000e+01   2.8000000e+00
   1.3000000e+01   2.8000000e+00
   1.4000000e+01   2.8000000e+00
   1.5000000e+01   2.8000000e+00
   1.6000000e+01   2.8000000e+00
   1.7000000e+01   2.8000000e+00
   1.8000000e+01   2.8000000e+00
   1.9000000e+01   2.8000000e+00
   2.0000000e+01   2.8000000e+00
   2.1000000e+01   2.8000000e+00
   2.2000000e+01   2.8000000e+00
   2.3000000e+01   2.8000000e+00
   2.4000000e+01   2.8000000e+00
   2.5000000e+01   2.7990657e+00
   2.6000000e+01   2.7920394e+00
   2.7000000e+01   2.7802696e+00
   2.8000000e+01   2.7648070e+00
   2.9000000e+01   2.7464696e+00
   3.0000000e+01   2.7258946e+00
   3.1000000e+01   2.7035785e+00
   3.2000000e+01   2.6799076e+00
   3.3000000e+01   2.6551830e+00
   3.4000000e+01   2.6296390e+00
   3.5000000e+01   2.6034671e+00
   3.6000000e+01   2.5768827e+00
   3.7000000e+01   2.5501520e+00
   3.8000000e+01   2.5235584e+00
   3.9000000e+01   2.4973824e+00
   4.0000000e+01   2.4718886e+00
   4.1000000e+01   2.4473191e+00
   4.2000000e+01   2.4238905e+00
   4.3000000e+01   2.4017931e+00
   4.4000000e+01   2.3811921e+00
   4.5000000e+01   2.3622293e+00
   4.6000000e+01   2.3450243e+00
   4.7000000e+01   2.3296751e+00
   4.8000000e+01   2.3162581e+00
   4.9000000e+01   2.3048274e+00
   5.0000000e+01   2.2954150e+00
   5.1000000e+01   2.2880307e+00
   5.2000000e+01   2.2826636e+00
   5.3000000e+01   2.2792821e+00
   5.4000000e+01   2.2778358e+00
   5.5000000e+01   2.2782568e+00
   5.6000000e+01   2.2804610e+00
   5.7000000e+01   2.2843500e+00
   5.8000000e+01   2.2898124e+00
   5.9000000e+01   2.2967257e+00
   6.0000000e+01   2.3049578e+00
   6.1000000e+01   2.3143691e+00
   6.2000000e+01   2.3248137e+00
   6.3000000e+01   2.3361418e+00
   6.4000000e+01   2.3482005e+00
   6.5000000e+01   2.3608365e+00
   6.6000000e+01   2.3738970e+00
   6.7000000e+01   2.3872312e+00
   6.8000000e+01   2.4006924e+00
   6.9000000e+01   2.4141384e+00
   7.0000000e+01   2.4274336e+00
   7.1000000e+01   2.4404495e+00
   7.2000000e+01   2.4530660e+00
   7.3000000e+01   2.4651721e+00
   7.4000000e+01   2.4766669e+00
   7.5000000e+01   2.4874598e+00
   7.6000000e+01   2.4974713e+00
   7.7000000e+01   2.5066331e+00
   7.8000000e+01   2.5148887e+00
   7.9000000e+01   2.5221928e+00
   8.0000000e+01   2.5285121e+00
   8.1000000e+01   2.5338245e+00
   8.2000000e+01   2.5381191e+00
   8.3000000e+01   2.5413956e+00
   8.4000000e+01   2.5436645e+00
   8.5000000e+01   2.5449456e+00
   8.6000000e+01   2.5452682e+00
   8.7000000e+01   2.5446699e+00
   8.8000000e+01   2.5431960e+00
   8.9000000e+01   2.5408990e+00
   9.0000000e+01   2.5378373e+00
   9.1000000e+01   2.5340745e+00
   9.2000000e+01   2.5296789e+00
   9.3000000e+01   2.5247220e+00
   9.4000000e+01   2.5192780e+00
   9.5000000e+01   2.5134231e+00
   9.6000000e+01   2.5072342e+00
   9.7000000e+01   2.5007883e+00
   9.8000000e+01   2.4941619e+00
   9.9000000e+01   2.4874298e+00
   1.0000000e+02   2.4806649e+00
   1.0100000e+02   2.4739373e+00
   1.0200000e+02   2.4673136e+00
   1.0300000e+02   2.4608566e+00
   1.0400000e+02   2.4546247e+00
   1.0500000e+02   2.4486716e+00
   1.0600000e+02   2.4430458e+00
   1.0700000e+02   2.4377903e+00
   1.0800000e+02   2.4329427e+00
   1.0900000e+02   2.4285348e+00
   1.1000000e+02   2.4245926e+00
   1.1100000e+02   2.4211361e+00
   1.1200000e+02   2.4181798e+00
   1.1300000e+02   2.4157323e+00
   1.1400000e+02   2.4137966e+00
   1.1500000e+02   2.4123707e+00
   1.1600000e+02   2.4114471e+00
   1.1700000e+02   2.4110140e+00
   1.1800000e+02   2.4110546e+00
   1.1900000e+02   2.4115484e+00
   1.2000000e+02   2.4124710e+00
   1.2100000e+02   2.4137948e+00
   1.2200000e+02   2.4154893e+00
   1.2300000e+02   2.4175213e+00
   1.2400000e+02   2.4198559e+00
   1.2500000e+02   2.4224566e+00
   1.2600000e+02   2.4252854e+00
   1.2700000e+02   2.4283041e+00
   1.2800000e+02   2.4314738e+00
   1.2900000e+02   2.4347560e+00
   1.3000000e+02   2.4381125e+00
   1.3100000e+02   2.4415062e+00
   1.3200000e+02   2.4449010e+00
   1.3300000e+02   2.4482624e+00
   1.3400000e+02   2.4515577e+00
   1.3500000e+02   2.4547564e+00
   1.3600000e+02   2.4578301e+00
   1.3700000e+02   2.4607529e+00
   1.3800000e+02   2.4635016e+00
   1.3900000e+02   2.4660558e+00
   1.4000000e+02   2.4683978e+00
   1.4100000e+02   2.4705130e+00
   1.4200000e+02   2.4723896e+00
   1.4300000e+02   2.4740187e+00
   1.4400000e+02   2.4753943e+00
   1.4500000e+02   2.4765133e+00
   1.4600000e+02   2.4773753e+00
   1.4700000e+02   2.4779826e+00
   1.4800000e+02   2.4783398e+00
   1.4900000e+02   2.4784539e+00
   1.5000000e+02   2.4783343e+00
   1.5100000e+02   2.4779921e+00
   1.5200000e+02   2.4774402e+00
   1.5300000e+02   2.4766933e+00
   1.5400000e+02   2.4757672e+00
   1.5500000e+02   2.4746789e+00
   1.5600000e+02   2.4734465e+00
   1.5700000e+02   2.4720886e+00
   1.5800000e+02   2.4706243e+00
   1.5900000e+02   2.4690730e+00
   1.6000000e+02   2.4674542e+00
   1.6100000e+02   2.4657872e+00
   1.6200000e+02   2.4640909e+00
   1.6300000e+02   2.4623838e+00
   1.6400000e+02   2.4606838e+00
   1.6500000e+02   2.4590077e+00
   1.6600000e+02   2.4573715e+00
   1.6700000e+02   2.4557902e+00
   1.6800000e+02   2.4542774e+00
   1.6900000e+02   2.4528456e+00
   1.7000000e+02   2.4515058e+00
   1.7100000e+02   2.4502677e+00
   1.7200000e+02   2.4491396e+00
   1.7300000e+02   2.4481281e+00
   1.7400000e+02   2.4472386e+00
   1.7500000e+02   2.4464749e+00
   1.7600000e+02   2.4458393e+00
   1.7700000e+02   2.4453329e+00
   1.7800000e+02   2.4449552e+00
   1.7900000e+02   2.4447047e+00
   1.8000000e+02   2.4445783e+00
   1.8100000e+02   2.4445722e+00
   1.8200000e+02   2.4446812e+00
   1.8300000e+02   2.4448994e+00
   1.8400000e+02   2.4452198e+00
   1.8500000e+02   2.4456348e+00
   1.8600000e+02   2.4461362e+00
   1.8700000e+02   2.4467152e+00
   1.8800000e+02   2.4473626e+00
   1.8900000e+02   2.4480689e+00
   1.9000000e+02   2.4488245e+00
   1.9100000e+02   2.4496196e+00
   1.9200000e+02   2.4504444e+00
   1.9300000e+02   2.4512893e+00
   1.9400000e+02   2.4521448e+00
   1.9500000e+02   2.4530019e+00
   1.9600000e+02   2.4538517e+00
   1.9700000e+02   2.4546860e+00
   1.9800000e+02   2.4554969e+00
   1.9900000e+02   2.4562772e+00
   2.0000000e+02   2.4570204e+00
   2.0100000e+02   2.4577204e+00
   2.0200000e+02   2.4583719e+00
   2.0300000e+02   2.4589706e+00
   2.0400000e+02   2.4595124e+00
   2.0500000e+02   2.4599944e+00
   2.0600000e+02   2.4604142e+00
   2.0700000e+02   2.4607703e+00
   2.0800000e+02   2.4610616e+00
   2.0900000e+02   2.4612881e+00
   2.1000000e+02   2.4614502e+00
   2.1100000e+02   2.4615490e+00
   2.1200000e+02   2.4615862e+00
   2.1300000e+02   2.4615640e+00
   2.1400000e+02   2.4614853e+00
   2.1500000e+02   2.4613531e+00
   2.1600000e+02   2.4611713e+00
   2.1700000e+02   2.4609436e+00
   2.1800000e+02   2.4606744e+00
   2.1900000e+02   2.4603682e+00
   2.2000000e+02   2.4600296e+00
   2.2100000e+02   2.4596636e+00
   2.2200000e+02   2.4592749e+00
   2.2300000e+02   2.4588685e+00
   2.2400000e+02   2.4584492e+00
   2.2500000e+02   2.4580220e+00
   2.2600000e+02   2.4575913e+00
   2.2700000e+02   2.4571618e+00
   2.2800000e+02   2.4567378e+00
   2.2900000e+02   2.4563233e+00
   2.3000000e+02   2.4559222e+00
   2.3100000e+02   2.4555378e+00
   2.3200000e+02   2.4551735e+00
   2.3300000e+02   2.4548321e+00
   2.3400000e+02   2.4545160e+00
   2.3500000e+02   2.4542274e+00
   2.3600000e+02   2.4539679e+00
   2.3700000e+02   2.4537392e+00
   2.3800000e+02   2.4535420e+00
   2.3900000e+02   2.4533771e+00
   2.4000000e+02   2.4532448e+00
   2.4100000e+02   2.4531450e+00
   2.4200000e+02   2.4530774e+00
   2.4300000e+02   2.4530412e+00
   2.4400000e+02   2.4530355e+00
   2.4500000e+02   2.4530590e+00
   2.4600000e+02   2.4531104e+00
   2.4700000e+02   2.4531877e+00
   2.4800000e+02   2.4532893e+00
   2.4900000e+02   2.4534129e+00
   2.5000000e+02   2.4535564e+00
   2.5100000e+02   2.4537175e+00
   2.5200000e+02   2.4538938e+00
   2.5300000e+02   2.4540829e+00
   2.5400000e+02   2.4542823e+00
   2.5500000e+02   2.4544895e+00
   2.5600000e+02   2.4547021e+00
   2.5700000e+02   2.4549178e+00
   2.5800000e+02   2.4551341e+00
   2.5900000e+02   2.4553489e+00
   2.6000000e+02   2.4555601e+00
   2.6100000e+02   2.4557656e+00
   2.6200000e+02   2.4559637e+00
   2.6300000e+02   2.4561526e+00
   2.6400000e+02   2.4563309e+00
   2.6500000e+02   2.4564970e+00
   2.6600000e+02   2.4566500e+00
   2.6700000e+02   2.4567888e+00
   2.6800000e+02   2.4569125e+00
   2.6900000e+02   2.4570207e+00
   2.7000000e+02   2.4571128e+00
   2.7100000e+02   2.4571885e+00
   2.7200000e+02   2.4572480e+00
   2.7300000e+02   2.4572911e+00
   2.7400000e+02   2.4573182e+00
   2.7500000e+02   2.4573297e+00
   2.7600000e+02   2.4573262e+00
   2.7700000e+02   2.4573083e+00
   2.7800000e+02   2.4572767e+00
   2.7900000e+02   2.4572325e+00
   2.8000000e+02   2.4571766e+00
   2.8100000e+02   2.4571101e+00
   2.8200000e+02   2.4570340e+00
   2.8300000e+02   2.4569497e+00
   2.8400000e+02   2.4568582e+00
   2.8500000e+02   2.4567608e+00
   2.8600000e+02   2.4566588e+00
   2.8700000e+02   2.4565534e+00
   2.8800000e+02   2.4564458e+00
   2.8900000e+02   2.4563372e+00
   2.9000000e+02   2.4562287e+00
   2.9100000e+02   2.4561215e+00
   2.9200000e+02   2.4560165e+00
   2.9300000e+02   2.4559147e+00
   2.9400000e+02   2.4558171e+00
   2.9500000e+02   2.4557245e+00
   2.9600000e+02   2.4556375e+00
   2.9700000e+02   2.4555568e+00
   2.9800000e+02   2.4554830e+00
   2.9900000e+02   2.4554165e+00
   3.0000000e+02   2.4553576e+00
   3.0100000e+02   2.4553068e+00
   3.0200000e+02   2.4552640e+00
   3.0300000e+02   2.4552295e+00
   3.0400000e+02   2.4552032e+00
   3.0500000e+02   2.4551850e+00
   3.0600000e+02   2.4551748e+00
   3.0700000e+02   2.4551723e+00
   3.0800000e+02   2.4551772e+00
   3.0900000e+02   2.4551892e+00
   3.1000000e+02   2.4552079e+00
   3.1100000e+02   2.4552327e+00
   3.1200000e+02   2.4552631e+00
   3.1300000e+02   2.4552987e+00
   3.1400000e+02   2.4553387e+00
   3.1500000e+02   2.4553827e+00
   3.1600000e+02   2.4554300e+00
   3.1700000e+02   2.4554800e+00
   3.1800000e+02   2.4555321e+00
   3.1900000e+02   2.4555856e+00
   3.2000000e+02   2.4556399e+00
   3.2100000e+02   2.4556945e+00
   3.2200000e+02   2.4557488e+00
   3.2300000e+02   2.4558022e+00
   3.2400000e+02   2.4558543e+00
   3.2500000e+02   2.4559046e+00
   3.2600000e+02   2.4559526e+00
   3.2700000e+02   2.4559980e+00
   3.2800000e+02   2.4560404e+00
   3.2900000e+02   2.4560794e+00
   3.3000000e+02   2.4561150e+00
   3.3100000e+02   2.4561467e+00
   3.3200000e+02   2.4561746e+00
   3.3300000e+02   2.4561984e+00
   3.3400000e+02   2.4562181e+00
   3.3500000e+02   2.4562336e+00
   3.3600000e+02   2.4562451e+00
   3.3700000e+02   2.4562525e+00
   3.3800000e+02   2.4562559e+00
   3.3900000e+02   2.4562555e+00
   3.4000000e+02   2.4562515e+00
   3.4100000e+02   2.4562440e+00
   3.4200000e+02   2.4562333e+00
   3.4300000e+02   2.4562196e+00
   3.4400000e+02   2.4562031e+00
   3.4500000e+02   2.4561843e+00
   3.4600000e+02   2.4561633e+00
   3.4700000e+02   2.4561404e+00
   3.4800000e+02   2.4561160e+00
   3.4900000e+02   2.4560904e+00
   3.5000000e+02   2.4560639e+00
   3.5100000e+02   2.4560368e+00
   3.5200000e+02   2.4560095e+00
   3.5300000e+02   2.4559821e+00
   3.5400000e+02   2.4559549e+00
   3.5500000e+02   2.4559284e+00
   3.5600000e+02   2.4559026e+00
   3.5700000e+02   2.4558778e+00
   3.5800000e+02   2.4558542e+00
   3.5900000e+02   2.4558320e+00
   3.6000000e+02   2.4558115e+00
   3.6100000e+02   2.4557926e+00
   3.6200000e+02   2.4557755e+00
   3.6300000e+02   2.4557604e+00
   3.6400000e+02   2.4557473e+00
   3.6500000e+02   2.4557362e+00
   3.6600000e+02   2.4557272e+00
   3.6700000e+02   2.4557203e+00
   3.6800000e+02   2.4557154e+00
   3.6900000e+02   2.4557126e+00
   3.7000000e+02   2.4557117e+00
   3.7100000e+02   2.4557127e+00
   3.7200000e+02   2.4557155e+00
   3.7300000e+02   2.4557199e+00
   3.7400000e+02   2.4557260e+00
   3.7500000e+02   2.4557335e+00
   3.7600000e+02   2.4557423e+00
   3.7700000e+02   2.4557522e+00
   3.7800000e+02   2.4557632e+00
   3.7900000e+02   2.4557750e+00
   3.8000000e+02   2.4557876e+00
   3.8100000e+02   2.4558006e+00
   3.8200000e+02   2.4558141e+00
   3.8300000e+02   2.4558278e+00
   3.8400000e+02   2.4558416e+00
   3.8500000e+02   2.4558553e+00
   3.8600000e+02   2.4558688e+00
   3.8700000e+02   2.4558820e+00
   3.8800000e+02   2.4558948e+00
   3.8900000e+02   2.4559070e+00
   3.9000000e+02   2.4559185e+00
   3.9100000e+02   2.4559293e+00
   3.9200000e+02   2.4559393e+00
   3.9300000e+02   2.4559484e+00
   3.9400000e+02   2.4559565e+00
   3.9500000e+02   2.4559637e+00
   3.9600000e+02   2.4559698e+00
   3.9700000e+02   2.4559750e+00
   3.9800000e+02   2.4559790e+00
   3.9900000e+02   2.4559821e+00
   4.0000000e+02   2.2059821e+00
   4.0100000e+02   2.1684831e+00
   4.0200000e+02   2.1309831e+00
   4.0300000e+02   2.0934822e+00
   4.0400000e+02   2.0559804e+00
   4.0500000e+02   2.0184778e+00
   4.0600000e+02   1.9809745e+00
   4.0700000e+02   1.9434704e+00
   4.0800000e+02   1.9059657e+00
   4.0900000e+02   1.8684605e+00
   4.1000000e+02   1.8333494e+00
   4.1100000e+02   1.8026287e+00
   4.1200000e+02   1.7760113e+00
   4.1300000e+02   1.7532734e+00
   4.1400000e+02   1.7342407e+00
   4.1500000e+02   1.7187775e+00
   4.1600000e+02   1.7067779e+00
   4.1700000e+02   1.6981592e+00
   4.1800000e+02   1.6928573e+00
   4.1900000e+02   1.6908220e+00
   4.2000000e+02   1.6919913e+00
   4.2100000e+02   1.6962539e+00
   4.2200000e+02   1.7034459e+00
   4.2300000e+02   1.7133668e+00
   4.2400000e+02   1.7257914e+00
   4.2500000e+02   1.7404778e+00
   4.2600000e+02   1.7571736e+00
   4.2700000e+02   1.7756199e+00
   4.2800000e+02   1.7955538e+00
   4.2900000e+02   1.8167107e+00
   4.3000000e+02   1.8388254e+00
   4.3100000e+02   1.8616340e+00
   4.3200000e+02   1.8848762e+00
   4.3300000e+02   1.9082979e+00
   4.3400000e+02   1.9316532e+00
   4.3500000e+02   1.9547078e+00
   4.3600000e+02   1.9772400e+00
   4.3700000e+02   1.9990433e+00
   4.3800000e+02   2.0199274e+00
   4.3900000e+02   2.0397194e+00
   4.4000000e+02   2.0582653e+00
   4.4100000e+02   2.0754299e+00
   4.4200000e+02   2.0910980e+00
   4.4300000e+02   2.1051745e+00
   4.4400000e+02   2.1175844e+00
   4.4500000e+02   2.1282728e+00
   4.4600000e+02   2.1372047e+00
   4.4700000e+02   2.1443643e+00
   4.4800000e+02   2.1497546e+00
   4.4900000e+02   2.1533964e+00
   4.5000000e+02   2.1553273e+00
   4.5100000e+02   2.1556006e+00
   4.5200000e+02   2.1542843e+00
   4.5300000e+02   2.1514596e+00
   4.5400000e+02   2.1472194e+00
   4.5500000e+02   2.1416671e+00
   4.5600000e+02   2.1349152e+00
   4.5700000e+02   2.1270831e+00
   4.5800000e+02   2.1182965e+00
   4.5900000e+02   2.1086853e+00
   4.6000000e+02   2.0983821e+00
   4.6100000e+02   2.0875209e+00
   4.6200000e+02   2.0762358e+00
   4.6300000e+02   2.0646593e+00
   4.6400000e+02   2.0529214e+00
   4.6500000e+02   2.0411479e+00
   4.6600000e+02   2.0294599e+00
   4.6700000e+02   2.0179722e+00
   4.6800000e+02   2.0067929e+00
   4.6900000e+02   1.9960221e+00
   4.7000000e+02   1.9857519e+00
   4.7100000e+02   1.9760648e+00
   4.7200000e+02   1.9670345e+00
   4.7300000e+02   1.9587243e+00
   4.7400000e+02   1.9511880e+00
   4.7500000e+02   1.9444689e+00
   4.7600000e+02   1.9386003e+00
   4.7700000e+02   1.9336055e+00
   4.7800000e+02   1.9294978e+00
   4.7900000e+02   1.9262810e+00
   4.8000000e+02   1.9239497e+00
   4.8100000e+02   1.9224898e+00
   4.8200000e+02   1.9218789e+00
   4.8300000e+02   1.9220869e+00
   4.8400000e+02   1.9230768e+00
   4.8500000e+02   1.9248052e+00
   4.8600000e+02   1.9272229e+00
   4.8700000e+02   1.9302761e+00
   4.8800000e+02   1.9339065e+00
   4.8900000e+02   1.9380528e+00
   4.9000000e+02   1.9426508e+00
   4.9100000e+02   1.9476346e+00
   4.9200000e+02   1.9529372e+00
   4.9300000e+02   1.9584911e+00
   4.9400000e+02   1.9642292e+00
   4.9500000e+02   1.9700855e+00
   4.9600000e+02   1.9759955e+00
   4.9700000e+02   1.9818968e+00
   4.9800000e+02   1.9877301e+00
   4.9900000e+02   1.9934390e+00
   5.0000000e+02   1.9989709e+00
   5.0100000e+02   2.0042772e+00
   5.0200000e+02   2.0093137e+00
   5.0300000e+02   2.0140408e+00
   5.0400000e+02   2.0184238e+00
   5.0500000e+02   2.0224328e+00
   5.0600000e+02   2.0260431e+00
   5.0700000e+02   2.0292351e+00
   5.0800000e+02   2.0319944e+00
   5.0900000e+02   2.0343112e+00
   5.1000000e+02   2.0361811e+00
   5.1100000e+02   2.0376041e+00
   5.1200000e+02   2.0385848e+00
   5.1300000e+02   2.0391322e+00
   5.1400000e+02   2.0392593e+00
   5.1500000e+02   2.0389826e+00
   5.1600000e+02   2.0383222e+00
   5.1700000e+02   2.0373011e+00
   5.1800000e+02   2.0359452e+00
   5.1900000e+02   2.0342825e+00
   5.2000000e+02   2.0323429e+00
   5.2100000e+02   2.0301579e+00
   5.2200000e+02   2.0277603e+00
   5.2300000e+02   2.0251833e+00
   5.2400000e+02   2.0224608e+00
   5.2500000e+02   2.0196266e+00
   5.2600000e+02   2.0167142e+00
   5.2700000e+02   2.0137566e+00
   5.2800000e+02   2.0107857e+00
   5.2900000e+02   2.0078321e+00
   5.3000000e+02   2.0049252e+00
   5.3100000e+02   2.0020923e+00
   5.3200000e+02   1.9993592e+00
   5.3300000e+02   1.9967492e+00
   5.3400000e+02   1.9942836e+00
   5.3500000e+02   1.9919813e+00
   5.3600000e+02   1.9898586e+00
   5.3700000e+02   1.9879295e+00
   5.3800000e+02   1.9862051e+00
   5.3900000e+02   1.9846944e+00
   5.4000000e+02   1.9834034e+00
   5.4100000e+02   1.9823359e+00
   5.4200000e+02   1.9814933e+00
   5.4300000e+02   1.9808744e+00
   5.4400000e+02   1.9804760e+00
   5.4500000e+02   1.9802927e+00
   5.4600000e+02   1.9803172e+00
   5.4700000e+02   1.9805404e+00
   5.4800000e+02   1.9809515e+00
   5.4900000e+02   1.9815384e+00
   5.5000000e+02   1.9822875e+00
   5.5100000e+02   1.9831845e+00
   5.5200000e+02   1.9842137e+00
   5.5300000e+02   1.9853592e+00
   5.5400000e+02   1.9866044e+00
   5.5500000e+02   1.9879323e+00
   5.5600000e+02   1.9893261e+00
   5.5700000e+02   1.9907686e+00
   5.5800000e+02   1.9922433e+00
   5.5900000e+02   1.9937337e+00
   5.6000000e+02   1.9952241e+00
   5.6100000e+02   1.9966994e+00
   5.6200000e+02   1.9981452e+00
   5.6300000e+02   1.9995481e+00
   5.6400000e+02   2.0008957e+00
   5.6500000e+02   2.0021767e+00
   5.6600000e+02   2.0033809e+00
   5.6700000e+02   2.0044995e+00
   5.6800000e+02   2.0055247e+00
   5.6900000e+02   2.0064500e+00
   5.7000000e+02   2.0072704e+00
   5.7100000e+02   2.0079820e+00
   5.7200000e+02   2.0085823e+00
   5.7300000e+02   2.0090698e+00
   5.7400000e+02   2.0094446e+00
   5.7500000e+02   2.0097075e+00
   5.7600000e+02   2.0098607e+00
   5.7700000e+02   2.0099072e+00
   5.7800000e+02   2.0098513e+00
   5.7900000e+02   2.0096978e+00
   5.8000000e+02   2.0094525e+00
   5.8100000e+02   2.0091217e+00
   5.8200000e+02   2.0087125e+00
   5.8300000e+02   2.0082323e+00
   5.8400000e+02   2.0076891e+00
   5.8500000e+02   2.0070911e+00
   5.8600000e+02   2.0064467e+00
   5.8700000e+02   2.0057643e+00
   5.8800000e+02   2.0050526e+00
   5.8900000e+02   2.0043200e+00
   5.9000000e+02   2.0035748e+00
   5.9100000e+02   2.0028252e+00
   5.9200000e+02   2.0020788e+00
   5.9300000e+02   2.0013433e+00
   5.9400000e+02   2.0006255e+00
   5.9500000e+02   1.9999320e+00
   5.9600000e+02   1.9992688e+00
   5.9700000e+02   1.9986413e+00
   5.9800000e+02   1.9980544e+00
   5.9900000e+02   1.9975123e+00
   6.0000000e+02   1.9970186e+00
   6.0100000e+02   1.9965761e+00
   6.0200000e+02   1.9961874e+00
   6.0300000e+02   1.9958538e+00
   6.0400000e+02   1.9955766e+00
   6.0500000e+02   1.9953562e+00
   6.0600000e+02   1.9951922e+00
   6.0700000e+02   1.9950840e+00
   6.0800000e+02   1.9950303e+00
   6.0900000e+02   1.9950294e+00
   6.1000000e+02   1.9950789e+00
   6.1100000e+02   1.9951762e+00
   6.1200000e+02   1.9953184e+00
   6.1300000e+02   1.9955019e+00
   6.1400000e+02   1.9957233e+00
   6.1500000e+02   1.9959786e+00
   6.1600000e+02   1.9962638e+00
   6.1700000e+02   1.9965748e+00
   6.1800000e+02   1.9969073e+00
   6.1900000e+02   1.9972569e+00
   6.2000000e+02   1.9976194e+00
   6.2100000e+02   1.9979907e+00
   6.2200000e+02   1.9983664e+00
   6.2300000e+02   1.9987428e+00
   6.2400000e+02   1.9991158e+00
   6.2500000e+02   1.9994818e+00
   6.2600000e+02   1.9998375e+00
   6.2700000e+02   2.0001797e+00
   6.2800000e+02   2.0005054e+00
   6.2900000e+02   2.0008121e+00
   6.3000000e+02   2.0010975e+00
   6.3100000e+02   2.0013595e+00
   6.3200000e+02   2.0015966e+00
   6.3300000e+02   2.0018074e+00
   6.3400000e+02   2.0019908e+00
   6.3500000e+02   2.0021462e+00
   6.3600000e+02   2.0022732e+00
   6.3700000e+02   2.0023717e+00
   6.3800000e+02   2.0024419e+00
   6.3900000e+02   2.0024844e+00
   6.4000000e+02   2.0024998e+00
   6.4100000e+02   2.0024892e+00
   6.4200000e+02   2.0024538e+00
   6.4300000e+02   2.0023950e+00
   6.4400000e+02   2.0023145e+00
   6.4500000e+02   2.0022138e+00
   6.4600000e+02   2.0020951e+00
   6.4700000e+02   2.0019601e+00
   6.4800000e+02   2.0018110e+00
   6.4900000e+02   2.0016499e+00
   6.5000000e+02   2.0014789e+00
   6.5100000e+02   2.0013002e+00
   6.5200000e+02   2.0011159e+00
   6.5300000e+02   2.0009282e+00
   6.5400000e+02   2.0007391e+00
   6.5500000e+02   2.0005506e+00
   6.5600000e+02   2.0003645e+00
   6.5700000e+02   2.0001826e+00
   6.5800000e+02   2.0000067e+00
   6.5900000e+02   1.9998382e+00
   6.6000000e+02   1.9996786e+00
   6.6100000e+02   1.9995290e+00
   6.6200000e+02   1.9993905e+00
   6.6300000e+02   1.9992642e+00
   6.6400000e+02   1.9991508e+00
   6.6500000e+02   1.9990507e+00
   6.6600000e+02   1.9989646e+00
   6.6700000e+02   1.9988927e+00
   6.6800000e+02   1.9988351e+00
   6.6900000e+02   1.9987917e+00
   6.7000000e+02   1.9987625e+00
   6.7100000e+02   1.9987471e+00
   6.7200000e+02   1.9987450e+00
   6.7300000e+02   1.9987558e+00
   6.7400000e+02   1.9987787e+00
   6.7500000e+02   1.9988131e+00
   6.7600000e+02   1.9988580e+00
   6.7700000e+02   1.9989126e+00
   6.7800000e+02   1.9989759e+00
   6.7900000e+02   1.9990468e+00
   6.8000000e+02   1.9991245e+00
   6.8100000e+02   1.9992077e+00
   6.8200000e+02   1.9992954e+00
   6.8300000e+02   1.9993865e+00
   6.8400000e+02   1.9994799e+00
   6.8500000e+02   1.9995746e+00
   6.8600000e+02   1.9996696e+00
   6.8700000e+02   1.9997639e+00
   6.8800000e+02   1.9998566e+00
   6.8900000e+02   1.9999467e+00
   6.9000000e+02   2.0000336e+00
   6.9100000e+02   2.0001164e+00
   6.9200000e+02   2.0001945e+00
   6.9300000e+02   2.0002673e+00
   6.9400000e+02   2.0003342e+00
   6.9500000e+02   2.0003950e+00
   6.9600000e+02   2.0004491e+00
   6.9700000e+02   2.0004963e+00
   6.9800000e+02   2.0005365e+00
   6.9900000e+02   2.0005696e+00
   7.0000000e+02   2.0005954e+00
   7.0100000e+02   2.0006141e+00
   7.0200000e+02   2.0006258e+00
   7.0300000e+02   2.0006306e+00
   7.0400000e+02   2.0006289e+00
   7.0500000e+02   2.0006208e+00
   7.0600000e+02   2.0006067e+00
   7.0700000e+02   2.0005871e+00
   7.0800000e+02   2.0005624e+00
   7.0900000e+02   2.0005331e+00
   7.1000000e+02   2.0004995e+00
   7.1100000e+02   2.0004624e+00
   7.1200000e+02   2.0004221e+00
   7.1300000e+02   2.0003793e+00
   7.1400000e+02   2.0003344e+00
   7.1500000e+02   2.0002881e+00
   7.1600000e+02   2.0002408e+00
   7.1700000e+02   2.0001931e+00
   7.1800000e+02   2.0001455e+00
   7.1900000e+02   2.0000984e+00
   7.2000000e+02   2.0000524e+00
   7.2100000e+02   2.0000078e+00
   7.2200000e+02   1.9999650e+00
   7.2300000e+02   1.9999243e+00
   7.2400000e+02   1.9998862e+00
   7.2500000e+02   1.9998509e+00
   7.2600000e+02   1.9998186e+00
   7.2700000e+02   1.9997895e+00
   7.2800000e+02   1.9997638e+00
   7.2900000e+02   1.9997415e+00
   7.3000000e+02   1.9997229e+00
   7.3100000e+02   1.9997079e+00
   7.3200000e+02   1.9996964e+00
   7.3300000e+02   1.9996886e+00
   7.3400000e+02   1.9996842e+00
   7.3500000e+02   1.9996832e+00
   7.3600000e+02   1.9996855e+00
   7.3700000e+02   1.9996909e+00
   7.3800000e+02   1.9996991e+00
   7.3900000e+02   1.9997101e+00
   7.4000000e+02   1.9997236e+00
   7.4100000e+02   1.9997392e+00
   7.4200000e+02   1.9997569e+00
   7.4300000e+02   1.9997763e+00
   7.4400000e+02   1.9997971e+00
   7.4500000e+02   1.9998191e+00
   7.4600000e+02   1.9998420e+00
   7.4700000e+02   1.9998655e+00
   7.4800000e+02   1.9998893e+00
   7.4900000e+02   1.9999133e+00
   7.5000000e+02   1.9999371e+00
   7.5100000e+02   1.9999606e+00
   7.5200000e+02   1.9999834e+00
   7.5300000e+02   2.0000055e+00
   7.5400000e+02   2.0000265e+00
   7.5500000e+02   2.0000464e+00
   7.5600000e+02   2.0000650e+00
   7.5700000e+02   2.0000821e+00
   7.5800000e+02   2.0000976e+00
   7.5900000e+02   2.0001115e+00
   7.6000000e+02   2.0001237e+00
   7.6100000e+02   2.0001341e+00
   7.6200000e+02   2.0001427e+00
   7.6300000e+02   2.0001494e+00
   7.6400000e+02   2.0001544e+00
   7.6500000e+02   2.0001576e+00
   7.6600000e+02   2.0001591e+00
   7.6700000e+02   2.0001588e+00
   7.6800000e+02   2.0001570e+00
   7.6900000e+02   2.0001537e+00
   7.7000000e+02   2.0001489e+00
   7.7100000e+02   2.0001429e+00
   7.7200000e+02   2.0001356e+00
   7.7300000e+02   2.0001273e+00
   7.7400000e+02   2.0001180e+00
   7.7500000e+02   2.0001080e+00
   7.7600000e+02   2.0000972e+00
   7.7700000e+02   2.0000860e+00
   7.7800000e+02   2.0000743e+00
   7.7900000e+02   2.0000624e+00
   7.8000000e+02   2.0000504e+00
   7.8100000e+02   2.0000384e+00
   7.8200000e+02   2.0000265e+00
   7.8300000e+02   2.0000148e+00
   7.8400000e+02   2.0000035e+00
   7.8500000e+02   1.9999926e+00
   7.8600000e+02   1.9999823e+00
   7.8700000e+02   1.9999726e+00
   7.8800000e+02   1.9999636e+00
   7.8900000e+02   1.9999553e+00
   7.9000000e+02   1.9999478e+00
   7.9100000e+02   1.9999412e+00
   7.9200000e+02   1.9999355e+00
   7.9300000e+02   1.9999307e+00
   7.9400000e+02   1.9999268e+00
   7.9500000e+02   1.9999237e+00
   7.9600000e+02   1.9999216e+00
   7.9700000e+02   1.9999204e+00
   7.9800000e+02   1.9999200e+00
   7.9900000e+02   1.9999205e+00
   8.0000000e+02   2.2499205e+00
   8.0100000e+02   2.2949225e+00
   8.0200000e+02   2.3399252e+00
   8.0300000e+02   2.3849285e+00
   8.0400000e+02   2.4299324e+00
   8.0500000e+02   2.4749368e+00
   8.0600000e+02   2.5199416e+00
   8.0700000e+02   2.5649468e+00
   8.0800000e+02   2.6099523e+00
   8.0900000e+02   2.6549581e+00
   8.1000000e+02   2.6975694e+00
   8.1100000e+02   2.7357183e+00
   8.1200000e+02   2.7695708e+00
   8.1300000e+02   2.7992566e+00
   8.1400000e+02   2.8000000e+00
   8.1500000e+02   2.8000000e+00
   8.1600000e+02   2.8000000e+00
   8.1700000e+02   2.8000000e+00
   8.1800000e+02   2.8000000e+00
   8.1900000e+02   2.8000000e+00
   8.2000000e+02   2.8000000e+00
   8.2100000e+02   2.7987463e+00
   8.2200000e+02   2.7939836e+00
   8.2300000e+02   2.7859113e+00
   8.2400000e+02   2.7749982e+00
   8.2500000e+02   2.7618675e+00
   8.2600000e+02   2.7470109e+00
   8.2700000e+02   2.7308114e+00
   8.2800000e+02   2.7135672e+00
   8.2900000e+02   2.6955105e+00
   8.3000000e+02   2.6768222e+00
   8.3100000e+02   2.6576551e+00
   8.3200000e+02   2.6381726e+00
   8.3300000e+02   2.6185641e+00
   8.3400000e+02   2.5990330e+00
   8.3500000e+02   2.5797833e+00
   8.3600000e+02   2.5610099e+00
   8.3700000e+02   2.5428920e+00
   8.3800000e+02   2.5255911e+00
   8.3900000e+02   2.5092495e+00
   8.4000000e+02   2.4939911e+00
   8.4100000e+02   2.4799225e+00
   8.4200000e+02   2.4671337e+00
   8.4300000e+02   2.4556988e+00
   8.4400000e+02   2.4456757e+00
   8.4500000e+02   2.4371060e+00
   8.4600000e+02   2.4300153e+00
   8.4700000e+02   2.4244127e+00
   8.4800000e+02   2.4202921e+00
   8.4900000e+02   2.4176322e+00
   8.5000000e+02   2.4163977e+00
   8.5100000e+02   2.4165404e+00
   8.5200000e+02   2.4179999e+00
   8.5300000e+02   2.4207054e+00
   8.5400000e+02   2.4245762e+00
   8.5500000e+02   2.4295233e+00
   8.5600000e+02   2.4354507e+00
   8.5700000e+02   2.4422566e+00
   8.5800000e+02   2.4498343e+00
   8.5900000e+02   2.4580742e+00
   8.6000000e+02   2.4668645e+00
   8.6100000e+02   2.4760924e+00
   8.6200000e+02   2.4856457e+00
   8.6300000e+02   2.4954137e+00
   8.6400000e+02   2.5052882e+00
   8.6500000e+02   2.5151643e+00
   8.6600000e+02   2.5249419e+00
   8.6700000e+02   2.5345260e+00
   8.6800000e+02   2.5438277e+00
   8.6900000e+02   2.5527646e+00
   8.7000000e+02   2.5612617e+00
   8.7100000e+02   2.5692516e+00
   8.7200000e+02   2.5766748e+00
   8.7300000e+02   2.5834803e+00
   8.7400000e+02   2.5896254e+00
   8.7500000e+02   2.5950760e+00
   8.7600000e+02   2.5998064e+00
   8.7700000e+02   2.6037993e+00
   8.7800000e+02   2.6070458e+00
   8.7900000e+02   2.6095448e+00
   8.8000000e+02   2.6113029e+00
   8.8100000e+02   2.6123339e+00
   8.8200000e+02   2.6126583e+00
   8.8300000e+02   2.6123031e+00
   8.8400000e+02   2.6113008e+00
   8.8500000e+02   2.6096893e+00
   8.8600000e+02   2.6075109e+00
   8.8700000e+02   2.6048120e+00
   8.8800000e+02   2.6016422e+00
   8.8900000e+02   2.5980537e+00
   8.9000000e+02   2.5941008e+00
   8.9100000e+02   2.5898393e+00
   8.9200000e+02   2.5853255e+00
   8.9300000e+02   2.5806160e+00
   8.9400000e+02   2.5757669e+00
   8.9500000e+02   2.5708335e+00
   8.9600000e+02   2.5658694e+00
   8.9700000e+02   2.5609263e+00
   8.9800000e+02   2.5560534e+00
   8.9900000e+02   2.5512972e+00
   9.0000000e+02   2.5467010e+00
   9.0100000e+02   2.5423046e+00
   9.0200000e+02   2.5381441e+00
   9.0300000e+02   2.5342517e+00
   9.0400000e+02   2.5306554e+00
   9.0500000e+02   2.5273790e+00
   9.0600000e+02   2.5244422e+00
   9.0700000e+02   2.5218603e+00
   9.0800000e+02   2.5196443e+00
   9.0900000e+02   2.5178011e+00
   9.1000000e+02   2.5163335e+00
   9.1100000e+02   2.5152403e+00
   9.1200000e+02   2.5145167e+00
   9.1300000e+02   2.5141543e+00
   9.1400000e+02   2.5141413e+00
   9.1500000e+02   2.5144629e+00
   9.1600000e+02   2.5151016e+00
   9.1700000e+02   2.5160374e+00
   9.1800000e+02   2.5172481e+00
   9.1900000e+02   2.5187097e+00
   9.2000000e+02   2.5203967e+00
   9.2100000e+02   2.5222822e+00
   9.2200000e+02   2.5243388e+00
   9.2300000e+02   2.5265382e+00
   9.2400000e+02   2.5288521e+00
   9.2500000e+02   2.5312521e+00
   9.2600000e+02   2.5337101e+00
   9.2700000e+02   2.5361987e+00
   9.2800000e+02   2.5386915e+00
   9.2900000e+02   2.5411628e+00
   9.3000000e+02   2.5435886e+00
   9.3100000e+02   2.5459462e+00
   9.3200000e+02   2.5482146e+00
   9.3300000e+02   2.5503745e+00
   9.3400000e+02   2.5524087e+00
   9.3500000e+02   2.5543019e+00
   9.3600000e+02   2.5560409e+00
   9.3700000e+02   2.5576147e+00
   9.3800000e+02   2.5590144e+00
   9.3900000e+02   2.5602331e+00
   9.4000000e+02   2.5612662e+00
   9.4100000e+02   2.5621112e+00
   9.4200000e+02   2.5627675e+00
   9.4300000e+02   2.5632365e+00
   9.4400000e+02   2.5635215e+00
   9.4500000e+02   2.5636274e+00
   9.4600000e+02   2.5635608e+00
   9.4700000e+02   2.5633297e+00
   9.4800000e+02   2.5629435e+00
   9.4900000e+02   2.5624128e+00
   9.5000000e+02   2.5617490e+00
   9.5100000e+02   2.5609646e+00
   9.5200000e+02   2.5600728e+00
   9.5300000e+02   2.5590871e+00
   9.5400000e+02   2.5580215e+00
   9.5500000e+02   2.5568903e+00
   9.5600000e+02   2.5557078e+00
   9.5700000e+02   2.5544881e+00
   9.5800000e+02   2.5532452e+00
   9.5900000e+02   2.5519927e+00
   9.6000000e+02   2.5507437e+00
   9.6100000e+02   2.5495108e+00
   9.6200000e+02   2.5483058e+00
   9.6300000e+02   2.5471397e+00
   9.6400000e+02   2.5460227e+00
   9.6500000e+02   2.5449639e+00
   9.6600000e+02   2.5439718e+00
   9.6700000e+02   2.5430535e+00
   9.6800000e+02   2.5422151e+00
   9.6900000e+02   2.5414618e+00
   9.7000000e+02   2.5407976e+00
   9.7100000e+02   2.5402254e+00
   9.7200000e+02   2.5397471e+00
   9.7300000e+02   2.5393635e+00
   9.7400000e+02   2.5390745e+00
   9.7500000e+02   2.5388790e+00
   9.7600000e+02   2.5387750e+00
   9.7700000e+02   2.5387596e+00
   9.7800000e+02   2.5388293e+00
   9.7900000e+02   2.5389795e+00
   9.8000000e+02   2.5392055e+00
   9.8100000e+02   2.5395017e+00
   9.8200000e+02   2.5398620e+00
   9.8300000e+02   2.5402801e+00
   9.8400000e+02   2.5407493e+00
   9.8500000e+02   2.5412626e+00
   9.8600000e+02   2.5418130e+00
   9.8700000e+02   2.5423932e+00
   9.8800000e+02   2.5429962e+00
   9.8900000e+02   2.5436148e+00
   9.9000000e+02   2.5442420e+00
   9.9100000e+02   2.5448712e+00
   9.9200000e+02   2.5454959e+00
   9.9300000e+02   2.5461099e+00
   9.9400000e+02   2.5467075e+00
   9.9500000e+02   2.5472833e+00
   9.9600000e+02   2.5478323e+00
   9.9700000e+02   2.5483503e+00
   9.9800000e+02   2.5488331e+00
   9.9900000e+02   2.5492775e+00
   1.0000000e+03   2.5496805e+00
   1.0010000e+03   2.5500399e+00
   1.0020000e+03   2.5503538e+00
   1.0030000e+03   2.5506210e+00
   1.0040000e+03   2.5508408e+00
   1.0050000e+03   2.5510130e+00
   1.0060000e+03   2.5511378e+00
   1.0070000e+03   2.5512161e+00
   1.0080000e+03   2.5512490e+00
   1.0090000e+03   2.5512381e+00
   1.0100000e+03   2.5511854e+00
   1.0110000e+03   2.5510933e+00
   1.0120000e+03   2.5509642e+00
   1.0130000e+03   2.5508012e+00
   1.0140000e+03   2.5506073e+00
   1.0150000e+03   2.5503858e+00
   1.0160000e+03   2.5501401e+00
   1.0170000e+03   2.5498738e+00
   1.0180000e+03   2.5495905e+00
   1.0190000e+03   2.5492937e+00
   1.0200000e+03   2.5489870e+00
   1.0210000e+03   2.5486740e+00
   1.0220000e+03   2.5483581e+00
   1.0230000e+03   2.5480426e+00
   1.0240000e+03   2.5477307e+00
   1.0250000e+03   2.5474255e+00
   1.0260000e+03   2.5471297e+00
   1.0270000e+03   2.5468460e+00
   1.0280000e+03   2.5465767e+00
   1.0290000e+03   2.5463239e+00
   1.0300000e+03   2.5460895e+00
   1.0310000e+03   2.5458750e+00
   1.0320000e+03   2.5456819e+00
   1.0330000e+03   2.5455111e+00
   1.0340000e+03   2.5453635e+00
   1.0350000e+03   2.5452395e+00
   1.0360000e+03   2.5451394e+00
   1.0370000e+03   2.5450632e+00
   1.0380000e+03   2.5450106e+00
   1.0390000e+03   2.5449812e+00
   1.0400000e+03   2.5449742e+00
   1.0410000e+03   2.5449889e+00
   1.0420000e+03   2.5450240e+00
   1.0430000e+03   2.5450785e+00
   1.0440000e+03   2.5451508e+00
   1.0450000e+03   2.5452396e+00
   1.0460000e+03   2.5453432e+00
   1.0470000e+03   2.5454599e+00
   1.0480000e+03   2.5455880e+00
   1.0490000e+03   2.5457256e+00
   1.0500000e+03   2.5458711e+00
   1.0510000e+03   2.5460226e+00
   1.0520000e+03   2.5461782e+00
   1.0530000e+03   2.5463363e+00
   1.0540000e+03   2.5464951e+00
   1.0550000e+03   2.5466530e+00
   1.0560000e+03   2.5468083e+00
   1.0570000e+03   2.5469598e+00
   1.0580000e+03   2.5471059e+00
   1.0590000e+03   2.5472455e+00
   1.0600000e+03   2.5473773e+00
   1.0610000e+03   2.5475004e+00
   1.0620000e+03   2.5476139e+00
   1.0630000e+03   2.5477171e+00
   1.0640000e+03   2.5478094e+00
   1.0650000e+03   2.5478902e+00
   1.0660000e+03   2.5479593e+00
   1.0670000e+03   2.5480164e+00
   1.0680000e+03   2.5480615e+00
   1.0690000e+03   2.5480947e+00
   1.0700000e+03   2.5481160e+00
   1.0710000e+03   2.5481259e+00
   1.0720000e+03   2.5481247e+00
   1.0730000e+03   2.5481128e+00
   1.0740000e+03   2.5480909e+00
   1.0750000e+03   2.5480596e+00
   1.0760000e+03   2.5480196e+00
   1.0770000e+03   2.5479717e+00
   1.0780000e+03   2.5479167e+00
   1.0790000e+03   2.5478555e+00
   1.0800000e+03   2.5477890e+00
   1.0810000e+03   2.5477180e+00
   1.0820000e+03   2.5476435e+00
   1.0830000e+03   2.5475665e+00
   1.0840000e+03   2.5474876e+00
   1.0850000e+03   2.5474080e+00
   1.0860000e+03   2.5473283e+00
   1.0870000e+03   2.5472494e+00
   1.0880000e+03   2.5471722e+00
   1.0890000e+03   2.5470971e+00
   1.0900000e+03   2.5470251e+00
   1.0910000e+03   2.5469566e+00
   1.0920000e+03   2.5468922e+00
   1.0930000e+03   2.5468324e+00
   1.0940000e+03   2.5467776e+00
   1.0950000e+03   2.5467281e+00
   1.0960000e+03   2.5466842e+00
   1.0970000e+03   2.5466461e+00
   1.0980000e+03   2.5466140e+00
   1.0990000e+03   2.5465879e+00
   1.1000000e+03   2.5465678e+00
   1.1010000e+03   2.5465537e+00
   1.1020000e+03   2.5465455e+00
   1.1030000e+03   2.5465430e+00
   1.1040000e+03   2.5465459e+00
   1.1050000e+03   2.5465541e+00
   1.1060000e+03   2.5465672e+00
   1.1070000e+03   2.5465848e+00
   1.1080000e+03   2.5466067e+00
   1.1090000e+03   2.5466323e+00
   1.1100000e+03   2.5466613e+00
   1.1110000e+03   2.5466933e+00
   1.1120000e+03   2.5467277e+00
   1.1130000e+03   2.5467642e+00
   1.1140000e+03   2.5468022e+00
   1.1150000e+03   2.5468413e+00
   1.1160000e+03   2.5468812e+00
   1.1170000e+03   2.5469212e+00
   1.1180000e+03   2.5469611e+00
   1.1190000e+03   2.5470005e+00
   1.1200000e+03   2.5470388e+00
   1.1210000e+03   2.5470759e+00
   1.1220000e+03   2.5471114e+00
   1.1230000e+03   2.5471449e+00
   1.1240000e+03   2.5471763e+00
   1.1250000e+03   2.5472053e+00
   1.1260000e+03   2.5472317e+00
   1.1270000e+03   2.5472554e+00
   1.1280000e+03   2.5472762e+00
   1.1290000e+03   2.5472940e+00
   1.1300000e+03   2.5473089e+00
   1.1310000e+03   2.5473207e+00
   1.1320000e+03   2.5473294e+00
   1.1330000e+03   2.5473352e+00
   1.1340000e+03   2.5473381e+00
   1.1350000e+03   2.5473382e+00
   1.1360000e+03   2.5473356e+00
   1.1370000e+03   2.5473304e+00
   1.1380000e+03   2.5473228e+00
   1.1390000e+03   2.5473130e+00
   1.1400000e+03   2.5473012e+00
   1.1410000e+03   2.5472875e+00
   1.1420000e+03   2.5472723e+00
   1.1430000e+03   2.5472557e+00
   1.1440000e+03   2.5472379e+00
   1.1450000e+03   2.5472193e+00
   1.1460000e+03   2.5471999e+00
   1.1470000e+03   2.5471800e+00
   1.1480000e+03   2.5471600e+00
   1.1490000e+03   2.5471398e+00
   1.1500000e+03   2.5471199e+00
   1.1510000e+03   2.5471003e+00
   1.1520000e+03   2.5470813e+00
   1.1530000e+03   2.5470630e+00
   1.1540000e+03   2.5470456e+00
   1.1550000e+03   2.5470292e+00
   1.1560000e+03   2.5470139e+00
   1.1570000e+03   2.5469999e+00
   1.1580000e+03   2.5469872e+00
   1.1590000e+03   2.5469760e+00
   1.1600000e+03   2.5469662e+00
   1.1610000e+03   2.5469578e+00
   1.1620000e+03   2.5469510e+00
   1.1630000e+03   2.5469458e+00
   1.1640000e+03   2.5469420e+00
   1.1650000e+03   2.5469397e+00
   1.1660000e+03   2.5469389e+00
   1.1670000e+03   2.5469394e+00
   1.1680000e+03   2.5469413e+00
   1.1690000e+03   2.5469445e+00
   1.1700000e+03   2.5469488e+00
   1.1710000e+03   2.5469541e+00
   1.1720000e+03   2.5469605e+00
   1.1730000e+03   2.5469677e+00
   1.1740000e+03   2.5469757e+00
   1.1750000e+03   2.5469843e+00
   1.1760000e+03   2.5469934e+00
   1.1770000e+03   2.5470029e+00
   1.1780000e+03   2.5470128e+00
   1.1790000e+03   2.5470228e+00
   1.1800000e+03   2.5470329e+00
   1.1810000e+03   2.5470430e+00
   1.1820000e+03   2.5470530e+00
   1.1830000e+03   2.5470627e+00
   1.1840000e+03   2.5470721e+00
   1.1850000e+03   2.5470811e+00
   1.1860000e+03   2.5470896e+00
   1.1870000e+03   2.5470976e+00
   1.1880000e+03   2.5471050e+00
   1.1890000e+03   2.5471118e+00
   1.1900000e+03   2.5471179e+00
   1.1910000e+03   2.5471232e+00
   1.1920000e+03   2.5471278e+00
   1.1930000e+03   2.5471317e+00
   1.1940000e+03   2.5471348e+00
   1.1950000e+03   2.5471371e+00
   1.1960000e+03   2.5471386e+00
   1.1970000e+03   2.5471395e+00
   1.1980000e+03   2.5471396e+00
   1.1990000e+03   2.5471390e+00
   1.2000000e+03   2.2971390e+00
   1.2010000e+03   2.2671372e+00
   1.2020000e+03   2.2371348e+00
   1.2030000e+03   2.2071319e+00
   1.2040000e+03   2.1771285e+00
   1.2050000e+03   2.1471247e+00
   1.2060000e+03   2.1171206e+00
   1.2070000e+03   2.0871161e+00
   1.2080000e+03   2.0571114e+00
   1.2090000e+03   2.0271066e+00
   1.2100000e+03   1.9994961e+00
   1.2110000e+03   1.9762045e+00
   1.2120000e+03   1.9568237e+00
   1.2130000e+03   1.9410357e+00
   1.2140000e+03   1.9285928e+00
   1.2150000e+03   1.9193021e+00
   1.2160000e+03   1.9130133e+00
   1.2170000e+03   1.9096091e+00
   1.2180000e+03   1.9089982e+00
   1.2190000e+03   1.9111096e+00
   1.2200000e+03   1.9158648e+00
   1.2210000e+03   1.9231407e+00
   1.2220000e+03   1.9327663e+00
   1.2230000e+03   1.9445401e+00
   1.2240000e+03   1.9582423e+00
   1.2250000e+03   1.9736420e+00
   1.2260000e+03   1.9905037e+00
   1.2270000e+03   2.0085903e+00
   1.2280000e+03   2.0276651e+00
   1.2290000e+03   2.0474938e+00
   1.2300000e+03   2.0678449e+00
   1.2310000e+03   2.0884911e+00
   1.2320000e+03   2.1092111e+00
   1.2330000e+03   2.1297915e+00
   1.2340000e+03   2.1500292e+00
   1.2350000e+03   2.1697330e+00
   1.2360000e+03   2.1887254e+00
   1.2370000e+03   2.2068439e+00
   1.2380000e+03   2.2239416e+00
   1.2390000e+03   2.2398887e+00
   1.2400000e+03   2.2545725e+00
   1.2410000e+03   2.2678979e+00
   1.2420000e+03   2.2797876e+00
   1.2430000e+03   2.2901823e+00
   1.2440000e+03   2.2990403e+00
   1.2450000e+03   2.3063371e+00
   1.2460000e+03   2.3120654e+00
   1.2470000e+03   2.3162339e+00
   1.2480000e+03   2.3188668e+00
   1.2490000e+03   2.3200030e+00
   1.2500000e+03   2.3196947e+00
   1.2510000e+03   2.3180067e+00
   1.2520000e+03   2.3150150e+00
   1.2530000e+03   2.3108055e+00
   1.2540000e+03   2.3054729e+00
   1.2550000e+03   2.2991193e+00
   1.2560000e+03   2.2918526e+00
   1.2570000e+03   2.2837855e+00
   1.2580000e+03   2.2750341e+00
   1.2590000e+03   2.2657162e+00
   1.2600000e+03   2.2559507e+00
   1.2610000e+03   2.2458556e+00
   1.2620000e+03   2.2355475e+00
   1.2630000e+03   2.2251400e+00
   1.2640000e+03   2.2147429e+00
   1.2650000e+03   2.2044614e+00
   1.2660000e+03   2.1943947e+00
   1.2670000e+03   2.1846358e+00
   1.2680000e+03   2.1752706e+00
   1.2690000e+03   2.1663773e+00
   1.2700000e+03   2.1580260e+00
   1.2710000e+03   2.1502782e+00
   1.2720000e+03   2.1431869e+00
   1.2730000e+03   2.1367959e+00
   1.2740000e+03   2.1311402e+00
   1.2750000e+03   2.1262458e+00
   1.2760000e+03   2.1221299e+00
   1.2770000e+03   2.1188009e+00
   1.2780000e+03   2.1162590e+00
   1.2790000e+03   2.1144965e+00
   1.2800000e+03   2.1134980e+00
   1.2810000e+03   2.1132409e+00
   1.2820000e+03   2.1136962e+00
   1.2830000e+03   2.1148289e+00
   1.2840000e+03   2.1165987e+00
   1.2850000e+03   2.1189602e+00
   1.2860000e+03   2.1218643e+00
   1.2870000e+03   2.1252584e+00
   1.2880000e+03   2.1290872e+00
   1.2890000e+03   2.1332931e+00
   1.2900000e+03   2.1378174e+00
   1.2910000e+03   2.1426007e+00
   1.2920000e+03   2.1475833e+00
   1.2930000e+03   2.1527062e+00
   1.2940000e+03   2.1579114e+00
   1.2950000e+03   2.1631425e+00
   1.2960000e+03   2.1683454e+00
   1.2970000e+03   2.1734685e+00
   1.2980000e+03   2.1784631e+00
   1.2990000e+03   2.1832842e+00
   1.3000000e+03   2.1878902e+00
   1.3010000e+03   2.1922435e+00
   1.3020000e+03   2.1963107e+00
   1.3030000e+03   2.2000628e+00
   1.3040000e+03   2.2034751e+00
   1.3050000e+03   2.2065276e+00
   1.3060000e+03   2.2092046e+00
   1.3070000e+03   2.2114950e+00
   1.3080000e+03   2.2133920e+00
   1.3090000e+03   2.2148931e+00
   1.3100000e+03   2.2160001e+00
   1.3110000e+03   2.2167186e+00
   1.3120000e+03   2.2170577e+00
   1.3130000e+03   2.2170303e+00
   1.3140000e+03   2.2166523e+00
   1.3150000e+03   2.2159424e+00
   1.3160000e+03   2.2149221e+00
   1.3170000e+03   2.2136150e+00
   1.3180000e+03   2.2120465e+00
   1.3190000e+03   2.2102437e+00
   1.3200000e+03   2.2082349e+00
   1.3210000e+03   2.2060494e+00
   1.3220000e+03   2.2037167e+00
   1.3230000e+03   2.2012669e+00
   1.3240000e+03   2.1987298e+00
   1.3250000e+03   2.1961348e+00
   1.3260000e+03   2.1935109e+00
   1.3270000e+03   2.1908857e+00
   1.3280000e+03   2.1882861e+00
   1.3290000e+03   2.1857374e+00
   1.3300000e+03   2.1832631e+00
   1.3310000e+03   2.1808852e+00
   1.3320000e+03   2.1786238e+00
   1.3330000e+03   2.1764968e+00
   1.3340000e+03   2.1745201e+00
   1.3350000e+03   2.1727072e+00
   1.3360000e+03   2.1710697e+00
   1.3370000e+03   2.1696166e+00
   1.3380000e+03   2.1683548e+00
   1.3390000e+03   2.1672890e+00
   1.3400000e+03   2.1664215e+00
   1.3410000e+03   2.1657528e+00
   1.3420000e+03   2.1652811e+00
   1.3430000e+03   2.1650028e+00
   1.3440000e+03   2.1649125e+00
   1.3450000e+03   2.1650031e+00
   1.3460000e+03   2.1652659e+00
   1.3470000e+03   2.1656909e+00
   1.3480000e+03   2.1662669e+00
   1.3490000e+03   2.1669816e+00
   1.3500000e+03   2.1678218e+00
   1.3510000e+03   2.1687736e+00
   1.3520000e+03   2.1698227e+00
   1.3530000e+03   2.1709541e+00
   1.3540000e+03   2.1721530e+00
   1.3550000e+03   2.1734043e+00
   1.3560000e+03   2.1746930e+00
   1.3570000e+03   2.1760044e+00
   1.3580000e+03   2.1773244e+00
   1.3590000e+03   2.1786391e+00
   1.3600000e+03   2.1799354e+00
   1.3610000e+03   2.1812010e+00
   1.3620000e+03   2.1824243e+00
   1.3630000e+03   2.1835947e+00
   1.3640000e+03   2.1847026e+00
   1.3650000e+03   2.1857394e+00
   1.3660000e+03   2.1866977e+00
   1.3670000e+03   2.1875710e+00
   1.3680000e+03   2.1883541e+00
   1.3690000e+03   2.1890430e+00
   1.3700000e+03   2.1896346e+00
   1.3710000e+03   2.1901272e+00
   1.3720000e+03   2.1905199e+00
   1.3730000e+03   2.1908130e+00
   1.3740000e+03   2.1910078e+00
   1.3750000e+03   2.1911065e+00
   1.3760000e+03   2.1911122e+00
   1.3770000e+03   2.1910289e+00
   1.3780000e+03   2.1908611e+00
   1.3790000e+03   2.1906142e+00
   1.3800000e+03   2.1902941e+00
   1.3810000e+03   2.1899071e+00
   1.3820000e+03   2.1894600e+00
   1.3830000e+03   2.1889600e+00
   1.3840000e+03   2.1884142e+00
   1.3850000e+03   2.1878304e+00
   1.3860000e+03   2.1872159e+00
   1.3870000e+03   2.1865783e+00
   1.3880000e+03   2.1859251e+00
   1.3890000e+03   2.1852636e+00
   1.3900000e+03   2.1846009e+00
   1.3910000e+03   2.1839437e+00
   1.3920000e+03   2.1832984e+00
   1.3930000e+03   2.1826711e+00
   1.3940000e+03   2.1820674e+00
   1.3950000e+03   2.1814925e+00
   1.3960000e+03   2.1809508e+00
   1.3970000e+03   2.1804465e+00
   1.3980000e+03   2.1799832e+00
   1.3990000e+03   2.1795637e+00
   1.4000000e+03   2.1791905e+00
   1.4010000e+03   2.1788653e+00
   1.4020000e+03   2.1785895e+00
   1.4030000e+03   2.1783636e+00
   1.4040000e+03   2.1781879e+00
   1.4050000e+03   2.1780621e+00
   1.4060000e+03   2.1779852e+00
   1.4070000e+03   2.1779559e+00
   1.4080000e+03   2.1779725e+00
   1.4090000e+03   2.1780330e+00
   1.4100000e+03   2.1781347e+00
   1.4110000e+03   2.1782749e+00
   1.4120000e+03   2.1784506e+00
   1.4130000e+03   2.1786584e+00
   1.4140000e+03   2.1788949e+00
   1.4150000e+03   2.1791564e+00
   1.4160000e+03   2.1794393e+00
   1.4170000e+03   2.1797397e+00
   1.4180000e+03   2.1800538e+00
   1.4190000e+03   2.1803779e+00
   1.4200000e+03   2.1807082e+00
   1.4210000e+03   2.1810412e+00
   1.4220000e+03   2.1813733e+00
   1.4230000e+03   2.1817013e+00
   1.4240000e+03   2.1820219e+00
   1.4250000e+03   2.1823322e+00
   1.4260000e+03   2.1826295e+00
   1.4270000e+03   2.1829114e+00
   1.4280000e+03   2.1831756e+00
   1.4290000e+03   2.1834203e+00
   1.4300000e+03   2.1836437e+00
   1.4310000e+03   2.1838446e+00
   1.4320000e+03   2.1840217e+00
   1.4330000e+03   2.1841745e+00
   1.4340000e+03   2.1843022e+00
   1.4350000e+03   2.1844048e+00
   1.4360000e+03   2.1844823e+00
   1.4370000e+03   2.1845348e+00
   1.4380000e+03   2.1845631e+00
   1.4390000e+03   2.1845677e+00
   1.4400000e+03   2.1845498e+00
   1.4410000e+03   2.1845103e+00
   1.4420000e+03   2.1844507e+00
   1.4430000e+03   2.1843724e+00
   1.4440000e+03   2.1842770e+00
   1.4450000e+03   2.1841662e+00
   1.4460000e+03   2.1840417e+00
   1.4470000e+03   2.1839055e+00
   1.4480000e+03   2.1837594e+00
   1.4490000e+03   2.1836053e+00
   1.4500000e+03   2.1834451e+00
   1.4510000e+03   2.1832808e+00
   1.4520000e+03   2.1831140e+00
   1.4530000e+03   2.1829467e+00
   1.4540000e+03   2.1827806e+00
   1.4550000e+03   2.1826173e+00
   1.4560000e+03   2.1824583e+00
   1.4570000e+03   2.1823050e+00
   1.4580000e+03   2.1821589e+00
   1.4590000e+03   2.1820210e+00
   1.4600000e+03   2.1818924e+00
   1.4610000e+03   2.1817740e+00
   1.4620000e+03   2.1816665e+00
   1.4630000e+03   2.1815707e+00
   1.4640000e+03   2.1814870e+00
   1.4650000e+03   2.1814156e+00
   1.4660000e+03   2.1813569e+00
   1.4670000e+03   2.1813108e+00
   1.4680000e+03   2.1812773e+00
   1.4690000e+03   2.1812562e+00
   1.4700000e+03   2.1812472e+00
   1.4710000e+03   2.1812498e+00
   1.4720000e+03   2.1812635e+00
   1.4730000e+03   2.1812878e+00
   1.4740000e+03   2.1813219e+00
   1.4750000e+03   2.1813650e+00
   1.4760000e+03   2.1814164e+00
   1.4770000e+03   2.1814751e+00
   1.4780000e+03   2.1815403e+00
   1.4790000e+03   2.1816109e+00
   1.4800000e+03   2.1816862e+00
   1.4810000e+03   2.1817650e+00
   1.4820000e+03   2.1818465e+00
   1.4830000e+03   2.1819297e+00
   1.4840000e+03   2.1820137e+00
   1.4850000e+03   2.1820976e+00
   1.4860000e+03   2.1821805e+00
   1.4870000e+03   2.1822617e+00
   1.4880000e+03   2.1823404e+00
   1.4890000e+03   2.1824159e+00
   1.4900000e+03   2.1824876e+00
   1.4910000e+03   2.1825550e+00
   1.4920000e+03   2.1826174e+00
   1.4930000e+03   2.1826746e+00
   1.4940000e+03   2.1827260e+00
   1.4950000e+03   2.1827716e+00
   1.4960000e+03   2.1828110e+00
   1.4970000e+03   2.1828441e+00
   1.4980000e+03   2.1828709e+00
   1.4990000e+03   2.1828913e+00
   1.5000000e+03   2.1829054e+00
   1.5010000e+03   2.1829134e+00
   1.5020000e+03   2.1829154e+00
   1.5030000e+03   2.1829116e+00
   1.5040000e+03   2.1829024e+00
   1.5050000e+03   2.1828881e+00
   1.5060000e+03   2.1828689e+00
   1.5070000e+03   2.1828454e+00
   1.5080000e+03   2.1828180e+00
   1.5090000e+03   2.1827870e+00
   1.5100000e+03   2.1827530e+00
   1.5110000e+03   2.1827165e+00
   1.5120000e+03   2.1826779e+00
   1.5130000e+03   2.1826376e+00
   1.5140000e+03   2.1825963e+00
   1.5150000e+03   2.1825543e+00
   1.5160000e+03   2.1825120e+00
   1.5170000e+03   2.1824701e+00
   1.5180000e+03   2.1824287e+00
   1.5190000e+03   2.1823884e+00
   1.5200000e+03   2.1823495e+00
   1.5210000e+03   2.1823124e+00
   1.5220000e+03   2.1822773e+00
   1.5230000e+03   2.1822445e+00
   1.5240000e+03   2.1822142e+00
   1.5250000e+03   2.1821867e+00
   1.5260000e+03   2.1821622e+00
   1.5270000e+03   2.1821406e+00
   1.5280000e+03   2.1821221e+00
   1.5290000e+03   2.1821069e+00
   1.5300000e+03   2.1820948e+00
   1.5310000e+03   2.1820859e+00
   1.5320000e+03   2.1820802e+00
   1.5330000e+03   2.1820775e+00
   1.5340000e+03   2.1820777e+00
   1.5350000e+03   2.1820808e+00
   1.5360000e+03   2.1820866e+00
   1.5370000e+03   2.1820948e+00
   1.5380000e+03   2.1821054e+00
   1.5390000e+03   2.1821181e+00
   1.5400000e+03   2.1821327e+00
   1.5410000e+03   2.1821489e+00
   1.5420000e+03   2.1821666e+00
   1.5430000e+03   2.1821854e+00
   1.5440000e+03   2.1822052e+00
   1.5450000e+03   2.1822257e+00
   1.5460000e+03   2.1822466e+00
   1.5470000e+03   2.1822678e+00
   1.5480000e+03   2.1822890e+00
   1.5490000e+03   2.1823100e+00
   1.5500000e+03   2.1823305e+00
   1.5510000e+03   2.1823505e+00
   1.5520000e+03   2.1823697e+00
   1.5530000e+03   2.1823879e+00
   1.5540000e+03   2.1824050e+00
   1.5550000e+03   2.1824210e+00
   1.5560000e+03   2.1824356e+00
   1.5570000e+03   2.1824488e+00
   1.5580000e+03   2.1824605e+00
   1.5590000e+03   2.1824706e+00
   1.5600000e+03   2.1824792e+00
   1.5610000e+03   2.1824862e+00
   1.5620000e+03   2.1824916e+00
   1.5630000e+03   2.1824954e+00
   1.5640000e+03   2.1824976e+00
   1.5650000e+03   2.1824983e+00
   1.5660000e+03   2.1824975e+00
   1.5670000e+03   2.1824954e+00
   1.5680000e+03   2.1824920e+00
   1.5690000e+03   2.1824873e+00
   1.5700000e+03   2.1824815e+00
   1.5710000e+03   2.1824747e+00
   1.5720000e+03   2.1824670e+00
   1.5730000e+03   2.1824585e+00
   1.5740000e+03   2.1824494e+00
   1.5750000e+03   2.1824397e+00
   1.5760000e+03   2.1824296e+00
   1.5770000e+03   2.1824192e+00
   1.5780000e+03   2.1824086e+00
   1.5790000e+03   2.1823980e+00
   1.5800000e+03   2.1823874e+00
   1.5810000e+03   2.1823769e+00
   1.5820000e+03   2.1823667e+00
   1.5830000e+03   2.1823568e+00
   1.5840000e+03   2.1823474e+00
   1.5850000e+03   2.1823385e+00
   1.5860000e+03   2.1823301e+00
   1.5870000e+03   2.1823224e+00
   1.5880000e+03   2.1823153e+00
   1.5890000e+03   2.1823090e+00
   1.5900000e+03   2.1823035e+00
   1.5910000e+03   2.1822987e+00
   1.5920000e+03   2.1822947e+00
   1.5930000e+03   2.1822916e+00
   1.5940000e+03   2.1822892e+00
   1.5950000e+03   2.1822877e+00
   1.5960000e+03   2.1822869e+00
   1.5970000e+03   2.1822869e+00
   1.5980000e+03   2.1822875e+00
   1.5990000e+03   2.1822889e+00
   1.6000000e+03   2.1822909e+00
