   1.0000000e+00   2.0000000e+00
   2.0000000e+00   2.0000000e+00
   3.0000000e+00   2.0000000e+00
   4.0000000e+00   2.0000000e+00
   5.0000000e+00   2.0000000e+00
   6.0000000e+00   2.0000000e+00
   7.0000000e+00   2.0000000e+00
   8.0000000e+00   2.0000000e+00
   9.0000000e+00   2.0000000e+00
   1.0000000e+01   2.0000000e+00
   1.1000000e+01   2.0000000e+00
   1.2000000e+01   2.8000000e+00
   1.3000000e+01   2.5500000e+00
   1.4000000e+01   2.5875000e+00
   1.5000000e+01   2.6250000e+00
   1.6000000e+01   2.6625000e+00
   1.7000000e+01   2.7000000e+00
   1.8000000e+01   2.7375000e+00
   1.9000000e+01   2.7750000e+00
   2.0000000e+01   2.8000000e+00
   2.1000000e+01   2.8000000e+00
   2.2000000e+01   2.7819925e+00
   2.3000000e+01   2.7380560e+00
   2.4000000e+01   2.7166310e+00
   2.5000000e+01   2.6957711e+00
   2.6000000e+01   2.6747368e+00
   2.7000000e+01   2.6529487e+00
   2.8000000e+01   2.6299522e+00
   2.9000000e+01   2.6053904e+00
   3.0000000e+01   2.5798498e+00
   3.1000000e+01   2.5555195e+00
   3.2000000e+01   2.5346452e+00
   3.3000000e+01   2.5193613e+00
   3.4000000e+01   2.5087574e+00
   3.5000000e+01   2.5006276e+00
   3.6000000e+01   2.4945585e+00
   3.7000000e+01   2.4903234e+00
   3.8000000e+01   2.4878304e+00
   3.9000000e+01   2.4870840e+00
   4.0000000e+01   2.4880968e+00
   4.1000000e+01   2.4907158e+00
   4.2000000e+01   2.4945360e+00
   4.3000000e+01   2.4989318e+00
   4.4000000e+01   2.5032952e+00
   4.5000000e+01   2.5073042e+00
   4.6000000e+01   2.5108357e+00
   4.7000000e+01   2.5138101e+00
   4.8000000e+01   2.5161644e+00
   4.9000000e+01   2.5178343e+00
   5.0000000e+01   2.5187482e+00
   5.1000000e+01   2.5188387e+00
   5.2000000e+01   2.5180703e+00
   5.3000000e+01   2.5164665e+00
   5.4000000e+01   2.5141157e+00
   5.5000000e+01   2.5111433e+00
   5.6000000e+01   2.5076776e+00
   5.7000000e+01   2.5038367e+00
   5.8000000e+01   2.4997280e+00
   5.9000000e+01   2.4954508e+00
   6.0000000e+01   2.4910996e+00
   6.1000000e+01   2.4867665e+00
   6.2000000e+01   2.4825403e+00
   6.3000000e+01   2.4785017e+00
   6.4000000e+01   2.4747175e+00
   6.5000000e+01   2.4712365e+00
   6.6000000e+01   2.4680892e+00
   6.7000000e+01   2.4652918e+00
   6.8000000e+01   2.4628484e+00
   6.9000000e+01   2.4607541e+00
   7.0000000e+01   2.4589964e+00
   7.1000000e+01   2.4575561e+00
   7.2000000e+01   2.4564077e+00
   7.3000000e+01   2.4555210e+00
   7.4000000e+01   2.4548616e+00
   7.5000000e+01   2.4543938e+00
   7.6000000e+01   2.4540817e+00
   7.7000000e+01   2.4538912e+00
   7.8000000e+01   2.4537910e+00
   7.9000000e+01   2.4537526e+00
   8.0000000e+01   2.4537512e+00
   8.1000000e+01   2.4537656e+00
   8.2000000e+01   2.4537783e+00
   8.3000000e+01   2.4537756e+00
   8.4000000e+01   2.4537478e+00
   8.5000000e+01   2.4536887e+00
   8.6000000e+01   2.4535956e+00
   8.7000000e+01   2.4534686e+00
   8.8000000e+01   2.4533102e+00
   8.9000000e+01   2.4531248e+00
   9.0000000e+01   2.4529180e+00
   9.1000000e+01   2.4526965e+00
   9.2000000e+01   2.4524673e+00
   9.3000000e+01   2.4522378e+00
   9.4000000e+01   2.4520150e+00
   9.5000000e+01   2.4518055e+00
   9.6000000e+01   2.4516152e+00
   9.7000000e+01   2.4514492e+00
   9.8000000e+01   2.4513112e+00
   9.9000000e+01   2.4512043e+00
   1.0000000e+02   2.4511303e+00
   1.0100000e+02   2.4510900e+00
   1.0200000e+02   2.4510831e+00
   1.0300000e+02   2.4511087e+00
   1.0400000e+02   2.4511650e+00
   1.0500000e+02   2.4512495e+00
   1.0600000e+02   2.4513593e+00
   1.0700000e+02   2.4514912e+00
   1.0800000e+02   2.4516417e+00
   1.0900000e+02   2.4518072e+00
   1.1000000e+02   2.4519840e+00
   1.1100000e+02   2.4521689e+00
   1.1200000e+02   2.4523586e+00
   1.1300000e+02   2.4525500e+00
   1.1400000e+02   2.4527407e+00
   1.1500000e+02   2.4529283e+00
   1.1600000e+02   2.4531110e+00
   1.1700000e+02   2.4532871e+00
   1.1800000e+02   2.4534557e+00
   1.1900000e+02   2.4536158e+00
   1.2000000e+02   2.4537670e+00
   1.2100000e+02   2.4539092e+00
   1.2200000e+02   2.4540424e+00
   1.2300000e+02   2.4541669e+00
   1.2400000e+02   2.4542831e+00
   1.2500000e+02   2.4543916e+00
   1.2600000e+02   2.4544929e+00
   1.2700000e+02   2.4545879e+00
   1.2800000e+02   2.4546771e+00
   1.2900000e+02   2.4547613e+00
   1.3000000e+02   2.4548411e+00
   1.3100000e+02   2.4549170e+00
   1.3200000e+02   2.4549897e+00
   1.3300000e+02   2.4550595e+00
   1.3400000e+02   2.4551268e+00
   1.3500000e+02   2.4551918e+00
   1.3600000e+02   2.4552548e+00
   1.3700000e+02   2.4553159e+00
   1.3800000e+02   2.4553751e+00
   1.3900000e+02   2.4554324e+00
   1.4000000e+02   2.4554877e+00
   1.4100000e+02   2.4555411e+00
   1.4200000e+02   2.4555924e+00
   1.4300000e+02   2.4556414e+00
   1.4400000e+02   2.4556880e+00
   1.4500000e+02   2.4557322e+00
   1.4600000e+02   2.4557738e+00
   1.4700000e+02   2.4558128e+00
   1.4800000e+02   2.4558489e+00
   1.4900000e+02   2.4558824e+00
   1.5000000e+02   2.4559130e+00
   1.5100000e+02   2.4559408e+00
   1.5200000e+02   2.4559659e+00
   1.5300000e+02   2.4559883e+00
   1.5400000e+02   2.4560081e+00
   1.5500000e+02   2.4560254e+00
   1.5600000e+02   2.4560403e+00
   1.5700000e+02   2.4560531e+00
   1.5800000e+02   2.4560637e+00
   1.5900000e+02   2.4560725e+00
   1.6000000e+02   2.4560795e+00
   1.6100000e+02   2.4560849e+00
   1.6200000e+02   2.4560889e+00
   1.6300000e+02   2.4560916e+00
   1.6400000e+02   2.4560932e+00
   1.6500000e+02   2.4560937e+00
   1.6600000e+02   2.4560934e+00
   1.6700000e+02   2.4560923e+00
   1.6800000e+02   2.4560906e+00
   1.6900000e+02   2.4560883e+00
   1.7000000e+02   2.4560855e+00
   1.7100000e+02   2.4560823e+00
   1.7200000e+02   2.4560788e+00
   1.7300000e+02   2.4560749e+00
   1.7400000e+02   2.4560708e+00
   1.7500000e+02   2.4560665e+00
   1.7600000e+02   2.4560620e+00
   1.7700000e+02   2.4560573e+00
   1.7800000e+02   2.4560525e+00
   1.7900000e+02   2.4560476e+00
   1.8000000e+02   2.4560425e+00
   1.8100000e+02   2.4560374e+00
   1.8200000e+02   2.4560322e+00
   1.8300000e+02   2.4560269e+00
   1.8400000e+02   2.4560216e+00
   1.8500000e+02   2.4560162e+00
   1.8600000e+02   2.4560109e+00
   1.8700000e+02   2.4560055e+00
   1.8800000e+02   2.4560001e+00
   1.8900000e+02   2.4559948e+00
   1.9000000e+02   2.4559895e+00
   1.9100000e+02   2.4559843e+00
   1.9200000e+02   2.4559791e+00
   1.9300000e+02   2.4559741e+00
   1.9400000e+02   2.4559691e+00
   1.9500000e+02   2.4559643e+00
   1.9600000e+02   2.4559595e+00
   1.9700000e+02   2.4559550e+00
   1.9800000e+02   2.4559505e+00
   1.9900000e+02   2.4559462e+00
   2.0000000e+02   2.4559421e+00
   2.0100000e+02   2.4559382e+00
   2.0200000e+02   2.4559344e+00
   2.0300000e+02   2.4559308e+00
   2.0400000e+02   2.4559274e+00
   2.0500000e+02   2.4559241e+00
   2.0600000e+02   2.4559210e+00
   2.0700000e+02   2.4559181e+00
   2.0800000e+02   2.4559153e+00
   2.0900000e+02   2.4559128e+00
   2.1000000e+02   2.4559103e+00
   2.1100000e+02   2.4559081e+00
   2.1200000e+02   2.4559059e+00
   2.1300000e+02   2.4559040e+00
   2.1400000e+02   2.4559021e+00
   2.1500000e+02   2.4559004e+00
   2.1600000e+02   2.4558988e+00
   2.1700000e+02   2.4558974e+00
   2.1800000e+02   2.4558960e+00
   2.1900000e+02   2.4558948e+00
   2.2000000e+02   2.4558936e+00
   2.2100000e+02   2.4558926e+00
   2.2200000e+02   2.4558916e+00
   2.2300000e+02   2.4558908e+00
   2.2400000e+02   2.4558900e+00
   2.2500000e+02   2.4558893e+00
   2.2600000e+02   2.4558887e+00
   2.2700000e+02   2.4558881e+00
   2.2800000e+02   2.4558876e+00
   2.2900000e+02   2.4558872e+00
   2.3000000e+02   2.4558868e+00
   2.3100000e+02   2.4558865e+00
   2.3200000e+02   2.4558863e+00
   2.3300000e+02   2.4558861e+00
   2.3400000e+02   2.4558859e+00
   2.3500000e+02   2.4558858e+00
   2.3600000e+02   2.4558857e+00
   2.3700000e+02   2.4558857e+00
   2.3800000e+02   2.4558857e+00
   2.3900000e+02   2.4558857e+00
   2.4000000e+02   2.4558858e+00
   2.4100000e+02   2.4558859e+00
   2.4200000e+02   2.4558860e+00
   2.4300000e+02   2.4558861e+00
   2.4400000e+02   2.4558862e+00
   2.4500000e+02   2.4558864e+00
   2.4600000e+02   2.4558866e+00
   2.4700000e+02   2.4558868e+00
   2.4800000e+02   2.4558870e+00
   2.4900000e+02   2.4558872e+00
   2.5000000e+02   2.4558874e+00
   2.5100000e+02   2.4558876e+00
   2.5200000e+02   2.4558879e+00
   2.5300000e+02   2.4558881e+00
   2.5400000e+02   2.4558883e+00
   2.5500000e+02   2.4558886e+00
   2.5600000e+02   2.4558888e+00
   2.5700000e+02   2.4558890e+00
   2.5800000e+02   2.4558893e+00
   2.5900000e+02   2.4558895e+00
   2.6000000e+02   2.4558897e+00
   2.6100000e+02   2.4558899e+00
   2.6200000e+02   2.4558901e+00
   2.6300000e+02   2.4558904e+00
   2.6400000e+02   2.4558906e+00
   2.6500000e+02   2.4558908e+00
   2.6600000e+02   2.4558910e+00
   2.6700000e+02   2.4558911e+00
   2.6800000e+02   2.4558913e+00
   2.6900000e+02   2.4558915e+00
   2.7000000e+02   2.4558917e+00
   2.7100000e+02   2.4558918e+00
   2.7200000e+02   2.4558920e+00
   2.7300000e+02   2.4558921e+00
   2.7400000e+02   2.4558923e+00
   2.7500000e+02   2.4558924e+00
   2.7600000e+02   2.4558925e+00
   2.7700000e+02   2.4558927e+00
   2.7800000e+02   2.4558928e+00
   2.7900000e+02   2.4558929e+00
   2.8000000e+02   2.4558930e+00
   2.8100000e+02   2.4558931e+00
   2.8200000e+02   2.4558932e+00
   2.8300000e+02   2.4558933e+00
   2.8400000e+02   2.4558933e+00
   2.8500000e+02   2.4558934e+00
   2.8600000e+02   2.4558935e+00
   2.8700000e+02   2.4558936e+00
   2.8800000e+02   2.4558936e+00
   2.8900000e+02   2.4558937e+00
   2.9000000e+02   2.4558937e+00
   2.9100000e+02   2.4558938e+00
   2.9200000e+02   2.4558938e+00
   2.9300000e+02   2.4558939e+00
   2.9400000e+02   2.4558939e+00
   2.9500000e+02   2.4558939e+00
   2.9600000e+02   2.4558939e+00
   2.9700000e+02   2.4558940e+00
   2.9800000e+02   2.4558940e+00
   2.9900000e+02   2.4558940e+00
   3.0000000e+02   2.4558940e+00
   3.0100000e+02   2.4558940e+00
   3.0200000e+02   2.4558941e+00
   3.0300000e+02   2.4558941e+00
   3.0400000e+02   2.4558941e+00
   3.0500000e+02   2.4558941e+00
   3.0600000e+02   2.4558941e+00
   3.0700000e+02   2.4558941e+00
   3.0800000e+02   2.4558941e+00
   3.0900000e+02   2.4558941e+00
   3.1000000e+02   2.4558941e+00
   3.1100000e+02   2.4558941e+00
   3.1200000e+02   2.4558941e+00
   3.1300000e+02   2.4558941e+00
   3.1400000e+02   2.4558941e+00
   3.1500000e+02   2.4558941e+00
   3.1600000e+02   2.4558941e+00
   3.1700000e+02   2.4558940e+00
   3.1800000e+02   2.4558940e+00
   3.1900000e+02   2.4558940e+00
   3.2000000e+02   2.4558940e+00
   3.2100000e+02   2.4558940e+00
   3.2200000e+02   2.4558940e+00
   3.2300000e+02   2.4558940e+00
   3.2400000e+02   2.4558940e+00
   3.2500000e+02   2.4558940e+00
   3.2600000e+02   2.4558940e+00
   3.2700000e+02   2.4558940e+00
   3.2800000e+02   2.4558939e+00
   3.2900000e+02   2.4558939e+00
   3.3000000e+02   2.4558939e+00
   3.3100000e+02   2.4558939e+00
   3.3200000e+02   2.4558939e+00
   3.3300000e+02   2.4558939e+00
   3.3400000e+02   2.4558939e+00
   3.3500000e+02   2.4558939e+00
   3.3600000e+02   2.4558939e+00
   3.3700000e+02   2.4558939e+00
   3.3800000e+02   2.4558939e+00
   3.3900000e+02   2.4558939e+00
   3.4000000e+02   2.4558938e+00
   3.4100000e+02   2.4558938e+00
   3.4200000e+02   2.4558938e+00
   3.4300000e+02   2.4558938e+00
   3.4400000e+02   2.4558938e+00
   3.4500000e+02   2.4558938e+00
   3.4600000e+02   2.4558938e+00
   3.4700000e+02   2.4558938e+00
   3.4800000e+02   2.4558938e+00
   3.4900000e+02   2.4558938e+00
   3.5000000e+02   2.4558938e+00
   3.5100000e+02   2.4558938e+00
   3.5200000e+02   2.4558938e+00
   3.5300000e+02   2.4558938e+00
   3.5400000e+02   2.4558938e+00
   3.5500000e+02   2.4558938e+00
   3.5600000e+02   2.4558938e+00
   3.5700000e+02   2.4558938e+00
   3.5800000e+02   2.4558938e+00
   3.5900000e+02   2.4558938e+00
   3.6000000e+02   2.4558938e+00
   3.6100000e+02   2.4558938e+00
   3.6200000e+02   2.4558938e+00
   3.6300000e+02   2.4558938e+00
   3.6400000e+02   2.4558937e+00
   3.6500000e+02   2.4558937e+00
   3.6600000e+02   2.4558937e+00
   3.6700000e+02   2.4558937e+00
   3.6800000e+02   2.4558937e+00
   3.6900000e+02   2.4558937e+00
   3.7000000e+02   2.4558937e+00
   3.7100000e+02   2.4558937e+00
   3.7200000e+02   2.4558937e+00
   3.7300000e+02   2.4558937e+00
   3.7400000e+02   2.4558937e+00
   3.7500000e+02   2.4558937e+00
   3.7600000e+02   2.4558937e+00
   3.7700000e+02   2.4558937e+00
   3.7800000e+02   2.4558937e+00
   3.7900000e+02   2.4558937e+00
   3.8000000e+02   2.4558937e+00
   3.8100000e+02   2.4558937e+00
   3.8200000e+02   2.4558937e+00
   3.8300000e+02   2.4558937e+00
   3.8400000e+02   2.4558937e+00
   3.8500000e+02   2.4558937e+00
   3.8600000e+02   2.4558937e+00
   3.8700000e+02   2.4558937e+00
   3.8800000e+02   2.4558937e+00
   3.8900000e+02   2.4558937e+00
   3.9000000e+02   2.4558937e+00
   3.9100000e+02   2.4558937e+00
   3.9200000e+02   2.4558937e+00
   3.9300000e+02   2.4558937e+00
   3.9400000e+02   2.4558937e+00
   3.9500000e+02   2.4558937e+00
   3.9600000e+02   2.4558937e+00
   3.9700000e+02   2.4558937e+00
   3.9800000e+02   2.4558937e+00
   3.9900000e+02   2.4558937e+00
   4.0000000e+02   2.2058937e+00
   4.0100000e+02   2.4558937e+00
   4.0200000e+02   2.4183937e+00
   4.0300000e+02   2.3808937e+00
   4.0400000e+02   2.3433937e+00
   4.0500000e+02   2.3058937e+00
   4.0600000e+02   2.2683937e+00
   4.0700000e+02   2.2308937e+00
   4.0800000e+02   2.1933937e+00
   4.0900000e+02   2.1558937e+00
   4.1000000e+02   2.1357398e+00
   4.1100000e+02   2.1117633e+00
   4.1200000e+02   2.0732434e+00
   4.1300000e+02   2.0402203e+00
   4.1400000e+02   2.0119560e+00
   4.1500000e+02   1.9878856e+00
   4.1600000e+02   1.9675788e+00
   4.1700000e+02   1.9507092e+00
   4.1800000e+02   1.9370314e+00
   4.1900000e+02   1.9263624e+00
   4.2000000e+02   1.9173637e+00
   4.2100000e+02   1.9092649e+00
   4.2200000e+02   1.9034640e+00
   4.2300000e+02   1.9004552e+00
   4.2400000e+02   1.8994726e+00
   4.2500000e+02   1.8999462e+00
   4.2600000e+02   1.9014451e+00
   4.2700000e+02   1.9036360e+00
   4.2800000e+02   1.9062529e+00
   4.2900000e+02   1.9090754e+00
   4.3000000e+02   1.9119967e+00
   4.3100000e+02   1.9150406e+00
   4.3200000e+02   1.9181593e+00
   4.3300000e+02   1.9211711e+00
   4.3400000e+02   1.9239214e+00
   4.3500000e+02   1.9263447e+00
   4.3600000e+02   1.9284302e+00
   4.3700000e+02   1.9302003e+00
   4.3800000e+02   1.9316973e+00
   4.3900000e+02   1.9329753e+00
   4.4000000e+02   1.9340899e+00
   4.4100000e+02   1.9350837e+00
   4.4200000e+02   1.9359869e+00
   4.4300000e+02   1.9368338e+00
   4.4400000e+02   1.9376703e+00
   4.4500000e+02   1.9385454e+00
   4.4600000e+02   1.9395033e+00
   4.4700000e+02   1.9405788e+00
   4.4800000e+02   1.9417964e+00
   4.4900000e+02   1.9431701e+00
   4.5000000e+02   1.9447047e+00
   4.5100000e+02   1.9463980e+00
   4.5200000e+02   1.9482433e+00
   4.5300000e+02   1.9502310e+00
   4.5400000e+02   1.9523475e+00
   4.5500000e+02   1.9545751e+00
   4.5600000e+02   1.9568920e+00
   4.5700000e+02   1.9592742e+00
   4.5800000e+02   1.9616966e+00
   4.5900000e+02   1.9641340e+00
   4.6000000e+02   1.9665626e+00
   4.6100000e+02   1.9689607e+00
   4.6200000e+02   1.9713086e+00
   4.6300000e+02   1.9735889e+00
   4.6400000e+02   1.9757867e+00
   4.6500000e+02   1.9778897e+00
   4.6600000e+02   1.9798882e+00
   4.6700000e+02   1.9817753e+00
   4.6800000e+02   1.9835469e+00
   4.6900000e+02   1.9852016e+00
   4.7000000e+02   1.9867400e+00
   4.7100000e+02   1.9881647e+00
   4.7200000e+02   1.9894797e+00
   4.7300000e+02   1.9906903e+00
   4.7400000e+02   1.9918028e+00
   4.7500000e+02   1.9928240e+00
   4.7600000e+02   1.9937610e+00
   4.7700000e+02   1.9946213e+00
   4.7800000e+02   1.9954119e+00
   4.7900000e+02   1.9961399e+00
   4.8000000e+02   1.9968117e+00
   4.8100000e+02   1.9974331e+00
   4.8200000e+02   1.9980094e+00
   4.8300000e+02   1.9985451e+00
   4.8400000e+02   1.9990441e+00
   4.8500000e+02   1.9995097e+00
   4.8600000e+02   1.9999445e+00
   4.8700000e+02   2.0003504e+00
   4.8800000e+02   2.0007290e+00
   4.8900000e+02   2.0010814e+00
   4.9000000e+02   2.0014083e+00
   4.9100000e+02   2.0017102e+00
   4.9200000e+02   2.0019873e+00
   4.9300000e+02   2.0022399e+00
   4.9400000e+02   2.0024680e+00
   4.9500000e+02   2.0026719e+00
   4.9600000e+02   2.0028516e+00
   4.9700000e+02   2.0030074e+00
   4.9800000e+02   2.0031398e+00
   4.9900000e+02   2.0032493e+00
   5.0000000e+02   2.0033366e+00
   5.0100000e+02   2.0034026e+00
   5.0200000e+02   2.0034481e+00
   5.0300000e+02   2.0034745e+00
   5.0400000e+02   2.0034828e+00
   5.0500000e+02   2.0034744e+00
   5.0600000e+02   2.0034507e+00
   5.0700000e+02   2.0034132e+00
   5.0800000e+02   2.0033633e+00
   5.0900000e+02   2.0033024e+00
   5.1000000e+02   2.0032320e+00
   5.1100000e+02   2.0031535e+00
   5.1200000e+02   2.0030682e+00
   5.1300000e+02   2.0029774e+00
   5.1400000e+02   2.0028821e+00
   5.1500000e+02   2.0027835e+00
   5.1600000e+02   2.0026825e+00
   5.1700000e+02   2.0025800e+00
   5.1800000e+02   2.0024766e+00
   5.1900000e+02   2.0023732e+00
   5.2000000e+02   2.0022701e+00
   5.2100000e+02   2.0021679e+00
   5.2200000e+02   2.0020670e+00
   5.2300000e+02   2.0019676e+00
   5.2400000e+02   2.0018701e+00
   5.2500000e+02   2.0017745e+00
   5.2600000e+02   2.0016811e+00
   5.2700000e+02   2.0015900e+00
   5.2800000e+02   2.0015011e+00
   5.2900000e+02   2.0014147e+00
   5.3000000e+02   2.0013306e+00
   5.3100000e+02   2.0012490e+00
   5.3200000e+02   2.0011698e+00
   5.3300000e+02   2.0010930e+00
   5.3400000e+02   2.0010187e+00
   5.3500000e+02   2.0009469e+00
   5.3600000e+02   2.0008775e+00
   5.3700000e+02   2.0008106e+00
   5.3800000e+02   2.0007461e+00
   5.3900000e+02   2.0006842e+00
   5.4000000e+02   2.0006247e+00
   5.4100000e+02   2.0005678e+00
   5.4200000e+02   2.0005134e+00
   5.4300000e+02   2.0004615e+00
   5.4400000e+02   2.0004122e+00
   5.4500000e+02   2.0003654e+00
   5.4600000e+02   2.0003210e+00
   5.4700000e+02   2.0002792e+00
   5.4800000e+02   2.0002398e+00
   5.4900000e+02   2.0002029e+00
   5.5000000e+02   2.0001683e+00
   5.5100000e+02   2.0001361e+00
   5.5200000e+02   2.0001061e+00
   5.5300000e+02   2.0000784e+00
   5.5400000e+02   2.0000528e+00
   5.5500000e+02   2.0000292e+00
   5.5600000e+02   2.0000077e+00
   5.5700000e+02   1.9999880e+00
   5.5800000e+02   1.9999702e+00
   5.5900000e+02   1.9999540e+00
   5.6000000e+02   1.9999395e+00
   5.6100000e+02   1.9999266e+00
   5.6200000e+02   1.9999151e+00
   5.6300000e+02   1.9999049e+00
   5.6400000e+02   1.9998960e+00
   5.6500000e+02   1.9998884e+00
   5.6600000e+02   1.9998818e+00
   5.6700000e+02   1.9998762e+00
   5.6800000e+02   1.9998717e+00
   5.6900000e+02   1.9998680e+00
   5.7000000e+02   1.9998651e+00
   5.7100000e+02   1.9998630e+00
   5.7200000e+02   1.9998615e+00
   5.7300000e+02   1.9998608e+00
   5.7400000e+02   1.9998606e+00
   5.7500000e+02   1.9998609e+00
   5.7600000e+02   1.9998617e+00
   5.7700000e+02   1.9998630e+00
   5.7800000e+02   1.9998646e+00
   5.7900000e+02   1.9998666e+00
   5.8000000e+02   1.9998690e+00
   5.8100000e+02   1.9998716e+00
   5.8200000e+02   1.9998745e+00
   5.8300000e+02   1.9998776e+00
   5.8400000e+02   1.9998809e+00
   5.8500000e+02   1.9998844e+00
   5.8600000e+02   1.9998880e+00
   5.8700000e+02   1.9998918e+00
   5.8800000e+02   1.9998956e+00
   5.8900000e+02   1.9998995e+00
   5.9000000e+02   1.9999035e+00
   5.9100000e+02   1.9999075e+00
   5.9200000e+02   1.9999115e+00
   5.9300000e+02   1.9999155e+00
   5.9400000e+02   1.9999195e+00
   5.9500000e+02   1.9999235e+00
   5.9600000e+02   1.9999274e+00
   5.9700000e+02   1.9999312e+00
   5.9800000e+02   1.9999350e+00
   5.9900000e+02   1.9999387e+00
   6.0000000e+02   1.9999424e+00
   6.0100000e+02   1.9999459e+00
   6.0200000e+02   1.9999494e+00
   6.0300000e+02   1.9999527e+00
   6.0400000e+02   1.9999559e+00
   6.0500000e+02   1.9999591e+00
   6.0600000e+02   1.9999621e+00
   6.0700000e+02   1.9999650e+00
   6.0800000e+02   1.9999677e+00
   6.0900000e+02   1.9999704e+00
   6.1000000e+02   1.9999729e+00
   6.1100000e+02   1.9999754e+00
   6.1200000e+02   1.9999777e+00
   6.1300000e+02   1.9999799e+00
   6.1400000e+02   1.9999819e+00
   6.1500000e+02   1.9999839e+00
   6.1600000e+02   1.9999858e+00
   6.1700000e+02   1.9999875e+00
   6.1800000e+02   1.9999892e+00
   6.1900000e+02   1.9999907e+00
   6.2000000e+02   1.9999922e+00
   6.2100000e+02   1.9999935e+00
   6.2200000e+02   1.9999948e+00
   6.2300000e+02   1.9999959e+00
   6.2400000e+02   1.9999970e+00
   6.2500000e+02   1.9999980e+00
   6.2600000e+02   1.9999990e+00
   6.2700000e+02   1.9999998e+00
   6.2800000e+02   2.0000006e+00
   6.2900000e+02   2.0000013e+00
   6.3000000e+02   2.0000019e+00
   6.3100000e+02   2.0000025e+00
   6.3200000e+02   2.0000030e+00
   6.3300000e+02   2.0000035e+00
   6.3400000e+02   2.0000039e+00
   6.3500000e+02   2.0000043e+00
   6.3600000e+02   2.0000046e+00
   6.3700000e+02   2.0000049e+00
   6.3800000e+02   2.0000051e+00
   6.3900000e+02   2.0000053e+00
   6.4000000e+02   2.0000054e+00
   6.4100000e+02   2.0000055e+00
   6.4200000e+02   2.0000056e+00
   6.4300000e+02   2.0000057e+00
   6.4400000e+02   2.0000057e+00
   6.4500000e+02   2.0000057e+00
   6.4600000e+02   2.0000057e+00
   6.4700000e+02   2.0000057e+00
   6.4800000e+02   2.0000056e+00
   6.4900000e+02   2.0000055e+00
   6.5000000e+02   2.0000055e+00
   6.5100000e+02   2.0000053e+00
   6.5200000e+02   2.0000052e+00
   6.5300000e+02   2.0000051e+00
   6.5400000e+02   2.0000050e+00
   6.5500000e+02   2.0000048e+00
   6.5600000e+02   2.0000047e+00
   6.5700000e+02   2.0000045e+00
   6.5800000e+02   2.0000044e+00
   6.5900000e+02   2.0000042e+00
   6.6000000e+02   2.0000041e+00
   6.6100000e+02   2.0000039e+00
   6.6200000e+02   2.0000037e+00
   6.6300000e+02   2.0000036e+00
   6.6400000e+02   2.0000034e+00
   6.6500000e+02   2.0000032e+00
   6.6600000e+02   2.0000031e+00
   6.6700000e+02   2.0000029e+00
   6.6800000e+02   2.0000028e+00
   6.6900000e+02   2.0000026e+00
   6.7000000e+02   2.0000025e+00
   6.7100000e+02   2.0000023e+00
   6.7200000e+02   2.0000022e+00
   6.7300000e+02   2.0000020e+00
   6.7400000e+02   2.0000019e+00
   6.7500000e+02   2.0000018e+00
   6.7600000e+02   2.0000016e+00
   6.7700000e+02   2.0000015e+00
   6.7800000e+02   2.0000014e+00
   6.7900000e+02   2.0000013e+00
   6.8000000e+02   2.0000012e+00
   6.8100000e+02   2.0000011e+00
   6.8200000e+02   2.0000010e+00
   6.8300000e+02   2.0000009e+00
   6.8400000e+02   2.0000008e+00
   6.8500000e+02   2.0000007e+00
   6.8600000e+02   2.0000006e+00
   6.8700000e+02   2.0000006e+00
   6.8800000e+02   2.0000005e+00
   6.8900000e+02   2.0000004e+00
   6.9000000e+02   2.0000004e+00
   6.9100000e+02   2.0000003e+00
   6.9200000e+02   2.0000003e+00
   6.9300000e+02   2.0000002e+00
   6.9400000e+02   2.0000002e+00
   6.9500000e+02   2.0000001e+00
   6.9600000e+02   2.0000001e+00
   6.9700000e+02   2.0000000e+00
   6.9800000e+02   2.0000000e+00
   6.9900000e+02   2.0000000e+00
   7.0000000e+02   1.9999999e+00
   7.0100000e+02   1.9999999e+00
   7.0200000e+02   1.9999999e+00
   7.0300000e+02   1.9999999e+00
   7.0400000e+02   1.9999999e+00
   7.0500000e+02   1.9999998e+00
   7.0600000e+02   1.9999998e+00
   7.0700000e+02   1.9999998e+00
   7.0800000e+02   1.9999998e+00
   7.0900000e+02   1.9999998e+00
   7.1000000e+02   1.9999998e+00
   7.1100000e+02   1.9999998e+00
   7.1200000e+02   1.9999998e+00
   7.1300000e+02   1.9999998e+00
   7.1400000e+02   1.9999998e+00
   7.1500000e+02   1.9999998e+00
   7.1600000e+02   1.9999998e+00
   7.1700000e+02   1.9999998e+00
   7.1800000e+02   1.9999998e+00
   7.1900000e+02   1.9999998e+00
   7.2000000e+02   1.9999998e+00
   7.2100000e+02   1.9999998e+00
   7.2200000e+02   1.9999998e+00
   7.2300000e+02   1.9999998e+00
   7.2400000e+02   1.9999998e+00
   7.2500000e+02   1.9999998e+00
   7.2600000e+02   1.9999998e+00
   7.2700000e+02   1.9999998e+00
   7.2800000e+02   1.9999998e+00
   7.2900000e+02   1.9999998e+00
   7.3000000e+02   1.9999998e+00
   7.3100000e+02   1.9999998e+00
   7.3200000e+02   1.9999998e+00
   7.3300000e+02   1.9999998e+00
   7.3400000e+02   1.9999999e+00
   7.3500000e+02   1.9999999e+00
   7.3600000e+02   1.9999999e+00
   7.3700000e+02   1.9999999e+00
   7.3800000e+02   1.9999999e+00
   7.3900000e+02   1.9999999e+00
   7.4000000e+02   1.9999999e+00
   7.4100000e+02   1.9999999e+00
   7.4200000e+02   1.9999999e+00
   7.4300000e+02   1.9999999e+00
   7.4400000e+02   1.9999999e+00
   7.4500000e+02   1.9999999e+00
   7.4600000e+02   1.9999999e+00
   7.4700000e+02   1.9999999e+00
   7.4800000e+02   1.9999999e+00
   7.4900000e+02   1.9999999e+00
   7.5000000e+02   1.9999999e+00
   7.5100000e+02   2.0000000e+00
   7.5200000e+02   2.0000000e+00
   7.5300000e+02   2.0000000e+00
   7.5400000e+02   2.0000000e+00
   7.5500000e+02   2.0000000e+00
   7.5600000e+02   2.0000000e+00
   7.5700000e+02   2.0000000e+00
   7.5800000e+02   2.0000000e+00
   7.5900000e+02   2.0000000e+00
   7.6000000e+02   2.0000000e+00
   7.6100000e+02   2.0000000e+00
   7.6200000e+02   2.0000000e+00
   7.6300000e+02   2.0000000e+00
   7.6400000e+02   2.0000000e+00
   7.6500000e+02   2.0000000e+00
   7.6600000e+02   2.0000000e+00
   7.6700000e+02   2.0000000e+00
   7.6800000e+02   2.0000000e+00
   7.6900000e+02   2.0000000e+00
   7.7000000e+02   2.0000000e+00
   7.7100000e+02   2.0000000e+00
   7.7200000e+02   2.0000000e+00
   7.7300000e+02   2.0000000e+00
   7.7400000e+02   2.0000000e+00
   7.7500000e+02   2.0000000e+00
   7.7600000e+02   2.0000000e+00
   7.7700000e+02   2.0000000e+00
   7.7800000e+02   2.0000000e+00
   7.7900000e+02   2.0000000e+00
   7.8000000e+02   2.0000000e+00
   7.8100000e+02   2.0000000e+00
   7.8200000e+02   2.0000000e+00
   7.8300000e+02   2.0000000e+00
   7.8400000e+02   2.0000000e+00
   7.8500000e+02   2.0000000e+00
   7.8600000e+02   2.0000000e+00
   7.8700000e+02   2.0000000e+00
   7.8800000e+02   2.0000000e+00
   7.8900000e+02   2.0000000e+00
   7.9000000e+02   2.0000000e+00
   7.9100000e+02   2.0000000e+00
   7.9200000e+02   2.0000000e+00
   7.9300000e+02   2.0000000e+00
   7.9400000e+02   2.0000000e+00
   7.9500000e+02   2.0000000e+00
   7.9600000e+02   2.0000000e+00
   7.9700000e+02   2.0000000e+00
   7.9800000e+02   2.0000000e+00
   7.9900000e+02   2.0000000e+00
   8.0000000e+02   2.2500000e+00
   8.0100000e+02   2.0000000e+00
   8.0200000e+02   2.0450000e+00
   8.0300000e+02   2.0900000e+00
   8.0400000e+02   2.1350000e+00
   8.0500000e+02   2.1800000e+00
   8.0600000e+02   2.2250000e+00
   8.0700000e+02   2.2700000e+00
   8.0800000e+02   2.3150000e+00
   8.0900000e+02   2.3600000e+00
   8.1000000e+02   2.3876539e+00
   8.1100000e+02   2.4191304e+00
   8.1200000e+02   2.4646300e+00
   8.1300000e+02   2.5037066e+00
   8.1400000e+02   2.5372070e+00
   8.1500000e+02   2.5657787e+00
   8.1600000e+02   2.5899146e+00
   8.1700000e+02   2.6099879e+00
   8.1800000e+02   2.6262790e+00
   8.1900000e+02   2.6389963e+00
   8.2000000e+02   2.6494966e+00
   8.2100000e+02   2.6585633e+00
   8.2200000e+02   2.6648429e+00
   8.2300000e+02   2.6679392e+00
   8.2400000e+02   2.6687202e+00
   8.2500000e+02   2.6678331e+00
   8.2600000e+02   2.6657684e+00
   8.2700000e+02   2.6629074e+00
   8.2800000e+02   2.6595558e+00
   8.2900000e+02   2.6559689e+00
   8.3000000e+02   2.6522853e+00
   8.3100000e+02   2.6485110e+00
   8.3200000e+02   2.6447205e+00
   8.3300000e+02   2.6411140e+00
   8.3400000e+02   2.6378529e+00
   8.3500000e+02   2.6350019e+00
   8.3600000e+02   2.6325659e+00
   8.3700000e+02   2.6305137e+00
   8.3800000e+02   2.6287932e+00
   8.3900000e+02   2.6273394e+00
   8.4000000e+02   2.6260854e+00
   8.4100000e+02   2.6249766e+00
   8.4200000e+02   2.6239704e+00
   8.4300000e+02   2.6230197e+00
   8.4400000e+02   2.6220672e+00
   8.4500000e+02   2.6210538e+00
   8.4600000e+02   2.6199278e+00
   8.4700000e+02   2.6186488e+00
   8.4800000e+02   2.6171889e+00
   8.4900000e+02   2.6155321e+00
   8.5000000e+02   2.6136737e+00
   8.5100000e+02   2.6116171e+00
   8.5200000e+02   2.6093714e+00
   8.5300000e+02   2.6069500e+00
   8.5400000e+02   2.6043712e+00
   8.5500000e+02   2.6016581e+00
   8.5600000e+02   2.5988382e+00
   8.5700000e+02   2.5959418e+00
   8.5800000e+02   2.5929998e+00
   8.5900000e+02   2.5900430e+00
   8.6000000e+02   2.5871004e+00
   8.6100000e+02   2.5841988e+00
   8.6200000e+02   2.5813619e+00
   8.6300000e+02   2.5786107e+00
   8.6400000e+02   2.5759630e+00
   8.6500000e+02   2.5734334e+00
   8.6600000e+02   2.5710332e+00
   8.6700000e+02   2.5687701e+00
   8.6800000e+02   2.5666484e+00
   8.6900000e+02   2.5646695e+00
   8.7000000e+02   2.5628321e+00
   8.7100000e+02   2.5611326e+00
   8.7200000e+02   2.5595655e+00
   8.7300000e+02   2.5581242e+00
   8.7400000e+02   2.5568008e+00
   8.7500000e+02   2.5555867e+00
   8.7600000e+02   2.5544729e+00
   8.7700000e+02   2.5534505e+00
   8.7800000e+02   2.5525107e+00
   8.7900000e+02   2.5516450e+00
   8.8000000e+02   2.5508456e+00
   8.8100000e+02   2.5501055e+00
   8.8200000e+02   2.5494185e+00
   8.8300000e+02   2.5487792e+00
   8.8400000e+02   2.5481829e+00
   8.8500000e+02   2.5476260e+00
   8.8600000e+02   2.5471054e+00
   8.8700000e+02   2.5466189e+00
   8.8800000e+02   2.5461648e+00
   8.8900000e+02   2.5457418e+00
   8.9000000e+02   2.5453493e+00
   8.9100000e+02   2.5449867e+00
   8.9200000e+02   2.5446539e+00
   8.9300000e+02   2.5443507e+00
   8.9400000e+02   2.5440770e+00
   8.9500000e+02   2.5438327e+00
   8.9600000e+02   2.5436176e+00
   8.9700000e+02   2.5434314e+00
   8.9800000e+02   2.5432736e+00
   8.9900000e+02   2.5431435e+00
   9.0000000e+02   2.5430403e+00
   9.0100000e+02   2.5429629e+00
   9.0200000e+02   2.5429102e+00
   9.0300000e+02   2.5428806e+00
   9.0400000e+02   2.5428728e+00
   9.0500000e+02   2.5428850e+00
   9.0600000e+02   2.5429156e+00
   9.0700000e+02   2.5429627e+00
   9.0800000e+02   2.5430247e+00
   9.0900000e+02   2.5430997e+00
   9.1000000e+02   2.5431860e+00
   9.1100000e+02   2.5432819e+00
   9.1200000e+02   2.5433858e+00
   9.1300000e+02   2.5434962e+00
   9.1400000e+02   2.5436118e+00
   9.1500000e+02   2.5437312e+00
   9.1600000e+02   2.5438533e+00
   9.1700000e+02   2.5439772e+00
   9.1800000e+02   2.5441018e+00
   9.1900000e+02   2.5442265e+00
   9.2000000e+02   2.5443506e+00
   9.2100000e+02   2.5444736e+00
   9.2200000e+02   2.5445949e+00
   9.2300000e+02   2.5447143e+00
   9.2400000e+02   2.5448315e+00
   9.2500000e+02   2.5449462e+00
   9.2600000e+02   2.5450583e+00
   9.2700000e+02   2.5451677e+00
   9.2800000e+02   2.5452744e+00
   9.2900000e+02   2.5453781e+00
   9.3000000e+02   2.5454790e+00
   9.3100000e+02   2.5455770e+00
   9.3200000e+02   2.5456720e+00
   9.3300000e+02   2.5457641e+00
   9.3400000e+02   2.5458533e+00
   9.3500000e+02   2.5459396e+00
   9.3600000e+02   2.5460229e+00
   9.3700000e+02   2.5461032e+00
   9.3800000e+02   2.5461805e+00
   9.3900000e+02   2.5462549e+00
   9.4000000e+02   2.5463262e+00
   9.4100000e+02   2.5463946e+00
   9.4200000e+02   2.5464598e+00
   9.4300000e+02   2.5465221e+00
   9.4400000e+02   2.5465813e+00
   9.4500000e+02   2.5466375e+00
   9.4600000e+02   2.5466906e+00
   9.4700000e+02   2.5467408e+00
   9.4800000e+02   2.5467880e+00
   9.4900000e+02   2.5468322e+00
   9.5000000e+02   2.5468736e+00
   9.5100000e+02   2.5469122e+00
   9.5200000e+02   2.5469481e+00
   9.5300000e+02   2.5469812e+00
   9.5400000e+02   2.5470118e+00
   9.5500000e+02   2.5470400e+00
   9.5600000e+02   2.5470657e+00
   9.5700000e+02   2.5470892e+00
   9.5800000e+02   2.5471105e+00
   9.5900000e+02   2.5471297e+00
   9.6000000e+02   2.5471470e+00
   9.6100000e+02   2.5471624e+00
   9.6200000e+02   2.5471761e+00
   9.6300000e+02   2.5471882e+00
   9.6400000e+02   2.5471987e+00
   9.6500000e+02   2.5472078e+00
   9.6600000e+02   2.5472156e+00
   9.6700000e+02   2.5472222e+00
   9.6800000e+02   2.5472276e+00
   9.6900000e+02   2.5472319e+00
   9.7000000e+02   2.5472353e+00
   9.7100000e+02   2.5472378e+00
   9.7200000e+02   2.5472394e+00
   9.7300000e+02   2.5472403e+00
   9.7400000e+02   2.5472405e+00
   9.7500000e+02   2.5472400e+00
   9.7600000e+02   2.5472390e+00
   9.7700000e+02   2.5472374e+00
   9.7800000e+02   2.5472354e+00
   9.7900000e+02   2.5472329e+00
   9.8000000e+02   2.5472301e+00
   9.8100000e+02   2.5472269e+00
   9.8200000e+02   2.5472234e+00
   9.8300000e+02   2.5472196e+00
   9.8400000e+02   2.5472156e+00
   9.8500000e+02   2.5472114e+00
   9.8600000e+02   2.5472070e+00
   9.8700000e+02   2.5472025e+00
   9.8800000e+02   2.5471978e+00
   9.8900000e+02   2.5471931e+00
   9.9000000e+02   2.5471883e+00
   9.9100000e+02   2.5471835e+00
   9.9200000e+02   2.5471787e+00
   9.9300000e+02   2.5471738e+00
   9.9400000e+02   2.5471690e+00
   9.9500000e+02   2.5471643e+00
   9.9600000e+02   2.5471596e+00
   9.9700000e+02   2.5471549e+00
   9.9800000e+02   2.5471503e+00
   9.9900000e+02   2.5471459e+00
   1.0000000e+03   2.5471415e+00
   1.0010000e+03   2.5471373e+00
   1.0020000e+03   2.5471331e+00
   1.0030000e+03   2.5471291e+00
   1.0040000e+03   2.5471252e+00
   1.0050000e+03   2.5471215e+00
   1.0060000e+03   2.5471179e+00
   1.0070000e+03   2.5471144e+00
   1.0080000e+03   2.5471111e+00
   1.0090000e+03   2.5471079e+00
   1.0100000e+03   2.5471048e+00
   1.0110000e+03   2.5471019e+00
   1.0120000e+03   2.5470992e+00
   1.0130000e+03   2.5470965e+00
   1.0140000e+03   2.5470940e+00
   1.0150000e+03   2.5470917e+00
   1.0160000e+03   2.5470895e+00
   1.0170000e+03   2.5470874e+00
   1.0180000e+03   2.5470854e+00
   1.0190000e+03   2.5470835e+00
   1.0200000e+03   2.5470818e+00
   1.0210000e+03   2.5470802e+00
   1.0220000e+03   2.5470787e+00
   1.0230000e+03   2.5470773e+00
   1.0240000e+03   2.5470760e+00
   1.0250000e+03   2.5470748e+00
   1.0260000e+03   2.5470737e+00
   1.0270000e+03   2.5470726e+00
   1.0280000e+03   2.5470717e+00
   1.0290000e+03   2.5470709e+00
   1.0300000e+03   2.5470701e+00
   1.0310000e+03   2.5470694e+00
   1.0320000e+03   2.5470688e+00
   1.0330000e+03   2.5470682e+00
   1.0340000e+03   2.5470677e+00
   1.0350000e+03   2.5470673e+00
   1.0360000e+03   2.5470669e+00
   1.0370000e+03   2.5470666e+00
   1.0380000e+03   2.5470663e+00
   1.0390000e+03   2.5470661e+00
   1.0400000e+03   2.5470659e+00
   1.0410000e+03   2.5470658e+00
   1.0420000e+03   2.5470657e+00
   1.0430000e+03   2.5470656e+00
   1.0440000e+03   2.5470656e+00
   1.0450000e+03   2.5470656e+00
   1.0460000e+03   2.5470656e+00
   1.0470000e+03   2.5470657e+00
   1.0480000e+03   2.5470658e+00
   1.0490000e+03   2.5470658e+00
   1.0500000e+03   2.5470659e+00
   1.0510000e+03   2.5470661e+00
   1.0520000e+03   2.5470662e+00
   1.0530000e+03   2.5470664e+00
   1.0540000e+03   2.5470665e+00
   1.0550000e+03   2.5470667e+00
   1.0560000e+03   2.5470669e+00
   1.0570000e+03   2.5470671e+00
   1.0580000e+03   2.5470672e+00
   1.0590000e+03   2.5470674e+00
   1.0600000e+03   2.5470676e+00
   1.0610000e+03   2.5470678e+00
   1.0620000e+03   2.5470680e+00
   1.0630000e+03   2.5470682e+00
   1.0640000e+03   2.5470684e+00
   1.0650000e+03   2.5470686e+00
   1.0660000e+03   2.5470688e+00
   1.0670000e+03   2.5470690e+00
   1.0680000e+03   2.5470692e+00
   1.0690000e+03   2.5470694e+00
   1.0700000e+03   2.5470696e+00
   1.0710000e+03   2.5470697e+00
   1.0720000e+03   2.5470699e+00
   1.0730000e+03   2.5470701e+00
   1.0740000e+03   2.5470702e+00
   1.0750000e+03   2.5470704e+00
   1.0760000e+03   2.5470705e+00
   1.0770000e+03   2.5470707e+00
   1.0780000e+03   2.5470708e+00
   1.0790000e+03   2.5470710e+00
   1.0800000e+03   2.5470711e+00
   1.0810000e+03   2.5470712e+00
   1.0820000e+03   2.5470713e+00
   1.0830000e+03   2.5470714e+00
   1.0840000e+03   2.5470715e+00
   1.0850000e+03   2.5470716e+00
   1.0860000e+03   2.5470717e+00
   1.0870000e+03   2.5470718e+00
   1.0880000e+03   2.5470719e+00
   1.0890000e+03   2.5470720e+00
   1.0900000e+03   2.5470721e+00
   1.0910000e+03   2.5470721e+00
   1.0920000e+03   2.5470722e+00
   1.0930000e+03   2.5470723e+00
   1.0940000e+03   2.5470723e+00
   1.0950000e+03   2.5470724e+00
   1.0960000e+03   2.5470724e+00
   1.0970000e+03   2.5470725e+00
   1.0980000e+03   2.5470725e+00
   1.0990000e+03   2.5470725e+00
   1.1000000e+03   2.5470726e+00
   1.1010000e+03   2.5470726e+00
   1.1020000e+03   2.5470726e+00
   1.1030000e+03   2.5470727e+00
   1.1040000e+03   2.5470727e+00
   1.1050000e+03   2.5470727e+00
   1.1060000e+03   2.5470727e+00
   1.1070000e+03   2.5470727e+00
   1.1080000e+03   2.5470727e+00
   1.1090000e+03   2.5470728e+00
   1.1100000e+03   2.5470728e+00
   1.1110000e+03   2.5470728e+00
   1.1120000e+03   2.5470728e+00
   1.1130000e+03   2.5470728e+00
   1.1140000e+03   2.5470728e+00
   1.1150000e+03   2.5470728e+00
   1.1160000e+03   2.5470728e+00
   1.1170000e+03   2.5470728e+00
   1.1180000e+03   2.5470728e+00
   1.1190000e+03   2.5470728e+00
   1.1200000e+03   2.5470728e+00
   1.1210000e+03   2.5470728e+00
   1.1220000e+03   2.5470728e+00
   1.1230000e+03   2.5470728e+00
   1.1240000e+03   2.5470728e+00
   1.1250000e+03   2.5470727e+00
   1.1260000e+03   2.5470727e+00
   1.1270000e+03   2.5470727e+00
   1.1280000e+03   2.5470727e+00
   1.1290000e+03   2.5470727e+00
   1.1300000e+03   2.5470727e+00
   1.1310000e+03   2.5470727e+00
   1.1320000e+03   2.5470727e+00
   1.1330000e+03   2.5470727e+00
   1.1340000e+03   2.5470727e+00
   1.1350000e+03   2.5470727e+00
   1.1360000e+03   2.5470727e+00
   1.1370000e+03   2.5470727e+00
   1.1380000e+03   2.5470726e+00
   1.1390000e+03   2.5470726e+00
   1.1400000e+03   2.5470726e+00
   1.1410000e+03   2.5470726e+00
   1.1420000e+03   2.5470726e+00
   1.1430000e+03   2.5470726e+00
   1.1440000e+03   2.5470726e+00
   1.1450000e+03   2.5470726e+00
   1.1460000e+03   2.5470726e+00
   1.1470000e+03   2.5470726e+00
   1.1480000e+03   2.5470726e+00
   1.1490000e+03   2.5470726e+00
   1.1500000e+03   2.5470726e+00
   1.1510000e+03   2.5470726e+00
   1.1520000e+03   2.5470726e+00
   1.1530000e+03   2.5470726e+00
   1.1540000e+03   2.5470725e+00
   1.1550000e+03   2.5470725e+00
   1.1560000e+03   2.5470725e+00
   1.1570000e+03   2.5470725e+00
   1.1580000e+03   2.5470725e+00
   1.1590000e+03   2.5470725e+00
   1.1600000e+03   2.5470725e+00
   1.1610000e+03   2.5470725e+00
   1.1620000e+03   2.5470725e+00
   1.1630000e+03   2.5470725e+00
   1.1640000e+03   2.5470725e+00
   1.1650000e+03   2.5470725e+00
   1.1660000e+03   2.5470725e+00
   1.1670000e+03   2.5470725e+00
   1.1680000e+03   2.5470725e+00
   1.1690000e+03   2.5470725e+00
   1.1700000e+03   2.5470725e+00
   1.1710000e+03   2.5470725e+00
   1.1720000e+03   2.5470725e+00
   1.1730000e+03   2.5470725e+00
   1.1740000e+03   2.5470725e+00
   1.1750000e+03   2.5470725e+00
   1.1760000e+03   2.5470725e+00
   1.1770000e+03   2.5470725e+00
   1.1780000e+03   2.5470725e+00
   1.1790000e+03   2.5470725e+00
   1.1800000e+03   2.5470725e+00
   1.1810000e+03   2.5470725e+00
   1.1820000e+03   2.5470725e+00
   1.1830000e+03   2.5470725e+00
   1.1840000e+03   2.5470725e+00
   1.1850000e+03   2.5470725e+00
   1.1860000e+03   2.5470725e+00
   1.1870000e+03   2.5470725e+00
   1.1880000e+03   2.5470725e+00
   1.1890000e+03   2.5470725e+00
   1.1900000e+03   2.5470725e+00
   1.1910000e+03   2.5470725e+00
   1.1920000e+03   2.5470725e+00
   1.1930000e+03   2.5470725e+00
   1.1940000e+03   2.5470725e+00
   1.1950000e+03   2.5470725e+00
   1.1960000e+03   2.5470725e+00
   1.1970000e+03   2.5470725e+00
   1.1980000e+03   2.5470725e+00
   1.1990000e+03   2.5470725e+00
   1.2000000e+03   2.2970725e+00
   1.2010000e+03   2.5470725e+00
   1.2020000e+03   2.5170725e+00
   1.2030000e+03   2.4870725e+00
   1.2040000e+03   2.4570725e+00
   1.2050000e+03   2.4270725e+00
   1.2060000e+03   2.3970725e+00
   1.2070000e+03   2.3670725e+00
   1.2080000e+03   2.3370725e+00
   1.2090000e+03   2.3070725e+00
   1.2100000e+03   2.2944186e+00
   1.2110000e+03   2.2779421e+00
   1.2120000e+03   2.2464017e+00
   1.2130000e+03   2.2194322e+00
   1.2140000e+03   2.1964040e+00
   1.2150000e+03   2.1768350e+00
   1.2160000e+03   2.1603572e+00
   1.2170000e+03   2.1466914e+00
   1.2180000e+03   2.1356268e+00
   1.2190000e+03   2.1270060e+00
   1.2200000e+03   2.1195090e+00
   1.2210000e+03   2.1123780e+00
   1.2220000e+03   2.1070559e+00
   1.2230000e+03   2.1041346e+00
   1.2240000e+03   2.1029504e+00
   1.2250000e+03   2.1030104e+00
   1.2260000e+03   2.1039435e+00
   1.2270000e+03   2.1054643e+00
   1.2280000e+03   2.1073466e+00
   1.2290000e+03   2.1094047e+00
   1.2300000e+03   2.1115636e+00
   1.2310000e+03   2.1138771e+00
   1.2320000e+03   2.1163242e+00
   1.2330000e+03   2.1187411e+00
   1.2340000e+03   2.1209808e+00
   1.2350000e+03   2.1229764e+00
   1.2360000e+03   2.1247112e+00
   1.2370000e+03   2.1261992e+00
   1.2380000e+03   2.1274728e+00
   1.2390000e+03   2.1285750e+00
   1.2400000e+03   2.1295502e+00
   1.2410000e+03   2.1304291e+00
   1.2420000e+03   2.1312293e+00
   1.2430000e+03   2.1319724e+00
   1.2440000e+03   2.1326927e+00
   1.2450000e+03   2.1334296e+00
   1.2460000e+03   2.1342193e+00
   1.2470000e+03   2.1350914e+00
   1.2480000e+03   2.1360666e+00
   1.2490000e+03   2.1371573e+00
   1.2500000e+03   2.1383682e+00
   1.2510000e+03   2.1396981e+00
   1.2520000e+03   2.1411430e+00
   1.2530000e+03   2.1426970e+00
   1.2540000e+03   2.1443512e+00
   1.2550000e+03   2.1460932e+00
   1.2560000e+03   2.1479072e+00
   1.2570000e+03   2.1497753e+00
   1.2580000e+03   2.1516779e+00
   1.2590000e+03   2.1535959e+00
   1.2600000e+03   2.1555107e+00
   1.2610000e+03   2.1574052e+00
   1.2620000e+03   2.1592640e+00
   1.2630000e+03   2.1610735e+00
   1.2640000e+03   2.1628214e+00
   1.2650000e+03   2.1644978e+00
   1.2660000e+03   2.1660945e+00
   1.2670000e+03   2.1676056e+00
   1.2680000e+03   2.1690272e+00
   1.2690000e+03   2.1703577e+00
   1.2700000e+03   2.1715971e+00
   1.2710000e+03   2.1727469e+00
   1.2720000e+03   2.1738099e+00
   1.2730000e+03   2.1747899e+00
   1.2740000e+03   2.1756915e+00
   1.2750000e+03   2.1765197e+00
   1.2760000e+03   2.1772800e+00
   1.2770000e+03   2.1779781e+00
   1.2780000e+03   2.1786195e+00
   1.2790000e+03   2.1792098e+00
   1.2800000e+03   2.1797539e+00
   1.2810000e+03   2.1802567e+00
   1.2820000e+03   2.1807222e+00
   1.2830000e+03   2.1811543e+00
   1.2840000e+03   2.1815562e+00
   1.2850000e+03   2.1819304e+00
   1.2860000e+03   2.1822794e+00
   1.2870000e+03   2.1826047e+00
   1.2880000e+03   2.1829077e+00
   1.2890000e+03   2.1831896e+00
   1.2900000e+03   2.1834508e+00
   1.2910000e+03   2.1836921e+00
   1.2920000e+03   2.1839135e+00
   1.2930000e+03   2.1841155e+00
   1.2940000e+03   2.1842981e+00
   1.2950000e+03   2.1844614e+00
   1.2960000e+03   2.1846057e+00
   1.2970000e+03   2.1847312e+00
   1.2980000e+03   2.1848382e+00
   1.2990000e+03   2.1849272e+00
   1.3000000e+03   2.1849986e+00
   1.3010000e+03   2.1850531e+00
   1.3020000e+03   2.1850914e+00
   1.3030000e+03   2.1851145e+00
   1.3040000e+03   2.1851233e+00
   1.3050000e+03   2.1851188e+00
   1.3060000e+03   2.1851020e+00
   1.3070000e+03   2.1850741e+00
   1.3080000e+03   2.1850362e+00
   1.3090000e+03   2.1849895e+00
   1.3100000e+03   2.1849350e+00
   1.3110000e+03   2.1848740e+00
   1.3120000e+03   2.1848073e+00
   1.3130000e+03   2.1847360e+00
   1.3140000e+03   2.1846610e+00
   1.3150000e+03   2.1845832e+00
   1.3160000e+03   2.1845034e+00
   1.3170000e+03   2.1844221e+00
   1.3180000e+03   2.1843401e+00
   1.3190000e+03   2.1842578e+00
   1.3200000e+03   2.1841758e+00
   1.3210000e+03   2.1840944e+00
   1.3220000e+03   2.1840139e+00
   1.3230000e+03   2.1839345e+00
   1.3240000e+03   2.1838566e+00
   1.3250000e+03   2.1837803e+00
   1.3260000e+03   2.1837056e+00
   1.3270000e+03   2.1836327e+00
   1.3280000e+03   2.1835616e+00
   1.3290000e+03   2.1834925e+00
   1.3300000e+03   2.1834252e+00
   1.3310000e+03   2.1833599e+00
   1.3320000e+03   2.1832966e+00
   1.3330000e+03   2.1832352e+00
   1.3340000e+03   2.1831757e+00
   1.3350000e+03   2.1831183e+00
   1.3360000e+03   2.1830628e+00
   1.3370000e+03   2.1830093e+00
   1.3380000e+03   2.1829578e+00
   1.3390000e+03   2.1829082e+00
   1.3400000e+03   2.1828607e+00
   1.3410000e+03   2.1828152e+00
   1.3420000e+03   2.1827717e+00
   1.3430000e+03   2.1827302e+00
   1.3440000e+03   2.1826907e+00
   1.3450000e+03   2.1826532e+00
   1.3460000e+03   2.1826177e+00
   1.3470000e+03   2.1825842e+00
   1.3480000e+03   2.1825526e+00
   1.3490000e+03   2.1825230e+00
   1.3500000e+03   2.1824952e+00
   1.3510000e+03   2.1824694e+00
   1.3520000e+03   2.1824453e+00
   1.3530000e+03   2.1824230e+00
   1.3540000e+03   2.1824024e+00
   1.3550000e+03   2.1823834e+00
   1.3560000e+03   2.1823661e+00
   1.3570000e+03   2.1823502e+00
   1.3580000e+03   2.1823358e+00
   1.3590000e+03   2.1823228e+00
   1.3600000e+03   2.1823110e+00
   1.3610000e+03   2.1823005e+00
   1.3620000e+03   2.1822912e+00
   1.3630000e+03   2.1822830e+00
   1.3640000e+03   2.1822758e+00
   1.3650000e+03   2.1822695e+00
   1.3660000e+03   2.1822642e+00
   1.3670000e+03   2.1822596e+00
   1.3680000e+03   2.1822559e+00
   1.3690000e+03   2.1822529e+00
   1.3700000e+03   2.1822505e+00
   1.3710000e+03   2.1822487e+00
   1.3720000e+03   2.1822475e+00
   1.3730000e+03   2.1822468e+00
   1.3740000e+03   2.1822466e+00
   1.3750000e+03   2.1822468e+00
   1.3760000e+03   2.1822474e+00
   1.3770000e+03   2.1822483e+00
   1.3780000e+03   2.1822496e+00
   1.3790000e+03   2.1822512e+00
   1.3800000e+03   2.1822530e+00
   1.3810000e+03   2.1822551e+00
   1.3820000e+03   2.1822573e+00
   1.3830000e+03   2.1822598e+00
   1.3840000e+03   2.1822624e+00
   1.3850000e+03   2.1822652e+00
   1.3860000e+03   2.1822680e+00
   1.3870000e+03   2.1822710e+00
   1.3880000e+03   2.1822741e+00
   1.3890000e+03   2.1822772e+00
   1.3900000e+03   2.1822803e+00
   1.3910000e+03   2.1822835e+00
   1.3920000e+03   2.1822867e+00
   1.3930000e+03   2.1822899e+00
   1.3940000e+03   2.1822930e+00
   1.3950000e+03   2.1822962e+00
   1.3960000e+03   2.1822993e+00
   1.3970000e+03   2.1823024e+00
   1.3980000e+03   2.1823054e+00
   1.3990000e+03   2.1823084e+00
   1.4000000e+03   2.1823113e+00
   1.4010000e+03   2.1823141e+00
   1.4020000e+03   2.1823168e+00
   1.4030000e+03   2.1823195e+00
   1.4040000e+03   2.1823221e+00
   1.4050000e+03   2.1823246e+00
   1.4060000e+03   2.1823270e+00
   1.4070000e+03   2.1823293e+00
   1.4080000e+03   2.1823315e+00
   1.4090000e+03   2.1823337e+00
   1.4100000e+03   2.1823357e+00
   1.4110000e+03   2.1823376e+00
   1.4120000e+03   2.1823395e+00
   1.4130000e+03   2.1823412e+00
   1.4140000e+03   2.1823429e+00
   1.4150000e+03   2.1823445e+00
   1.4160000e+03   2.1823460e+00
   1.4170000e+03   2.1823474e+00
   1.4180000e+03   2.1823487e+00
   1.4190000e+03   2.1823499e+00
   1.4200000e+03   2.1823511e+00
   1.4210000e+03   2.1823522e+00
   1.4220000e+03   2.1823532e+00
   1.4230000e+03   2.1823541e+00
   1.4240000e+03   2.1823550e+00
   1.4250000e+03   2.1823558e+00
   1.4260000e+03   2.1823566e+00
   1.4270000e+03   2.1823573e+00
   1.4280000e+03   2.1823579e+00
   1.4290000e+03   2.1823585e+00
   1.4300000e+03   2.1823590e+00
   1.4310000e+03   2.1823594e+00
   1.4320000e+03   2.1823599e+00
   1.4330000e+03   2.1823602e+00
   1.4340000e+03   2.1823606e+00
   1.4350000e+03   2.1823609e+00
   1.4360000e+03   2.1823611e+00
   1.4370000e+03   2.1823613e+00
   1.4380000e+03   2.1823615e+00
   1.4390000e+03   2.1823617e+00
   1.4400000e+03   2.1823618e+00
   1.4410000e+03   2.1823619e+00
   1.4420000e+03   2.1823620e+00
   1.4430000e+03   2.1823620e+00
   1.4440000e+03   2.1823620e+00
   1.4450000e+03   2.1823621e+00
   1.4460000e+03   2.1823620e+00
   1.4470000e+03   2.1823620e+00
   1.4480000e+03   2.1823620e+00
   1.4490000e+03   2.1823619e+00
   1.4500000e+03   2.1823618e+00
   1.4510000e+03   2.1823618e+00
   1.4520000e+03   2.1823617e+00
   1.4530000e+03   2.1823616e+00
   1.4540000e+03   2.1823615e+00
   1.4550000e+03   2.1823614e+00
   1.4560000e+03   2.1823613e+00
   1.4570000e+03   2.1823611e+00
   1.4580000e+03   2.1823610e+00
   1.4590000e+03   2.1823609e+00
   1.4600000e+03   2.1823608e+00
   1.4610000e+03   2.1823606e+00
   1.4620000e+03   2.1823605e+00
   1.4630000e+03   2.1823604e+00
   1.4640000e+03   2.1823602e+00
   1.4650000e+03   2.1823601e+00
   1.4660000e+03   2.1823600e+00
   1.4670000e+03   2.1823598e+00
   1.4680000e+03   2.1823597e+00
   1.4690000e+03   2.1823596e+00
   1.4700000e+03   2.1823595e+00
   1.4710000e+03   2.1823594e+00
   1.4720000e+03   2.1823592e+00
   1.4730000e+03   2.1823591e+00
   1.4740000e+03   2.1823590e+00
   1.4750000e+03   2.1823589e+00
   1.4760000e+03   2.1823588e+00
   1.4770000e+03   2.1823587e+00
   1.4780000e+03   2.1823586e+00
   1.4790000e+03   2.1823585e+00
   1.4800000e+03   2.1823585e+00
   1.4810000e+03   2.1823584e+00
   1.4820000e+03   2.1823583e+00
   1.4830000e+03   2.1823582e+00
   1.4840000e+03   2.1823582e+00
   1.4850000e+03   2.1823581e+00
   1.4860000e+03   2.1823580e+00
   1.4870000e+03   2.1823580e+00
   1.4880000e+03   2.1823579e+00
   1.4890000e+03   2.1823578e+00
   1.4900000e+03   2.1823578e+00
   1.4910000e+03   2.1823578e+00
   1.4920000e+03   2.1823577e+00
   1.4930000e+03   2.1823577e+00
   1.4940000e+03   2.1823576e+00
   1.4950000e+03   2.1823576e+00
   1.4960000e+03   2.1823576e+00
   1.4970000e+03   2.1823575e+00
   1.4980000e+03   2.1823575e+00
   1.4990000e+03   2.1823575e+00
   1.5000000e+03   2.1823575e+00
   1.5010000e+03   2.1823574e+00
   1.5020000e+03   2.1823574e+00
   1.5030000e+03   2.1823574e+00
   1.5040000e+03   2.1823574e+00
   1.5050000e+03   2.1823574e+00
   1.5060000e+03   2.1823574e+00
   1.5070000e+03   2.1823574e+00
   1.5080000e+03   2.1823573e+00
   1.5090000e+03   2.1823573e+00
   1.5100000e+03   2.1823573e+00
   1.5110000e+03   2.1823573e+00
   1.5120000e+03   2.1823573e+00
   1.5130000e+03   2.1823573e+00
   1.5140000e+03   2.1823573e+00
   1.5150000e+03   2.1823573e+00
   1.5160000e+03   2.1823573e+00
   1.5170000e+03   2.1823573e+00
   1.5180000e+03   2.1823573e+00
   1.5190000e+03   2.1823573e+00
   1.5200000e+03   2.1823573e+00
   1.5210000e+03   2.1823573e+00
   1.5220000e+03   2.1823573e+00
   1.5230000e+03   2.1823573e+00
   1.5240000e+03   2.1823573e+00
   1.5250000e+03   2.1823573e+00
   1.5260000e+03   2.1823573e+00
   1.5270000e+03   2.1823573e+00
   1.5280000e+03   2.1823574e+00
   1.5290000e+03   2.1823574e+00
   1.5300000e+03   2.1823574e+00
   1.5310000e+03   2.1823574e+00
   1.5320000e+03   2.1823574e+00
   1.5330000e+03   2.1823574e+00
   1.5340000e+03   2.1823574e+00
   1.5350000e+03   2.1823574e+00
   1.5360000e+03   2.1823574e+00
   1.5370000e+03   2.1823574e+00
   1.5380000e+03   2.1823574e+00
   1.5390000e+03   2.1823574e+00
   1.5400000e+03   2.1823574e+00
   1.5410000e+03   2.1823574e+00
   1.5420000e+03   2.1823574e+00
   1.5430000e+03   2.1823574e+00
   1.5440000e+03   2.1823574e+00
   1.5450000e+03   2.1823574e+00
   1.5460000e+03   2.1823574e+00
   1.5470000e+03   2.1823574e+00
   1.5480000e+03   2.1823575e+00
   1.5490000e+03   2.1823575e+00
   1.5500000e+03   2.1823575e+00
   1.5510000e+03   2.1823575e+00
   1.5520000e+03   2.1823575e+00
   1.5530000e+03   2.1823575e+00
   1.5540000e+03   2.1823575e+00
   1.5550000e+03   2.1823575e+00
   1.5560000e+03   2.1823575e+00
   1.5570000e+03   2.1823575e+00
   1.5580000e+03   2.1823575e+00
   1.5590000e+03   2.1823575e+00
   1.5600000e+03   2.1823575e+00
   1.5610000e+03   2.1823575e+00
   1.5620000e+03   2.1823575e+00
   1.5630000e+03   2.1823575e+00
   1.5640000e+03   2.1823575e+00
   1.5650000e+03   2.1823575e+00
   1.5660000e+03   2.1823575e+00
   1.5670000e+03   2.1823575e+00
   1.5680000e+03   2.1823575e+00
   1.5690000e+03   2.1823575e+00
   1.5700000e+03   2.1823575e+00
   1.5710000e+03   2.1823575e+00
   1.5720000e+03   2.1823575e+00
   1.5730000e+03   2.1823575e+00
   1.5740000e+03   2.1823575e+00
   1.5750000e+03   2.1823575e+00
   1.5760000e+03   2.1823575e+00
   1.5770000e+03   2.1823575e+00
   1.5780000e+03   2.1823575e+00
   1.5790000e+03   2.1823575e+00
   1.5800000e+03   2.1823575e+00
   1.5810000e+03   2.1823575e+00
   1.5820000e+03   2.1823575e+00
   1.5830000e+03   2.1823575e+00
   1.5840000e+03   2.1823575e+00
   1.5850000e+03   2.1823575e+00
   1.5860000e+03   2.1823575e+00
   1.5870000e+03   2.1823575e+00
   1.5880000e+03   2.1823575e+00
   1.5890000e+03   2.1823575e+00
   1.5900000e+03   2.1823575e+00
   1.5910000e+03   2.1823575e+00
   1.5920000e+03   2.1823575e+00
   1.5930000e+03   2.1823575e+00
   1.5940000e+03   2.1823575e+00
   1.5950000e+03   2.1823575e+00
   1.5960000e+03   2.1823575e+00
   1.5970000e+03   2.1823575e+00
   1.5980000e+03   2.1823575e+00
   1.5990000e+03   2.1823575e+00
   1.6000000e+03   2.1823575e+00
