   1.0000000e+00   2.0000000e+00
   2.0000000e+00   2.0000000e+00
   3.0000000e+00   2.0000000e+00
   4.0000000e+00   2.0000000e+00
   5.0000000e+00   2.0000000e+00
   6.0000000e+00   2.0000000e+00
   7.0000000e+00   2.0000000e+00
   8.0000000e+00   2.0000000e+00
   9.0000000e+00   2.0000000e+00
   1.0000000e+01   2.0000000e+00
   1.1000000e+01   2.0000000e+00
   1.2000000e+01   2.8000000e+00
   1.3000000e+01   2.5500000e+00
   1.4000000e+01   2.6816489e+00
   1.5000000e+01   2.8000000e+00
   1.6000000e+01   2.8000000e+00
   1.7000000e+01   2.8000000e+00
   1.8000000e+01   2.8000000e+00
   1.9000000e+01   2.8000000e+00
   2.0000000e+01   2.8000000e+00
   2.1000000e+01   2.8000000e+00
   2.2000000e+01   2.8000000e+00
   2.3000000e+01   2.7707341e+00
   2.4000000e+01   2.7709631e+00
   2.5000000e+01   2.7491147e+00
   2.6000000e+01   2.7234250e+00
   2.7000000e+01   2.7066151e+00
   2.8000000e+01   2.6954902e+00
   2.9000000e+01   2.6876221e+00
   3.0000000e+01   2.6811766e+00
   3.1000000e+01   2.6747796e+00
   3.2000000e+01   2.6674126e+00
   3.3000000e+01   2.6623193e+00
   3.4000000e+01   2.6580932e+00
   3.5000000e+01   2.6534501e+00
   3.6000000e+01   2.6512633e+00
   3.7000000e+01   2.6501878e+00
   3.8000000e+01   2.6480435e+00
   3.9000000e+01   2.6437297e+00
   4.0000000e+01   2.6368707e+00
   4.1000000e+01   2.6275670e+00
   4.2000000e+01   2.6162221e+00
   4.3000000e+01   2.6028798e+00
   4.4000000e+01   2.5873785e+00
   4.5000000e+01   2.5699279e+00
   4.6000000e+01   2.5504783e+00
   4.7000000e+01   2.5288137e+00
   4.8000000e+01   2.5052016e+00
   4.9000000e+01   2.4802863e+00
   5.0000000e+01   2.4548169e+00
   5.1000000e+01   2.4294919e+00
   5.2000000e+01   2.4048769e+00
   5.3000000e+01   2.3814422e+00
   5.4000000e+01   2.3596529e+00
   5.5000000e+01   2.3399491e+00
   5.6000000e+01   2.3227423e+00
   5.7000000e+01   2.3084762e+00
   5.8000000e+01   2.2975801e+00
   5.9000000e+01   2.2903622e+00
   6.0000000e+01   2.2869645e+00
   6.1000000e+01   2.2873755e+00
   6.2000000e+01   2.2914687e+00
   6.3000000e+01   2.2990384e+00
   6.4000000e+01   2.3098129e+00
   6.5000000e+01   2.3234571e+00
   6.6000000e+01   2.3395770e+00
   6.7000000e+01   2.3577154e+00
   6.8000000e+01   2.3773471e+00
   6.9000000e+01   2.3978944e+00
   7.0000000e+01   2.4187601e+00
   7.1000000e+01   2.4393606e+00
   7.2000000e+01   2.4591490e+00
   7.3000000e+01   2.4776275e+00
   7.4000000e+01   2.4943539e+00
   7.5000000e+01   2.5089471e+00
   7.6000000e+01   2.5210929e+00
   7.7000000e+01   2.5305512e+00
   7.8000000e+01   2.5371654e+00
   7.9000000e+01   2.5408701e+00
   8.0000000e+01   2.5416945e+00
   8.1000000e+01   2.5397577e+00
   8.2000000e+01   2.5352591e+00
   8.3000000e+01   2.5284664e+00
   8.4000000e+01   2.5197046e+00
   8.5000000e+01   2.5093437e+00
   8.6000000e+01   2.4977885e+00
   8.7000000e+01   2.4854658e+00
   8.8000000e+01   2.4728124e+00
   8.9000000e+01   2.4602608e+00
   9.0000000e+01   2.4482243e+00
   9.1000000e+01   2.4370834e+00
   9.2000000e+01   2.4271743e+00
   9.3000000e+01   2.4187793e+00
   9.4000000e+01   2.4121212e+00
   9.5000000e+01   2.4073582e+00
   9.6000000e+01   2.4045815e+00
   9.7000000e+01   2.4038146e+00
   9.8000000e+01   2.4050140e+00
   9.9000000e+01   2.4080723e+00
   1.0000000e+02   2.4128234e+00
   1.0100000e+02   2.4190497e+00
   1.0200000e+02   2.4264913e+00
   1.0300000e+02   2.4348556e+00
   1.0400000e+02   2.4438287e+00
   1.0500000e+02   2.4530857e+00
   1.0600000e+02   2.4623015e+00
   1.0700000e+02   2.4711614e+00
   1.0800000e+02   2.4793712e+00
   1.0900000e+02   2.4866657e+00
   1.1000000e+02   2.4928172e+00
   1.1100000e+02   2.4976421e+00
   1.1200000e+02   2.5010055e+00
   1.1300000e+02   2.5028246e+00
   1.1400000e+02   2.5030695e+00
   1.1500000e+02   2.5017633e+00
   1.1600000e+02   2.4989795e+00
   1.1700000e+02   2.4948384e+00
   1.1800000e+02   2.4895023e+00
   1.1900000e+02   2.4831688e+00
   1.2000000e+02   2.4760637e+00
   1.2100000e+02   2.4684328e+00
   1.2200000e+02   2.4605338e+00
   1.2300000e+02   2.4526267e+00
   1.2400000e+02   2.4449664e+00
   1.2500000e+02   2.4377936e+00
   1.2600000e+02   2.4313278e+00
   1.2700000e+02   2.4257607e+00
   1.2800000e+02   2.4212507e+00
   1.2900000e+02   2.4179184e+00
   1.3000000e+02   2.4158438e+00
   1.3100000e+02   2.4150646e+00
   1.3200000e+02   2.4155761e+00
   1.3300000e+02   2.4173321e+00
   1.3400000e+02   2.4202478e+00
   1.3500000e+02   2.4242034e+00
   1.3600000e+02   2.4290484e+00
   1.3700000e+02   2.4346079e+00
   1.3800000e+02   2.4406881e+00
   1.3900000e+02   2.4470835e+00
   1.4000000e+02   2.4535837e+00
   1.4100000e+02   2.4599799e+00
   1.4200000e+02   2.4660721e+00
   1.4300000e+02   2.4716749e+00
   1.4400000e+02   2.4766233e+00
   1.4500000e+02   2.4807773e+00
   1.4600000e+02   2.4840260e+00
   1.4700000e+02   2.4862901e+00
   1.4800000e+02   2.4875239e+00
   1.4900000e+02   2.4877158e+00
   1.5000000e+02   2.4868877e+00
   1.5100000e+02   2.4850937e+00
   1.5200000e+02   2.4824172e+00
   1.5300000e+02   2.4789678e+00
   1.5400000e+02   2.4748768e+00
   1.5500000e+02   2.4702928e+00
   1.5600000e+02   2.4653761e+00
   1.5700000e+02   2.4602933e+00
   1.5800000e+02   2.4552122e+00
   1.5900000e+02   2.4502958e+00
   1.6000000e+02   2.4456977e+00
   1.6100000e+02   2.4415571e+00
   1.6200000e+02   2.4379948e+00
   1.6300000e+02   2.4351098e+00
   1.6400000e+02   2.4329767e+00
   1.6500000e+02   2.4316440e+00
   1.6600000e+02   2.4311331e+00
   1.6700000e+02   2.4314383e+00
   1.6800000e+02   2.4325281e+00
   1.6900000e+02   2.4343462e+00
   1.7000000e+02   2.4368146e+00
   1.7100000e+02   2.4398363e+00
   1.7200000e+02   2.4432990e+00
   1.7300000e+02   2.4470792e+00
   1.7400000e+02   2.4510465e+00
   1.7500000e+02   2.4550678e+00
   1.7600000e+02   2.4590117e+00
   1.7700000e+02   2.4627530e+00
   1.7800000e+02   2.4661759e+00
   1.7900000e+02   2.4691782e+00
   1.8000000e+02   2.4716740e+00
   1.8100000e+02   2.4735956e+00
   1.8200000e+02   2.4748960e+00
   1.8300000e+02   2.4755492e+00
   1.8400000e+02   2.4755507e+00
   1.8500000e+02   2.4749174e+00
   1.8600000e+02   2.4736859e+00
   1.8700000e+02   2.4719115e+00
   1.8800000e+02   2.4696652e+00
   1.8900000e+02   2.4670316e+00
   1.9000000e+02   2.4641055e+00
   1.9100000e+02   2.4609889e+00
   1.9200000e+02   2.4577869e+00
   1.9300000e+02   2.4546050e+00
   1.9400000e+02   2.4515453e+00
   1.9500000e+02   2.4487030e+00
   1.9600000e+02   2.4461643e+00
   1.9700000e+02   2.4440031e+00
   1.9800000e+02   2.4422793e+00
   1.9900000e+02   2.4410372e+00
   2.0000000e+02   2.4403045e+00
   2.0100000e+02   2.4400916e+00
   2.0200000e+02   2.4403922e+00
   2.0300000e+02   2.4411833e+00
   2.0400000e+02   2.4424270e+00
   2.0500000e+02   2.4440715e+00
   2.0600000e+02   2.4460537e+00
   2.0700000e+02   2.4483011e+00
   2.0800000e+02   2.4507346e+00
   2.0900000e+02   2.4532712e+00
   2.1000000e+02   2.4558266e+00
   2.1100000e+02   2.4583182e+00
   2.1200000e+02   2.4606674e+00
   2.1300000e+02   2.4628024e+00
   2.1400000e+02   2.4646601e+00
   2.1500000e+02   2.4661879e+00
   2.1600000e+02   2.4673451e+00
   2.1700000e+02   2.4681042e+00
   2.1800000e+02   2.4684511e+00
   2.1900000e+02   2.4683852e+00
   2.2000000e+02   2.4679194e+00
   2.2100000e+02   2.4670791e+00
   2.2200000e+02   2.4659009e+00
   2.2300000e+02   2.4644315e+00
   2.2400000e+02   2.4627258e+00
   2.2500000e+02   2.4608447e+00
   2.2600000e+02   2.4588534e+00
   2.2700000e+02   2.4568187e+00
   2.2800000e+02   2.4548072e+00
   2.2900000e+02   2.4528830e+00
   2.3000000e+02   2.4511059e+00
   2.3100000e+02   2.4495291e+00
   2.3200000e+02   2.4481982e+00
   2.3300000e+02   2.4471496e+00
   2.3400000e+02   2.4464098e+00
   2.3500000e+02   2.4459944e+00
   2.3600000e+02   2.4459086e+00
   2.3700000e+02   2.4461464e+00
   2.3800000e+02   2.4466918e+00
   2.3900000e+02   2.4475193e+00
   2.4000000e+02   2.4485950e+00
   2.4100000e+02   2.4498776e+00
   2.4200000e+02   2.4513207e+00
   2.4300000e+02   2.4528735e+00
   2.4400000e+02   2.4544833e+00
   2.4500000e+02   2.4560967e+00
   2.4600000e+02   2.4576617e+00
   2.4700000e+02   2.4591292e+00
   2.4800000e+02   2.4604545e+00
   2.4900000e+02   2.4615986e+00
   2.5000000e+02   2.4625293e+00
   2.5100000e+02   2.4632223e+00
   2.5200000e+02   2.4636614e+00
   2.5300000e+02   2.4638390e+00
   2.5400000e+02   2.4637562e+00
   2.5500000e+02   2.4634225e+00
   2.5600000e+02   2.4628549e+00
   2.5700000e+02   2.4620780e+00
   2.5800000e+02   2.4611221e+00
   2.5900000e+02   2.4600225e+00
   2.6000000e+02   2.4588186e+00
   2.6100000e+02   2.4575516e+00
   2.6200000e+02   2.4562640e+00
   2.6300000e+02   2.4549979e+00
   2.6400000e+02   2.4537933e+00
   2.6500000e+02   2.4526875e+00
   2.6600000e+02   2.4517135e+00
   2.6700000e+02   2.4508993e+00
   2.6800000e+02   2.4502669e+00
   2.6900000e+02   2.4498320e+00
   2.7000000e+02   2.4496035e+00
   2.7100000e+02   2.4495833e+00
   2.7200000e+02   2.4497667e+00
   2.7300000e+02   2.4501426e+00
   2.7400000e+02   2.4506939e+00
   2.7500000e+02   2.4513983e+00
   2.7600000e+02   2.4522291e+00
   2.7700000e+02   2.4531564e+00
   2.7800000e+02   2.4541477e+00
   2.7900000e+02   2.4551696e+00
   2.8000000e+02   2.4561883e+00
   2.8100000e+02   2.4571712e+00
   2.8200000e+02   2.4580876e+00
   2.8300000e+02   2.4589095e+00
   2.8400000e+02   2.4596132e+00
   2.8500000e+02   2.4601789e+00
   2.8600000e+02   2.4605921e+00
   2.8700000e+02   2.4608433e+00
   2.8800000e+02   2.4609288e+00
   2.8900000e+02   2.4608500e+00
   2.9000000e+02   2.4606137e+00
   2.9100000e+02   2.4602316e+00
   2.9200000e+02   2.4597198e+00
   2.9300000e+02   2.4590982e+00
   2.9400000e+02   2.4583895e+00
   2.9500000e+02   2.4576189e+00
   2.9600000e+02   2.4568127e+00
   2.9700000e+02   2.4559978e+00
   2.9800000e+02   2.4552007e+00
   2.9900000e+02   2.4544465e+00
   3.0000000e+02   2.4537585e+00
   3.0100000e+02   2.4531570e+00
   3.0200000e+02   2.4526592e+00
   3.0300000e+02   2.4522783e+00
   3.0400000e+02   2.4520238e+00
   3.0500000e+02   2.4519003e+00
   3.0600000e+02   2.4519086e+00
   3.0700000e+02   2.4520450e+00
   3.0800000e+02   2.4523017e+00
   3.0900000e+02   2.4526673e+00
   3.1000000e+02   2.4531274e+00
   3.1100000e+02   2.4536645e+00
   3.1200000e+02   2.4542595e+00
   3.1300000e+02   2.4548917e+00
   3.1400000e+02   2.4555397e+00
   3.1500000e+02   2.4561824e+00
   3.1600000e+02   2.4567991e+00
   3.1700000e+02   2.4573707e+00
   3.1800000e+02   2.4578799e+00
   3.1900000e+02   2.4583120e+00
   3.2000000e+02   2.4586551e+00
   3.2100000e+02   2.4589005e+00
   3.2200000e+02   2.4590427e+00
   3.2300000e+02   2.4590798e+00
   3.2400000e+02   2.4590135e+00
   3.2500000e+02   2.4588484e+00
   3.2600000e+02   2.4585926e+00
   3.2700000e+02   2.4582565e+00
   3.2800000e+02   2.4578530e+00
   3.2900000e+02   2.4573969e+00
   3.3000000e+02   2.4569043e+00
   3.3100000e+02   2.4563919e+00
   3.3200000e+02   2.4558768e+00
   3.3300000e+02   2.4553755e+00
   3.3400000e+02   2.4549039e+00
   3.3500000e+02   2.4544764e+00
   3.3600000e+02   2.4541055e+00
   3.3700000e+02   2.4538019e+00
   3.3800000e+02   2.4535734e+00
   3.3900000e+02   2.4534255e+00
   3.4000000e+02   2.4533609e+00
   3.4100000e+02   2.4533795e+00
   3.4200000e+02   2.4534786e+00
   3.4300000e+02   2.4536528e+00
   3.4400000e+02   2.4538946e+00
   3.4500000e+02   2.4541945e+00
   3.4600000e+02   2.4545413e+00
   3.4700000e+02   2.4549227e+00
   3.4800000e+02   2.4553255e+00
   3.4900000e+02   2.4557361e+00
   3.5000000e+02   2.4561411e+00
   3.5100000e+02   2.4565277e+00
   3.5200000e+02   2.4568839e+00
   3.5300000e+02   2.4571990e+00
   3.5400000e+02   2.4574639e+00
   3.5500000e+02   2.4576714e+00
   3.5600000e+02   2.4578163e+00
   3.5700000e+02   2.4578956e+00
   3.5800000e+02   2.4579084e+00
   3.5900000e+02   2.4578560e+00
   3.6000000e+02   2.4577419e+00
   3.6100000e+02   2.4575712e+00
   3.6200000e+02   2.4573509e+00
   3.6300000e+02   2.4570894e+00
   3.6400000e+02   2.4567963e+00
   3.6500000e+02   2.4564816e+00
   3.6600000e+02   2.4561562e+00
   3.6700000e+02   2.4558308e+00
   3.6800000e+02   2.4555159e+00
   3.6900000e+02   2.4552212e+00
   3.7000000e+02   2.4549559e+00
   3.7100000e+02   2.4547276e+00
   3.7200000e+02   2.4545427e+00
   3.7300000e+02   2.4544061e+00
   3.7400000e+02   2.4543210e+00
   3.7500000e+02   2.4542886e+00
   3.7600000e+02   2.4543088e+00
   3.7700000e+02   2.4543795e+00
   3.7800000e+02   2.4544970e+00
   3.7900000e+02   2.4546565e+00
   3.8000000e+02   2.4548517e+00
   3.8100000e+02   2.4550753e+00
   3.8200000e+02   2.4553195e+00
   3.8300000e+02   2.4555759e+00
   3.8400000e+02   2.4558358e+00
   3.8500000e+02   2.4560909e+00
   3.8600000e+02   2.4563330e+00
   3.8700000e+02   2.4565547e+00
   3.8800000e+02   2.4567494e+00
   3.8900000e+02   2.4569116e+00
   3.9000000e+02   2.4570367e+00
   3.9100000e+02   2.4571218e+00
   3.9200000e+02   2.4571652e+00
   3.9300000e+02   2.4571666e+00
   3.9400000e+02   2.4571269e+00
   3.9500000e+02   2.4570486e+00
   3.9600000e+02   2.4569351e+00
   3.9700000e+02   2.4567911e+00
   3.9800000e+02   2.4566219e+00
   3.9900000e+02   2.4564336e+00
   4.0000000e+02   2.2064336e+00
   4.0100000e+02   2.4564336e+00
   4.0200000e+02   2.3245793e+00
   4.0300000e+02   2.1927327e+00
   4.0400000e+02   2.0608998e+00
   4.0500000e+02   1.9290864e+00
   4.0600000e+02   1.7972971e+00
   4.0700000e+02   1.6655359e+00
   4.0800000e+02   1.5338057e+00
   4.0900000e+02   1.4021082e+00
   4.1000000e+02   1.3044815e+00
   4.1100000e+02   1.2000000e+00
   4.1200000e+02   1.2000000e+00
   4.1300000e+02   1.2000000e+00
   4.1400000e+02   1.2000000e+00
   4.1500000e+02   1.2000000e+00
   4.1600000e+02   1.2000000e+00
   4.1700000e+02   1.2210567e+00
   4.1800000e+02   1.2655044e+00
   4.1900000e+02   1.3329016e+00
   4.2000000e+02   1.4184450e+00
   4.2100000e+02   1.5194566e+00
   4.2200000e+02   1.6235133e+00
   4.2300000e+02   1.7201445e+00
   4.2400000e+02   1.8127289e+00
   4.2500000e+02   1.9038131e+00
   4.2600000e+02   1.9953000e+00
   4.2700000e+02   2.0857258e+00
   4.2800000e+02   2.1706619e+00
   4.2900000e+02   2.2457351e+00
   4.3000000e+02   2.3074922e+00
   4.3100000e+02   2.3534840e+00
   4.3200000e+02   2.3831809e+00
   4.3300000e+02   2.3986752e+00
   4.3400000e+02   2.4022785e+00
   4.3500000e+02   2.3949813e+00
   4.3600000e+02   2.3768747e+00
   4.3700000e+02   2.3478414e+00
   4.3800000e+02   2.3084258e+00
   4.3900000e+02   2.2601367e+00
   4.4000000e+02   2.2052348e+00
   4.4100000e+02   2.1464431e+00
   4.4200000e+02   2.0865653e+00
   4.4300000e+02   2.0279438e+00
   4.4400000e+02   1.9722174e+00
   4.4500000e+02   1.9205980e+00
   4.4600000e+02   1.8742295e+00
   4.4700000e+02   1.8343473e+00
   4.4800000e+02   1.8022114e+00
   4.4900000e+02   1.7788979e+00
   4.5000000e+02   1.7651053e+00
   4.5100000e+02   1.7610430e+00
   4.5200000e+02   1.7664117e+00
   4.5300000e+02   1.7804973e+00
   4.5400000e+02   1.8023441e+00
   4.5500000e+02   1.8308933e+00
   4.5600000e+02   1.8650204e+00
   4.5700000e+02   1.9035018e+00
   4.5800000e+02   1.9449771e+00
   4.5900000e+02   1.9879530e+00
   4.6000000e+02   2.0308590e+00
   4.6100000e+02   2.0721370e+00
   4.6200000e+02   2.1103377e+00
   4.6300000e+02   2.1441999e+00
   4.6400000e+02   2.1726902e+00
   4.6500000e+02   2.1950041e+00
   4.6600000e+02   2.2105516e+00
   4.6700000e+02   2.2189510e+00
   4.6800000e+02   2.2200376e+00
   4.6900000e+02   2.2138808e+00
   4.7000000e+02   2.2007948e+00
   4.7100000e+02   2.1813344e+00
   4.7200000e+02   2.1562704e+00
   4.7300000e+02   2.1265490e+00
   4.7400000e+02   2.0932432e+00
   4.7500000e+02   2.0575066e+00
   4.7600000e+02   2.0205338e+00
   4.7700000e+02   1.9835281e+00
   4.7800000e+02   1.9476705e+00
   4.7900000e+02   1.9140862e+00
   4.8000000e+02   1.8838091e+00
   4.8100000e+02   1.8577463e+00
   4.8200000e+02   1.8366464e+00
   4.8300000e+02   1.8210759e+00
   4.8400000e+02   1.8114058e+00
   4.8500000e+02   1.8078071e+00
   4.8600000e+02   1.8102533e+00
   4.8700000e+02   1.8185285e+00
   4.8800000e+02   1.8322378e+00
   4.8900000e+02   1.8508236e+00
   4.9000000e+02   1.8735842e+00
   4.9100000e+02   1.8996997e+00
   4.9200000e+02   1.9282610e+00
   4.9300000e+02   1.9583023e+00
   4.9400000e+02   1.9888350e+00
   4.9500000e+02   2.0188805e+00
   4.9600000e+02   2.0475017e+00
   4.9700000e+02   2.0738305e+00
   4.9800000e+02   2.0970937e+00
   4.9900000e+02   2.1166347e+00
   5.0000000e+02   2.1319315e+00
   5.0100000e+02   2.1426109e+00
   5.0200000e+02   2.1484565e+00
   5.0300000e+02   2.1494130e+00
   5.0400000e+02   2.1455826e+00
   5.0500000e+02   2.1372184e+00
   5.0600000e+02   2.1247111e+00
   5.0700000e+02   2.1085737e+00
   5.0800000e+02   2.0894212e+00
   5.0900000e+02   2.0679486e+00
   5.1000000e+02   2.0449072e+00
   5.1100000e+02   2.0210786e+00
   5.1200000e+02   1.9972490e+00
   5.1300000e+02   1.9741838e+00
   5.1400000e+02   1.9526034e+00
   5.1500000e+02   1.9331612e+00
   5.1600000e+02   1.9164243e+00
   5.1700000e+02   1.9028577e+00
   5.1800000e+02   1.8928123e+00
   5.1900000e+02   1.8865165e+00
   5.2000000e+02   1.8840718e+00
   5.2100000e+02   1.8854536e+00
   5.2200000e+02   1.8905143e+00
   5.2300000e+02   1.8989919e+00
   5.2400000e+02   1.9105213e+00
   5.2500000e+02   1.9246487e+00
   5.2600000e+02   1.9408486e+00
   5.2700000e+02   1.9585427e+00
   5.2800000e+02   1.9771198e+00
   5.2900000e+02   1.9959562e+00
   5.3000000e+02   2.0144363e+00
   5.3100000e+02   2.0319724e+00
   5.3200000e+02   2.0480222e+00
   5.3300000e+02   2.0621058e+00
   5.3400000e+02   2.0738192e+00
   5.3500000e+02   2.0828454e+00
   5.3600000e+02   2.0889623e+00
   5.3700000e+02   2.0920475e+00
   5.3800000e+02   2.0920794e+00
   5.3900000e+02   2.0891357e+00
   5.4000000e+02   2.0833878e+00
   5.4100000e+02   2.0750931e+00
   5.4200000e+02   2.0645845e+00
   5.4300000e+02   2.0522579e+00
   5.4400000e+02   2.0385571e+00
   5.4500000e+02   2.0239592e+00
   5.4600000e+02   2.0089577e+00
   5.4700000e+02   1.9940464e+00
   5.4800000e+02   1.9797035e+00
   5.4900000e+02   1.9663766e+00
   5.5000000e+02   1.9544690e+00
   5.5100000e+02   1.9443278e+00
   5.5200000e+02   1.9362345e+00
   5.5300000e+02   1.9303972e+00
   5.5400000e+02   1.9269462e+00
   5.5500000e+02   1.9259313e+00
   5.5600000e+02   1.9273229e+00
   5.5700000e+02   1.9310145e+00
   5.5800000e+02   1.9368283e+00
   5.5900000e+02   1.9445229e+00
   5.6000000e+02   1.9538025e+00
   5.6100000e+02   1.9643279e+00
   5.6200000e+02   1.9757284e+00
   5.6300000e+02   1.9876151e+00
   5.6400000e+02   1.9995930e+00
   5.6500000e+02   2.0112746e+00
   5.6600000e+02   2.0222920e+00
   5.6700000e+02   2.0323080e+00
   5.6800000e+02   2.0410263e+00
   5.6900000e+02   2.0482002e+00
   5.7000000e+02   2.0536390e+00
   5.7100000e+02   2.0572125e+00
   5.7200000e+02   2.0588542e+00
   5.7300000e+02   2.0585613e+00
   5.7400000e+02   2.0563933e+00
   5.7500000e+02   2.0524686e+00
   5.7600000e+02   2.0469590e+00
   5.7700000e+02   2.0400827e+00
   5.7800000e+02   2.0320965e+00
   5.7900000e+02   2.0232860e+00
   5.8000000e+02   2.0139560e+00
   5.8100000e+02   2.0044201e+00
   5.8200000e+02   1.9949906e+00
   5.8300000e+02   1.9859679e+00
   5.8400000e+02   1.9776319e+00
   5.8500000e+02   1.9702328e+00
   5.8600000e+02   1.9639846e+00
   5.8700000e+02   1.9590582e+00
   5.8800000e+02   1.9555779e+00
   5.8900000e+02   1.9536181e+00
   5.9000000e+02   1.9532024e+00
   5.9100000e+02   1.9543040e+00
   5.9200000e+02   1.9568482e+00
   5.9300000e+02   1.9607154e+00
   5.9400000e+02   1.9657470e+00
   5.9500000e+02   1.9717506e+00
   5.9600000e+02   1.9785079e+00
   5.9700000e+02   1.9857817e+00
   5.9800000e+02   1.9933245e+00
   5.9900000e+02   2.0008865e+00
   6.0000000e+02   2.0082237e+00
   6.0100000e+02   2.0151058e+00
   6.0200000e+02   2.0213231e+00
   6.0300000e+02   2.0266926e+00
   6.0400000e+02   2.0310635e+00
   6.0500000e+02   2.0343209e+00
   6.0600000e+02   2.0363889e+00
   6.0700000e+02   2.0372317e+00
   6.0800000e+02   2.0368539e+00
   6.0900000e+02   2.0352993e+00
   6.1000000e+02   2.0326484e+00
   6.1100000e+02   2.0290151e+00
   6.1200000e+02   2.0245416e+00
   6.1300000e+02   2.0193938e+00
   6.1400000e+02   2.0137549e+00
   6.1500000e+02   2.0078190e+00
   6.1600000e+02   2.0017850e+00
   6.1700000e+02   1.9958497e+00
   6.1800000e+02   1.9902015e+00
   6.1900000e+02   1.9850148e+00
   6.2000000e+02   1.9804446e+00
   6.2100000e+02   1.9766222e+00
   6.2200000e+02   1.9736511e+00
   6.2300000e+02   1.9716049e+00
   6.2400000e+02   1.9705257e+00
   6.2500000e+02   1.9704230e+00
   6.2600000e+02   1.9712750e+00
   6.2700000e+02   1.9730295e+00
   6.2800000e+02   1.9756066e+00
   6.2900000e+02   1.9789021e+00
   6.3000000e+02   1.9827913e+00
   6.3100000e+02   1.9871337e+00
   6.3200000e+02   1.9917778e+00
   6.3300000e+02   1.9965664e+00
   6.3400000e+02   2.0013414e+00
   6.3500000e+02   2.0059497e+00
   6.3600000e+02   2.0102472e+00
   6.3700000e+02   2.0141036e+00
   6.3800000e+02   2.0174063e+00
   6.3900000e+02   2.0200632e+00
   6.4000000e+02   2.0220057e+00
   6.4100000e+02   2.0231896e+00
   6.4200000e+02   2.0235966e+00
   6.4300000e+02   2.0232336e+00
   6.4400000e+02   2.0221322e+00
   6.4500000e+02   2.0203471e+00
   6.4600000e+02   2.0179534e+00
   6.4700000e+02   2.0150439e+00
   6.4800000e+02   2.0117256e+00
   6.4900000e+02   2.0081159e+00
   6.5000000e+02   2.0043386e+00
   6.5100000e+02   2.0005194e+00
   6.5200000e+02   1.9967825e+00
   6.5300000e+02   1.9932460e+00
   6.5400000e+02   1.9900185e+00
   6.5500000e+02   1.9871959e+00
   6.5600000e+02   1.9848585e+00
   6.5700000e+02   1.9830690e+00
   6.5800000e+02   1.9818708e+00
   6.5900000e+02   1.9812872e+00
   6.6000000e+02   1.9813209e+00
   6.6100000e+02   1.9819550e+00
   6.6200000e+02   1.9831535e+00
   6.6300000e+02   1.9848631e+00
   6.6400000e+02   1.9870156e+00
   6.6500000e+02   1.9895303e+00
   6.6600000e+02   1.9923168e+00
   6.6700000e+02   1.9952784e+00
   6.6800000e+02   1.9983152e+00
   6.6900000e+02   2.0013276e+00
   6.7000000e+02   2.0042192e+00
   6.7100000e+02   2.0069001e+00
   6.7200000e+02   2.0092894e+00
   6.7300000e+02   2.0113178e+00
   6.7400000e+02   2.0129294e+00
   6.7500000e+02   2.0140831e+00
   6.7600000e+02   2.0147537e+00
   6.7700000e+02   2.0149319e+00
   6.7800000e+02   2.0146250e+00
   6.7900000e+02   2.0138553e+00
   6.8000000e+02   2.0126595e+00
   6.8100000e+02   2.0110873e+00
   6.8200000e+02   2.0091989e+00
   6.8300000e+02   2.0070634e+00
   6.8400000e+02   2.0047558e+00
   6.8500000e+02   2.0023549e+00
   6.8600000e+02   1.9999404e+00
   6.8700000e+02   1.9975904e+00
   6.8800000e+02   1.9953788e+00
   6.8900000e+02   1.9933733e+00
   6.9000000e+02   1.9916329e+00
   6.9100000e+02   1.9902070e+00
   6.9200000e+02   1.9891332e+00
   6.9300000e+02   1.9884370e+00
   6.9400000e+02   1.9881310e+00
   6.9500000e+02   1.9882149e+00
   6.9600000e+02   1.9886759e+00
   6.9700000e+02   1.9894896e+00
   6.9800000e+02   1.9906204e+00
   6.9900000e+02   1.9920238e+00
   7.0000000e+02   1.9936476e+00
   7.0100000e+02   1.9954338e+00
   7.0200000e+02   1.9973207e+00
   7.0300000e+02   1.9992450e+00
   7.0400000e+02   2.0011437e+00
   7.0500000e+02   2.0029564e+00
   7.0600000e+02   2.0046270e+00
   7.0700000e+02   2.0061054e+00
   7.0800000e+02   2.0073491e+00
   7.0900000e+02   2.0083239e+00
   7.1000000e+02   2.0090056e+00
   7.1100000e+02   2.0093798e+00
   7.1200000e+02   2.0094424e+00
   7.1300000e+02   2.0091995e+00
   7.1400000e+02   2.0086667e+00
   7.1500000e+02   2.0078688e+00
   7.1600000e+02   2.0068384e+00
   7.1700000e+02   2.0056145e+00
   7.1800000e+02   2.0042416e+00
   7.1900000e+02   2.0027677e+00
   7.2000000e+02   2.0012430e+00
   7.2100000e+02   1.9997177e+00
   7.2200000e+02   1.9982410e+00
   7.2300000e+02   1.9968592e+00
   7.2400000e+02   1.9956143e+00
   7.2500000e+02   1.9945428e+00
   7.2600000e+02   1.9936747e+00
   7.2700000e+02   1.9930327e+00
   7.2800000e+02   1.9926315e+00
   7.2900000e+02   1.9924779e+00
   7.3000000e+02   1.9925704e+00
   7.3100000e+02   1.9928996e+00
   7.3200000e+02   1.9934488e+00
   7.3300000e+02   1.9941947e+00
   7.3400000e+02   1.9951081e+00
   7.3500000e+02   1.9961552e+00
   7.3600000e+02   1.9972990e+00
   7.3700000e+02   1.9985001e+00
   7.3800000e+02   1.9997184e+00
   7.3900000e+02   2.0009142e+00
   7.4000000e+02   2.0020495e+00
   7.4100000e+02   2.0030895e+00
   7.4200000e+02   2.0040031e+00
   7.4300000e+02   2.0047642e+00
   7.4400000e+02   2.0053523e+00
   7.4500000e+02   2.0057528e+00
   7.4600000e+02   2.0059578e+00
   7.4700000e+02   2.0059657e+00
   7.4800000e+02   2.0057815e+00
   7.4900000e+02   2.0054159e+00
   7.5000000e+02   2.0048854e+00
   7.5100000e+02   2.0042115e+00
   7.5200000e+02   2.0034195e+00
   7.5300000e+02   2.0025379e+00
   7.5400000e+02   2.0015975e+00
   7.5500000e+02   2.0006300e+00
   7.5600000e+02   1.9996673e+00
   7.5700000e+02   1.9987402e+00
   7.5800000e+02   1.9978777e+00
   7.5900000e+02   1.9971059e+00
   7.6000000e+02   1.9964472e+00
   7.6100000e+02   1.9959199e+00
   7.6200000e+02   1.9955376e+00
   7.6300000e+02   1.9953089e+00
   7.6400000e+02   1.9952370e+00
   7.6500000e+02   1.9953203e+00
   7.6600000e+02   1.9955521e+00
   7.6700000e+02   1.9959210e+00
   7.6800000e+02   1.9964117e+00
   7.6900000e+02   1.9970051e+00
   7.7000000e+02   1.9976796e+00
   7.7100000e+02   1.9984113e+00
   7.7200000e+02   1.9991751e+00
   7.7300000e+02   1.9999457e+00
   7.7400000e+02   2.0006982e+00
   7.7500000e+02   2.0014086e+00
   7.7600000e+02   2.0020553e+00
   7.7700000e+02   2.0026191e+00
   7.7800000e+02   2.0030840e+00
   7.7900000e+02   2.0034376e+00
   7.8000000e+02   2.0036714e+00
   7.8100000e+02   2.0037810e+00
   7.8200000e+02   2.0037660e+00
   7.8300000e+02   2.0036302e+00
   7.8400000e+02   2.0033811e+00
   7.8500000e+02   2.0030296e+00
   7.8600000e+02   2.0025897e+00
   7.8700000e+02   2.0020779e+00
   7.8800000e+02   2.0015124e+00
   7.8900000e+02   2.0009129e+00
   7.9000000e+02   2.0002995e+00
   7.9100000e+02   1.9996924e+00
   7.9200000e+02   1.9991110e+00
   7.9300000e+02   1.9985732e+00
   7.9400000e+02   1.9980952e+00
   7.9500000e+02   1.9976909e+00
   7.9600000e+02   1.9973715e+00
   7.9700000e+02   1.9971449e+00
   7.9800000e+02   1.9970161e+00
   7.9900000e+02   1.9969866e+00
   8.0000000e+02   2.2469866e+00
   8.0100000e+02   1.9969866e+00
   8.0200000e+02   2.1552121e+00
   8.0300000e+02   2.3135128e+00
   8.0400000e+02   2.4718765e+00
   8.0500000e+02   2.6302891e+00
   8.0600000e+02   2.7887354e+00
   8.0700000e+02   2.8000000e+00
   8.0800000e+02   2.8000000e+00
   8.0900000e+02   2.8000000e+00
   8.1000000e+02   2.8000000e+00
   8.1100000e+02   2.8000000e+00
   8.1200000e+02   2.8000000e+00
   8.1300000e+02   2.8000000e+00
   8.1400000e+02   2.8000000e+00
   8.1500000e+02   2.8000000e+00
   8.1600000e+02   2.8000000e+00
   8.1700000e+02   2.7947904e+00
   8.1800000e+02   2.7989497e+00
   8.1900000e+02   2.8000000e+00
   8.2000000e+02   2.8000000e+00
   8.2100000e+02   2.8000000e+00
   8.2200000e+02   2.8000000e+00
   8.2300000e+02   2.8000000e+00
   8.2400000e+02   2.8000000e+00
   8.2500000e+02   2.8000000e+00
   8.2600000e+02   2.8000000e+00
   8.2700000e+02   2.8000000e+00
   8.2800000e+02   2.8000000e+00
   8.2900000e+02   2.8000000e+00
   8.3000000e+02   2.8000000e+00
   8.3100000e+02   2.7980945e+00
   8.3200000e+02   2.7931624e+00
   8.3300000e+02   2.7852511e+00
   8.3400000e+02   2.7744281e+00
   8.3500000e+02   2.7607748e+00
   8.3600000e+02   2.7443824e+00
   8.3700000e+02   2.7253478e+00
   8.3800000e+02   2.7037715e+00
   8.3900000e+02   2.6797555e+00
   8.4000000e+02   2.6534016e+00
   8.4100000e+02   2.6250703e+00
   8.4200000e+02   2.5954776e+00
   8.4300000e+02   2.5654022e+00
   8.4400000e+02   2.5355419e+00
   8.4500000e+02   2.5065295e+00
   8.4600000e+02   2.4789466e+00
   8.4700000e+02   2.4533333e+00
   8.4800000e+02   2.4301977e+00
   8.4900000e+02   2.4100218e+00
   8.5000000e+02   2.3932671e+00
   8.5100000e+02   2.3803438e+00
   8.5200000e+02   2.3715368e+00
   8.5300000e+02   2.3669677e+00
   8.5400000e+02   2.3666145e+00
   8.5500000e+02   2.3703408e+00
   8.5600000e+02   2.3779160e+00
   8.5700000e+02   2.3890279e+00
   8.5800000e+02   2.4032914e+00
   8.5900000e+02   2.4202523e+00
   8.6000000e+02   2.4393894e+00
   8.6100000e+02   2.4601200e+00
   8.6200000e+02   2.4818179e+00
   8.6300000e+02   2.5038442e+00
   8.6400000e+02   2.5255768e+00
   8.6500000e+02   2.5464309e+00
   8.6600000e+02   2.5658732e+00
   8.6700000e+02   2.5834309e+00
   8.6800000e+02   2.5987002e+00
   8.6900000e+02   2.6113535e+00
   8.7000000e+02   2.6211470e+00
   8.7100000e+02   2.6279290e+00
   8.7200000e+02   2.6316458e+00
   8.7300000e+02   2.6323419e+00
   8.7400000e+02   2.6301550e+00
   8.7500000e+02   2.6253063e+00
   8.7600000e+02   2.6180889e+00
   8.7700000e+02   2.6088553e+00
   8.7800000e+02   2.5980056e+00
   8.7900000e+02   2.5859740e+00
   8.8000000e+02   2.5732155e+00
   8.8100000e+02   2.5601923e+00
   8.8200000e+02   2.5473578e+00
   8.8300000e+02   2.5351426e+00
   8.8400000e+02   2.5239396e+00
   8.8500000e+02   2.5140932e+00
   8.8600000e+02   2.5058894e+00
   8.8700000e+02   2.4995498e+00
   8.8800000e+02   2.4952264e+00
   8.8900000e+02   2.4929996e+00
   8.9000000e+02   2.4928776e+00
   8.9100000e+02   2.4947982e+00
   8.9200000e+02   2.4986324e+00
   8.9300000e+02   2.5041910e+00
   8.9400000e+02   2.5112322e+00
   8.9500000e+02   2.5194716e+00
   8.9600000e+02   2.5285929e+00
   8.9700000e+02   2.5382596e+00
   8.9800000e+02   2.5481261e+00
   8.9900000e+02   2.5578496e+00
   9.0000000e+02   2.5671009e+00
   9.0100000e+02   2.5755749e+00
   9.0200000e+02   2.5830000e+00
   9.0300000e+02   2.5891462e+00
   9.0400000e+02   2.5938316e+00
   9.0500000e+02   2.5969273e+00
   9.0600000e+02   2.5983601e+00
   9.0700000e+02   2.5981133e+00
   9.0800000e+02   2.5962261e+00
   9.0900000e+02   2.5927907e+00
   9.1000000e+02   2.5879478e+00
   9.1100000e+02   2.5818811e+00
   9.1200000e+02   2.5748102e+00
   9.1300000e+02   2.5669827e+00
   9.1400000e+02   2.5586650e+00
   9.1500000e+02   2.5501340e+00
   9.1600000e+02   2.5416667e+00
   9.1700000e+02   2.5335323e+00
   9.1800000e+02   2.5259829e+00
   9.1900000e+02   2.5192463e+00
   9.2000000e+02   2.5135188e+00
   9.2100000e+02   2.5089598e+00
   9.2200000e+02   2.5056876e+00
   9.2300000e+02   2.5037767e+00
   9.2400000e+02   2.5032559e+00
   9.2500000e+02   2.5041091e+00
   9.2600000e+02   2.5062767e+00
   9.2700000e+02   2.5096583e+00
   9.2800000e+02   2.5141175e+00
   9.2900000e+02   2.5194867e+00
   9.3000000e+02   2.5255732e+00
   9.3100000e+02   2.5321665e+00
   9.3200000e+02   2.5390450e+00
   9.3300000e+02   2.5459836e+00
   9.3400000e+02   2.5527611e+00
   9.3500000e+02   2.5591667e+00
   9.3600000e+02   2.5650073e+00
   9.3700000e+02   2.5701124e+00
   9.3800000e+02   2.5743397e+00
   9.3900000e+02   2.5775783e+00
   9.4000000e+02   2.5797520e+00
   9.4100000e+02   2.5808204e+00
   9.4200000e+02   2.5807798e+00
   9.4300000e+02   2.5796616e+00
   9.4400000e+02   2.5775313e+00
   9.4500000e+02   2.5744847e+00
   9.4600000e+02   2.5706445e+00
   9.4700000e+02   2.5661557e+00
   9.4800000e+02   2.5611800e+00
   9.4900000e+02   2.5558906e+00
   9.5000000e+02   2.5504660e+00
   9.5100000e+02   2.5450843e+00
   9.5200000e+02   2.5399175e+00
   9.5300000e+02   2.5351262e+00
   9.5400000e+02   2.5308543e+00
   9.5500000e+02   2.5272257e+00
   9.5600000e+02   2.5243397e+00
   9.5700000e+02   2.5222696e+00
   9.5800000e+02   2.5210602e+00
   9.5900000e+02   2.5207274e+00
   9.6000000e+02   2.5212586e+00
   9.6100000e+02   2.5226134e+00
   9.6200000e+02   2.5247263e+00
   9.6300000e+02   2.5275089e+00
   9.6400000e+02   2.5308536e+00
   9.6500000e+02   2.5346374e+00
   9.6600000e+02   2.5387266e+00
   9.6700000e+02   2.5429809e+00
   9.6800000e+02   2.5472585e+00
   9.6900000e+02   2.5514207e+00
   9.7000000e+02   2.5553358e+00
   9.7100000e+02   2.5588839e+00
   9.7200000e+02   2.5619597e+00
   9.7300000e+02   2.5644761e+00
   9.7400000e+02   2.5663662e+00
   9.7500000e+02   2.5675852e+00
   9.7600000e+02   2.5681110e+00
   9.7700000e+02   2.5679443e+00
   9.7800000e+02   2.5671082e+00
   9.7900000e+02   2.5656470e+00
   9.8000000e+02   2.5636236e+00
   9.8100000e+02   2.5611179e+00
   9.8200000e+02   2.5582227e+00
   9.8300000e+02   2.5550415e+00
   9.8400000e+02   2.5516840e+00
   9.8500000e+02   2.5482630e+00
   9.8600000e+02   2.5448901e+00
   9.8700000e+02   2.5416729e+00
   9.8800000e+02   2.5387110e+00
   9.8900000e+02   2.5360932e+00
   9.9000000e+02   2.5338948e+00
   9.9100000e+02   2.5321761e+00
   9.9200000e+02   2.5309799e+00
   9.9300000e+02   2.5303315e+00
   9.9400000e+02   2.5302375e+00
   9.9500000e+02   2.5306869e+00
   9.9600000e+02   2.5316512e+00
   9.9700000e+02   2.5330861e+00
   9.9800000e+02   2.5349334e+00
   9.9900000e+02   2.5371232e+00
   1.0000000e+03   2.5395761e+00
   1.0010000e+03   2.5422065e+00
   1.0020000e+03   2.5449252e+00
   1.0030000e+03   2.5476426e+00
   1.0040000e+03   2.5502713e+00
   1.0050000e+03   2.5527290e+00
   1.0060000e+03   2.5549412e+00
   1.0070000e+03   2.5568430e+00
   1.0080000e+03   2.5583814e+00
   1.0090000e+03   2.5595162e+00
   1.0100000e+03   2.5602215e+00
   1.0110000e+03   2.5604857e+00
   1.0120000e+03   2.5603118e+00
   1.0130000e+03   2.5597166e+00
   1.0140000e+03   2.5587303e+00
   1.0150000e+03   2.5573947e+00
   1.0160000e+03   2.5557619e+00
   1.0170000e+03   2.5538921e+00
   1.0180000e+03   2.5518517e+00
   1.0190000e+03   2.5497106e+00
   1.0200000e+03   2.5475405e+00
   1.0210000e+03   2.5454118e+00
   1.0220000e+03   2.5433921e+00
   1.0230000e+03   2.5415434e+00
   1.0240000e+03   2.5399208e+00
   1.0250000e+03   2.5385707e+00
   1.0260000e+03   2.5375294e+00
   1.0270000e+03   2.5368224e+00
   1.0280000e+03   2.5364638e+00
   1.0290000e+03   2.5364561e+00
   1.0300000e+03   2.5367903e+00
   1.0310000e+03   2.5374470e+00
   1.0320000e+03   2.5383965e+00
   1.0330000e+03   2.5396007e+00
   1.0340000e+03   2.5410142e+00
   1.0350000e+03   2.5425862e+00
   1.0360000e+03   2.5442617e+00
   1.0370000e+03   2.5459844e+00
   1.0380000e+03   2.5476974e+00
   1.0390000e+03   2.5493458e+00
   1.0400000e+03   2.5508784e+00
   1.0410000e+03   2.5522487e+00
   1.0420000e+03   2.5534168e+00
   1.0430000e+03   2.5543504e+00
   1.0440000e+03   2.5550255e+00
   1.0450000e+03   2.5554270e+00
   1.0460000e+03   2.5555492e+00
   1.0470000e+03   2.5553953e+00
   1.0480000e+03   2.5549774e+00
   1.0490000e+03   2.5543159e+00
   1.0500000e+03   2.5534383e+00
   1.0510000e+03   2.5523784e+00
   1.0520000e+03   2.5511752e+00
   1.0530000e+03   2.5498710e+00
   1.0540000e+03   2.5485105e+00
   1.0550000e+03   2.5471388e+00
   1.0560000e+03   2.5458006e+00
   1.0570000e+03   2.5445379e+00
   1.0580000e+03   2.5433894e+00
   1.0590000e+03   2.5423892e+00
   1.0600000e+03   2.5415656e+00
   1.0610000e+03   2.5409406e+00
   1.0620000e+03   2.5405291e+00
   1.0630000e+03   2.5403388e+00
   1.0640000e+03   2.5403702e+00
   1.0650000e+03   2.5406165e+00
   1.0660000e+03   2.5410642e+00
   1.0670000e+03   2.5416937e+00
   1.0680000e+03   2.5424800e+00
   1.0690000e+03   2.5433938e+00
   1.0700000e+03   2.5444023e+00
   1.0710000e+03   2.5454706e+00
   1.0720000e+03   2.5465628e+00
   1.0730000e+03   2.5476432e+00
   1.0740000e+03   2.5486772e+00
   1.0750000e+03   2.5496328e+00
   1.0760000e+03   2.5504812e+00
   1.0770000e+03   2.5511980e+00
   1.0780000e+03   2.5517634e+00
   1.0790000e+03   2.5521632e+00
   1.0800000e+03   2.5523888e+00
   1.0810000e+03   2.5524375e+00
   1.0820000e+03   2.5523123e+00
   1.0830000e+03   2.5520217e+00
   1.0840000e+03   2.5515793e+00
   1.0850000e+03   2.5510033e+00
   1.0860000e+03   2.5503157e+00
   1.0870000e+03   2.5495416e+00
   1.0880000e+03   2.5487081e+00
   1.0890000e+03   2.5478435e+00
   1.0900000e+03   2.5469765e+00
   1.0910000e+03   2.5461351e+00
   1.0920000e+03   2.5453456e+00
   1.0930000e+03   2.5446322e+00
   1.0940000e+03   2.5440158e+00
   1.0950000e+03   2.5435138e+00
   1.0960000e+03   2.5431393e+00
   1.0970000e+03   2.5429011e+00
   1.0980000e+03   2.5428033e+00
   1.0990000e+03   2.5428455e+00
   1.1000000e+03   2.5430226e+00
   1.1010000e+03   2.5433255e+00
   1.1020000e+03   2.5437412e+00
   1.1030000e+03   2.5442533e+00
   1.1040000e+03   2.5448429e+00
   1.1050000e+03   2.5454889e+00
   1.1060000e+03   2.5461692e+00
   1.1070000e+03   2.5468610e+00
   1.1080000e+03   2.5475416e+00
   1.1090000e+03   2.5481895e+00
   1.1100000e+03   2.5487847e+00
   1.1110000e+03   2.5493093e+00
   1.1120000e+03   2.5497483e+00
   1.1130000e+03   2.5500899e+00
   1.1140000e+03   2.5503255e+00
   1.1150000e+03   2.5504502e+00
   1.1160000e+03   2.5504631e+00
   1.1170000e+03   2.5503664e+00
   1.1180000e+03   2.5501663e+00
   1.1190000e+03   2.5498717e+00
   1.1200000e+03   2.5494947e+00
   1.1210000e+03   2.5490495e+00
   1.1220000e+03   2.5485522e+00
   1.1230000e+03   2.5480201e+00
   1.1240000e+03   2.5474713e+00
   1.1250000e+03   2.5469239e+00
   1.1260000e+03   2.5463955e+00
   1.1270000e+03   2.5459025e+00
   1.1280000e+03   2.5454600e+00
   1.1290000e+03   2.5450808e+00
   1.1300000e+03   2.5447756e+00
   1.1310000e+03   2.5445522e+00
   1.1320000e+03   2.5444157e+00
   1.1330000e+03   2.5443682e+00
   1.1340000e+03   2.5444090e+00
   1.1350000e+03   2.5445345e+00
   1.1360000e+03   2.5447384e+00
   1.1370000e+03   2.5450122e+00
   1.1380000e+03   2.5453452e+00
   1.1390000e+03   2.5457251e+00
   1.1400000e+03   2.5461386e+00
   1.1410000e+03   2.5465715e+00
   1.1420000e+03   2.5470092e+00
   1.1430000e+03   2.5474376e+00
   1.1440000e+03   2.5478432e+00
   1.1450000e+03   2.5482135e+00
   1.1460000e+03   2.5485375e+00
   1.1470000e+03   2.5488059e+00
   1.1480000e+03   2.5490116e+00
   1.1490000e+03   2.5491495e+00
   1.1500000e+03   2.5492170e+00
   1.1510000e+03   2.5492138e+00
   1.1520000e+03   2.5491417e+00
   1.1530000e+03   2.5490049e+00
   1.1540000e+03   2.5488094e+00
   1.1550000e+03   2.5485631e+00
   1.1560000e+03   2.5482752e+00
   1.1570000e+03   2.5479560e+00
   1.1580000e+03   2.5476167e+00
   1.1590000e+03   2.5472686e+00
   1.1600000e+03   2.5469233e+00
   1.1610000e+03   2.5465917e+00
   1.1620000e+03   2.5462841e+00
   1.1630000e+03   2.5460100e+00
   1.1640000e+03   2.5457771e+00
   1.1650000e+03   2.5455919e+00
   1.1660000e+03   2.5454592e+00
   1.1670000e+03   2.5453818e+00
   1.1680000e+03   2.5453609e+00
   1.1690000e+03   2.5453956e+00
   1.1700000e+03   2.5454834e+00
   1.1710000e+03   2.5456200e+00
   1.1720000e+03   2.5457999e+00
   1.1730000e+03   2.5460161e+00
   1.1740000e+03   2.5462606e+00
   1.1750000e+03   2.5465250e+00
   1.1760000e+03   2.5468001e+00
   1.1770000e+03   2.5470769e+00
   1.1780000e+03   2.5473464e+00
   1.1790000e+03   2.5476000e+00
   1.1800000e+03   2.5478301e+00
   1.1810000e+03   2.5480299e+00
   1.1820000e+03   2.5481937e+00
   1.1830000e+03   2.5483172e+00
   1.1840000e+03   2.5483973e+00
   1.1850000e+03   2.5484328e+00
   1.1860000e+03   2.5484236e+00
   1.1870000e+03   2.5483711e+00
   1.1880000e+03   2.5482782e+00
   1.1890000e+03   2.5481489e+00
   1.1900000e+03   2.5479883e+00
   1.1910000e+03   2.5478024e+00
   1.1920000e+03   2.5475978e+00
   1.1930000e+03   2.5473816e+00
   1.1940000e+03   2.5471610e+00
   1.1950000e+03   2.5469433e+00
   1.1960000e+03   2.5467354e+00
   1.1970000e+03   2.5465438e+00
   1.1980000e+03   2.5463741e+00
   1.1990000e+03   2.5462313e+00
   1.2000000e+03   2.2962313e+00
   1.2010000e+03   2.5462313e+00
   1.2020000e+03   2.4408690e+00
   1.2030000e+03   2.3355423e+00
   1.2040000e+03   2.2302507e+00
   1.2050000e+03   2.1249923e+00
   1.2060000e+03   2.0197644e+00
   1.2070000e+03   1.9145631e+00
   1.2080000e+03   1.8093841e+00
   1.2090000e+03   1.7042222e+00
   1.2100000e+03   1.6331212e+00
   1.2110000e+03   1.5548053e+00
   1.2120000e+03   1.4575410e+00
   1.2130000e+03   1.3878012e+00
   1.2140000e+03   1.3424400e+00
   1.2150000e+03   1.3191910e+00
   1.2160000e+03   1.3164642e+00
   1.2170000e+03   1.3331883e+00
   1.2180000e+03   1.3686880e+00
   1.2190000e+03   1.4225886e+00
   1.2200000e+03   1.4901034e+00
   1.2210000e+03   1.5685802e+00
   1.2220000e+03   1.6624010e+00
   1.2230000e+03   1.7705286e+00
   1.2240000e+03   1.8867968e+00
   1.2250000e+03   2.0064720e+00
   1.2260000e+03   2.1257584e+00
   1.2270000e+03   2.2414460e+00
   1.2280000e+03   2.3506621e+00
   1.2290000e+03   2.4506966e+00
   1.2300000e+03   2.5395148e+00
   1.2310000e+03   2.6159067e+00
   1.2320000e+03   2.6781617e+00
   1.2330000e+03   2.7240076e+00
   1.2340000e+03   2.7520459e+00
   1.2350000e+03   2.7620795e+00
   1.2360000e+03   2.7546812e+00
   1.2370000e+03   2.7309438e+00
   1.2380000e+03   2.6923506e+00
   1.2390000e+03   2.6407216e+00
   1.2400000e+03   2.5781221e+00
   1.2410000e+03   2.5066993e+00
   1.2420000e+03   2.4287011e+00
   1.2430000e+03   2.3466592e+00
   1.2440000e+03   2.2633601e+00
   1.2450000e+03   2.1815982e+00
   1.2460000e+03   2.1039742e+00
   1.2470000e+03   2.0327994e+00
   1.2480000e+03   1.9700499e+00
   1.2490000e+03   1.9173389e+00
   1.2500000e+03   1.8759005e+00
   1.2510000e+03   1.8465990e+00
   1.2520000e+03   1.8299448e+00
   1.2530000e+03   1.8260724e+00
   1.2540000e+03   1.8346945e+00
   1.2550000e+03   1.8550923e+00
   1.2560000e+03   1.8861570e+00
   1.2570000e+03   1.9264581e+00
   1.2580000e+03   1.9743165e+00
   1.2590000e+03   2.0278763e+00
   1.2600000e+03   2.0851720e+00
   1.2610000e+03   2.1441902e+00
   1.2620000e+03   2.2029223e+00
   1.2630000e+03   2.2594168e+00
   1.2640000e+03   2.3118372e+00
   1.2650000e+03   2.3585276e+00
   1.2660000e+03   2.3980704e+00
   1.2670000e+03   2.4293313e+00
   1.2680000e+03   2.4514875e+00
   1.2690000e+03   2.4640422e+00
   1.2700000e+03   2.4668264e+00
   1.2710000e+03   2.4599923e+00
   1.2720000e+03   2.4439980e+00
   1.2730000e+03   2.4195870e+00
   1.2740000e+03   2.3877605e+00
   1.2750000e+03   2.3497404e+00
   1.2760000e+03   2.3069240e+00
   1.2770000e+03   2.2608316e+00
   1.2780000e+03   2.2130520e+00
   1.2790000e+03   2.1651877e+00
   1.2800000e+03   2.1188020e+00
   1.2810000e+03   2.0753710e+00
   1.2820000e+03   2.0362384e+00
   1.2830000e+03   2.0025773e+00
   1.2840000e+03   1.9753556e+00
   1.2850000e+03   1.9553101e+00
   1.2860000e+03   1.9429264e+00
   1.2870000e+03   1.9384298e+00
   1.2880000e+03   1.9417842e+00
   1.2890000e+03   1.9527004e+00
   1.2900000e+03   1.9706522e+00
   1.2910000e+03   1.9948999e+00
   1.2920000e+03   2.0245193e+00
   1.2930000e+03   2.0584362e+00
   1.2940000e+03   2.0954642e+00
   1.2950000e+03   2.1343455e+00
   1.2960000e+03   2.1737931e+00
   1.2970000e+03   2.2125336e+00
   1.2980000e+03   2.2493479e+00
   1.2990000e+03   2.2831089e+00
   1.3000000e+03   2.3128159e+00
   1.3010000e+03   2.3376234e+00
   1.3020000e+03   2.3568637e+00
   1.3030000e+03   2.3700648e+00
   1.3040000e+03   2.3769594e+00
   1.3050000e+03   2.3774894e+00
   1.3060000e+03   2.3718021e+00
   1.3070000e+03   2.3602401e+00
   1.3080000e+03   2.3433257e+00
   1.3090000e+03   2.3217394e+00
   1.3100000e+03   2.2962936e+00
   1.3110000e+03   2.2679038e+00
   1.3120000e+03   2.2375556e+00
   1.3130000e+03   2.2062721e+00
   1.3140000e+03   2.1750797e+00
   1.3150000e+03   2.1449752e+00
   1.3160000e+03   2.1168947e+00
   1.3170000e+03   2.0916846e+00
   1.3180000e+03   2.0700772e+00
   1.3190000e+03   2.0526701e+00
   1.3200000e+03   2.0399102e+00
   1.3210000e+03   2.0320833e+00
   1.3220000e+03   2.0293096e+00
   1.3230000e+03   2.0315434e+00
   1.3240000e+03   2.0385796e+00
   1.3250000e+03   2.0500641e+00
   1.3260000e+03   2.0655089e+00
   1.3270000e+03   2.0843117e+00
   1.3280000e+03   2.1057777e+00
   1.3290000e+03   2.1291452e+00
   1.3300000e+03   2.1536107e+00
   1.3310000e+03   2.1783570e+00
   1.3320000e+03   2.2025789e+00
   1.3330000e+03   2.2255096e+00
   1.3340000e+03   2.2464436e+00
   1.3350000e+03   2.2647584e+00
   1.3360000e+03   2.2799321e+00
   1.3370000e+03   2.2915575e+00
   1.3380000e+03   2.2993526e+00
   1.3390000e+03   2.3031659e+00
   1.3400000e+03   2.3029781e+00
   1.3410000e+03   2.2988995e+00
   1.3420000e+03   2.2911629e+00
   1.3430000e+03   2.2801126e+00
   1.3440000e+03   2.2661909e+00
   1.3450000e+03   2.2499212e+00
   1.3460000e+03   2.2318889e+00
   1.3470000e+03   2.2127208e+00
   1.3480000e+03   2.1930642e+00
   1.3490000e+03   2.1735654e+00
   1.3500000e+03   2.1548489e+00
   1.3510000e+03   2.1374975e+00
   1.3520000e+03   2.1220353e+00
   1.3530000e+03   2.1089119e+00
   1.3540000e+03   2.0984898e+00
   1.3550000e+03   2.0910352e+00
   1.3560000e+03   2.0867118e+00
   1.3570000e+03   2.0855784e+00
   1.3580000e+03   2.0875894e+00
   1.3590000e+03   2.0925990e+00
   1.3600000e+03   2.1003688e+00
   1.3610000e+03   2.1105777e+00
   1.3620000e+03   2.1228342e+00
   1.3630000e+03   2.1366910e+00
   1.3640000e+03   2.1516611e+00
   1.3650000e+03   2.1672338e+00
   1.3660000e+03   2.1828924e+00
   1.3670000e+03   2.1981310e+00
   1.3680000e+03   2.2124698e+00
   1.3690000e+03   2.2254708e+00
   1.3700000e+03   2.2367501e+00
   1.3710000e+03   2.2459892e+00
   1.3720000e+03   2.2529436e+00
   1.3730000e+03   2.2574485e+00
   1.3740000e+03   2.2594221e+00
   1.3750000e+03   2.2588665e+00
   1.3760000e+03   2.2558649e+00
   1.3770000e+03   2.2505771e+00
   1.3780000e+03   2.2432323e+00
   1.3790000e+03   2.2341201e+00
   1.3800000e+03   2.2235794e+00
   1.3810000e+03   2.2119862e+00
   1.3820000e+03   2.1997407e+00
   1.3830000e+03   2.1872540e+00
   1.3840000e+03   2.1749338e+00
   1.3850000e+03   2.1631724e+00
   1.3860000e+03   2.1523336e+00
   1.3870000e+03   2.1427423e+00
   1.3880000e+03   2.1346747e+00
   1.3890000e+03   2.1283509e+00
   1.3900000e+03   2.1239291e+00
   1.3910000e+03   2.1215024e+00
   1.3920000e+03   2.1210970e+00
   1.3930000e+03   2.1226736e+00
   1.3940000e+03   2.1261300e+00
   1.3950000e+03   2.1313063e+00
   1.3960000e+03   2.1379911e+00
   1.3970000e+03   2.1459304e+00
   1.3980000e+03   2.1548359e+00
   1.3990000e+03   2.1643960e+00
   1.4000000e+03   2.1742861e+00
   1.4010000e+03   2.1841792e+00
   1.4020000e+03   2.1937570e+00
   1.4030000e+03   2.2027192e+00
   1.4040000e+03   2.2107934e+00
   1.4050000e+03   2.2177427e+00
   1.4060000e+03   2.2233727e+00
   1.4070000e+03   2.2275362e+00
   1.4080000e+03   2.2301374e+00
   1.4090000e+03   2.2311330e+00
   1.4100000e+03   2.2305326e+00
   1.4110000e+03   2.2283969e+00
   1.4120000e+03   2.2248344e+00
   1.4130000e+03   2.2199967e+00
   1.4140000e+03   2.2140727e+00
   1.4150000e+03   2.2072812e+00
   1.4160000e+03   2.1998633e+00
   1.4170000e+03   2.1920739e+00
   1.4180000e+03   2.1841736e+00
   1.4190000e+03   2.1764193e+00
   1.4200000e+03   2.1690570e+00
   1.4210000e+03   2.1623135e+00
   1.4220000e+03   2.1563898e+00
   1.4230000e+03   2.1514554e+00
   1.4240000e+03   2.1476434e+00
   1.4250000e+03   2.1450476e+00
   1.4260000e+03   2.1437199e+00
   1.4270000e+03   2.1436703e+00
   1.4280000e+03   2.1448672e+00
   1.4290000e+03   2.1472399e+00
   1.4300000e+03   2.1506815e+00
   1.4310000e+03   2.1550536e+00
   1.4320000e+03   2.1601914e+00
   1.4330000e+03   2.1659095e+00
   1.4340000e+03   2.1720091e+00
   1.4350000e+03   2.1782838e+00
   1.4360000e+03   2.1845272e+00
   1.4370000e+03   2.1905391e+00
   1.4380000e+03   2.1961321e+00
   1.4390000e+03   2.2011369e+00
   1.4400000e+03   2.2054077e+00
   1.4410000e+03   2.2088260e+00
   1.4420000e+03   2.2113039e+00
   1.4430000e+03   2.2127860e+00
   1.4440000e+03   2.2132505e+00
   1.4450000e+03   2.2127086e+00
   1.4460000e+03   2.2112039e+00
   1.4470000e+03   2.2088097e+00
   1.4480000e+03   2.2056262e+00
   1.4490000e+03   2.2017763e+00
   1.4500000e+03   2.1974011e+00
   1.4510000e+03   2.1926550e+00
   1.4520000e+03   2.1877005e+00
   1.4530000e+03   2.1827023e+00
   1.4540000e+03   2.1778225e+00
   1.4550000e+03   2.1732151e+00
   1.4560000e+03   2.1690213e+00
   1.4570000e+03   2.1653653e+00
   1.4580000e+03   2.1623510e+00
   1.4590000e+03   2.1600586e+00
   1.4600000e+03   2.1585433e+00
   1.4610000e+03   2.1578338e+00
   1.4620000e+03   2.1579319e+00
   1.4630000e+03   2.1588136e+00
   1.4640000e+03   2.1604303e+00
   1.4650000e+03   2.1627108e+00
   1.4660000e+03   2.1655646e+00
   1.4670000e+03   2.1688849e+00
   1.4680000e+03   2.1725528e+00
   1.4690000e+03   2.1764413e+00
   1.4700000e+03   2.1804195e+00
   1.4710000e+03   2.1843569e+00
   1.4720000e+03   2.1881280e+00
   1.4730000e+03   2.1916157e+00
   1.4740000e+03   2.1947150e+00
   1.4750000e+03   2.1973363e+00
   1.4760000e+03   2.1994076e+00
   1.4770000e+03   2.2008764e+00
   1.4780000e+03   2.2017112e+00
   1.4790000e+03   2.2019013e+00
   1.4800000e+03   2.2014575e+00
   1.4810000e+03   2.2004105e+00
   1.4820000e+03   2.1988095e+00
   1.4830000e+03   2.1967204e+00
   1.4840000e+03   2.1942232e+00
   1.4850000e+03   2.1914088e+00
   1.4860000e+03   2.1883759e+00
   1.4870000e+03   2.1852279e+00
   1.4880000e+03   2.1820691e+00
   1.4890000e+03   2.1790013e+00
   1.4900000e+03   2.1761211e+00
   1.4910000e+03   2.1735162e+00
   1.4920000e+03   2.1712633e+00
   1.4930000e+03   2.1694259e+00
   1.4940000e+03   2.1680523e+00
   1.4950000e+03   2.1671747e+00
   1.4960000e+03   2.1668085e+00
   1.4970000e+03   2.1669523e+00
   1.4980000e+03   2.1675882e+00
   1.4990000e+03   2.1686830e+00
   1.5000000e+03   2.1701895e+00
   1.5010000e+03   2.1720487e+00
   1.5020000e+03   2.1741915e+00
   1.5030000e+03   2.1765417e+00
   1.5040000e+03   2.1790181e+00
   1.5050000e+03   2.1815379e+00
   1.5060000e+03   2.1840188e+00
   1.5070000e+03   2.1863820e+00
   1.5080000e+03   2.1885544e+00
   1.5090000e+03   2.1904711e+00
   1.5100000e+03   2.1920770e+00
   1.5110000e+03   2.1933285e+00
   1.5120000e+03   2.1941944e+00
   1.5130000e+03   2.1946570e+00
   1.5140000e+03   2.1947116e+00
   1.5150000e+03   2.1943673e+00
   1.5160000e+03   2.1936453e+00
   1.5170000e+03   2.1925787e+00
   1.5180000e+03   2.1912107e+00
   1.5190000e+03   2.1895932e+00
   1.5200000e+03   2.1877848e+00
   1.5210000e+03   2.1858485e+00
   1.5220000e+03   2.1838500e+00
   1.5230000e+03   2.1818552e+00
   1.5240000e+03   2.1799283e+00
   1.5250000e+03   2.1781294e+00
   1.5260000e+03   2.1765133e+00
   1.5270000e+03   2.1751271e+00
   1.5280000e+03   2.1740096e+00
   1.5290000e+03   2.1731896e+00
   1.5300000e+03   2.1726860e+00
   1.5310000e+03   2.1725068e+00
   1.5320000e+03   2.1726492e+00
   1.5330000e+03   2.1731004e+00
   1.5340000e+03   2.1738379e+00
   1.5350000e+03   2.1748304e+00
   1.5360000e+03   2.1760396e+00
   1.5370000e+03   2.1774207e+00
   1.5380000e+03   2.1789250e+00
   1.5390000e+03   2.1805008e+00
   1.5400000e+03   2.1820955e+00
   1.5410000e+03   2.1836574e+00
   1.5420000e+03   2.1851370e+00
   1.5430000e+03   2.1864887e+00
   1.5440000e+03   2.1876725e+00
   1.5450000e+03   2.1886546e+00
   1.5460000e+03   2.1894085e+00
   1.5470000e+03   2.1899160e+00
   1.5480000e+03   2.1901670e+00
   1.5490000e+03   2.1901602e+00
   1.5500000e+03   2.1899024e+00
   1.5510000e+03   2.1894084e+00
   1.5520000e+03   2.1887004e+00
   1.5530000e+03   2.1878065e+00
   1.5540000e+03   2.1867603e+00
   1.5550000e+03   2.1855996e+00
   1.5560000e+03   2.1843646e+00
   1.5570000e+03   2.1830969e+00
   1.5580000e+03   2.1818384e+00
   1.5590000e+03   2.1806291e+00
   1.5600000e+03   2.1795068e+00
   1.5610000e+03   2.1785053e+00
   1.5620000e+03   2.1776537e+00
   1.5630000e+03   2.1769756e+00
   1.5640000e+03   2.1764883e+00
   1.5650000e+03   2.1762025e+00
   1.5660000e+03   2.1761222e+00
   1.5670000e+03   2.1762447e+00
   1.5680000e+03   2.1765608e+00
   1.5690000e+03   2.1770552e+00
   1.5700000e+03   2.1777075e+00
   1.5710000e+03   2.1784926e+00
   1.5720000e+03   2.1793817e+00
   1.5730000e+03   2.1803436e+00
   1.5740000e+03   2.1813454e+00
   1.5750000e+03   2.1823538e+00
   1.5760000e+03   2.1833362e+00
   1.5770000e+03   2.1842617e+00
   1.5780000e+03   2.1851019e+00
   1.5790000e+03   2.1858320e+00
   1.5800000e+03   2.1864313e+00
   1.5810000e+03   2.1868840e+00
   1.5820000e+03   2.1871793e+00
   1.5830000e+03   2.1873118e+00
   1.5840000e+03   2.1872813e+00
   1.5850000e+03   2.1870932e+00
   1.5860000e+03   2.1867575e+00
   1.5870000e+03   2.1862889e+00
   1.5880000e+03   2.1857059e+00
   1.5890000e+03   2.1850303e+00
   1.5900000e+03   2.1842861e+00
   1.5910000e+03   2.1834991e+00
   1.5920000e+03   2.1826957e+00
   1.5930000e+03   2.1819023e+00
   1.5940000e+03   2.1811441e+00
   1.5950000e+03   2.1804445e+00
   1.5960000e+03   2.1798247e+00
   1.5970000e+03   2.1793025e+00
   1.5980000e+03   2.1788921e+00
   1.5990000e+03   2.1786038e+00
   1.6000000e+03   2.1784439e+00
