   1.0000000e+00   8.0000000e-01
   2.0000000e+00   8.0000000e-01
   3.0000000e+00   8.0000000e-01
   4.0000000e+00   8.0000000e-01
   5.0000000e+00   8.0000000e-01
   6.0000000e+00   8.0000000e-01
   7.0000000e+00   8.0000000e-01
   8.0000000e+00   8.0000000e-01
   9.0000000e+00   8.0000000e-01
   1.0000000e+01   8.0000000e-01
   1.1000000e+01   8.0000000e-01
   1.2000000e+01   8.0000000e-01
   1.3000000e+01   8.0000000e-01
   1.4000000e+01   8.0000000e-01
   1.5000000e+01   8.0000000e-01
   1.6000000e+01   8.0000000e-01
   1.7000000e+01   8.0000000e-01
   1.8000000e+01   8.0000000e-01
   1.9000000e+01   8.0000000e-01
   2.0000000e+01   8.0000000e-01
   2.1000000e+01   8.0000000e-01
   2.2000000e+01   8.0249192e-01
   2.3000000e+01   8.0905774e-01
   2.4000000e+01   8.1857055e-01
   2.5000000e+01   8.3016361e-01
   2.6000000e+01   8.4317234e-01
   2.7000000e+01   8.5708906e-01
   2.8000000e+01   8.7152785e-01
   2.9000000e+01   8.8619719e-01
   3.0000000e+01   9.0087860e-01
   3.1000000e+01   9.1541009e-01
   3.2000000e+01   9.2965001e-01
   3.3000000e+01   9.4343742e-01
   3.4000000e+01   9.5659601e-01
   3.5000000e+01   9.6895762e-01
   3.6000000e+01   9.8037546e-01
   3.7000000e+01   9.9073056e-01
   3.8000000e+01   9.9993372e-01
   3.9000000e+01   1.0079248e+00
   4.0000000e+01   1.0146701e+00
   4.1000000e+01   1.0201598e+00
   4.2000000e+01   1.0244038e+00
   4.3000000e+01   1.0274299e+00
   4.4000000e+01   1.0292814e+00
   4.5000000e+01   1.0300161e+00
   4.6000000e+01   1.0297040e+00
   4.7000000e+01   1.0284267e+00
   4.8000000e+01   1.0262746e+00
   4.9000000e+01   1.0233451e+00
   5.0000000e+01   1.0197409e+00
   5.1000000e+01   1.0155674e+00
   5.2000000e+01   1.0109314e+00
   5.3000000e+01   1.0059387e+00
   5.4000000e+01   1.0006929e+00
   5.5000000e+01   9.9529373e-01
   5.6000000e+01   9.8983617e-01
   5.7000000e+01   9.8440896e-01
   5.8000000e+01   9.7909385e-01
   5.9000000e+01   9.7396489e-01
   6.0000000e+01   9.6908776e-01
   6.1000000e+01   9.6451944e-01
   6.2000000e+01   9.6030794e-01
   6.3000000e+01   9.5649219e-01
   6.4000000e+01   9.5310216e-01
   6.5000000e+01   9.5015899e-01
   6.6000000e+01   9.4767536e-01
   6.7000000e+01   9.4565591e-01
   6.8000000e+01   9.4409773e-01
   6.9000000e+01   9.4299101e-01
   7.0000000e+01   9.4231965e-01
   7.1000000e+01   9.4206201e-01
   7.2000000e+01   9.4219162e-01
   7.3000000e+01   9.4267800e-01
   7.4000000e+01   9.4348735e-01
   7.5000000e+01   9.4458337e-01
   7.6000000e+01   9.4592800e-01
   7.7000000e+01   9.4748213e-01
   7.8000000e+01   9.4920628e-01
   7.9000000e+01   9.5106124e-01
   8.0000000e+01   9.5300868e-01
   8.1000000e+01   9.5501164e-01
   8.2000000e+01   9.5703502e-01
   8.3000000e+01   9.5904600e-01
   8.4000000e+01   9.6101435e-01
   8.5000000e+01   9.6291275e-01
   8.6000000e+01   9.6471694e-01
   8.7000000e+01   9.6640594e-01
   8.8000000e+01   9.6796207e-01
   8.9000000e+01   9.6937101e-01
   9.0000000e+01   9.7062179e-01
   9.1000000e+01   9.7170669e-01
   9.2000000e+01   9.7262111e-01
   9.3000000e+01   9.7336344e-01
   9.4000000e+01   9.7393486e-01
   9.5000000e+01   9.7433909e-01
   9.6000000e+01   9.7458219e-01
   9.7000000e+01   9.7467224e-01
   9.8000000e+01   9.7461912e-01
   9.9000000e+01   9.7443419e-01
   1.0000000e+02   9.7413000e-01
   1.0100000e+02   9.7372005e-01
   1.0200000e+02   9.7321845e-01
   1.0300000e+02   9.7263973e-01
   1.0400000e+02   9.7199852e-01
   1.0500000e+02   9.7130934e-01
   1.0600000e+02   9.7058639e-01
   1.0700000e+02   9.6984335e-01
   1.0800000e+02   9.6909321e-01
   1.0900000e+02   9.6834809e-01
   1.1000000e+02   9.6761916e-01
   1.1100000e+02   9.6691652e-01
   1.1200000e+02   9.6624911e-01
   1.1300000e+02   9.6562466e-01
   1.1400000e+02   9.6504970e-01
   1.1500000e+02   9.6452946e-01
   1.1600000e+02   9.6406799e-01
   1.1700000e+02   9.6366810e-01
   1.1800000e+02   9.6333145e-01
   1.1900000e+02   9.6305859e-01
   1.2000000e+02   9.6284906e-01
   1.2100000e+02   9.6270144e-01
   1.2200000e+02   9.6261346e-01
   1.2300000e+02   9.6258210e-01
   1.2400000e+02   9.6260366e-01
   1.2500000e+02   9.6267393e-01
   1.2600000e+02   9.6278823e-01
   1.2700000e+02   9.6294155e-01
   1.2800000e+02   9.6312865e-01
   1.2900000e+02   9.6334414e-01
   1.3000000e+02   9.6358260e-01
   1.3100000e+02   9.6383864e-01
   1.3200000e+02   9.6410701e-01
   1.3300000e+02   9.6438265e-01
   1.3400000e+02   9.6466076e-01
   1.3500000e+02   9.6493684e-01
   1.3600000e+02   9.6520677e-01
   1.3700000e+02   9.6546683e-01
   1.3800000e+02   9.6571371e-01
   1.3900000e+02   9.6594457e-01
   1.4000000e+02   9.6615701e-01
   1.4100000e+02   9.6634909e-01
   1.4200000e+02   9.6651935e-01
   1.4300000e+02   9.6666674e-01
   1.4400000e+02   9.6679068e-01
   1.4500000e+02   9.6689096e-01
   1.4600000e+02   9.6696778e-01
   1.4700000e+02   9.6702168e-01
   1.4800000e+02   9.6705350e-01
   1.4900000e+02   9.6706438e-01
   1.5000000e+02   9.6705570e-01
   1.5100000e+02   9.6702902e-01
   1.5200000e+02   9.6698608e-01
   1.5300000e+02   9.6692874e-01
   1.5400000e+02   9.6685896e-01
   1.5500000e+02   9.6677873e-01
   1.5600000e+02   9.6669005e-01
   1.5700000e+02   9.6659493e-01
   1.5800000e+02   9.6649531e-01
   1.5900000e+02   9.6639306e-01
   1.6000000e+02   9.6628996e-01
   1.6100000e+02   9.6618767e-01
   1.6200000e+02   9.6608771e-01
   1.6300000e+02   9.6599146e-01
   1.6400000e+02   9.6590013e-01
   1.6500000e+02   9.6581479e-01
   1.6600000e+02   9.6573630e-01
   1.6700000e+02   9.6566538e-01
   1.6800000e+02   9.6560257e-01
   1.6900000e+02   9.6554824e-01
   1.7000000e+02   9.6550262e-01
   1.7100000e+02   9.6546576e-01
   1.7200000e+02   9.6543760e-01
   1.7300000e+02   9.6541793e-01
   1.7400000e+02   9.6540642e-01
   1.7500000e+02   9.6540266e-01
   1.7600000e+02   9.6540614e-01
   1.7700000e+02   9.6541626e-01
   1.7800000e+02   9.6543239e-01
   1.7900000e+02   9.6545383e-01
   1.8000000e+02   9.6547985e-01
   1.8100000e+02   9.6550973e-01
   1.8200000e+02   9.6554270e-01
   1.8300000e+02   9.6557804e-01
   1.8400000e+02   9.6561502e-01
   1.8500000e+02   9.6565295e-01
   1.8600000e+02   9.6569117e-01
   1.8700000e+02   9.6572907e-01
   1.8800000e+02   9.6576608e-01
   1.8900000e+02   9.6580170e-01
   1.9000000e+02   9.6583548e-01
   1.9100000e+02   9.6586704e-01
   1.9200000e+02   9.6589603e-01
   1.9300000e+02   9.6592222e-01
   1.9400000e+02   9.6594539e-01
   1.9500000e+02   9.6596541e-01
   1.9600000e+02   9.6598221e-01
   1.9700000e+02   9.6599575e-01
   1.9800000e+02   9.6600607e-01
   1.9900000e+02   9.6601325e-01
   2.0000000e+02   9.6601741e-01
   2.0100000e+02   9.6601870e-01
   2.0200000e+02   9.6601732e-01
   2.0300000e+02   9.6601348e-01
   2.0400000e+02   9.6600742e-01
   2.0500000e+02   9.6599941e-01
   2.0600000e+02   9.6598970e-01
   2.0700000e+02   9.6597858e-01
   2.0800000e+02   9.6596632e-01
   2.0900000e+02   9.6595319e-01
   2.1000000e+02   9.6593947e-01
   2.1100000e+02   9.6592540e-01
   2.1200000e+02   9.6591123e-01
   2.1300000e+02   9.6589719e-01
   2.1400000e+02   9.6588348e-01
   2.1500000e+02   9.6587030e-01
   2.1600000e+02   9.6585780e-01
   2.1700000e+02   9.6584614e-01
   2.1800000e+02   9.6583542e-01
   2.1900000e+02   9.6582576e-01
   2.2000000e+02   9.6581721e-01
   2.2100000e+02   9.6580983e-01
   2.2200000e+02   9.6580365e-01
   2.2300000e+02   9.6579867e-01
   2.2400000e+02   9.6579489e-01
   2.2500000e+02   9.6579227e-01
   2.2600000e+02   9.6579077e-01
   2.2700000e+02   9.6579033e-01
   2.2800000e+02   9.6579087e-01
   2.2900000e+02   9.6579233e-01
   2.3000000e+02   9.6579460e-01
   2.3100000e+02   9.6579760e-01
   2.3200000e+02   9.6580122e-01
   2.3300000e+02   9.6580536e-01
   2.3400000e+02   9.6580992e-01
   2.3500000e+02   9.6581479e-01
   2.3600000e+02   9.6581989e-01
   2.3700000e+02   9.6582511e-01
   2.3800000e+02   9.6583036e-01
   2.3900000e+02   9.6583556e-01
   2.4000000e+02   9.6584064e-01
   2.4100000e+02   9.6584552e-01
   2.4200000e+02   9.6585014e-01
   2.4300000e+02   9.6585445e-01
   2.4400000e+02   9.6585841e-01
   2.4500000e+02   9.6586198e-01
   2.4600000e+02   9.6586513e-01
   2.4700000e+02   9.6586785e-01
   2.4800000e+02   9.6587012e-01
   2.4900000e+02   9.6587195e-01
   2.5000000e+02   9.6587334e-01
   2.5100000e+02   9.6587430e-01
   2.5200000e+02   9.6587484e-01
   2.5300000e+02   9.6587499e-01
   2.5400000e+02   9.6587477e-01
   2.5500000e+02   9.6587422e-01
   2.5600000e+02   9.6587337e-01
   2.5700000e+02   9.6587225e-01
   2.5800000e+02   9.6587090e-01
   2.5900000e+02   9.6586936e-01
   2.6000000e+02   9.6586766e-01
   2.6100000e+02   9.6586585e-01
   2.6200000e+02   9.6586396e-01
   2.6300000e+02   9.6586202e-01
   2.6400000e+02   9.6586008e-01
   2.6500000e+02   9.6585815e-01
   2.6600000e+02   9.6585627e-01
   2.6700000e+02   9.6585446e-01
   2.6800000e+02   9.6585275e-01
   2.6900000e+02   9.6585116e-01
   2.7000000e+02   9.6584970e-01
   2.7100000e+02   9.6584838e-01
   2.7200000e+02   9.6584722e-01
   2.7300000e+02   9.6584621e-01
   2.7400000e+02   9.6584538e-01
   2.7500000e+02   9.6584471e-01
   2.7600000e+02   9.6584420e-01
   2.7700000e+02   9.6584385e-01
   2.7800000e+02   9.6584365e-01
   2.7900000e+02   9.6584360e-01
   2.8000000e+02   9.6584369e-01
   2.8100000e+02   9.6584390e-01
   2.8200000e+02   9.6584422e-01
   2.8300000e+02   9.6584464e-01
   2.8400000e+02   9.6584514e-01
   2.8500000e+02   9.6584571e-01
   2.8600000e+02   9.6584634e-01
   2.8700000e+02   9.6584702e-01
   2.8800000e+02   9.6584772e-01
   2.8900000e+02   9.6584844e-01
   2.9000000e+02   9.6584916e-01
   2.9100000e+02   9.6584987e-01
   2.9200000e+02   9.6585057e-01
   2.9300000e+02   9.6585123e-01
   2.9400000e+02   9.6585187e-01
   2.9500000e+02   9.6585246e-01
   2.9600000e+02   9.6585300e-01
   2.9700000e+02   9.6585348e-01
   2.9800000e+02   9.6585391e-01
   2.9900000e+02   9.6585428e-01
   3.0000000e+02   9.6585459e-01
   3.0100000e+02   9.6585484e-01
   3.0200000e+02   9.6585502e-01
   3.0300000e+02   9.6585515e-01
   3.0400000e+02   9.6585522e-01
   3.0500000e+02   9.6585524e-01
   3.0600000e+02   9.6585520e-01
   3.0700000e+02   9.6585512e-01
   3.0800000e+02   9.6585500e-01
   3.0900000e+02   9.6585485e-01
   3.1000000e+02   9.6585466e-01
   3.1100000e+02   9.6585445e-01
   3.1200000e+02   9.6585421e-01
   3.1300000e+02   9.6585396e-01
   3.1400000e+02   9.6585370e-01
   3.1500000e+02   9.6585344e-01
   3.1600000e+02   9.6585317e-01
   3.1700000e+02   9.6585290e-01
   3.1800000e+02   9.6585265e-01
   3.1900000e+02   9.6585240e-01
   3.2000000e+02   9.6585216e-01
   3.2100000e+02   9.6585195e-01
   3.2200000e+02   9.6585175e-01
   3.2300000e+02   9.6585157e-01
   3.2400000e+02   9.6585141e-01
   3.2500000e+02   9.6585127e-01
   3.2600000e+02   9.6585116e-01
   3.2700000e+02   9.6585107e-01
   3.2800000e+02   9.6585100e-01
   3.2900000e+02   9.6585096e-01
   3.3000000e+02   9.6585093e-01
   3.3100000e+02   9.6585092e-01
   3.3200000e+02   9.6585094e-01
   3.3300000e+02   9.6585097e-01
   3.3400000e+02   9.6585101e-01
   3.3500000e+02   9.6585107e-01
   3.3600000e+02   9.6585114e-01
   3.3700000e+02   9.6585122e-01
   3.3800000e+02   9.6585131e-01
   3.3900000e+02   9.6585140e-01
   3.4000000e+02   9.6585150e-01
   3.4100000e+02   9.6585160e-01
   3.4200000e+02   9.6585169e-01
   3.4300000e+02   9.6585179e-01
   3.4400000e+02   9.6585189e-01
   3.4500000e+02   9.6585198e-01
   3.4600000e+02   9.6585207e-01
   3.4700000e+02   9.6585215e-01
   3.4800000e+02   9.6585222e-01
   3.4900000e+02   9.6585229e-01
   3.5000000e+02   9.6585234e-01
   3.5100000e+02   9.6585239e-01
   3.5200000e+02   9.6585244e-01
   3.5300000e+02   9.6585247e-01
   3.5400000e+02   9.6585249e-01
   3.5500000e+02   9.6585251e-01
   3.5600000e+02   9.6585252e-01
   3.5700000e+02   9.6585252e-01
   3.5800000e+02   9.6585252e-01
   3.5900000e+02   9.6585251e-01
   3.6000000e+02   9.6585249e-01
   3.6100000e+02   9.6585247e-01
   3.6200000e+02   9.6585244e-01
   3.6300000e+02   9.6585241e-01
   3.6400000e+02   9.6585238e-01
   3.6500000e+02   9.6585235e-01
   3.6600000e+02   9.6585231e-01
   3.6700000e+02   9.6585227e-01
   3.6800000e+02   9.6585224e-01
   3.6900000e+02   9.6585220e-01
   3.7000000e+02   9.6585216e-01
   3.7100000e+02   9.6585213e-01
   3.7200000e+02   9.6585210e-01
   3.7300000e+02   9.6585207e-01
   3.7400000e+02   9.6585204e-01
   3.7500000e+02   9.6585202e-01
   3.7600000e+02   9.6585200e-01
   3.7700000e+02   9.6585198e-01
   3.7800000e+02   9.6585196e-01
   3.7900000e+02   9.6585195e-01
   3.8000000e+02   9.6585194e-01
   3.8100000e+02   9.6585193e-01
   3.8200000e+02   9.6585193e-01
   3.8300000e+02   9.6585193e-01
   3.8400000e+02   9.6585193e-01
   3.8500000e+02   9.6585194e-01
   3.8600000e+02   9.6585194e-01
   3.8700000e+02   9.6585195e-01
   3.8800000e+02   9.6585196e-01
   3.8900000e+02   9.6585197e-01
   3.9000000e+02   9.6585198e-01
   3.9100000e+02   9.6585200e-01
   3.9200000e+02   9.6585201e-01
   3.9300000e+02   9.6585202e-01
   3.9400000e+02   9.6585204e-01
   3.9500000e+02   9.6585205e-01
   3.9600000e+02   9.6585206e-01
   3.9700000e+02   9.6585208e-01
   3.9800000e+02   9.6585209e-01
   3.9900000e+02   9.6585210e-01
   4.0000000e+02   9.6585211e-01
   4.0100000e+02   9.6585212e-01
   4.0200000e+02   9.6585213e-01
   4.0300000e+02   9.6585213e-01
   4.0400000e+02   9.6585214e-01
   4.0500000e+02   9.6585214e-01
   4.0600000e+02   9.6585215e-01
   4.0700000e+02   9.6585215e-01
   4.0800000e+02   9.6585215e-01
   4.0900000e+02   9.6585215e-01
   4.1000000e+02   9.6507342e-01
   4.1100000e+02   9.6302160e-01
   4.1200000e+02   9.6004885e-01
   4.1300000e+02   9.5642601e-01
   4.1400000e+02   9.5236078e-01
   4.1500000e+02   9.4801181e-01
   4.1600000e+02   9.4349968e-01
   4.1700000e+02   9.3891551e-01
   4.1800000e+02   9.3432756e-01
   4.1900000e+02   9.2978646e-01
   4.2000000e+02   9.2533649e-01
   4.2100000e+02   9.2102792e-01
   4.2200000e+02   9.1691585e-01
   4.2300000e+02   9.1305285e-01
   4.2400000e+02   9.0948477e-01
   4.2500000e+02   9.0624879e-01
   4.2600000e+02   9.0337280e-01
   4.2700000e+02   9.0087560e-01
   4.2800000e+02   8.9876767e-01
   4.2900000e+02   8.9705216e-01
   4.3000000e+02   8.9572589e-01
   4.3100000e+02   8.9478024e-01
   4.3200000e+02   8.9420163e-01
   4.3300000e+02   8.9397206e-01
   4.3400000e+02   8.9406957e-01
   4.3500000e+02   8.9446873e-01
   4.3600000e+02   8.9514128e-01
   4.3700000e+02   8.9605674e-01
   4.3800000e+02   8.9718306e-01
   4.3900000e+02   8.9848725e-01
   4.4000000e+02   8.9993601e-01
   4.4100000e+02   9.0149624e-01
   4.4200000e+02   9.0313557e-01
   4.4300000e+02   9.0482280e-01
   4.4400000e+02   9.0652828e-01
   4.4500000e+02   9.0822429e-01
   4.4600000e+02   9.0988526e-01
   4.4700000e+02   9.1148807e-01
   4.4800000e+02   9.1301217e-01
   4.4900000e+02   9.1443977e-01
   4.5000000e+02   9.1575587e-01
   4.5100000e+02   9.1694829e-01
   4.5200000e+02   9.1800767e-01
   4.5300000e+02   9.1892742e-01
   4.5400000e+02   9.1970355e-01
   4.5500000e+02   9.2033463e-01
   4.5600000e+02   9.2082156e-01
   4.5700000e+02   9.2116741e-01
   4.5800000e+02   9.2137721e-01
   4.5900000e+02   9.2145773e-01
   4.6000000e+02   9.2141722e-01
   4.6100000e+02   9.2126523e-01
   4.6200000e+02   9.2101231e-01
   4.6300000e+02   9.2066980e-01
   4.6400000e+02   9.2024960e-01
   4.6500000e+02   9.1976394e-01
   4.6600000e+02   9.1922514e-01
   4.6700000e+02   9.1864546e-01
   4.6800000e+02   9.1803689e-01
   4.6900000e+02   9.1741096e-01
   4.7000000e+02   9.1677866e-01
   4.7100000e+02   9.1615023e-01
   4.7200000e+02   9.1553511e-01
   4.7300000e+02   9.1494187e-01
   4.7400000e+02   9.1437805e-01
   4.7500000e+02   9.1385024e-01
   4.7600000e+02   9.1336395e-01
   4.7700000e+02   9.1292366e-01
   4.7800000e+02   9.1253279e-01
   4.7900000e+02   9.1219376e-01
   4.8000000e+02   9.1190800e-01
   4.8100000e+02   9.1167602e-01
   4.8200000e+02   9.1149745e-01
   4.8300000e+02   9.1137113e-01
   4.8400000e+02   9.1129516e-01
   4.8500000e+02   9.1126702e-01
   4.8600000e+02   9.1128362e-01
   4.8700000e+02   9.1134141e-01
   4.8800000e+02   9.1143647e-01
   4.8900000e+02   9.1156458e-01
   4.9000000e+02   9.1172133e-01
   4.9100000e+02   9.1190218e-01
   4.9200000e+02   9.1210256e-01
   4.9300000e+02   9.1231793e-01
   4.9400000e+02   9.1254385e-01
   4.9500000e+02   9.1277605e-01
   4.9600000e+02   9.1301047e-01
   4.9700000e+02   9.1324332e-01
   4.9800000e+02   9.1347111e-01
   4.9900000e+02   9.1369068e-01
   5.0000000e+02   9.1389925e-01
   5.0100000e+02   9.1409439e-01
   5.0200000e+02   9.1427407e-01
   5.0300000e+02   9.1443664e-01
   5.0400000e+02   9.1458085e-01
   5.0500000e+02   9.1470582e-01
   5.0600000e+02   9.1481102e-01
   5.0700000e+02   9.1489629e-01
   5.0800000e+02   9.1496177e-01
   5.0900000e+02   9.1500790e-01
   5.1000000e+02   9.1503539e-01
   5.1100000e+02   9.1504519e-01
   5.1200000e+02   9.1503845e-01
   5.1300000e+02   9.1501649e-01
   5.1400000e+02   9.1498078e-01
   5.1500000e+02   9.1493286e-01
   5.1600000e+02   9.1487440e-01
   5.1700000e+02   9.1480705e-01
   5.1800000e+02   9.1473254e-01
   5.1900000e+02   9.1465252e-01
   5.2000000e+02   9.1456866e-01
   5.2100000e+02   9.1448252e-01
   5.2200000e+02   9.1439561e-01
   5.2300000e+02   9.1430934e-01
   5.2400000e+02   9.1422498e-01
   5.2500000e+02   9.1414371e-01
   5.2600000e+02   9.1406656e-01
   5.2700000e+02   9.1399442e-01
   5.2800000e+02   9.1392803e-01
   5.2900000e+02   9.1386801e-01
   5.3000000e+02   9.1381480e-01
   5.3100000e+02   9.1376874e-01
   5.3200000e+02   9.1373001e-01
   5.3300000e+02   9.1369867e-01
   5.3400000e+02   9.1367466e-01
   5.3500000e+02   9.1365782e-01
   5.3600000e+02   9.1364788e-01
   5.3700000e+02   9.1364448e-01
   5.3800000e+02   9.1364719e-01
   5.3900000e+02   9.1365553e-01
   5.4000000e+02   9.1366895e-01
   5.4100000e+02   9.1368686e-01
   5.4200000e+02   9.1370867e-01
   5.4300000e+02   9.1373374e-01
   5.4400000e+02   9.1376146e-01
   5.4500000e+02   9.1379118e-01
   5.4600000e+02   9.1382231e-01
   5.4700000e+02   9.1385427e-01
   5.4800000e+02   9.1388648e-01
   5.4900000e+02   9.1391845e-01
   5.5000000e+02   9.1394969e-01
   5.5100000e+02   9.1397977e-01
   5.5200000e+02   9.1400830e-01
   5.5300000e+02   9.1403498e-01
   5.5400000e+02   9.1405950e-01
   5.5500000e+02   9.1408167e-01
   5.5600000e+02   9.1410129e-01
   5.5700000e+02   9.1411827e-01
   5.5800000e+02   9.1413253e-01
   5.5900000e+02   9.1414405e-01
   5.6000000e+02   9.1415285e-01
   5.6100000e+02   9.1415900e-01
   5.6200000e+02   9.1416259e-01
   5.6300000e+02   9.1416376e-01
   5.6400000e+02   9.1416268e-01
   5.6500000e+02   9.1415951e-01
   5.6600000e+02   9.1415447e-01
   5.6700000e+02   9.1414778e-01
   5.6800000e+02   9.1413964e-01
   5.6900000e+02   9.1413031e-01
   5.7000000e+02   9.1412000e-01
   5.7100000e+02   9.1410896e-01
   5.7200000e+02   9.1409740e-01
   5.7300000e+02   9.1408555e-01
   5.7400000e+02   9.1407361e-01
   5.7500000e+02   9.1406176e-01
   5.7600000e+02   9.1405020e-01
   5.7700000e+02   9.1403906e-01
   5.7800000e+02   9.1402851e-01
   5.7900000e+02   9.1401865e-01
   5.8000000e+02   9.1400959e-01
   5.8100000e+02   9.1400140e-01
   5.8200000e+02   9.1399416e-01
   5.8300000e+02   9.1398791e-01
   5.8400000e+02   9.1398266e-01
   5.8500000e+02   9.1397842e-01
   5.8600000e+02   9.1397520e-01
   5.8700000e+02   9.1397295e-01
   5.8800000e+02   9.1397166e-01
   5.8900000e+02   9.1397125e-01
   5.9000000e+02   9.1397168e-01
   5.9100000e+02   9.1397288e-01
   5.9200000e+02   9.1397478e-01
   5.9300000e+02   9.1397728e-01
   5.9400000e+02   9.1398031e-01
   5.9500000e+02   9.1398379e-01
   5.9600000e+02   9.1398762e-01
   5.9700000e+02   9.1399172e-01
   5.9800000e+02   9.1399601e-01
   5.9900000e+02   9.1400041e-01
   6.0000000e+02   9.1400484e-01
   6.0100000e+02   9.1400923e-01
   6.0200000e+02   9.1401351e-01
   6.0300000e+02   9.1401763e-01
   6.0400000e+02   9.1402153e-01
   6.0500000e+02   9.1402518e-01
   6.0600000e+02   9.1402853e-01
   6.0700000e+02   9.1403155e-01
   6.0800000e+02   9.1403422e-01
   6.0900000e+02   9.1403652e-01
   6.1000000e+02   9.1403846e-01
   6.1100000e+02   9.1404001e-01
   6.1200000e+02   9.1404119e-01
   6.1300000e+02   9.1404201e-01
   6.1400000e+02   9.1404248e-01
   6.1500000e+02   9.1404262e-01
   6.1600000e+02   9.1404245e-01
   6.1700000e+02   9.1404199e-01
   6.1800000e+02   9.1404128e-01
   6.1900000e+02   9.1404035e-01
   6.2000000e+02   9.1403922e-01
   6.2100000e+02   9.1403792e-01
   6.2200000e+02   9.1403650e-01
   6.2300000e+02   9.1403497e-01
   6.2400000e+02   9.1403338e-01
   6.2500000e+02   9.1403175e-01
   6.2600000e+02   9.1403011e-01
   6.2700000e+02   9.1402848e-01
   6.2800000e+02   9.1402690e-01
   6.2900000e+02   9.1402537e-01
   6.3000000e+02   9.1402393e-01
   6.3100000e+02   9.1402258e-01
   6.3200000e+02   9.1402134e-01
   6.3300000e+02   9.1402023e-01
   6.3400000e+02   9.1401924e-01
   6.3500000e+02   9.1401839e-01
   6.3600000e+02   9.1401768e-01
   6.3700000e+02   9.1401711e-01
   6.3800000e+02   9.1401668e-01
   6.3900000e+02   9.1401638e-01
   6.4000000e+02   9.1401621e-01
   6.4100000e+02   9.1401616e-01
   6.4200000e+02   9.1401623e-01
   6.4300000e+02   9.1401640e-01
   6.4400000e+02   9.1401667e-01
   6.4500000e+02   9.1401702e-01
   6.4600000e+02   9.1401744e-01
   6.4700000e+02   9.1401792e-01
   6.4800000e+02   9.1401845e-01
   6.4900000e+02   9.1401902e-01
   6.5000000e+02   9.1401961e-01
   6.5100000e+02   9.1402021e-01
   6.5200000e+02   9.1402082e-01
   6.5300000e+02   9.1402143e-01
   6.5400000e+02   9.1402201e-01
   6.5500000e+02   9.1402258e-01
   6.5600000e+02   9.1402311e-01
   6.5700000e+02   9.1402361e-01
   6.5800000e+02   9.1402407e-01
   6.5900000e+02   9.1402448e-01
   6.6000000e+02   9.1402484e-01
   6.6100000e+02   9.1402515e-01
   6.6200000e+02   9.1402542e-01
   6.6300000e+02   9.1402563e-01
   6.6400000e+02   9.1402579e-01
   6.6500000e+02   9.1402589e-01
   6.6600000e+02   9.1402596e-01
   6.6700000e+02   9.1402597e-01
   6.6800000e+02   9.1402594e-01
   6.6900000e+02   9.1402588e-01
   6.7000000e+02   9.1402578e-01
   6.7100000e+02   9.1402565e-01
   6.7200000e+02   9.1402549e-01
   6.7300000e+02   9.1402531e-01
   6.7400000e+02   9.1402511e-01
   6.7500000e+02   9.1402490e-01
   6.7600000e+02   9.1402469e-01
   6.7700000e+02   9.1402446e-01
   6.7800000e+02   9.1402424e-01
   6.7900000e+02   9.1402401e-01
   6.8000000e+02   9.1402379e-01
   6.8100000e+02   9.1402359e-01
   6.8200000e+02   9.1402339e-01
   6.8300000e+02   9.1402320e-01
   6.8400000e+02   9.1402304e-01
   6.8500000e+02   9.1402288e-01
   6.8600000e+02   9.1402275e-01
   6.8700000e+02   9.1402263e-01
   6.8800000e+02   9.1402254e-01
   6.8900000e+02   9.1402246e-01
   6.9000000e+02   9.1402240e-01
   6.9100000e+02   9.1402236e-01
   6.9200000e+02   9.1402234e-01
   6.9300000e+02   9.1402234e-01
   6.9400000e+02   9.1402235e-01
   6.9500000e+02   9.1402237e-01
   6.9600000e+02   9.1402241e-01
   6.9700000e+02   9.1402246e-01
   6.9800000e+02   9.1402252e-01
   6.9900000e+02   9.1402258e-01
   7.0000000e+02   9.1402266e-01
   7.0100000e+02   9.1402273e-01
   7.0200000e+02   9.1402281e-01
   7.0300000e+02   9.1402290e-01
   7.0400000e+02   9.1402298e-01
   7.0500000e+02   9.1402306e-01
   7.0600000e+02   9.1402314e-01
   7.0700000e+02   9.1402322e-01
   7.0800000e+02   9.1402330e-01
   7.0900000e+02   9.1402336e-01
   7.1000000e+02   9.1402343e-01
   7.1100000e+02   9.1402348e-01
   7.1200000e+02   9.1402353e-01
   7.1300000e+02   9.1402357e-01
   7.1400000e+02   9.1402361e-01
   7.1500000e+02   9.1402364e-01
   7.1600000e+02   9.1402366e-01
   7.1700000e+02   9.1402367e-01
   7.1800000e+02   9.1402368e-01
   7.1900000e+02   9.1402368e-01
   7.2000000e+02   9.1402368e-01
   7.2100000e+02   9.1402367e-01
   7.2200000e+02   9.1402366e-01
   7.2300000e+02   9.1402364e-01
   7.2400000e+02   9.1402362e-01
   7.2500000e+02   9.1402359e-01
   7.2600000e+02   9.1402356e-01
   7.2700000e+02   9.1402353e-01
   7.2800000e+02   9.1402350e-01
   7.2900000e+02   9.1402347e-01
   7.3000000e+02   9.1402344e-01
   7.3100000e+02   9.1402341e-01
   7.3200000e+02   9.1402338e-01
   7.3300000e+02   9.1402335e-01
   7.3400000e+02   9.1402333e-01
   7.3500000e+02   9.1402330e-01
   7.3600000e+02   9.1402328e-01
   7.3700000e+02   9.1402326e-01
   7.3800000e+02   9.1402324e-01
   7.3900000e+02   9.1402322e-01
   7.4000000e+02   9.1402321e-01
   7.4100000e+02   9.1402320e-01
   7.4200000e+02   9.1402319e-01
   7.4300000e+02   9.1402319e-01
   7.4400000e+02   9.1402318e-01
   7.4500000e+02   9.1402318e-01
   7.4600000e+02   9.1402318e-01
   7.4700000e+02   9.1402319e-01
   7.4800000e+02   9.1402319e-01
   7.4900000e+02   9.1402320e-01
   7.5000000e+02   9.1402321e-01
   7.5100000e+02   9.1402322e-01
   7.5200000e+02   9.1402323e-01
   7.5300000e+02   9.1402324e-01
   7.5400000e+02   9.1402325e-01
   7.5500000e+02   9.1402326e-01
   7.5600000e+02   9.1402327e-01
   7.5700000e+02   9.1402328e-01
   7.5800000e+02   9.1402330e-01
   7.5900000e+02   9.1402331e-01
   7.6000000e+02   9.1402332e-01
   7.6100000e+02   9.1402333e-01
   7.6200000e+02   9.1402333e-01
   7.6300000e+02   9.1402334e-01
   7.6400000e+02   9.1402335e-01
   7.6500000e+02   9.1402335e-01
   7.6600000e+02   9.1402336e-01
   7.6700000e+02   9.1402336e-01
   7.6800000e+02   9.1402337e-01
   7.6900000e+02   9.1402337e-01
   7.7000000e+02   9.1402337e-01
   7.7100000e+02   9.1402337e-01
   7.7200000e+02   9.1402337e-01
   7.7300000e+02   9.1402337e-01
   7.7400000e+02   9.1402336e-01
   7.7500000e+02   9.1402336e-01
   7.7600000e+02   9.1402336e-01
   7.7700000e+02   9.1402336e-01
   7.7800000e+02   9.1402335e-01
   7.7900000e+02   9.1402335e-01
   7.8000000e+02   9.1402334e-01
   7.8100000e+02   9.1402334e-01
   7.8200000e+02   9.1402334e-01
   7.8300000e+02   9.1402333e-01
   7.8400000e+02   9.1402333e-01
   7.8500000e+02   9.1402332e-01
   7.8600000e+02   9.1402332e-01
   7.8700000e+02   9.1402332e-01
   7.8800000e+02   9.1402331e-01
   7.8900000e+02   9.1402331e-01
   7.9000000e+02   9.1402331e-01
   7.9100000e+02   9.1402331e-01
   7.9200000e+02   9.1402330e-01
   7.9300000e+02   9.1402330e-01
   7.9400000e+02   9.1402330e-01
   7.9500000e+02   9.1402330e-01
   7.9600000e+02   9.1402330e-01
   7.9700000e+02   9.1402330e-01
   7.9800000e+02   9.1402330e-01
   7.9900000e+02   9.1402330e-01
   8.0000000e+02   9.1402330e-01
   8.0100000e+02   9.1402330e-01
   8.0200000e+02   9.1402330e-01
   8.0300000e+02   9.1402330e-01
   8.0400000e+02   9.1402331e-01
   8.0500000e+02   9.1402331e-01
   8.0600000e+02   9.1402331e-01
   8.0700000e+02   9.1402331e-01
   8.0800000e+02   9.1402331e-01
   8.0900000e+02   9.1402331e-01
   8.1000000e+02   9.1480204e-01
   8.1100000e+02   9.1685386e-01
   8.1200000e+02   9.1982661e-01
   8.1300000e+02   9.2344945e-01
   8.1400000e+02   9.2751468e-01
   8.1500000e+02   9.3186365e-01
   8.1600000e+02   9.3637578e-01
   8.1700000e+02   9.4095995e-01
   8.1800000e+02   9.4554789e-01
   8.1900000e+02   9.5008898e-01
   8.2000000e+02   9.5453895e-01
   8.2100000e+02   9.5884752e-01
   8.2200000e+02   9.6295958e-01
   8.2300000e+02   9.6682258e-01
   8.2400000e+02   9.7039066e-01
   8.2500000e+02   9.7362663e-01
   8.2600000e+02   9.7650261e-01
   8.2700000e+02   9.7899981e-01
   8.2800000e+02   9.8110774e-01
   8.2900000e+02   9.8282325e-01
   8.3000000e+02   9.8414951e-01
   8.3100000e+02   9.8509517e-01
   8.3200000e+02   9.8567378e-01
   8.3300000e+02   9.8590334e-01
   8.3400000e+02   9.8580583e-01
   8.3500000e+02   9.8540667e-01
   8.3600000e+02   9.8473412e-01
   8.3700000e+02   9.8381866e-01
   8.3800000e+02   9.8269234e-01
   8.3900000e+02   9.8138815e-01
   8.4000000e+02   9.7993939e-01
   8.4100000e+02   9.7837916e-01
   8.4200000e+02   9.7673983e-01
   8.4300000e+02   9.7505261e-01
   8.4400000e+02   9.7334712e-01
   8.4500000e+02   9.7165112e-01
   8.4600000e+02   9.6999015e-01
   8.4700000e+02   9.6838734e-01
   8.4800000e+02   9.6686324e-01
   8.4900000e+02   9.6543564e-01
   8.5000000e+02   9.6411955e-01
   8.5100000e+02   9.6292713e-01
   8.5200000e+02   9.6186774e-01
   8.5300000e+02   9.6094800e-01
   8.5400000e+02   9.6017187e-01
   8.5500000e+02   9.5954079e-01
   8.5600000e+02   9.5905386e-01
   8.5700000e+02   9.5870801e-01
   8.5800000e+02   9.5849821e-01
   8.5900000e+02   9.5841769e-01
   8.6000000e+02   9.5845820e-01
   8.6100000e+02   9.5861019e-01
   8.6200000e+02   9.5886311e-01
   8.6300000e+02   9.5920562e-01
   8.6400000e+02   9.5962582e-01
   8.6500000e+02   9.6011148e-01
   8.6600000e+02   9.6065028e-01
   8.6700000e+02   9.6122996e-01
   8.6800000e+02   9.6183853e-01
   8.6900000e+02   9.6246446e-01
   8.7000000e+02   9.6309676e-01
   8.7100000e+02   9.6372519e-01
   8.7200000e+02   9.6434030e-01
   8.7300000e+02   9.6493355e-01
   8.7400000e+02   9.6549736e-01
   8.7500000e+02   9.6602518e-01
   8.7600000e+02   9.6651147e-01
   8.7700000e+02   9.6695176e-01
   8.7800000e+02   9.6734263e-01
   8.7900000e+02   9.6768166e-01
   8.8000000e+02   9.6796742e-01
   8.8100000e+02   9.6819939e-01
   8.8200000e+02   9.6837796e-01
   8.8300000e+02   9.6850429e-01
   8.8400000e+02   9.6858025e-01
   8.8500000e+02   9.6860840e-01
   8.8600000e+02   9.6859180e-01
   8.8700000e+02   9.6853400e-01
   8.8800000e+02   9.6843894e-01
   8.8900000e+02   9.6831083e-01
   8.9000000e+02   9.6815409e-01
   8.9100000e+02   9.6797324e-01
   8.9200000e+02   9.6777286e-01
   8.9300000e+02   9.6755749e-01
   8.9400000e+02   9.6733157e-01
   8.9500000e+02   9.6709937e-01
   8.9600000e+02   9.6686495e-01
   8.9700000e+02   9.6663210e-01
   8.9800000e+02   9.6640431e-01
   8.9900000e+02   9.6618473e-01
   9.0000000e+02   9.6597616e-01
   9.0100000e+02   9.6578103e-01
   9.0200000e+02   9.6560135e-01
   9.0300000e+02   9.6543878e-01
   9.0400000e+02   9.6529457e-01
   9.0500000e+02   9.6516960e-01
   9.0600000e+02   9.6506440e-01
   9.0700000e+02   9.6497913e-01
   9.0800000e+02   9.6491365e-01
   9.0900000e+02   9.6486752e-01
   9.1000000e+02   9.6484003e-01
   9.1100000e+02   9.6483022e-01
   9.1200000e+02   9.6483696e-01
   9.1300000e+02   9.6485892e-01
   9.1400000e+02   9.6489464e-01
   9.1500000e+02   9.6494255e-01
   9.1600000e+02   9.6500102e-01
   9.1700000e+02   9.6506836e-01
   9.1800000e+02   9.6514288e-01
   9.1900000e+02   9.6522289e-01
   9.2000000e+02   9.6530676e-01
   9.2100000e+02   9.6539290e-01
   9.2200000e+02   9.6547981e-01
   9.2300000e+02   9.6556608e-01
   9.2400000e+02   9.6565043e-01
   9.2500000e+02   9.6573170e-01
   9.2600000e+02   9.6580885e-01
   9.2700000e+02   9.6588100e-01
   9.2800000e+02   9.6594738e-01
   9.2900000e+02   9.6600741e-01
   9.3000000e+02   9.6606061e-01
   9.3100000e+02   9.6610668e-01
   9.3200000e+02   9.6614541e-01
   9.3300000e+02   9.6617674e-01
   9.3400000e+02   9.6620075e-01
   9.3500000e+02   9.6621759e-01
   9.3600000e+02   9.6622754e-01
   9.3700000e+02   9.6623094e-01
   9.3800000e+02   9.6622822e-01
   9.3900000e+02   9.6621989e-01
   9.4000000e+02   9.6620647e-01
   9.4100000e+02   9.6618855e-01
   9.4200000e+02   9.6616674e-01
   9.4300000e+02   9.6614167e-01
   9.4400000e+02   9.6611396e-01
   9.4500000e+02   9.6608423e-01
   9.4600000e+02   9.6605310e-01
   9.4700000e+02   9.6602115e-01
   9.4800000e+02   9.6598893e-01
   9.4900000e+02   9.6595696e-01
   9.5000000e+02   9.6592573e-01
   9.5100000e+02   9.6589565e-01
   9.5200000e+02   9.6586711e-01
   9.5300000e+02   9.6584044e-01
   9.5400000e+02   9.6581591e-01
   9.5500000e+02   9.6579375e-01
   9.5600000e+02   9.6577412e-01
   9.5700000e+02   9.6575714e-01
   9.5800000e+02   9.6574289e-01
   9.5900000e+02   9.6573137e-01
   9.6000000e+02   9.6572257e-01
   9.6100000e+02   9.6571642e-01
   9.6200000e+02   9.6571283e-01
   9.6300000e+02   9.6571165e-01
   9.6400000e+02   9.6571274e-01
   9.6500000e+02   9.6571590e-01
   9.6600000e+02   9.6572094e-01
   9.6700000e+02   9.6572764e-01
   9.6800000e+02   9.6573577e-01
   9.6900000e+02   9.6574511e-01
   9.7000000e+02   9.6575541e-01
   9.7100000e+02   9.6576646e-01
   9.7200000e+02   9.6577801e-01
   9.7300000e+02   9.6578986e-01
   9.7400000e+02   9.6580181e-01
   9.7500000e+02   9.6581365e-01
   9.7600000e+02   9.6582522e-01
   9.7700000e+02   9.6583635e-01
   9.7800000e+02   9.6584691e-01
   9.7900000e+02   9.6585677e-01
   9.8000000e+02   9.6586583e-01
   9.8100000e+02   9.6587401e-01
   9.8200000e+02   9.6588125e-01
   9.8300000e+02   9.6588751e-01
   9.8400000e+02   9.6589276e-01
   9.8500000e+02   9.6589699e-01
   9.8600000e+02   9.6590022e-01
   9.8700000e+02   9.6590246e-01
   9.8800000e+02   9.6590376e-01
   9.8900000e+02   9.6590416e-01
   9.9000000e+02   9.6590373e-01
   9.9100000e+02   9.6590253e-01
   9.9200000e+02   9.6590064e-01
   9.9300000e+02   9.6589813e-01
   9.9400000e+02   9.6589510e-01
   9.9500000e+02   9.6589163e-01
   9.9600000e+02   9.6588779e-01
   9.9700000e+02   9.6588369e-01
   9.9800000e+02   9.6587940e-01
   9.9900000e+02   9.6587501e-01
   1.0000000e+03   9.6587058e-01
   1.0010000e+03   9.6586619e-01
   1.0020000e+03   9.6586191e-01
   1.0030000e+03   9.6585779e-01
   1.0040000e+03   9.6585388e-01
   1.0050000e+03   9.6585024e-01
   1.0060000e+03   9.6584689e-01
   1.0070000e+03   9.6584387e-01
   1.0080000e+03   9.6584120e-01
   1.0090000e+03   9.6583889e-01
   1.0100000e+03   9.6583696e-01
   1.0110000e+03   9.6583540e-01
   1.0120000e+03   9.6583422e-01
   1.0130000e+03   9.6583340e-01
   1.0140000e+03   9.6583293e-01
   1.0150000e+03   9.6583280e-01
   1.0160000e+03   9.6583297e-01
   1.0170000e+03   9.6583342e-01
   1.0180000e+03   9.6583413e-01
   1.0190000e+03   9.6583507e-01
   1.0200000e+03   9.6583620e-01
   1.0210000e+03   9.6583749e-01
   1.0220000e+03   9.6583892e-01
   1.0230000e+03   9.6584044e-01
   1.0240000e+03   9.6584203e-01
   1.0250000e+03   9.6584366e-01
   1.0260000e+03   9.6584531e-01
   1.0270000e+03   9.6584693e-01
   1.0280000e+03   9.6584852e-01
   1.0290000e+03   9.6585004e-01
   1.0300000e+03   9.6585149e-01
   1.0310000e+03   9.6585283e-01
   1.0320000e+03   9.6585407e-01
   1.0330000e+03   9.6585519e-01
   1.0340000e+03   9.6585617e-01
   1.0350000e+03   9.6585702e-01
   1.0360000e+03   9.6585773e-01
   1.0370000e+03   9.6585830e-01
   1.0380000e+03   9.6585874e-01
   1.0390000e+03   9.6585904e-01
   1.0400000e+03   9.6585921e-01
   1.0410000e+03   9.6585925e-01
   1.0420000e+03   9.6585918e-01
   1.0430000e+03   9.6585901e-01
   1.0440000e+03   9.6585875e-01
   1.0450000e+03   9.6585840e-01
   1.0460000e+03   9.6585797e-01
   1.0470000e+03   9.6585749e-01
   1.0480000e+03   9.6585696e-01
   1.0490000e+03   9.6585640e-01
   1.0500000e+03   9.6585581e-01
   1.0510000e+03   9.6585520e-01
   1.0520000e+03   9.6585459e-01
   1.0530000e+03   9.6585399e-01
   1.0540000e+03   9.6585340e-01
   1.0550000e+03   9.6585284e-01
   1.0560000e+03   9.6585230e-01
   1.0570000e+03   9.6585181e-01
   1.0580000e+03   9.6585135e-01
   1.0590000e+03   9.6585094e-01
   1.0600000e+03   9.6585057e-01
   1.0610000e+03   9.6585026e-01
   1.0620000e+03   9.6585000e-01
   1.0630000e+03   9.6584979e-01
   1.0640000e+03   9.6584963e-01
   1.0650000e+03   9.6584952e-01
   1.0660000e+03   9.6584946e-01
   1.0670000e+03   9.6584944e-01
   1.0680000e+03   9.6584947e-01
   1.0690000e+03   9.6584954e-01
   1.0700000e+03   9.6584964e-01
   1.0710000e+03   9.6584977e-01
   1.0720000e+03   9.6584992e-01
   1.0730000e+03   9.6585010e-01
   1.0740000e+03   9.6585030e-01
   1.0750000e+03   9.6585051e-01
   1.0760000e+03   9.6585073e-01
   1.0770000e+03   9.6585095e-01
   1.0780000e+03   9.6585118e-01
   1.0790000e+03   9.6585140e-01
   1.0800000e+03   9.6585162e-01
   1.0810000e+03   9.6585183e-01
   1.0820000e+03   9.6585203e-01
   1.0830000e+03   9.6585221e-01
   1.0840000e+03   9.6585238e-01
   1.0850000e+03   9.6585253e-01
   1.0860000e+03   9.6585267e-01
   1.0870000e+03   9.6585278e-01
   1.0880000e+03   9.6585288e-01
   1.0890000e+03   9.6585296e-01
   1.0900000e+03   9.6585301e-01
   1.0910000e+03   9.6585305e-01
   1.0920000e+03   9.6585308e-01
   1.0930000e+03   9.6585308e-01
   1.0940000e+03   9.6585307e-01
   1.0950000e+03   9.6585305e-01
   1.0960000e+03   9.6585301e-01
   1.0970000e+03   9.6585296e-01
   1.0980000e+03   9.6585290e-01
   1.0990000e+03   9.6585283e-01
   1.1000000e+03   9.6585276e-01
   1.1010000e+03   9.6585268e-01
   1.1020000e+03   9.6585260e-01
   1.1030000e+03   9.6585252e-01
   1.1040000e+03   9.6585243e-01
   1.1050000e+03   9.6585235e-01
   1.1060000e+03   9.6585227e-01
   1.1070000e+03   9.6585219e-01
   1.1080000e+03   9.6585212e-01
   1.1090000e+03   9.6585205e-01
   1.1100000e+03   9.6585199e-01
   1.1110000e+03   9.6585193e-01
   1.1120000e+03   9.6585188e-01
   1.1130000e+03   9.6585184e-01
   1.1140000e+03   9.6585181e-01
   1.1150000e+03   9.6585178e-01
   1.1160000e+03   9.6585176e-01
   1.1170000e+03   9.6585174e-01
   1.1180000e+03   9.6585173e-01
   1.1190000e+03   9.6585173e-01
   1.1200000e+03   9.6585174e-01
   1.1210000e+03   9.6585175e-01
   1.1220000e+03   9.6585176e-01
   1.1230000e+03   9.6585178e-01
   1.1240000e+03   9.6585180e-01
   1.1250000e+03   9.6585183e-01
   1.1260000e+03   9.6585185e-01
   1.1270000e+03   9.6585188e-01
   1.1280000e+03   9.6585191e-01
   1.1290000e+03   9.6585194e-01
   1.1300000e+03   9.6585197e-01
   1.1310000e+03   9.6585200e-01
   1.1320000e+03   9.6585203e-01
   1.1330000e+03   9.6585206e-01
   1.1340000e+03   9.6585209e-01
   1.1350000e+03   9.6585211e-01
   1.1360000e+03   9.6585214e-01
   1.1370000e+03   9.6585216e-01
   1.1380000e+03   9.6585218e-01
   1.1390000e+03   9.6585219e-01
   1.1400000e+03   9.6585221e-01
   1.1410000e+03   9.6585222e-01
   1.1420000e+03   9.6585222e-01
   1.1430000e+03   9.6585223e-01
   1.1440000e+03   9.6585223e-01
   1.1450000e+03   9.6585223e-01
   1.1460000e+03   9.6585223e-01
   1.1470000e+03   9.6585223e-01
   1.1480000e+03   9.6585222e-01
   1.1490000e+03   9.6585222e-01
   1.1500000e+03   9.6585221e-01
   1.1510000e+03   9.6585220e-01
   1.1520000e+03   9.6585219e-01
   1.1530000e+03   9.6585218e-01
   1.1540000e+03   9.6585217e-01
   1.1550000e+03   9.6585215e-01
   1.1560000e+03   9.6585214e-01
   1.1570000e+03   9.6585213e-01
   1.1580000e+03   9.6585212e-01
   1.1590000e+03   9.6585211e-01
   1.1600000e+03   9.6585210e-01
   1.1610000e+03   9.6585209e-01
   1.1620000e+03   9.6585208e-01
   1.1630000e+03   9.6585207e-01
   1.1640000e+03   9.6585207e-01
   1.1650000e+03   9.6585206e-01
   1.1660000e+03   9.6585206e-01
   1.1670000e+03   9.6585205e-01
   1.1680000e+03   9.6585205e-01
   1.1690000e+03   9.6585205e-01
   1.1700000e+03   9.6585205e-01
   1.1710000e+03   9.6585205e-01
   1.1720000e+03   9.6585205e-01
   1.1730000e+03   9.6585205e-01
   1.1740000e+03   9.6585205e-01
   1.1750000e+03   9.6585205e-01
   1.1760000e+03   9.6585206e-01
   1.1770000e+03   9.6585206e-01
   1.1780000e+03   9.6585206e-01
   1.1790000e+03   9.6585207e-01
   1.1800000e+03   9.6585207e-01
   1.1810000e+03   9.6585208e-01
   1.1820000e+03   9.6585208e-01
   1.1830000e+03   9.6585208e-01
   1.1840000e+03   9.6585209e-01
   1.1850000e+03   9.6585209e-01
   1.1860000e+03   9.6585210e-01
   1.1870000e+03   9.6585210e-01
   1.1880000e+03   9.6585210e-01
   1.1890000e+03   9.6585211e-01
   1.1900000e+03   9.6585211e-01
   1.1910000e+03   9.6585211e-01
   1.1920000e+03   9.6585211e-01
   1.1930000e+03   9.6585211e-01
   1.1940000e+03   9.6585211e-01
   1.1950000e+03   9.6585212e-01
   1.1960000e+03   9.6585212e-01
   1.1970000e+03   9.6585212e-01
   1.1980000e+03   9.6585212e-01
   1.1990000e+03   9.6585212e-01
   1.2000000e+03   9.6585211e-01
   1.2010000e+03   9.6585211e-01
   1.2020000e+03   9.6585211e-01
   1.2030000e+03   9.6585211e-01
   1.2040000e+03   9.6585211e-01
   1.2050000e+03   9.6585211e-01
   1.2060000e+03   9.6585211e-01
   1.2070000e+03   9.6585210e-01
   1.2080000e+03   9.6585210e-01
   1.2090000e+03   9.6585210e-01
   1.2100000e+03   9.6507338e-01
   1.2110000e+03   9.6302155e-01
   1.2120000e+03   9.6004880e-01
   1.2130000e+03   9.5642597e-01
   1.2140000e+03   9.5236074e-01
   1.2150000e+03   9.4801176e-01
   1.2160000e+03   9.4349964e-01
   1.2170000e+03   9.3891547e-01
   1.2180000e+03   9.3432753e-01
   1.2190000e+03   9.2978644e-01
   1.2200000e+03   9.2533646e-01
   1.2210000e+03   9.2102790e-01
   1.2220000e+03   9.1691584e-01
   1.2230000e+03   9.1305283e-01
   1.2240000e+03   9.0948476e-01
   1.2250000e+03   9.0624879e-01
   1.2260000e+03   9.0337280e-01
   1.2270000e+03   9.0087561e-01
   1.2280000e+03   8.9876768e-01
   1.2290000e+03   8.9705217e-01
   1.2300000e+03   8.9572591e-01
   1.2310000e+03   8.9478025e-01
   1.2320000e+03   8.9420164e-01
   1.2330000e+03   8.9397208e-01
   1.2340000e+03   8.9406958e-01
   1.2350000e+03   8.9446875e-01
   1.2360000e+03   8.9514130e-01
   1.2370000e+03   8.9605676e-01
   1.2380000e+03   8.9718307e-01
   1.2390000e+03   8.9848727e-01
   1.2400000e+03   8.9993603e-01
   1.2410000e+03   9.0149625e-01
   1.2420000e+03   9.0313558e-01
   1.2430000e+03   9.0482281e-01
   1.2440000e+03   9.0652830e-01
   1.2450000e+03   9.0822430e-01
   1.2460000e+03   9.0988527e-01
   1.2470000e+03   9.1148807e-01
   1.2480000e+03   9.1301218e-01
   1.2490000e+03   9.1443977e-01
   1.2500000e+03   9.1575587e-01
   1.2510000e+03   9.1694829e-01
   1.2520000e+03   9.1800767e-01
   1.2530000e+03   9.1892741e-01
   1.2540000e+03   9.1970355e-01
   1.2550000e+03   9.2033463e-01
   1.2560000e+03   9.2082156e-01
   1.2570000e+03   9.2116741e-01
   1.2580000e+03   9.2137721e-01
   1.2590000e+03   9.2145772e-01
   1.2600000e+03   9.2141722e-01
   1.2610000e+03   9.2126522e-01
   1.2620000e+03   9.2101230e-01
   1.2630000e+03   9.2066980e-01
   1.2640000e+03   9.2024960e-01
   1.2650000e+03   9.1976393e-01
   1.2660000e+03   9.1922514e-01
   1.2670000e+03   9.1864546e-01
   1.2680000e+03   9.1803688e-01
   1.2690000e+03   9.1741096e-01
   1.2700000e+03   9.1677865e-01
   1.2710000e+03   9.1615022e-01
   1.2720000e+03   9.1553511e-01
   1.2730000e+03   9.1494186e-01
   1.2740000e+03   9.1437805e-01
   1.2750000e+03   9.1385024e-01
   1.2760000e+03   9.1336395e-01
   1.2770000e+03   9.1292365e-01
   1.2780000e+03   9.1253279e-01
   1.2790000e+03   9.1219376e-01
   1.2800000e+03   9.1190800e-01
   1.2810000e+03   9.1167602e-01
   1.2820000e+03   9.1149745e-01
   1.2830000e+03   9.1137113e-01
   1.2840000e+03   9.1129516e-01
   1.2850000e+03   9.1126702e-01
   1.2860000e+03   9.1128362e-01
   1.2870000e+03   9.1134141e-01
   1.2880000e+03   9.1143647e-01
   1.2890000e+03   9.1156458e-01
   1.2900000e+03   9.1172133e-01
   1.2910000e+03   9.1190218e-01
   1.2920000e+03   9.1210256e-01
   1.2930000e+03   9.1231793e-01
   1.2940000e+03   9.1254385e-01
   1.2950000e+03   9.1277605e-01
   1.2960000e+03   9.1301047e-01
   1.2970000e+03   9.1324332e-01
   1.2980000e+03   9.1347111e-01
   1.2990000e+03   9.1369069e-01
   1.3000000e+03   9.1389925e-01
   1.3010000e+03   9.1409439e-01
   1.3020000e+03   9.1427407e-01
   1.3030000e+03   9.1443664e-01
   1.3040000e+03   9.1458085e-01
   1.3050000e+03   9.1470582e-01
   1.3060000e+03   9.1481102e-01
   1.3070000e+03   9.1489629e-01
   1.3080000e+03   9.1496177e-01
   1.3090000e+03   9.1500790e-01
   1.3100000e+03   9.1503539e-01
   1.3110000e+03   9.1504519e-01
   1.3120000e+03   9.1503845e-01
   1.3130000e+03   9.1501649e-01
   1.3140000e+03   9.1498077e-01
   1.3150000e+03   9.1493286e-01
   1.3160000e+03   9.1487439e-01
   1.3170000e+03   9.1480705e-01
   1.3180000e+03   9.1473254e-01
   1.3190000e+03   9.1465252e-01
   1.3200000e+03   9.1456866e-01
   1.3210000e+03   9.1448252e-01
   1.3220000e+03   9.1439561e-01
   1.3230000e+03   9.1430934e-01
   1.3240000e+03   9.1422498e-01
   1.3250000e+03   9.1414371e-01
   1.3260000e+03   9.1406656e-01
   1.3270000e+03   9.1399442e-01
   1.3280000e+03   9.1392803e-01
   1.3290000e+03   9.1386801e-01
   1.3300000e+03   9.1381480e-01
   1.3310000e+03   9.1376874e-01
   1.3320000e+03   9.1373001e-01
   1.3330000e+03   9.1369867e-01
   1.3340000e+03   9.1367466e-01
   1.3350000e+03   9.1365782e-01
   1.3360000e+03   9.1364788e-01
   1.3370000e+03   9.1364448e-01
   1.3380000e+03   9.1364719e-01
   1.3390000e+03   9.1365553e-01
   1.3400000e+03   9.1366895e-01
   1.3410000e+03   9.1368686e-01
   1.3420000e+03   9.1370867e-01
   1.3430000e+03   9.1373374e-01
   1.3440000e+03   9.1376146e-01
   1.3450000e+03   9.1379118e-01
   1.3460000e+03   9.1382231e-01
   1.3470000e+03   9.1385427e-01
   1.3480000e+03   9.1388648e-01
   1.3490000e+03   9.1391845e-01
   1.3500000e+03   9.1394969e-01
   1.3510000e+03   9.1397977e-01
   1.3520000e+03   9.1400830e-01
   1.3530000e+03   9.1403498e-01
   1.3540000e+03   9.1405950e-01
   1.3550000e+03   9.1408167e-01
   1.3560000e+03   9.1410129e-01
   1.3570000e+03   9.1411827e-01
   1.3580000e+03   9.1413253e-01
   1.3590000e+03   9.1414405e-01
   1.3600000e+03   9.1415285e-01
   1.3610000e+03   9.1415900e-01
   1.3620000e+03   9.1416259e-01
   1.3630000e+03   9.1416376e-01
   1.3640000e+03   9.1416268e-01
   1.3650000e+03   9.1415951e-01
   1.3660000e+03   9.1415447e-01
   1.3670000e+03   9.1414778e-01
   1.3680000e+03   9.1413964e-01
   1.3690000e+03   9.1413031e-01
   1.3700000e+03   9.1412000e-01
   1.3710000e+03   9.1410896e-01
   1.3720000e+03   9.1409740e-01
   1.3730000e+03   9.1408555e-01
   1.3740000e+03   9.1407361e-01
   1.3750000e+03   9.1406176e-01
   1.3760000e+03   9.1405020e-01
   1.3770000e+03   9.1403906e-01
   1.3780000e+03   9.1402851e-01
   1.3790000e+03   9.1401865e-01
   1.3800000e+03   9.1400959e-01
   1.3810000e+03   9.1400140e-01
   1.3820000e+03   9.1399416e-01
   1.3830000e+03   9.1398791e-01
   1.3840000e+03   9.1398266e-01
   1.3850000e+03   9.1397842e-01
   1.3860000e+03   9.1397520e-01
   1.3870000e+03   9.1397296e-01
   1.3880000e+03   9.1397166e-01
   1.3890000e+03   9.1397125e-01
   1.3900000e+03   9.1397169e-01
   1.3910000e+03   9.1397288e-01
   1.3920000e+03   9.1397478e-01
   1.3930000e+03   9.1397728e-01
   1.3940000e+03   9.1398031e-01
   1.3950000e+03   9.1398379e-01
   1.3960000e+03   9.1398762e-01
   1.3970000e+03   9.1399172e-01
   1.3980000e+03   9.1399601e-01
   1.3990000e+03   9.1400041e-01
   1.4000000e+03   9.1400484e-01
   1.4010000e+03   9.1400923e-01
   1.4020000e+03   9.1401351e-01
   1.4030000e+03   9.1401763e-01
   1.4040000e+03   9.1402153e-01
   1.4050000e+03   9.1402518e-01
   1.4060000e+03   9.1402853e-01
   1.4070000e+03   9.1403155e-01
   1.4080000e+03   9.1403422e-01
   1.4090000e+03   9.1403652e-01
   1.4100000e+03   9.1403846e-01
   1.4110000e+03   9.1404001e-01
   1.4120000e+03   9.1404119e-01
   1.4130000e+03   9.1404201e-01
   1.4140000e+03   9.1404248e-01
   1.4150000e+03   9.1404262e-01
   1.4160000e+03   9.1404245e-01
   1.4170000e+03   9.1404199e-01
   1.4180000e+03   9.1404128e-01
   1.4190000e+03   9.1404035e-01
   1.4200000e+03   9.1403922e-01
   1.4210000e+03   9.1403792e-01
   1.4220000e+03   9.1403650e-01
   1.4230000e+03   9.1403497e-01
   1.4240000e+03   9.1403338e-01
   1.4250000e+03   9.1403175e-01
   1.4260000e+03   9.1403011e-01
   1.4270000e+03   9.1402848e-01
   1.4280000e+03   9.1402690e-01
   1.4290000e+03   9.1402537e-01
   1.4300000e+03   9.1402393e-01
   1.4310000e+03   9.1402258e-01
   1.4320000e+03   9.1402134e-01
   1.4330000e+03   9.1402023e-01
   1.4340000e+03   9.1401924e-01
   1.4350000e+03   9.1401839e-01
   1.4360000e+03   9.1401768e-01
   1.4370000e+03   9.1401711e-01
   1.4380000e+03   9.1401668e-01
   1.4390000e+03   9.1401638e-01
   1.4400000e+03   9.1401621e-01
   1.4410000e+03   9.1401616e-01
   1.4420000e+03   9.1401623e-01
   1.4430000e+03   9.1401640e-01
   1.4440000e+03   9.1401667e-01
   1.4450000e+03   9.1401702e-01
   1.4460000e+03   9.1401744e-01
   1.4470000e+03   9.1401792e-01
   1.4480000e+03   9.1401845e-01
   1.4490000e+03   9.1401902e-01
   1.4500000e+03   9.1401961e-01
   1.4510000e+03   9.1402021e-01
   1.4520000e+03   9.1402082e-01
   1.4530000e+03   9.1402143e-01
   1.4540000e+03   9.1402201e-01
   1.4550000e+03   9.1402258e-01
   1.4560000e+03   9.1402311e-01
   1.4570000e+03   9.1402361e-01
   1.4580000e+03   9.1402407e-01
   1.4590000e+03   9.1402448e-01
   1.4600000e+03   9.1402484e-01
   1.4610000e+03   9.1402515e-01
   1.4620000e+03   9.1402542e-01
   1.4630000e+03   9.1402563e-01
   1.4640000e+03   9.1402579e-01
   1.4650000e+03   9.1402589e-01
   1.4660000e+03   9.1402596e-01
   1.4670000e+03   9.1402597e-01
   1.4680000e+03   9.1402594e-01
   1.4690000e+03   9.1402588e-01
   1.4700000e+03   9.1402578e-01
   1.4710000e+03   9.1402565e-01
   1.4720000e+03   9.1402549e-01
   1.4730000e+03   9.1402531e-01
   1.4740000e+03   9.1402511e-01
   1.4750000e+03   9.1402490e-01
   1.4760000e+03   9.1402469e-01
   1.4770000e+03   9.1402446e-01
   1.4780000e+03   9.1402424e-01
   1.4790000e+03   9.1402401e-01
   1.4800000e+03   9.1402379e-01
   1.4810000e+03   9.1402359e-01
   1.4820000e+03   9.1402339e-01
   1.4830000e+03   9.1402320e-01
   1.4840000e+03   9.1402304e-01
   1.4850000e+03   9.1402288e-01
   1.4860000e+03   9.1402275e-01
   1.4870000e+03   9.1402263e-01
   1.4880000e+03   9.1402254e-01
   1.4890000e+03   9.1402246e-01
   1.4900000e+03   9.1402240e-01
   1.4910000e+03   9.1402236e-01
   1.4920000e+03   9.1402234e-01
   1.4930000e+03   9.1402234e-01
   1.4940000e+03   9.1402235e-01
   1.4950000e+03   9.1402237e-01
   1.4960000e+03   9.1402241e-01
   1.4970000e+03   9.1402246e-01
   1.4980000e+03   9.1402252e-01
   1.4990000e+03   9.1402258e-01
   1.5000000e+03   9.1402266e-01
   1.5010000e+03   9.1402273e-01
   1.5020000e+03   9.1402281e-01
   1.5030000e+03   9.1402290e-01
   1.5040000e+03   9.1402298e-01
   1.5050000e+03   9.1402306e-01
   1.5060000e+03   9.1402314e-01
   1.5070000e+03   9.1402322e-01
   1.5080000e+03   9.1402330e-01
   1.5090000e+03   9.1402336e-01
   1.5100000e+03   9.1402343e-01
   1.5110000e+03   9.1402348e-01
   1.5120000e+03   9.1402353e-01
   1.5130000e+03   9.1402357e-01
   1.5140000e+03   9.1402361e-01
   1.5150000e+03   9.1402364e-01
   1.5160000e+03   9.1402366e-01
   1.5170000e+03   9.1402367e-01
   1.5180000e+03   9.1402368e-01
   1.5190000e+03   9.1402368e-01
   1.5200000e+03   9.1402368e-01
   1.5210000e+03   9.1402367e-01
   1.5220000e+03   9.1402366e-01
   1.5230000e+03   9.1402364e-01
   1.5240000e+03   9.1402362e-01
   1.5250000e+03   9.1402359e-01
   1.5260000e+03   9.1402356e-01
   1.5270000e+03   9.1402353e-01
   1.5280000e+03   9.1402350e-01
   1.5290000e+03   9.1402347e-01
   1.5300000e+03   9.1402344e-01
   1.5310000e+03   9.1402341e-01
   1.5320000e+03   9.1402338e-01
   1.5330000e+03   9.1402335e-01
   1.5340000e+03   9.1402333e-01
   1.5350000e+03   9.1402330e-01
   1.5360000e+03   9.1402328e-01
   1.5370000e+03   9.1402326e-01
   1.5380000e+03   9.1402324e-01
   1.5390000e+03   9.1402322e-01
   1.5400000e+03   9.1402321e-01
   1.5410000e+03   9.1402320e-01
   1.5420000e+03   9.1402319e-01
   1.5430000e+03   9.1402319e-01
   1.5440000e+03   9.1402318e-01
   1.5450000e+03   9.1402318e-01
   1.5460000e+03   9.1402318e-01
   1.5470000e+03   9.1402319e-01
   1.5480000e+03   9.1402319e-01
   1.5490000e+03   9.1402320e-01
   1.5500000e+03   9.1402321e-01
   1.5510000e+03   9.1402322e-01
   1.5520000e+03   9.1402323e-01
   1.5530000e+03   9.1402324e-01
   1.5540000e+03   9.1402325e-01
   1.5550000e+03   9.1402326e-01
   1.5560000e+03   9.1402327e-01
   1.5570000e+03   9.1402328e-01
   1.5580000e+03   9.1402330e-01
   1.5590000e+03   9.1402331e-01
   1.5600000e+03   9.1402332e-01
   1.5610000e+03   9.1402333e-01
   1.5620000e+03   9.1402333e-01
   1.5630000e+03   9.1402334e-01
   1.5640000e+03   9.1402335e-01
   1.5650000e+03   9.1402335e-01
   1.5660000e+03   9.1402336e-01
   1.5670000e+03   9.1402336e-01
   1.5680000e+03   9.1402337e-01
   1.5690000e+03   9.1402337e-01
   1.5700000e+03   9.1402337e-01
   1.5710000e+03   9.1402337e-01
   1.5720000e+03   9.1402337e-01
   1.5730000e+03   9.1402337e-01
   1.5740000e+03   9.1402336e-01
   1.5750000e+03   9.1402336e-01
   1.5760000e+03   9.1402336e-01
   1.5770000e+03   9.1402336e-01
   1.5780000e+03   9.1402335e-01
   1.5790000e+03   9.1402335e-01
   1.5800000e+03   9.1402334e-01
   1.5810000e+03   9.1402334e-01
   1.5820000e+03   9.1402334e-01
   1.5830000e+03   9.1402333e-01
   1.5840000e+03   9.1402333e-01
   1.5850000e+03   9.1402332e-01
   1.5860000e+03   9.1402332e-01
   1.5870000e+03   9.1402332e-01
   1.5880000e+03   9.1402331e-01
   1.5890000e+03   9.1402331e-01
   1.5900000e+03   9.1402331e-01
   1.5910000e+03   9.1402331e-01
   1.5920000e+03   9.1402330e-01
   1.5930000e+03   9.1402330e-01
   1.5940000e+03   9.1402330e-01
   1.5950000e+03   9.1402330e-01
   1.5960000e+03   9.1402330e-01
   1.5970000e+03   9.1402330e-01
   1.5980000e+03   9.1402330e-01
   1.5990000e+03   9.1402330e-01
   1.6000000e+03   9.1402330e-01
