   1.0000000e+00   8.0000000e-01
   2.0000000e+00   8.0000000e-01
   3.0000000e+00   8.0000000e-01
   4.0000000e+00   8.0000000e-01
   5.0000000e+00   8.0000000e-01
   6.0000000e+00   8.0000000e-01
   7.0000000e+00   8.0000000e-01
   8.0000000e+00   8.0000000e-01
   9.0000000e+00   8.0000000e-01
   1.0000000e+01   8.0000000e-01
   1.1000000e+01   8.0000000e-01
   1.2000000e+01   8.0000000e-01
   1.3000000e+01   8.0000000e-01
   1.4000000e+01   8.0000000e-01
   1.5000000e+01   8.0000000e-01
   1.6000000e+01   8.0000000e-01
   1.7000000e+01   8.0000000e-01
   1.8000000e+01   8.0000000e-01
   1.9000000e+01   8.0000000e-01
   2.0000000e+01   8.0000000e-01
   2.1000000e+01   8.0000000e-01
   2.2000000e+01   8.0249192e-01
   2.3000000e+01   8.0905774e-01
   2.4000000e+01   8.1857055e-01
   2.5000000e+01   8.3016361e-01
   2.6000000e+01   8.4317234e-01
   2.7000000e+01   8.5708906e-01
   2.8000000e+01   8.7152785e-01
   2.9000000e+01   8.8619719e-01
   3.0000000e+01   9.0087860e-01
   3.1000000e+01   9.1541009e-01
   3.2000000e+01   9.2967330e-01
   3.3000000e+01   9.4358342e-01
   3.4000000e+01   9.5708146e-01
   3.5000000e+01   9.7012527e-01
   3.6000000e+01   9.8266692e-01
   3.7000000e+01   9.9464440e-01
   3.8000000e+01   1.0059930e+00
   3.9000000e+01   1.0166522e+00
   4.0000000e+01   1.0265696e+00
   4.1000000e+01   1.0357026e+00
   4.2000000e+01   1.0440191e+00
   4.3000000e+01   1.0514970e+00
   4.4000000e+01   1.0581235e+00
   4.5000000e+01   1.0638940e+00
   4.6000000e+01   1.0688114e+00
   4.7000000e+01   1.0728853e+00
   4.8000000e+01   1.0761322e+00
   4.9000000e+01   1.0785748e+00
   5.0000000e+01   1.0802418e+00
   5.1000000e+01   1.0811680e+00
   5.2000000e+01   1.0813930e+00
   5.3000000e+01   1.0809613e+00
   5.4000000e+01   1.0799214e+00
   5.5000000e+01   1.0783249e+00
   5.6000000e+01   1.0762263e+00
   5.7000000e+01   1.0736823e+00
   5.8000000e+01   1.0707507e+00
   5.9000000e+01   1.0674902e+00
   6.0000000e+01   1.0639599e+00
   6.1000000e+01   1.0602184e+00
   6.2000000e+01   1.0563233e+00
   6.3000000e+01   1.0523309e+00
   6.4000000e+01   1.0482957e+00
   6.5000000e+01   1.0442696e+00
   6.6000000e+01   1.0403018e+00
   6.7000000e+01   1.0364385e+00
   6.8000000e+01   1.0327225e+00
   6.9000000e+01   1.0291926e+00
   7.0000000e+01   1.0258839e+00
   7.1000000e+01   1.0228275e+00
   7.2000000e+01   1.0200501e+00
   7.3000000e+01   1.0175741e+00
   7.4000000e+01   1.0154177e+00
   7.5000000e+01   1.0135948e+00
   7.6000000e+01   1.0121149e+00
   7.7000000e+01   1.0109834e+00
   7.8000000e+01   1.0102020e+00
   7.9000000e+01   1.0097680e+00
   8.0000000e+01   1.0096755e+00
   8.1000000e+01   1.0099149e+00
   8.2000000e+01   1.0104737e+00
   8.3000000e+01   1.0113362e+00
   8.4000000e+01   1.0124844e+00
   8.5000000e+01   1.0138978e+00
   8.6000000e+01   1.0155540e+00
   8.7000000e+01   1.0174289e+00
   8.8000000e+01   1.0194970e+00
   8.9000000e+01   1.0217320e+00
   9.0000000e+01   1.0241066e+00
   9.1000000e+01   1.0265933e+00
   9.2000000e+01   1.0291646e+00
   9.3000000e+01   1.0317930e+00
   9.4000000e+01   1.0344515e+00
   9.5000000e+01   1.0371140e+00
   9.6000000e+01   1.0397552e+00
   9.7000000e+01   1.0423512e+00
   9.8000000e+01   1.0448793e+00
   9.9000000e+01   1.0473184e+00
   1.0000000e+02   1.0496491e+00
   1.0100000e+02   1.0518541e+00
   1.0200000e+02   1.0539177e+00
   1.0300000e+02   1.0558264e+00
   1.0400000e+02   1.0575688e+00
   1.0500000e+02   1.0591356e+00
   1.0600000e+02   1.0605195e+00
   1.0700000e+02   1.0617154e+00
   1.0800000e+02   1.0627204e+00
   1.0900000e+02   1.0635334e+00
   1.1000000e+02   1.0641552e+00
   1.1100000e+02   1.0645888e+00
   1.1200000e+02   1.0648385e+00
   1.1300000e+02   1.0649107e+00
   1.1400000e+02   1.0648128e+00
   1.1500000e+02   1.0645539e+00
   1.1600000e+02   1.0641443e+00
   1.1700000e+02   1.0635952e+00
   1.1800000e+02   1.0629188e+00
   1.1900000e+02   1.0621281e+00
   1.2000000e+02   1.0612364e+00
   1.2100000e+02   1.0602578e+00
   1.2200000e+02   1.0592064e+00
   1.2300000e+02   1.0580964e+00
   1.2400000e+02   1.0569423e+00
   1.2500000e+02   1.0557579e+00
   1.2600000e+02   1.0545571e+00
   1.2700000e+02   1.0533531e+00
   1.2800000e+02   1.0521587e+00
   1.2900000e+02   1.0509860e+00
   1.3000000e+02   1.0498464e+00
   1.3100000e+02   1.0487502e+00
   1.3200000e+02   1.0477072e+00
   1.3300000e+02   1.0467259e+00
   1.3400000e+02   1.0458140e+00
   1.3500000e+02   1.0449779e+00
   1.3600000e+02   1.0442234e+00
   1.3700000e+02   1.0435546e+00
   1.3800000e+02   1.0429752e+00
   1.3900000e+02   1.0424872e+00
   1.4000000e+02   1.0420920e+00
   1.4100000e+02   1.0417899e+00
   1.4200000e+02   1.0415801e+00
   1.4300000e+02   1.0414611e+00
   1.4400000e+02   1.0414303e+00
   1.4500000e+02   1.0414844e+00
   1.4600000e+02   1.0416195e+00
   1.4700000e+02   1.0418308e+00
   1.4800000e+02   1.0421131e+00
   1.4900000e+02   1.0424607e+00
   1.5000000e+02   1.0428674e+00
   1.5100000e+02   1.0433266e+00
   1.5200000e+02   1.0438316e+00
   1.5300000e+02   1.0443754e+00
   1.5400000e+02   1.0449510e+00
   1.5500000e+02   1.0455512e+00
   1.5600000e+02   1.0461690e+00
   1.5700000e+02   1.0467974e+00
   1.5800000e+02   1.0474299e+00
   1.5900000e+02   1.0480597e+00
   1.6000000e+02   1.0486808e+00
   1.6100000e+02   1.0492873e+00
   1.6200000e+02   1.0498737e+00
   1.6300000e+02   1.0504350e+00
   1.6400000e+02   1.0509666e+00
   1.6500000e+02   1.0514645e+00
   1.6600000e+02   1.0519252e+00
   1.6700000e+02   1.0523455e+00
   1.6800000e+02   1.0527231e+00
   1.6900000e+02   1.0530559e+00
   1.7000000e+02   1.0533425e+00
   1.7100000e+02   1.0535821e+00
   1.7200000e+02   1.0537742e+00
   1.7300000e+02   1.0539191e+00
   1.7400000e+02   1.0540172e+00
   1.7500000e+02   1.0540696e+00
   1.7600000e+02   1.0540777e+00
   1.7700000e+02   1.0540435e+00
   1.7800000e+02   1.0539691e+00
   1.7900000e+02   1.0538570e+00
   1.8000000e+02   1.0537099e+00
   1.8100000e+02   1.0535309e+00
   1.8200000e+02   1.0533232e+00
   1.8300000e+02   1.0530902e+00
   1.8400000e+02   1.0528352e+00
   1.8500000e+02   1.0525620e+00
   1.8600000e+02   1.0522739e+00
   1.8700000e+02   1.0519747e+00
   1.8800000e+02   1.0516679e+00
   1.8900000e+02   1.0513568e+00
   1.9000000e+02   1.0510449e+00
   1.9100000e+02   1.0507354e+00
   1.9200000e+02   1.0504313e+00
   1.9300000e+02   1.0501355e+00
   1.9400000e+02   1.0498506e+00
   1.9500000e+02   1.0495792e+00
   1.9600000e+02   1.0493234e+00
   1.9700000e+02   1.0490851e+00
   1.9800000e+02   1.0488660e+00
   1.9900000e+02   1.0486675e+00
   2.0000000e+02   1.0484908e+00
   2.0100000e+02   1.0483368e+00
   2.0200000e+02   1.0482061e+00
   2.0300000e+02   1.0480989e+00
   2.0400000e+02   1.0480154e+00
   2.0500000e+02   1.0479555e+00
   2.0600000e+02   1.0479187e+00
   2.0700000e+02   1.0479044e+00
   2.0800000e+02   1.0479119e+00
   2.0900000e+02   1.0479401e+00
   2.1000000e+02   1.0479879e+00
   2.1100000e+02   1.0480539e+00
   2.1200000e+02   1.0481367e+00
   2.1300000e+02   1.0482348e+00
   2.1400000e+02   1.0483466e+00
   2.1500000e+02   1.0484702e+00
   2.1600000e+02   1.0486040e+00
   2.1700000e+02   1.0487461e+00
   2.1800000e+02   1.0488948e+00
   2.1900000e+02   1.0490483e+00
   2.2000000e+02   1.0492048e+00
   2.2100000e+02   1.0493626e+00
   2.2200000e+02   1.0495201e+00
   2.2300000e+02   1.0496757e+00
   2.2400000e+02   1.0498279e+00
   2.2500000e+02   1.0499752e+00
   2.2600000e+02   1.0501165e+00
   2.2700000e+02   1.0502505e+00
   2.2800000e+02   1.0503761e+00
   2.2900000e+02   1.0504926e+00
   2.3000000e+02   1.0505990e+00
   2.3100000e+02   1.0506948e+00
   2.3200000e+02   1.0507794e+00
   2.3300000e+02   1.0508524e+00
   2.3400000e+02   1.0509136e+00
   2.3500000e+02   1.0509629e+00
   2.3600000e+02   1.0510003e+00
   2.3700000e+02   1.0510259e+00
   2.3800000e+02   1.0510400e+00
   2.3900000e+02   1.0510429e+00
   2.4000000e+02   1.0510350e+00
   2.4100000e+02   1.0510170e+00
   2.4200000e+02   1.0509894e+00
   2.4300000e+02   1.0509529e+00
   2.4400000e+02   1.0509082e+00
   2.4500000e+02   1.0508563e+00
   2.4600000e+02   1.0507978e+00
   2.4700000e+02   1.0507337e+00
   2.4800000e+02   1.0506649e+00
   2.4900000e+02   1.0505923e+00
   2.5000000e+02   1.0505167e+00
   2.5100000e+02   1.0504391e+00
   2.5200000e+02   1.0503604e+00
   2.5300000e+02   1.0502813e+00
   2.5400000e+02   1.0502027e+00
   2.5500000e+02   1.0501255e+00
   2.5600000e+02   1.0500502e+00
   2.5700000e+02   1.0499776e+00
   2.5800000e+02   1.0499084e+00
   2.5900000e+02   1.0498430e+00
   2.6000000e+02   1.0497820e+00
   2.6100000e+02   1.0497257e+00
   2.6200000e+02   1.0496747e+00
   2.6300000e+02   1.0496291e+00
   2.6400000e+02   1.0495893e+00
   2.6500000e+02   1.0495553e+00
   2.6600000e+02   1.0495272e+00
   2.6700000e+02   1.0495052e+00
   2.6800000e+02   1.0494890e+00
   2.6900000e+02   1.0494788e+00
   2.7000000e+02   1.0494743e+00
   2.7100000e+02   1.0494753e+00
   2.7200000e+02   1.0494815e+00
   2.7300000e+02   1.0494928e+00
   2.7400000e+02   1.0495087e+00
   2.7500000e+02   1.0495290e+00
   2.7600000e+02   1.0495531e+00
   2.7700000e+02   1.0495807e+00
   2.7800000e+02   1.0496114e+00
   2.7900000e+02   1.0496448e+00
   2.8000000e+02   1.0496803e+00
   2.8100000e+02   1.0497175e+00
   2.8200000e+02   1.0497560e+00
   2.8300000e+02   1.0497953e+00
   2.8400000e+02   1.0498351e+00
   2.8500000e+02   1.0498748e+00
   2.8600000e+02   1.0499141e+00
   2.8700000e+02   1.0499525e+00
   2.8800000e+02   1.0499898e+00
   2.8900000e+02   1.0500257e+00
   2.9000000e+02   1.0500597e+00
   2.9100000e+02   1.0500917e+00
   2.9200000e+02   1.0501213e+00
   2.9300000e+02   1.0501485e+00
   2.9400000e+02   1.0501730e+00
   2.9500000e+02   1.0501947e+00
   2.9600000e+02   1.0502135e+00
   2.9700000e+02   1.0502293e+00
   2.9800000e+02   1.0502421e+00
   2.9900000e+02   1.0502519e+00
   3.0000000e+02   1.0502588e+00
   3.0100000e+02   1.0502627e+00
   3.0200000e+02   1.0502638e+00
   3.0300000e+02   1.0502622e+00
   3.0400000e+02   1.0502579e+00
   3.0500000e+02   1.0502513e+00
   3.0600000e+02   1.0502423e+00
   3.0700000e+02   1.0502313e+00
   3.0800000e+02   1.0502184e+00
   3.0900000e+02   1.0502039e+00
   3.1000000e+02   1.0501879e+00
   3.1100000e+02   1.0501706e+00
   3.1200000e+02   1.0501524e+00
   3.1300000e+02   1.0501334e+00
   3.1400000e+02   1.0501139e+00
   3.1500000e+02   1.0500940e+00
   3.1600000e+02   1.0500740e+00
   3.1700000e+02   1.0500542e+00
   3.1800000e+02   1.0500346e+00
   3.1900000e+02   1.0500155e+00
   3.2000000e+02   1.0499971e+00
   3.2100000e+02   1.0499795e+00
   3.2200000e+02   1.0499628e+00
   3.2300000e+02   1.0499473e+00
   3.2400000e+02   1.0499329e+00
   3.2500000e+02   1.0499198e+00
   3.2600000e+02   1.0499081e+00
   3.2700000e+02   1.0498978e+00
   3.2800000e+02   1.0498890e+00
   3.2900000e+02   1.0498817e+00
   3.3000000e+02   1.0498760e+00
   3.3100000e+02   1.0498717e+00
   3.3200000e+02   1.0498689e+00
   3.3300000e+02   1.0498675e+00
   3.3400000e+02   1.0498676e+00
   3.3500000e+02   1.0498690e+00
   3.3600000e+02   1.0498717e+00
   3.3700000e+02   1.0498755e+00
   3.3800000e+02   1.0498805e+00
   3.3900000e+02   1.0498864e+00
   3.4000000e+02   1.0498933e+00
   3.4100000e+02   1.0499009e+00
   3.4200000e+02   1.0499092e+00
   3.4300000e+02   1.0499181e+00
   3.4400000e+02   1.0499275e+00
   3.4500000e+02   1.0499371e+00
   3.4600000e+02   1.0499470e+00
   3.4700000e+02   1.0499571e+00
   3.4800000e+02   1.0499671e+00
   3.4900000e+02   1.0499770e+00
   3.5000000e+02   1.0499867e+00
   3.5100000e+02   1.0499962e+00
   3.5200000e+02   1.0500053e+00
   3.5300000e+02   1.0500139e+00
   3.5400000e+02   1.0500221e+00
   3.5500000e+02   1.0500297e+00
   3.5600000e+02   1.0500366e+00
   3.5700000e+02   1.0500429e+00
   3.5800000e+02   1.0500484e+00
   3.5900000e+02   1.0500533e+00
   3.6000000e+02   1.0500574e+00
   3.6100000e+02   1.0500607e+00
   3.6200000e+02   1.0500633e+00
   3.6300000e+02   1.0500651e+00
   3.6400000e+02   1.0500662e+00
   3.6500000e+02   1.0500666e+00
   3.6600000e+02   1.0500663e+00
   3.6700000e+02   1.0500653e+00
   3.6800000e+02   1.0500637e+00
   3.6900000e+02   1.0500615e+00
   3.7000000e+02   1.0500588e+00
   3.7100000e+02   1.0500556e+00
   3.7200000e+02   1.0500520e+00
   3.7300000e+02   1.0500480e+00
   3.7400000e+02   1.0500437e+00
   3.7500000e+02   1.0500391e+00
   3.7600000e+02   1.0500344e+00
   3.7700000e+02   1.0500294e+00
   3.7800000e+02   1.0500244e+00
   3.7900000e+02   1.0500194e+00
   3.8000000e+02   1.0500144e+00
   3.8100000e+02   1.0500094e+00
   3.8200000e+02   1.0500046e+00
   3.8300000e+02   1.0499999e+00
   3.8400000e+02   1.0499954e+00
   3.8500000e+02   1.0499912e+00
   3.8600000e+02   1.0499872e+00
   3.8700000e+02   1.0499836e+00
   3.8800000e+02   1.0499802e+00
   3.8900000e+02   1.0499772e+00
   3.9000000e+02   1.0499746e+00
   3.9100000e+02   1.0499723e+00
   3.9200000e+02   1.0499704e+00
   3.9300000e+02   1.0499689e+00
   3.9400000e+02   1.0499678e+00
   3.9500000e+02   1.0499670e+00
   3.9600000e+02   1.0499666e+00
   3.9700000e+02   1.0499666e+00
   3.9800000e+02   1.0499669e+00
   3.9900000e+02   1.0499675e+00
   4.0000000e+02   1.0499684e+00
   4.0100000e+02   1.0499697e+00
   4.0200000e+02   1.0499711e+00
   4.0300000e+02   1.0499728e+00
   4.0400000e+02   1.0499747e+00
   4.0500000e+02   1.0499768e+00
   4.0600000e+02   1.0499790e+00
   4.0700000e+02   1.0499814e+00
   4.0800000e+02   1.0499838e+00
   4.0900000e+02   1.0499863e+00
   4.1000000e+02   1.0492101e+00
   4.1100000e+02   1.0470440e+00
   4.1200000e+02   1.0436491e+00
   4.1300000e+02   1.0391582e+00
   4.1400000e+02   1.0336814e+00
   4.1500000e+02   1.0273110e+00
   4.1600000e+02   1.0201250e+00
   4.1700000e+02   1.0121900e+00
   4.1800000e+02   1.0035635e+00
   4.1900000e+02   9.9429546e-01
   4.2000000e+02   9.8443739e-01
   4.2100000e+02   9.7405422e-01
   4.2200000e+02   9.6322491e-01
   4.2300000e+02   9.5203640e-01
   4.2400000e+02   9.4057948e-01
   4.2500000e+02   9.2894588e-01
   4.2600000e+02   9.1722629e-01
   4.2700000e+02   9.0550915e-01
   4.2800000e+02   8.9387979e-01
   4.2900000e+02   8.8242001e-01
   4.3000000e+02   8.7120776e-01
   4.3100000e+02   8.6031676e-01
   4.3200000e+02   8.4981603e-01
   4.3300000e+02   8.3976919e-01
   4.3400000e+02   8.3023398e-01
   4.3500000e+02   8.2126174e-01
   4.3600000e+02   8.1289702e-01
   4.3700000e+02   8.0517740e-01
   4.3800000e+02   7.9813328e-01
   4.3900000e+02   7.9178790e-01
   4.4000000e+02   7.8615733e-01
   4.4100000e+02   7.8125059e-01
   4.4200000e+02   7.7706987e-01
   4.4300000e+02   7.7361070e-01
   4.4400000e+02   7.7086225e-01
   4.4500000e+02   7.6880769e-01
   4.4600000e+02   7.6742459e-01
   4.4700000e+02   7.6668530e-01
   4.4800000e+02   7.6655745e-01
   4.4900000e+02   7.6700448e-01
   4.5000000e+02   7.6798610e-01
   4.5100000e+02   7.6945887e-01
   4.5200000e+02   7.7137674e-01
   4.5300000e+02   7.7369161e-01
   4.5400000e+02   7.7635386e-01
   4.5500000e+02   7.7931294e-01
   4.5600000e+02   7.8251783e-01
   4.5700000e+02   7.8591762e-01
   4.5800000e+02   7.8946199e-01
   4.5900000e+02   7.9310165e-01
   4.6000000e+02   7.9678880e-01
   4.6100000e+02   8.0047753e-01
   4.6200000e+02   8.0412418e-01
   4.6300000e+02   8.0768771e-01
   4.6400000e+02   8.1112992e-01
   4.6500000e+02   8.1441577e-01
   4.6600000e+02   8.1751355e-01
   4.6700000e+02   8.2039506e-01
   4.6800000e+02   8.2303574e-01
   4.6900000e+02   8.2541471e-01
   4.7000000e+02   8.2751490e-01
   4.7100000e+02   8.2932296e-01
   4.7200000e+02   8.3082928e-01
   4.7300000e+02   8.3202789e-01
   4.7400000e+02   8.3291639e-01
   4.7500000e+02   8.3349579e-01
   4.7600000e+02   8.3377033e-01
   4.7700000e+02   8.3374734e-01
   4.7800000e+02   8.3343697e-01
   4.7900000e+02   8.3285201e-01
   4.8000000e+02   8.3200761e-01
   4.8100000e+02   8.3092103e-01
   4.8200000e+02   8.2961135e-01
   4.8300000e+02   8.2809924e-01
   4.8400000e+02   8.2640662e-01
   4.8500000e+02   8.2455643e-01
   4.8600000e+02   8.2257230e-01
   4.8700000e+02   8.2047832e-01
   4.8800000e+02   8.1829874e-01
   4.8900000e+02   8.1605773e-01
   4.9000000e+02   8.1377914e-01
   4.9100000e+02   8.1148624e-01
   4.9200000e+02   8.0920153e-01
   4.9300000e+02   8.0694653e-01
   4.9400000e+02   8.0474162e-01
   4.9500000e+02   8.0260584e-01
   4.9600000e+02   8.0055678e-01
   4.9700000e+02   7.9861047e-01
   4.9800000e+02   7.9678125e-01
   4.9900000e+02   7.9508171e-01
   5.0000000e+02   7.9352264e-01
   5.0100000e+02   7.9211298e-01
   5.0200000e+02   7.9085982e-01
   5.0300000e+02   7.8976842e-01
   5.0400000e+02   7.8884217e-01
   5.0500000e+02   7.8808272e-01
   5.0600000e+02   7.8748996e-01
   5.0700000e+02   7.8706214e-01
   5.0800000e+02   7.8679595e-01
   5.0900000e+02   7.8668660e-01
   5.1000000e+02   7.8672794e-01
   5.1100000e+02   7.8691260e-01
   5.1200000e+02   7.8723207e-01
   5.1300000e+02   7.8767687e-01
   5.1400000e+02   7.8823669e-01
   5.1500000e+02   7.8890050e-01
   5.1600000e+02   7.8965670e-01
   5.1700000e+02   7.9049330e-01
   5.1800000e+02   7.9139798e-01
   5.1900000e+02   7.9235832e-01
   5.2000000e+02   7.9336185e-01
   5.2100000e+02   7.9439621e-01
   5.2200000e+02   7.9544930e-01
   5.2300000e+02   7.9650933e-01
   5.2400000e+02   7.9756497e-01
   5.2500000e+02   7.9860544e-01
   5.2600000e+02   7.9962057e-01
   5.2700000e+02   8.0060091e-01
   5.2800000e+02   8.0153776e-01
   5.2900000e+02   8.0242325e-01
   5.3000000e+02   8.0325040e-01
   5.3100000e+02   8.0401309e-01
   5.3200000e+02   8.0470616e-01
   5.3300000e+02   8.0532536e-01
   5.3400000e+02   8.0586740e-01
   5.3500000e+02   8.0632991e-01
   5.3600000e+02   8.0671144e-01
   5.3700000e+02   8.0701142e-01
   5.3800000e+02   8.0723016e-01
   5.3900000e+02   8.0736877e-01
   5.4000000e+02   8.0742915e-01
   5.4100000e+02   8.0741389e-01
   5.4200000e+02   8.0732627e-01
   5.4300000e+02   8.0717015e-01
   5.4400000e+02   8.0694995e-01
   5.4500000e+02   8.0667053e-01
   5.4600000e+02   8.0633717e-01
   5.4700000e+02   8.0595546e-01
   5.4800000e+02   8.0553125e-01
   5.4900000e+02   8.0507058e-01
   5.5000000e+02   8.0457961e-01
   5.5100000e+02   8.0406454e-01
   5.5200000e+02   8.0353155e-01
   5.5300000e+02   8.0298676e-01
   5.5400000e+02   8.0243613e-01
   5.5500000e+02   8.0188544e-01
   5.5600000e+02   8.0134022e-01
   5.5700000e+02   8.0080572e-01
   5.5800000e+02   8.0028685e-01
   5.5900000e+02   7.9978816e-01
   5.6000000e+02   7.9931381e-01
   5.6100000e+02   7.9886753e-01
   5.6200000e+02   7.9845260e-01
   5.6300000e+02   7.9807185e-01
   5.6400000e+02   7.9772766e-01
   5.6500000e+02   7.9742192e-01
   5.6600000e+02   7.9715605e-01
   5.6700000e+02   7.9693102e-01
   5.6800000e+02   7.9674735e-01
   5.6900000e+02   7.9660509e-01
   5.7000000e+02   7.9650389e-01
   5.7100000e+02   7.9644301e-01
   5.7200000e+02   7.9642132e-01
   5.7300000e+02   7.9643733e-01
   5.7400000e+02   7.9648926e-01
   5.7500000e+02   7.9657502e-01
   5.7600000e+02   7.9669228e-01
   5.7700000e+02   7.9683848e-01
   5.7800000e+02   7.9701088e-01
   5.7900000e+02   7.9720661e-01
   5.8000000e+02   7.9742266e-01
   5.8100000e+02   7.9765596e-01
   5.8200000e+02   7.9790338e-01
   5.8300000e+02   7.9816180e-01
   5.8400000e+02   7.9842812e-01
   5.8500000e+02   7.9869927e-01
   5.8600000e+02   7.9897230e-01
   5.8700000e+02   7.9924434e-01
   5.8800000e+02   7.9951265e-01
   5.8900000e+02   7.9977467e-01
   5.9000000e+02   8.0002800e-01
   5.9100000e+02   8.0027042e-01
   5.9200000e+02   8.0049993e-01
   5.9300000e+02   8.0071475e-01
   5.9400000e+02   8.0091331e-01
   5.9500000e+02   8.0109428e-01
   5.9600000e+02   8.0125658e-01
   5.9700000e+02   8.0139934e-01
   5.9800000e+02   8.0152195e-01
   5.9900000e+02   8.0162401e-01
   6.0000000e+02   8.0170535e-01
   6.0100000e+02   8.0176604e-01
   6.0200000e+02   8.0180633e-01
   6.0300000e+02   8.0182667e-01
   6.0400000e+02   8.0182771e-01
   6.0500000e+02   8.0181026e-01
   6.0600000e+02   8.0177527e-01
   6.0700000e+02   8.0172385e-01
   6.0800000e+02   8.0165722e-01
   6.0900000e+02   8.0157669e-01
   6.1000000e+02   8.0148368e-01
   6.1100000e+02   8.0137965e-01
   6.1200000e+02   8.0126613e-01
   6.1300000e+02   8.0114467e-01
   6.1400000e+02   8.0101684e-01
   6.1500000e+02   8.0088421e-01
   6.1600000e+02   8.0074832e-01
   6.1700000e+02   8.0061069e-01
   6.1800000e+02   8.0047279e-01
   6.1900000e+02   8.0033602e-01
   6.2000000e+02   8.0020173e-01
   6.2100000e+02   8.0007116e-01
   6.2200000e+02   7.9994549e-01
   6.2300000e+02   7.9982577e-01
   6.2400000e+02   7.9971297e-01
   6.2500000e+02   7.9960792e-01
   6.2600000e+02   7.9951138e-01
   6.2700000e+02   7.9942394e-01
   6.2800000e+02   7.9934611e-01
   6.2900000e+02   7.9927827e-01
   6.3000000e+02   7.9922067e-01
   6.3100000e+02   7.9917347e-01
   6.3200000e+02   7.9913669e-01
   6.3300000e+02   7.9911026e-01
   6.3400000e+02   7.9909401e-01
   6.3500000e+02   7.9908767e-01
   6.3600000e+02   7.9909088e-01
   6.3700000e+02   7.9910319e-01
   6.3800000e+02   7.9912410e-01
   6.3900000e+02   7.9915302e-01
   6.4000000e+02   7.9918932e-01
   6.4100000e+02   7.9923231e-01
   6.4200000e+02   7.9928126e-01
   6.4300000e+02   7.9933544e-01
   6.4400000e+02   7.9939406e-01
   6.4500000e+02   7.9945634e-01
   6.4600000e+02   7.9952149e-01
   6.4700000e+02   7.9958873e-01
   6.4800000e+02   7.9965728e-01
   6.4900000e+02   7.9972639e-01
   6.5000000e+02   7.9979534e-01
   6.5100000e+02   7.9986343e-01
   6.5200000e+02   7.9993002e-01
   6.5300000e+02   7.9999447e-01
   6.5400000e+02   8.0005625e-01
   6.5500000e+02   8.0011482e-01
   6.5600000e+02   8.0016973e-01
   6.5700000e+02   8.0022059e-01
   6.5800000e+02   8.0026704e-01
   6.5900000e+02   8.0030881e-01
   6.6000000e+02   8.0034567e-01
   6.6100000e+02   8.0037745e-01
   6.6200000e+02   8.0040405e-01
   6.6300000e+02   8.0042543e-01
   6.6400000e+02   8.0044157e-01
   6.6500000e+02   8.0045256e-01
   6.6600000e+02   8.0045848e-01
   6.6700000e+02   8.0045951e-01
   6.6800000e+02   8.0045583e-01
   6.6900000e+02   8.0044769e-01
   6.7000000e+02   8.0043536e-01
   6.7100000e+02   8.0041914e-01
   6.7200000e+02   8.0039937e-01
   6.7300000e+02   8.0037638e-01
   6.7400000e+02   8.0035057e-01
   6.7500000e+02   8.0032230e-01
   6.7600000e+02   8.0029197e-01
   6.7700000e+02   8.0025997e-01
   6.7800000e+02   8.0022671e-01
   6.7900000e+02   8.0019256e-01
   6.8000000e+02   8.0015792e-01
   6.8100000e+02   8.0012316e-01
   6.8200000e+02   8.0008864e-01
   6.8300000e+02   8.0005469e-01
   6.8400000e+02   8.0002164e-01
   6.8500000e+02   7.9998978e-01
   6.8600000e+02   7.9995939e-01
   6.8700000e+02   7.9993070e-01
   6.8800000e+02   7.9990395e-01
   6.8900000e+02   7.9987931e-01
   6.9000000e+02   7.9985695e-01
   6.9100000e+02   7.9983700e-01
   6.9200000e+02   7.9981956e-01
   6.9300000e+02   7.9980469e-01
   6.9400000e+02   7.9979244e-01
   6.9500000e+02   7.9978282e-01
   6.9600000e+02   7.9977581e-01
   6.9700000e+02   7.9977138e-01
   6.9800000e+02   7.9976946e-01
   6.9900000e+02   7.9976996e-01
   7.0000000e+02   7.9977278e-01
   7.0100000e+02   7.9977778e-01
   7.0200000e+02   7.9978482e-01
   7.0300000e+02   7.9979375e-01
   7.0400000e+02   7.9980438e-01
   7.0500000e+02   7.9981656e-01
   7.0600000e+02   7.9983007e-01
   7.0700000e+02   7.9984473e-01
   7.0800000e+02   7.9986034e-01
   7.0900000e+02   7.9987670e-01
   7.1000000e+02   7.9989362e-01
   7.1100000e+02   7.9991089e-01
   7.1200000e+02   7.9992833e-01
   7.1300000e+02   7.9994576e-01
   7.1400000e+02   7.9996299e-01
   7.1500000e+02   7.9997986e-01
   7.1600000e+02   7.9999622e-01
   7.1700000e+02   8.0001192e-01
   7.1800000e+02   8.0002682e-01
   7.1900000e+02   8.0004082e-01
   7.2000000e+02   8.0005381e-01
   7.2100000e+02   8.0006569e-01
   7.2200000e+02   8.0007641e-01
   7.2300000e+02   8.0008589e-01
   7.2400000e+02   8.0009409e-01
   7.2500000e+02   8.0010100e-01
   7.2600000e+02   8.0010658e-01
   7.2700000e+02   8.0011084e-01
   7.2800000e+02   8.0011379e-01
   7.2900000e+02   8.0011547e-01
   7.3000000e+02   8.0011590e-01
   7.3100000e+02   8.0011514e-01
   7.3200000e+02   8.0011324e-01
   7.3300000e+02   8.0011028e-01
   7.3400000e+02   8.0010632e-01
   7.3500000e+02   8.0010145e-01
   7.3600000e+02   8.0009576e-01
   7.3700000e+02   8.0008934e-01
   7.3800000e+02   8.0008229e-01
   7.3900000e+02   8.0007471e-01
   7.4000000e+02   8.0006669e-01
   7.4100000e+02   8.0005834e-01
   7.4200000e+02   8.0004975e-01
   7.4300000e+02   8.0004102e-01
   7.4400000e+02   8.0003225e-01
   7.4500000e+02   8.0002353e-01
   7.4600000e+02   8.0001494e-01
   7.4700000e+02   8.0000657e-01
   7.4800000e+02   7.9999848e-01
   7.4900000e+02   7.9999076e-01
   7.5000000e+02   7.9998346e-01
   7.5100000e+02   7.9997664e-01
   7.5200000e+02   7.9997035e-01
   7.5300000e+02   7.9996463e-01
   7.5400000e+02   7.9995951e-01
   7.5500000e+02   7.9995502e-01
   7.5600000e+02   7.9995118e-01
   7.5700000e+02   7.9994799e-01
   7.5800000e+02   7.9994548e-01
   7.5900000e+02   7.9994362e-01
   7.6000000e+02   7.9994241e-01
   7.6100000e+02   7.9994184e-01
   7.6200000e+02   7.9994188e-01
   7.6300000e+02   7.9994252e-01
   7.6400000e+02   7.9994370e-01
   7.6500000e+02   7.9994541e-01
   7.6600000e+02   7.9994760e-01
   7.6700000e+02   7.9995023e-01
   7.6800000e+02   7.9995325e-01
   7.6900000e+02   7.9995662e-01
   7.7000000e+02   7.9996028e-01
   7.7100000e+02   7.9996419e-01
   7.7200000e+02   7.9996830e-01
   7.7300000e+02   7.9997255e-01
   7.7400000e+02   7.9997690e-01
   7.7500000e+02   7.9998130e-01
   7.7600000e+02   7.9998570e-01
   7.7700000e+02   7.9999005e-01
   7.7800000e+02   7.9999433e-01
   7.7900000e+02   7.9999847e-01
   7.8000000e+02   8.0000246e-01
   7.8100000e+02   8.0000625e-01
   7.8200000e+02   8.0000982e-01
   7.8300000e+02   8.0001313e-01
   7.8400000e+02   8.0001617e-01
   7.8500000e+02   8.0001892e-01
   7.8600000e+02   8.0002135e-01
   7.8700000e+02   8.0002347e-01
   7.8800000e+02   8.0002526e-01
   7.8900000e+02   8.0002671e-01
   7.9000000e+02   8.0002783e-01
   7.9100000e+02   8.0002863e-01
   7.9200000e+02   8.0002909e-01
   7.9300000e+02   8.0002925e-01
   7.9400000e+02   8.0002909e-01
   7.9500000e+02   8.0002865e-01
   7.9600000e+02   8.0002794e-01
   7.9700000e+02   8.0002698e-01
   7.9800000e+02   8.0002578e-01
   7.9900000e+02   8.0002437e-01
   8.0000000e+02   8.0002278e-01
   8.0100000e+02   8.0002102e-01
   8.0200000e+02   8.0001912e-01
   8.0300000e+02   8.0001711e-01
   8.0400000e+02   8.0001502e-01
   8.0500000e+02   8.0001285e-01
   8.0600000e+02   8.0001066e-01
   8.0700000e+02   8.0000844e-01
   8.0800000e+02   8.0000624e-01
   8.0900000e+02   8.0000407e-01
   8.1000000e+02   8.0078067e-01
   8.1100000e+02   8.0297059e-01
   8.1200000e+02   8.0645087e-01
   8.1300000e+02   8.1111642e-01
   8.1400000e+02   8.1687659e-01
   8.1500000e+02   8.2365238e-01
   8.1600000e+02   8.3137428e-01
   8.1700000e+02   8.3998055e-01
   8.1800000e+02   8.4941590e-01
   8.1900000e+02   8.5963040e-01
   8.2000000e+02   8.7057116e-01
   8.2100000e+02   8.8217051e-01
   8.2200000e+02   8.9434521e-01
   8.2300000e+02   9.0700229e-01
   8.2400000e+02   9.1996577e-01
   8.2500000e+02   9.3301807e-01
   8.2600000e+02   9.4599494e-01
   8.2700000e+02   9.5877551e-01
   8.2800000e+02   9.7127239e-01
   8.2900000e+02   9.8342388e-01
   8.3000000e+02   9.9518802e-01
   8.3100000e+02   1.0065340e+00
   8.3200000e+02   1.0174291e+00
   8.3300000e+02   1.0278337e+00
   8.3400000e+02   1.0377056e+00
   8.3500000e+02   1.0470044e+00
   8.3600000e+02   1.0556947e+00
   8.3700000e+02   1.0637479e+00
   8.3800000e+02   1.0711427e+00
   8.3900000e+02   1.0778647e+00
   8.4000000e+02   1.0839065e+00
   8.4100000e+02   1.0892667e+00
   8.4200000e+02   1.0939492e+00
   8.4300000e+02   1.0979631e+00
   8.4400000e+02   1.1013220e+00
   8.4500000e+02   1.1040444e+00
   8.4600000e+02   1.1061530e+00
   8.4700000e+02   1.1076748e+00
   8.4800000e+02   1.1086405e+00
   8.4900000e+02   1.1090840e+00
   8.5000000e+02   1.1090424e+00
   8.5100000e+02   1.1085549e+00
   8.5200000e+02   1.1076629e+00
   8.5300000e+02   1.1064093e+00
   8.5400000e+02   1.1048379e+00
   8.5500000e+02   1.1029930e+00
   8.5600000e+02   1.1009194e+00
   8.5700000e+02   1.0986613e+00
   8.5800000e+02   1.0962623e+00
   8.5900000e+02   1.0937650e+00
   8.6000000e+02   1.0912105e+00
   8.6100000e+02   1.0886383e+00
   8.6200000e+02   1.0860858e+00
   8.6300000e+02   1.0835879e+00
   8.6400000e+02   1.0811773e+00
   8.6500000e+02   1.0788837e+00
   8.6600000e+02   1.0767341e+00
   8.6700000e+02   1.0747522e+00
   8.6800000e+02   1.0729589e+00
   8.6900000e+02   1.0713717e+00
   8.7000000e+02   1.0700049e+00
   8.7100000e+02   1.0688697e+00
   8.7200000e+02   1.0679742e+00
   8.7300000e+02   1.0673233e+00
   8.7400000e+02   1.0669188e+00
   8.7500000e+02   1.0667600e+00
   8.7600000e+02   1.0668432e+00
   8.7700000e+02   1.0671620e+00
   8.7800000e+02   1.0677081e+00
   8.7900000e+02   1.0684706e+00
   8.8000000e+02   1.0694369e+00
   8.8100000e+02   1.0705925e+00
   8.8200000e+02   1.0719215e+00
   8.8300000e+02   1.0734067e+00
   8.8400000e+02   1.0750299e+00
   8.8500000e+02   1.0767720e+00
   8.8600000e+02   1.0786135e+00
   8.8700000e+02   1.0805345e+00
   8.8800000e+02   1.0825148e+00
   8.8900000e+02   1.0845348e+00
   8.9000000e+02   1.0865746e+00
   8.9100000e+02   1.0886154e+00
   8.9200000e+02   1.0906387e+00
   8.9300000e+02   1.0926269e+00
   8.9400000e+02   1.0945634e+00
   8.9500000e+02   1.0964330e+00
   8.9600000e+02   1.0982214e+00
   8.9700000e+02   1.0999156e+00
   8.9800000e+02   1.1015044e+00
   8.9900000e+02   1.1029778e+00
   9.0000000e+02   1.1043272e+00
   9.0100000e+02   1.1055458e+00
   9.0200000e+02   1.1066283e+00
   9.0300000e+02   1.1075708e+00
   9.0400000e+02   1.1083711e+00
   9.0500000e+02   1.1090282e+00
   9.0600000e+02   1.1095428e+00
   9.0700000e+02   1.1099170e+00
   9.0800000e+02   1.1101539e+00
   9.0900000e+02   1.1102580e+00
   9.1000000e+02   1.1102349e+00
   9.1100000e+02   1.1100911e+00
   9.1200000e+02   1.1098342e+00
   9.1300000e+02   1.1094723e+00
   9.1400000e+02   1.1090145e+00
   9.1500000e+02   1.1084702e+00
   9.1600000e+02   1.1078493e+00
   9.1700000e+02   1.1071621e+00
   9.1800000e+02   1.1064190e+00
   9.1900000e+02   1.1056305e+00
   9.2000000e+02   1.1048073e+00
   9.2100000e+02   1.1039596e+00
   9.2200000e+02   1.1030976e+00
   9.2300000e+02   1.1022313e+00
   9.2400000e+02   1.1013699e+00
   9.2500000e+02   1.1005226e+00
   9.2600000e+02   1.0996978e+00
   9.2700000e+02   1.0989032e+00
   9.2800000e+02   1.0981461e+00
   9.2900000e+02   1.0974328e+00
   9.3000000e+02   1.0967692e+00
   9.3100000e+02   1.0961601e+00
   9.3200000e+02   1.0956097e+00
   9.3300000e+02   1.0951215e+00
   9.3400000e+02   1.0946979e+00
   9.3500000e+02   1.0943409e+00
   9.3600000e+02   1.0940514e+00
   9.3700000e+02   1.0938298e+00
   9.3800000e+02   1.0936756e+00
   9.3900000e+02   1.0935878e+00
   9.4000000e+02   1.0935646e+00
   9.4100000e+02   1.0936037e+00
   9.4200000e+02   1.0937023e+00
   9.4300000e+02   1.0938570e+00
   9.4400000e+02   1.0940639e+00
   9.4500000e+02   1.0943191e+00
   9.4600000e+02   1.0946178e+00
   9.4700000e+02   1.0949555e+00
   9.4800000e+02   1.0953272e+00
   9.4900000e+02   1.0957277e+00
   9.5000000e+02   1.0961520e+00
   9.5100000e+02   1.0965948e+00
   9.5200000e+02   1.0970509e+00
   9.5300000e+02   1.0975154e+00
   9.5400000e+02   1.0979831e+00
   9.5500000e+02   1.0984493e+00
   9.5600000e+02   1.0989095e+00
   9.5700000e+02   1.0993594e+00
   9.5800000e+02   1.0997948e+00
   9.5900000e+02   1.1002121e+00
   9.6000000e+02   1.1006080e+00
   9.6100000e+02   1.1009792e+00
   9.6200000e+02   1.1013234e+00
   9.6300000e+02   1.1016380e+00
   9.6400000e+02   1.1019214e+00
   9.6500000e+02   1.1021720e+00
   9.6600000e+02   1.1023887e+00
   9.6700000e+02   1.1025708e+00
   9.6800000e+02   1.1027180e+00
   9.6900000e+02   1.1028304e+00
   9.7000000e+02   1.1029083e+00
   9.7100000e+02   1.1029526e+00
   9.7200000e+02   1.1029641e+00
   9.7300000e+02   1.1029442e+00
   9.7400000e+02   1.1028946e+00
   9.7500000e+02   1.1028170e+00
   9.7600000e+02   1.1027134e+00
   9.7700000e+02   1.1025860e+00
   9.7800000e+02   1.1024372e+00
   9.7900000e+02   1.1022695e+00
   9.8000000e+02   1.1020853e+00
   9.8100000e+02   1.1018872e+00
   9.8200000e+02   1.1016780e+00
   9.8300000e+02   1.1014602e+00
   9.8400000e+02   1.1012364e+00
   9.8500000e+02   1.1010091e+00
   9.8600000e+02   1.1007809e+00
   9.8700000e+02   1.1005541e+00
   9.8800000e+02   1.1003310e+00
   9.8900000e+02   1.1001137e+00
   9.9000000e+02   1.0999042e+00
   9.9100000e+02   1.0997042e+00
   9.9200000e+02   1.0995155e+00
   9.9300000e+02   1.0993395e+00
   9.9400000e+02   1.0991773e+00
   9.9500000e+02   1.0990302e+00
   9.9600000e+02   1.0988990e+00
   9.9700000e+02   1.0987843e+00
   9.9800000e+02   1.0986865e+00
   9.9900000e+02   1.0986061e+00
   1.0000000e+03   1.0985430e+00
   1.0010000e+03   1.0984972e+00
   1.0020000e+03   1.0984685e+00
   1.0030000e+03   1.0984563e+00
   1.0040000e+03   1.0984601e+00
   1.0050000e+03   1.0984792e+00
   1.0060000e+03   1.0985128e+00
   1.0070000e+03   1.0985599e+00
   1.0080000e+03   1.0986194e+00
   1.0090000e+03   1.0986903e+00
   1.0100000e+03   1.0987713e+00
   1.0110000e+03   1.0988613e+00
   1.0120000e+03   1.0989588e+00
   1.0130000e+03   1.0990626e+00
   1.0140000e+03   1.0991714e+00
   1.0150000e+03   1.0992838e+00
   1.0160000e+03   1.0993986e+00
   1.0170000e+03   1.0995146e+00
   1.0180000e+03   1.0996304e+00
   1.0190000e+03   1.0997450e+00
   1.0200000e+03   1.0998571e+00
   1.0210000e+03   1.0999659e+00
   1.0220000e+03   1.1000703e+00
   1.0230000e+03   1.1001695e+00
   1.0240000e+03   1.1002626e+00
   1.0250000e+03   1.1003491e+00
   1.0260000e+03   1.1004282e+00
   1.0270000e+03   1.1004996e+00
   1.0280000e+03   1.1005628e+00
   1.0290000e+03   1.1006176e+00
   1.0300000e+03   1.1006637e+00
   1.0310000e+03   1.1007010e+00
   1.0320000e+03   1.1007296e+00
   1.0330000e+03   1.1007496e+00
   1.0340000e+03   1.1007610e+00
   1.0350000e+03   1.1007642e+00
   1.0360000e+03   1.1007595e+00
   1.0370000e+03   1.1007473e+00
   1.0380000e+03   1.1007279e+00
   1.0390000e+03   1.1007020e+00
   1.0400000e+03   1.1006700e+00
   1.0410000e+03   1.1006325e+00
   1.0420000e+03   1.1005902e+00
   1.0430000e+03   1.1005437e+00
   1.0440000e+03   1.1004937e+00
   1.0450000e+03   1.1004407e+00
   1.0460000e+03   1.1003856e+00
   1.0470000e+03   1.1003288e+00
   1.0480000e+03   1.1002711e+00
   1.0490000e+03   1.1002131e+00
   1.0500000e+03   1.1001554e+00
   1.0510000e+03   1.1000986e+00
   1.0520000e+03   1.1000431e+00
   1.0530000e+03   1.0999896e+00
   1.0540000e+03   1.0999385e+00
   1.0550000e+03   1.0998902e+00
   1.0560000e+03   1.0998450e+00
   1.0570000e+03   1.0998033e+00
   1.0580000e+03   1.0997654e+00
   1.0590000e+03   1.0997314e+00
   1.0600000e+03   1.0997017e+00
   1.0610000e+03   1.0996762e+00
   1.0620000e+03   1.0996551e+00
   1.0630000e+03   1.0996383e+00
   1.0640000e+03   1.0996260e+00
   1.0650000e+03   1.0996179e+00
   1.0660000e+03   1.0996141e+00
   1.0670000e+03   1.0996144e+00
   1.0680000e+03   1.0996185e+00
   1.0690000e+03   1.0996263e+00
   1.0700000e+03   1.0996376e+00
   1.0710000e+03   1.0996521e+00
   1.0720000e+03   1.0996694e+00
   1.0730000e+03   1.0996894e+00
   1.0740000e+03   1.0997117e+00
   1.0750000e+03   1.0997360e+00
   1.0760000e+03   1.0997618e+00
   1.0770000e+03   1.0997890e+00
   1.0780000e+03   1.0998172e+00
   1.0790000e+03   1.0998460e+00
   1.0800000e+03   1.0998752e+00
   1.0810000e+03   1.0999043e+00
   1.0820000e+03   1.0999332e+00
   1.0830000e+03   1.0999615e+00
   1.0840000e+03   1.0999890e+00
   1.0850000e+03   1.1000155e+00
   1.0860000e+03   1.1000406e+00
   1.0870000e+03   1.1000643e+00
   1.0880000e+03   1.1000863e+00
   1.0890000e+03   1.1001065e+00
   1.0900000e+03   1.1001247e+00
   1.0910000e+03   1.1001409e+00
   1.0920000e+03   1.1001550e+00
   1.0930000e+03   1.1001669e+00
   1.0940000e+03   1.1001766e+00
   1.0950000e+03   1.1001841e+00
   1.0960000e+03   1.1001893e+00
   1.0970000e+03   1.1001925e+00
   1.0980000e+03   1.1001935e+00
   1.0990000e+03   1.1001926e+00
   1.1000000e+03   1.1001897e+00
   1.1010000e+03   1.1001851e+00
   1.1020000e+03   1.1001787e+00
   1.1030000e+03   1.1001708e+00
   1.1040000e+03   1.1001615e+00
   1.1050000e+03   1.1001510e+00
   1.1060000e+03   1.1001394e+00
   1.1070000e+03   1.1001268e+00
   1.1080000e+03   1.1001135e+00
   1.1090000e+03   1.1000997e+00
   1.1100000e+03   1.1000854e+00
   1.1110000e+03   1.1000708e+00
   1.1120000e+03   1.1000562e+00
   1.1130000e+03   1.1000416e+00
   1.1140000e+03   1.1000272e+00
   1.1150000e+03   1.1000131e+00
   1.1160000e+03   1.0999995e+00
   1.1170000e+03   1.0999865e+00
   1.1180000e+03   1.0999742e+00
   1.1190000e+03   1.0999627e+00
   1.1200000e+03   1.0999520e+00
   1.1210000e+03   1.0999423e+00
   1.1220000e+03   1.0999336e+00
   1.1230000e+03   1.0999259e+00
   1.1240000e+03   1.0999193e+00
   1.1250000e+03   1.0999138e+00
   1.1260000e+03   1.0999094e+00
   1.1270000e+03   1.0999062e+00
   1.1280000e+03   1.0999040e+00
   1.1290000e+03   1.0999028e+00
   1.1300000e+03   1.0999028e+00
   1.1310000e+03   1.0999037e+00
   1.1320000e+03   1.0999055e+00
   1.1330000e+03   1.0999082e+00
   1.1340000e+03   1.0999118e+00
   1.1350000e+03   1.0999161e+00
   1.1360000e+03   1.0999210e+00
   1.1370000e+03   1.0999265e+00
   1.1380000e+03   1.0999326e+00
   1.1390000e+03   1.0999391e+00
   1.1400000e+03   1.0999459e+00
   1.1410000e+03   1.0999530e+00
   1.1420000e+03   1.0999602e+00
   1.1430000e+03   1.0999676e+00
   1.1440000e+03   1.0999749e+00
   1.1450000e+03   1.0999822e+00
   1.1460000e+03   1.0999894e+00
   1.1470000e+03   1.0999963e+00
   1.1480000e+03   1.1000031e+00
   1.1490000e+03   1.1000095e+00
   1.1500000e+03   1.1000155e+00
   1.1510000e+03   1.1000211e+00
   1.1520000e+03   1.1000262e+00
   1.1530000e+03   1.1000309e+00
   1.1540000e+03   1.1000351e+00
   1.1550000e+03   1.1000387e+00
   1.1560000e+03   1.1000418e+00
   1.1570000e+03   1.1000443e+00
   1.1580000e+03   1.1000462e+00
   1.1590000e+03   1.1000477e+00
   1.1600000e+03   1.1000485e+00
   1.1610000e+03   1.1000489e+00
   1.1620000e+03   1.1000487e+00
   1.1630000e+03   1.1000480e+00
   1.1640000e+03   1.1000469e+00
   1.1650000e+03   1.1000454e+00
   1.1660000e+03   1.1000434e+00
   1.1670000e+03   1.1000411e+00
   1.1680000e+03   1.1000385e+00
   1.1690000e+03   1.1000356e+00
   1.1700000e+03   1.1000325e+00
   1.1710000e+03   1.1000291e+00
   1.1720000e+03   1.1000257e+00
   1.1730000e+03   1.1000221e+00
   1.1740000e+03   1.1000184e+00
   1.1750000e+03   1.1000147e+00
   1.1760000e+03   1.1000110e+00
   1.1770000e+03   1.1000074e+00
   1.1780000e+03   1.1000038e+00
   1.1790000e+03   1.1000004e+00
   1.1800000e+03   1.0999971e+00
   1.1810000e+03   1.0999939e+00
   1.1820000e+03   1.0999910e+00
   1.1830000e+03   1.0999883e+00
   1.1840000e+03   1.0999858e+00
   1.1850000e+03   1.0999835e+00
   1.1860000e+03   1.0999816e+00
   1.1870000e+03   1.0999799e+00
   1.1880000e+03   1.0999784e+00
   1.1890000e+03   1.0999773e+00
   1.1900000e+03   1.0999764e+00
   1.1910000e+03   1.0999758e+00
   1.1920000e+03   1.0999755e+00
   1.1930000e+03   1.0999755e+00
   1.1940000e+03   1.0999757e+00
   1.1950000e+03   1.0999761e+00
   1.1960000e+03   1.0999767e+00
   1.1970000e+03   1.0999776e+00
   1.1980000e+03   1.0999787e+00
   1.1990000e+03   1.0999799e+00
   1.2000000e+03   1.0999813e+00
   1.2010000e+03   1.0999828e+00
   1.2020000e+03   1.0999844e+00
   1.2030000e+03   1.0999861e+00
   1.2040000e+03   1.0999879e+00
   1.2050000e+03   1.0999897e+00
   1.2060000e+03   1.0999916e+00
   1.2070000e+03   1.0999934e+00
   1.2080000e+03   1.0999953e+00
   1.2090000e+03   1.0999971e+00
   1.2100000e+03   1.0992201e+00
   1.2110000e+03   1.0970766e+00
   1.2120000e+03   1.0937658e+00
   1.2130000e+03   1.0894481e+00
   1.2140000e+03   1.0842532e+00
   1.2150000e+03   1.0782866e+00
   1.2160000e+03   1.0716349e+00
   1.2170000e+03   1.0643695e+00
   1.2180000e+03   1.0565501e+00
   1.2190000e+03   1.0482269e+00
   1.2200000e+03   1.0394499e+00
   1.2210000e+03   1.0302813e+00
   1.2220000e+03   1.0207959e+00
   1.2230000e+03   1.0110745e+00
   1.2240000e+03   1.0012002e+00
   1.2250000e+03   9.9125560e-01
   1.2260000e+03   9.8132061e-01
   1.2270000e+03   9.7147196e-01
   1.2280000e+03   9.6178233e-01
   1.2290000e+03   9.5232019e-01
   1.2300000e+03   9.4314974e-01
   1.2310000e+03   9.3433066e-01
   1.2320000e+03   9.2591780e-01
   1.2330000e+03   9.1796070e-01
   1.2340000e+03   9.1050321e-01
   1.2350000e+03   9.0358310e-01
   1.2360000e+03   8.9723191e-01
   1.2370000e+03   8.9147477e-01
   1.2380000e+03   8.8633039e-01
   1.2390000e+03   8.8181115e-01
   1.2400000e+03   8.7792320e-01
   1.2410000e+03   8.7466666e-01
   1.2420000e+03   8.7203585e-01
   1.2430000e+03   8.7001957e-01
   1.2440000e+03   8.6860139e-01
   1.2450000e+03   8.6776007e-01
   1.2460000e+03   8.6746990e-01
   1.2470000e+03   8.6770113e-01
   1.2480000e+03   8.6842044e-01
   1.2490000e+03   8.6959143e-01
   1.2500000e+03   8.7117503e-01
   1.2510000e+03   8.7313007e-01
   1.2520000e+03   8.7541372e-01
   1.2530000e+03   8.7798198e-01
   1.2540000e+03   8.8079020e-01
   1.2550000e+03   8.8379348e-01
   1.2560000e+03   8.8694720e-01
   1.2570000e+03   8.9020735e-01
   1.2580000e+03   8.9353105e-01
   1.2590000e+03   8.9687680e-01
   1.2600000e+03   9.0020494e-01
   1.2610000e+03   9.0347789e-01
   1.2620000e+03   9.0666047e-01
   1.2630000e+03   9.0972012e-01
   1.2640000e+03   9.1262713e-01
   1.2650000e+03   9.1535477e-01
   1.2660000e+03   9.1787948e-01
   1.2670000e+03   9.2018093e-01
   1.2680000e+03   9.2224209e-01
   1.2690000e+03   9.2404924e-01
   1.2700000e+03   9.2559198e-01
   1.2710000e+03   9.2686318e-01
   1.2720000e+03   9.2785890e-01
   1.2730000e+03   9.2857830e-01
   1.2740000e+03   9.2902349e-01
   1.2750000e+03   9.2919939e-01
   1.2760000e+03   9.2911355e-01
   1.2770000e+03   9.2877598e-01
   1.2780000e+03   9.2819889e-01
   1.2790000e+03   9.2739651e-01
   1.2800000e+03   9.2638482e-01
   1.2810000e+03   9.2518136e-01
   1.2820000e+03   9.2380493e-01
   1.2830000e+03   9.2227534e-01
   1.2840000e+03   9.2061323e-01
   1.2850000e+03   9.1883972e-01
   1.2860000e+03   9.1697628e-01
   1.2870000e+03   9.1504439e-01
   1.2880000e+03   9.1306541e-01
   1.2890000e+03   9.1106029e-01
   1.2900000e+03   9.0904943e-01
   1.2910000e+03   9.0705245e-01
   1.2920000e+03   9.0508807e-01
   1.2930000e+03   9.0317390e-01
   1.2940000e+03   9.0132634e-01
   1.2950000e+03   8.9956046e-01
   1.2960000e+03   8.9788990e-01
   1.2970000e+03   8.9632679e-01
   1.2980000e+03   8.9488169e-01
   1.2990000e+03   8.9356353e-01
   1.3000000e+03   8.9237963e-01
   1.3010000e+03   8.9133565e-01
   1.3020000e+03   8.9043563e-01
   1.3030000e+03   8.8968199e-01
   1.3040000e+03   8.8907560e-01
   1.3050000e+03   8.8861582e-01
   1.3060000e+03   8.8830058e-01
   1.3070000e+03   8.8812645e-01
   1.3080000e+03   8.8808874e-01
   1.3090000e+03   8.8818159e-01
   1.3100000e+03   8.8839810e-01
   1.3110000e+03   8.8873041e-01
   1.3120000e+03   8.8916986e-01
   1.3130000e+03   8.8970707e-01
   1.3140000e+03   8.9033210e-01
   1.3150000e+03   8.9103454e-01
   1.3160000e+03   8.9180369e-01
   1.3170000e+03   8.9262860e-01
   1.3180000e+03   8.9349826e-01
   1.3190000e+03   8.9440169e-01
   1.3200000e+03   8.9532803e-01
   1.3210000e+03   8.9626669e-01
   1.3220000e+03   8.9720740e-01
   1.3230000e+03   8.9814031e-01
   1.3240000e+03   8.9905611e-01
   1.3250000e+03   8.9994603e-01
   1.3260000e+03   9.0080198e-01
   1.3270000e+03   9.0161656e-01
   1.3280000e+03   9.0238310e-01
   1.3290000e+03   9.0309573e-01
   1.3300000e+03   9.0374936e-01
   1.3310000e+03   9.0433975e-01
   1.3320000e+03   9.0486348e-01
   1.3330000e+03   9.0531794e-01
   1.3340000e+03   9.0570137e-01
   1.3350000e+03   9.0601279e-01
   1.3360000e+03   9.0625202e-01
   1.3370000e+03   9.0641959e-01
   1.3380000e+03   9.0651678e-01
   1.3390000e+03   9.0654550e-01
   1.3400000e+03   9.0650831e-01
   1.3410000e+03   9.0640830e-01
   1.3420000e+03   9.0624909e-01
   1.3430000e+03   9.0603476e-01
   1.3440000e+03   9.0576974e-01
   1.3450000e+03   9.0545884e-01
   1.3460000e+03   9.0510709e-01
   1.3470000e+03   9.0471975e-01
   1.3480000e+03   9.0430220e-01
   1.3490000e+03   9.0385992e-01
   1.3500000e+03   9.0339840e-01
   1.3510000e+03   9.0292308e-01
   1.3520000e+03   9.0243934e-01
   1.3530000e+03   9.0195239e-01
   1.3540000e+03   9.0146728e-01
   1.3550000e+03   9.0098879e-01
   1.3560000e+03   9.0052147e-01
   1.3570000e+03   9.0006953e-01
   1.3580000e+03   8.9963688e-01
   1.3590000e+03   8.9922705e-01
   1.3600000e+03   8.9884319e-01
   1.3610000e+03   8.9848805e-01
   1.3620000e+03   8.9816399e-01
   1.3630000e+03   8.9787293e-01
   1.3640000e+03   8.9761640e-01
   1.3650000e+03   8.9739550e-01
   1.3660000e+03   8.9721092e-01
   1.3670000e+03   8.9706296e-01
   1.3680000e+03   8.9695155e-01
   1.3690000e+03   8.9687623e-01
   1.3700000e+03   8.9683621e-01
   1.3710000e+03   8.9683036e-01
   1.3720000e+03   8.9685727e-01
   1.3730000e+03   8.9691526e-01
   1.3740000e+03   8.9700238e-01
   1.3750000e+03   8.9711650e-01
   1.3760000e+03   8.9725529e-01
   1.3770000e+03   8.9741629e-01
   1.3780000e+03   8.9759688e-01
   1.3790000e+03   8.9779440e-01
   1.3800000e+03   8.9800609e-01
   1.3810000e+03   8.9822921e-01
   1.3820000e+03   8.9846098e-01
   1.3830000e+03   8.9869868e-01
   1.3840000e+03   8.9893963e-01
   1.3850000e+03   8.9918124e-01
   1.3860000e+03   8.9942101e-01
   1.3870000e+03   8.9965659e-01
   1.3880000e+03   8.9988576e-01
   1.3890000e+03   9.0010645e-01
   1.3900000e+03   9.0031679e-01
   1.3910000e+03   9.0051507e-01
   1.3920000e+03   9.0069978e-01
   1.3930000e+03   9.0086964e-01
   1.3940000e+03   9.0102354e-01
   1.3950000e+03   9.0116059e-01
   1.3960000e+03   9.0128013e-01
   1.3970000e+03   9.0138167e-01
   1.3980000e+03   9.0146495e-01
   1.3990000e+03   9.0152991e-01
   1.4000000e+03   9.0157665e-01
   1.4010000e+03   9.0160549e-01
   1.4020000e+03   9.0161688e-01
   1.4030000e+03   9.0161145e-01
   1.4040000e+03   9.0158998e-01
   1.4050000e+03   9.0155335e-01
   1.4060000e+03   9.0150259e-01
   1.4070000e+03   9.0143881e-01
   1.4080000e+03   9.0136321e-01
   1.4090000e+03   9.0127706e-01
   1.4100000e+03   9.0118168e-01
   1.4110000e+03   9.0107844e-01
   1.4120000e+03   9.0096870e-01
   1.4130000e+03   9.0085386e-01
   1.4140000e+03   9.0073531e-01
   1.4150000e+03   9.0061439e-01
   1.4160000e+03   9.0049244e-01
   1.4170000e+03   9.0037073e-01
   1.4180000e+03   9.0025049e-01
   1.4190000e+03   9.0013288e-01
   1.4200000e+03   9.0001897e-01
   1.4210000e+03   8.9990975e-01
   1.4220000e+03   8.9980615e-01
   1.4230000e+03   8.9970896e-01
   1.4240000e+03   8.9961889e-01
   1.4250000e+03   8.9953657e-01
   1.4260000e+03   8.9946248e-01
   1.4270000e+03   8.9939703e-01
   1.4280000e+03   8.9934051e-01
   1.4290000e+03   8.9929312e-01
   1.4300000e+03   8.9925494e-01
   1.4310000e+03   8.9922598e-01
   1.4320000e+03   8.9920611e-01
   1.4330000e+03   8.9919517e-01
   1.4340000e+03   8.9919288e-01
   1.4350000e+03   8.9919889e-01
   1.4360000e+03   8.9921278e-01
   1.4370000e+03   8.9923409e-01
   1.4380000e+03   8.9926227e-01
   1.4390000e+03   8.9929674e-01
   1.4400000e+03   8.9933689e-01
   1.4410000e+03   8.9938207e-01
   1.4420000e+03   8.9943160e-01
   1.4430000e+03   8.9948479e-01
   1.4440000e+03   8.9954095e-01
   1.4450000e+03   8.9959938e-01
   1.4460000e+03   8.9965939e-01
   1.4470000e+03   8.9972030e-01
   1.4480000e+03   8.9978146e-01
   1.4490000e+03   8.9984223e-01
   1.4500000e+03   8.9990202e-01
   1.4510000e+03   8.9996025e-01
   1.4520000e+03   9.0001641e-01
   1.4530000e+03   9.0007002e-01
   1.4540000e+03   9.0012063e-01
   1.4550000e+03   9.0016786e-01
   1.4560000e+03   9.0021138e-01
   1.4570000e+03   9.0025090e-01
   1.4580000e+03   9.0028619e-01
   1.4590000e+03   9.0031708e-01
   1.4600000e+03   9.0034343e-01
   1.4610000e+03   9.0036518e-01
   1.4620000e+03   9.0038230e-01
   1.4630000e+03   9.0039482e-01
   1.4640000e+03   9.0040280e-01
   1.4650000e+03   9.0040635e-01
   1.4660000e+03   9.0040563e-01
   1.4670000e+03   9.0040083e-01
   1.4680000e+03   9.0039217e-01
   1.4690000e+03   9.0037991e-01
   1.4700000e+03   9.0036431e-01
   1.4710000e+03   9.0034569e-01
   1.4720000e+03   9.0032435e-01
   1.4730000e+03   9.0030064e-01
   1.4740000e+03   9.0027489e-01
   1.4750000e+03   9.0024745e-01
   1.4760000e+03   9.0021868e-01
   1.4770000e+03   9.0018892e-01
   1.4780000e+03   9.0015851e-01
   1.4790000e+03   9.0012779e-01
   1.4800000e+03   9.0009709e-01
   1.4810000e+03   9.0006671e-01
   1.4820000e+03   9.0003696e-01
   1.4830000e+03   9.0000810e-01
   1.4840000e+03   8.9998040e-01
   1.4850000e+03   8.9995407e-01
   1.4860000e+03   8.9992934e-01
   1.4870000e+03   8.9990638e-01
   1.4880000e+03   8.9988535e-01
   1.4890000e+03   8.9986638e-01
   1.4900000e+03   8.9984958e-01
   1.4910000e+03   8.9983503e-01
   1.4920000e+03   8.9982277e-01
   1.4930000e+03   8.9981283e-01
   1.4940000e+03   8.9980522e-01
   1.4950000e+03   8.9979990e-01
   1.4960000e+03   8.9979685e-01
   1.4970000e+03   8.9979599e-01
   1.4980000e+03   8.9979724e-01
   1.4990000e+03   8.9980049e-01
   1.5000000e+03   8.9980562e-01
   1.5010000e+03   8.9981251e-01
   1.5020000e+03   8.9982101e-01
   1.5030000e+03   8.9983097e-01
   1.5040000e+03   8.9984221e-01
   1.5050000e+03   8.9985458e-01
   1.5060000e+03   8.9986789e-01
   1.5070000e+03   8.9988198e-01
   1.5080000e+03   8.9989666e-01
   1.5090000e+03   8.9991177e-01
   1.5100000e+03   8.9992712e-01
   1.5110000e+03   8.9994256e-01
   1.5120000e+03   8.9995793e-01
   1.5130000e+03   8.9997307e-01
   1.5140000e+03   8.9998783e-01
   1.5150000e+03   9.0000209e-01
   1.5160000e+03   9.0001571e-01
   1.5170000e+03   9.0002860e-01
   1.5180000e+03   9.0004065e-01
   1.5190000e+03   9.0005177e-01
   1.5200000e+03   9.0006189e-01
   1.5210000e+03   9.0007095e-01
   1.5220000e+03   9.0007891e-01
   1.5230000e+03   9.0008572e-01
   1.5240000e+03   9.0009138e-01
   1.5250000e+03   9.0009586e-01
   1.5260000e+03   9.0009918e-01
   1.5270000e+03   9.0010136e-01
   1.5280000e+03   9.0010241e-01
   1.5290000e+03   9.0010238e-01
   1.5300000e+03   9.0010131e-01
   1.5310000e+03   9.0009926e-01
   1.5320000e+03   9.0009629e-01
   1.5330000e+03   9.0009247e-01
   1.5340000e+03   9.0008787e-01
   1.5350000e+03   9.0008258e-01
   1.5360000e+03   9.0007668e-01
   1.5370000e+03   9.0007025e-01
   1.5380000e+03   9.0006338e-01
   1.5390000e+03   9.0005617e-01
   1.5400000e+03   9.0004869e-01
   1.5410000e+03   9.0004103e-01
   1.5420000e+03   9.0003329e-01
   1.5430000e+03   9.0002554e-01
   1.5440000e+03   9.0001786e-01
   1.5450000e+03   9.0001033e-01
   1.5460000e+03   9.0000301e-01
   1.5470000e+03   8.9999598e-01
   1.5480000e+03   8.9998929e-01
   1.5490000e+03   8.9998299e-01
   1.5500000e+03   8.9997713e-01
   1.5510000e+03   8.9997176e-01
   1.5520000e+03   8.9996690e-01
   1.5530000e+03   8.9996258e-01
   1.5540000e+03   8.9995883e-01
   1.5550000e+03   8.9995566e-01
   1.5560000e+03   8.9995307e-01
   1.5570000e+03   8.9995107e-01
   1.5580000e+03   8.9994965e-01
   1.5590000e+03   8.9994880e-01
   1.5600000e+03   8.9994851e-01
   1.5610000e+03   8.9994875e-01
   1.5620000e+03   8.9994950e-01
   1.5630000e+03   8.9995073e-01
   1.5640000e+03   8.9995241e-01
   1.5650000e+03   8.9995451e-01
   1.5660000e+03   8.9995697e-01
   1.5670000e+03   8.9995976e-01
   1.5680000e+03   8.9996285e-01
   1.5690000e+03   8.9996618e-01
   1.5700000e+03   8.9996971e-01
   1.5710000e+03   8.9997340e-01
   1.5720000e+03   8.9997719e-01
   1.5730000e+03   8.9998106e-01
   1.5740000e+03   8.9998496e-01
   1.5750000e+03   8.9998884e-01
   1.5760000e+03   8.9999267e-01
   1.5770000e+03   8.9999641e-01
   1.5780000e+03   9.0000003e-01
   1.5790000e+03   9.0000349e-01
   1.5800000e+03   9.0000677e-01
   1.5810000e+03   9.0000984e-01
   1.5820000e+03   9.0001268e-01
   1.5830000e+03   9.0001527e-01
   1.5840000e+03   9.0001760e-01
   1.5850000e+03   9.0001965e-01
   1.5860000e+03   9.0002141e-01
   1.5870000e+03   9.0002287e-01
   1.5880000e+03   9.0002405e-01
   1.5890000e+03   9.0002493e-01
   1.5900000e+03   9.0002551e-01
   1.5910000e+03   9.0002582e-01
   1.5920000e+03   9.0002585e-01
   1.5930000e+03   9.0002561e-01
   1.5940000e+03   9.0002513e-01
   1.5950000e+03   9.0002441e-01
   1.5960000e+03   9.0002348e-01
   1.5970000e+03   9.0002234e-01
   1.5980000e+03   9.0002103e-01
   1.5990000e+03   9.0001956e-01
   1.6000000e+03   9.0001796e-01
