   1.0000000e+00   2.0000000e+00
   2.0000000e+00   2.0000000e+00
   3.0000000e+00   2.0000000e+00
   4.0000000e+00   2.0000000e+00
   5.0000000e+00   2.0000000e+00
   6.0000000e+00   2.0000000e+00
   7.0000000e+00   2.0000000e+00
   8.0000000e+00   2.0000000e+00
   9.0000000e+00   2.0000000e+00
   1.0000000e+01   2.0000000e+00
   1.1000000e+01   2.0000000e+00
   1.2000000e+01   2.8000000e+00
   1.3000000e+01   2.8000000e+00
   1.4000000e+01   2.8000000e+00
   1.5000000e+01   2.8000000e+00
   1.6000000e+01   2.8000000e+00
   1.7000000e+01   2.8000000e+00
   1.8000000e+01   2.8000000e+00
   1.9000000e+01   2.8000000e+00
   2.0000000e+01   2.8000000e+00
   2.1000000e+01   2.8000000e+00
   2.2000000e+01   2.7925242e+00
   2.3000000e+01   2.7728268e+00
   2.4000000e+01   2.7442884e+00
   2.5000000e+01   2.7095092e+00
   2.6000000e+01   2.6704830e+00
   2.7000000e+01   2.6287328e+00
   2.8000000e+01   2.5854164e+00
   2.9000000e+01   2.5414084e+00
   3.0000000e+01   2.4973642e+00
   3.1000000e+01   2.4537697e+00
   3.2000000e+01   2.4110500e+00
   3.3000000e+01   2.3696877e+00
   3.4000000e+01   2.3302120e+00
   3.5000000e+01   2.2931271e+00
   3.6000000e+01   2.2588736e+00
   3.7000000e+01   2.2278083e+00
   3.8000000e+01   2.2001988e+00
   3.9000000e+01   2.1762257e+00
   4.0000000e+01   2.1559896e+00
   4.1000000e+01   2.1395207e+00
   4.2000000e+01   2.1267886e+00
   4.3000000e+01   2.1177103e+00
   4.4000000e+01   2.1121557e+00
   4.5000000e+01   2.1099518e+00
   4.6000000e+01   2.1108879e+00
   4.7000000e+01   2.1147199e+00
   4.8000000e+01   2.1211763e+00
   4.9000000e+01   2.1299647e+00
   5.0000000e+01   2.1407774e+00
   5.1000000e+01   2.1532977e+00
   5.2000000e+01   2.1672057e+00
   5.3000000e+01   2.1821839e+00
   5.4000000e+01   2.1979214e+00
   5.5000000e+01   2.2141188e+00
   5.6000000e+01   2.2304915e+00
   5.7000000e+01   2.2467731e+00
   5.8000000e+01   2.2627184e+00
   5.9000000e+01   2.2781053e+00
   6.0000000e+01   2.2927367e+00
   6.1000000e+01   2.3064417e+00
   6.2000000e+01   2.3190762e+00
   6.3000000e+01   2.3305234e+00
   6.4000000e+01   2.3406935e+00
   6.5000000e+01   2.3495230e+00
   6.6000000e+01   2.3569739e+00
   6.7000000e+01   2.3630323e+00
   6.8000000e+01   2.3677068e+00
   6.9000000e+01   2.3710270e+00
   7.0000000e+01   2.3730411e+00
   7.1000000e+01   2.3738140e+00
   7.2000000e+01   2.3734251e+00
   7.3000000e+01   2.3719660e+00
   7.4000000e+01   2.3695380e+00
   7.5000000e+01   2.3662499e+00
   7.6000000e+01   2.3622160e+00
   7.7000000e+01   2.3575536e+00
   7.8000000e+01   2.3523812e+00
   7.9000000e+01   2.3468163e+00
   8.0000000e+01   2.3409740e+00
   8.1000000e+01   2.3349651e+00
   8.2000000e+01   2.3288949e+00
   8.3000000e+01   2.3228620e+00
   8.4000000e+01   2.3169569e+00
   8.5000000e+01   2.3112618e+00
   8.6000000e+01   2.3058492e+00
   8.7000000e+01   2.3007822e+00
   8.8000000e+01   2.2961138e+00
   8.9000000e+01   2.2918870e+00
   9.0000000e+01   2.2881346e+00
   9.1000000e+01   2.2848799e+00
   9.2000000e+01   2.2821367e+00
   9.3000000e+01   2.2799097e+00
   9.4000000e+01   2.2781954e+00
   9.5000000e+01   2.2769827e+00
   9.6000000e+01   2.2762534e+00
   9.7000000e+01   2.2759833e+00
   9.8000000e+01   2.2761426e+00
   9.9000000e+01   2.2766974e+00
   1.0000000e+02   2.2776100e+00
   1.0100000e+02   2.2788399e+00
   1.0200000e+02   2.2803446e+00
   1.0300000e+02   2.2820808e+00
   1.0400000e+02   2.2840044e+00
   1.0500000e+02   2.2860720e+00
   1.0600000e+02   2.2882408e+00
   1.0700000e+02   2.2904699e+00
   1.0800000e+02   2.2927204e+00
   1.0900000e+02   2.2949557e+00
   1.1000000e+02   2.2971425e+00
   1.1100000e+02   2.2992504e+00
   1.1200000e+02   2.3012527e+00
   1.1300000e+02   2.3031260e+00
   1.1400000e+02   2.3048509e+00
   1.1500000e+02   2.3064116e+00
   1.1600000e+02   2.3077960e+00
   1.1700000e+02   2.3089957e+00
   1.1800000e+02   2.3100057e+00
   1.1900000e+02   2.3108242e+00
   1.2000000e+02   2.3114528e+00
   1.2100000e+02   2.3118957e+00
   1.2200000e+02   2.3121596e+00
   1.2300000e+02   2.3122537e+00
   1.2400000e+02   2.3121890e+00
   1.2500000e+02   2.3119782e+00
   1.2600000e+02   2.3116353e+00
   1.2700000e+02   2.3111753e+00
   1.2800000e+02   2.3106141e+00
   1.2900000e+02   2.3099676e+00
   1.3000000e+02   2.3092522e+00
   1.3100000e+02   2.3084841e+00
   1.3200000e+02   2.3076790e+00
   1.3300000e+02   2.3068520e+00
   1.3400000e+02   2.3060177e+00
   1.3500000e+02   2.3051895e+00
   1.3600000e+02   2.3043797e+00
   1.3700000e+02   2.3035995e+00
   1.3800000e+02   2.3028589e+00
   1.3900000e+02   2.3021663e+00
   1.4000000e+02   2.3015290e+00
   1.4100000e+02   2.3009527e+00
   1.4200000e+02   2.3004420e+00
   1.4300000e+02   2.2999998e+00
   1.4400000e+02   2.2996280e+00
   1.4500000e+02   2.2993271e+00
   1.4600000e+02   2.2990966e+00
   1.4700000e+02   2.2989350e+00
   1.4800000e+02   2.2988395e+00
   1.4900000e+02   2.2988068e+00
   1.5000000e+02   2.2988329e+00
   1.5100000e+02   2.2989130e+00
   1.5200000e+02   2.2990418e+00
   1.5300000e+02   2.2992138e+00
   1.5400000e+02   2.2994231e+00
   1.5500000e+02   2.2996638e+00
   1.5600000e+02   2.2999298e+00
   1.5700000e+02   2.3002152e+00
   1.5800000e+02   2.3005141e+00
   1.5900000e+02   2.3008208e+00
   1.6000000e+02   2.3011301e+00
   1.6100000e+02   2.3014370e+00
   1.6200000e+02   2.3017369e+00
   1.6300000e+02   2.3020256e+00
   1.6400000e+02   2.3022996e+00
   1.6500000e+02   2.3025556e+00
   1.6600000e+02   2.3027911e+00
   1.6700000e+02   2.3030039e+00
   1.6800000e+02   2.3031923e+00
   1.6900000e+02   2.3033553e+00
   1.7000000e+02   2.3034921e+00
   1.7100000e+02   2.3036027e+00
   1.7200000e+02   2.3036872e+00
   1.7300000e+02   2.3037462e+00
   1.7400000e+02   2.3037807e+00
   1.7500000e+02   2.3037920e+00
   1.7600000e+02   2.3037816e+00
   1.7700000e+02   2.3037512e+00
   1.7800000e+02   2.3037028e+00
   1.7900000e+02   2.3036385e+00
   1.8000000e+02   2.3035604e+00
   1.8100000e+02   2.3034708e+00
   1.8200000e+02   2.3033719e+00
   1.8300000e+02   2.3032659e+00
   1.8400000e+02   2.3031549e+00
   1.8500000e+02   2.3030412e+00
   1.8600000e+02   2.3029265e+00
   1.8700000e+02   2.3028128e+00
   1.8800000e+02   2.3027018e+00
   1.8900000e+02   2.3025949e+00
   1.9000000e+02   2.3024935e+00
   1.9100000e+02   2.3023989e+00
   1.9200000e+02   2.3023119e+00
   1.9300000e+02   2.3022333e+00
   1.9400000e+02   2.3021638e+00
   1.9500000e+02   2.3021038e+00
   1.9600000e+02   2.3020534e+00
   1.9700000e+02   2.3020127e+00
   1.9800000e+02   2.3019818e+00
   1.9900000e+02   2.3019602e+00
   2.0000000e+02   2.3019478e+00
   2.0100000e+02   2.3019439e+00
   2.0200000e+02   2.3019480e+00
   2.0300000e+02   2.3019596e+00
   2.0400000e+02   2.3019777e+00
   2.0500000e+02   2.3020018e+00
   2.0600000e+02   2.3020309e+00
   2.0700000e+02   2.3020643e+00
   2.0800000e+02   2.3021010e+00
   2.0900000e+02   2.3021404e+00
   2.1000000e+02   2.3021816e+00
   2.1100000e+02   2.3022238e+00
   2.1200000e+02   2.3022663e+00
   2.1300000e+02   2.3023084e+00
   2.1400000e+02   2.3023496e+00
   2.1500000e+02   2.3023891e+00
   2.1600000e+02   2.3024266e+00
   2.1700000e+02   2.3024616e+00
   2.1800000e+02   2.3024937e+00
   2.1900000e+02   2.3025227e+00
   2.2000000e+02   2.3025484e+00
   2.2100000e+02   2.3025705e+00
   2.2200000e+02   2.3025891e+00
   2.2300000e+02   2.3026040e+00
   2.2400000e+02   2.3026153e+00
   2.2500000e+02   2.3026232e+00
   2.2600000e+02   2.3026277e+00
   2.2700000e+02   2.3026290e+00
   2.2800000e+02   2.3026274e+00
   2.2900000e+02   2.3026230e+00
   2.3000000e+02   2.3026162e+00
   2.3100000e+02   2.3026072e+00
   2.3200000e+02   2.3025963e+00
   2.3300000e+02   2.3025839e+00
   2.3400000e+02   2.3025702e+00
   2.3500000e+02   2.3025556e+00
   2.3600000e+02   2.3025403e+00
   2.3700000e+02   2.3025247e+00
   2.3800000e+02   2.3025089e+00
   2.3900000e+02   2.3024933e+00
   2.4000000e+02   2.3024781e+00
   2.4100000e+02   2.3024635e+00
   2.4200000e+02   2.3024496e+00
   2.4300000e+02   2.3024367e+00
   2.4400000e+02   2.3024248e+00
   2.4500000e+02   2.3024141e+00
   2.4600000e+02   2.3024046e+00
   2.4700000e+02   2.3023965e+00
   2.4800000e+02   2.3023896e+00
   2.4900000e+02   2.3023841e+00
   2.5000000e+02   2.3023800e+00
   2.5100000e+02   2.3023771e+00
   2.5200000e+02   2.3023755e+00
   2.5300000e+02   2.3023750e+00
   2.5400000e+02   2.3023757e+00
   2.5500000e+02   2.3023773e+00
   2.5600000e+02   2.3023799e+00
   2.5700000e+02   2.3023833e+00
   2.5800000e+02   2.3023873e+00
   2.5900000e+02   2.3023919e+00
   2.6000000e+02   2.3023970e+00
   2.6100000e+02   2.3024025e+00
   2.6200000e+02   2.3024081e+00
   2.6300000e+02   2.3024139e+00
   2.6400000e+02   2.3024198e+00
   2.6500000e+02   2.3024256e+00
   2.6600000e+02   2.3024312e+00
   2.6700000e+02   2.3024366e+00
   2.6800000e+02   2.3024417e+00
   2.6900000e+02   2.3024465e+00
   2.7000000e+02   2.3024509e+00
   2.7100000e+02   2.3024549e+00
   2.7200000e+02   2.3024584e+00
   2.7300000e+02   2.3024614e+00
   2.7400000e+02   2.3024639e+00
   2.7500000e+02   2.3024659e+00
   2.7600000e+02   2.3024674e+00
   2.7700000e+02   2.3024685e+00
   2.7800000e+02   2.3024690e+00
   2.7900000e+02   2.3024692e+00
   2.8000000e+02   2.3024689e+00
   2.8100000e+02   2.3024683e+00
   2.8200000e+02   2.3024673e+00
   2.8300000e+02   2.3024661e+00
   2.8400000e+02   2.3024646e+00
   2.8500000e+02   2.3024629e+00
   2.8600000e+02   2.3024610e+00
   2.8700000e+02   2.3024590e+00
   2.8800000e+02   2.3024568e+00
   2.8900000e+02   2.3024547e+00
   2.9000000e+02   2.3024525e+00
   2.9100000e+02   2.3024504e+00
   2.9200000e+02   2.3024483e+00
   2.9300000e+02   2.3024463e+00
   2.9400000e+02   2.3024444e+00
   2.9500000e+02   2.3024426e+00
   2.9600000e+02   2.3024410e+00
   2.9700000e+02   2.3024396e+00
   2.9800000e+02   2.3024383e+00
   2.9900000e+02   2.3024372e+00
   3.0000000e+02   2.3024362e+00
   3.0100000e+02   2.3024355e+00
   3.0200000e+02   2.3024349e+00
   3.0300000e+02   2.3024346e+00
   3.0400000e+02   2.3024343e+00
   3.0500000e+02   2.3024343e+00
   3.0600000e+02   2.3024344e+00
   3.0700000e+02   2.3024346e+00
   3.0800000e+02   2.3024350e+00
   3.0900000e+02   2.3024355e+00
   3.1000000e+02   2.3024360e+00
   3.1100000e+02   2.3024367e+00
   3.1200000e+02   2.3024374e+00
   3.1300000e+02   2.3024381e+00
   3.1400000e+02   2.3024389e+00
   3.1500000e+02   2.3024397e+00
   3.1600000e+02   2.3024405e+00
   3.1700000e+02   2.3024413e+00
   3.1800000e+02   2.3024421e+00
   3.1900000e+02   2.3024428e+00
   3.2000000e+02   2.3024435e+00
   3.2100000e+02   2.3024442e+00
   3.2200000e+02   2.3024448e+00
   3.2300000e+02   2.3024453e+00
   3.2400000e+02   2.3024458e+00
   3.2500000e+02   2.3024462e+00
   3.2600000e+02   2.3024465e+00
   3.2700000e+02   2.3024468e+00
   3.2800000e+02   2.3024470e+00
   3.2900000e+02   2.3024471e+00
   3.3000000e+02   2.3024472e+00
   3.3100000e+02   2.3024472e+00
   3.3200000e+02   2.3024472e+00
   3.3300000e+02   2.3024471e+00
   3.3400000e+02   2.3024470e+00
   3.3500000e+02   2.3024468e+00
   3.3600000e+02   2.3024466e+00
   3.3700000e+02   2.3024463e+00
   3.3800000e+02   2.3024461e+00
   3.3900000e+02   2.3024458e+00
   3.4000000e+02   2.3024455e+00
   3.4100000e+02   2.3024452e+00
   3.4200000e+02   2.3024449e+00
   3.4300000e+02   2.3024446e+00
   3.4400000e+02   2.3024443e+00
   3.4500000e+02   2.3024441e+00
   3.4600000e+02   2.3024438e+00
   3.4700000e+02   2.3024436e+00
   3.4800000e+02   2.3024433e+00
   3.4900000e+02   2.3024431e+00
   3.5000000e+02   2.3024430e+00
   3.5100000e+02   2.3024428e+00
   3.5200000e+02   2.3024427e+00
   3.5300000e+02   2.3024426e+00
   3.5400000e+02   2.3024425e+00
   3.5500000e+02   2.3024425e+00
   3.5600000e+02   2.3024424e+00
   3.5700000e+02   2.3024424e+00
   3.5800000e+02   2.3024424e+00
   3.5900000e+02   2.3024425e+00
   3.6000000e+02   2.3024425e+00
   3.6100000e+02   2.3024426e+00
   3.6200000e+02   2.3024427e+00
   3.6300000e+02   2.3024428e+00
   3.6400000e+02   2.3024429e+00
   3.6500000e+02   2.3024430e+00
   3.6600000e+02   2.3024431e+00
   3.6700000e+02   2.3024432e+00
   3.6800000e+02   2.3024433e+00
   3.6900000e+02   2.3024434e+00
   3.7000000e+02   2.3024435e+00
   3.7100000e+02   2.3024436e+00
   3.7200000e+02   2.3024437e+00
   3.7300000e+02   2.3024438e+00
   3.7400000e+02   2.3024439e+00
   3.7500000e+02   2.3024439e+00
   3.7600000e+02   2.3024440e+00
   3.7700000e+02   2.3024441e+00
   3.7800000e+02   2.3024441e+00
   3.7900000e+02   2.3024442e+00
   3.8000000e+02   2.3024442e+00
   3.8100000e+02   2.3024442e+00
   3.8200000e+02   2.3024442e+00
   3.8300000e+02   2.3024442e+00
   3.8400000e+02   2.3024442e+00
   3.8500000e+02   2.3024442e+00
   3.8600000e+02   2.3024442e+00
   3.8700000e+02   2.3024441e+00
   3.8800000e+02   2.3024441e+00
   3.8900000e+02   2.3024441e+00
   3.9000000e+02   2.3024440e+00
   3.9100000e+02   2.3024440e+00
   3.9200000e+02   2.3024440e+00
   3.9300000e+02   2.3024439e+00
   3.9400000e+02   2.3024439e+00
   3.9500000e+02   2.3024438e+00
   3.9600000e+02   2.3024438e+00
   3.9700000e+02   2.3024438e+00
   3.9800000e+02   2.3024437e+00
   3.9900000e+02   2.3024437e+00
   4.0000000e+02   2.0524437e+00
   4.0100000e+02   2.0524437e+00
   4.0200000e+02   2.0524437e+00
   4.0300000e+02   2.0524436e+00
   4.0400000e+02   2.0524436e+00
   4.0500000e+02   2.0524436e+00
   4.0600000e+02   2.0524436e+00
   4.0700000e+02   2.0524436e+00
   4.0800000e+02   2.0524436e+00
   4.0900000e+02   2.0524436e+00
   4.1000000e+02   2.0547798e+00
   4.1100000e+02   2.0609352e+00
   4.1200000e+02   2.0698535e+00
   4.1300000e+02   2.0807220e+00
   4.1400000e+02   2.0929177e+00
   4.1500000e+02   2.1059646e+00
   4.1600000e+02   2.1195010e+00
   4.1700000e+02   2.1332535e+00
   4.1800000e+02   2.1470173e+00
   4.1900000e+02   2.1606406e+00
   4.2000000e+02   2.1739906e+00
   4.2100000e+02   2.1869163e+00
   4.2200000e+02   2.1992525e+00
   4.2300000e+02   2.2108415e+00
   4.2400000e+02   2.2215457e+00
   4.2500000e+02   2.2312537e+00
   4.2600000e+02   2.2398816e+00
   4.2700000e+02   2.2473732e+00
   4.2800000e+02   2.2536970e+00
   4.2900000e+02   2.2588436e+00
   4.3000000e+02   2.2628223e+00
   4.3100000e+02   2.2656593e+00
   4.3200000e+02   2.2673952e+00
   4.3300000e+02   2.2680838e+00
   4.3400000e+02   2.2677913e+00
   4.3500000e+02   2.2665938e+00
   4.3600000e+02   2.2645762e+00
   4.3700000e+02   2.2618298e+00
   4.3800000e+02   2.2584509e+00
   4.3900000e+02   2.2545383e+00
   4.4000000e+02   2.2501920e+00
   4.4100000e+02   2.2455113e+00
   4.4200000e+02   2.2405933e+00
   4.4300000e+02   2.2355316e+00
   4.4400000e+02   2.2304152e+00
   4.4500000e+02   2.2253272e+00
   4.4600000e+02   2.2203442e+00
   4.4700000e+02   2.2155358e+00
   4.4800000e+02   2.2109635e+00
   4.4900000e+02   2.2066807e+00
   4.5000000e+02   2.2027324e+00
   4.5100000e+02   2.1991552e+00
   4.5200000e+02   2.1959770e+00
   4.5300000e+02   2.1932178e+00
   4.5400000e+02   2.1908894e+00
   4.5500000e+02   2.1889961e+00
   4.5600000e+02   2.1875353e+00
   4.5700000e+02   2.1864978e+00
   4.5800000e+02   2.1858684e+00
   4.5900000e+02   2.1856268e+00
   4.6000000e+02   2.1857484e+00
   4.6100000e+02   2.1862043e+00
   4.6200000e+02   2.1869631e+00
   4.6300000e+02   2.1879906e+00
   4.6400000e+02   2.1892512e+00
   4.6500000e+02   2.1907082e+00
   4.6600000e+02   2.1923246e+00
   4.6700000e+02   2.1940636e+00
   4.6800000e+02   2.1958894e+00
   4.6900000e+02   2.1977671e+00
   4.7000000e+02   2.1996641e+00
   4.7100000e+02   2.2015494e+00
   4.7200000e+02   2.2033947e+00
   4.7300000e+02   2.2051744e+00
   4.7400000e+02   2.2068659e+00
   4.7500000e+02   2.2084493e+00
   4.7600000e+02   2.2099082e+00
   4.7700000e+02   2.2112291e+00
   4.7800000e+02   2.2124017e+00
   4.7900000e+02   2.2134188e+00
   4.8000000e+02   2.2142760e+00
   4.8100000e+02   2.2149720e+00
   4.8200000e+02   2.2155077e+00
   4.8300000e+02   2.2158866e+00
   4.8400000e+02   2.2161146e+00
   4.8500000e+02   2.2161990e+00
   4.8600000e+02   2.2161492e+00
   4.8700000e+02   2.2159758e+00
   4.8800000e+02   2.2156906e+00
   4.8900000e+02   2.2153063e+00
   4.9000000e+02   2.2148360e+00
   4.9100000e+02   2.2142935e+00
   4.9200000e+02   2.2136924e+00
   4.9300000e+02   2.2130463e+00
   4.9400000e+02   2.2123685e+00
   4.9500000e+02   2.2116719e+00
   4.9600000e+02   2.2109686e+00
   4.9700000e+02   2.2102701e+00
   4.9800000e+02   2.2095867e+00
   4.9900000e+02   2.2089280e+00
   5.0000000e+02   2.2083023e+00
   5.0100000e+02   2.2077169e+00
   5.0200000e+02   2.2071778e+00
   5.0300000e+02   2.2066901e+00
   5.0400000e+02   2.2062575e+00
   5.0500000e+02   2.2058826e+00
   5.0600000e+02   2.2055670e+00
   5.0700000e+02   2.2053112e+00
   5.0800000e+02   2.2051147e+00
   5.0900000e+02   2.2049763e+00
   5.1000000e+02   2.2048939e+00
   5.1100000e+02   2.2048645e+00
   5.1200000e+02   2.2048847e+00
   5.1300000e+02   2.2049505e+00
   5.1400000e+02   2.2050577e+00
   5.1500000e+02   2.2052014e+00
   5.1600000e+02   2.2053768e+00
   5.1700000e+02   2.2055789e+00
   5.1800000e+02   2.2058024e+00
   5.1900000e+02   2.2060425e+00
   5.2000000e+02   2.2062941e+00
   5.2100000e+02   2.2065525e+00
   5.2200000e+02   2.2068132e+00
   5.2300000e+02   2.2070720e+00
   5.2400000e+02   2.2073251e+00
   5.2500000e+02   2.2075689e+00
   5.2600000e+02   2.2078003e+00
   5.2700000e+02   2.2080168e+00
   5.2800000e+02   2.2082159e+00
   5.2900000e+02   2.2083960e+00
   5.3000000e+02   2.2085556e+00
   5.3100000e+02   2.2086938e+00
   5.3200000e+02   2.2088100e+00
   5.3300000e+02   2.2089040e+00
   5.3400000e+02   2.2089760e+00
   5.3500000e+02   2.2090266e+00
   5.3600000e+02   2.2090564e+00
   5.3700000e+02   2.2090666e+00
   5.3800000e+02   2.2090585e+00
   5.3900000e+02   2.2090334e+00
   5.4000000e+02   2.2089932e+00
   5.4100000e+02   2.2089394e+00
   5.4200000e+02   2.2088740e+00
   5.4300000e+02   2.2087988e+00
   5.4400000e+02   2.2087157e+00
   5.4500000e+02   2.2086265e+00
   5.4600000e+02   2.2085331e+00
   5.4700000e+02   2.2084372e+00
   5.4800000e+02   2.2083406e+00
   5.4900000e+02   2.2082447e+00
   5.5000000e+02   2.2081510e+00
   5.5100000e+02   2.2080607e+00
   5.5200000e+02   2.2079751e+00
   5.5300000e+02   2.2078951e+00
   5.5400000e+02   2.2078215e+00
   5.5500000e+02   2.2077550e+00
   5.5600000e+02   2.2076961e+00
   5.5700000e+02   2.2076452e+00
   5.5800000e+02   2.2076024e+00
   5.5900000e+02   2.2075679e+00
   5.6000000e+02   2.2075415e+00
   5.6100000e+02   2.2075230e+00
   5.6200000e+02   2.2075123e+00
   5.6300000e+02   2.2075087e+00
   5.6400000e+02   2.2075120e+00
   5.6500000e+02   2.2075215e+00
   5.6600000e+02   2.2075366e+00
   5.6700000e+02   2.2075567e+00
   5.6800000e+02   2.2075811e+00
   5.6900000e+02   2.2076091e+00
   5.7000000e+02   2.2076400e+00
   5.7100000e+02   2.2076731e+00
   5.7200000e+02   2.2077078e+00
   5.7300000e+02   2.2077434e+00
   5.7400000e+02   2.2077792e+00
   5.7500000e+02   2.2078147e+00
   5.7600000e+02   2.2078494e+00
   5.7700000e+02   2.2078828e+00
   5.7800000e+02   2.2079145e+00
   5.7900000e+02   2.2079441e+00
   5.8000000e+02   2.2079713e+00
   5.8100000e+02   2.2079958e+00
   5.8200000e+02   2.2080175e+00
   5.8300000e+02   2.2080363e+00
   5.8400000e+02   2.2080521e+00
   5.8500000e+02   2.2080648e+00
   5.8600000e+02   2.2080744e+00
   5.8700000e+02   2.2080812e+00
   5.8800000e+02   2.2080851e+00
   5.8900000e+02   2.2080863e+00
   5.9000000e+02   2.2080850e+00
   5.9100000e+02   2.2080814e+00
   5.9200000e+02   2.2080757e+00
   5.9300000e+02   2.2080682e+00
   5.9400000e+02   2.2080591e+00
   5.9500000e+02   2.2080487e+00
   5.9600000e+02   2.2080372e+00
   5.9700000e+02   2.2080249e+00
   5.9800000e+02   2.2080120e+00
   5.9900000e+02   2.2079988e+00
   6.0000000e+02   2.2079855e+00
   6.0100000e+02   2.2079724e+00
   6.0200000e+02   2.2079595e+00
   6.0300000e+02   2.2079471e+00
   6.0400000e+02   2.2079354e+00
   6.0500000e+02   2.2079245e+00
   6.0600000e+02   2.2079145e+00
   6.0700000e+02   2.2079054e+00
   6.0800000e+02   2.2078974e+00
   6.0900000e+02   2.2078905e+00
   6.1000000e+02   2.2078847e+00
   6.1100000e+02   2.2078800e+00
   6.1200000e+02   2.2078764e+00
   6.1300000e+02   2.2078740e+00
   6.1400000e+02   2.2078726e+00
   6.1500000e+02   2.2078722e+00
   6.1600000e+02   2.2078727e+00
   6.1700000e+02   2.2078740e+00
   6.1800000e+02   2.2078762e+00
   6.1900000e+02   2.2078790e+00
   6.2000000e+02   2.2078824e+00
   6.2100000e+02   2.2078863e+00
   6.2200000e+02   2.2078905e+00
   6.2300000e+02   2.2078951e+00
   6.2400000e+02   2.2078999e+00
   6.2500000e+02   2.2079048e+00
   6.2600000e+02   2.2079097e+00
   6.2700000e+02   2.2079146e+00
   6.2800000e+02   2.2079193e+00
   6.2900000e+02   2.2079239e+00
   6.3000000e+02   2.2079282e+00
   6.3100000e+02   2.2079323e+00
   6.3200000e+02   2.2079360e+00
   6.3300000e+02   2.2079393e+00
   6.3400000e+02   2.2079423e+00
   6.3500000e+02   2.2079448e+00
   6.3600000e+02   2.2079470e+00
   6.3700000e+02   2.2079487e+00
   6.3800000e+02   2.2079500e+00
   6.3900000e+02   2.2079509e+00
   6.4000000e+02   2.2079514e+00
   6.4100000e+02   2.2079515e+00
   6.4200000e+02   2.2079513e+00
   6.4300000e+02   2.2079508e+00
   6.4400000e+02   2.2079500e+00
   6.4500000e+02   2.2079490e+00
   6.4600000e+02   2.2079477e+00
   6.4700000e+02   2.2079463e+00
   6.4800000e+02   2.2079447e+00
   6.4900000e+02   2.2079430e+00
   6.5000000e+02   2.2079412e+00
   6.5100000e+02   2.2079394e+00
   6.5200000e+02   2.2079376e+00
   6.5300000e+02   2.2079358e+00
   6.5400000e+02   2.2079340e+00
   6.5500000e+02   2.2079323e+00
   6.5600000e+02   2.2079307e+00
   6.5700000e+02   2.2079292e+00
   6.5800000e+02   2.2079278e+00
   6.5900000e+02   2.2079266e+00
   6.6000000e+02   2.2079255e+00
   6.6100000e+02   2.2079246e+00
   6.6200000e+02   2.2079238e+00
   6.6300000e+02   2.2079232e+00
   6.6400000e+02   2.2079227e+00
   6.6500000e+02   2.2079223e+00
   6.6600000e+02   2.2079222e+00
   6.6700000e+02   2.2079221e+00
   6.6800000e+02   2.2079222e+00
   6.6900000e+02   2.2079224e+00
   6.7000000e+02   2.2079227e+00
   6.7100000e+02   2.2079231e+00
   6.7200000e+02   2.2079236e+00
   6.7300000e+02   2.2079241e+00
   6.7400000e+02   2.2079247e+00
   6.7500000e+02   2.2079253e+00
   6.7600000e+02   2.2079260e+00
   6.7700000e+02   2.2079266e+00
   6.7800000e+02   2.2079273e+00
   6.7900000e+02   2.2079280e+00
   6.8000000e+02   2.2079286e+00
   6.8100000e+02   2.2079293e+00
   6.8200000e+02   2.2079299e+00
   6.8300000e+02   2.2079304e+00
   6.8400000e+02   2.2079309e+00
   6.8500000e+02   2.2079314e+00
   6.8600000e+02   2.2079318e+00
   6.8700000e+02   2.2079321e+00
   6.8800000e+02   2.2079324e+00
   6.8900000e+02   2.2079326e+00
   6.9000000e+02   2.2079328e+00
   6.9100000e+02   2.2079329e+00
   6.9200000e+02   2.2079330e+00
   6.9300000e+02   2.2079330e+00
   6.9400000e+02   2.2079330e+00
   6.9500000e+02   2.2079329e+00
   6.9600000e+02   2.2079328e+00
   6.9700000e+02   2.2079327e+00
   6.9800000e+02   2.2079325e+00
   6.9900000e+02   2.2079323e+00
   7.0000000e+02   2.2079321e+00
   7.0100000e+02   2.2079318e+00
   7.0200000e+02   2.2079316e+00
   7.0300000e+02   2.2079313e+00
   7.0400000e+02   2.2079311e+00
   7.0500000e+02   2.2079308e+00
   7.0600000e+02   2.2079306e+00
   7.0700000e+02   2.2079304e+00
   7.0800000e+02   2.2079301e+00
   7.0900000e+02   2.2079299e+00
   7.1000000e+02   2.2079298e+00
   7.1100000e+02   2.2079296e+00
   7.1200000e+02   2.2079294e+00
   7.1300000e+02   2.2079293e+00
   7.1400000e+02   2.2079292e+00
   7.1500000e+02   2.2079291e+00
   7.1600000e+02   2.2079291e+00
   7.1700000e+02   2.2079290e+00
   7.1800000e+02   2.2079290e+00
   7.1900000e+02   2.2079290e+00
   7.2000000e+02   2.2079290e+00
   7.2100000e+02   2.2079290e+00
   7.2200000e+02   2.2079291e+00
   7.2300000e+02   2.2079291e+00
   7.2400000e+02   2.2079292e+00
   7.2500000e+02   2.2079293e+00
   7.2600000e+02   2.2079293e+00
   7.2700000e+02   2.2079294e+00
   7.2800000e+02   2.2079295e+00
   7.2900000e+02   2.2079296e+00
   7.3000000e+02   2.2079297e+00
   7.3100000e+02   2.2079298e+00
   7.3200000e+02   2.2079299e+00
   7.3300000e+02   2.2079300e+00
   7.3400000e+02   2.2079301e+00
   7.3500000e+02   2.2079301e+00
   7.3600000e+02   2.2079302e+00
   7.3700000e+02   2.2079303e+00
   7.3800000e+02   2.2079303e+00
   7.3900000e+02   2.2079304e+00
   7.4000000e+02   2.2079304e+00
   7.4100000e+02   2.2079304e+00
   7.4200000e+02   2.2079305e+00
   7.4300000e+02   2.2079305e+00
   7.4400000e+02   2.2079305e+00
   7.4500000e+02   2.2079305e+00
   7.4600000e+02   2.2079305e+00
   7.4700000e+02   2.2079305e+00
   7.4800000e+02   2.2079304e+00
   7.4900000e+02   2.2079304e+00
   7.5000000e+02   2.2079304e+00
   7.5100000e+02   2.2079304e+00
   7.5200000e+02   2.2079303e+00
   7.5300000e+02   2.2079303e+00
   7.5400000e+02   2.2079303e+00
   7.5500000e+02   2.2079302e+00
   7.5600000e+02   2.2079302e+00
   7.5700000e+02   2.2079302e+00
   7.5800000e+02   2.2079301e+00
   7.5900000e+02   2.2079301e+00
   7.6000000e+02   2.2079301e+00
   7.6100000e+02   2.2079301e+00
   7.6200000e+02   2.2079300e+00
   7.6300000e+02   2.2079300e+00
   7.6400000e+02   2.2079300e+00
   7.6500000e+02   2.2079300e+00
   7.6600000e+02   2.2079300e+00
   7.6700000e+02   2.2079299e+00
   7.6800000e+02   2.2079299e+00
   7.6900000e+02   2.2079299e+00
   7.7000000e+02   2.2079299e+00
   7.7100000e+02   2.2079299e+00
   7.7200000e+02   2.2079299e+00
   7.7300000e+02   2.2079299e+00
   7.7400000e+02   2.2079299e+00
   7.7500000e+02   2.2079299e+00
   7.7600000e+02   2.2079300e+00
   7.7700000e+02   2.2079300e+00
   7.7800000e+02   2.2079300e+00
   7.7900000e+02   2.2079300e+00
   7.8000000e+02   2.2079300e+00
   7.8100000e+02   2.2079300e+00
   7.8200000e+02   2.2079300e+00
   7.8300000e+02   2.2079300e+00
   7.8400000e+02   2.2079300e+00
   7.8500000e+02   2.2079301e+00
   7.8600000e+02   2.2079301e+00
   7.8700000e+02   2.2079301e+00
   7.8800000e+02   2.2079301e+00
   7.8900000e+02   2.2079301e+00
   7.9000000e+02   2.2079301e+00
   7.9100000e+02   2.2079301e+00
   7.9200000e+02   2.2079301e+00
   7.9300000e+02   2.2079301e+00
   7.9400000e+02   2.2079301e+00
   7.9500000e+02   2.2079301e+00
   7.9600000e+02   2.2079301e+00
   7.9700000e+02   2.2079301e+00
   7.9800000e+02   2.2079301e+00
   7.9900000e+02   2.2079301e+00
   8.0000000e+02   2.4579301e+00
   8.0100000e+02   2.4579301e+00
   8.0200000e+02   2.4579301e+00
   8.0300000e+02   2.4579301e+00
   8.0400000e+02   2.4579301e+00
   8.0500000e+02   2.4579301e+00
   8.0600000e+02   2.4579301e+00
   8.0700000e+02   2.4579301e+00
   8.0800000e+02   2.4579301e+00
   8.0900000e+02   2.4579301e+00
   8.1000000e+02   2.4555939e+00
   8.1100000e+02   2.4494384e+00
   8.1200000e+02   2.4405202e+00
   8.1300000e+02   2.4296517e+00
   8.1400000e+02   2.4174560e+00
   8.1500000e+02   2.4044091e+00
   8.1600000e+02   2.3908727e+00
   8.1700000e+02   2.3771202e+00
   8.1800000e+02   2.3633564e+00
   8.1900000e+02   2.3497331e+00
   8.2000000e+02   2.3363832e+00
   8.2100000e+02   2.3234575e+00
   8.2200000e+02   2.3111213e+00
   8.2300000e+02   2.2995323e+00
   8.2400000e+02   2.2888281e+00
   8.2500000e+02   2.2791202e+00
   8.2600000e+02   2.2704922e+00
   8.2700000e+02   2.2630006e+00
   8.2800000e+02   2.2566768e+00
   8.2900000e+02   2.2515303e+00
   8.3000000e+02   2.2475515e+00
   8.3100000e+02   2.2447145e+00
   8.3200000e+02   2.2429787e+00
   8.3300000e+02   2.2422900e+00
   8.3400000e+02   2.2425825e+00
   8.3500000e+02   2.2437800e+00
   8.3600000e+02   2.2457977e+00
   8.3700000e+02   2.2485441e+00
   8.3800000e+02   2.2519230e+00
   8.3900000e+02   2.2558356e+00
   8.4000000e+02   2.2601819e+00
   8.4100000e+02   2.2648625e+00
   8.4200000e+02   2.2697805e+00
   8.4300000e+02   2.2748422e+00
   8.4400000e+02   2.2799587e+00
   8.4500000e+02   2.2850467e+00
   8.4600000e+02   2.2900296e+00
   8.4700000e+02   2.2948380e+00
   8.4800000e+02   2.2994103e+00
   8.4900000e+02   2.3036931e+00
   8.5000000e+02   2.3076414e+00
   8.5100000e+02   2.3112187e+00
   8.5200000e+02   2.3143968e+00
   8.5300000e+02   2.3171560e+00
   8.5400000e+02   2.3194844e+00
   8.5500000e+02   2.3213777e+00
   8.5600000e+02   2.3228385e+00
   8.5700000e+02   2.3238760e+00
   8.5800000e+02   2.3245054e+00
   8.5900000e+02   2.3247469e+00
   8.6000000e+02   2.3246254e+00
   8.6100000e+02   2.3241695e+00
   8.6200000e+02   2.3234107e+00
   8.6300000e+02   2.3223832e+00
   8.6400000e+02   2.3211226e+00
   8.6500000e+02   2.3196656e+00
   8.6600000e+02   2.3180492e+00
   8.6700000e+02   2.3163102e+00
   8.6800000e+02   2.3144844e+00
   8.6900000e+02   2.3126067e+00
   8.7000000e+02   2.3107097e+00
   8.7100000e+02   2.3088245e+00
   8.7200000e+02   2.3069791e+00
   8.7300000e+02   2.3051994e+00
   8.7400000e+02   2.3035079e+00
   8.7500000e+02   2.3019245e+00
   8.7600000e+02   2.3004656e+00
   8.7700000e+02   2.2991447e+00
   8.7800000e+02   2.2979721e+00
   8.7900000e+02   2.2969551e+00
   8.8000000e+02   2.2960978e+00
   8.8100000e+02   2.2954018e+00
   8.8200000e+02   2.2948661e+00
   8.8300000e+02   2.2944872e+00
   8.8400000e+02   2.2942593e+00
   8.8500000e+02   2.2941748e+00
   8.8600000e+02   2.2942246e+00
   8.8700000e+02   2.2943980e+00
   8.8800000e+02   2.2946832e+00
   8.8900000e+02   2.2950675e+00
   8.9000000e+02   2.2955378e+00
   8.9100000e+02   2.2960803e+00
   8.9200000e+02   2.2966815e+00
   8.9300000e+02   2.2973276e+00
   8.9400000e+02   2.2980053e+00
   8.9500000e+02   2.2987019e+00
   8.9600000e+02   2.2994052e+00
   8.9700000e+02   2.3001037e+00
   8.9800000e+02   2.3007871e+00
   8.9900000e+02   2.3014458e+00
   9.0000000e+02   2.3020715e+00
   9.0100000e+02   2.3026570e+00
   9.0200000e+02   2.3031960e+00
   9.0300000e+02   2.3036837e+00
   9.0400000e+02   2.3041163e+00
   9.0500000e+02   2.3044912e+00
   9.0600000e+02   2.3048068e+00
   9.0700000e+02   2.3050626e+00
   9.0800000e+02   2.3052591e+00
   9.0900000e+02   2.3053975e+00
   9.1000000e+02   2.3054800e+00
   9.1100000e+02   2.3055094e+00
   9.1200000e+02   2.3054891e+00
   9.1300000e+02   2.3054233e+00
   9.1400000e+02   2.3053161e+00
   9.1500000e+02   2.3051724e+00
   9.1600000e+02   2.3049970e+00
   9.1700000e+02   2.3047949e+00
   9.1800000e+02   2.3045714e+00
   9.1900000e+02   2.3043314e+00
   9.2000000e+02   2.3040798e+00
   9.2100000e+02   2.3038213e+00
   9.2200000e+02   2.3035606e+00
   9.2300000e+02   2.3033018e+00
   9.2400000e+02   2.3030487e+00
   9.2500000e+02   2.3028049e+00
   9.2600000e+02   2.3025735e+00
   9.2700000e+02   2.3023570e+00
   9.2800000e+02   2.3021579e+00
   9.2900000e+02   2.3019778e+00
   9.3000000e+02   2.3018182e+00
   9.3100000e+02   2.3016800e+00
   9.3200000e+02   2.3015638e+00
   9.3300000e+02   2.3014698e+00
   9.3400000e+02   2.3013978e+00
   9.3500000e+02   2.3013473e+00
   9.3600000e+02   2.3013174e+00
   9.3700000e+02   2.3013072e+00
   9.3800000e+02   2.3013154e+00
   9.3900000e+02   2.3013404e+00
   9.4000000e+02   2.3013806e+00
   9.4100000e+02   2.3014344e+00
   9.4200000e+02   2.3014998e+00
   9.4300000e+02   2.3015750e+00
   9.4400000e+02   2.3016582e+00
   9.4500000e+02   2.3017473e+00
   9.4600000e+02   2.3018407e+00
   9.4700000e+02   2.3019366e+00
   9.4800000e+02   2.3020332e+00
   9.4900000e+02   2.3021291e+00
   9.5000000e+02   2.3022228e+00
   9.5100000e+02   2.3023131e+00
   9.5200000e+02   2.3023987e+00
   9.5300000e+02   2.3024787e+00
   9.5400000e+02   2.3025523e+00
   9.5500000e+02   2.3026188e+00
   9.5600000e+02   2.3026777e+00
   9.5700000e+02   2.3027286e+00
   9.5800000e+02   2.3027714e+00
   9.5900000e+02   2.3028059e+00
   9.6000000e+02   2.3028323e+00
   9.6100000e+02   2.3028508e+00
   9.6200000e+02   2.3028616e+00
   9.6300000e+02   2.3028651e+00
   9.6400000e+02   2.3028618e+00
   9.6500000e+02   2.3028523e+00
   9.6600000e+02   2.3028372e+00
   9.6700000e+02   2.3028171e+00
   9.6800000e+02   2.3027927e+00
   9.6900000e+02   2.3027647e+00
   9.7000000e+02   2.3027338e+00
   9.7100000e+02   2.3027007e+00
   9.7200000e+02   2.3026660e+00
   9.7300000e+02   2.3026304e+00
   9.7400000e+02   2.3025946e+00
   9.7500000e+02   2.3025591e+00
   9.7600000e+02   2.3025244e+00
   9.7700000e+02   2.3024910e+00
   9.7800000e+02   2.3024593e+00
   9.7900000e+02   2.3024297e+00
   9.8000000e+02   2.3024025e+00
   9.8100000e+02   2.3023780e+00
   9.8200000e+02   2.3023563e+00
   9.8300000e+02   2.3023375e+00
   9.8400000e+02   2.3023218e+00
   9.8500000e+02   2.3023091e+00
   9.8600000e+02   2.3022994e+00
   9.8700000e+02   2.3022927e+00
   9.8800000e+02   2.3022888e+00
   9.8900000e+02   2.3022875e+00
   9.9000000e+02   2.3022888e+00
   9.9100000e+02   2.3022924e+00
   9.9200000e+02   2.3022981e+00
   9.9300000e+02   2.3023056e+00
   9.9400000e+02   2.3023147e+00
   9.9500000e+02   2.3023252e+00
   9.9600000e+02   2.3023367e+00
   9.9700000e+02   2.3023490e+00
   9.9800000e+02   2.3023618e+00
   9.9900000e+02   2.3023750e+00
   1.0000000e+03   2.3023883e+00
   1.0010000e+03   2.3024015e+00
   1.0020000e+03   2.3024143e+00
   1.0030000e+03   2.3024267e+00
   1.0040000e+03   2.3024384e+00
   1.0050000e+03   2.3024493e+00
   1.0060000e+03   2.3024594e+00
   1.0070000e+03   2.3024684e+00
   1.0080000e+03   2.3024764e+00
   1.0090000e+03   2.3024834e+00
   1.0100000e+03   2.3024892e+00
   1.0110000e+03   2.3024938e+00
   1.0120000e+03   2.3024974e+00
   1.0130000e+03   2.3024998e+00
   1.0140000e+03   2.3025012e+00
   1.0150000e+03   2.3025016e+00
   1.0160000e+03   2.3025011e+00
   1.0170000e+03   2.3024998e+00
   1.0180000e+03   2.3024976e+00
   1.0190000e+03   2.3024948e+00
   1.0200000e+03   2.3024914e+00
   1.0210000e+03   2.3024876e+00
   1.0220000e+03   2.3024833e+00
   1.0230000e+03   2.3024787e+00
   1.0240000e+03   2.3024739e+00
   1.0250000e+03   2.3024690e+00
   1.0260000e+03   2.3024641e+00
   1.0270000e+03   2.3024592e+00
   1.0280000e+03   2.3024545e+00
   1.0290000e+03   2.3024499e+00
   1.0300000e+03   2.3024456e+00
   1.0310000e+03   2.3024415e+00
   1.0320000e+03   2.3024378e+00
   1.0330000e+03   2.3024345e+00
   1.0340000e+03   2.3024315e+00
   1.0350000e+03   2.3024290e+00
   1.0360000e+03   2.3024268e+00
   1.0370000e+03   2.3024251e+00
   1.0380000e+03   2.3024238e+00
   1.0390000e+03   2.3024229e+00
   1.0400000e+03   2.3024224e+00
   1.0410000e+03   2.3024223e+00
   1.0420000e+03   2.3024225e+00
   1.0430000e+03   2.3024230e+00
   1.0440000e+03   2.3024238e+00
   1.0450000e+03   2.3024248e+00
   1.0460000e+03   2.3024261e+00
   1.0470000e+03   2.3024276e+00
   1.0480000e+03   2.3024291e+00
   1.0490000e+03   2.3024308e+00
   1.0500000e+03   2.3024326e+00
   1.0510000e+03   2.3024344e+00
   1.0520000e+03   2.3024363e+00
   1.0530000e+03   2.3024381e+00
   1.0540000e+03   2.3024398e+00
   1.0550000e+03   2.3024415e+00
   1.0560000e+03   2.3024431e+00
   1.0570000e+03   2.3024446e+00
   1.0580000e+03   2.3024460e+00
   1.0590000e+03   2.3024472e+00
   1.0600000e+03   2.3024483e+00
   1.0610000e+03   2.3024492e+00
   1.0620000e+03   2.3024500e+00
   1.0630000e+03   2.3024507e+00
   1.0640000e+03   2.3024511e+00
   1.0650000e+03   2.3024515e+00
   1.0660000e+03   2.3024517e+00
   1.0670000e+03   2.3024517e+00
   1.0680000e+03   2.3024516e+00
   1.0690000e+03   2.3024514e+00
   1.0700000e+03   2.3024511e+00
   1.0710000e+03   2.3024507e+00
   1.0720000e+03   2.3024503e+00
   1.0730000e+03   2.3024497e+00
   1.0740000e+03   2.3024491e+00
   1.0750000e+03   2.3024485e+00
   1.0760000e+03   2.3024478e+00
   1.0770000e+03   2.3024472e+00
   1.0780000e+03   2.3024465e+00
   1.0790000e+03   2.3024458e+00
   1.0800000e+03   2.3024452e+00
   1.0810000e+03   2.3024445e+00
   1.0820000e+03   2.3024440e+00
   1.0830000e+03   2.3024434e+00
   1.0840000e+03   2.3024429e+00
   1.0850000e+03   2.3024424e+00
   1.0860000e+03   2.3024420e+00
   1.0870000e+03   2.3024417e+00
   1.0880000e+03   2.3024414e+00
   1.0890000e+03   2.3024412e+00
   1.0900000e+03   2.3024410e+00
   1.0910000e+03   2.3024409e+00
   1.0920000e+03   2.3024408e+00
   1.0930000e+03   2.3024408e+00
   1.0940000e+03   2.3024408e+00
   1.0950000e+03   2.3024409e+00
   1.0960000e+03   2.3024410e+00
   1.0970000e+03   2.3024412e+00
   1.0980000e+03   2.3024413e+00
   1.0990000e+03   2.3024415e+00
   1.1000000e+03   2.3024418e+00
   1.1010000e+03   2.3024420e+00
   1.1020000e+03   2.3024422e+00
   1.1030000e+03   2.3024425e+00
   1.1040000e+03   2.3024427e+00
   1.1050000e+03   2.3024430e+00
   1.1060000e+03   2.3024432e+00
   1.1070000e+03   2.3024435e+00
   1.1080000e+03   2.3024437e+00
   1.1090000e+03   2.3024439e+00
   1.1100000e+03   2.3024441e+00
   1.1110000e+03   2.3024442e+00
   1.1120000e+03   2.3024444e+00
   1.1130000e+03   2.3024445e+00
   1.1140000e+03   2.3024446e+00
   1.1150000e+03   2.3024447e+00
   1.1160000e+03   2.3024448e+00
   1.1170000e+03   2.3024448e+00
   1.1180000e+03   2.3024448e+00
   1.1190000e+03   2.3024448e+00
   1.1200000e+03   2.3024448e+00
   1.1210000e+03   2.3024448e+00
   1.1220000e+03   2.3024448e+00
   1.1230000e+03   2.3024447e+00
   1.1240000e+03   2.3024446e+00
   1.1250000e+03   2.3024446e+00
   1.1260000e+03   2.3024445e+00
   1.1270000e+03   2.3024444e+00
   1.1280000e+03   2.3024443e+00
   1.1290000e+03   2.3024442e+00
   1.1300000e+03   2.3024441e+00
   1.1310000e+03   2.3024440e+00
   1.1320000e+03   2.3024439e+00
   1.1330000e+03   2.3024438e+00
   1.1340000e+03   2.3024438e+00
   1.1350000e+03   2.3024437e+00
   1.1360000e+03   2.3024436e+00
   1.1370000e+03   2.3024436e+00
   1.1380000e+03   2.3024435e+00
   1.1390000e+03   2.3024435e+00
   1.1400000e+03   2.3024434e+00
   1.1410000e+03   2.3024434e+00
   1.1420000e+03   2.3024434e+00
   1.1430000e+03   2.3024433e+00
   1.1440000e+03   2.3024433e+00
   1.1450000e+03   2.3024433e+00
   1.1460000e+03   2.3024433e+00
   1.1470000e+03   2.3024434e+00
   1.1480000e+03   2.3024434e+00
   1.1490000e+03   2.3024434e+00
   1.1500000e+03   2.3024434e+00
   1.1510000e+03   2.3024434e+00
   1.1520000e+03   2.3024435e+00
   1.1530000e+03   2.3024435e+00
   1.1540000e+03   2.3024435e+00
   1.1550000e+03   2.3024436e+00
   1.1560000e+03   2.3024436e+00
   1.1570000e+03   2.3024436e+00
   1.1580000e+03   2.3024437e+00
   1.1590000e+03   2.3024437e+00
   1.1600000e+03   2.3024437e+00
   1.1610000e+03   2.3024438e+00
   1.1620000e+03   2.3024438e+00
   1.1630000e+03   2.3024438e+00
   1.1640000e+03   2.3024438e+00
   1.1650000e+03   2.3024438e+00
   1.1660000e+03   2.3024439e+00
   1.1670000e+03   2.3024439e+00
   1.1680000e+03   2.3024439e+00
   1.1690000e+03   2.3024439e+00
   1.1700000e+03   2.3024439e+00
   1.1710000e+03   2.3024439e+00
   1.1720000e+03   2.3024439e+00
   1.1730000e+03   2.3024439e+00
   1.1740000e+03   2.3024439e+00
   1.1750000e+03   2.3024439e+00
   1.1760000e+03   2.3024439e+00
   1.1770000e+03   2.3024439e+00
   1.1780000e+03   2.3024438e+00
   1.1790000e+03   2.3024438e+00
   1.1800000e+03   2.3024438e+00
   1.1810000e+03   2.3024438e+00
   1.1820000e+03   2.3024438e+00
   1.1830000e+03   2.3024438e+00
   1.1840000e+03   2.3024438e+00
   1.1850000e+03   2.3024438e+00
   1.1860000e+03   2.3024437e+00
   1.1870000e+03   2.3024437e+00
   1.1880000e+03   2.3024437e+00
   1.1890000e+03   2.3024437e+00
   1.1900000e+03   2.3024437e+00
   1.1910000e+03   2.3024437e+00
   1.1920000e+03   2.3024437e+00
   1.1930000e+03   2.3024437e+00
   1.1940000e+03   2.3024437e+00
   1.1950000e+03   2.3024437e+00
   1.1960000e+03   2.3024437e+00
   1.1970000e+03   2.3024437e+00
   1.1980000e+03   2.3024437e+00
   1.1990000e+03   2.3024437e+00
   1.2000000e+03   2.0524437e+00
   1.2010000e+03   2.0524437e+00
   1.2020000e+03   2.0524437e+00
   1.2030000e+03   2.0524437e+00
   1.2040000e+03   2.0524437e+00
   1.2050000e+03   2.0524437e+00
   1.2060000e+03   2.0524437e+00
   1.2070000e+03   2.0524437e+00
   1.2080000e+03   2.0524437e+00
   1.2090000e+03   2.0524437e+00
   1.2100000e+03   2.0547799e+00
   1.2110000e+03   2.0609354e+00
   1.2120000e+03   2.0698536e+00
   1.2130000e+03   2.0807221e+00
   1.2140000e+03   2.0929178e+00
   1.2150000e+03   2.1059647e+00
   1.2160000e+03   2.1195011e+00
   1.2170000e+03   2.1332536e+00
   1.2180000e+03   2.1470174e+00
   1.2190000e+03   2.1606407e+00
   1.2200000e+03   2.1739906e+00
   1.2210000e+03   2.1869163e+00
   1.2220000e+03   2.1992525e+00
   1.2230000e+03   2.2108415e+00
   1.2240000e+03   2.2215458e+00
   1.2250000e+03   2.2312537e+00
   1.2260000e+03   2.2398816e+00
   1.2270000e+03   2.2473732e+00
   1.2280000e+03   2.2536970e+00
   1.2290000e+03   2.2588435e+00
   1.2300000e+03   2.2628223e+00
   1.2310000e+03   2.2656593e+00
   1.2320000e+03   2.2673951e+00
   1.2330000e+03   2.2680838e+00
   1.2340000e+03   2.2677913e+00
   1.2350000e+03   2.2665938e+00
   1.2360000e+03   2.2645761e+00
   1.2370000e+03   2.2618298e+00
   1.2380000e+03   2.2584508e+00
   1.2390000e+03   2.2545382e+00
   1.2400000e+03   2.2501920e+00
   1.2410000e+03   2.2455113e+00
   1.2420000e+03   2.2405933e+00
   1.2430000e+03   2.2355316e+00
   1.2440000e+03   2.2304151e+00
   1.2450000e+03   2.2253271e+00
   1.2460000e+03   2.2203442e+00
   1.2470000e+03   2.2155358e+00
   1.2480000e+03   2.2109635e+00
   1.2490000e+03   2.2066807e+00
   1.2500000e+03   2.2027324e+00
   1.2510000e+03   2.1991552e+00
   1.2520000e+03   2.1959770e+00
   1.2530000e+03   2.1932178e+00
   1.2540000e+03   2.1908894e+00
   1.2550000e+03   2.1889961e+00
   1.2560000e+03   2.1875354e+00
   1.2570000e+03   2.1864978e+00
   1.2580000e+03   2.1858684e+00
   1.2590000e+03   2.1856269e+00
   1.2600000e+03   2.1857484e+00
   1.2610000e+03   2.1862044e+00
   1.2620000e+03   2.1869631e+00
   1.2630000e+03   2.1879906e+00
   1.2640000e+03   2.1892512e+00
   1.2650000e+03   2.1907082e+00
   1.2660000e+03   2.1923246e+00
   1.2670000e+03   2.1940637e+00
   1.2680000e+03   2.1958894e+00
   1.2690000e+03   2.1977672e+00
   1.2700000e+03   2.1996641e+00
   1.2710000e+03   2.2015494e+00
   1.2720000e+03   2.2033947e+00
   1.2730000e+03   2.2051744e+00
   1.2740000e+03   2.2068659e+00
   1.2750000e+03   2.2084493e+00
   1.2760000e+03   2.2099082e+00
   1.2770000e+03   2.2112291e+00
   1.2780000e+03   2.2124017e+00
   1.2790000e+03   2.2134188e+00
   1.2800000e+03   2.2142760e+00
   1.2810000e+03   2.2149720e+00
   1.2820000e+03   2.2155077e+00
   1.2830000e+03   2.2158866e+00
   1.2840000e+03   2.2161145e+00
   1.2850000e+03   2.2161990e+00
   1.2860000e+03   2.2161492e+00
   1.2870000e+03   2.2159758e+00
   1.2880000e+03   2.2156906e+00
   1.2890000e+03   2.2153063e+00
   1.2900000e+03   2.2148360e+00
   1.2910000e+03   2.2142935e+00
   1.2920000e+03   2.2136924e+00
   1.2930000e+03   2.2130462e+00
   1.2940000e+03   2.2123685e+00
   1.2950000e+03   2.2116719e+00
   1.2960000e+03   2.2109686e+00
   1.2970000e+03   2.2102701e+00
   1.2980000e+03   2.2095867e+00
   1.2990000e+03   2.2089280e+00
   1.3000000e+03   2.2083023e+00
   1.3010000e+03   2.2077169e+00
   1.3020000e+03   2.2071778e+00
   1.3030000e+03   2.2066901e+00
   1.3040000e+03   2.2062575e+00
   1.3050000e+03   2.2058826e+00
   1.3060000e+03   2.2055670e+00
   1.3070000e+03   2.2053112e+00
   1.3080000e+03   2.2051147e+00
   1.3090000e+03   2.2049763e+00
   1.3100000e+03   2.2048939e+00
   1.3110000e+03   2.2048645e+00
   1.3120000e+03   2.2048847e+00
   1.3130000e+03   2.2049506e+00
   1.3140000e+03   2.2050577e+00
   1.3150000e+03   2.2052014e+00
   1.3160000e+03   2.2053768e+00
   1.3170000e+03   2.2055789e+00
   1.3180000e+03   2.2058024e+00
   1.3190000e+03   2.2060425e+00
   1.3200000e+03   2.2062941e+00
   1.3210000e+03   2.2065525e+00
   1.3220000e+03   2.2068132e+00
   1.3230000e+03   2.2070720e+00
   1.3240000e+03   2.2073251e+00
   1.3250000e+03   2.2075689e+00
   1.3260000e+03   2.2078003e+00
   1.3270000e+03   2.2080168e+00
   1.3280000e+03   2.2082159e+00
   1.3290000e+03   2.2083960e+00
   1.3300000e+03   2.2085556e+00
   1.3310000e+03   2.2086938e+00
   1.3320000e+03   2.2088100e+00
   1.3330000e+03   2.2089040e+00
   1.3340000e+03   2.2089760e+00
   1.3350000e+03   2.2090266e+00
   1.3360000e+03   2.2090564e+00
   1.3370000e+03   2.2090666e+00
   1.3380000e+03   2.2090585e+00
   1.3390000e+03   2.2090334e+00
   1.3400000e+03   2.2089932e+00
   1.3410000e+03   2.2089394e+00
   1.3420000e+03   2.2088740e+00
   1.3430000e+03   2.2087988e+00
   1.3440000e+03   2.2087157e+00
   1.3450000e+03   2.2086265e+00
   1.3460000e+03   2.2085331e+00
   1.3470000e+03   2.2084372e+00
   1.3480000e+03   2.2083406e+00
   1.3490000e+03   2.2082447e+00
   1.3500000e+03   2.2081510e+00
   1.3510000e+03   2.2080607e+00
   1.3520000e+03   2.2079751e+00
   1.3530000e+03   2.2078951e+00
   1.3540000e+03   2.2078215e+00
   1.3550000e+03   2.2077550e+00
   1.3560000e+03   2.2076961e+00
   1.3570000e+03   2.2076452e+00
   1.3580000e+03   2.2076024e+00
   1.3590000e+03   2.2075679e+00
   1.3600000e+03   2.2075415e+00
   1.3610000e+03   2.2075230e+00
   1.3620000e+03   2.2075123e+00
   1.3630000e+03   2.2075087e+00
   1.3640000e+03   2.2075120e+00
   1.3650000e+03   2.2075215e+00
   1.3660000e+03   2.2075366e+00
   1.3670000e+03   2.2075567e+00
   1.3680000e+03   2.2075811e+00
   1.3690000e+03   2.2076091e+00
   1.3700000e+03   2.2076400e+00
   1.3710000e+03   2.2076732e+00
   1.3720000e+03   2.2077078e+00
   1.3730000e+03   2.2077434e+00
   1.3740000e+03   2.2077792e+00
   1.3750000e+03   2.2078147e+00
   1.3760000e+03   2.2078494e+00
   1.3770000e+03   2.2078828e+00
   1.3780000e+03   2.2079145e+00
   1.3790000e+03   2.2079441e+00
   1.3800000e+03   2.2079713e+00
   1.3810000e+03   2.2079958e+00
   1.3820000e+03   2.2080175e+00
   1.3830000e+03   2.2080363e+00
   1.3840000e+03   2.2080521e+00
   1.3850000e+03   2.2080648e+00
   1.3860000e+03   2.2080744e+00
   1.3870000e+03   2.2080812e+00
   1.3880000e+03   2.2080851e+00
   1.3890000e+03   2.2080863e+00
   1.3900000e+03   2.2080850e+00
   1.3910000e+03   2.2080814e+00
   1.3920000e+03   2.2080757e+00
   1.3930000e+03   2.2080682e+00
   1.3940000e+03   2.2080591e+00
   1.3950000e+03   2.2080487e+00
   1.3960000e+03   2.2080372e+00
   1.3970000e+03   2.2080249e+00
   1.3980000e+03   2.2080120e+00
   1.3990000e+03   2.2079988e+00
   1.4000000e+03   2.2079855e+00
   1.4010000e+03   2.2079724e+00
   1.4020000e+03   2.2079595e+00
   1.4030000e+03   2.2079471e+00
   1.4040000e+03   2.2079354e+00
   1.4050000e+03   2.2079245e+00
   1.4060000e+03   2.2079144e+00
   1.4070000e+03   2.2079054e+00
   1.4080000e+03   2.2078974e+00
   1.4090000e+03   2.2078905e+00
   1.4100000e+03   2.2078847e+00
   1.4110000e+03   2.2078800e+00
   1.4120000e+03   2.2078764e+00
   1.4130000e+03   2.2078740e+00
   1.4140000e+03   2.2078726e+00
   1.4150000e+03   2.2078722e+00
   1.4160000e+03   2.2078727e+00
   1.4170000e+03   2.2078740e+00
   1.4180000e+03   2.2078762e+00
   1.4190000e+03   2.2078790e+00
   1.4200000e+03   2.2078824e+00
   1.4210000e+03   2.2078863e+00
   1.4220000e+03   2.2078905e+00
   1.4230000e+03   2.2078951e+00
   1.4240000e+03   2.2078999e+00
   1.4250000e+03   2.2079048e+00
   1.4260000e+03   2.2079097e+00
   1.4270000e+03   2.2079146e+00
   1.4280000e+03   2.2079193e+00
   1.4290000e+03   2.2079239e+00
   1.4300000e+03   2.2079282e+00
   1.4310000e+03   2.2079323e+00
   1.4320000e+03   2.2079360e+00
   1.4330000e+03   2.2079393e+00
   1.4340000e+03   2.2079423e+00
   1.4350000e+03   2.2079448e+00
   1.4360000e+03   2.2079470e+00
   1.4370000e+03   2.2079487e+00
   1.4380000e+03   2.2079500e+00
   1.4390000e+03   2.2079509e+00
   1.4400000e+03   2.2079514e+00
   1.4410000e+03   2.2079515e+00
   1.4420000e+03   2.2079513e+00
   1.4430000e+03   2.2079508e+00
   1.4440000e+03   2.2079500e+00
   1.4450000e+03   2.2079490e+00
   1.4460000e+03   2.2079477e+00
   1.4470000e+03   2.2079463e+00
   1.4480000e+03   2.2079447e+00
   1.4490000e+03   2.2079430e+00
   1.4500000e+03   2.2079412e+00
   1.4510000e+03   2.2079394e+00
   1.4520000e+03   2.2079376e+00
   1.4530000e+03   2.2079358e+00
   1.4540000e+03   2.2079340e+00
   1.4550000e+03   2.2079323e+00
   1.4560000e+03   2.2079307e+00
   1.4570000e+03   2.2079292e+00
   1.4580000e+03   2.2079278e+00
   1.4590000e+03   2.2079266e+00
   1.4600000e+03   2.2079255e+00
   1.4610000e+03   2.2079246e+00
   1.4620000e+03   2.2079238e+00
   1.4630000e+03   2.2079232e+00
   1.4640000e+03   2.2079227e+00
   1.4650000e+03   2.2079223e+00
   1.4660000e+03   2.2079222e+00
   1.4670000e+03   2.2079221e+00
   1.4680000e+03   2.2079222e+00
   1.4690000e+03   2.2079224e+00
   1.4700000e+03   2.2079227e+00
   1.4710000e+03   2.2079231e+00
   1.4720000e+03   2.2079236e+00
   1.4730000e+03   2.2079241e+00
   1.4740000e+03   2.2079247e+00
   1.4750000e+03   2.2079253e+00
   1.4760000e+03   2.2079260e+00
   1.4770000e+03   2.2079266e+00
   1.4780000e+03   2.2079273e+00
   1.4790000e+03   2.2079280e+00
   1.4800000e+03   2.2079286e+00
   1.4810000e+03   2.2079293e+00
   1.4820000e+03   2.2079299e+00
   1.4830000e+03   2.2079304e+00
   1.4840000e+03   2.2079309e+00
   1.4850000e+03   2.2079314e+00
   1.4860000e+03   2.2079318e+00
   1.4870000e+03   2.2079321e+00
   1.4880000e+03   2.2079324e+00
   1.4890000e+03   2.2079326e+00
   1.4900000e+03   2.2079328e+00
   1.4910000e+03   2.2079329e+00
   1.4920000e+03   2.2079330e+00
   1.4930000e+03   2.2079330e+00
   1.4940000e+03   2.2079330e+00
   1.4950000e+03   2.2079329e+00
   1.4960000e+03   2.2079328e+00
   1.4970000e+03   2.2079327e+00
   1.4980000e+03   2.2079325e+00
   1.4990000e+03   2.2079323e+00
   1.5000000e+03   2.2079321e+00
   1.5010000e+03   2.2079318e+00
   1.5020000e+03   2.2079316e+00
   1.5030000e+03   2.2079313e+00
   1.5040000e+03   2.2079311e+00
   1.5050000e+03   2.2079308e+00
   1.5060000e+03   2.2079306e+00
   1.5070000e+03   2.2079304e+00
   1.5080000e+03   2.2079301e+00
   1.5090000e+03   2.2079299e+00
   1.5100000e+03   2.2079298e+00
   1.5110000e+03   2.2079296e+00
   1.5120000e+03   2.2079294e+00
   1.5130000e+03   2.2079293e+00
   1.5140000e+03   2.2079292e+00
   1.5150000e+03   2.2079291e+00
   1.5160000e+03   2.2079291e+00
   1.5170000e+03   2.2079290e+00
   1.5180000e+03   2.2079290e+00
   1.5190000e+03   2.2079290e+00
   1.5200000e+03   2.2079290e+00
   1.5210000e+03   2.2079290e+00
   1.5220000e+03   2.2079291e+00
   1.5230000e+03   2.2079291e+00
   1.5240000e+03   2.2079292e+00
   1.5250000e+03   2.2079293e+00
   1.5260000e+03   2.2079293e+00
   1.5270000e+03   2.2079294e+00
   1.5280000e+03   2.2079295e+00
   1.5290000e+03   2.2079296e+00
   1.5300000e+03   2.2079297e+00
   1.5310000e+03   2.2079298e+00
   1.5320000e+03   2.2079299e+00
   1.5330000e+03   2.2079300e+00
   1.5340000e+03   2.2079301e+00
   1.5350000e+03   2.2079301e+00
   1.5360000e+03   2.2079302e+00
   1.5370000e+03   2.2079303e+00
   1.5380000e+03   2.2079303e+00
   1.5390000e+03   2.2079304e+00
   1.5400000e+03   2.2079304e+00
   1.5410000e+03   2.2079304e+00
   1.5420000e+03   2.2079305e+00
   1.5430000e+03   2.2079305e+00
   1.5440000e+03   2.2079305e+00
   1.5450000e+03   2.2079305e+00
   1.5460000e+03   2.2079305e+00
   1.5470000e+03   2.2079305e+00
   1.5480000e+03   2.2079304e+00
   1.5490000e+03   2.2079304e+00
   1.5500000e+03   2.2079304e+00
   1.5510000e+03   2.2079304e+00
   1.5520000e+03   2.2079303e+00
   1.5530000e+03   2.2079303e+00
   1.5540000e+03   2.2079303e+00
   1.5550000e+03   2.2079302e+00
   1.5560000e+03   2.2079302e+00
   1.5570000e+03   2.2079302e+00
   1.5580000e+03   2.2079301e+00
   1.5590000e+03   2.2079301e+00
   1.5600000e+03   2.2079301e+00
   1.5610000e+03   2.2079301e+00
   1.5620000e+03   2.2079300e+00
   1.5630000e+03   2.2079300e+00
   1.5640000e+03   2.2079300e+00
   1.5650000e+03   2.2079300e+00
   1.5660000e+03   2.2079300e+00
   1.5670000e+03   2.2079299e+00
   1.5680000e+03   2.2079299e+00
   1.5690000e+03   2.2079299e+00
   1.5700000e+03   2.2079299e+00
   1.5710000e+03   2.2079299e+00
   1.5720000e+03   2.2079299e+00
   1.5730000e+03   2.2079299e+00
   1.5740000e+03   2.2079299e+00
   1.5750000e+03   2.2079299e+00
   1.5760000e+03   2.2079300e+00
   1.5770000e+03   2.2079300e+00
   1.5780000e+03   2.2079300e+00
   1.5790000e+03   2.2079300e+00
   1.5800000e+03   2.2079300e+00
   1.5810000e+03   2.2079300e+00
   1.5820000e+03   2.2079300e+00
   1.5830000e+03   2.2079300e+00
   1.5840000e+03   2.2079300e+00
   1.5850000e+03   2.2079301e+00
   1.5860000e+03   2.2079301e+00
   1.5870000e+03   2.2079301e+00
   1.5880000e+03   2.2079301e+00
   1.5890000e+03   2.2079301e+00
   1.5900000e+03   2.2079301e+00
   1.5910000e+03   2.2079301e+00
   1.5920000e+03   2.2079301e+00
   1.5930000e+03   2.2079301e+00
   1.5940000e+03   2.2079301e+00
   1.5950000e+03   2.2079301e+00
   1.5960000e+03   2.2079301e+00
   1.5970000e+03   2.2079301e+00
   1.5980000e+03   2.2079301e+00
   1.5990000e+03   2.2079301e+00
   1.6000000e+03   2.2079301e+00
