   1.0000000e+00   2.0000000e+00
   2.0000000e+00   2.0000000e+00
   3.0000000e+00   2.0000000e+00
   4.0000000e+00   2.0000000e+00
   5.0000000e+00   2.0000000e+00
   6.0000000e+00   2.0000000e+00
   7.0000000e+00   2.0000000e+00
   8.0000000e+00   2.0000000e+00
   9.0000000e+00   2.0000000e+00
   1.0000000e+01   2.0000000e+00
   1.1000000e+01   2.0000000e+00
   1.2000000e+01   2.8000000e+00
   1.3000000e+01   2.5500000e+00
   1.4000000e+01   2.6434548e+00
   1.5000000e+01   2.7369096e+00
   1.6000000e+01   2.8000000e+00
   1.7000000e+01   2.8000000e+00
   1.8000000e+01   2.8000000e+00
   1.9000000e+01   2.8000000e+00
   2.0000000e+01   2.8000000e+00
   2.1000000e+01   2.8000000e+00
   2.2000000e+01   2.7985612e+00
   2.3000000e+01   2.7513315e+00
   2.4000000e+01   2.7337213e+00
   2.5000000e+01   2.7034320e+00
   2.6000000e+01   2.6639790e+00
   2.7000000e+01   2.6255759e+00
   2.8000000e+01   2.5933561e+00
   2.9000000e+01   2.5653025e+00
   3.0000000e+01   2.5398754e+00
   3.1000000e+01   2.5159061e+00
   3.2000000e+01   2.4926835e+00
   3.3000000e+01   2.4751155e+00
   3.4000000e+01   2.4634886e+00
   3.5000000e+01   2.4551555e+00
   3.6000000e+01   2.4520440e+00
   3.7000000e+01   2.4543831e+00
   3.8000000e+01   2.4607937e+00
   3.9000000e+01   2.4698492e+00
   4.0000000e+01   2.4807556e+00
   4.1000000e+01   2.4931538e+00
   4.2000000e+01   2.5069576e+00
   4.3000000e+01   2.5215975e+00
   4.4000000e+01   2.5360139e+00
   4.5000000e+01   2.5495422e+00
   4.6000000e+01   2.5616226e+00
   4.7000000e+01   2.5714879e+00
   4.8000000e+01   2.5785519e+00
   4.9000000e+01   2.5825571e+00
   5.0000000e+01   2.5834632e+00
   5.1000000e+01   2.5813036e+00
   5.2000000e+01   2.5761026e+00
   5.3000000e+01   2.5679097e+00
   5.4000000e+01   2.5569114e+00
   5.5000000e+01   2.5434272e+00
   5.6000000e+01   2.5278468e+00
   5.7000000e+01   2.5106446e+00
   5.8000000e+01   2.4923801e+00
   5.9000000e+01   2.4736400e+00
   6.0000000e+01   2.4549839e+00
   6.1000000e+01   2.4369254e+00
   6.2000000e+01   2.4199382e+00
   6.3000000e+01   2.4044655e+00
   6.4000000e+01   2.3909089e+00
   6.5000000e+01   2.3796073e+00
   6.6000000e+01   2.3708237e+00
   6.7000000e+01   2.3647375e+00
   6.8000000e+01   2.3614342e+00
   6.9000000e+01   2.3609021e+00
   7.0000000e+01   2.3630398e+00
   7.1000000e+01   2.3676699e+00
   7.2000000e+01   2.3745515e+00
   7.3000000e+01   2.3833883e+00
   7.4000000e+01   2.3938361e+00
   7.5000000e+01   2.4055126e+00
   7.6000000e+01   2.4180101e+00
   7.7000000e+01   2.4309088e+00
   7.8000000e+01   2.4437917e+00
   7.9000000e+01   2.4562593e+00
   8.0000000e+01   2.4679432e+00
   8.1000000e+01   2.4785165e+00
   8.2000000e+01   2.4877016e+00
   8.3000000e+01   2.4952755e+00
   8.4000000e+01   2.5010743e+00
   8.5000000e+01   2.5049963e+00
   8.6000000e+01   2.5070034e+00
   8.7000000e+01   2.5071202e+00
   8.8000000e+01   2.5054314e+00
   8.9000000e+01   2.5020766e+00
   9.0000000e+01   2.4972434e+00
   9.1000000e+01   2.4911589e+00
   9.2000000e+01   2.4840811e+00
   9.3000000e+01   2.4762886e+00
   9.4000000e+01   2.4680717e+00
   9.5000000e+01   2.4597227e+00
   9.6000000e+01   2.4515264e+00
   9.7000000e+01   2.4437512e+00
   9.8000000e+01   2.4366414e+00
   9.9000000e+01   2.4304092e+00
   1.0000000e+02   2.4252301e+00
   1.0100000e+02   2.4212377e+00
   1.0200000e+02   2.4185217e+00
   1.0300000e+02   2.4171267e+00
   1.0400000e+02   2.4170521e+00
   1.0500000e+02   2.4182545e+00
   1.0600000e+02   2.4206502e+00
   1.0700000e+02   2.4241197e+00
   1.0800000e+02   2.4285128e+00
   1.0900000e+02   2.4336546e+00
   1.1000000e+02   2.4393522e+00
   1.1100000e+02   2.4454016e+00
   1.1200000e+02   2.4515950e+00
   1.1300000e+02   2.4577271e+00
   1.1400000e+02   2.4636025e+00
   1.1500000e+02   2.4690408e+00
   1.1600000e+02   2.4738822e+00
   1.1700000e+02   2.4779924e+00
   1.1800000e+02   2.4812650e+00
   1.1900000e+02   2.4836247e+00
   1.2000000e+02   2.4850286e+00
   1.2100000e+02   2.4854657e+00
   1.2200000e+02   2.4849569e+00
   1.2300000e+02   2.4835526e+00
   1.2400000e+02   2.4813301e+00
   1.2500000e+02   2.4783903e+00
   1.2600000e+02   2.4748533e+00
   1.2700000e+02   2.4708540e+00
   1.2800000e+02   2.4665371e+00
   1.2900000e+02   2.4620524e+00
   1.3000000e+02   2.4575493e+00
   1.3100000e+02   2.4531722e+00
   1.3200000e+02   2.4490562e+00
   1.3300000e+02   2.4453230e+00
   1.3400000e+02   2.4420774e+00
   1.3500000e+02   2.4394045e+00
   1.3600000e+02   2.4373679e+00
   1.3700000e+02   2.4360086e+00
   1.3800000e+02   2.4353440e+00
   1.3900000e+02   2.4353686e+00
   1.4000000e+02   2.4360550e+00
   1.4100000e+02   2.4373556e+00
   1.4200000e+02   2.4392049e+00
   1.4300000e+02   2.4415221e+00
   1.4400000e+02   2.4442144e+00
   1.4500000e+02   2.4471807e+00
   1.4600000e+02   2.4503147e+00
   1.4700000e+02   2.4535088e+00
   1.4800000e+02   2.4566576e+00
   1.4900000e+02   2.4596612e+00
   1.5000000e+02   2.4624280e+00
   1.5100000e+02   2.4648776e+00
   1.5200000e+02   2.4669430e+00
   1.5300000e+02   2.4685720e+00
   1.5400000e+02   2.4697284e+00
   1.5500000e+02   2.4703929e+00
   1.5600000e+02   2.4705625e+00
   1.5700000e+02   2.4702503e+00
   1.5800000e+02   2.4694847e+00
   1.5900000e+02   2.4683074e+00
   1.6000000e+02   2.4667720e+00
   1.6100000e+02   2.4649415e+00
   1.6200000e+02   2.4628860e+00
   1.6300000e+02   2.4606805e+00
   1.6400000e+02   2.4584018e+00
   1.6500000e+02   2.4561262e+00
   1.6600000e+02   2.4539270e+00
   1.6700000e+02   2.4518724e+00
   1.6800000e+02   2.4500232e+00
   1.6900000e+02   2.4484316e+00
   1.7000000e+02   2.4471391e+00
   1.7100000e+02   2.4461764e+00
   1.7200000e+02   2.4455622e+00
   1.7300000e+02   2.4453033e+00
   1.7400000e+02   2.4453948e+00
   1.7500000e+02   2.4458206e+00
   1.7600000e+02   2.4465546e+00
   1.7700000e+02   2.4475616e+00
   1.7800000e+02   2.4487989e+00
   1.7900000e+02   2.4502182e+00
   1.8000000e+02   2.4517668e+00
   1.8100000e+02   2.4533901e+00
   1.8200000e+02   2.4550330e+00
   1.8300000e+02   2.4566418e+00
   1.8400000e+02   2.4581661e+00
   1.8500000e+02   2.4595599e+00
   1.8600000e+02   2.4607832e+00
   1.8700000e+02   2.4618031e+00
   1.8800000e+02   2.4625943e+00
   1.8900000e+02   2.4631400e+00
   1.9000000e+02   2.4634318e+00
   1.9100000e+02   2.4634699e+00
   1.9200000e+02   2.4632626e+00
   1.9300000e+02   2.4628257e+00
   1.9400000e+02   2.4621821e+00
   1.9500000e+02   2.4613602e+00
   1.9600000e+02   2.4603933e+00
   1.9700000e+02   2.4593178e+00
   1.9800000e+02   2.4581727e+00
   1.9900000e+02   2.4569973e+00
   2.0000000e+02   2.4558308e+00
   2.0100000e+02   2.4547103e+00
   2.0200000e+02   2.4536703e+00
   2.0300000e+02   2.4527412e+00
   2.0400000e+02   2.4519488e+00
   2.0500000e+02   2.4513134e+00
   2.0600000e+02   2.4508498e+00
   2.0700000e+02   2.4505662e+00
   2.0800000e+02   2.4504652e+00
   2.0900000e+02   2.4505430e+00
   2.1000000e+02   2.4507904e+00
   2.1100000e+02   2.4511932e+00
   2.1200000e+02   2.4517323e+00
   2.1300000e+02   2.4523854e+00
   2.1400000e+02   2.4531271e+00
   2.1500000e+02   2.4539302e+00
   2.1600000e+02   2.4547664e+00
   2.1700000e+02   2.4556075e+00
   2.1800000e+02   2.4564263e+00
   2.1900000e+02   2.4571972e+00
   2.2000000e+02   2.4578971e+00
   2.2100000e+02   2.4585062e+00
   2.2200000e+02   2.4590082e+00
   2.2300000e+02   2.4593909e+00
   2.2400000e+02   2.4596466e+00
   2.2500000e+02   2.4597717e+00
   2.2600000e+02   2.4597671e+00
   2.2700000e+02   2.4596378e+00
   2.2800000e+02   2.4593927e+00
   2.2900000e+02   2.4590441e+00
   2.3000000e+02   2.4586070e+00
   2.3100000e+02   2.4580989e+00
   2.3200000e+02   2.4575387e+00
   2.3300000e+02   2.4569467e+00
   2.3400000e+02   2.4563429e+00
   2.3500000e+02   2.4557473e+00
   2.3600000e+02   2.4551788e+00
   2.3700000e+02   2.4546547e+00
   2.3800000e+02   2.4541902e+00
   2.3900000e+02   2.4537981e+00
   2.4000000e+02   2.4534882e+00
   2.4100000e+02   2.4532675e+00
   2.4200000e+02   2.4531397e+00
   2.4300000e+02   2.4531055e+00
   2.4400000e+02   2.4531624e+00
   2.4500000e+02   2.4533052e+00
   2.4600000e+02   2.4535260e+00
   2.4700000e+02   2.4538148e+00
   2.4800000e+02   2.4541598e+00
   2.4900000e+02   2.4545477e+00
   2.5000000e+02   2.4549643e+00
   2.5100000e+02   2.4553953e+00
   2.5200000e+02   2.4558261e+00
   2.5300000e+02   2.4562429e+00
   2.5400000e+02   2.4566328e+00
   2.5500000e+02   2.4569842e+00
   2.5600000e+02   2.4572872e+00
   2.5700000e+02   2.4575339e+00
   2.5800000e+02   2.4577185e+00
   2.5900000e+02   2.4578374e+00
   2.6000000e+02   2.4578891e+00
   2.6100000e+02   2.4578745e+00
   2.6200000e+02   2.4577967e+00
   2.6300000e+02   2.4576605e+00
   2.6400000e+02   2.4574724e+00
   2.6500000e+02   2.4572405e+00
   2.6600000e+02   2.4569740e+00
   2.6700000e+02   2.4566826e+00
   2.6800000e+02   2.4563768e+00
   2.6900000e+02   2.4560669e+00
   2.7000000e+02   2.4557631e+00
   2.7100000e+02   2.4554748e+00
   2.7200000e+02   2.4552110e+00
   2.7300000e+02   2.4549790e+00
   2.7400000e+02   2.4547853e+00
   2.7500000e+02   2.4546346e+00
   2.7600000e+02   2.4545301e+00
   2.7700000e+02   2.4544735e+00
   2.7800000e+02   2.4544648e+00
   2.7900000e+02   2.4545025e+00
   2.8000000e+02   2.4545836e+00
   2.8100000e+02   2.4547039e+00
   2.8200000e+02   2.4548580e+00
   2.8300000e+02   2.4550397e+00
   2.8400000e+02   2.4552421e+00
   2.8500000e+02   2.4554579e+00
   2.8600000e+02   2.4556797e+00
   2.8700000e+02   2.4559000e+00
   2.8800000e+02   2.4561118e+00
   2.8900000e+02   2.4563086e+00
   2.9000000e+02   2.4564847e+00
   2.9100000e+02   2.4566351e+00
   2.9200000e+02   2.4567560e+00
   2.9300000e+02   2.4568445e+00
   2.9400000e+02   2.4568991e+00
   2.9500000e+02   2.4569192e+00
   2.9600000e+02   2.4569055e+00
   2.9700000e+02   2.4568597e+00
   2.9800000e+02   2.4567845e+00
   2.9900000e+02   2.4566834e+00
   3.0000000e+02   2.4565607e+00
   3.0100000e+02   2.4564211e+00
   3.0200000e+02   2.4562697e+00
   3.0300000e+02   2.4561119e+00
   3.0400000e+02   2.4559530e+00
   3.0500000e+02   2.4557982e+00
   3.0600000e+02   2.4556523e+00
   3.0700000e+02   2.4555196e+00
   3.0800000e+02   2.4554040e+00
   3.0900000e+02   2.4553085e+00
   3.1000000e+02   2.4552355e+00
   3.1100000e+02   2.4551864e+00
   3.1200000e+02   2.4551620e+00
   3.1300000e+02   2.4551621e+00
   3.1400000e+02   2.4551857e+00
   3.1500000e+02   2.4552313e+00
   3.1600000e+02   2.4552965e+00
   3.1700000e+02   2.4553785e+00
   3.1800000e+02   2.4554741e+00
   3.1900000e+02   2.4555795e+00
   3.2000000e+02   2.4556912e+00
   3.2100000e+02   2.4558052e+00
   3.2200000e+02   2.4559177e+00
   3.2300000e+02   2.4560252e+00
   3.2400000e+02   2.4561245e+00
   3.2500000e+02   2.4562126e+00
   3.2600000e+02   2.4562871e+00
   3.2700000e+02   2.4563461e+00
   3.2800000e+02   2.4563883e+00
   3.2900000e+02   2.4564130e+00
   3.3000000e+02   2.4564201e+00
   3.3100000e+02   2.4564099e+00
   3.3200000e+02   2.4563834e+00
   3.3300000e+02   2.4563422e+00
   3.3400000e+02   2.4562881e+00
   3.3500000e+02   2.4562233e+00
   3.3600000e+02   2.4561503e+00
   3.3700000e+02   2.4560717e+00
   3.3800000e+02   2.4559904e+00
   3.3900000e+02   2.4559091e+00
   3.4000000e+02   2.4558303e+00
   3.4100000e+02   2.4557565e+00
   3.4200000e+02   2.4556899e+00
   3.4300000e+02   2.4556324e+00
   3.4400000e+02   2.4555854e+00
   3.4500000e+02   2.4555502e+00
   3.4600000e+02   2.4555274e+00
   3.4700000e+02   2.4555172e+00
   3.4800000e+02   2.4555195e+00
   3.4900000e+02   2.4555339e+00
   3.5000000e+02   2.4555592e+00
   3.5100000e+02   2.4555945e+00
   3.5200000e+02   2.4556380e+00
   3.5300000e+02   2.4556881e+00
   3.5400000e+02   2.4557430e+00
   3.5500000e+02   2.4558007e+00
   3.5600000e+02   2.4558592e+00
   3.5700000e+02   2.4559166e+00
   3.5800000e+02   2.4559711e+00
   3.5900000e+02   2.4560211e+00
   3.6000000e+02   2.4560651e+00
   3.6100000e+02   2.4561020e+00
   3.6200000e+02   2.4561307e+00
   3.6300000e+02   2.4561507e+00
   3.6400000e+02   2.4561617e+00
   3.6500000e+02   2.4561636e+00
   3.6600000e+02   2.4561568e+00
   3.6700000e+02   2.4561417e+00
   3.6800000e+02   2.4561192e+00
   3.6900000e+02   2.4560903e+00
   3.7000000e+02   2.4560562e+00
   3.7100000e+02   2.4560181e+00
   3.7200000e+02   2.4559774e+00
   3.7300000e+02   2.4559355e+00
   3.7400000e+02   2.4558939e+00
   3.7500000e+02   2.4558539e+00
   3.7600000e+02   2.4558166e+00
   3.7700000e+02   2.4557832e+00
   3.7800000e+02   2.4557546e+00
   3.7900000e+02   2.4557316e+00
   3.8000000e+02   2.4557147e+00
   3.8100000e+02   2.4557042e+00
   3.8200000e+02   2.4557002e+00
   3.8300000e+02   2.4557026e+00
   3.8400000e+02   2.4557110e+00
   3.8500000e+02   2.4557251e+00
   3.8600000e+02   2.4557440e+00
   3.8700000e+02   2.4557671e+00
   3.8800000e+02   2.4557933e+00
   3.8900000e+02   2.4558218e+00
   3.9000000e+02   2.4558516e+00
   3.9100000e+02   2.4558816e+00
   3.9200000e+02   2.4559109e+00
   3.9300000e+02   2.4559385e+00
   3.9400000e+02   2.4559636e+00
   3.9500000e+02   2.4559856e+00
   3.9600000e+02   2.4560037e+00
   3.9700000e+02   2.4560176e+00
   3.9800000e+02   2.4560271e+00
   3.9900000e+02   2.4560318e+00
   4.0000000e+02   2.2060318e+00
   4.0100000e+02   2.4560318e+00
   4.0200000e+02   2.3625685e+00
   4.0300000e+02   2.2691016e+00
   4.0400000e+02   2.1756314e+00
   4.0500000e+02   2.0821586e+00
   4.0600000e+02   1.9886840e+00
   4.0700000e+02   1.8952081e+00
   4.0800000e+02   1.8017318e+00
   4.0900000e+02   1.7082558e+00
   4.1000000e+02   1.6444349e+00
   4.1100000e+02   1.5745375e+00
   4.1200000e+02   1.4867978e+00
   4.1300000e+02   1.4203833e+00
   4.1400000e+02   1.3729668e+00
   4.1500000e+02   1.3428262e+00
   4.1600000e+02   1.3287059e+00
   4.1700000e+02   1.3297099e+00
   4.1800000e+02   1.3452177e+00
   4.1900000e+02   1.3748201e+00
   4.2000000e+02   1.4147510e+00
   4.2100000e+02   1.4628081e+00
   4.2200000e+02   1.5222809e+00
   4.2300000e+02   1.5926919e+00
   4.2400000e+02   1.6697186e+00
   4.2500000e+02   1.7499833e+00
   4.2600000e+02   1.8307528e+00
   4.2700000e+02   1.9097212e+00
   4.2800000e+02   1.9848551e+00
   4.2900000e+02   2.0542826e+00
   4.3000000e+02   2.1166330e+00
   4.3100000e+02   2.1711435e+00
   4.3200000e+02   2.2167702e+00
   4.3300000e+02   2.2520850e+00
   4.3400000e+02   2.2761812e+00
   4.3500000e+02   2.2889147e+00
   4.3600000e+02   2.2906494e+00
   4.3700000e+02   2.2821006e+00
   4.3800000e+02   2.2642452e+00
   4.3900000e+02   2.2382749e+00
   4.4000000e+02   2.2055273e+00
   4.4100000e+02   2.1673768e+00
   4.4200000e+02   2.1252308e+00
   4.4300000e+02   2.0806311e+00
   4.4400000e+02   2.0352452e+00
   4.4500000e+02   1.9907328e+00
   4.4600000e+02   1.9486300e+00
   4.4700000e+02   1.9102887e+00
   4.4800000e+02   1.8768462e+00
   4.4900000e+02   1.8492078e+00
   4.5000000e+02   1.8280388e+00
   4.5100000e+02   1.8137727e+00
   4.5200000e+02   1.8066263e+00
   4.5300000e+02   1.8065971e+00
   4.5400000e+02   1.8134473e+00
   4.5500000e+02   1.8267042e+00
   4.5600000e+02   1.8456845e+00
   4.5700000e+02   1.8695338e+00
   4.5800000e+02   1.8972695e+00
   4.5900000e+02   1.9278233e+00
   4.6000000e+02   1.9600820e+00
   4.6100000e+02   1.9929245e+00
   4.6200000e+02   2.0252528e+00
   4.6300000e+02   2.0560213e+00
   4.6400000e+02   2.0842661e+00
   4.6500000e+02   2.1091367e+00
   4.6600000e+02   2.1299234e+00
   4.6700000e+02   2.1460774e+00
   4.6800000e+02   2.1572239e+00
   4.6900000e+02   2.1631661e+00
   4.7000000e+02   2.1638833e+00
   4.7100000e+02   2.1595236e+00
   4.7200000e+02   2.1503922e+00
   4.7300000e+02   2.1369360e+00
   4.7400000e+02   2.1197257e+00
   4.7500000e+02   2.0994340e+00
   4.7600000e+02   2.0768103e+00
   4.7700000e+02   2.0526530e+00
   4.7800000e+02   2.0277815e+00
   4.7900000e+02   2.0030083e+00
   4.8000000e+02   1.9791128e+00
   4.8100000e+02   1.9568174e+00
   4.8200000e+02   1.9367675e+00
   4.8300000e+02   1.9195132e+00
   4.8400000e+02   1.9054957e+00
   4.8500000e+02   1.8950366e+00
   4.8600000e+02   1.8883321e+00
   4.8700000e+02   1.8854507e+00
   4.8800000e+02   1.8863358e+00
   4.8900000e+02   1.8908125e+00
   4.9000000e+02   1.8985975e+00
   4.9100000e+02   1.9093123e+00
   4.9200000e+02   1.9224992e+00
   4.9300000e+02   1.9376390e+00
   4.9400000e+02   1.9541694e+00
   4.9500000e+02   1.9715051e+00
   4.9600000e+02   1.9890571e+00
   4.9700000e+02   2.0062521e+00
   4.9800000e+02   2.0225500e+00
   4.9900000e+02   2.0374606e+00
   5.0000000e+02   2.0505568e+00
   5.0100000e+02   2.0614866e+00
   5.0200000e+02   2.0699813e+00
   5.0300000e+02   2.0758605e+00
   5.0400000e+02   2.0790355e+00
   5.0500000e+02   2.0795077e+00
   5.0600000e+02   2.0773659e+00
   5.0700000e+02   2.0727797e+00
   5.0800000e+02   2.0659911e+00
   5.0900000e+02   2.0573043e+00
   5.1000000e+02   2.0470728e+00
   5.1100000e+02   2.0356867e+00
   5.1200000e+02   2.0235587e+00
   5.1300000e+02   2.0111096e+00
   5.1400000e+02   1.9987548e+00
   5.1500000e+02   1.9868909e+00
   5.1600000e+02   1.9758836e+00
   5.1700000e+02   1.9660573e+00
   5.1800000e+02   1.9576859e+00
   5.1900000e+02   1.9509861e+00
   5.2000000e+02   1.9461123e+00
   5.2100000e+02   1.9431543e+00
   5.2200000e+02   1.9421367e+00
   5.2300000e+02   1.9430203e+00
   5.2400000e+02   1.9457061e+00
   5.2500000e+02   1.9500409e+00
   5.2600000e+02   1.9558235e+00
   5.2700000e+02   1.9628140e+00
   5.2800000e+02   1.9707421e+00
   5.2900000e+02   1.9793177e+00
   5.3000000e+02   1.9882404e+00
   5.3100000e+02   1.9972100e+00
   5.3200000e+02   2.0059359e+00
   5.3300000e+02   2.0141461e+00
   5.3400000e+02   2.0215958e+00
   5.3500000e+02   2.0280734e+00
   5.3600000e+02   2.0334067e+00
   5.3700000e+02   2.0374670e+00
   5.3800000e+02   2.0401712e+00
   5.3900000e+02   2.0414830e+00
   5.4000000e+02   2.0414124e+00
   5.4100000e+02   2.0400136e+00
   5.4200000e+02   2.0373814e+00
   5.4300000e+02   2.0336469e+00
   5.4400000e+02   2.0289717e+00
   5.4500000e+02   2.0235417e+00
   5.4600000e+02   2.0175600e+00
   5.4700000e+02   2.0112401e+00
   5.4800000e+02   2.0047981e+00
   5.4900000e+02   1.9984460e+00
   5.5000000e+02   1.9923851e+00
   5.5100000e+02   1.9867994e+00
   5.5200000e+02   1.9818511e+00
   5.5300000e+02   1.9776754e+00
   5.5400000e+02   1.9743776e+00
   5.5500000e+02   1.9720310e+00
   5.5600000e+02   1.9706753e+00
   5.5700000e+02   1.9703166e+00
   5.5800000e+02   1.9709291e+00
   5.5900000e+02   1.9724562e+00
   5.6000000e+02   1.9748143e+00
   5.6100000e+02   1.9778960e+00
   5.6200000e+02   1.9815746e+00
   5.6300000e+02   1.9857092e+00
   5.6400000e+02   1.9901491e+00
   5.6500000e+02   1.9947398e+00
   5.6600000e+02   1.9993275e+00
   5.6700000e+02   2.0037645e+00
   5.6800000e+02   2.0079132e+00
   5.6900000e+02   2.0116508e+00
   5.7000000e+02   2.0148723e+00
   5.7100000e+02   2.0174932e+00
   5.7200000e+02   2.0194515e+00
   5.7300000e+02   2.0207090e+00
   5.7400000e+02   2.0212515e+00
   5.7500000e+02   2.0210883e+00
   5.7600000e+02   2.0202513e+00
   5.7700000e+02   2.0187928e+00
   5.7800000e+02   2.0167831e+00
   5.7900000e+02   2.0143076e+00
   5.8000000e+02   2.0114638e+00
   5.8100000e+02   2.0083570e+00
   5.8200000e+02   2.0050974e+00
   5.8300000e+02   2.0017957e+00
   5.8400000e+02   1.9985599e+00
   5.8500000e+02   1.9954919e+00
   5.8600000e+02   1.9926842e+00
   5.8700000e+02   1.9902176e+00
   5.8800000e+02   1.9881588e+00
   5.8900000e+02   1.9865587e+00
   5.9000000e+02   1.9854519e+00
   5.9100000e+02   1.9848553e+00
   5.9200000e+02   1.9847690e+00
   5.9300000e+02   1.9851768e+00
   5.9400000e+02   1.9860468e+00
   5.9500000e+02   1.9873337e+00
   5.9600000e+02   1.9889803e+00
   5.9700000e+02   1.9909201e+00
   5.9800000e+02   1.9930796e+00
   5.9900000e+02   1.9953808e+00
   6.0000000e+02   1.9977444e+00
   6.0100000e+02   2.0000917e+00
   6.0200000e+02   2.0023478e+00
   6.0300000e+02   2.0044435e+00
   6.0400000e+02   2.0063171e+00
   6.0500000e+02   2.0079166e+00
   6.0600000e+02   2.0092009e+00
   6.0700000e+02   2.0101403e+00
   6.0800000e+02   2.0107176e+00
   6.0900000e+02   2.0109278e+00
   6.1000000e+02   2.0107779e+00
   6.1100000e+02   2.0102863e+00
   6.1200000e+02   2.0094816e+00
   6.1300000e+02   2.0084016e+00
   6.1400000e+02   2.0070915e+00
   6.1500000e+02   2.0056020e+00
   6.1600000e+02   2.0039880e+00
   6.1700000e+02   2.0023062e+00
   6.1800000e+02   2.0006133e+00
   6.1900000e+02   1.9989642e+00
   6.2000000e+02   1.9974106e+00
   6.2100000e+02   1.9959988e+00
   6.2200000e+02   1.9947691e+00
   6.2300000e+02   1.9937543e+00
   6.2400000e+02   1.9929789e+00
   6.2500000e+02   1.9924589e+00
   6.2600000e+02   1.9922016e+00
   6.2700000e+02   1.9922053e+00
   6.2800000e+02   1.9924601e+00
   6.2900000e+02   1.9929484e+00
   6.3000000e+02   1.9936456e+00
   6.3100000e+02   1.9945214e+00
   6.3200000e+02   1.9955409e+00
   6.3300000e+02   1.9966658e+00
   6.3400000e+02   1.9978559e+00
   6.3500000e+02   1.9990704e+00
   6.3600000e+02   2.0002692e+00
   6.3700000e+02   2.0014142e+00
   6.3800000e+02   2.0024707e+00
   6.3900000e+02   2.0034078e+00
   6.4000000e+02   2.0041999e+00
   6.4100000e+02   2.0048269e+00
   6.4200000e+02   2.0052747e+00
   6.4300000e+02   2.0055357e+00
   6.4400000e+02   2.0056085e+00
   6.4500000e+02   2.0054977e+00
   6.4600000e+02   2.0052140e+00
   6.4700000e+02   2.0047729e+00
   6.4800000e+02   2.0041945e+00
   6.4900000e+02   2.0035027e+00
   6.5000000e+02   2.0027240e+00
   6.5100000e+02   2.0018867e+00
   6.5200000e+02   2.0010202e+00
   6.5300000e+02   2.0001533e+00
   6.5400000e+02   1.9993140e+00
   6.5500000e+02   1.9985284e+00
   6.5600000e+02   1.9978198e+00
   6.5700000e+02   1.9972081e+00
   6.5800000e+02   1.9967093e+00
   6.5900000e+02   1.9963354e+00
   6.6000000e+02   1.9960936e+00
   6.6100000e+02   1.9959868e+00
   6.6200000e+02   1.9960133e+00
   6.6300000e+02   1.9961674e+00
   6.6400000e+02   1.9964392e+00
   6.6500000e+02   1.9968155e+00
   6.6600000e+02   1.9972803e+00
   6.6700000e+02   1.9978153e+00
   6.6800000e+02   1.9984006e+00
   6.6900000e+02   1.9990154e+00
   6.7000000e+02   1.9996389e+00
   6.7100000e+02   2.0002506e+00
   6.7200000e+02   2.0008312e+00
   6.7300000e+02   2.0013632e+00
   6.7400000e+02   2.0018312e+00
   6.7500000e+02   2.0022227e+00
   6.7600000e+02   2.0025277e+00
   6.7700000e+02   2.0027399e+00
   6.7800000e+02   2.0028558e+00
   6.7900000e+02   2.0028752e+00
   6.8000000e+02   2.0028013e+00
   6.8100000e+02   2.0026399e+00
   6.8200000e+02   2.0023994e+00
   6.8300000e+02   2.0020907e+00
   6.8400000e+02   2.0017262e+00
   6.8500000e+02   2.0013197e+00
   6.8600000e+02   2.0008860e+00
   6.8700000e+02   2.0004400e+00
   6.8800000e+02   1.9999966e+00
   6.8900000e+02   1.9995700e+00
   6.9000000e+02   1.9991733e+00
   6.9100000e+02   1.9988181e+00
   6.9200000e+02   1.9985144e+00
   6.9300000e+02   1.9982700e+00
   6.9400000e+02   1.9980905e+00
   6.9500000e+02   1.9979793e+00
   6.9600000e+02   1.9979374e+00
   6.9700000e+02   1.9979636e+00
   6.9800000e+02   1.9980544e+00
   6.9900000e+02   1.9982045e+00
   7.0000000e+02   1.9984069e+00
   7.0100000e+02   1.9986529e+00
   7.0200000e+02   1.9989332e+00
   7.0300000e+02   1.9992373e+00
   7.0400000e+02   1.9995545e+00
   7.0500000e+02   1.9998742e+00
   7.0600000e+02   2.0001859e+00
   7.0700000e+02   2.0004799e+00
   7.0800000e+02   2.0007474e+00
   7.0900000e+02   2.0009808e+00
   7.1000000e+02   2.0011737e+00
   7.1100000e+02   2.0013216e+00
   7.1200000e+02   2.0014213e+00
   7.1300000e+02   2.0014715e+00
   7.1400000e+02   2.0014724e+00
   7.1500000e+02   2.0014258e+00
   7.1600000e+02   2.0013349e+00
   7.1700000e+02   2.0012045e+00
   7.1800000e+02   2.0010401e+00
   7.1900000e+02   2.0008484e+00
   7.2000000e+02   2.0006366e+00
   7.2100000e+02   2.0004122e+00
   7.2200000e+02   2.0001830e+00
   7.2300000e+02   1.9999564e+00
   7.2400000e+02   1.9997398e+00
   7.2500000e+02   1.9995398e+00
   7.2600000e+02   1.9993620e+00
   7.2700000e+02   1.9992115e+00
   7.2800000e+02   1.9990921e+00
   7.2900000e+02   1.9990065e+00
   7.3000000e+02   1.9989560e+00
   7.3100000e+02   1.9989412e+00
   7.3200000e+02   1.9989610e+00
   7.3300000e+02   1.9990135e+00
   7.3400000e+02   1.9990959e+00
   7.3500000e+02   1.9992043e+00
   7.3600000e+02   1.9993343e+00
   7.3700000e+02   1.9994808e+00
   7.3800000e+02   1.9996386e+00
   7.3900000e+02   1.9998021e+00
   7.4000000e+02   1.9999658e+00
   7.4100000e+02   2.0001245e+00
   7.4200000e+02   2.0002732e+00
   7.4300000e+02   2.0004075e+00
   7.4400000e+02   2.0005236e+00
   7.4500000e+02   2.0006185e+00
   7.4600000e+02   2.0006899e+00
   7.4700000e+02   2.0007363e+00
   7.4800000e+02   2.0007573e+00
   7.4900000e+02   2.0007531e+00
   7.5000000e+02   2.0007248e+00
   7.5100000e+02   2.0006742e+00
   7.5200000e+02   2.0006037e+00
   7.5300000e+02   2.0005165e+00
   7.5400000e+02   2.0004158e+00
   7.5500000e+02   2.0003056e+00
   7.5600000e+02   2.0001896e+00
   7.5700000e+02   2.0000719e+00
   7.5800000e+02   1.9999563e+00
   7.5900000e+02   1.9998465e+00
   7.6000000e+02   1.9997457e+00
   7.6100000e+02   1.9996569e+00
   7.6200000e+02   1.9995825e+00
   7.6300000e+02   1.9995244e+00
   7.6400000e+02   1.9994838e+00
   7.6500000e+02   1.9994613e+00
   7.6600000e+02   1.9994571e+00
   7.6700000e+02   1.9994705e+00
   7.6800000e+02   1.9995004e+00
   7.6900000e+02   1.9995454e+00
   7.7000000e+02   1.9996033e+00
   7.7100000e+02   1.9996718e+00
   7.7200000e+02   1.9997483e+00
   7.7300000e+02   1.9998300e+00
   7.7400000e+02   1.9999142e+00
   7.7500000e+02   1.9999980e+00
   7.7600000e+02   2.0000786e+00
   7.7700000e+02   2.0001538e+00
   7.7800000e+02   2.0002211e+00
   7.7900000e+02   2.0002788e+00
   7.8000000e+02   2.0003253e+00
   7.8100000e+02   2.0003596e+00
   7.8200000e+02   2.0003810e+00
   7.8300000e+02   2.0003893e+00
   7.8400000e+02   2.0003848e+00
   7.8500000e+02   2.0003680e+00
   7.8600000e+02   2.0003400e+00
   7.8700000e+02   2.0003021e+00
   7.8800000e+02   2.0002559e+00
   7.8900000e+02   2.0002032e+00
   7.9000000e+02   2.0001459e+00
   7.9100000e+02   2.0000861e+00
   7.9200000e+02   2.0000257e+00
   7.9300000e+02   1.9999668e+00
   7.9400000e+02   1.9999111e+00
   7.9500000e+02   1.9998604e+00
   7.9600000e+02   1.9998162e+00
   7.9700000e+02   1.9997795e+00
   7.9800000e+02   1.9997513e+00
   7.9900000e+02   1.9997321e+00
   8.0000000e+02   2.2497321e+00
   8.0100000e+02   1.9997321e+00
   8.0200000e+02   2.1118864e+00
   8.0300000e+02   2.2240491e+00
   8.0400000e+02   2.3362192e+00
   8.0500000e+02   2.4483958e+00
   8.0600000e+02   2.5605776e+00
   8.0700000e+02   2.6727632e+00
   8.0800000e+02   2.7849513e+00
   8.0900000e+02   2.8000000e+00
   8.1000000e+02   2.8000000e+00
   8.1100000e+02   2.8000000e+00
   8.1200000e+02   2.8000000e+00
   8.1300000e+02   2.8000000e+00
   8.1400000e+02   2.8000000e+00
   8.1500000e+02   2.8000000e+00
   8.1600000e+02   2.8000000e+00
   8.1700000e+02   2.7986313e+00
   8.1800000e+02   2.7799302e+00
   8.1900000e+02   2.7558917e+00
   8.2000000e+02   2.7377459e+00
   8.2100000e+02   2.7249731e+00
   8.2200000e+02   2.7157580e+00
   8.2300000e+02   2.7087171e+00
   8.2400000e+02   2.7028021e+00
   8.2500000e+02   2.6972242e+00
   8.2600000e+02   2.6913955e+00
   8.2700000e+02   2.6850453e+00
   8.2800000e+02   2.6800453e+00
   8.2900000e+02   2.6784126e+00
   8.3000000e+02   2.6794082e+00
   8.3100000e+02   2.6813400e+00
   8.3200000e+02   2.6830584e+00
   8.3300000e+02   2.6839472e+00
   8.3400000e+02   2.6837532e+00
   8.3500000e+02   2.6824659e+00
   8.3600000e+02   2.6802322e+00
   8.3700000e+02   2.6772780e+00
   8.3800000e+02   2.6736126e+00
   8.3900000e+02   2.6688070e+00
   8.4000000e+02   2.6623525e+00
   8.4100000e+02   2.6540692e+00
   8.4200000e+02   2.6440992e+00
   8.4300000e+02   2.6327472e+00
   8.4400000e+02   2.6203655e+00
   8.4500000e+02   2.6072866e+00
   8.4600000e+02   2.5937867e+00
   8.4700000e+02   2.5800710e+00
   8.4800000e+02   2.5663023e+00
   8.4900000e+02   2.5526835e+00
   8.5000000e+02   2.5395109e+00
   8.5100000e+02   2.5271354e+00
   8.5200000e+02   2.5158867e+00
   8.5300000e+02   2.5060251e+00
   8.5400000e+02   2.4977299e+00
   8.5500000e+02   2.4911065e+00
   8.5600000e+02   2.4862039e+00
   8.5700000e+02   2.4830339e+00
   8.5800000e+02   2.4815863e+00
   8.5900000e+02   2.4818280e+00
   8.6000000e+02   2.4836880e+00
   8.6100000e+02   2.4870420e+00
   8.6200000e+02   2.4917117e+00
   8.6300000e+02   2.4974781e+00
   8.6400000e+02   2.5040978e+00
   8.6500000e+02   2.5113195e+00
   8.6600000e+02   2.5188948e+00
   8.6700000e+02   2.5265839e+00
   8.6800000e+02   2.5341584e+00
   8.6900000e+02   2.5414015e+00
   8.7000000e+02   2.5481114e+00
   8.7100000e+02   2.5541082e+00
   8.7200000e+02   2.5592424e+00
   8.7300000e+02   2.5634009e+00
   8.7400000e+02   2.5665105e+00
   8.7500000e+02   2.5685376e+00
   8.7600000e+02   2.5694855e+00
   8.7700000e+02   2.5693909e+00
   8.7800000e+02   2.5683205e+00
   8.7900000e+02   2.5663679e+00
   8.8000000e+02   2.5636503e+00
   8.8100000e+02   2.5603055e+00
   8.8200000e+02   2.5564864e+00
   8.8300000e+02   2.5523557e+00
   8.8400000e+02   2.5480791e+00
   8.8500000e+02   2.5438191e+00
   8.8600000e+02   2.5397300e+00
   8.8700000e+02   2.5359529e+00
   8.8800000e+02   2.5326121e+00
   8.8900000e+02   2.5298125e+00
   8.9000000e+02   2.5276368e+00
   8.9100000e+02   2.5261437e+00
   8.9200000e+02   2.5253667e+00
   8.9300000e+02   2.5253136e+00
   8.9400000e+02   2.5259675e+00
   8.9500000e+02   2.5272879e+00
   8.9600000e+02   2.5292135e+00
   8.9700000e+02   2.5316649e+00
   8.9800000e+02   2.5345482e+00
   8.9900000e+02   2.5377583e+00
   9.0000000e+02   2.5411829e+00
   9.0100000e+02   2.5447063e+00
   9.0200000e+02   2.5482130e+00
   9.0300000e+02   2.5515921e+00
   9.0400000e+02   2.5547401e+00
   9.0500000e+02   2.5575648e+00
   9.0600000e+02   2.5599871e+00
   9.0700000e+02   2.5619438e+00
   9.0800000e+02   2.5633886e+00
   9.0900000e+02   2.5642933e+00
   9.1000000e+02   2.5646479e+00
   9.1100000e+02   2.5644600e+00
   9.1200000e+02   2.5637546e+00
   9.1300000e+02   2.5625720e+00
   9.1400000e+02   2.5609665e+00
   9.1500000e+02   2.5590038e+00
   9.1600000e+02   2.5567587e+00
   9.1700000e+02   2.5543122e+00
   9.1800000e+02   2.5517487e+00
   9.1900000e+02   2.5491533e+00
   9.2000000e+02   2.5466088e+00
   9.2100000e+02   2.5441934e+00
   9.2200000e+02   2.5419783e+00
   9.2300000e+02   2.5400255e+00
   9.2400000e+02   2.5383865e+00
   9.2500000e+02   2.5371005e+00
   9.2600000e+02   2.5361944e+00
   9.2700000e+02   2.5356814e+00
   9.2800000e+02   2.5355620e+00
   9.2900000e+02   2.5358240e+00
   9.3000000e+02   2.5364434e+00
   9.3100000e+02   2.5373857e+00
   9.3200000e+02   2.5386074e+00
   9.3300000e+02   2.5400577e+00
   9.3400000e+02   2.5416805e+00
   9.3500000e+02   2.5434163e+00
   9.3600000e+02   2.5452042e+00
   9.3700000e+02   2.5469840e+00
   9.3800000e+02   2.5486983e+00
   9.3900000e+02   2.5502937e+00
   9.4000000e+02   2.5517230e+00
   9.4100000e+02   2.5529460e+00
   9.4200000e+02   2.5539309e+00
   9.4300000e+02   2.5546546e+00
   9.4400000e+02   2.5551036e+00
   9.4500000e+02   2.5552735e+00
   9.4600000e+02   2.5551693e+00
   9.4700000e+02   2.5548048e+00
   9.4800000e+02   2.5542013e+00
   9.4900000e+02   2.5533874e+00
   9.5000000e+02   2.5523974e+00
   9.5100000e+02   2.5512697e+00
   9.5200000e+02   2.5500461e+00
   9.5300000e+02   2.5487696e+00
   9.5400000e+02   2.5474836e+00
   9.5500000e+02   2.5462301e+00
   9.5600000e+02   2.5450482e+00
   9.5700000e+02   2.5439737e+00
   9.5800000e+02   2.5430371e+00
   9.5900000e+02   2.5422638e+00
   9.6000000e+02   2.5416727e+00
   9.6100000e+02   2.5412760e+00
   9.6200000e+02   2.5410795e+00
   9.6300000e+02   2.5410821e+00
   9.6400000e+02   2.5412763e+00
   9.6500000e+02   2.5416490e+00
   9.6600000e+02   2.5421814e+00
   9.6700000e+02   2.5428505e+00
   9.6800000e+02   2.5436299e+00
   9.6900000e+02   2.5444902e+00
   9.7000000e+02   2.5454009e+00
   9.7100000e+02   2.5463308e+00
   9.7200000e+02   2.5472493e+00
   9.7300000e+02   2.5481273e+00
   9.7400000e+02   2.5489381e+00
   9.7500000e+02   2.5496582e+00
   9.7600000e+02   2.5502679e+00
   9.7700000e+02   2.5507516e+00
   9.7800000e+02   2.5510987e+00
   9.7900000e+02   2.5513031e+00
   9.8000000e+02   2.5513635e+00
   9.8100000e+02   2.5512836e+00
   9.8200000e+02   2.5510711e+00
   9.8300000e+02   2.5507380e+00
   9.8400000e+02   2.5502995e+00
   9.8500000e+02   2.5497737e+00
   9.8600000e+02   2.5491809e+00
   9.8700000e+02   2.5485426e+00
   9.8800000e+02   2.5478813e+00
   9.8900000e+02   2.5472190e+00
   9.9000000e+02   2.5465772e+00
   9.9100000e+02   2.5459757e+00
   9.9200000e+02   2.5454325e+00
   9.9300000e+02   2.5449627e+00
   9.9400000e+02   2.5445789e+00
   9.9500000e+02   2.5442901e+00
   9.9600000e+02   2.5441020e+00
   9.9700000e+02   2.5440170e+00
   9.9800000e+02   2.5440339e+00
   9.9900000e+02   2.5441482e+00
   1.0000000e+03   2.5443526e+00
   1.0010000e+03   2.5446372e+00
   1.0020000e+03   2.5449898e+00
   1.0030000e+03   2.5453963e+00
   1.0040000e+03   2.5458417e+00
   1.0050000e+03   2.5463102e+00
   1.0060000e+03   2.5467857e+00
   1.0070000e+03   2.5472527e+00
   1.0080000e+03   2.5476963e+00
   1.0090000e+03   2.5481033e+00
   1.0100000e+03   2.5484618e+00
   1.0110000e+03   2.5487621e+00
   1.0120000e+03   2.5489967e+00
   1.0130000e+03   2.5491605e+00
   1.0140000e+03   2.5492509e+00
   1.0150000e+03   2.5492677e+00
   1.0160000e+03   2.5492131e+00
   1.0170000e+03   2.5490916e+00
   1.0180000e+03   2.5489096e+00
   1.0190000e+03   2.5486752e+00
   1.0200000e+03   2.5483979e+00
   1.0210000e+03   2.5480884e+00
   1.0220000e+03   2.5477577e+00
   1.0230000e+03   2.5474174e+00
   1.0240000e+03   2.5470787e+00
   1.0250000e+03   2.5467525e+00
   1.0260000e+03   2.5464489e+00
   1.0270000e+03   2.5461768e+00
   1.0280000e+03   2.5459438e+00
   1.0290000e+03   2.5457558e+00
   1.0300000e+03   2.5456174e+00
   1.0310000e+03   2.5455310e+00
   1.0320000e+03   2.5454975e+00
   1.0330000e+03   2.5455161e+00
   1.0340000e+03   2.5455841e+00
   1.0350000e+03   2.5456974e+00
   1.0360000e+03   2.5458509e+00
   1.0370000e+03   2.5460379e+00
   1.0380000e+03   2.5462512e+00
   1.0390000e+03   2.5464829e+00
   1.0400000e+03   2.5467249e+00
   1.0410000e+03   2.5469690e+00
   1.0420000e+03   2.5472073e+00
   1.0430000e+03   2.5474322e+00
   1.0440000e+03   2.5476371e+00
   1.0450000e+03   2.5478161e+00
   1.0460000e+03   2.5479644e+00
   1.0470000e+03   2.5480783e+00
   1.0480000e+03   2.5481555e+00
   1.0490000e+03   2.5481950e+00
   1.0500000e+03   2.5481967e+00
   1.0510000e+03   2.5481622e+00
   1.0520000e+03   2.5480938e+00
   1.0530000e+03   2.5479951e+00
   1.0540000e+03   2.5478703e+00
   1.0550000e+03   2.5477246e+00
   1.0560000e+03   2.5475632e+00
   1.0570000e+03   2.5473922e+00
   1.0580000e+03   2.5472172e+00
   1.0590000e+03   2.5470442e+00
   1.0600000e+03   2.5468786e+00
   1.0610000e+03   2.5467254e+00
   1.0620000e+03   2.5465893e+00
   1.0630000e+03   2.5464737e+00
   1.0640000e+03   2.5463819e+00
   1.0650000e+03   2.5463157e+00
   1.0660000e+03   2.5462765e+00
   1.0670000e+03   2.5462643e+00
   1.0680000e+03   2.5462787e+00
   1.0690000e+03   2.5463181e+00
   1.0700000e+03   2.5463804e+00
   1.0710000e+03   2.5464626e+00
   1.0720000e+03   2.5465614e+00
   1.0730000e+03   2.5466729e+00
   1.0740000e+03   2.5467932e+00
   1.0750000e+03   2.5469179e+00
   1.0760000e+03   2.5470429e+00
   1.0770000e+03   2.5471642e+00
   1.0780000e+03   2.5472779e+00
   1.0790000e+03   2.5473808e+00
   1.0800000e+03   2.5474699e+00
   1.0810000e+03   2.5475428e+00
   1.0820000e+03   2.5475978e+00
   1.0830000e+03   2.5476338e+00
   1.0840000e+03   2.5476504e+00
   1.0850000e+03   2.5476477e+00
   1.0860000e+03   2.5476266e+00
   1.0870000e+03   2.5475885e+00
   1.0880000e+03   2.5475351e+00
   1.0890000e+03   2.5474688e+00
   1.0900000e+03   2.5473923e+00
   1.0910000e+03   2.5473083e+00
   1.0920000e+03   2.5472199e+00
   1.0930000e+03   2.5471300e+00
   1.0940000e+03   2.5470417e+00
   1.0950000e+03   2.5469577e+00
   1.0960000e+03   2.5468805e+00
   1.0970000e+03   2.5468125e+00
   1.0980000e+03   2.5467553e+00
   1.0990000e+03   2.5467106e+00
   1.1000000e+03   2.5466792e+00
   1.1010000e+03   2.5466616e+00
   1.1020000e+03   2.5466580e+00
   1.1030000e+03   2.5466678e+00
   1.1040000e+03   2.5466904e+00
   1.1050000e+03   2.5467243e+00
   1.1060000e+03   2.5467683e+00
   1.1070000e+03   2.5468204e+00
   1.1080000e+03   2.5468786e+00
   1.1090000e+03   2.5469409e+00
   1.1100000e+03   2.5470052e+00
   1.1110000e+03   2.5470691e+00
   1.1120000e+03   2.5471308e+00
   1.1130000e+03   2.5471883e+00
   1.1140000e+03   2.5472399e+00
   1.1150000e+03   2.5472841e+00
   1.1160000e+03   2.5473199e+00
   1.1170000e+03   2.5473463e+00
   1.1180000e+03   2.5473630e+00
   1.1190000e+03   2.5473696e+00
   1.1200000e+03   2.5473664e+00
   1.1210000e+03   2.5473539e+00
   1.1220000e+03   2.5473328e+00
   1.1230000e+03   2.5473040e+00
   1.1240000e+03   2.5472689e+00
   1.1250000e+03   2.5472288e+00
   1.1260000e+03   2.5471852e+00
   1.1270000e+03   2.5471395e+00
   1.1280000e+03   2.5470934e+00
   1.1290000e+03   2.5470484e+00
   1.1300000e+03   2.5470058e+00
   1.1310000e+03   2.5469670e+00
   1.1320000e+03   2.5469331e+00
   1.1330000e+03   2.5469049e+00
   1.1340000e+03   2.5468832e+00
   1.1350000e+03   2.5468684e+00
   1.1360000e+03   2.5468607e+00
   1.1370000e+03   2.5468602e+00
   1.1380000e+03   2.5468665e+00
   1.1390000e+03   2.5468792e+00
   1.1400000e+03   2.5468976e+00
   1.1410000e+03   2.5469211e+00
   1.1420000e+03   2.5469485e+00
   1.1430000e+03   2.5469788e+00
   1.1440000e+03   2.5470111e+00
   1.1450000e+03   2.5470441e+00
   1.1460000e+03   2.5470768e+00
   1.1470000e+03   2.5471081e+00
   1.1480000e+03   2.5471371e+00
   1.1490000e+03   2.5471630e+00
   1.1500000e+03   2.5471849e+00
   1.1510000e+03   2.5472024e+00
   1.1520000e+03   2.5472151e+00
   1.1530000e+03   2.5472226e+00
   1.1540000e+03   2.5472251e+00
   1.1550000e+03   2.5472225e+00
   1.1560000e+03   2.5472152e+00
   1.1570000e+03   2.5472036e+00
   1.1580000e+03   2.5471882e+00
   1.1590000e+03   2.5471697e+00
   1.1600000e+03   2.5471487e+00
   1.1610000e+03   2.5471260e+00
   1.1620000e+03   2.5471025e+00
   1.1630000e+03   2.5470789e+00
   1.1640000e+03   2.5470559e+00
   1.1650000e+03   2.5470344e+00
   1.1660000e+03   2.5470149e+00
   1.1670000e+03   2.5469980e+00
   1.1680000e+03   2.5469841e+00
   1.1690000e+03   2.5469736e+00
   1.1700000e+03   2.5469667e+00
   1.1710000e+03   2.5469635e+00
   1.1720000e+03   2.5469638e+00
   1.1730000e+03   2.5469677e+00
   1.1740000e+03   2.5469748e+00
   1.1750000e+03   2.5469848e+00
   1.1760000e+03   2.5469973e+00
   1.1770000e+03   2.5470117e+00
   1.1780000e+03   2.5470275e+00
   1.1790000e+03   2.5470441e+00
   1.1800000e+03   2.5470611e+00
   1.1810000e+03   2.5470778e+00
   1.1820000e+03   2.5470937e+00
   1.1830000e+03   2.5471083e+00
   1.1840000e+03   2.5471212e+00
   1.1850000e+03   2.5471321e+00
   1.1860000e+03   2.5471406e+00
   1.1870000e+03   2.5471466e+00
   1.1880000e+03   2.5471500e+00
   1.1890000e+03   2.5471508e+00
   1.1900000e+03   2.5471490e+00
   1.1910000e+03   2.5471448e+00
   1.1920000e+03   2.5471385e+00
   1.1930000e+03   2.5471302e+00
   1.1940000e+03   2.5471204e+00
   1.1950000e+03   2.5471095e+00
   1.1960000e+03   2.5470977e+00
   1.1970000e+03   2.5470856e+00
   1.1980000e+03   2.5470735e+00
   1.1990000e+03   2.5470619e+00
   1.2000000e+03   2.2970619e+00
   1.2010000e+03   2.5470619e+00
   1.2020000e+03   2.4722896e+00
   1.2030000e+03   2.3975190e+00
   1.2040000e+03   2.3227501e+00
   1.2050000e+03   2.2479831e+00
   1.2060000e+03   2.1732179e+00
   1.2070000e+03   2.0984546e+00
   1.2080000e+03   2.0236931e+00
   1.2090000e+03   1.9489332e+00
   1.2100000e+03   1.9038277e+00
   1.2110000e+03   1.8526436e+00
   1.2120000e+03   1.7813989e+00
   1.2130000e+03   1.7274979e+00
   1.2140000e+03   1.6890130e+00
   1.2150000e+03   1.6645153e+00
   1.2160000e+03   1.6529605e+00
   1.2170000e+03   1.6536006e+00
   1.2180000e+03   1.6659155e+00
   1.2190000e+03   1.6895592e+00
   1.2200000e+03   1.7208014e+00
   1.2210000e+03   1.7574545e+00
   1.2220000e+03   1.8030700e+00
   1.2230000e+03   1.8578386e+00
   1.2240000e+03   1.9181689e+00
   1.2250000e+03   1.9812632e+00
   1.2260000e+03   2.0448669e+00
   1.2270000e+03   2.1070878e+00
   1.2280000e+03   2.1662657e+00
   1.2290000e+03   2.2208808e+00
   1.2300000e+03   2.2699048e+00
   1.2310000e+03   2.3129167e+00
   1.2320000e+03   2.3491884e+00
   1.2330000e+03   2.3775107e+00
   1.2340000e+03   2.3970596e+00
   1.2350000e+03   2.4076619e+00
   1.2360000e+03   2.4095778e+00
   1.2370000e+03   2.4033662e+00
   1.2380000e+03   2.3898060e+00
   1.2390000e+03   2.3698545e+00
   1.2400000e+03   2.3445796e+00
   1.2410000e+03   2.3150492e+00
   1.2420000e+03   2.2823275e+00
   1.2430000e+03   2.2475890e+00
   1.2440000e+03   2.2121325e+00
   1.2450000e+03   2.1772690e+00
   1.2460000e+03   2.1442194e+00
   1.2470000e+03   2.1140603e+00
   1.2480000e+03   2.0876960e+00
   1.2490000e+03   2.0658428e+00
   1.2500000e+03   2.0490233e+00
   1.2510000e+03   2.0375774e+00
   1.2520000e+03   2.0316809e+00
   1.2530000e+03   2.0313452e+00
   1.2540000e+03   2.0364009e+00
   1.2550000e+03   2.0464924e+00
   1.2560000e+03   2.0610955e+00
   1.2570000e+03   2.0795472e+00
   1.2580000e+03   2.1010814e+00
   1.2590000e+03   2.1248629e+00
   1.2600000e+03   2.1500215e+00
   1.2610000e+03   2.1756813e+00
   1.2620000e+03   2.2009844e+00
   1.2630000e+03   2.2251122e+00
   1.2640000e+03   2.2473076e+00
   1.2650000e+03   2.2668997e+00
   1.2660000e+03   2.2833259e+00
   1.2670000e+03   2.2961492e+00
   1.2680000e+03   2.3050686e+00
   1.2690000e+03   2.3099229e+00
   1.2700000e+03   2.3106895e+00
   1.2710000e+03   2.3074777e+00
   1.2720000e+03   2.3005201e+00
   1.2730000e+03   2.2901601e+00
   1.2740000e+03   2.2768389e+00
   1.2750000e+03   2.2610782e+00
   1.2760000e+03   2.2434611e+00
   1.2770000e+03   2.2246106e+00
   1.2780000e+03   2.2051673e+00
   1.2790000e+03   2.1857676e+00
   1.2800000e+03   2.1670229e+00
   1.2810000e+03   2.1495010e+00
   1.2820000e+03   2.1337099e+00
   1.2830000e+03   2.1200840e+00
   1.2840000e+03   2.1089731e+00
   1.2850000e+03   2.1006340e+00
   1.2860000e+03   2.0952256e+00
   1.2870000e+03   2.0928070e+00
   1.2880000e+03   2.0933390e+00
   1.2890000e+03   2.0966898e+00
   1.2900000e+03   2.1026421e+00
   1.2910000e+03   2.1109036e+00
   1.2920000e+03   2.1211194e+00
   1.2930000e+03   2.1328857e+00
   1.2940000e+03   2.1457643e+00
   1.2950000e+03   2.1592981e+00
   1.2960000e+03   2.1730262e+00
   1.2970000e+03   2.1864993e+00
   1.2980000e+03   2.1992932e+00
   1.2990000e+03   2.2110221e+00
   1.3000000e+03   2.2213492e+00
   1.3010000e+03   2.2299957e+00
   1.3020000e+03   2.2367478e+00
   1.3030000e+03   2.2414606e+00
   1.3040000e+03   2.2440608e+00
   1.3050000e+03   2.2445457e+00
   1.3060000e+03   2.2429810e+00
   1.3070000e+03   2.2394961e+00
   1.3080000e+03   2.2342774e+00
   1.3090000e+03   2.2275602e+00
   1.3100000e+03   2.2196191e+00
   1.3110000e+03   2.2107579e+00
   1.3120000e+03   2.2012987e+00
   1.3130000e+03   2.1915703e+00
   1.3140000e+03   2.1818982e+00
   1.3150000e+03   2.1725934e+00
   1.3160000e+03   2.1639436e+00
   1.3170000e+03   2.1562043e+00
   1.3180000e+03   2.1495920e+00
   1.3190000e+03   2.1442787e+00
   1.3200000e+03   2.1403880e+00
   1.3210000e+03   2.1379927e+00
   1.3220000e+03   2.1371150e+00
   1.3230000e+03   2.1377267e+00
   1.3240000e+03   2.1397532e+00
   1.3250000e+03   2.1430764e+00
   1.3260000e+03   2.1475413e+00
   1.3270000e+03   2.1529615e+00
   1.3280000e+03   2.1591269e+00
   1.3290000e+03   2.1658113e+00
   1.3300000e+03   2.1727799e+00
   1.3310000e+03   2.1797978e+00
   1.3320000e+03   2.1866372e+00
   1.3330000e+03   2.1930846e+00
   1.3340000e+03   2.1989469e+00
   1.3350000e+03   2.2040575e+00
   1.3360000e+03   2.2082797e+00
   1.3370000e+03   2.2115111e+00
   1.3380000e+03   2.2136845e+00
   1.3390000e+03   2.2147699e+00
   1.3400000e+03   2.2147729e+00
   1.3410000e+03   2.2137340e+00
   1.3420000e+03   2.2117259e+00
   1.3430000e+03   2.2088496e+00
   1.3440000e+03   2.2052303e+00
   1.3450000e+03   2.2010123e+00
   1.3460000e+03   2.1963541e+00
   1.3470000e+03   2.1914221e+00
   1.3480000e+03   2.1863855e+00
   1.3490000e+03   2.1814103e+00
   1.3500000e+03   2.1766545e+00
   1.3510000e+03   2.1722629e+00
   1.3520000e+03   2.1683632e+00
   1.3530000e+03   2.1650625e+00
   1.3540000e+03   2.1624445e+00
   1.3550000e+03   2.1605678e+00
   1.3560000e+03   2.1594649e+00
   1.3570000e+03   2.1591421e+00
   1.3580000e+03   2.1595804e+00
   1.3590000e+03   2.1607369e+00
   1.3600000e+03   2.1625473e+00
   1.3610000e+03   2.1649285e+00
   1.3620000e+03   2.1677823e+00
   1.3630000e+03   2.1709988e+00
   1.3640000e+03   2.1744607e+00
   1.3650000e+03   2.1780471e+00
   1.3660000e+03   2.1816377e+00
   1.3670000e+03   2.1851164e+00
   1.3680000e+03   2.1883755e+00
   1.3690000e+03   2.1913180e+00
   1.3700000e+03   2.1938609e+00
   1.3710000e+03   2.1959374e+00
   1.3720000e+03   2.1974979e+00
   1.3730000e+03   2.1985116e+00
   1.3740000e+03   2.1989664e+00
   1.3750000e+03   2.1988684e+00
   1.3760000e+03   2.1982418e+00
   1.3770000e+03   2.1971265e+00
   1.3780000e+03   2.1955769e+00
   1.3790000e+03   2.1936592e+00
   1.3800000e+03   2.1914491e+00
   1.3810000e+03   2.1890288e+00
   1.3820000e+03   2.1864841e+00
   1.3830000e+03   2.1839019e+00
   1.3840000e+03   2.1813668e+00
   1.3850000e+03   2.1789586e+00
   1.3860000e+03   2.1767503e+00
   1.3870000e+03   2.1748055e+00
   1.3880000e+03   2.1731770e+00
   1.3890000e+03   2.1719054e+00
   1.3900000e+03   2.1710184e+00
   1.3910000e+03   2.1705299e+00
   1.3920000e+03   2.1704409e+00
   1.3930000e+03   2.1707392e+00
   1.3940000e+03   2.1714006e+00
   1.3950000e+03   2.1723902e+00
   1.3960000e+03   2.1736638e+00
   1.3970000e+03   2.1751695e+00
   1.3980000e+03   2.1768503e+00
   1.3990000e+03   2.1786453e+00
   1.4000000e+03   2.1804925e+00
   1.4010000e+03   2.1823303e+00
   1.4020000e+03   2.1840998e+00
   1.4030000e+03   2.1857467e+00
   1.4040000e+03   2.1872224e+00
   1.4050000e+03   2.1884858e+00
   1.4060000e+03   2.1895042e+00
   1.4070000e+03   2.1902539e+00
   1.4080000e+03   2.1907210e+00
   1.4090000e+03   2.1909010e+00
   1.4100000e+03   2.1907989e+00
   1.4110000e+03   2.1904285e+00
   1.4120000e+03   2.1898120e+00
   1.4130000e+03   2.1889784e+00
   1.4140000e+03   2.1879627e+00
   1.4150000e+03   2.1868046e+00
   1.4160000e+03   2.1855467e+00
   1.4170000e+03   2.1842333e+00
   1.4180000e+03   2.1829089e+00
   1.4190000e+03   2.1816164e+00
   1.4200000e+03   2.1803965e+00
   1.4210000e+03   2.1792856e+00
   1.4220000e+03   2.1783156e+00
   1.4230000e+03   2.1775122e+00
   1.4240000e+03   2.1768953e+00
   1.4250000e+03   2.1764776e+00
   1.4260000e+03   2.1762651e+00
   1.4270000e+03   2.1762570e+00
   1.4280000e+03   2.1764459e+00
   1.4290000e+03   2.1768181e+00
   1.4300000e+03   2.1773550e+00
   1.4310000e+03   2.1780329e+00
   1.4320000e+03   2.1788247e+00
   1.4330000e+03   2.1797006e+00
   1.4340000e+03   2.1806293e+00
   1.4350000e+03   2.1815787e+00
   1.4360000e+03   2.1825176e+00
   1.4370000e+03   2.1834160e+00
   1.4380000e+03   2.1842466e+00
   1.4390000e+03   2.1849850e+00
   1.4400000e+03   2.1856111e+00
   1.4410000e+03   2.1861087e+00
   1.4420000e+03   2.1864667e+00
   1.4430000e+03   2.1866789e+00
   1.4440000e+03   2.1867438e+00
   1.4450000e+03   2.1866648e+00
   1.4460000e+03   2.1864501e+00
   1.4470000e+03   2.1861115e+00
   1.4480000e+03   2.1856646e+00
   1.4490000e+03   2.1851280e+00
   1.4500000e+03   2.1845222e+00
   1.4510000e+03   2.1838694e+00
   1.4520000e+03   2.1831924e+00
   1.4530000e+03   2.1825140e+00
   1.4540000e+03   2.1818560e+00
   1.4550000e+03   2.1812390e+00
   1.4560000e+03   2.1806811e+00
   1.4570000e+03   2.1801983e+00
   1.4580000e+03   2.1798032e+00
   1.4590000e+03   2.1795052e+00
   1.4600000e+03   2.1793104e+00
   1.4610000e+03   2.1792212e+00
   1.4620000e+03   2.1792363e+00
   1.4630000e+03   2.1793515e+00
   1.4640000e+03   2.1795592e+00
   1.4650000e+03   2.1798494e+00
   1.4660000e+03   2.1802094e+00
   1.4670000e+03   2.1806251e+00
   1.4680000e+03   2.1810811e+00
   1.4690000e+03   2.1815610e+00
   1.4700000e+03   2.1820486e+00
   1.4710000e+03   2.1825278e+00
   1.4720000e+03   2.1829835e+00
   1.4730000e+03   2.1834019e+00
   1.4740000e+03   2.1837709e+00
   1.4750000e+03   2.1840805e+00
   1.4760000e+03   2.1843229e+00
   1.4770000e+03   2.1844929e+00
   1.4780000e+03   2.1845876e+00
   1.4790000e+03   2.1846069e+00
   1.4800000e+03   2.1845530e+00
   1.4810000e+03   2.1844303e+00
   1.4820000e+03   2.1842455e+00
   1.4830000e+03   2.1840067e+00
   1.4840000e+03   2.1837238e+00
   1.4850000e+03   2.1834075e+00
   1.4860000e+03   2.1830692e+00
   1.4870000e+03   2.1827207e+00
   1.4880000e+03   2.1823736e+00
   1.4890000e+03   2.1820390e+00
   1.4900000e+03   2.1817272e+00
   1.4910000e+03   2.1814475e+00
   1.4920000e+03   2.1812077e+00
   1.4930000e+03   2.1810139e+00
   1.4940000e+03   2.1808707e+00
   1.4950000e+03   2.1807808e+00
   1.4960000e+03   2.1807451e+00
   1.4970000e+03   2.1807627e+00
   1.4980000e+03   2.1808310e+00
   1.4990000e+03   2.1809460e+00
   1.5000000e+03   2.1811021e+00
   1.5010000e+03   2.1812929e+00
   1.5020000e+03   2.1815108e+00
   1.5030000e+03   2.1817477e+00
   1.5040000e+03   2.1819955e+00
   1.5050000e+03   2.1822456e+00
   1.5060000e+03   2.1824899e+00
   1.5070000e+03   2.1827207e+00
   1.5080000e+03   2.1829312e+00
   1.5090000e+03   2.1831152e+00
   1.5100000e+03   2.1832679e+00
   1.5110000e+03   2.1833856e+00
   1.5120000e+03   2.1834657e+00
   1.5130000e+03   2.1835070e+00
   1.5140000e+03   2.1835098e+00
   1.5150000e+03   2.1834753e+00
   1.5160000e+03   2.1834061e+00
   1.5170000e+03   2.1833057e+00
   1.5180000e+03   2.1831785e+00
   1.5190000e+03   2.1830296e+00
   1.5200000e+03   2.1828647e+00
   1.5210000e+03   2.1826896e+00
   1.5220000e+03   2.1825104e+00
   1.5230000e+03   2.1823330e+00
   1.5240000e+03   2.1821630e+00
   1.5250000e+03   2.1820057e+00
   1.5260000e+03   2.1818657e+00
   1.5270000e+03   2.1817468e+00
   1.5280000e+03   2.1816520e+00
   1.5290000e+03   2.1815835e+00
   1.5300000e+03   2.1815426e+00
   1.5310000e+03   2.1815295e+00
   1.5320000e+03   2.1815435e+00
   1.5330000e+03   2.1815832e+00
   1.5340000e+03   2.1816464e+00
   1.5350000e+03   2.1817302e+00
   1.5360000e+03   2.1818310e+00
   1.5370000e+03   2.1819450e+00
   1.5380000e+03   2.1820680e+00
   1.5390000e+03   2.1821957e+00
   1.5400000e+03   2.1823238e+00
   1.5410000e+03   2.1824482e+00
   1.5420000e+03   2.1825650e+00
   1.5430000e+03   2.1826708e+00
   1.5440000e+03   2.1827624e+00
   1.5450000e+03   2.1828376e+00
   1.5460000e+03   2.1828944e+00
   1.5470000e+03   2.1829318e+00
   1.5480000e+03   2.1829493e+00
   1.5490000e+03   2.1829471e+00
   1.5500000e+03   2.1829259e+00
   1.5510000e+03   2.1828873e+00
   1.5520000e+03   2.1828330e+00
   1.5530000e+03   2.1827654e+00
   1.5540000e+03   2.1826872e+00
   1.5550000e+03   2.1826013e+00
   1.5560000e+03   2.1825108e+00
   1.5570000e+03   2.1824188e+00
   1.5580000e+03   2.1823282e+00
   1.5590000e+03   2.1822420e+00
   1.5600000e+03   2.1821628e+00
   1.5610000e+03   2.1820928e+00
   1.5620000e+03   2.1820339e+00
   1.5630000e+03   2.1819877e+00
   1.5640000e+03   2.1819552e+00
   1.5650000e+03   2.1819369e+00
   1.5660000e+03   2.1819328e+00
   1.5670000e+03   2.1819425e+00
   1.5680000e+03   2.1819653e+00
   1.5690000e+03   2.1819998e+00
   1.5700000e+03   2.1820446e+00
   1.5710000e+03   2.1820977e+00
   1.5720000e+03   2.1821573e+00
   1.5730000e+03   2.1822210e+00
   1.5740000e+03   2.1822868e+00
   1.5750000e+03   2.1823524e+00
   1.5760000e+03   2.1824156e+00
   1.5770000e+03   2.1824747e+00
   1.5780000e+03   2.1825277e+00
   1.5790000e+03   2.1825732e+00
   1.5800000e+03   2.1826101e+00
   1.5810000e+03   2.1826375e+00
   1.5820000e+03   2.1826548e+00
   1.5830000e+03   2.1826618e+00
   1.5840000e+03   2.1826588e+00
   1.5850000e+03   2.1826462e+00
   1.5860000e+03   2.1826248e+00
   1.5870000e+03   2.1825955e+00
   1.5880000e+03   2.1825597e+00
   1.5890000e+03   2.1825187e+00
   1.5900000e+03   2.1824741e+00
   1.5910000e+03   2.1824274e+00
   1.5920000e+03   2.1823802e+00
   1.5930000e+03   2.1823340e+00
   1.5940000e+03   2.1822903e+00
   1.5950000e+03   2.1822504e+00
   1.5960000e+03   2.1822155e+00
   1.5970000e+03   2.1821865e+00
   1.5980000e+03   2.1821640e+00
   1.5990000e+03   2.1821487e+00
   1.6000000e+03   2.1821406e+00
