   1.0000000e+00   8.0000000e-01
   2.0000000e+00   8.0000000e-01
   3.0000000e+00   8.0000000e-01
   4.0000000e+00   8.0000000e-01
   5.0000000e+00   8.0000000e-01
   6.0000000e+00   8.0000000e-01
   7.0000000e+00   8.0000000e-01
   8.0000000e+00   8.0000000e-01
   9.0000000e+00   8.0000000e-01
   1.0000000e+01   8.0000000e-01
   1.1000000e+01   8.0000000e-01
   1.2000000e+01   8.0000000e-01
   1.3000000e+01   8.0000000e-01
   1.4000000e+01   8.0000000e-01
   1.5000000e+01   8.0000000e-01
   1.6000000e+01   8.0000000e-01
   1.7000000e+01   8.0000000e-01
   1.8000000e+01   8.0000000e-01
   1.9000000e+01   8.0000000e-01
   2.0000000e+01   8.0000000e-01
   2.1000000e+01   8.0000000e-01
   2.2000000e+01   8.0249192e-01
   2.3000000e+01   8.0827902e-01
   2.4000000e+01   8.1603111e-01
   2.5000000e+01   8.2570953e-01
   2.6000000e+01   8.3717022e-01
   2.7000000e+01   8.5000507e-01
   2.8000000e+01   8.6371905e-01
   2.9000000e+01   8.7793592e-01
   3.0000000e+01   8.9237151e-01
   3.1000000e+01   9.0681295e-01
   3.2000000e+01   9.2109798e-01
   3.3000000e+01   9.3496140e-01
   3.4000000e+01   9.4817451e-01
   3.5000000e+01   9.6061892e-01
   3.6000000e+01   9.7215093e-01
   3.7000000e+01   9.8265144e-01
   3.8000000e+01   9.9206557e-01
   3.9000000e+01   1.0003948e+00
   4.0000000e+01   1.0076720e+00
   4.1000000e+01   1.0139447e+00
   4.2000000e+01   1.0192655e+00
   4.3000000e+01   1.0237034e+00
   4.4000000e+01   1.0273534e+00
   4.5000000e+01   1.0303216e+00
   4.6000000e+01   1.0327193e+00
   4.7000000e+01   1.0346670e+00
   4.8000000e+01   1.0362868e+00
   4.9000000e+01   1.0376924e+00
   5.0000000e+01   1.0389837e+00
   5.1000000e+01   1.0402456e+00
   5.2000000e+01   1.0415501e+00
   5.3000000e+01   1.0429565e+00
   5.4000000e+01   1.0445093e+00
   5.5000000e+01   1.0462366e+00
   5.6000000e+01   1.0481503e+00
   5.7000000e+01   1.0502460e+00
   5.8000000e+01   1.0525038e+00
   5.9000000e+01   1.0548895e+00
   6.0000000e+01   1.0573584e+00
   6.1000000e+01   1.0598580e+00
   6.2000000e+01   1.0623310e+00
   6.3000000e+01   1.0647173e+00
   6.4000000e+01   1.0669563e+00
   6.5000000e+01   1.0689889e+00
   6.6000000e+01   1.0707601e+00
   6.7000000e+01   1.0722209e+00
   6.8000000e+01   1.0733306e+00
   6.9000000e+01   1.0740584e+00
   7.0000000e+01   1.0743845e+00
   7.1000000e+01   1.0743005e+00
   7.2000000e+01   1.0738099e+00
   7.3000000e+01   1.0729274e+00
   7.4000000e+01   1.0716781e+00
   7.5000000e+01   1.0700972e+00
   7.6000000e+01   1.0682287e+00
   7.7000000e+01   1.0661234e+00
   7.8000000e+01   1.0638382e+00
   7.9000000e+01   1.0614335e+00
   8.0000000e+01   1.0589713e+00
   8.1000000e+01   1.0565137e+00
   8.2000000e+01   1.0541205e+00
   8.3000000e+01   1.0518479e+00
   8.4000000e+01   1.0497467e+00
   8.5000000e+01   1.0478609e+00
   8.6000000e+01   1.0462271e+00
   8.7000000e+01   1.0448729e+00
   8.8000000e+01   1.0438171e+00
   8.9000000e+01   1.0430688e+00
   9.0000000e+01   1.0426280e+00
   9.1000000e+01   1.0424857e+00
   9.2000000e+01   1.0426244e+00
   9.3000000e+01   1.0430193e+00
   9.4000000e+01   1.0436391e+00
   9.5000000e+01   1.0444474e+00
   9.6000000e+01   1.0454038e+00
   9.7000000e+01   1.0464657e+00
   9.8000000e+01   1.0475893e+00
   9.9000000e+01   1.0487313e+00
   1.0000000e+02   1.0498500e+00
   1.0100000e+02   1.0509067e+00
   1.0200000e+02   1.0518670e+00
   1.0300000e+02   1.0527011e+00
   1.0400000e+02   1.0533853e+00
   1.0500000e+02   1.0539017e+00
   1.0600000e+02   1.0542393e+00
   1.0700000e+02   1.0543934e+00
   1.0800000e+02   1.0543658e+00
   1.0900000e+02   1.0541644e+00
   1.1000000e+02   1.0538029e+00
   1.1100000e+02   1.0532995e+00
   1.1200000e+02   1.0526769e+00
   1.1300000e+02   1.0519605e+00
   1.1400000e+02   1.0511783e+00
   1.1500000e+02   1.0503594e+00
   1.1600000e+02   1.0495330e+00
   1.1700000e+02   1.0487275e+00
   1.1800000e+02   1.0479698e+00
   1.1900000e+02   1.0472839e+00
   1.2000000e+02   1.0466910e+00
   1.2100000e+02   1.0462082e+00
   1.2200000e+02   1.0458487e+00
   1.2300000e+02   1.0456208e+00
   1.2400000e+02   1.0455286e+00
   1.2500000e+02   1.0455713e+00
   1.2600000e+02   1.0457439e+00
   1.2700000e+02   1.0460374e+00
   1.2800000e+02   1.0464390e+00
   1.2900000e+02   1.0469330e+00
   1.3000000e+02   1.0475010e+00
   1.3100000e+02   1.0481231e+00
   1.3200000e+02   1.0487781e+00
   1.3300000e+02   1.0494446e+00
   1.3400000e+02   1.0501016e+00
   1.3500000e+02   1.0507290e+00
   1.3600000e+02   1.0513084e+00
   1.3700000e+02   1.0518234e+00
   1.3800000e+02   1.0522606e+00
   1.3900000e+02   1.0526092e+00
   1.4000000e+02   1.0528617e+00
   1.4100000e+02   1.0530140e+00
   1.4200000e+02   1.0530653e+00
   1.4300000e+02   1.0530179e+00
   1.4400000e+02   1.0528773e+00
   1.4500000e+02   1.0526517e+00
   1.4600000e+02   1.0523517e+00
   1.4700000e+02   1.0519898e+00
   1.4800000e+02   1.0515802e+00
   1.4900000e+02   1.0511377e+00
   1.5000000e+02   1.0506780e+00
   1.5100000e+02   1.0502165e+00
   1.5200000e+02   1.0497680e+00
   1.5300000e+02   1.0493464e+00
   1.5400000e+02   1.0489643e+00
   1.5500000e+02   1.0486324e+00
   1.5600000e+02   1.0483593e+00
   1.5700000e+02   1.0481516e+00
   1.5800000e+02   1.0480135e+00
   1.5900000e+02   1.0479465e+00
   1.6000000e+02   1.0479500e+00
   1.6100000e+02   1.0480212e+00
   1.6200000e+02   1.0481551e+00
   1.6300000e+02   1.0483449e+00
   1.6400000e+02   1.0485823e+00
   1.6500000e+02   1.0488576e+00
   1.6600000e+02   1.0491605e+00
   1.6700000e+02   1.0494800e+00
   1.6800000e+02   1.0498052e+00
   1.6900000e+02   1.0501251e+00
   1.7000000e+02   1.0504297e+00
   1.7100000e+02   1.0507095e+00
   1.7200000e+02   1.0509564e+00
   1.7300000e+02   1.0511635e+00
   1.7400000e+02   1.0513257e+00
   1.7500000e+02   1.0514393e+00
   1.7600000e+02   1.0515024e+00
   1.7700000e+02   1.0515149e+00
   1.7800000e+02   1.0514781e+00
   1.7900000e+02   1.0513950e+00
   1.8000000e+02   1.0512701e+00
   1.8100000e+02   1.0511089e+00
   1.8200000e+02   1.0509179e+00
   1.8300000e+02   1.0507043e+00
   1.8400000e+02   1.0504760e+00
   1.8500000e+02   1.0502407e+00
   1.8600000e+02   1.0500063e+00
   1.8700000e+02   1.0497803e+00
   1.8800000e+02   1.0495696e+00
   1.8900000e+02   1.0493806e+00
   1.9000000e+02   1.0492184e+00
   1.9100000e+02   1.0490872e+00
   1.9200000e+02   1.0489902e+00
   1.9300000e+02   1.0489292e+00
   1.9400000e+02   1.0489047e+00
   1.9500000e+02   1.0489163e+00
   1.9600000e+02   1.0489622e+00
   1.9700000e+02   1.0490396e+00
   1.9800000e+02   1.0491448e+00
   1.9900000e+02   1.0492735e+00
   2.0000000e+02   1.0494206e+00
   2.0100000e+02   1.0495807e+00
   2.0200000e+02   1.0497481e+00
   2.0300000e+02   1.0499172e+00
   2.0400000e+02   1.0500825e+00
   2.0500000e+02   1.0502389e+00
   2.0600000e+02   1.0503815e+00
   2.0700000e+02   1.0505064e+00
   2.0800000e+02   1.0506102e+00
   2.0900000e+02   1.0506904e+00
   2.1000000e+02   1.0507452e+00
   2.1100000e+02   1.0507739e+00
   2.1200000e+02   1.0507765e+00
   2.1300000e+02   1.0507539e+00
   2.1400000e+02   1.0507079e+00
   2.1500000e+02   1.0506408e+00
   2.1600000e+02   1.0505555e+00
   2.1700000e+02   1.0504554e+00
   2.1800000e+02   1.0503445e+00
   2.1900000e+02   1.0502266e+00
   2.2000000e+02   1.0501059e+00
   2.2100000e+02   1.0499862e+00
   2.2200000e+02   1.0498715e+00
   2.2300000e+02   1.0497653e+00
   2.2400000e+02   1.0496706e+00
   2.2500000e+02   1.0495902e+00
   2.2600000e+02   1.0495259e+00
   2.2700000e+02   1.0494794e+00
   2.2800000e+02   1.0494514e+00
   2.2900000e+02   1.0494422e+00
   2.3000000e+02   1.0494513e+00
   2.3100000e+02   1.0494778e+00
   2.3200000e+02   1.0495201e+00
   2.3300000e+02   1.0495763e+00
   2.3400000e+02   1.0496441e+00
   2.3500000e+02   1.0497208e+00
   2.3600000e+02   1.0498037e+00
   2.3700000e+02   1.0498897e+00
   2.3800000e+02   1.0499762e+00
   2.3900000e+02   1.0500601e+00
   2.4000000e+02   1.0501390e+00
   2.4100000e+02   1.0502104e+00
   2.4200000e+02   1.0502724e+00
   2.4300000e+02   1.0503233e+00
   2.4400000e+02   1.0503619e+00
   2.4500000e+02   1.0503873e+00
   2.4600000e+02   1.0503994e+00
   2.4700000e+02   1.0503981e+00
   2.4800000e+02   1.0503840e+00
   2.4900000e+02   1.0503581e+00
   2.5000000e+02   1.0503217e+00
   2.5100000e+02   1.0502762e+00
   2.5200000e+02   1.0502236e+00
   2.5300000e+02   1.0501657e+00
   2.5400000e+02   1.0501047e+00
   2.5500000e+02   1.0500426e+00
   2.5600000e+02   1.0499815e+00
   2.5700000e+02   1.0499232e+00
   2.5800000e+02   1.0498696e+00
   2.5900000e+02   1.0498223e+00
   2.6000000e+02   1.0497824e+00
   2.6100000e+02   1.0497511e+00
   2.6200000e+02   1.0497289e+00
   2.6300000e+02   1.0497164e+00
   2.6400000e+02   1.0497134e+00
   2.6500000e+02   1.0497198e+00
   2.6600000e+02   1.0497350e+00
   2.6700000e+02   1.0497581e+00
   2.6800000e+02   1.0497882e+00
   2.6900000e+02   1.0498240e+00
   2.7000000e+02   1.0498641e+00
   2.7100000e+02   1.0499070e+00
   2.7200000e+02   1.0499514e+00
   2.7300000e+02   1.0499956e+00
   2.7400000e+02   1.0500383e+00
   2.7500000e+02   1.0500782e+00
   2.7600000e+02   1.0501141e+00
   2.7700000e+02   1.0501449e+00
   2.7800000e+02   1.0501699e+00
   2.7900000e+02   1.0501885e+00
   2.8000000e+02   1.0502003e+00
   2.8100000e+02   1.0502052e+00
   2.8200000e+02   1.0502033e+00
   2.8300000e+02   1.0501949e+00
   2.8400000e+02   1.0501806e+00
   2.8500000e+02   1.0501610e+00
   2.8600000e+02   1.0501369e+00
   2.8700000e+02   1.0501093e+00
   2.8800000e+02   1.0500792e+00
   2.8900000e+02   1.0500477e+00
   2.9000000e+02   1.0500159e+00
   2.9100000e+02   1.0499847e+00
   2.9200000e+02   1.0499552e+00
   2.9300000e+02   1.0499283e+00
   2.9400000e+02   1.0499046e+00
   2.9500000e+02   1.0498850e+00
   2.9600000e+02   1.0498697e+00
   2.9700000e+02   1.0498593e+00
   2.9800000e+02   1.0498538e+00
   2.9900000e+02   1.0498532e+00
   3.0000000e+02   1.0498573e+00
   3.0100000e+02   1.0498659e+00
   3.0200000e+02   1.0498785e+00
   3.0300000e+02   1.0498945e+00
   3.0400000e+02   1.0499134e+00
   3.0500000e+02   1.0499343e+00
   3.0600000e+02   1.0499565e+00
   3.0700000e+02   1.0499794e+00
   3.0800000e+02   1.0500020e+00
   3.0900000e+02   1.0500237e+00
   3.1000000e+02   1.0500438e+00
   3.1100000e+02   1.0500618e+00
   3.1200000e+02   1.0500771e+00
   3.1300000e+02   1.0500893e+00
   3.1400000e+02   1.0500982e+00
   3.1500000e+02   1.0501036e+00
   3.1600000e+02   1.0501054e+00
   3.1700000e+02   1.0501038e+00
   3.1800000e+02   1.0500989e+00
   3.1900000e+02   1.0500910e+00
   3.2000000e+02   1.0500805e+00
   3.2100000e+02   1.0500678e+00
   3.2200000e+02   1.0500533e+00
   3.2300000e+02   1.0500377e+00
   3.2400000e+02   1.0500215e+00
   3.2500000e+02   1.0500051e+00
   3.2600000e+02   1.0499893e+00
   3.2700000e+02   1.0499743e+00
   3.2800000e+02   1.0499608e+00
   3.2900000e+02   1.0499490e+00
   3.3000000e+02   1.0499393e+00
   3.3100000e+02   1.0499319e+00
   3.3200000e+02   1.0499271e+00
   3.3300000e+02   1.0499247e+00
   3.3400000e+02   1.0499248e+00
   3.3500000e+02   1.0499274e+00
   3.3600000e+02   1.0499322e+00
   3.3700000e+02   1.0499391e+00
   3.3800000e+02   1.0499476e+00
   3.3900000e+02   1.0499575e+00
   3.4000000e+02   1.0499684e+00
   3.4100000e+02   1.0499799e+00
   3.4200000e+02   1.0499916e+00
   3.4300000e+02   1.0500031e+00
   3.4400000e+02   1.0500142e+00
   3.4500000e+02   1.0500243e+00
   3.4600000e+02   1.0500333e+00
   3.4700000e+02   1.0500409e+00
   3.4800000e+02   1.0500468e+00
   3.4900000e+02   1.0500511e+00
   3.5000000e+02   1.0500535e+00
   3.5100000e+02   1.0500541e+00
   3.5200000e+02   1.0500530e+00
   3.5300000e+02   1.0500501e+00
   3.5400000e+02   1.0500458e+00
   3.5500000e+02   1.0500402e+00
   3.5600000e+02   1.0500335e+00
   3.5700000e+02   1.0500259e+00
   3.5800000e+02   1.0500178e+00
   3.5900000e+02   1.0500094e+00
   3.6000000e+02   1.0500011e+00
   3.6100000e+02   1.0499930e+00
   3.6200000e+02   1.0499855e+00
   3.6300000e+02   1.0499787e+00
   3.6400000e+02   1.0499728e+00
   3.6500000e+02   1.0499680e+00
   3.6600000e+02   1.0499645e+00
   3.6700000e+02   1.0499622e+00
   3.6800000e+02   1.0499613e+00
   3.6900000e+02   1.0499616e+00
   3.7000000e+02   1.0499631e+00
   3.7100000e+02   1.0499658e+00
   3.7200000e+02   1.0499695e+00
   3.7300000e+02   1.0499740e+00
   3.7400000e+02   1.0499792e+00
   3.7500000e+02   1.0499848e+00
   3.7600000e+02   1.0499908e+00
   3.7700000e+02   1.0499968e+00
   3.7800000e+02   1.0500027e+00
   3.7900000e+02   1.0500083e+00
   3.8000000e+02   1.0500134e+00
   3.8100000e+02   1.0500179e+00
   3.8200000e+02   1.0500216e+00
   3.8300000e+02   1.0500245e+00
   3.8400000e+02   1.0500265e+00
   3.8500000e+02   1.0500276e+00
   3.8600000e+02   1.0500277e+00
   3.8700000e+02   1.0500270e+00
   3.8800000e+02   1.0500254e+00
   3.8900000e+02   1.0500230e+00
   3.9000000e+02   1.0500200e+00
   3.9100000e+02   1.0500165e+00
   3.9200000e+02   1.0500125e+00
   3.9300000e+02   1.0500083e+00
   3.9400000e+02   1.0500040e+00
   3.9500000e+02   1.0499998e+00
   3.9600000e+02   1.0499957e+00
   3.9700000e+02   1.0499918e+00
   3.9800000e+02   1.0499884e+00
   3.9900000e+02   1.0499855e+00
   4.0000000e+02   1.0499832e+00
   4.0100000e+02   1.0499815e+00
   4.0200000e+02   1.0499805e+00
   4.0300000e+02   1.0499801e+00
   4.0400000e+02   1.0499804e+00
   4.0500000e+02   1.0499813e+00
   4.0600000e+02   1.0499828e+00
   4.0700000e+02   1.0499847e+00
   4.0800000e+02   1.0499871e+00
   4.0900000e+02   1.0499898e+00
   4.1000000e+02   1.0492141e+00
   4.1100000e+02   1.0479440e+00
   4.1200000e+02   1.0467351e+00
   4.1300000e+02   1.0450300e+00
   4.1400000e+02   1.0424211e+00
   4.1500000e+02   1.0386163e+00
   4.1600000e+02   1.0334121e+00
   4.1700000e+02   1.0266730e+00
   4.1800000e+02   1.0183149e+00
   4.1900000e+02   1.0082933e+00
   4.2000000e+02   9.9668559e-01
   4.2100000e+02   9.8363078e-01
   4.2200000e+02   9.6917488e-01
   4.2300000e+02   9.5338329e-01
   4.2400000e+02   9.3643816e-01
   4.2500000e+02   9.1859428e-01
   4.2600000e+02   9.0014873e-01
   4.2700000e+02   8.8142036e-01
   4.2800000e+02   8.6273624e-01
   4.2900000e+02   8.4442299e-01
   4.3000000e+02   8.2679045e-01
   4.3100000e+02   8.1011522e-01
   4.3200000e+02   7.9465030e-01
   4.3300000e+02   7.8063629e-01
   4.3400000e+02   7.6828716e-01
   4.3500000e+02   7.5777213e-01
   4.3600000e+02   7.4920743e-01
   4.3700000e+02   7.4265388e-01
   4.3800000e+02   7.3811773e-01
   4.3900000e+02   7.3555323e-01
   4.4000000e+02   7.3486700e-01
   4.4100000e+02   7.3592520e-01
   4.4200000e+02   7.3856000e-01
   4.4300000e+02   7.4257289e-01
   4.4400000e+02   7.4773785e-01
   4.4500000e+02   7.5380799e-01
   4.4600000e+02   7.6052433e-01
   4.4700000e+02   7.6762495e-01
   4.4800000e+02   7.7485374e-01
   4.4900000e+02   7.8196803e-01
   4.5000000e+02   7.8874531e-01
   4.5100000e+02   7.9498848e-01
   4.5200000e+02   8.0052960e-01
   4.5300000e+02   8.0523296e-01
   4.5400000e+02   8.0899773e-01
   4.5500000e+02   8.1175987e-01
   4.5600000e+02   8.1349274e-01
   4.5700000e+02   8.1420626e-01
   4.5800000e+02   8.1394468e-01
   4.5900000e+02   8.1278320e-01
   4.6000000e+02   8.1082379e-01
   4.6100000e+02   8.0819036e-01
   4.6200000e+02   8.0502361e-01
   4.6300000e+02   8.0147582e-01
   4.6400000e+02   7.9770537e-01
   4.6500000e+02   7.9387138e-01
   4.6600000e+02   7.9012828e-01
   4.6700000e+02   7.8662080e-01
   4.6800000e+02   7.8347944e-01
   4.6900000e+02   7.8081664e-01
   4.7000000e+02   7.7872378e-01
   4.7100000e+02   7.7726901e-01
   4.7200000e+02   7.7649595e-01
   4.7300000e+02   7.7642324e-01
   4.7400000e+02   7.7704486e-01
   4.7500000e+02   7.7833119e-01
   4.7600000e+02   7.8023089e-01
   4.7700000e+02   7.8267333e-01
   4.7800000e+02   7.8557167e-01
   4.7900000e+02   7.8882631e-01
   4.8000000e+02   7.9232868e-01
   4.8100000e+02   7.9596512e-01
   4.8200000e+02   7.9962079e-01
   4.8300000e+02   8.0318351e-01
   4.8400000e+02   8.0654729e-01
   4.8500000e+02   8.0961558e-01
   4.8600000e+02   8.1230409e-01
   4.8700000e+02   8.1454317e-01
   4.8800000e+02   8.1627951e-01
   4.8900000e+02   8.1747735e-01
   4.9000000e+02   8.1811904e-01
   4.9100000e+02   8.1820500e-01
   4.9200000e+02   8.1775302e-01
   4.9300000e+02   8.1679717e-01
   4.9400000e+02   8.1538609e-01
   4.9500000e+02   8.1358095e-01
   4.9600000e+02   8.1145304e-01
   4.9700000e+02   8.0908118e-01
   4.9800000e+02   8.0654888e-01
   4.9900000e+02   8.0394158e-01
   5.0000000e+02   8.0134379e-01
   5.0100000e+02   7.9883647e-01
   5.0200000e+02   7.9649457e-01
   5.0300000e+02   7.9438489e-01
   5.0400000e+02   7.9256423e-01
   5.0500000e+02   7.9107797e-01
   5.0600000e+02   7.8995906e-01
   5.0700000e+02   7.8922742e-01
   5.0800000e+02   7.8888983e-01
   5.0900000e+02   7.8894020e-01
   5.1000000e+02   7.8936024e-01
   5.1100000e+02   7.9012055e-01
   5.1200000e+02   7.9118199e-01
   5.1300000e+02   7.9249727e-01
   5.1400000e+02   7.9401284e-01
   5.1500000e+02   7.9567080e-01
   5.1600000e+02   7.9741098e-01
   5.1700000e+02   7.9917291e-01
   5.1800000e+02   8.0089781e-01
   5.1900000e+02   8.0253043e-01
   5.2000000e+02   8.0402067e-01
   5.2100000e+02   8.0532500e-01
   5.2200000e+02   8.0640763e-01
   5.2300000e+02   8.0724133e-01
   5.2400000e+02   8.0780804e-01
   5.2500000e+02   8.0809904e-01
   5.2600000e+02   8.0811492e-01
   5.2700000e+02   8.0786518e-01
   5.2800000e+02   8.0736760e-01
   5.2900000e+02   8.0664733e-01
   5.3000000e+02   8.0573581e-01
   5.3100000e+02   8.0466953e-01
   5.3200000e+02   8.0348862e-01
   5.3300000e+02   8.0223546e-01
   5.3400000e+02   8.0095319e-01
   5.3500000e+02   7.9968430e-01
   5.3600000e+02   7.9846928e-01
   5.3700000e+02   7.9734539e-01
   5.3800000e+02   7.9634557e-01
   5.3900000e+02   7.9549754e-01
   5.4000000e+02   7.9482309e-01
   5.4100000e+02   7.9433763e-01
   5.4200000e+02   7.9404988e-01
   5.4300000e+02   7.9396188e-01
   5.4400000e+02   7.9406917e-01
   5.4500000e+02   7.9436113e-01
   5.4600000e+02   7.9482162e-01
   5.4700000e+02   7.9542965e-01
   5.4800000e+02   7.9616027e-01
   5.4900000e+02   7.9698551e-01
   5.5000000e+02   7.9787540e-01
   5.5100000e+02   7.9879900e-01
   5.5200000e+02   7.9972543e-01
   5.5300000e+02   8.0062489e-01
   5.5400000e+02   8.0146954e-01
   5.5500000e+02   8.0223436e-01
   5.5600000e+02   8.0289783e-01
   5.5700000e+02   8.0344249e-01
   5.5800000e+02   8.0385536e-01
   5.5900000e+02   8.0412820e-01
   5.6000000e+02   8.0425755e-01
   5.6100000e+02   8.0424473e-01
   5.6200000e+02   8.0409557e-01
   5.6300000e+02   8.0382006e-01
   5.6400000e+02   8.0343189e-01
   5.6500000e+02   8.0294786e-01
   5.6600000e+02   8.0238720e-01
   5.6700000e+02   8.0177092e-01
   5.6800000e+02   8.0112099e-01
   5.6900000e+02   8.0045964e-01
   5.7000000e+02   7.9980865e-01
   5.7100000e+02   7.9918861e-01
   5.7200000e+02   7.9861836e-01
   5.7300000e+02   7.9811441e-01
   5.7400000e+02   7.9769052e-01
   5.7500000e+02   7.9735732e-01
   5.7600000e+02   7.9712216e-01
   5.7700000e+02   7.9698892e-01
   5.7800000e+02   7.9695805e-01
   5.7900000e+02   7.9702668e-01
   5.8000000e+02   7.9718887e-01
   5.8100000e+02   7.9743584e-01
   5.8200000e+02   7.9775644e-01
   5.8300000e+02   7.9813755e-01
   5.8400000e+02   7.9856461e-01
   5.8500000e+02   7.9902209e-01
   5.8600000e+02   7.9949410e-01
   5.8700000e+02   7.9996487e-01
   5.8800000e+02   8.0041925e-01
   5.8900000e+02   8.0084320e-01
   5.9000000e+02   8.0122418e-01
   5.9100000e+02   8.0155151e-01
   5.9200000e+02   8.0181665e-01
   5.9300000e+02   8.0201337e-01
   5.9400000e+02   8.0213790e-01
   5.9500000e+02   8.0218892e-01
   5.9600000e+02   8.0216754e-01
   5.9700000e+02   8.0207716e-01
   5.9800000e+02   8.0192327e-01
   5.9900000e+02   8.0171321e-01
   6.0000000e+02   8.0145586e-01
   6.0100000e+02   8.0116128e-01
   6.0200000e+02   8.0084035e-01
   6.0300000e+02   8.0050441e-01
   6.0400000e+02   8.0016484e-01
   6.0500000e+02   7.9983271e-01
   6.0600000e+02   7.9951845e-01
   6.0700000e+02   7.9923151e-01
   6.0800000e+02   7.9898010e-01
   6.0900000e+02   7.9877100e-01
   6.1000000e+02   7.9860934e-01
   6.1100000e+02   7.9849856e-01
   6.1200000e+02   7.9844031e-01
   6.1300000e+02   7.9843449e-01
   6.1400000e+02   7.9847931e-01
   6.1500000e+02   7.9857144e-01
   6.1600000e+02   7.9870612e-01
   6.1700000e+02   7.9887741e-01
   6.1800000e+02   7.9907842e-01
   6.1900000e+02   7.9930155e-01
   6.2000000e+02   7.9953878e-01
   6.2100000e+02   7.9978193e-01
   6.2200000e+02   8.0002294e-01
   6.2300000e+02   8.0025414e-01
   6.2400000e+02   8.0046843e-01
   6.2500000e+02   8.0065956e-01
   6.2600000e+02   8.0082222e-01
   6.2700000e+02   8.0095225e-01
   6.2800000e+02   8.0104668e-01
   6.2900000e+02   8.0110382e-01
   6.3000000e+02   8.0112322e-01
   6.3100000e+02   8.0110568e-01
   6.3200000e+02   8.0105315e-01
   6.3300000e+02   8.0096864e-01
   6.3400000e+02   8.0085608e-01
   6.3500000e+02   8.0072015e-01
   6.3600000e+02   8.0056611e-01
   6.3700000e+02   8.0039962e-01
   6.3800000e+02   8.0022649e-01
   6.3900000e+02   8.0005257e-01
   6.4000000e+02   7.9988349e-01
   6.4100000e+02   7.9972452e-01
   6.4200000e+02   7.9958039e-01
   6.4300000e+02   7.9945521e-01
   6.4400000e+02   7.9935229e-01
   6.4500000e+02   7.9927412e-01
   6.4600000e+02   7.9922228e-01
   6.4700000e+02   7.9919745e-01
   6.4800000e+02   7.9919943e-01
   6.4900000e+02   7.9922713e-01
   6.5000000e+02   7.9927870e-01
   6.5100000e+02   7.9935159e-01
   6.5200000e+02   7.9944263e-01
   6.5300000e+02   7.9954822e-01
   6.5400000e+02   7.9966440e-01
   6.5500000e+02   7.9978703e-01
   6.5600000e+02   7.9991192e-01
   6.5700000e+02   8.0003496e-01
   6.5800000e+02   8.0015225e-01
   6.5900000e+02   8.0026022e-01
   6.6000000e+02   8.0035575e-01
   6.6100000e+02   8.0043623e-01
   6.6200000e+02   8.0049962e-01
   6.6300000e+02   8.0054453e-01
   6.6400000e+02   8.0057021e-01
   6.6500000e+02   8.0057654e-01
   6.6600000e+02   8.0056405e-01
   6.6700000e+02   8.0053386e-01
   6.6800000e+02   8.0048760e-01
   6.6900000e+02   8.0042736e-01
   6.7000000e+02   8.0035561e-01
   6.7100000e+02   8.0027510e-01
   6.7200000e+02   8.0018875e-01
   6.7300000e+02   8.0009957e-01
   6.7400000e+02   8.0001052e-01
   6.7500000e+02   7.9992449e-01
   6.7600000e+02   7.9984412e-01
   6.7700000e+02   7.9977180e-01
   6.7800000e+02   7.9970956e-01
   6.7900000e+02   7.9965901e-01
   6.8000000e+02   7.9962136e-01
   6.8100000e+02   7.9959732e-01
   6.8200000e+02   7.9958717e-01
   6.8300000e+02   7.9959070e-01
   6.8400000e+02   7.9960729e-01
   6.8500000e+02   7.9963592e-01
   6.8600000e+02   7.9967520e-01
   6.8700000e+02   7.9972348e-01
   6.8800000e+02   7.9977885e-01
   6.8900000e+02   7.9983927e-01
   6.9000000e+02   7.9990260e-01
   6.9100000e+02   7.9996669e-01
   6.9200000e+02   8.0002944e-01
   6.9300000e+02   8.0008888e-01
   6.9400000e+02   8.0014323e-01
   6.9500000e+02   8.0019092e-01
   6.9600000e+02   8.0023066e-01
   6.9700000e+02   8.0026147e-01
   6.9800000e+02   8.0028270e-01
   6.9900000e+02   8.0029401e-01
   7.0000000e+02   8.0029543e-01
   7.0100000e+02   8.0028727e-01
   7.0200000e+02   8.0027016e-01
   7.0300000e+02   8.0024499e-01
   7.0400000e+02   8.0021286e-01
   7.0500000e+02   8.0017508e-01
   7.0600000e+02   8.0013308e-01
   7.0700000e+02   8.0008837e-01
   7.0800000e+02   8.0004249e-01
   7.0900000e+02   7.9999697e-01
   7.1000000e+02   7.9995325e-01
   7.1100000e+02   7.9991268e-01
   7.1200000e+02   7.9987646e-01
   7.1300000e+02   7.9984557e-01
   7.1400000e+02   7.9982083e-01
   7.1500000e+02   7.9980279e-01
   7.1600000e+02   7.9979178e-01
   7.1700000e+02   7.9978790e-01
   7.1800000e+02   7.9979100e-01
   7.1900000e+02   7.9980072e-01
   7.2000000e+02   7.9981649e-01
   7.2100000e+02   7.9983759e-01
   7.2200000e+02   7.9986313e-01
   7.2300000e+02   7.9989212e-01
   7.2400000e+02   7.9992350e-01
   7.2500000e+02   7.9995616e-01
   7.2600000e+02   7.9998901e-01
   7.2700000e+02   8.0002098e-01
   7.2800000e+02   8.0005107e-01
   7.2900000e+02   8.0007839e-01
   7.3000000e+02   8.0010215e-01
   7.3100000e+02   8.0012172e-01
   7.3200000e+02   8.0013664e-01
   7.3300000e+02   8.0014659e-01
   7.3400000e+02   8.0015144e-01
   7.3500000e+02   8.0015123e-01
   7.3600000e+02   8.0014616e-01
   7.3700000e+02   8.0013656e-01
   7.3800000e+02   8.0012292e-01
   7.3900000e+02   8.0010584e-01
   7.4000000e+02   8.0008598e-01
   7.4100000e+02   8.0006410e-01
   7.4200000e+02   8.0004098e-01
   7.4300000e+02   8.0001740e-01
   7.4400000e+02   7.9999415e-01
   7.4500000e+02   7.9997197e-01
   7.4600000e+02   7.9995152e-01
   7.4700000e+02   7.9993340e-01
   7.4800000e+02   7.9991811e-01
   7.4900000e+02   7.9990603e-01
   7.5000000e+02   7.9989744e-01
   7.5100000e+02   7.9989247e-01
   7.5200000e+02   7.9989116e-01
   7.5300000e+02   7.9989340e-01
   7.5400000e+02   7.9989900e-01
   7.5500000e+02   7.9990764e-01
   7.5600000e+02   7.9991893e-01
   7.5700000e+02   7.9993241e-01
   7.5800000e+02   7.9994756e-01
   7.5900000e+02   7.9996384e-01
   7.6000000e+02   7.9998066e-01
   7.6100000e+02   7.9999748e-01
   7.6200000e+02   8.0001375e-01
   7.6300000e+02   8.0002896e-01
   7.6400000e+02   8.0004267e-01
   7.6500000e+02   8.0005448e-01
   7.6600000e+02   8.0006410e-01
   7.6700000e+02   8.0007129e-01
   7.6800000e+02   8.0007591e-01
   7.6900000e+02   8.0007791e-01
   7.7000000e+02   8.0007733e-01
   7.7100000e+02   8.0007427e-01
   7.7200000e+02   8.0006894e-01
   7.7300000e+02   8.0006158e-01
   7.7400000e+02   8.0005252e-01
   7.7500000e+02   8.0004210e-01
   7.7600000e+02   8.0003072e-01
   7.7700000e+02   8.0001878e-01
   7.7800000e+02   8.0000668e-01
   7.7900000e+02   7.9999482e-01
   7.8000000e+02   7.9998357e-01
   7.8100000e+02   7.9997327e-01
   7.8200000e+02   7.9996423e-01
   7.8300000e+02   7.9995667e-01
   7.8400000e+02   7.9995080e-01
   7.8500000e+02   7.9994673e-01
   7.8600000e+02   7.9994454e-01
   7.8700000e+02   7.9994421e-01
   7.8800000e+02   7.9994569e-01
   7.8900000e+02   7.9994887e-01
   7.9000000e+02   7.9995358e-01
   7.9100000e+02   7.9995960e-01
   7.9200000e+02   7.9996670e-01
   7.9300000e+02   7.9997461e-01
   7.9400000e+02   7.9998304e-01
   7.9500000e+02   7.9999170e-01
   7.9600000e+02   8.0000030e-01
   7.9700000e+02   8.0000857e-01
   7.9800000e+02   8.0001625e-01
   7.9900000e+02   8.0002312e-01
   8.0000000e+02   8.0002898e-01
   8.0100000e+02   8.0003369e-01
   8.0200000e+02   8.0003714e-01
   8.0300000e+02   8.0003926e-01
   8.0400000e+02   8.0004004e-01
   8.0500000e+02   8.0003949e-01
   8.0600000e+02   8.0003770e-01
   8.0700000e+02   8.0003475e-01
   8.0800000e+02   8.0003080e-01
   8.0900000e+02   8.0002600e-01
   8.1000000e+02   8.0079931e-01
   8.1100000e+02   8.0206657e-01
   8.1200000e+02   8.0333078e-01
   8.1300000e+02   8.0524454e-01
   8.1400000e+02   8.0828432e-01
   8.1500000e+02   8.1279095e-01
   8.1600000e+02   8.1900110e-01
   8.1700000e+02   8.2707169e-01
   8.1800000e+02   8.3709886e-01
   8.1900000e+02   8.4883008e-01
   8.2000000e+02   8.6173918e-01
   8.2100000e+02   8.7538121e-01
   8.2200000e+02   8.8941859e-01
   8.2300000e+02   9.0359697e-01
   8.2400000e+02   9.1772640e-01
   8.2500000e+02   9.3166668e-01
   8.2600000e+02   9.4531601e-01
   8.2700000e+02   9.5859784e-01
   8.2800000e+02   9.7140161e-01
   8.2900000e+02   9.8358509e-01
   8.3000000e+02   9.9505295e-01
   8.3100000e+02   1.0057757e+00
   8.3200000e+02   1.0157656e+00
   8.3300000e+02   1.0250567e+00
   8.3400000e+02   1.0336913e+00
   8.3500000e+02   1.0417121e+00
   8.3600000e+02   1.0491575e+00
   8.3700000e+02   1.0560599e+00
   8.3800000e+02   1.0624518e+00
   8.3900000e+02   1.0683772e+00
   8.4000000e+02   1.0738914e+00
   8.4100000e+02   1.0790502e+00
   8.4200000e+02   1.0839006e+00
   8.4300000e+02   1.0884777e+00
   8.4400000e+02   1.0928047e+00
   8.4500000e+02   1.0968950e+00
   8.4600000e+02   1.1007552e+00
   8.4700000e+02   1.1043877e+00
   8.4800000e+02   1.1077923e+00
   8.4900000e+02   1.1109661e+00
   8.5000000e+02   1.1139008e+00
   8.5100000e+02   1.1165827e+00
   8.5200000e+02   1.1189939e+00
   8.5300000e+02   1.1211149e+00
   8.5400000e+02   1.1229276e+00
   8.5500000e+02   1.1244165e+00
   8.5600000e+02   1.1255705e+00
   8.5700000e+02   1.1263833e+00
   8.5800000e+02   1.1268528e+00
   8.5900000e+02   1.1269817e+00
   8.6000000e+02   1.1267776e+00
   8.6100000e+02   1.1262532e+00
   8.6200000e+02   1.1254273e+00
   8.6300000e+02   1.1243246e+00
   8.6400000e+02   1.1229751e+00
   8.6500000e+02   1.1214134e+00
   8.6600000e+02   1.1196774e+00
   8.6700000e+02   1.1178075e+00
   8.6800000e+02   1.1158450e+00
   8.6900000e+02   1.1138319e+00
   8.7000000e+02   1.1118096e+00
   8.7100000e+02   1.1098180e+00
   8.7200000e+02   1.1078947e+00
   8.7300000e+02   1.1060739e+00
   8.7400000e+02   1.1043857e+00
   8.7500000e+02   1.1028551e+00
   8.7600000e+02   1.1015018e+00
   8.7700000e+02   1.1003397e+00
   8.7800000e+02   1.0993772e+00
   8.7900000e+02   1.0986168e+00
   8.8000000e+02   1.0980557e+00
   8.8100000e+02   1.0976859e+00
   8.8200000e+02   1.0974948e+00
   8.8300000e+02   1.0974654e+00
   8.8400000e+02   1.0975777e+00
   8.8500000e+02   1.0978087e+00
   8.8600000e+02   1.0981338e+00
   8.8700000e+02   1.0985276e+00
   8.8800000e+02   1.0989643e+00
   8.8900000e+02   1.0994191e+00
   8.9000000e+02   1.0998683e+00
   8.9100000e+02   1.1002904e+00
   8.9200000e+02   1.1006666e+00
   8.9300000e+02   1.1009811e+00
   8.9400000e+02   1.1012215e+00
   8.9500000e+02   1.1013790e+00
   8.9600000e+02   1.1014488e+00
   8.9700000e+02   1.1014295e+00
   8.9800000e+02   1.1013233e+00
   8.9900000e+02   1.1011358e+00
   9.0000000e+02   1.1008754e+00
   9.0100000e+02   1.1005531e+00
   9.0200000e+02   1.1001817e+00
   9.0300000e+02   1.0997757e+00
   9.0400000e+02   1.0993503e+00
   9.0500000e+02   1.0989210e+00
   9.0600000e+02   1.0985033e+00
   9.0700000e+02   1.0981117e+00
   9.0800000e+02   1.0977596e+00
   9.0900000e+02   1.0974587e+00
   9.1000000e+02   1.0972186e+00
   9.1100000e+02   1.0970469e+00
   9.1200000e+02   1.0969486e+00
   9.1300000e+02   1.0969260e+00
   9.1400000e+02   1.0969792e+00
   9.1500000e+02   1.0971056e+00
   9.1600000e+02   1.0973003e+00
   9.1700000e+02   1.0975565e+00
   9.1800000e+02   1.0978655e+00
   9.1900000e+02   1.0982171e+00
   9.2000000e+02   1.0986002e+00
   9.2100000e+02   1.0990028e+00
   9.2200000e+02   1.0994128e+00
   9.2300000e+02   1.0998182e+00
   9.2400000e+02   1.1002075e+00
   9.2500000e+02   1.1005699e+00
   9.2600000e+02   1.1008961e+00
   9.2700000e+02   1.1011779e+00
   9.2800000e+02   1.1014088e+00
   9.2900000e+02   1.1015843e+00
   9.3000000e+02   1.1017017e+00
   9.3100000e+02   1.1017599e+00
   9.3200000e+02   1.1017600e+00
   9.3300000e+02   1.1017047e+00
   9.3400000e+02   1.1015984e+00
   9.3500000e+02   1.1014468e+00
   9.3600000e+02   1.1012569e+00
   9.3700000e+02   1.1010364e+00
   9.3800000e+02   1.1007939e+00
   9.3900000e+02   1.1005382e+00
   9.4000000e+02   1.1002781e+00
   9.4100000e+02   1.1000223e+00
   9.4200000e+02   1.0997789e+00
   9.4300000e+02   1.0995552e+00
   9.4400000e+02   1.0993578e+00
   9.4500000e+02   1.0991919e+00
   9.4600000e+02   1.0990616e+00
   9.4700000e+02   1.0989697e+00
   9.4800000e+02   1.0989176e+00
   9.4900000e+02   1.0989053e+00
   9.5000000e+02   1.0989316e+00
   9.5100000e+02   1.0989941e+00
   9.5200000e+02   1.0990891e+00
   9.5300000e+02   1.0992123e+00
   9.5400000e+02   1.0993586e+00
   9.5500000e+02   1.0995220e+00
   9.5600000e+02   1.0996966e+00
   9.5700000e+02   1.0998761e+00
   9.5800000e+02   1.1000544e+00
   9.5900000e+02   1.1002257e+00
   9.6000000e+02   1.1003845e+00
   9.6100000e+02   1.1005261e+00
   9.6200000e+02   1.1006464e+00
   9.6300000e+02   1.1007422e+00
   9.6400000e+02   1.1008112e+00
   9.6500000e+02   1.1008521e+00
   9.6600000e+02   1.1008644e+00
   9.6700000e+02   1.1008489e+00
   9.6800000e+02   1.1008069e+00
   9.6900000e+02   1.1007407e+00
   9.7000000e+02   1.1006533e+00
   9.7100000e+02   1.1005482e+00
   9.7200000e+02   1.1004294e+00
   9.7300000e+02   1.1003011e+00
   9.7400000e+02   1.1001680e+00
   9.7500000e+02   1.1000343e+00
   9.7600000e+02   1.0999043e+00
   9.7700000e+02   1.0997821e+00
   9.7800000e+02   1.0996714e+00
   9.7900000e+02   1.0995751e+00
   9.8000000e+02   1.0994959e+00
   9.8100000e+02   1.0994357e+00
   9.8200000e+02   1.0993956e+00
   9.8300000e+02   1.0993763e+00
   9.8400000e+02   1.0993775e+00
   9.8500000e+02   1.0993984e+00
   9.8600000e+02   1.0994377e+00
   9.8700000e+02   1.0994933e+00
   9.8800000e+02   1.0995629e+00
   9.8900000e+02   1.0996437e+00
   9.9000000e+02   1.0997328e+00
   9.9100000e+02   1.0998268e+00
   9.9200000e+02   1.0999227e+00
   9.9300000e+02   1.1000172e+00
   9.9400000e+02   1.1001075e+00
   9.9500000e+02   1.1001907e+00
   9.9600000e+02   1.1002644e+00
   9.9700000e+02   1.1003267e+00
   9.9800000e+02   1.1003760e+00
   9.9900000e+02   1.1004112e+00
   1.0000000e+03   1.1004316e+00
   1.0010000e+03   1.1004373e+00
   1.0020000e+03   1.1004286e+00
   1.0030000e+03   1.1004063e+00
   1.0040000e+03   1.1003717e+00
   1.0050000e+03   1.1003263e+00
   1.0060000e+03   1.1002721e+00
   1.0070000e+03   1.1002111e+00
   1.0080000e+03   1.1001455e+00
   1.0090000e+03   1.1000777e+00
   1.0100000e+03   1.1000099e+00
   1.0110000e+03   1.0999443e+00
   1.0120000e+03   1.0998830e+00
   1.0130000e+03   1.0998277e+00
   1.0140000e+03   1.0997801e+00
   1.0150000e+03   1.0997414e+00
   1.0160000e+03   1.0997124e+00
   1.0170000e+03   1.0996938e+00
   1.0180000e+03   1.0996858e+00
   1.0190000e+03   1.0996883e+00
   1.0200000e+03   1.0997007e+00
   1.0210000e+03   1.0997223e+00
   1.0220000e+03   1.0997521e+00
   1.0230000e+03   1.0997887e+00
   1.0240000e+03   1.0998308e+00
   1.0250000e+03   1.0998769e+00
   1.0260000e+03   1.0999251e+00
   1.0270000e+03   1.0999740e+00
   1.0280000e+03   1.1000219e+00
   1.0290000e+03   1.1000674e+00
   1.0300000e+03   1.1001089e+00
   1.0310000e+03   1.1001455e+00
   1.0320000e+03   1.1001759e+00
   1.0330000e+03   1.1001996e+00
   1.0340000e+03   1.1002160e+00
   1.0350000e+03   1.1002248e+00
   1.0360000e+03   1.1002261e+00
   1.0370000e+03   1.1002200e+00
   1.0380000e+03   1.1002071e+00
   1.0390000e+03   1.1001880e+00
   1.0400000e+03   1.1001636e+00
   1.0410000e+03   1.1001348e+00
   1.0420000e+03   1.1001028e+00
   1.0430000e+03   1.1000687e+00
   1.0440000e+03   1.1000336e+00
   1.0450000e+03   1.0999988e+00
   1.0460000e+03   1.0999654e+00
   1.0470000e+03   1.0999343e+00
   1.0480000e+03   1.0999065e+00
   1.0490000e+03   1.0998828e+00
   1.0500000e+03   1.0998637e+00
   1.0510000e+03   1.0998498e+00
   1.0520000e+03   1.0998412e+00
   1.0530000e+03   1.0998381e+00
   1.0540000e+03   1.0998403e+00
   1.0550000e+03   1.0998476e+00
   1.0560000e+03   1.0998595e+00
   1.0570000e+03   1.0998755e+00
   1.0580000e+03   1.0998949e+00
   1.0590000e+03   1.0999169e+00
   1.0600000e+03   1.0999408e+00
   1.0610000e+03   1.0999657e+00
   1.0620000e+03   1.0999908e+00
   1.0630000e+03   1.1000153e+00
   1.0640000e+03   1.1000383e+00
   1.0650000e+03   1.1000592e+00
   1.0660000e+03   1.1000774e+00
   1.0670000e+03   1.1000925e+00
   1.0680000e+03   1.1001039e+00
   1.0690000e+03   1.1001117e+00
   1.0700000e+03   1.1001155e+00
   1.0710000e+03   1.1001154e+00
   1.0720000e+03   1.1001117e+00
   1.0730000e+03   1.1001044e+00
   1.0740000e+03   1.1000941e+00
   1.0750000e+03   1.1000811e+00
   1.0760000e+03   1.1000660e+00
   1.0770000e+03   1.1000494e+00
   1.0780000e+03   1.1000318e+00
   1.0790000e+03   1.1000138e+00
   1.0800000e+03   1.0999960e+00
   1.0810000e+03   1.0999790e+00
   1.0820000e+03   1.0999634e+00
   1.0830000e+03   1.0999495e+00
   1.0840000e+03   1.0999378e+00
   1.0850000e+03   1.0999285e+00
   1.0860000e+03   1.0999219e+00
   1.0870000e+03   1.0999180e+00
   1.0880000e+03   1.0999169e+00
   1.0890000e+03   1.0999185e+00
   1.0900000e+03   1.0999227e+00
   1.0910000e+03   1.0999293e+00
   1.0920000e+03   1.0999378e+00
   1.0930000e+03   1.0999481e+00
   1.0940000e+03   1.0999596e+00
   1.0950000e+03   1.0999720e+00
   1.0960000e+03   1.0999849e+00
   1.0970000e+03   1.0999977e+00
   1.0980000e+03   1.1000101e+00
   1.0990000e+03   1.1000218e+00
   1.1000000e+03   1.1000323e+00
   1.1010000e+03   1.1000414e+00
   1.1020000e+03   1.1000487e+00
   1.1030000e+03   1.1000543e+00
   1.1040000e+03   1.1000579e+00
   1.1050000e+03   1.1000595e+00
   1.1060000e+03   1.1000591e+00
   1.1070000e+03   1.1000568e+00
   1.1080000e+03   1.1000528e+00
   1.1090000e+03   1.1000472e+00
   1.1100000e+03   1.1000403e+00
   1.1110000e+03   1.1000324e+00
   1.1120000e+03   1.1000237e+00
   1.1130000e+03   1.1000146e+00
   1.1140000e+03   1.1000054e+00
   1.1150000e+03   1.0999963e+00
   1.1160000e+03   1.0999877e+00
   1.1170000e+03   1.0999798e+00
   1.1180000e+03   1.0999729e+00
   1.1190000e+03   1.0999671e+00
   1.1200000e+03   1.0999626e+00
   1.1210000e+03   1.0999594e+00
   1.1220000e+03   1.0999577e+00
   1.1230000e+03   1.0999574e+00
   1.1240000e+03   1.0999585e+00
   1.1250000e+03   1.0999609e+00
   1.1260000e+03   1.0999644e+00
   1.1270000e+03   1.0999690e+00
   1.1280000e+03   1.0999744e+00
   1.1290000e+03   1.0999804e+00
   1.1300000e+03   1.0999869e+00
   1.1310000e+03   1.0999935e+00
   1.1320000e+03   1.1000000e+00
   1.1330000e+03   1.1000064e+00
   1.1340000e+03   1.1000122e+00
   1.1350000e+03   1.1000175e+00
   1.1360000e+03   1.1000220e+00
   1.1370000e+03   1.1000256e+00
   1.1380000e+03   1.1000283e+00
   1.1390000e+03   1.1000299e+00
   1.1400000e+03   1.1000306e+00
   1.1410000e+03   1.1000302e+00
   1.1420000e+03   1.1000288e+00
   1.1430000e+03   1.1000266e+00
   1.1440000e+03   1.1000236e+00
   1.1450000e+03   1.1000200e+00
   1.1460000e+03   1.1000158e+00
   1.1470000e+03   1.1000113e+00
   1.1480000e+03   1.1000066e+00
   1.1490000e+03   1.1000019e+00
   1.1500000e+03   1.0999973e+00
   1.1510000e+03   1.0999929e+00
   1.1520000e+03   1.0999889e+00
   1.1530000e+03   1.0999855e+00
   1.1540000e+03   1.0999826e+00
   1.1550000e+03   1.0999804e+00
   1.1560000e+03   1.0999789e+00
   1.1570000e+03   1.0999782e+00
   1.1580000e+03   1.0999782e+00
   1.1590000e+03   1.0999789e+00
   1.1600000e+03   1.0999802e+00
   1.1610000e+03   1.0999822e+00
   1.1620000e+03   1.0999846e+00
   1.1630000e+03   1.0999874e+00
   1.1640000e+03   1.0999906e+00
   1.1650000e+03   1.0999939e+00
   1.1660000e+03   1.0999973e+00
   1.1670000e+03   1.1000006e+00
   1.1680000e+03   1.1000038e+00
   1.1690000e+03   1.1000068e+00
   1.1700000e+03   1.1000094e+00
   1.1710000e+03   1.1000117e+00
   1.1720000e+03   1.1000134e+00
   1.1730000e+03   1.1000147e+00
   1.1740000e+03   1.1000155e+00
   1.1750000e+03   1.1000157e+00
   1.1760000e+03   1.1000154e+00
   1.1770000e+03   1.1000146e+00
   1.1780000e+03   1.1000134e+00
   1.1790000e+03   1.1000118e+00
   1.1800000e+03   1.1000099e+00
   1.1810000e+03   1.1000077e+00
   1.1820000e+03   1.1000054e+00
   1.1830000e+03   1.1000029e+00
   1.1840000e+03   1.1000005e+00
   1.1850000e+03   1.0999982e+00
   1.1860000e+03   1.0999960e+00
   1.1870000e+03   1.0999940e+00
   1.1880000e+03   1.0999922e+00
   1.1890000e+03   1.0999908e+00
   1.1900000e+03   1.0999898e+00
   1.1910000e+03   1.0999891e+00
   1.1920000e+03   1.0999888e+00
   1.1930000e+03   1.0999888e+00
   1.1940000e+03   1.0999893e+00
   1.1950000e+03   1.0999900e+00
   1.1960000e+03   1.0999911e+00
   1.1970000e+03   1.0999923e+00
   1.1980000e+03   1.0999938e+00
   1.1990000e+03   1.0999955e+00
   1.2000000e+03   1.0999972e+00
   1.2010000e+03   1.0999989e+00
   1.2020000e+03   1.1000006e+00
   1.2030000e+03   1.1000023e+00
   1.2040000e+03   1.1000038e+00
   1.2050000e+03   1.1000051e+00
   1.2060000e+03   1.1000062e+00
   1.2070000e+03   1.1000070e+00
   1.2080000e+03   1.1000076e+00
   1.2090000e+03   1.1000080e+00
   1.2100000e+03   1.0992294e+00
   1.2110000e+03   1.0979562e+00
   1.2120000e+03   1.0968021e+00
   1.2130000e+03   1.0953052e+00
   1.2140000e+03   1.0931267e+00
   1.2150000e+03   1.0900234e+00
   1.2160000e+03   1.0858248e+00
   1.2170000e+03   1.0804167e+00
   1.2180000e+03   1.0737274e+00
   1.2190000e+03   1.0657179e+00
   1.2200000e+03   1.0564657e+00
   1.2210000e+03   1.0461064e+00
   1.2220000e+03   1.0346730e+00
   1.2230000e+03   1.0221987e+00
   1.2240000e+03   1.0088166e+00
   1.2250000e+03   9.9472201e-01
   1.2260000e+03   9.8014697e-01
   1.2270000e+03   9.6534317e-01
   1.2280000e+03   9.5057024e-01
   1.2290000e+03   9.3608838e-01
   1.2300000e+03   9.2214280e-01
   1.2310000e+03   9.0894762e-01
   1.2320000e+03   8.9669653e-01
   1.2330000e+03   8.8557655e-01
   1.2340000e+03   8.7575713e-01
   1.2350000e+03   8.6737401e-01
   1.2360000e+03   8.6052159e-01
   1.2370000e+03   8.5525036e-01
   1.2380000e+03   8.5156724e-01
   1.2390000e+03   8.4943740e-01
   1.2400000e+03   8.4878794e-01
   1.2410000e+03   8.4951435e-01
   1.2420000e+03   8.5148639e-01
   1.2430000e+03   8.5455033e-01
   1.2440000e+03   8.5853073e-01
   1.2450000e+03   8.6323513e-01
   1.2460000e+03   8.6846083e-01
   1.2470000e+03   8.7400223e-01
   1.2480000e+03   8.7965780e-01
   1.2490000e+03   8.8523638e-01
   1.2500000e+03   8.9056262e-01
   1.2510000e+03   8.9548106e-01
   1.2520000e+03   8.9985902e-01
   1.2530000e+03   9.0358879e-01
   1.2540000e+03   9.0658964e-01
   1.2550000e+03   9.0880950e-01
   1.2560000e+03   9.1022556e-01
   1.2570000e+03   9.1084374e-01
   1.2580000e+03   9.1069701e-01
   1.2590000e+03   9.0984283e-01
   1.2600000e+03   9.0835982e-01
   1.2610000e+03   9.0634395e-01
   1.2620000e+03   9.0390450e-01
   1.2630000e+03   9.0115999e-01
   1.2640000e+03   8.9823399e-01
   1.2650000e+03   8.9525087e-01
   1.2660000e+03   8.9233164e-01
   1.2670000e+03   8.8958997e-01
   1.2680000e+03   8.8712859e-01
   1.2690000e+03   8.8503625e-01
   1.2700000e+03   8.8338534e-01
   1.2710000e+03   8.8223014e-01
   1.2720000e+03   8.8160583e-01
   1.2730000e+03   8.8152802e-01
   1.2740000e+03   8.8199307e-01
   1.2750000e+03   8.8297882e-01
   1.2760000e+03   8.8444604e-01
   1.2770000e+03   8.8634031e-01
   1.2780000e+03   8.8859438e-01
   1.2790000e+03   8.9113086e-01
   1.2800000e+03   8.9386518e-01
   1.2810000e+03   8.9670864e-01
   1.2820000e+03   8.9957147e-01
   1.2830000e+03   9.0236577e-01
   1.2840000e+03   9.0500840e-01
   1.2850000e+03   9.0742342e-01
   1.2860000e+03   9.0954440e-01
   1.2870000e+03   9.1131623e-01
   1.2880000e+03   9.1269653e-01
   1.2890000e+03   9.1365662e-01
   1.2900000e+03   9.1418196e-01
   1.2910000e+03   9.1427213e-01
   1.2920000e+03   9.1394036e-01
   1.2930000e+03   9.1321266e-01
   1.2940000e+03   9.1212650e-01
   1.2950000e+03   9.1072925e-01
   1.2960000e+03   9.0907630e-01
   1.2970000e+03   9.0722903e-01
   1.2980000e+03   9.0525264e-01
   1.2990000e+03   9.0321391e-01
   1.3000000e+03   9.0117905e-01
   1.3010000e+03   8.9921157e-01
   1.3020000e+03   8.9737042e-01
   1.3030000e+03   8.9570820e-01
   1.3040000e+03   8.9426982e-01
   1.3050000e+03   8.9309127e-01
   1.3060000e+03   8.9219887e-01
   1.3070000e+03   8.9160877e-01
   1.3080000e+03   8.9132683e-01
   1.3090000e+03   8.9134883e-01
   1.3100000e+03   8.9166099e-01
   1.3110000e+03   8.9224075e-01
   1.3120000e+03   8.9305789e-01
   1.3130000e+03   8.9407576e-01
   1.3140000e+03   8.9525270e-01
   1.3150000e+03   8.9654358e-01
   1.3160000e+03   8.9790141e-01
   1.3170000e+03   8.9927887e-01
   1.3180000e+03   9.0062990e-01
   1.3190000e+03   9.0191108e-01
   1.3200000e+03   9.0308300e-01
   1.3210000e+03   9.0411132e-01
   1.3220000e+03   9.0496767e-01
   1.3230000e+03   9.0563041e-01
   1.3240000e+03   9.0608499e-01
   1.3250000e+03   9.0632421e-01
   1.3260000e+03   9.0634812e-01
   1.3270000e+03   9.0616378e-01
   1.3280000e+03   9.0578476e-01
   1.3290000e+03   9.0523041e-01
   1.3300000e+03   9.0452509e-01
   1.3310000e+03   9.0369714e-01
   1.3320000e+03   9.0277780e-01
   1.3330000e+03   9.0180014e-01
   1.3340000e+03   9.0079789e-01
   1.3350000e+03   8.9980434e-01
   1.3360000e+03   8.9885125e-01
   1.3370000e+03   8.9796792e-01
   1.3380000e+03   8.9718030e-01
   1.3390000e+03   8.9651031e-01
   1.3400000e+03   8.9597526e-01
   1.3410000e+03   8.9558746e-01
   1.3420000e+03   8.9535403e-01
   1.3430000e+03   8.9527685e-01
   1.3440000e+03   8.9535269e-01
   1.3450000e+03   8.9557350e-01
   1.3460000e+03   8.9592689e-01
   1.3470000e+03   8.9639662e-01
   1.3480000e+03   8.9696335e-01
   1.3490000e+03   8.9760531e-01
   1.3500000e+03   8.9829912e-01
   1.3510000e+03   8.9902061e-01
   1.3520000e+03   8.9974562e-01
   1.3530000e+03   9.0045076e-01
   1.3540000e+03   9.0111419e-01
   1.3550000e+03   9.0171618e-01
   1.3560000e+03   9.0223976e-01
   1.3570000e+03   9.0267109e-01
   1.3580000e+03   9.0299982e-01
   1.3590000e+03   9.0321930e-01
   1.3600000e+03   9.0332662e-01
   1.3610000e+03   9.0332262e-01
   1.3620000e+03   9.0321166e-01
   1.3630000e+03   9.0300139e-01
   1.3640000e+03   9.0270237e-01
   1.3650000e+03   9.0232762e-01
   1.3660000e+03   9.0189208e-01
   1.3670000e+03   9.0141212e-01
   1.3680000e+03   9.0090490e-01
   1.3690000e+03   9.0038780e-01
   1.3700000e+03   8.9987788e-01
   1.3710000e+03   8.9939133e-01
   1.3720000e+03   8.9894293e-01
   1.3730000e+03   8.9854573e-01
   1.3740000e+03   8.9821060e-01
   1.3750000e+03   8.9794601e-01
   1.3760000e+03   8.9775782e-01
   1.3770000e+03   8.9764924e-01
   1.3780000e+03   8.9762075e-01
   1.3790000e+03   8.9767027e-01
   1.3800000e+03   8.9779324e-01
   1.3810000e+03   8.9798295e-01
   1.3820000e+03   8.9823074e-01
   1.3830000e+03   8.9852645e-01
   1.3840000e+03   8.9885872e-01
   1.3850000e+03   8.9921547e-01
   1.3860000e+03   8.9958426e-01
   1.3870000e+03   8.9995274e-01
   1.3880000e+03   9.0030903e-01
   1.3890000e+03   9.0064209e-01
   1.3900000e+03   9.0094206e-01
   1.3910000e+03   9.0120049e-01
   1.3920000e+03   9.0141062e-01
   1.3930000e+03   9.0156746e-01
   1.3940000e+03   9.0166795e-01
   1.3950000e+03   9.0171098e-01
   1.3960000e+03   9.0169729e-01
   1.3970000e+03   9.0162946e-01
   1.3980000e+03   9.0151170e-01
   1.3990000e+03   9.0134967e-01
   1.4000000e+03   9.0115025e-01
   1.4010000e+03   9.0092127e-01
   1.4020000e+03   9.0067121e-01
   1.4030000e+03   9.0040893e-01
   1.4040000e+03   9.0014332e-01
   1.4050000e+03   8.9988308e-01
   1.4060000e+03   8.9963637e-01
   1.4070000e+03   8.9941065e-01
   1.4080000e+03   8.9921239e-01
   1.4090000e+03   8.9904696e-01
   1.4100000e+03   8.9891844e-01
   1.4110000e+03   8.9882959e-01
   1.4120000e+03   8.9878179e-01
   1.4130000e+03   8.9877502e-01
   1.4140000e+03   8.9880797e-01
   1.4150000e+03   8.9887807e-01
   1.4160000e+03   8.9898168e-01
   1.4170000e+03   8.9911420e-01
   1.4180000e+03   8.9927026e-01
   1.4190000e+03   8.9944395e-01
   1.4200000e+03   8.9962902e-01
   1.4210000e+03   8.9981906e-01
   1.4220000e+03   9.0000778e-01
   1.4230000e+03   9.0018914e-01
   1.4240000e+03   9.0035756e-01
   1.4250000e+03   9.0050811e-01
   1.4260000e+03   9.0063662e-01
   1.4270000e+03   9.0073976e-01
   1.4280000e+03   9.0081517e-01
   1.4290000e+03   9.0086146e-01
   1.4300000e+03   9.0087824e-01
   1.4310000e+03   9.0086607e-01
   1.4320000e+03   9.0082643e-01
   1.4330000e+03   9.0076164e-01
   1.4340000e+03   9.0067473e-01
   1.4350000e+03   9.0056934e-01
   1.4360000e+03   9.0044955e-01
   1.4370000e+03   9.0031977e-01
   1.4380000e+03   9.0018456e-01
   1.4390000e+03   9.0004848e-01
   1.4400000e+03   8.9991595e-01
   1.4410000e+03   8.9979110e-01
   1.4420000e+03   8.9967768e-01
   1.4430000e+03   8.9957892e-01
   1.4440000e+03   8.9949743e-01
   1.4450000e+03   8.9943521e-01
   1.4460000e+03   8.9939352e-01
   1.4470000e+03   8.9937295e-01
   1.4480000e+03   8.9937337e-01
   1.4490000e+03   8.9939396e-01
   1.4500000e+03   8.9943332e-01
   1.4510000e+03   8.9948946e-01
   1.4520000e+03   8.9955995e-01
   1.4530000e+03   8.9964197e-01
   1.4540000e+03   8.9973245e-01
   1.4550000e+03   8.9982816e-01
   1.4560000e+03   8.9992580e-01
   1.4570000e+03   9.0002217e-01
   1.4580000e+03   9.0011421e-01
   1.4590000e+03   9.0019910e-01
   1.4600000e+03   9.0027439e-01
   1.4610000e+03   9.0033801e-01
   1.4620000e+03   9.0038834e-01
   1.4630000e+03   9.0042427e-01
   1.4640000e+03   9.0044518e-01
   1.4650000e+03   9.0045095e-01
   1.4660000e+03   9.0044197e-01
   1.4670000e+03   9.0041909e-01
   1.4680000e+03   9.0038356e-01
   1.4690000e+03   9.0033700e-01
   1.4700000e+03   9.0028134e-01
   1.4710000e+03   9.0021870e-01
   1.4720000e+03   9.0015136e-01
   1.4730000e+03   9.0008168e-01
   1.4740000e+03   9.0001199e-01
   1.4750000e+03   8.9994453e-01
   1.4760000e+03   8.9988140e-01
   1.4770000e+03   8.9982446e-01
   1.4780000e+03   8.9977532e-01
   1.4790000e+03   8.9973527e-01
   1.4800000e+03   8.9970525e-01
   1.4810000e+03   8.9968587e-01
   1.4820000e+03   8.9967733e-01
   1.4830000e+03   8.9967952e-01
   1.4840000e+03   8.9969196e-01
   1.4850000e+03   8.9971385e-01
   1.4860000e+03   8.9974415e-01
   1.4870000e+03   8.9978155e-01
   1.4880000e+03   8.9982459e-01
   1.4890000e+03   8.9987166e-01
   1.4900000e+03   8.9992110e-01
   1.4910000e+03   8.9997122e-01
   1.4920000e+03   9.0002039e-01
   1.4930000e+03   9.0006706e-01
   1.4940000e+03   9.0010980e-01
   1.4950000e+03   9.0014740e-01
   1.4960000e+03   9.0017884e-01
   1.4970000e+03   9.0020333e-01
   1.4980000e+03   9.0022035e-01
   1.4990000e+03   9.0022962e-01
   1.5000000e+03   9.0023115e-01
   1.5010000e+03   9.0022517e-01
   1.5020000e+03   9.0021216e-01
   1.5030000e+03   9.0019279e-01
   1.5040000e+03   9.0016794e-01
   1.5050000e+03   9.0013862e-01
   1.5060000e+03   9.0010592e-01
   1.5070000e+03   9.0007105e-01
   1.5080000e+03   9.0003519e-01
   1.5090000e+03   8.9999955e-01
   1.5100000e+03   8.9996526e-01
   1.5110000e+03   8.9993338e-01
   1.5120000e+03   8.9990484e-01
   1.5130000e+03   8.9988044e-01
   1.5140000e+03   8.9986082e-01
   1.5150000e+03   8.9984642e-01
   1.5160000e+03   8.9983751e-01
   1.5170000e+03   8.9983417e-01
   1.5180000e+03   8.9983630e-01
   1.5190000e+03   8.9984363e-01
   1.5200000e+03   8.9985572e-01
   1.5210000e+03   8.9987201e-01
   1.5220000e+03   8.9989181e-01
   1.5230000e+03   8.9991435e-01
   1.5240000e+03   8.9993881e-01
   1.5250000e+03   8.9996431e-01
   1.5260000e+03   8.9999002e-01
   1.5270000e+03   9.0001507e-01
   1.5280000e+03   9.0003870e-01
   1.5290000e+03   9.0006019e-01
   1.5300000e+03   9.0007894e-01
   1.5310000e+03   9.0009444e-01
   1.5320000e+03   9.0010631e-01
   1.5330000e+03   9.0011431e-01
   1.5340000e+03   9.0011832e-01
   1.5350000e+03   9.0011837e-01
   1.5360000e+03   9.0011460e-01
   1.5370000e+03   9.0010728e-01
   1.5380000e+03   9.0009678e-01
   1.5390000e+03   9.0008355e-01
   1.5400000e+03   9.0006813e-01
   1.5410000e+03   9.0005109e-01
   1.5420000e+03   9.0003305e-01
   1.5430000e+03   9.0001462e-01
   1.5440000e+03   8.9999641e-01
   1.5450000e+03   8.9997900e-01
   1.5460000e+03   8.9996292e-01
   1.5470000e+03   8.9994864e-01
   1.5480000e+03   8.9993655e-01
   1.5490000e+03   8.9992697e-01
   1.5500000e+03   8.9992009e-01
   1.5510000e+03   8.9991605e-01
   1.5520000e+03   8.9991487e-01
   1.5530000e+03   8.9991648e-01
   1.5540000e+03   8.9992072e-01
   1.5550000e+03   8.9992735e-01
   1.5560000e+03   8.9993608e-01
   1.5570000e+03   8.9994653e-01
   1.5580000e+03   8.9995832e-01
   1.5590000e+03   8.9997101e-01
   1.5600000e+03   8.9998416e-01
   1.5610000e+03   8.9999732e-01
   1.5620000e+03   9.0001007e-01
   1.5630000e+03   9.0002202e-01
   1.5640000e+03   9.0003281e-01
   1.5650000e+03   9.0004214e-01
   1.5660000e+03   9.0004976e-01
   1.5670000e+03   9.0005549e-01
   1.5680000e+03   9.0005922e-01
   1.5690000e+03   9.0006089e-01
   1.5700000e+03   9.0006054e-01
   1.5710000e+03   9.0005826e-01
   1.5720000e+03   9.0005418e-01
   1.5730000e+03   9.0004851e-01
   1.5740000e+03   9.0004148e-01
   1.5750000e+03   9.0003339e-01
   1.5760000e+03   9.0002452e-01
   1.5770000e+03   9.0001520e-01
   1.5780000e+03   9.0000574e-01
   1.5790000e+03   8.9999644e-01
   1.5800000e+03   8.9998761e-01
   1.5810000e+03   8.9997952e-01
   1.5820000e+03   8.9997238e-01
   1.5830000e+03   8.9996641e-01
   1.5840000e+03   8.9996174e-01
   1.5850000e+03   8.9995848e-01
   1.5860000e+03   8.9995668e-01
   1.5870000e+03   8.9995635e-01
   1.5880000e+03   8.9995743e-01
   1.5890000e+03   8.9995985e-01
   1.5900000e+03   8.9996347e-01
   1.5910000e+03   8.9996813e-01
   1.5920000e+03   8.9997364e-01
   1.5930000e+03   8.9997980e-01
   1.5940000e+03   8.9998637e-01
   1.5950000e+03   8.9999314e-01
   1.5960000e+03   8.9999987e-01
   1.5970000e+03   9.0000636e-01
   1.5980000e+03   9.0001239e-01
   1.5990000e+03   9.0001780e-01
   1.6000000e+03   9.0002243e-01
