   1.0000000e+00   8.0000000e-01
   2.0000000e+00   8.0000000e-01
   3.0000000e+00   8.0000000e-01
   4.0000000e+00   8.0000000e-01
   5.0000000e+00   8.0000000e-01
   6.0000000e+00   8.0000000e-01
   7.0000000e+00   8.0000000e-01
   8.0000000e+00   8.0000000e-01
   9.0000000e+00   8.0000000e-01
   1.0000000e+01   8.0000000e-01
   1.1000000e+01   8.0000000e-01
   1.2000000e+01   8.0000000e-01
   1.3000000e+01   8.0000000e-01
   1.4000000e+01   8.0000000e-01
   1.5000000e+01   8.0000000e-01
   1.6000000e+01   8.0000000e-01
   1.7000000e+01   8.0000000e-01
   1.8000000e+01   8.0000000e-01
   1.9000000e+01   8.0000000e-01
   2.0000000e+01   8.0000000e-01
   2.1000000e+01   8.0000000e-01
   2.2000000e+01   8.0249192e-01
   2.3000000e+01   8.0827902e-01
   2.4000000e+01   8.1585681e-01
   2.5000000e+01   8.2490171e-01
   2.6000000e+01   8.3515809e-01
   2.7000000e+01   8.4642350e-01
   2.8000000e+01   8.5853703e-01
   2.9000000e+01   8.7137030e-01
   3.0000000e+01   8.8478147e-01
   3.1000000e+01   8.9854611e-01
   3.2000000e+01   9.1236760e-01
   3.3000000e+01   9.2589403e-01
   3.4000000e+01   9.3886495e-01
   3.5000000e+01   9.5115864e-01
   3.6000000e+01   9.6269327e-01
   3.7000000e+01   9.7341364e-01
   3.8000000e+01   9.8328174e-01
   3.9000000e+01   9.9227037e-01
   4.0000000e+01   1.0003614e+00
   4.1000000e+01   1.0075522e+00
   4.2000000e+01   1.0138647e+00
   4.3000000e+01   1.0193517e+00
   4.4000000e+01   1.0240918e+00
   4.5000000e+01   1.0281720e+00
   4.6000000e+01   1.0316774e+00
   4.7000000e+01   1.0346888e+00
   4.8000000e+01   1.0372818e+00
   4.9000000e+01   1.0395276e+00
   5.0000000e+01   1.0414928e+00
   5.1000000e+01   1.0432400e+00
   5.2000000e+01   1.0448260e+00
   5.3000000e+01   1.0462998e+00
   5.4000000e+01   1.0477007e+00
   5.5000000e+01   1.0490571e+00
   5.6000000e+01   1.0503882e+00
   5.7000000e+01   1.0517054e+00
   5.8000000e+01   1.0530137e+00
   5.9000000e+01   1.0543131e+00
   6.0000000e+01   1.0555995e+00
   6.1000000e+01   1.0568650e+00
   6.2000000e+01   1.0580994e+00
   6.3000000e+01   1.0592901e+00
   6.4000000e+01   1.0604238e+00
   6.5000000e+01   1.0614871e+00
   6.6000000e+01   1.0624675e+00
   6.7000000e+01   1.0633542e+00
   6.8000000e+01   1.0641383e+00
   6.9000000e+01   1.0648129e+00
   7.0000000e+01   1.0653736e+00
   7.1000000e+01   1.0658180e+00
   7.2000000e+01   1.0661461e+00
   7.3000000e+01   1.0663599e+00
   7.4000000e+01   1.0664637e+00
   7.5000000e+01   1.0664633e+00
   7.6000000e+01   1.0663661e+00
   7.7000000e+01   1.0661807e+00
   7.8000000e+01   1.0659164e+00
   7.9000000e+01   1.0655831e+00
   8.0000000e+01   1.0651909e+00
   8.1000000e+01   1.0647500e+00
   8.2000000e+01   1.0642700e+00
   8.3000000e+01   1.0637603e+00
   8.4000000e+01   1.0632296e+00
   8.5000000e+01   1.0626857e+00
   8.6000000e+01   1.0621356e+00
   8.7000000e+01   1.0615855e+00
   8.8000000e+01   1.0610403e+00
   8.9000000e+01   1.0605045e+00
   9.0000000e+01   1.0599811e+00
   9.1000000e+01   1.0594727e+00
   9.2000000e+01   1.0589810e+00
   9.3000000e+01   1.0585070e+00
   9.4000000e+01   1.0580512e+00
   9.5000000e+01   1.0576134e+00
   9.6000000e+01   1.0571934e+00
   9.7000000e+01   1.0567904e+00
   9.8000000e+01   1.0564035e+00
   9.9000000e+01   1.0560316e+00
   1.0000000e+02   1.0556738e+00
   1.0100000e+02   1.0553290e+00
   1.0200000e+02   1.0549962e+00
   1.0300000e+02   1.0546746e+00
   1.0400000e+02   1.0543634e+00
   1.0500000e+02   1.0540619e+00
   1.0600000e+02   1.0537698e+00
   1.0700000e+02   1.0534867e+00
   1.0800000e+02   1.0532124e+00
   1.0900000e+02   1.0529470e+00
   1.1000000e+02   1.0526904e+00
   1.1100000e+02   1.0524428e+00
   1.1200000e+02   1.0522044e+00
   1.1300000e+02   1.0519755e+00
   1.1400000e+02   1.0517563e+00
   1.1500000e+02   1.0515472e+00
   1.1600000e+02   1.0513483e+00
   1.1700000e+02   1.0511598e+00
   1.1800000e+02   1.0509820e+00
   1.1900000e+02   1.0508150e+00
   1.2000000e+02   1.0506587e+00
   1.2100000e+02   1.0505132e+00
   1.2200000e+02   1.0503783e+00
   1.2300000e+02   1.0502539e+00
   1.2400000e+02   1.0501398e+00
   1.2500000e+02   1.0500356e+00
   1.2600000e+02   1.0499410e+00
   1.2700000e+02   1.0498556e+00
   1.2800000e+02   1.0497789e+00
   1.2900000e+02   1.0497106e+00
   1.3000000e+02   1.0496500e+00
   1.3100000e+02   1.0495968e+00
   1.3200000e+02   1.0495503e+00
   1.3300000e+02   1.0495102e+00
   1.3400000e+02   1.0494759e+00
   1.3500000e+02   1.0494469e+00
   1.3600000e+02   1.0494228e+00
   1.3700000e+02   1.0494032e+00
   1.3800000e+02   1.0493877e+00
   1.3900000e+02   1.0493758e+00
   1.4000000e+02   1.0493673e+00
   1.4100000e+02   1.0493619e+00
   1.4200000e+02   1.0493592e+00
   1.4300000e+02   1.0493590e+00
   1.4400000e+02   1.0493610e+00
   1.4500000e+02   1.0493651e+00
   1.4600000e+02   1.0493710e+00
   1.4700000e+02   1.0493786e+00
   1.4800000e+02   1.0493877e+00
   1.4900000e+02   1.0493982e+00
   1.5000000e+02   1.0494099e+00
   1.5100000e+02   1.0494227e+00
   1.5200000e+02   1.0494365e+00
   1.5300000e+02   1.0494512e+00
   1.5400000e+02   1.0494666e+00
   1.5500000e+02   1.0494828e+00
   1.5600000e+02   1.0494995e+00
   1.5700000e+02   1.0495167e+00
   1.5800000e+02   1.0495343e+00
   1.5900000e+02   1.0495523e+00
   1.6000000e+02   1.0495704e+00
   1.6100000e+02   1.0495887e+00
   1.6200000e+02   1.0496071e+00
   1.6300000e+02   1.0496254e+00
   1.6400000e+02   1.0496437e+00
   1.6500000e+02   1.0496618e+00
   1.6600000e+02   1.0496797e+00
   1.6700000e+02   1.0496974e+00
   1.6800000e+02   1.0497147e+00
   1.6900000e+02   1.0497317e+00
   1.7000000e+02   1.0497482e+00
   1.7100000e+02   1.0497643e+00
   1.7200000e+02   1.0497799e+00
   1.7300000e+02   1.0497951e+00
   1.7400000e+02   1.0498097e+00
   1.7500000e+02   1.0498237e+00
   1.7600000e+02   1.0498372e+00
   1.7700000e+02   1.0498502e+00
   1.7800000e+02   1.0498626e+00
   1.7900000e+02   1.0498744e+00
   1.8000000e+02   1.0498857e+00
   1.8100000e+02   1.0498964e+00
   1.8200000e+02   1.0499065e+00
   1.8300000e+02   1.0499162e+00
   1.8400000e+02   1.0499253e+00
   1.8500000e+02   1.0499338e+00
   1.8600000e+02   1.0499419e+00
   1.8700000e+02   1.0499495e+00
   1.8800000e+02   1.0499567e+00
   1.8900000e+02   1.0499634e+00
   1.9000000e+02   1.0499696e+00
   1.9100000e+02   1.0499754e+00
   1.9200000e+02   1.0499808e+00
   1.9300000e+02   1.0499859e+00
   1.9400000e+02   1.0499905e+00
   1.9500000e+02   1.0499948e+00
   1.9600000e+02   1.0499987e+00
   1.9700000e+02   1.0500023e+00
   1.9800000e+02   1.0500056e+00
   1.9900000e+02   1.0500086e+00
   2.0000000e+02   1.0500113e+00
   2.0100000e+02   1.0500138e+00
   2.0200000e+02   1.0500160e+00
   2.0300000e+02   1.0500179e+00
   2.0400000e+02   1.0500196e+00
   2.0500000e+02   1.0500211e+00
   2.0600000e+02   1.0500223e+00
   2.0700000e+02   1.0500234e+00
   2.0800000e+02   1.0500243e+00
   2.0900000e+02   1.0500250e+00
   2.1000000e+02   1.0500256e+00
   2.1100000e+02   1.0500260e+00
   2.1200000e+02   1.0500263e+00
   2.1300000e+02   1.0500264e+00
   2.1400000e+02   1.0500265e+00
   2.1500000e+02   1.0500264e+00
   2.1600000e+02   1.0500262e+00
   2.1700000e+02   1.0500260e+00
   2.1800000e+02   1.0500256e+00
   2.1900000e+02   1.0500252e+00
   2.2000000e+02   1.0500248e+00
   2.2100000e+02   1.0500242e+00
   2.2200000e+02   1.0500237e+00
   2.2300000e+02   1.0500231e+00
   2.2400000e+02   1.0500224e+00
   2.2500000e+02   1.0500217e+00
   2.2600000e+02   1.0500210e+00
   2.2700000e+02   1.0500203e+00
   2.2800000e+02   1.0500196e+00
   2.2900000e+02   1.0500188e+00
   2.3000000e+02   1.0500181e+00
   2.3100000e+02   1.0500173e+00
   2.3200000e+02   1.0500165e+00
   2.3300000e+02   1.0500158e+00
   2.3400000e+02   1.0500150e+00
   2.3500000e+02   1.0500143e+00
   2.3600000e+02   1.0500136e+00
   2.3700000e+02   1.0500128e+00
   2.3800000e+02   1.0500121e+00
   2.3900000e+02   1.0500114e+00
   2.4000000e+02   1.0500107e+00
   2.4100000e+02   1.0500101e+00
   2.4200000e+02   1.0500094e+00
   2.4300000e+02   1.0500088e+00
   2.4400000e+02   1.0500082e+00
   2.4500000e+02   1.0500076e+00
   2.4600000e+02   1.0500071e+00
   2.4700000e+02   1.0500065e+00
   2.4800000e+02   1.0500060e+00
   2.4900000e+02   1.0500055e+00
   2.5000000e+02   1.0500050e+00
   2.5100000e+02   1.0500046e+00
   2.5200000e+02   1.0500042e+00
   2.5300000e+02   1.0500037e+00
   2.5400000e+02   1.0500034e+00
   2.5500000e+02   1.0500030e+00
   2.5600000e+02   1.0500026e+00
   2.5700000e+02   1.0500023e+00
   2.5800000e+02   1.0500020e+00
   2.5900000e+02   1.0500017e+00
   2.6000000e+02   1.0500014e+00
   2.6100000e+02   1.0500012e+00
   2.6200000e+02   1.0500009e+00
   2.6300000e+02   1.0500007e+00
   2.6400000e+02   1.0500005e+00
   2.6500000e+02   1.0500003e+00
   2.6600000e+02   1.0500002e+00
   2.6700000e+02   1.0500000e+00
   2.6800000e+02   1.0499999e+00
   2.6900000e+02   1.0499997e+00
   2.7000000e+02   1.0499996e+00
   2.7100000e+02   1.0499995e+00
   2.7200000e+02   1.0499994e+00
   2.7300000e+02   1.0499993e+00
   2.7400000e+02   1.0499992e+00
   2.7500000e+02   1.0499992e+00
   2.7600000e+02   1.0499991e+00
   2.7700000e+02   1.0499991e+00
   2.7800000e+02   1.0499990e+00
   2.7900000e+02   1.0499990e+00
   2.8000000e+02   1.0499990e+00
   2.8100000e+02   1.0499989e+00
   2.8200000e+02   1.0499989e+00
   2.8300000e+02   1.0499989e+00
   2.8400000e+02   1.0499989e+00
   2.8500000e+02   1.0499989e+00
   2.8600000e+02   1.0499989e+00
   2.8700000e+02   1.0499989e+00
   2.8800000e+02   1.0499989e+00
   2.8900000e+02   1.0499990e+00
   2.9000000e+02   1.0499990e+00
   2.9100000e+02   1.0499990e+00
   2.9200000e+02   1.0499990e+00
   2.9300000e+02   1.0499990e+00
   2.9400000e+02   1.0499991e+00
   2.9500000e+02   1.0499991e+00
   2.9600000e+02   1.0499991e+00
   2.9700000e+02   1.0499991e+00
   2.9800000e+02   1.0499992e+00
   2.9900000e+02   1.0499992e+00
   3.0000000e+02   1.0499992e+00
   3.0100000e+02   1.0499993e+00
   3.0200000e+02   1.0499993e+00
   3.0300000e+02   1.0499993e+00
   3.0400000e+02   1.0499994e+00
   3.0500000e+02   1.0499994e+00
   3.0600000e+02   1.0499994e+00
   3.0700000e+02   1.0499995e+00
   3.0800000e+02   1.0499995e+00
   3.0900000e+02   1.0499995e+00
   3.1000000e+02   1.0499995e+00
   3.1100000e+02   1.0499996e+00
   3.1200000e+02   1.0499996e+00
   3.1300000e+02   1.0499996e+00
   3.1400000e+02   1.0499996e+00
   3.1500000e+02   1.0499997e+00
   3.1600000e+02   1.0499997e+00
   3.1700000e+02   1.0499997e+00
   3.1800000e+02   1.0499997e+00
   3.1900000e+02   1.0499998e+00
   3.2000000e+02   1.0499998e+00
   3.2100000e+02   1.0499998e+00
   3.2200000e+02   1.0499998e+00
   3.2300000e+02   1.0499998e+00
   3.2400000e+02   1.0499999e+00
   3.2500000e+02   1.0499999e+00
   3.2600000e+02   1.0499999e+00
   3.2700000e+02   1.0499999e+00
   3.2800000e+02   1.0499999e+00
   3.2900000e+02   1.0499999e+00
   3.3000000e+02   1.0499999e+00
   3.3100000e+02   1.0499999e+00
   3.3200000e+02   1.0500000e+00
   3.3300000e+02   1.0500000e+00
   3.3400000e+02   1.0500000e+00
   3.3500000e+02   1.0500000e+00
   3.3600000e+02   1.0500000e+00
   3.3700000e+02   1.0500000e+00
   3.3800000e+02   1.0500000e+00
   3.3900000e+02   1.0500000e+00
   3.4000000e+02   1.0500000e+00
   3.4100000e+02   1.0500000e+00
   3.4200000e+02   1.0500000e+00
   3.4300000e+02   1.0500000e+00
   3.4400000e+02   1.0500000e+00
   3.4500000e+02   1.0500000e+00
   3.4600000e+02   1.0500000e+00
   3.4700000e+02   1.0500000e+00
   3.4800000e+02   1.0500000e+00
   3.4900000e+02   1.0500000e+00
   3.5000000e+02   1.0500000e+00
   3.5100000e+02   1.0500000e+00
   3.5200000e+02   1.0500000e+00
   3.5300000e+02   1.0500000e+00
   3.5400000e+02   1.0500000e+00
   3.5500000e+02   1.0500000e+00
   3.5600000e+02   1.0500000e+00
   3.5700000e+02   1.0500000e+00
   3.5800000e+02   1.0500000e+00
   3.5900000e+02   1.0500000e+00
   3.6000000e+02   1.0500000e+00
   3.6100000e+02   1.0500000e+00
   3.6200000e+02   1.0500000e+00
   3.6300000e+02   1.0500000e+00
   3.6400000e+02   1.0500000e+00
   3.6500000e+02   1.0500000e+00
   3.6600000e+02   1.0500000e+00
   3.6700000e+02   1.0500000e+00
   3.6800000e+02   1.0500000e+00
   3.6900000e+02   1.0500000e+00
   3.7000000e+02   1.0500000e+00
   3.7100000e+02   1.0500000e+00
   3.7200000e+02   1.0500000e+00
   3.7300000e+02   1.0500000e+00
   3.7400000e+02   1.0500000e+00
   3.7500000e+02   1.0500000e+00
   3.7600000e+02   1.0500000e+00
   3.7700000e+02   1.0500000e+00
   3.7800000e+02   1.0500000e+00
   3.7900000e+02   1.0500000e+00
   3.8000000e+02   1.0500000e+00
   3.8100000e+02   1.0500000e+00
   3.8200000e+02   1.0500000e+00
   3.8300000e+02   1.0500000e+00
   3.8400000e+02   1.0500000e+00
   3.8500000e+02   1.0500000e+00
   3.8600000e+02   1.0500000e+00
   3.8700000e+02   1.0500000e+00
   3.8800000e+02   1.0500000e+00
   3.8900000e+02   1.0500000e+00
   3.9000000e+02   1.0500000e+00
   3.9100000e+02   1.0500000e+00
   3.9200000e+02   1.0500000e+00
   3.9300000e+02   1.0500000e+00
   3.9400000e+02   1.0500000e+00
   3.9500000e+02   1.0500000e+00
   3.9600000e+02   1.0500000e+00
   3.9700000e+02   1.0500000e+00
   3.9800000e+02   1.0500000e+00
   3.9900000e+02   1.0500000e+00
   4.0000000e+02   1.0500000e+00
   4.0100000e+02   1.0500000e+00
   4.0200000e+02   1.0500000e+00
   4.0300000e+02   1.0500000e+00
   4.0400000e+02   1.0500000e+00
   4.0500000e+02   1.0500000e+00
   4.0600000e+02   1.0500000e+00
   4.0700000e+02   1.0500000e+00
   4.0800000e+02   1.0500000e+00
   4.0900000e+02   1.0500000e+00
   4.1000000e+02   1.0492213e+00
   4.1100000e+02   1.0479482e+00
   4.1200000e+02   1.0469104e+00
   4.1300000e+02   1.0458358e+00
   4.1400000e+02   1.0445229e+00
   4.1500000e+02   1.0428252e+00
   4.1600000e+02   1.0406384e+00
   4.1700000e+02   1.0378903e+00
   4.1800000e+02   1.0345336e+00
   4.1900000e+02   1.0305400e+00
   4.2000000e+02   1.0259492e+00
   4.2100000e+02   1.0208342e+00
   4.2200000e+02   1.0151986e+00
   4.2300000e+02   1.0090269e+00
   4.2400000e+02   1.0023437e+00
   4.2500000e+02   9.9519928e-01
   4.2600000e+02   9.8765936e-01
   4.2700000e+02   9.7979824e-01
   4.2800000e+02   9.7169409e-01
   4.2900000e+02   9.6342579e-01
   4.3000000e+02   9.5506725e-01
   4.3100000e+02   9.4668170e-01
   4.3200000e+02   9.3832599e-01
   4.3300000e+02   9.3005707e-01
   4.3400000e+02   9.2193037e-01
   4.3500000e+02   9.1399566e-01
   4.3600000e+02   9.0629505e-01
   4.3700000e+02   8.9886223e-01
   4.3800000e+02   8.9172254e-01
   4.3900000e+02   8.8489344e-01
   4.4000000e+02   8.7838536e-01
   4.4100000e+02   8.7220324e-01
   4.4200000e+02   8.6634777e-01
   4.4300000e+02   8.6081583e-01
   4.4400000e+02   8.5560048e-01
   4.4500000e+02   8.5069139e-01
   4.4600000e+02   8.4607562e-01
   4.4700000e+02   8.4173849e-01
   4.4800000e+02   8.3766437e-01
   4.4900000e+02   8.3383736e-01
   4.5000000e+02   8.3024190e-01
   4.5100000e+02   8.2686312e-01
   4.5200000e+02   8.2368703e-01
   4.5300000e+02   8.2070065e-01
   4.5400000e+02   8.1789211e-01
   4.5500000e+02   8.1525080e-01
   4.5600000e+02   8.1276740e-01
   4.5700000e+02   8.1043390e-01
   4.5800000e+02   8.0824353e-01
   4.5900000e+02   8.0619059e-01
   4.6000000e+02   8.0427034e-01
   4.6100000e+02   8.0247876e-01
   4.6200000e+02   8.0081241e-01
   4.6300000e+02   7.9926825e-01
   4.6400000e+02   7.9784351e-01
   4.6500000e+02   7.9653557e-01
   4.6600000e+02   7.9534180e-01
   4.6700000e+02   7.9425948e-01
   4.6800000e+02   7.9328568e-01
   4.6900000e+02   7.9241725e-01
   4.7000000e+02   7.9165070e-01
   4.7100000e+02   7.9098224e-01
   4.7200000e+02   7.9040775e-01
   4.7300000e+02   7.8992280e-01
   4.7400000e+02   7.8952272e-01
   4.7500000e+02   7.8920258e-01
   4.7600000e+02   7.8895728e-01
   4.7700000e+02   7.8878158e-01
   4.7800000e+02   7.8867019e-01
   4.7900000e+02   7.8861779e-01
   4.8000000e+02   7.8861911e-01
   4.8100000e+02   7.8866899e-01
   4.8200000e+02   7.8876242e-01
   4.8300000e+02   7.8889457e-01
   4.8400000e+02   7.8906086e-01
   4.8500000e+02   7.8925696e-01
   4.8600000e+02   7.8947881e-01
   4.8700000e+02   7.8972266e-01
   4.8800000e+02   7.8998506e-01
   4.8900000e+02   7.9026286e-01
   4.9000000e+02   7.9055320e-01
   4.9100000e+02   7.9085353e-01
   4.9200000e+02   7.9116154e-01
   4.9300000e+02   7.9147522e-01
   4.9400000e+02   7.9179275e-01
   4.9500000e+02   7.9211257e-01
   4.9600000e+02   7.9243329e-01
   4.9700000e+02   7.9275368e-01
   4.9800000e+02   7.9307271e-01
   4.9900000e+02   7.9338942e-01
   5.0000000e+02   7.9370301e-01
   5.0100000e+02   7.9401275e-01
   5.0200000e+02   7.9431801e-01
   5.0300000e+02   7.9461820e-01
   5.0400000e+02   7.9491283e-01
   5.0500000e+02   7.9520141e-01
   5.0600000e+02   7.9548354e-01
   5.0700000e+02   7.9575881e-01
   5.0800000e+02   7.9602689e-01
   5.0900000e+02   7.9628744e-01
   5.1000000e+02   7.9654019e-01
   5.1100000e+02   7.9678487e-01
   5.1200000e+02   7.9702125e-01
   5.1300000e+02   7.9724914e-01
   5.1400000e+02   7.9746836e-01
   5.1500000e+02   7.9767880e-01
   5.1600000e+02   7.9788036e-01
   5.1700000e+02   7.9807297e-01
   5.1800000e+02   7.9825660e-01
   5.1900000e+02   7.9843127e-01
   5.2000000e+02   7.9859702e-01
   5.2100000e+02   7.9875392e-01
   5.2200000e+02   7.9890208e-01
   5.2300000e+02   7.9904165e-01
   5.2400000e+02   7.9917278e-01
   5.2500000e+02   7.9929567e-01
   5.2600000e+02   7.9941053e-01
   5.2700000e+02   7.9951759e-01
   5.2800000e+02   7.9961712e-01
   5.2900000e+02   7.9970936e-01
   5.3000000e+02   7.9979460e-01
   5.3100000e+02   7.9987312e-01
   5.3200000e+02   7.9994521e-01
   5.3300000e+02   8.0001117e-01
   5.3400000e+02   8.0007128e-01
   5.3500000e+02   8.0012583e-01
   5.3600000e+02   8.0017513e-01
   5.3700000e+02   8.0021944e-01
   5.3800000e+02   8.0025905e-01
   5.3900000e+02   8.0029423e-01
   5.4000000e+02   8.0032524e-01
   5.4100000e+02   8.0035234e-01
   5.4200000e+02   8.0037576e-01
   5.4300000e+02   8.0039575e-01
   5.4400000e+02   8.0041253e-01
   5.4500000e+02   8.0042632e-01
   5.4600000e+02   8.0043732e-01
   5.4700000e+02   8.0044574e-01
   5.4800000e+02   8.0045176e-01
   5.4900000e+02   8.0045557e-01
   5.5000000e+02   8.0045733e-01
   5.5100000e+02   8.0045722e-01
   5.5200000e+02   8.0045539e-01
   5.5300000e+02   8.0045200e-01
   5.5400000e+02   8.0044717e-01
   5.5500000e+02   8.0044106e-01
   5.5600000e+02   8.0043379e-01
   5.5700000e+02   8.0042549e-01
   5.5800000e+02   8.0041626e-01
   5.5900000e+02   8.0040623e-01
   5.6000000e+02   8.0039551e-01
   5.6100000e+02   8.0038418e-01
   5.6200000e+02   8.0037234e-01
   5.6300000e+02   8.0036009e-01
   5.6400000e+02   8.0034750e-01
   5.6500000e+02   8.0033465e-01
   5.6600000e+02   8.0032162e-01
   5.6700000e+02   8.0030847e-01
   5.6800000e+02   8.0029527e-01
   5.6900000e+02   8.0028206e-01
   5.7000000e+02   8.0026891e-01
   5.7100000e+02   8.0025586e-01
   5.7200000e+02   8.0024295e-01
   5.7300000e+02   8.0023022e-01
   5.7400000e+02   8.0021771e-01
   5.7500000e+02   8.0020544e-01
   5.7600000e+02   8.0019345e-01
   5.7700000e+02   8.0018175e-01
   5.7800000e+02   8.0017037e-01
   5.7900000e+02   8.0015933e-01
   5.8000000e+02   8.0014863e-01
   5.8100000e+02   8.0013829e-01
   5.8200000e+02   8.0012831e-01
   5.8300000e+02   8.0011871e-01
   5.8400000e+02   8.0010948e-01
   5.8500000e+02   8.0010064e-01
   5.8600000e+02   8.0009217e-01
   5.8700000e+02   8.0008409e-01
   5.8800000e+02   8.0007638e-01
   5.8900000e+02   8.0006905e-01
   5.9000000e+02   8.0006209e-01
   5.9100000e+02   8.0005549e-01
   5.9200000e+02   8.0004924e-01
   5.9300000e+02   8.0004335e-01
   5.9400000e+02   8.0003780e-01
   5.9500000e+02   8.0003259e-01
   5.9600000e+02   8.0002769e-01
   5.9700000e+02   8.0002312e-01
   5.9800000e+02   8.0001885e-01
   5.9900000e+02   8.0001487e-01
   6.0000000e+02   8.0001118e-01
   6.0100000e+02   8.0000777e-01
   6.0200000e+02   8.0000462e-01
   6.0300000e+02   8.0000172e-01
   6.0400000e+02   7.9999907e-01
   6.0500000e+02   7.9999665e-01
   6.0600000e+02   7.9999445e-01
   6.0700000e+02   7.9999246e-01
   6.0800000e+02   7.9999068e-01
   6.0900000e+02   7.9998908e-01
   6.1000000e+02   7.9998766e-01
   6.1100000e+02   7.9998641e-01
   6.1200000e+02   7.9998533e-01
   6.1300000e+02   7.9998439e-01
   6.1400000e+02   7.9998360e-01
   6.1500000e+02   7.9998293e-01
   6.1600000e+02   7.9998239e-01
   6.1700000e+02   7.9998197e-01
   6.1800000e+02   7.9998165e-01
   6.1900000e+02   7.9998142e-01
   6.2000000e+02   7.9998129e-01
   6.2100000e+02   7.9998125e-01
   6.2200000e+02   7.9998128e-01
   6.2300000e+02   7.9998137e-01
   6.2400000e+02   7.9998153e-01
   6.2500000e+02   7.9998175e-01
   6.2600000e+02   7.9998202e-01
   6.2700000e+02   7.9998234e-01
   6.2800000e+02   7.9998269e-01
   6.2900000e+02   7.9998308e-01
   6.3000000e+02   7.9998351e-01
   6.3100000e+02   7.9998395e-01
   6.3200000e+02   7.9998443e-01
   6.3300000e+02   7.9998492e-01
   6.3400000e+02   7.9998542e-01
   6.3500000e+02   7.9998594e-01
   6.3600000e+02   7.9998647e-01
   6.3700000e+02   7.9998700e-01
   6.3800000e+02   7.9998754e-01
   6.3900000e+02   7.9998808e-01
   6.4000000e+02   7.9998861e-01
   6.4100000e+02   7.9998915e-01
   6.4200000e+02   7.9998968e-01
   6.4300000e+02   7.9999020e-01
   6.4400000e+02   7.9999072e-01
   6.4500000e+02   7.9999123e-01
   6.4600000e+02   7.9999172e-01
   6.4700000e+02   7.9999221e-01
   6.4800000e+02   7.9999268e-01
   6.4900000e+02   7.9999315e-01
   6.5000000e+02   7.9999359e-01
   6.5100000e+02   7.9999403e-01
   6.5200000e+02   7.9999445e-01
   6.5300000e+02   7.9999485e-01
   6.5400000e+02   7.9999524e-01
   6.5500000e+02   7.9999561e-01
   6.5600000e+02   7.9999597e-01
   6.5700000e+02   7.9999631e-01
   6.5800000e+02   7.9999664e-01
   6.5900000e+02   7.9999695e-01
   6.6000000e+02   7.9999725e-01
   6.6100000e+02   7.9999753e-01
   6.6200000e+02   7.9999780e-01
   6.6300000e+02   7.9999805e-01
   6.6400000e+02   7.9999829e-01
   6.6500000e+02   7.9999851e-01
   6.6600000e+02   7.9999872e-01
   6.6700000e+02   7.9999892e-01
   6.6800000e+02   7.9999910e-01
   6.6900000e+02   7.9999927e-01
   6.7000000e+02   7.9999943e-01
   6.7100000e+02   7.9999958e-01
   6.7200000e+02   7.9999972e-01
   6.7300000e+02   7.9999984e-01
   6.7400000e+02   7.9999996e-01
   6.7500000e+02   8.0000006e-01
   6.7600000e+02   8.0000016e-01
   6.7700000e+02   8.0000025e-01
   6.7800000e+02   8.0000033e-01
   6.7900000e+02   8.0000040e-01
   6.8000000e+02   8.0000046e-01
   6.8100000e+02   8.0000052e-01
   6.8200000e+02   8.0000057e-01
   6.8300000e+02   8.0000061e-01
   6.8400000e+02   8.0000065e-01
   6.8500000e+02   8.0000068e-01
   6.8600000e+02   8.0000070e-01
   6.8700000e+02   8.0000072e-01
   6.8800000e+02   8.0000074e-01
   6.8900000e+02   8.0000075e-01
   6.9000000e+02   8.0000076e-01
   6.9100000e+02   8.0000077e-01
   6.9200000e+02   8.0000077e-01
   6.9300000e+02   8.0000076e-01
   6.9400000e+02   8.0000076e-01
   6.9500000e+02   8.0000075e-01
   6.9600000e+02   8.0000074e-01
   6.9700000e+02   8.0000073e-01
   6.9800000e+02   8.0000072e-01
   6.9900000e+02   8.0000070e-01
   7.0000000e+02   8.0000069e-01
   7.0100000e+02   8.0000067e-01
   7.0200000e+02   8.0000065e-01
   7.0300000e+02   8.0000063e-01
   7.0400000e+02   8.0000061e-01
   7.0500000e+02   8.0000059e-01
   7.0600000e+02   8.0000057e-01
   7.0700000e+02   8.0000055e-01
   7.0800000e+02   8.0000053e-01
   7.0900000e+02   8.0000050e-01
   7.1000000e+02   8.0000048e-01
   7.1100000e+02   8.0000046e-01
   7.1200000e+02   8.0000044e-01
   7.1300000e+02   8.0000042e-01
   7.1400000e+02   8.0000040e-01
   7.1500000e+02   8.0000037e-01
   7.1600000e+02   8.0000035e-01
   7.1700000e+02   8.0000033e-01
   7.1800000e+02   8.0000031e-01
   7.1900000e+02   8.0000029e-01
   7.2000000e+02   8.0000028e-01
   7.2100000e+02   8.0000026e-01
   7.2200000e+02   8.0000024e-01
   7.2300000e+02   8.0000022e-01
   7.2400000e+02   8.0000021e-01
   7.2500000e+02   8.0000019e-01
   7.2600000e+02   8.0000018e-01
   7.2700000e+02   8.0000016e-01
   7.2800000e+02   8.0000015e-01
   7.2900000e+02   8.0000013e-01
   7.3000000e+02   8.0000012e-01
   7.3100000e+02   8.0000011e-01
   7.3200000e+02   8.0000010e-01
   7.3300000e+02   8.0000009e-01
   7.3400000e+02   8.0000008e-01
   7.3500000e+02   8.0000007e-01
   7.3600000e+02   8.0000006e-01
   7.3700000e+02   8.0000005e-01
   7.3800000e+02   8.0000004e-01
   7.3900000e+02   8.0000003e-01
   7.4000000e+02   8.0000003e-01
   7.4100000e+02   8.0000002e-01
   7.4200000e+02   8.0000002e-01
   7.4300000e+02   8.0000001e-01
   7.4400000e+02   8.0000001e-01
   7.4500000e+02   8.0000000e-01
   7.4600000e+02   8.0000000e-01
   7.4700000e+02   7.9999999e-01
   7.4800000e+02   7.9999999e-01
   7.4900000e+02   7.9999999e-01
   7.5000000e+02   7.9999998e-01
   7.5100000e+02   7.9999998e-01
   7.5200000e+02   7.9999998e-01
   7.5300000e+02   7.9999998e-01
   7.5400000e+02   7.9999997e-01
   7.5500000e+02   7.9999997e-01
   7.5600000e+02   7.9999997e-01
   7.5700000e+02   7.9999997e-01
   7.5800000e+02   7.9999997e-01
   7.5900000e+02   7.9999997e-01
   7.6000000e+02   7.9999997e-01
   7.6100000e+02   7.9999997e-01
   7.6200000e+02   7.9999997e-01
   7.6300000e+02   7.9999997e-01
   7.6400000e+02   7.9999997e-01
   7.6500000e+02   7.9999997e-01
   7.6600000e+02   7.9999997e-01
   7.6700000e+02   7.9999997e-01
   7.6800000e+02   7.9999997e-01
   7.6900000e+02   7.9999997e-01
   7.7000000e+02   7.9999997e-01
   7.7100000e+02   7.9999997e-01
   7.7200000e+02   7.9999997e-01
   7.7300000e+02   7.9999997e-01
   7.7400000e+02   7.9999997e-01
   7.7500000e+02   7.9999998e-01
   7.7600000e+02   7.9999998e-01
   7.7700000e+02   7.9999998e-01
   7.7800000e+02   7.9999998e-01
   7.7900000e+02   7.9999998e-01
   7.8000000e+02   7.9999998e-01
   7.8100000e+02   7.9999998e-01
   7.8200000e+02   7.9999998e-01
   7.8300000e+02   7.9999998e-01
   7.8400000e+02   7.9999998e-01
   7.8500000e+02   7.9999998e-01
   7.8600000e+02   7.9999998e-01
   7.8700000e+02   7.9999999e-01
   7.8800000e+02   7.9999999e-01
   7.8900000e+02   7.9999999e-01
   7.9000000e+02   7.9999999e-01
   7.9100000e+02   7.9999999e-01
   7.9200000e+02   7.9999999e-01
   7.9300000e+02   7.9999999e-01
   7.9400000e+02   7.9999999e-01
   7.9500000e+02   7.9999999e-01
   7.9600000e+02   7.9999999e-01
   7.9700000e+02   7.9999999e-01
   7.9800000e+02   7.9999999e-01
   7.9900000e+02   7.9999999e-01
   8.0000000e+02   7.9999999e-01
   8.0100000e+02   8.0000000e-01
   8.0200000e+02   8.0000000e-01
   8.0300000e+02   8.0000000e-01
   8.0400000e+02   8.0000000e-01
   8.0500000e+02   8.0000000e-01
   8.0600000e+02   8.0000000e-01
   8.0700000e+02   8.0000000e-01
   8.0800000e+02   8.0000000e-01
   8.0900000e+02   8.0000000e-01
   8.1000000e+02   8.0077872e-01
   8.1100000e+02   8.0205182e-01
   8.1200000e+02   8.0311292e-01
   8.1300000e+02   8.0427250e-01
   8.1400000e+02   8.0575949e-01
   8.1500000e+02   8.0773994e-01
   8.1600000e+02   8.1033153e-01
   8.1700000e+02   8.1361484e-01
   8.1800000e+02   8.1764205e-01
   8.1900000e+02   8.2244379e-01
   8.2000000e+02   8.2798034e-01
   8.2100000e+02   8.3417734e-01
   8.2200000e+02   8.4102699e-01
   8.2300000e+02   8.4853599e-01
   8.2400000e+02   8.5666669e-01
   8.2500000e+02   8.6535341e-01
   8.2600000e+02   8.7451375e-01
   8.2700000e+02   8.8405640e-01
   8.2800000e+02   8.9388634e-01
   8.2900000e+02   9.0390829e-01
   8.3000000e+02   9.1403259e-01
   8.3100000e+02   9.2418100e-01
   8.3200000e+02   9.3428259e-01
   8.3300000e+02   9.4426754e-01
   8.3400000e+02   9.5406919e-01
   8.3500000e+02   9.6362845e-01
   8.3600000e+02   9.7289576e-01
   8.3700000e+02   9.8183180e-01
   8.3800000e+02   9.9040724e-01
   8.3900000e+02   9.9860212e-01
   8.4000000e+02   1.0064048e+00
   8.4100000e+02   1.0138104e+00
   8.4200000e+02   1.0208193e+00
   8.4300000e+02   1.0274365e+00
   8.4400000e+02   1.0336716e+00
   8.4500000e+02   1.0395381e+00
   8.4600000e+02   1.0450525e+00
   8.4700000e+02   1.0502331e+00
   8.4800000e+02   1.0550991e+00
   8.4900000e+02   1.0596702e+00
   8.5000000e+02   1.0639653e+00
   8.5100000e+02   1.0680024e+00
   8.5200000e+02   1.0717985e+00
   8.5300000e+02   1.0753691e+00
   8.5400000e+02   1.0787285e+00
   8.5500000e+02   1.0818892e+00
   8.5600000e+02   1.0848621e+00
   8.5700000e+02   1.0876566e+00
   8.5800000e+02   1.0902805e+00
   8.5900000e+02   1.0927404e+00
   8.6000000e+02   1.0950416e+00
   8.6100000e+02   1.0971889e+00
   8.6200000e+02   1.0991860e+00
   8.6300000e+02   1.1010364e+00
   8.6400000e+02   1.1027433e+00
   8.6500000e+02   1.1043096e+00
   8.6600000e+02   1.1057384e+00
   8.6700000e+02   1.1070329e+00
   8.6800000e+02   1.1081967e+00
   8.6900000e+02   1.1092334e+00
   8.7000000e+02   1.1101473e+00
   8.7100000e+02   1.1109430e+00
   8.7200000e+02   1.1116255e+00
   8.7300000e+02   1.1122002e+00
   8.7400000e+02   1.1126729e+00
   8.7500000e+02   1.1130494e+00
   8.7600000e+02   1.1133361e+00
   8.7700000e+02   1.1135393e+00
   8.7800000e+02   1.1136655e+00
   8.7900000e+02   1.1137211e+00
   8.8000000e+02   1.1137126e+00
   8.8100000e+02   1.1136460e+00
   8.8200000e+02   1.1135277e+00
   8.8300000e+02   1.1133632e+00
   8.8400000e+02   1.1131583e+00
   8.8500000e+02   1.1129180e+00
   8.8600000e+02   1.1126473e+00
   8.8700000e+02   1.1123506e+00
   8.8800000e+02   1.1120321e+00
   8.8900000e+02   1.1116956e+00
   8.9000000e+02   1.1113443e+00
   8.9100000e+02   1.1109814e+00
   8.9200000e+02   1.1106097e+00
   8.9300000e+02   1.1102314e+00
   8.9400000e+02   1.1098487e+00
   8.9500000e+02   1.1094635e+00
   8.9600000e+02   1.1090774e+00
   8.9700000e+02   1.1086918e+00
   8.9800000e+02   1.1083080e+00
   8.9900000e+02   1.1079271e+00
   9.0000000e+02   1.1075500e+00
   9.0100000e+02   1.1071776e+00
   9.0200000e+02   1.1068107e+00
   9.0300000e+02   1.1064498e+00
   9.0400000e+02   1.1060957e+00
   9.0500000e+02   1.1057489e+00
   9.0600000e+02   1.1054099e+00
   9.0700000e+02   1.1050791e+00
   9.0800000e+02   1.1047570e+00
   9.0900000e+02   1.1044440e+00
   9.1000000e+02   1.1041404e+00
   9.1100000e+02   1.1038465e+00
   9.1200000e+02   1.1035626e+00
   9.1300000e+02   1.1032890e+00
   9.1400000e+02   1.1030258e+00
   9.1500000e+02   1.1027732e+00
   9.1600000e+02   1.1025313e+00
   9.1700000e+02   1.1023002e+00
   9.1800000e+02   1.1020799e+00
   9.1900000e+02   1.1018704e+00
   9.2000000e+02   1.1016717e+00
   9.2100000e+02   1.1014836e+00
   9.2200000e+02   1.1013061e+00
   9.2300000e+02   1.1011389e+00
   9.2400000e+02   1.1009818e+00
   9.2500000e+02   1.1008347e+00
   9.2600000e+02   1.1006972e+00
   9.2700000e+02   1.1005691e+00
   9.2800000e+02   1.1004501e+00
   9.2900000e+02   1.1003398e+00
   9.3000000e+02   1.1002379e+00
   9.3100000e+02   1.1001441e+00
   9.3200000e+02   1.1000580e+00
   9.3300000e+02   1.0999793e+00
   9.3400000e+02   1.0999075e+00
   9.3500000e+02   1.0998424e+00
   9.3600000e+02   1.0997837e+00
   9.3700000e+02   1.0997308e+00
   9.3800000e+02   1.0996837e+00
   9.3900000e+02   1.0996418e+00
   9.4000000e+02   1.0996049e+00
   9.4100000e+02   1.0995727e+00
   9.4200000e+02   1.0995449e+00
   9.4300000e+02   1.0995212e+00
   9.4400000e+02   1.0995013e+00
   9.4500000e+02   1.0994850e+00
   9.4600000e+02   1.0994721e+00
   9.4700000e+02   1.0994622e+00
   9.4800000e+02   1.0994552e+00
   9.4900000e+02   1.0994509e+00
   9.5000000e+02   1.0994490e+00
   9.5100000e+02   1.0994493e+00
   9.5200000e+02   1.0994517e+00
   9.5300000e+02   1.0994559e+00
   9.5400000e+02   1.0994619e+00
   9.5500000e+02   1.0994694e+00
   9.5600000e+02   1.0994783e+00
   9.5700000e+02   1.0994884e+00
   9.5800000e+02   1.0994996e+00
   9.5900000e+02   1.0995118e+00
   9.6000000e+02   1.0995248e+00
   9.6100000e+02   1.0995385e+00
   9.6200000e+02   1.0995528e+00
   9.6300000e+02   1.0995676e+00
   9.6400000e+02   1.0995828e+00
   9.6500000e+02   1.0995983e+00
   9.6600000e+02   1.0996140e+00
   9.6700000e+02   1.0996299e+00
   9.6800000e+02   1.0996458e+00
   9.6900000e+02   1.0996617e+00
   9.7000000e+02   1.0996775e+00
   9.7100000e+02   1.0996933e+00
   9.7200000e+02   1.0997088e+00
   9.7300000e+02   1.0997241e+00
   9.7400000e+02   1.0997391e+00
   9.7500000e+02   1.0997539e+00
   9.7600000e+02   1.0997683e+00
   9.7700000e+02   1.0997824e+00
   9.7800000e+02   1.0997960e+00
   9.7900000e+02   1.0998093e+00
   9.8000000e+02   1.0998222e+00
   9.8100000e+02   1.0998346e+00
   9.8200000e+02   1.0998465e+00
   9.8300000e+02   1.0998581e+00
   9.8400000e+02   1.0998691e+00
   9.8500000e+02   1.0998798e+00
   9.8600000e+02   1.0998899e+00
   9.8700000e+02   1.0998996e+00
   9.8800000e+02   1.0999088e+00
   9.8900000e+02   1.0999176e+00
   9.9000000e+02   1.0999260e+00
   9.9100000e+02   1.0999339e+00
   9.9200000e+02   1.0999414e+00
   9.9300000e+02   1.0999484e+00
   9.9400000e+02   1.0999551e+00
   9.9500000e+02   1.0999613e+00
   9.9600000e+02   1.0999672e+00
   9.9700000e+02   1.0999727e+00
   9.9800000e+02   1.0999778e+00
   9.9900000e+02   1.0999825e+00
   1.0000000e+03   1.0999869e+00
   1.0010000e+03   1.0999910e+00
   1.0020000e+03   1.0999948e+00
   1.0030000e+03   1.0999982e+00
   1.0040000e+03   1.1000014e+00
   1.0050000e+03   1.1000043e+00
   1.0060000e+03   1.1000069e+00
   1.0070000e+03   1.1000093e+00
   1.0080000e+03   1.1000114e+00
   1.0090000e+03   1.1000133e+00
   1.0100000e+03   1.1000150e+00
   1.0110000e+03   1.1000165e+00
   1.0120000e+03   1.1000178e+00
   1.0130000e+03   1.1000189e+00
   1.0140000e+03   1.1000198e+00
   1.0150000e+03   1.1000206e+00
   1.0160000e+03   1.1000213e+00
   1.0170000e+03   1.1000218e+00
   1.0180000e+03   1.1000221e+00
   1.0190000e+03   1.1000224e+00
   1.0200000e+03   1.1000225e+00
   1.0210000e+03   1.1000226e+00
   1.0220000e+03   1.1000226e+00
   1.0230000e+03   1.1000224e+00
   1.0240000e+03   1.1000222e+00
   1.0250000e+03   1.1000220e+00
   1.0260000e+03   1.1000216e+00
   1.0270000e+03   1.1000212e+00
   1.0280000e+03   1.1000208e+00
   1.0290000e+03   1.1000203e+00
   1.0300000e+03   1.1000198e+00
   1.0310000e+03   1.1000193e+00
   1.0320000e+03   1.1000187e+00
   1.0330000e+03   1.1000181e+00
   1.0340000e+03   1.1000175e+00
   1.0350000e+03   1.1000169e+00
   1.0360000e+03   1.1000162e+00
   1.0370000e+03   1.1000156e+00
   1.0380000e+03   1.1000150e+00
   1.0390000e+03   1.1000143e+00
   1.0400000e+03   1.1000137e+00
   1.0410000e+03   1.1000130e+00
   1.0420000e+03   1.1000124e+00
   1.0430000e+03   1.1000117e+00
   1.0440000e+03   1.1000111e+00
   1.0450000e+03   1.1000105e+00
   1.0460000e+03   1.1000099e+00
   1.0470000e+03   1.1000093e+00
   1.0480000e+03   1.1000088e+00
   1.0490000e+03   1.1000082e+00
   1.0500000e+03   1.1000077e+00
   1.0510000e+03   1.1000071e+00
   1.0520000e+03   1.1000066e+00
   1.0530000e+03   1.1000062e+00
   1.0540000e+03   1.1000057e+00
   1.0550000e+03   1.1000052e+00
   1.0560000e+03   1.1000048e+00
   1.0570000e+03   1.1000044e+00
   1.0580000e+03   1.1000040e+00
   1.0590000e+03   1.1000036e+00
   1.0600000e+03   1.1000033e+00
   1.0610000e+03   1.1000029e+00
   1.0620000e+03   1.1000026e+00
   1.0630000e+03   1.1000023e+00
   1.0640000e+03   1.1000020e+00
   1.0650000e+03   1.1000018e+00
   1.0660000e+03   1.1000015e+00
   1.0670000e+03   1.1000013e+00
   1.0680000e+03   1.1000011e+00
   1.0690000e+03   1.1000009e+00
   1.0700000e+03   1.1000007e+00
   1.0710000e+03   1.1000005e+00
   1.0720000e+03   1.1000003e+00
   1.0730000e+03   1.1000002e+00
   1.0740000e+03   1.1000000e+00
   1.0750000e+03   1.0999999e+00
   1.0760000e+03   1.0999998e+00
   1.0770000e+03   1.0999997e+00
   1.0780000e+03   1.0999996e+00
   1.0790000e+03   1.0999995e+00
   1.0800000e+03   1.0999994e+00
   1.0810000e+03   1.0999994e+00
   1.0820000e+03   1.0999993e+00
   1.0830000e+03   1.0999993e+00
   1.0840000e+03   1.0999992e+00
   1.0850000e+03   1.0999992e+00
   1.0860000e+03   1.0999991e+00
   1.0870000e+03   1.0999991e+00
   1.0880000e+03   1.0999991e+00
   1.0890000e+03   1.0999991e+00
   1.0900000e+03   1.0999991e+00
   1.0910000e+03   1.0999991e+00
   1.0920000e+03   1.0999991e+00
   1.0930000e+03   1.0999991e+00
   1.0940000e+03   1.0999991e+00
   1.0950000e+03   1.0999991e+00
   1.0960000e+03   1.0999991e+00
   1.0970000e+03   1.0999991e+00
   1.0980000e+03   1.0999991e+00
   1.0990000e+03   1.0999992e+00
   1.1000000e+03   1.0999992e+00
   1.1010000e+03   1.0999992e+00
   1.1020000e+03   1.0999992e+00
   1.1030000e+03   1.0999992e+00
   1.1040000e+03   1.0999993e+00
   1.1050000e+03   1.0999993e+00
   1.1060000e+03   1.0999993e+00
   1.1070000e+03   1.0999993e+00
   1.1080000e+03   1.0999994e+00
   1.1090000e+03   1.0999994e+00
   1.1100000e+03   1.0999994e+00
   1.1110000e+03   1.0999994e+00
   1.1120000e+03   1.0999995e+00
   1.1130000e+03   1.0999995e+00
   1.1140000e+03   1.0999995e+00
   1.1150000e+03   1.0999996e+00
   1.1160000e+03   1.0999996e+00
   1.1170000e+03   1.0999996e+00
   1.1180000e+03   1.0999996e+00
   1.1190000e+03   1.0999996e+00
   1.1200000e+03   1.0999997e+00
   1.1210000e+03   1.0999997e+00
   1.1220000e+03   1.0999997e+00
   1.1230000e+03   1.0999997e+00
   1.1240000e+03   1.0999998e+00
   1.1250000e+03   1.0999998e+00
   1.1260000e+03   1.0999998e+00
   1.1270000e+03   1.0999998e+00
   1.1280000e+03   1.0999998e+00
   1.1290000e+03   1.0999998e+00
   1.1300000e+03   1.0999999e+00
   1.1310000e+03   1.0999999e+00
   1.1320000e+03   1.0999999e+00
   1.1330000e+03   1.0999999e+00
   1.1340000e+03   1.0999999e+00
   1.1350000e+03   1.0999999e+00
   1.1360000e+03   1.0999999e+00
   1.1370000e+03   1.0999999e+00
   1.1380000e+03   1.0999999e+00
   1.1390000e+03   1.1000000e+00
   1.1400000e+03   1.1000000e+00
   1.1410000e+03   1.1000000e+00
   1.1420000e+03   1.1000000e+00
   1.1430000e+03   1.1000000e+00
   1.1440000e+03   1.1000000e+00
   1.1450000e+03   1.1000000e+00
   1.1460000e+03   1.1000000e+00
   1.1470000e+03   1.1000000e+00
   1.1480000e+03   1.1000000e+00
   1.1490000e+03   1.1000000e+00
   1.1500000e+03   1.1000000e+00
   1.1510000e+03   1.1000000e+00
   1.1520000e+03   1.1000000e+00
   1.1530000e+03   1.1000000e+00
   1.1540000e+03   1.1000000e+00
   1.1550000e+03   1.1000000e+00
   1.1560000e+03   1.1000000e+00
   1.1570000e+03   1.1000000e+00
   1.1580000e+03   1.1000000e+00
   1.1590000e+03   1.1000000e+00
   1.1600000e+03   1.1000000e+00
   1.1610000e+03   1.1000000e+00
   1.1620000e+03   1.1000000e+00
   1.1630000e+03   1.1000000e+00
   1.1640000e+03   1.1000000e+00
   1.1650000e+03   1.1000000e+00
   1.1660000e+03   1.1000000e+00
   1.1670000e+03   1.1000000e+00
   1.1680000e+03   1.1000000e+00
   1.1690000e+03   1.1000000e+00
   1.1700000e+03   1.1000000e+00
   1.1710000e+03   1.1000000e+00
   1.1720000e+03   1.1000000e+00
   1.1730000e+03   1.1000000e+00
   1.1740000e+03   1.1000000e+00
   1.1750000e+03   1.1000000e+00
   1.1760000e+03   1.1000000e+00
   1.1770000e+03   1.1000000e+00
   1.1780000e+03   1.1000000e+00
   1.1790000e+03   1.1000000e+00
   1.1800000e+03   1.1000000e+00
   1.1810000e+03   1.1000000e+00
   1.1820000e+03   1.1000000e+00
   1.1830000e+03   1.1000000e+00
   1.1840000e+03   1.1000000e+00
   1.1850000e+03   1.1000000e+00
   1.1860000e+03   1.1000000e+00
   1.1870000e+03   1.1000000e+00
   1.1880000e+03   1.1000000e+00
   1.1890000e+03   1.1000000e+00
   1.1900000e+03   1.1000000e+00
   1.1910000e+03   1.1000000e+00
   1.1920000e+03   1.1000000e+00
   1.1930000e+03   1.1000000e+00
   1.1940000e+03   1.1000000e+00
   1.1950000e+03   1.1000000e+00
   1.1960000e+03   1.1000000e+00
   1.1970000e+03   1.1000000e+00
   1.1980000e+03   1.1000000e+00
   1.1990000e+03   1.1000000e+00
   1.2000000e+03   1.1000000e+00
   1.2010000e+03   1.1000000e+00
   1.2020000e+03   1.1000000e+00
   1.2030000e+03   1.1000000e+00
   1.2040000e+03   1.1000000e+00
   1.2050000e+03   1.1000000e+00
   1.2060000e+03   1.1000000e+00
   1.2070000e+03   1.1000000e+00
   1.2080000e+03   1.1000000e+00
   1.2090000e+03   1.1000000e+00
   1.2100000e+03   1.0992213e+00
   1.2110000e+03   1.0979482e+00
   1.2120000e+03   1.0969338e+00
   1.2130000e+03   1.0959441e+00
   1.2140000e+03   1.0948053e+00
   1.2150000e+03   1.0933904e+00
   1.2160000e+03   1.0916083e+00
   1.2170000e+03   1.0893954e+00
   1.2180000e+03   1.0867093e+00
   1.2190000e+03   1.0835238e+00
   1.2200000e+03   1.0798787e+00
   1.2210000e+03   1.0758456e+00
   1.2220000e+03   1.0714241e+00
   1.2230000e+03   1.0665898e+00
   1.2240000e+03   1.0613541e+00
   1.2250000e+03   1.0557520e+00
   1.2260000e+03   1.0498325e+00
   1.2270000e+03   1.0436529e+00
   1.2280000e+03   1.0372745e+00
   1.2290000e+03   1.0307599e+00
   1.2300000e+03   1.0241671e+00
   1.2310000e+03   1.0175444e+00
   1.2320000e+03   1.0109346e+00
   1.2330000e+03   1.0043817e+00
   1.2340000e+03   9.9792993e-01
   1.2350000e+03   9.9161977e-01
   1.2360000e+03   9.8548587e-01
   1.2370000e+03   9.7955627e-01
   1.2380000e+03   9.7385233e-01
   1.2390000e+03   9.6838899e-01
   1.2400000e+03   9.6317554e-01
   1.2410000e+03   9.5821691e-01
   1.2420000e+03   9.5351486e-01
   1.2430000e+03   9.4906817e-01
   1.2440000e+03   9.4487258e-01
   1.2450000e+03   9.4092092e-01
   1.2460000e+03   9.3720376e-01
   1.2470000e+03   9.3371007e-01
   1.2480000e+03   9.3042788e-01
   1.2490000e+03   9.2734493e-01
   1.2500000e+03   9.2444906e-01
   1.2510000e+03   9.2172862e-01
   1.2520000e+03   9.1917254e-01
   1.2530000e+03   9.1677045e-01
   1.2540000e+03   9.1451276e-01
   1.2550000e+03   9.1239081e-01
   1.2560000e+03   9.1039691e-01
   1.2570000e+03   9.0852438e-01
   1.2580000e+03   9.0676754e-01
   1.2590000e+03   9.0512154e-01
   1.2600000e+03   9.0358232e-01
   1.2610000e+03   9.0214640e-01
   1.2620000e+03   9.0081081e-01
   1.2630000e+03   8.9957291e-01
   1.2640000e+03   8.9843029e-01
   1.2650000e+03   8.9738072e-01
   1.2660000e+03   8.9642200e-01
   1.2670000e+03   8.9555189e-01
   1.2680000e+03   8.9476802e-01
   1.2690000e+03   8.9406787e-01
   1.2700000e+03   8.9344868e-01
   1.2710000e+03   8.9290746e-01
   1.2720000e+03   8.9244100e-01
   1.2730000e+03   8.9204584e-01
   1.2740000e+03   8.9171831e-01
   1.2750000e+03   8.9145459e-01
   1.2760000e+03   8.9125069e-01
   1.2770000e+03   8.9110251e-01
   1.2780000e+03   8.9100591e-01
   1.2790000e+03   8.9095671e-01
   1.2800000e+03   8.9095077e-01
   1.2810000e+03   8.9098402e-01
   1.2820000e+03   8.9105249e-01
   1.2830000e+03   8.9115237e-01
   1.2840000e+03   8.9127999e-01
   1.2850000e+03   8.9143192e-01
   1.2860000e+03   8.9160491e-01
   1.2870000e+03   8.9179594e-01
   1.2880000e+03   8.9200224e-01
   1.2890000e+03   8.9222127e-01
   1.2900000e+03   8.9245072e-01
   1.2910000e+03   8.9268850e-01
   1.2920000e+03   8.9293274e-01
   1.2930000e+03   8.9318180e-01
   1.2940000e+03   8.9343419e-01
   1.2950000e+03   8.9368861e-01
   1.2960000e+03   8.9394394e-01
   1.2970000e+03   8.9419917e-01
   1.2980000e+03   8.9445342e-01
   1.2990000e+03   8.9470594e-01
   1.3000000e+03   8.9495604e-01
   1.3010000e+03   8.9520313e-01
   1.3020000e+03   8.9544669e-01
   1.3030000e+03   8.9568625e-01
   1.3040000e+03   8.9592140e-01
   1.3050000e+03   8.9615176e-01
   1.3060000e+03   8.9637698e-01
   1.3070000e+03   8.9659676e-01
   1.3080000e+03   8.9681082e-01
   1.3090000e+03   8.9701890e-01
   1.3100000e+03   8.9722078e-01
   1.3110000e+03   8.9741624e-01
   1.3120000e+03   8.9760512e-01
   1.3130000e+03   8.9778725e-01
   1.3140000e+03   8.9796250e-01
   1.3150000e+03   8.9813077e-01
   1.3160000e+03   8.9829199e-01
   1.3170000e+03   8.9844610e-01
   1.3180000e+03   8.9859308e-01
   1.3190000e+03   8.9873294e-01
   1.3200000e+03   8.9886570e-01
   1.3210000e+03   8.9899144e-01
   1.3220000e+03   8.9911022e-01
   1.3230000e+03   8.9922215e-01
   1.3240000e+03   8.9932737e-01
   1.3250000e+03   8.9942603e-01
   1.3260000e+03   8.9951828e-01
   1.3270000e+03   8.9960431e-01
   1.3280000e+03   8.9968432e-01
   1.3290000e+03   8.9975852e-01
   1.3300000e+03   8.9982712e-01
   1.3310000e+03   8.9989034e-01
   1.3320000e+03   8.9994842e-01
   1.3330000e+03   9.0000159e-01
   1.3340000e+03   9.0005007e-01
   1.3350000e+03   9.0009410e-01
   1.3360000e+03   9.0013392e-01
   1.3370000e+03   9.0016973e-01
   1.3380000e+03   9.0020177e-01
   1.3390000e+03   9.0023026e-01
   1.3400000e+03   9.0025539e-01
   1.3410000e+03   9.0027738e-01
   1.3420000e+03   9.0029642e-01
   1.3430000e+03   9.0031269e-01
   1.3440000e+03   9.0032639e-01
   1.3450000e+03   9.0033768e-01
   1.3460000e+03   9.0034673e-01
   1.3470000e+03   9.0035371e-01
   1.3480000e+03   9.0035875e-01
   1.3490000e+03   9.0036202e-01
   1.3500000e+03   9.0036364e-01
   1.3510000e+03   9.0036375e-01
   1.3520000e+03   9.0036247e-01
   1.3530000e+03   9.0035993e-01
   1.3540000e+03   9.0035625e-01
   1.3550000e+03   9.0035152e-01
   1.3560000e+03   9.0034586e-01
   1.3570000e+03   9.0033937e-01
   1.3580000e+03   9.0033213e-01
   1.3590000e+03   9.0032424e-01
   1.3600000e+03   9.0031578e-01
   1.3610000e+03   9.0030683e-01
   1.3620000e+03   9.0029747e-01
   1.3630000e+03   9.0028777e-01
   1.3640000e+03   9.0027780e-01
   1.3650000e+03   9.0026761e-01
   1.3660000e+03   9.0025727e-01
   1.3670000e+03   9.0024682e-01
   1.3680000e+03   9.0023632e-01
   1.3690000e+03   9.0022582e-01
   1.3700000e+03   9.0021536e-01
   1.3710000e+03   9.0020496e-01
   1.3720000e+03   9.0019468e-01
   1.3730000e+03   9.0018454e-01
   1.3740000e+03   9.0017456e-01
   1.3750000e+03   9.0016478e-01
   1.3760000e+03   9.0015521e-01
   1.3770000e+03   9.0014587e-01
   1.3780000e+03   9.0013678e-01
   1.3790000e+03   9.0012796e-01
   1.3800000e+03   9.0011941e-01
   1.3810000e+03   9.0011114e-01
   1.3820000e+03   9.0010317e-01
   1.3830000e+03   9.0009549e-01
   1.3840000e+03   9.0008811e-01
   1.3850000e+03   9.0008103e-01
   1.3860000e+03   9.0007425e-01
   1.3870000e+03   9.0006778e-01
   1.3880000e+03   9.0006161e-01
   1.3890000e+03   9.0005573e-01
   1.3900000e+03   9.0005015e-01
   1.3910000e+03   9.0004486e-01
   1.3920000e+03   9.0003986e-01
   1.3930000e+03   9.0003513e-01
   1.3940000e+03   9.0003068e-01
   1.3950000e+03   9.0002649e-01
   1.3960000e+03   9.0002256e-01
   1.3970000e+03   9.0001889e-01
   1.3980000e+03   9.0001546e-01
   1.3990000e+03   9.0001227e-01
   1.4000000e+03   9.0000930e-01
   1.4010000e+03   9.0000655e-01
   1.4020000e+03   9.0000402e-01
   1.4030000e+03   9.0000169e-01
   1.4040000e+03   8.9999955e-01
   1.4050000e+03   8.9999760e-01
   1.4060000e+03   8.9999583e-01
   1.4070000e+03   8.9999422e-01
   1.4080000e+03   8.9999278e-01
   1.4090000e+03   8.9999149e-01
   1.4100000e+03   8.9999034e-01
   1.4110000e+03   8.9998933e-01
   1.4120000e+03   8.9998845e-01
   1.4130000e+03   8.9998769e-01
   1.4140000e+03   8.9998704e-01
   1.4150000e+03   8.9998650e-01
   1.4160000e+03   8.9998605e-01
   1.4170000e+03   8.9998570e-01
   1.4180000e+03   8.9998543e-01
   1.4190000e+03   8.9998525e-01
   1.4200000e+03   8.9998513e-01
   1.4210000e+03   8.9998509e-01
   1.4220000e+03   8.9998510e-01
   1.4230000e+03   8.9998517e-01
   1.4240000e+03   8.9998529e-01
   1.4250000e+03   8.9998546e-01
   1.4260000e+03   8.9998567e-01
   1.4270000e+03   8.9998591e-01
   1.4280000e+03   8.9998619e-01
   1.4290000e+03   8.9998650e-01
   1.4300000e+03   8.9998683e-01
   1.4310000e+03   8.9998719e-01
   1.4320000e+03   8.9998756e-01
   1.4330000e+03   8.9998795e-01
   1.4340000e+03   8.9998835e-01
   1.4350000e+03   8.9998876e-01
   1.4360000e+03   8.9998918e-01
   1.4370000e+03   8.9998960e-01
   1.4380000e+03   8.9999003e-01
   1.4390000e+03   8.9999046e-01
   1.4400000e+03   8.9999088e-01
   1.4410000e+03   8.9999131e-01
   1.4420000e+03   8.9999173e-01
   1.4430000e+03   8.9999215e-01
   1.4440000e+03   8.9999256e-01
   1.4450000e+03   8.9999297e-01
   1.4460000e+03   8.9999336e-01
   1.4470000e+03   8.9999375e-01
   1.4480000e+03   8.9999413e-01
   1.4490000e+03   8.9999450e-01
   1.4500000e+03   8.9999485e-01
   1.4510000e+03   8.9999520e-01
   1.4520000e+03   8.9999554e-01
   1.4530000e+03   8.9999586e-01
   1.4540000e+03   8.9999617e-01
   1.4550000e+03   8.9999647e-01
   1.4560000e+03   8.9999675e-01
   1.4570000e+03   8.9999703e-01
   1.4580000e+03   8.9999729e-01
   1.4590000e+03   8.9999754e-01
   1.4600000e+03   8.9999778e-01
   1.4610000e+03   8.9999800e-01
   1.4620000e+03   8.9999822e-01
   1.4630000e+03   8.9999842e-01
   1.4640000e+03   8.9999861e-01
   1.4650000e+03   8.9999879e-01
   1.4660000e+03   8.9999896e-01
   1.4670000e+03   8.9999912e-01
   1.4680000e+03   8.9999926e-01
   1.4690000e+03   8.9999940e-01
   1.4700000e+03   8.9999953e-01
   1.4710000e+03   8.9999965e-01
   1.4720000e+03   8.9999976e-01
   1.4730000e+03   8.9999986e-01
   1.4740000e+03   8.9999995e-01
   1.4750000e+03   9.0000004e-01
   1.4760000e+03   9.0000012e-01
   1.4770000e+03   9.0000019e-01
   1.4780000e+03   9.0000025e-01
   1.4790000e+03   9.0000031e-01
   1.4800000e+03   9.0000036e-01
   1.4810000e+03   9.0000041e-01
   1.4820000e+03   9.0000045e-01
   1.4830000e+03   9.0000048e-01
   1.4840000e+03   9.0000051e-01
   1.4850000e+03   9.0000054e-01
   1.4860000e+03   9.0000056e-01
   1.4870000e+03   9.0000057e-01
   1.4880000e+03   9.0000059e-01
   1.4890000e+03   9.0000060e-01
   1.4900000e+03   9.0000060e-01
   1.4910000e+03   9.0000061e-01
   1.4920000e+03   9.0000061e-01
   1.4930000e+03   9.0000061e-01
   1.4940000e+03   9.0000061e-01
   1.4950000e+03   9.0000060e-01
   1.4960000e+03   9.0000059e-01
   1.4970000e+03   9.0000058e-01
   1.4980000e+03   9.0000057e-01
   1.4990000e+03   9.0000056e-01
   1.5000000e+03   9.0000055e-01
   1.5010000e+03   9.0000053e-01
   1.5020000e+03   9.0000052e-01
   1.5030000e+03   9.0000050e-01
   1.5040000e+03   9.0000049e-01
   1.5050000e+03   9.0000047e-01
   1.5060000e+03   9.0000046e-01
   1.5070000e+03   9.0000044e-01
   1.5080000e+03   9.0000042e-01
   1.5090000e+03   9.0000040e-01
   1.5100000e+03   9.0000039e-01
   1.5110000e+03   9.0000037e-01
   1.5120000e+03   9.0000035e-01
   1.5130000e+03   9.0000033e-01
   1.5140000e+03   9.0000032e-01
   1.5150000e+03   9.0000030e-01
   1.5160000e+03   9.0000028e-01
   1.5170000e+03   9.0000027e-01
   1.5180000e+03   9.0000025e-01
   1.5190000e+03   9.0000024e-01
   1.5200000e+03   9.0000022e-01
   1.5210000e+03   9.0000021e-01
   1.5220000e+03   9.0000019e-01
   1.5230000e+03   9.0000018e-01
   1.5240000e+03   9.0000017e-01
   1.5250000e+03   9.0000015e-01
   1.5260000e+03   9.0000014e-01
   1.5270000e+03   9.0000013e-01
   1.5280000e+03   9.0000012e-01
   1.5290000e+03   9.0000011e-01
   1.5300000e+03   9.0000010e-01
   1.5310000e+03   9.0000009e-01
   1.5320000e+03   9.0000008e-01
   1.5330000e+03   9.0000007e-01
   1.5340000e+03   9.0000006e-01
   1.5350000e+03   9.0000005e-01
   1.5360000e+03   9.0000005e-01
   1.5370000e+03   9.0000004e-01
   1.5380000e+03   9.0000003e-01
   1.5390000e+03   9.0000003e-01
   1.5400000e+03   9.0000002e-01
   1.5410000e+03   9.0000002e-01
   1.5420000e+03   9.0000001e-01
   1.5430000e+03   9.0000001e-01
   1.5440000e+03   9.0000000e-01
   1.5450000e+03   9.0000000e-01
   1.5460000e+03   9.0000000e-01
   1.5470000e+03   8.9999999e-01
   1.5480000e+03   8.9999999e-01
   1.5490000e+03   8.9999999e-01
   1.5500000e+03   8.9999999e-01
   1.5510000e+03   8.9999998e-01
   1.5520000e+03   8.9999998e-01
   1.5530000e+03   8.9999998e-01
   1.5540000e+03   8.9999998e-01
   1.5550000e+03   8.9999998e-01
   1.5560000e+03   8.9999998e-01
   1.5570000e+03   8.9999998e-01
   1.5580000e+03   8.9999998e-01
   1.5590000e+03   8.9999998e-01
   1.5600000e+03   8.9999998e-01
   1.5610000e+03   8.9999998e-01
   1.5620000e+03   8.9999998e-01
   1.5630000e+03   8.9999998e-01
   1.5640000e+03   8.9999998e-01
   1.5650000e+03   8.9999998e-01
   1.5660000e+03   8.9999998e-01
   1.5670000e+03   8.9999998e-01
   1.5680000e+03   8.9999998e-01
   1.5690000e+03   8.9999998e-01
   1.5700000e+03   8.9999998e-01
   1.5710000e+03   8.9999998e-01
   1.5720000e+03   8.9999998e-01
   1.5730000e+03   8.9999998e-01
   1.5740000e+03   8.9999998e-01
   1.5750000e+03   8.9999998e-01
   1.5760000e+03   8.9999998e-01
   1.5770000e+03   8.9999998e-01
   1.5780000e+03   8.9999998e-01
   1.5790000e+03   8.9999998e-01
   1.5800000e+03   8.9999998e-01
   1.5810000e+03   8.9999998e-01
   1.5820000e+03   8.9999999e-01
   1.5830000e+03   8.9999999e-01
   1.5840000e+03   8.9999999e-01
   1.5850000e+03   8.9999999e-01
   1.5860000e+03   8.9999999e-01
   1.5870000e+03   8.9999999e-01
   1.5880000e+03   8.9999999e-01
   1.5890000e+03   8.9999999e-01
   1.5900000e+03   8.9999999e-01
   1.5910000e+03   8.9999999e-01
   1.5920000e+03   8.9999999e-01
   1.5930000e+03   8.9999999e-01
   1.5940000e+03   8.9999999e-01
   1.5950000e+03   8.9999999e-01
   1.5960000e+03   8.9999999e-01
   1.5970000e+03   8.9999999e-01
   1.5980000e+03   8.9999999e-01
   1.5990000e+03   9.0000000e-01
   1.6000000e+03   9.0000000e-01
