   1.0000000e+00   8.0000000e-01
   2.0000000e+00   8.0000000e-01
   3.0000000e+00   8.0000000e-01
   4.0000000e+00   8.0000000e-01
   5.0000000e+00   8.0000000e-01
   6.0000000e+00   8.0000000e-01
   7.0000000e+00   8.0000000e-01
   8.0000000e+00   8.0000000e-01
   9.0000000e+00   8.0000000e-01
   1.0000000e+01   8.0000000e-01
   1.1000000e+01   8.0000000e-01
   1.2000000e+01   8.0000000e-01
   1.3000000e+01   8.0000000e-01
   1.4000000e+01   8.0000000e-01
   1.5000000e+01   8.0000000e-01
   1.6000000e+01   8.0000000e-01
   1.7000000e+01   8.0000000e-01
   1.8000000e+01   8.0000000e-01
   1.9000000e+01   8.0000000e-01
   2.0000000e+01   8.0000000e-01
   2.1000000e+01   8.0000000e-01
   2.2000000e+01   8.0249192e-01
   2.3000000e+01   8.0827902e-01
   2.4000000e+01   8.1615008e-01
   2.5000000e+01   8.2621952e-01
   2.6000000e+01   8.3814219e-01
   2.7000000e+01   8.5130876e-01
   2.8000000e+01   8.6525438e-01
   2.9000000e+01   8.7962625e-01
   3.0000000e+01   8.9415837e-01
   3.1000000e+01   9.0865199e-01
   3.2000000e+01   9.2296026e-01
   3.3000000e+01   9.3688524e-01
   3.4000000e+01   9.5029383e-01
   3.5000000e+01   9.6310738e-01
   3.6000000e+01   9.7519987e-01
   3.7000000e+01   9.8650257e-01
   3.8000000e+01   9.9701586e-01
   3.9000000e+01   1.0067747e+00
   4.0000000e+01   1.0158268e+00
   4.1000000e+01   1.0242193e+00
   4.2000000e+01   1.0319914e+00
   4.3000000e+01   1.0391831e+00
   4.4000000e+01   1.0458396e+00
   4.5000000e+01   1.0520011e+00
   4.6000000e+01   1.0577094e+00
   4.7000000e+01   1.0630106e+00
   4.8000000e+01   1.0679433e+00
   4.9000000e+01   1.0725300e+00
   5.0000000e+01   1.0767773e+00
   5.1000000e+01   1.0806789e+00
   5.2000000e+01   1.0842206e+00
   5.3000000e+01   1.0873838e+00
   5.4000000e+01   1.0901465e+00
   5.5000000e+01   1.0924846e+00
   5.6000000e+01   1.0943731e+00
   5.7000000e+01   1.0957857e+00
   5.8000000e+01   1.0966959e+00
   5.9000000e+01   1.0970799e+00
   6.0000000e+01   1.0969204e+00
   6.1000000e+01   1.0962092e+00
   6.2000000e+01   1.0949491e+00
   6.3000000e+01   1.0931535e+00
   6.4000000e+01   1.0908468e+00
   6.5000000e+01   1.0880635e+00
   6.6000000e+01   1.0848482e+00
   6.7000000e+01   1.0812547e+00
   6.8000000e+01   1.0773458e+00
   6.9000000e+01   1.0731923e+00
   7.0000000e+01   1.0688716e+00
   7.1000000e+01   1.0644655e+00
   7.2000000e+01   1.0600577e+00
   7.3000000e+01   1.0557315e+00
   7.4000000e+01   1.0515674e+00
   7.5000000e+01   1.0476414e+00
   7.6000000e+01   1.0440228e+00
   7.7000000e+01   1.0407731e+00
   7.8000000e+01   1.0379441e+00
   7.9000000e+01   1.0355768e+00
   8.0000000e+01   1.0336999e+00
   8.1000000e+01   1.0323297e+00
   8.2000000e+01   1.0314693e+00
   8.3000000e+01   1.0311094e+00
   8.4000000e+01   1.0312281e+00
   8.5000000e+01   1.0317929e+00
   8.6000000e+01   1.0327609e+00
   8.7000000e+01   1.0340808e+00
   8.8000000e+01   1.0356945e+00
   8.9000000e+01   1.0375385e+00
   9.0000000e+01   1.0395461e+00
   9.1000000e+01   1.0416496e+00
   9.2000000e+01   1.0437819e+00
   9.3000000e+01   1.0458785e+00
   9.4000000e+01   1.0478796e+00
   9.5000000e+01   1.0497314e+00
   9.6000000e+01   1.0513873e+00
   9.7000000e+01   1.0528091e+00
   9.8000000e+01   1.0539682e+00
   9.9000000e+01   1.0548451e+00
   1.0000000e+02   1.0554308e+00
   1.0100000e+02   1.0557257e+00
   1.0200000e+02   1.0557398e+00
   1.0300000e+02   1.0554915e+00
   1.0400000e+02   1.0550072e+00
   1.0500000e+02   1.0543197e+00
   1.0600000e+02   1.0534671e+00
   1.0700000e+02   1.0524910e+00
   1.0800000e+02   1.0514357e+00
   1.0900000e+02   1.0503460e+00
   1.1000000e+02   1.0492661e+00
   1.1100000e+02   1.0482378e+00
   1.1200000e+02   1.0472997e+00
   1.1300000e+02   1.0464855e+00
   1.1400000e+02   1.0458235e+00
   1.1500000e+02   1.0453356e+00
   1.1600000e+02   1.0450366e+00
   1.1700000e+02   1.0449344e+00
   1.1800000e+02   1.0450296e+00
   1.1900000e+02   1.0453160e+00
   1.2000000e+02   1.0457806e+00
   1.2100000e+02   1.0464046e+00
   1.2200000e+02   1.0471639e+00
   1.2300000e+02   1.0480304e+00
   1.2400000e+02   1.0489729e+00
   1.2500000e+02   1.0499580e+00
   1.2600000e+02   1.0509518e+00
   1.2700000e+02   1.0519205e+00
   1.2800000e+02   1.0528317e+00
   1.2900000e+02   1.0536559e+00
   1.3000000e+02   1.0543666e+00
   1.3100000e+02   1.0549417e+00
   1.3200000e+02   1.0553641e+00
   1.3300000e+02   1.0556219e+00
   1.3400000e+02   1.0557088e+00
   1.3500000e+02   1.0556242e+00
   1.3600000e+02   1.0553732e+00
   1.3700000e+02   1.0549660e+00
   1.3800000e+02   1.0544177e+00
   1.3900000e+02   1.0537478e+00
   1.4000000e+02   1.0529792e+00
   1.4100000e+02   1.0521376e+00
   1.4200000e+02   1.0512502e+00
   1.4300000e+02   1.0503456e+00
   1.4400000e+02   1.0494520e+00
   1.4500000e+02   1.0485967e+00
   1.4600000e+02   1.0478053e+00
   1.4700000e+02   1.0471009e+00
   1.4800000e+02   1.0465030e+00
   1.4900000e+02   1.0460276e+00
   1.5000000e+02   1.0456864e+00
   1.5100000e+02   1.0454865e+00
   1.5200000e+02   1.0454305e+00
   1.5300000e+02   1.0455163e+00
   1.5400000e+02   1.0457374e+00
   1.5500000e+02   1.0460832e+00
   1.5600000e+02   1.0465396e+00
   1.5700000e+02   1.0470891e+00
   1.5800000e+02   1.0477119e+00
   1.5900000e+02   1.0483863e+00
   1.6000000e+02   1.0490896e+00
   1.6100000e+02   1.0497987e+00
   1.6200000e+02   1.0504912e+00
   1.6300000e+02   1.0511455e+00
   1.6400000e+02   1.0517420e+00
   1.6500000e+02   1.0522634e+00
   1.6600000e+02   1.0526953e+00
   1.6700000e+02   1.0530265e+00
   1.6800000e+02   1.0532494e+00
   1.6900000e+02   1.0533601e+00
   1.7000000e+02   1.0533581e+00
   1.7100000e+02   1.0532469e+00
   1.7200000e+02   1.0530333e+00
   1.7300000e+02   1.0527270e+00
   1.7400000e+02   1.0523406e+00
   1.7500000e+02   1.0518889e+00
   1.7600000e+02   1.0513884e+00
   1.7700000e+02   1.0508566e+00
   1.7800000e+02   1.0503117e+00
   1.7900000e+02   1.0497716e+00
   1.8000000e+02   1.0492539e+00
   1.8100000e+02   1.0487746e+00
   1.8200000e+02   1.0483483e+00
   1.8300000e+02   1.0479874e+00
   1.8400000e+02   1.0477019e+00
   1.8500000e+02   1.0474990e+00
   1.8600000e+02   1.0473831e+00
   1.8700000e+02   1.0473557e+00
   1.8800000e+02   1.0474154e+00
   1.8900000e+02   1.0475580e+00
   1.9000000e+02   1.0477766e+00
   1.9100000e+02   1.0480623e+00
   1.9200000e+02   1.0484039e+00
   1.9300000e+02   1.0487891e+00
   1.9400000e+02   1.0492041e+00
   1.9500000e+02   1.0496349e+00
   1.9600000e+02   1.0500670e+00
   1.9700000e+02   1.0504864e+00
   1.9800000e+02   1.0508799e+00
   1.9900000e+02   1.0512354e+00
   2.0000000e+02   1.0515424e+00
   2.0100000e+02   1.0517921e+00
   2.0200000e+02   1.0519780e+00
   2.0300000e+02   1.0520956e+00
   2.0400000e+02   1.0521429e+00
   2.0500000e+02   1.0521201e+00
   2.0600000e+02   1.0520297e+00
   2.0700000e+02   1.0518763e+00
   2.0800000e+02   1.0516664e+00
   2.0900000e+02   1.0514082e+00
   2.1000000e+02   1.0511113e+00
   2.1100000e+02   1.0507862e+00
   2.1200000e+02   1.0504440e+00
   2.1300000e+02   1.0500962e+00
   2.1400000e+02   1.0497540e+00
   2.1500000e+02   1.0494284e+00
   2.1600000e+02   1.0491295e+00
   2.1700000e+02   1.0488660e+00
   2.1800000e+02   1.0486456e+00
   2.1900000e+02   1.0484743e+00
   2.2000000e+02   1.0483563e+00
   2.2100000e+02   1.0482940e+00
   2.2200000e+02   1.0482881e+00
   2.2300000e+02   1.0483372e+00
   2.2400000e+02   1.0484383e+00
   2.2500000e+02   1.0485869e+00
   2.2600000e+02   1.0487769e+00
   2.2700000e+02   1.0490012e+00
   2.2800000e+02   1.0492518e+00
   2.2900000e+02   1.0495198e+00
   2.3000000e+02   1.0497962e+00
   2.3100000e+02   1.0500719e+00
   2.3200000e+02   1.0503380e+00
   2.3300000e+02   1.0505864e+00
   2.3400000e+02   1.0508093e+00
   2.3500000e+02   1.0510004e+00
   2.3600000e+02   1.0511543e+00
   2.3700000e+02   1.0512671e+00
   2.3800000e+02   1.0513361e+00
   2.3900000e+02   1.0513604e+00
   2.4000000e+02   1.0513402e+00
   2.4100000e+02   1.0512775e+00
   2.4200000e+02   1.0511753e+00
   2.4300000e+02   1.0510379e+00
   2.4400000e+02   1.0508707e+00
   2.4500000e+02   1.0506799e+00
   2.4600000e+02   1.0504721e+00
   2.4700000e+02   1.0502546e+00
   2.4800000e+02   1.0500346e+00
   2.4900000e+02   1.0498192e+00
   2.5000000e+02   1.0496153e+00
   2.5100000e+02   1.0494290e+00
   2.5200000e+02   1.0492660e+00
   2.5300000e+02   1.0491309e+00
   2.5400000e+02   1.0490273e+00
   2.5500000e+02   1.0489578e+00
   2.5600000e+02   1.0489236e+00
   2.5700000e+02   1.0489250e+00
   2.5800000e+02   1.0489610e+00
   2.5900000e+02   1.0490295e+00
   2.6000000e+02   1.0491275e+00
   2.6100000e+02   1.0492511e+00
   2.6200000e+02   1.0493956e+00
   2.6300000e+02   1.0495558e+00
   2.6400000e+02   1.0497262e+00
   2.6500000e+02   1.0499010e+00
   2.6600000e+02   1.0500745e+00
   2.6700000e+02   1.0502411e+00
   2.6800000e+02   1.0503956e+00
   2.6900000e+02   1.0505334e+00
   2.7000000e+02   1.0506505e+00
   2.7100000e+02   1.0507435e+00
   2.7200000e+02   1.0508103e+00
   2.7300000e+02   1.0508492e+00
   2.7400000e+02   1.0508598e+00
   2.7500000e+02   1.0508424e+00
   2.7600000e+02   1.0507984e+00
   2.7700000e+02   1.0507298e+00
   2.7800000e+02   1.0506395e+00
   2.7900000e+02   1.0505309e+00
   2.8000000e+02   1.0504080e+00
   2.8100000e+02   1.0502752e+00
   2.8200000e+02   1.0501370e+00
   2.8300000e+02   1.0499979e+00
   2.8400000e+02   1.0498625e+00
   2.8500000e+02   1.0497350e+00
   2.8600000e+02   1.0496193e+00
   2.8700000e+02   1.0495189e+00
   2.8800000e+02   1.0494366e+00
   2.8900000e+02   1.0493745e+00
   2.9000000e+02   1.0493341e+00
   2.9100000e+02   1.0493163e+00
   2.9200000e+02   1.0493208e+00
   2.9300000e+02   1.0493472e+00
   2.9400000e+02   1.0493938e+00
   2.9500000e+02   1.0494588e+00
   2.9600000e+02   1.0495395e+00
   2.9700000e+02   1.0496329e+00
   2.9800000e+02   1.0497357e+00
   2.9900000e+02   1.0498443e+00
   3.0000000e+02   1.0499552e+00
   3.0100000e+02   1.0500646e+00
   3.0200000e+02   1.0501691e+00
   3.0300000e+02   1.0502655e+00
   3.0400000e+02   1.0503508e+00
   3.0500000e+02   1.0504226e+00
   3.0600000e+02   1.0504789e+00
   3.0700000e+02   1.0505184e+00
   3.0800000e+02   1.0505402e+00
   3.0900000e+02   1.0505440e+00
   3.1000000e+02   1.0505302e+00
   3.1100000e+02   1.0504997e+00
   3.1200000e+02   1.0504540e+00
   3.1300000e+02   1.0503948e+00
   3.1400000e+02   1.0503244e+00
   3.1500000e+02   1.0502454e+00
   3.1600000e+02   1.0501605e+00
   3.1700000e+02   1.0500727e+00
   3.1800000e+02   1.0499848e+00
   3.1900000e+02   1.0498997e+00
   3.2000000e+02   1.0498201e+00
   3.2100000e+02   1.0497482e+00
   3.2200000e+02   1.0496864e+00
   3.2300000e+02   1.0496362e+00
   3.2400000e+02   1.0495991e+00
   3.2500000e+02   1.0495758e+00
   3.2600000e+02   1.0495668e+00
   3.2700000e+02   1.0495719e+00
   3.2800000e+02   1.0495907e+00
   3.2900000e+02   1.0496222e+00
   3.3000000e+02   1.0496650e+00
   3.3100000e+02   1.0497175e+00
   3.3200000e+02   1.0497778e+00
   3.3300000e+02   1.0498436e+00
   3.3400000e+02   1.0499128e+00
   3.3500000e+02   1.0499829e+00
   3.3600000e+02   1.0500518e+00
   3.3700000e+02   1.0501173e+00
   3.3800000e+02   1.0501773e+00
   3.3900000e+02   1.0502300e+00
   3.4000000e+02   1.0502739e+00
   3.4100000e+02   1.0503079e+00
   3.4200000e+02   1.0503311e+00
   3.4300000e+02   1.0503431e+00
   3.4400000e+02   1.0503437e+00
   3.4500000e+02   1.0503332e+00
   3.4600000e+02   1.0503123e+00
   3.4700000e+02   1.0502818e+00
   3.4800000e+02   1.0502431e+00
   3.4900000e+02   1.0501975e+00
   3.5000000e+02   1.0501468e+00
   3.5100000e+02   1.0500927e+00
   3.5200000e+02   1.0500370e+00
   3.5300000e+02   1.0499815e+00
   3.5400000e+02   1.0499281e+00
   3.5500000e+02   1.0498783e+00
   3.5600000e+02   1.0498338e+00
   3.5700000e+02   1.0497958e+00
   3.5800000e+02   1.0497653e+00
   3.5900000e+02   1.0497432e+00
   3.6000000e+02   1.0497299e+00
   3.6100000e+02   1.0497256e+00
   3.6200000e+02   1.0497303e+00
   3.6300000e+02   1.0497436e+00
   3.6400000e+02   1.0497647e+00
   3.6500000e+02   1.0497929e+00
   3.6600000e+02   1.0498271e+00
   3.6700000e+02   1.0498659e+00
   3.6800000e+02   1.0499080e+00
   3.6900000e+02   1.0499520e+00
   3.7000000e+02   1.0499963e+00
   3.7100000e+02   1.0500397e+00
   3.7200000e+02   1.0500807e+00
   3.7300000e+02   1.0501180e+00
   3.7400000e+02   1.0501505e+00
   3.7500000e+02   1.0501774e+00
   3.7600000e+02   1.0501978e+00
   3.7700000e+02   1.0502114e+00
   3.7800000e+02   1.0502178e+00
   3.7900000e+02   1.0502170e+00
   3.8000000e+02   1.0502092e+00
   3.8100000e+02   1.0501950e+00
   3.8200000e+02   1.0501748e+00
   3.8300000e+02   1.0501495e+00
   3.8400000e+02   1.0501201e+00
   3.8500000e+02   1.0500875e+00
   3.8600000e+02   1.0500530e+00
   3.8700000e+02   1.0500177e+00
   3.8800000e+02   1.0499827e+00
   3.8900000e+02   1.0499492e+00
   3.9000000e+02   1.0499182e+00
   3.9100000e+02   1.0498906e+00
   3.9200000e+02   1.0498673e+00
   3.9300000e+02   1.0498488e+00
   3.9400000e+02   1.0498357e+00
   3.9500000e+02   1.0498282e+00
   3.9600000e+02   1.0498264e+00
   3.9700000e+02   1.0498303e+00
   3.9800000e+02   1.0498395e+00
   3.9900000e+02   1.0498537e+00
   4.0000000e+02   1.0498722e+00
   4.0100000e+02   1.0498943e+00
   4.0200000e+02   1.0499193e+00
   4.0300000e+02   1.0499462e+00
   4.0400000e+02   1.0499741e+00
   4.0500000e+02   1.0500022e+00
   4.0600000e+02   1.0500295e+00
   4.0700000e+02   1.0500551e+00
   4.0800000e+02   1.0500782e+00
   4.0900000e+02   1.0500983e+00
   4.1000000e+02   1.0493366e+00
   4.1100000e+02   1.0480780e+00
   4.1200000e+02   1.0467589e+00
   4.1300000e+02   1.0446270e+00
   4.1400000e+02   1.0411336e+00
   4.1500000e+02   1.0358874e+00
   4.1600000e+02   1.0286173e+00
   4.1700000e+02   1.0191447e+00
   4.1800000e+02   1.0073612e+00
   4.1900000e+02   9.9321177e-01
   4.2000000e+02   9.7678741e-01
   4.2100000e+02   9.5825483e-01
   4.2200000e+02   9.3806650e-01
   4.2300000e+02   9.1686997e-01
   4.2400000e+02   8.9515591e-01
   4.2500000e+02   8.7329339e-01
   4.2600000e+02   8.5155745e-01
   4.2700000e+02   8.3021604e-01
   4.2800000e+02   8.0959563e-01
   4.2900000e+02   7.9006768e-01
   4.3000000e+02   7.7201674e-01
   4.3100000e+02   7.5581107e-01
   4.3200000e+02   7.4175657e-01
   4.3300000e+02   7.3004207e-01
   4.3400000e+02   7.2074857e-01
   4.3500000e+02   7.1389383e-01
   4.3600000e+02   7.0946162e-01
   4.3700000e+02   7.0741156e-01
   4.3800000e+02   7.0766785e-01
   4.3900000e+02   7.1010320e-01
   4.4000000e+02   7.1453045e-01
   4.4100000e+02   7.2070277e-01
   4.4200000e+02   7.2832320e-01
   4.4300000e+02   7.3706594e-01
   4.4400000e+02   7.4660041e-01
   4.4500000e+02   7.5660566e-01
   4.4600000e+02   7.6677446e-01
   4.4700000e+02   7.7681293e-01
   4.4800000e+02   7.8644162e-01
   4.4900000e+02   7.9540104e-01
   4.5000000e+02   8.0346060e-01
   4.5100000e+02   8.1042845e-01
   4.5200000e+02   8.1615993e-01
   4.5300000e+02   8.2056210e-01
   4.5400000e+02   8.2359306e-01
   4.5500000e+02   8.2525754e-01
   4.5600000e+02   8.2560177e-01
   4.5700000e+02   8.2470930e-01
   4.5800000e+02   8.2269780e-01
   4.5900000e+02   8.1971588e-01
   4.6000000e+02   8.1593863e-01
   4.6100000e+02   8.1156154e-01
   4.6200000e+02   8.0679270e-01
   4.6300000e+02   8.0184426e-01
   4.6400000e+02   7.9692405e-01
   4.6500000e+02   7.9222850e-01
   4.6600000e+02   7.8793695e-01
   4.6700000e+02   7.8420719e-01
   4.6800000e+02   7.8117161e-01
   4.6900000e+02   7.7893392e-01
   4.7000000e+02   7.7756629e-01
   4.7100000e+02   7.7710753e-01
   4.7200000e+02   7.7756238e-01
   4.7300000e+02   7.7890227e-01
   4.7400000e+02   7.8106750e-01
   4.7500000e+02   7.8397055e-01
   4.7600000e+02   7.8750009e-01
   4.7700000e+02   7.9152554e-01
   4.7800000e+02   7.9590188e-01
   4.7900000e+02   8.0047469e-01
   4.8000000e+02   8.0508546e-01
   4.8100000e+02   8.0957697e-01
   4.8200000e+02   8.1379861e-01
   4.8300000e+02   8.1761141e-01
   4.8400000e+02   8.2089258e-01
   4.8500000e+02   8.2353921e-01
   4.8600000e+02   8.2547123e-01
   4.8700000e+02   8.2663349e-01
   4.8800000e+02   8.2699690e-01
   4.8900000e+02   8.2655892e-01
   4.9000000e+02   8.2534301e-01
   4.9100000e+02   8.2339744e-01
   4.9200000e+02   8.2079320e-01
   4.9300000e+02   8.1762119e-01
   4.9400000e+02   8.1398890e-01
   4.9500000e+02   8.1001644e-01
   4.9600000e+02   8.0583246e-01
   4.9700000e+02   8.0156970e-01
   4.9800000e+02   7.9736074e-01
   4.9900000e+02   7.9333371e-01
   5.0000000e+02   7.8960831e-01
   5.0100000e+02   7.8629217e-01
   5.0200000e+02   7.8347766e-01
   5.0300000e+02   7.8123932e-01
   5.0400000e+02   7.7963179e-01
   5.0500000e+02   7.7868863e-01
   5.0600000e+02   7.7842169e-01
   5.0700000e+02   7.7882126e-01
   5.0800000e+02   7.7985696e-01
   5.0900000e+02   7.8147914e-01
   5.1000000e+02   7.8362096e-01
   5.1100000e+02   7.8620096e-01
   5.1200000e+02   7.8912595e-01
   5.1300000e+02   7.9229433e-01
   5.1400000e+02   7.9559951e-01
   5.1500000e+02   7.9893340e-01
   5.1600000e+02   8.0218997e-01
   5.1700000e+02   8.0526851e-01
   5.1800000e+02   8.0807669e-01
   5.1900000e+02   8.1053335e-01
   5.2000000e+02   8.1257072e-01
   5.2100000e+02   8.1413625e-01
   5.2200000e+02   8.1519392e-01
   5.2300000e+02   8.1572489e-01
   5.2400000e+02   8.1572770e-01
   5.2500000e+02   8.1521783e-01
   5.2600000e+02   8.1422673e-01
   5.2700000e+02   8.1280043e-01
   5.2800000e+02   8.1099762e-01
   5.2900000e+02   8.0888747e-01
   5.3000000e+02   8.0654711e-01
   5.3100000e+02   8.0405894e-01
   5.3200000e+02   8.0150785e-01
   5.3300000e+02   7.9897842e-01
   5.3400000e+02   7.9655221e-01
   5.3500000e+02   7.9430523e-01
   5.3600000e+02   7.9230560e-01
   5.3700000e+02   7.9061164e-01
   5.3800000e+02   7.8927019e-01
   5.3900000e+02   7.8831543e-01
   5.4000000e+02   7.8776812e-01
   5.4100000e+02   7.8763528e-01
   5.4200000e+02   7.8791037e-01
   5.4300000e+02   7.8857377e-01
   5.4400000e+02   7.8959384e-01
   5.4500000e+02   7.9092824e-01
   5.4600000e+02   7.9252556e-01
   5.4700000e+02   7.9432722e-01
   5.4800000e+02   7.9626955e-01
   5.4900000e+02   7.9828601e-01
   5.5000000e+02   8.0030937e-01
   5.5100000e+02   8.0227390e-01
   5.5200000e+02   8.0411748e-01
   5.5300000e+02   8.0578350e-01
   5.5400000e+02   8.0722254e-01
   5.5500000e+02   8.0839376e-01
   5.5600000e+02   8.0926603e-01
   5.5700000e+02   8.0981867e-01
   5.5800000e+02   8.1004184e-01
   5.5900000e+02   8.0993658e-01
   5.6000000e+02   8.0951449e-01
   5.6100000e+02   8.0879711e-01
   5.6200000e+02   8.0781494e-01
   5.6300000e+02   8.0660625e-01
   5.6400000e+02   8.0521561e-01
   5.6500000e+02   8.0369235e-01
   5.6600000e+02   8.0208878e-01
   5.6700000e+02   8.0045851e-01
   5.6800000e+02   7.9885460e-01
   5.6900000e+02   7.9732793e-01
   5.7000000e+02   7.9592559e-01
   5.7100000e+02   7.9468947e-01
   5.7200000e+02   7.9365505e-01
   5.7300000e+02   7.9285039e-01
   5.7400000e+02   7.9229547e-01
   5.7500000e+02   7.9200170e-01
   5.7600000e+02   7.9197183e-01
   5.7700000e+02   7.9220004e-01
   5.7800000e+02   7.9267234e-01
   5.7900000e+02   7.9336729e-01
   5.8000000e+02   7.9425682e-01
   5.8100000e+02   7.9530734e-01
   5.8200000e+02   7.9648094e-01
   5.8300000e+02   7.9773673e-01
   5.8400000e+02   7.9903225e-01
   5.8500000e+02   8.0032485e-01
   5.8600000e+02   8.0157307e-01
   5.8700000e+02   8.0273796e-01
   5.8800000e+02   8.0378427e-01
   5.8900000e+02   8.0468144e-01
   5.9000000e+02   8.0540454e-01
   5.9100000e+02   8.0593484e-01
   5.9200000e+02   8.0626035e-01
   5.9300000e+02   8.0637592e-01
   5.9400000e+02   8.0628333e-01
   5.9500000e+02   8.0599098e-01
   5.9600000e+02   8.0551350e-01
   5.9700000e+02   8.0487108e-01
   5.9800000e+02   8.0408869e-01
   5.9900000e+02   8.0319516e-01
   6.0000000e+02   8.0222215e-01
   6.0100000e+02   8.0120304e-01
   6.0200000e+02   8.0017184e-01
   6.0300000e+02   7.9916205e-01
   6.0400000e+02   7.9820563e-01
   6.0500000e+02   7.9733198e-01
   6.0600000e+02   7.9656706e-01
   6.0700000e+02   7.9593267e-01
   6.0800000e+02   7.9544584e-01
   6.0900000e+02   7.9511841e-01
   6.1000000e+02   7.9495678e-01
   6.1100000e+02   7.9496184e-01
   6.1200000e+02   7.9512910e-01
   6.1300000e+02   7.9544895e-01
   6.1400000e+02   7.9590714e-01
   6.1500000e+02   7.9648532e-01
   6.1600000e+02   7.9716175e-01
   6.1700000e+02   7.9791212e-01
   6.1800000e+02   7.9871032e-01
   6.1900000e+02   7.9952943e-01
   6.2000000e+02   8.0034253e-01
   6.2100000e+02   8.0112357e-01
   6.2200000e+02   8.0184826e-01
   6.2300000e+02   8.0249470e-01
   6.2400000e+02   8.0304411e-01
   6.2500000e+02   8.0348131e-01
   6.2600000e+02   8.0379512e-01
   6.2700000e+02   8.0397865e-01
   6.2800000e+02   8.0402934e-01
   6.2900000e+02   8.0394899e-01
   6.3000000e+02   8.0374360e-01
   6.3100000e+02   8.0342300e-01
   6.3200000e+02   8.0300049e-01
   6.3300000e+02   8.0249230e-01
   6.3400000e+02   8.0191703e-01
   6.3500000e+02   8.0129490e-01
   6.3600000e+02   8.0064717e-01
   6.3700000e+02   7.9999535e-01
   6.3800000e+02   7.9936051e-01
   6.3900000e+02   7.9876266e-01
   6.4000000e+02   7.9822008e-01
   6.4100000e+02   7.9774881e-01
   6.4200000e+02   7.9736216e-01
   6.4300000e+02   7.9707040e-01
   6.4400000e+02   7.9688045e-01
   6.4500000e+02   7.9679580e-01
   6.4600000e+02   7.9681645e-01
   6.4700000e+02   7.9693901e-01
   6.4800000e+02   7.9715689e-01
   6.4900000e+02   7.9746062e-01
   6.5000000e+02   7.9783820e-01
   6.5100000e+02   7.9827556e-01
   6.5200000e+02   7.9875709e-01
   6.5300000e+02   7.9926614e-01
   6.5400000e+02   7.9978562e-01
   6.5500000e+02   8.0029854e-01
   6.5600000e+02   8.0078856e-01
   6.5700000e+02   8.0124051e-01
   6.5800000e+02   8.0164082e-01
   6.5900000e+02   8.0197796e-01
   6.6000000e+02   8.0224270e-01
   6.6100000e+02   8.0242841e-01
   6.6200000e+02   8.0253116e-01
   6.6300000e+02   8.0254978e-01
   6.6400000e+02   8.0248585e-01
   6.6500000e+02   8.0234359e-01
   6.6600000e+02   8.0212958e-01
   6.6700000e+02   8.0185259e-01
   6.6800000e+02   8.0152315e-01
   6.6900000e+02   8.0115322e-01
   6.7000000e+02   8.0075578e-01
   6.7100000e+02   8.0034430e-01
   6.7200000e+02   7.9993242e-01
   6.7300000e+02   7.9953338e-01
   6.7400000e+02   7.9915971e-01
   6.7500000e+02   7.9882277e-01
   6.7600000e+02   7.9853245e-01
   6.7700000e+02   7.9829690e-01
   6.7800000e+02   7.9812227e-01
   6.7900000e+02   7.9801260e-01
   6.8000000e+02   7.9796974e-01
   6.8100000e+02   7.9799334e-01
   6.8200000e+02   7.9808093e-01
   6.8300000e+02   7.9822801e-01
   6.8400000e+02   7.9842832e-01
   6.8500000e+02   7.9867402e-01
   6.8600000e+02   7.9895604e-01
   6.8700000e+02   7.9926436e-01
   6.8800000e+02   7.9958837e-01
   6.8900000e+02   7.9991723e-01
   6.9000000e+02   8.0024024e-01
   6.9100000e+02   8.0054715e-01
   6.9200000e+02   8.0082850e-01
   6.9300000e+02   8.0107589e-01
   6.9400000e+02   8.0128224e-01
   6.9500000e+02   8.0144198e-01
   6.9600000e+02   8.0155117e-01
   6.9700000e+02   8.0160760e-01
   6.9800000e+02   8.0161082e-01
   6.9900000e+02   8.0156211e-01
   7.0000000e+02   8.0146439e-01
   7.0100000e+02   8.0132206e-01
   7.0200000e+02   8.0114087e-01
   7.0300000e+02   8.0092764e-01
   7.0400000e+02   8.0069008e-01
   7.0500000e+02   8.0043647e-01
   7.0600000e+02   8.0017537e-01
   7.0700000e+02   7.9991539e-01
   7.0800000e+02   7.9966487e-01
   7.0900000e+02   7.9943162e-01
   7.1000000e+02   7.9922271e-01
   7.1100000e+02   7.9904423e-01
   7.1200000e+02   7.9890113e-01
   7.1300000e+02   7.9879710e-01
   7.1400000e+02   7.9873449e-01
   7.1500000e+02   7.9871423e-01
   7.1600000e+02   7.9873588e-01
   7.1700000e+02   7.9879765e-01
   7.1800000e+02   7.9889653e-01
   7.1900000e+02   7.9902835e-01
   7.2000000e+02   7.9918804e-01
   7.2100000e+02   7.9936972e-01
   7.2200000e+02   7.9956699e-01
   7.2300000e+02   7.9977308e-01
   7.2400000e+02   7.9998114e-01
   7.2500000e+02   8.0018441e-01
   7.2600000e+02   8.0037648e-01
   7.2700000e+02   8.0055146e-01
   7.2800000e+02   8.0070416e-01
   7.2900000e+02   8.0083024e-01
   7.3000000e+02   8.0092633e-01
   7.3100000e+02   8.0099012e-01
   7.3200000e+02   8.0102039e-01
   7.3300000e+02   8.0101703e-01
   7.3400000e+02   8.0098102e-01
   7.3500000e+02   8.0091438e-01
   7.3600000e+02   8.0082002e-01
   7.3700000e+02   8.0070172e-01
   7.3800000e+02   8.0056390e-01
   7.3900000e+02   8.0041150e-01
   7.4000000e+02   8.0024980e-01
   7.4100000e+02   8.0008426e-01
   7.4200000e+02   7.9992028e-01
   7.4300000e+02   7.9976312e-01
   7.4400000e+02   7.9961766e-01
   7.4500000e+02   7.9948827e-01
   7.4600000e+02   7.9937870e-01
   7.4700000e+02   7.9929197e-01
   7.4800000e+02   7.9923028e-01
   7.4900000e+02   7.9919495e-01
   7.5000000e+02   7.9918645e-01
   7.5100000e+02   7.9920436e-01
   7.5200000e+02   7.9924741e-01
   7.5300000e+02   7.9931357e-01
   7.5400000e+02   7.9940011e-01
   7.5500000e+02   7.9950372e-01
   7.5600000e+02   7.9962062e-01
   7.5700000e+02   7.9974669e-01
   7.5800000e+02   7.9987766e-01
   7.5900000e+02   8.0000917e-01
   7.6000000e+02   8.0013698e-01
   7.6100000e+02   8.0025707e-01
   7.6200000e+02   8.0036577e-01
   7.6300000e+02   8.0045989e-01
   7.6400000e+02   8.0053676e-01
   7.6500000e+02   8.0059437e-01
   7.6600000e+02   8.0063135e-01
   7.6700000e+02   8.0064706e-01
   7.6800000e+02   8.0064153e-01
   7.6900000e+02   8.0061550e-01
   7.7000000e+02   8.0057033e-01
   7.7100000e+02   8.0050798e-01
   7.7200000e+02   8.0043089e-01
   7.7300000e+02   8.0034193e-01
   7.7400000e+02   8.0024426e-01
   7.7500000e+02   8.0014127e-01
   7.7600000e+02   8.0003640e-01
   7.7700000e+02   7.9993307e-01
   7.7800000e+02   7.9983457e-01
   7.7900000e+02   7.9974395e-01
   7.8000000e+02   7.9966392e-01
   7.8100000e+02   7.9959677e-01
   7.8200000e+02   7.9954435e-01
   7.8300000e+02   7.9950795e-01
   7.8400000e+02   7.9948833e-01
   7.8500000e+02   7.9948568e-01
   7.8600000e+02   7.9949966e-01
   7.8700000e+02   7.9952938e-01
   7.8800000e+02   7.9957348e-01
   7.8900000e+02   7.9963016e-01
   7.9000000e+02   7.9969728e-01
   7.9100000e+02   7.9977241e-01
   7.9200000e+02   7.9985291e-01
   7.9300000e+02   7.9993606e-01
   7.9400000e+02   8.0001912e-01
   7.9500000e+02   8.0009941e-01
   7.9600000e+02   8.0017442e-01
   7.9700000e+02   8.0024187e-01
   7.9800000e+02   8.0029979e-01
   7.9900000e+02   8.0034656e-01
   8.0000000e+02   8.0038097e-01
   8.0100000e+02   8.0040222e-01
   8.0200000e+02   8.0040998e-01
   8.0300000e+02   8.0040434e-01
   8.0400000e+02   8.0038583e-01
   8.0500000e+02   8.0035538e-01
   8.0600000e+02   8.0031428e-01
   8.0700000e+02   8.0026414e-01
   8.0800000e+02   8.0020679e-01
   8.0900000e+02   8.0014427e-01
   8.1000000e+02   8.0085723e-01
   8.1100000e+02   8.0206289e-01
   8.1200000e+02   8.0340871e-01
   8.1300000e+02   8.0578287e-01
   8.1400000e+02   8.0983261e-01
   8.1500000e+02   8.1601962e-01
   8.1600000e+02   8.2466305e-01
   8.1700000e+02   8.3551439e-01
   8.1800000e+02   8.4791574e-01
   8.1900000e+02   8.6133118e-01
   8.2000000e+02   8.7535272e-01
   8.2100000e+02   8.8967156e-01
   8.2200000e+02   9.0405571e-01
   8.2300000e+02   9.1833262e-01
   8.2400000e+02   9.3237560e-01
   8.2500000e+02   9.4609334e-01
   8.2600000e+02   9.5942171e-01
   8.2700000e+02   9.7230117e-01
   8.2800000e+02   9.8470701e-01
   8.2900000e+02   9.9664273e-01
   8.3000000e+02   1.0081040e+00
   8.3100000e+02   1.0190898e+00
   8.3200000e+02   1.0296044e+00
   8.3300000e+02   1.0396563e+00
   8.3400000e+02   1.0492565e+00
   8.3500000e+02   1.0584184e+00
   8.3600000e+02   1.0671563e+00
   8.3700000e+02   1.0754856e+00
   8.3800000e+02   1.0834220e+00
   8.3900000e+02   1.0909816e+00
   8.4000000e+02   1.0981802e+00
   8.4100000e+02   1.1050276e+00
   8.4200000e+02   1.1115199e+00
   8.4300000e+02   1.1176404e+00
   8.4400000e+02   1.1233632e+00
   8.4500000e+02   1.1286564e+00
   8.4600000e+02   1.1334846e+00
   8.4700000e+02   1.1378106e+00
   8.4800000e+02   1.1415968e+00
   8.4900000e+02   1.1448065e+00
   8.5000000e+02   1.1474048e+00
   8.5100000e+02   1.1493593e+00
   8.5200000e+02   1.1506438e+00
   8.5300000e+02   1.1512410e+00
   8.5400000e+02   1.1511447e+00
   8.5500000e+02   1.1503612e+00
   8.5600000e+02   1.1489093e+00
   8.5700000e+02   1.1468206e+00
   8.5800000e+02   1.1441384e+00
   8.5900000e+02   1.1409174e+00
   8.6000000e+02   1.1372232e+00
   8.6100000e+02   1.1331308e+00
   8.6200000e+02   1.1287239e+00
   8.6300000e+02   1.1240927e+00
   8.6400000e+02   1.1193314e+00
   8.6500000e+02   1.1145358e+00
   8.6600000e+02   1.1098008e+00
   8.6700000e+02   1.1052179e+00
   8.6800000e+02   1.1008731e+00
   8.6900000e+02   1.0968446e+00
   8.7000000e+02   1.0932015e+00
   8.7100000e+02   1.0900018e+00
   8.7200000e+02   1.0872913e+00
   8.7300000e+02   1.0851022e+00
   8.7400000e+02   1.0834529e+00
   8.7500000e+02   1.0823475e+00
   8.7600000e+02   1.0817764e+00
   8.7700000e+02   1.0817167e+00
   8.7800000e+02   1.0821336e+00
   8.7900000e+02   1.0829815e+00
   8.8000000e+02   1.0842057e+00
   8.8100000e+02   1.0857441e+00
   8.8200000e+02   1.0875294e+00
   8.8300000e+02   1.0894909e+00
   8.8400000e+02   1.0915568e+00
   8.8500000e+02   1.0936565e+00
   8.8600000e+02   1.0957224e+00
   8.8700000e+02   1.0976917e+00
   8.8800000e+02   1.0995083e+00
   8.8900000e+02   1.1011242e+00
   8.9000000e+02   1.1025002e+00
   8.9100000e+02   1.1036071e+00
   8.9200000e+02   1.1044259e+00
   8.9300000e+02   1.1049482e+00
   8.9400000e+02   1.1051760e+00
   8.9500000e+02   1.1051208e+00
   8.9600000e+02   1.1048032e+00
   8.9700000e+02   1.1042519e+00
   8.9800000e+02   1.1035020e+00
   8.9900000e+02   1.1025941e+00
   9.0000000e+02   1.1015721e+00
   9.0100000e+02   1.1004825e+00
   9.0200000e+02   1.0993718e+00
   9.0300000e+02   1.0982857e+00
   9.0400000e+02   1.0972671e+00
   9.0500000e+02   1.0963551e+00
   9.0600000e+02   1.0955836e+00
   9.0700000e+02   1.0949803e+00
   9.0800000e+02   1.0945661e+00
   9.0900000e+02   1.0943546e+00
   9.1000000e+02   1.0943517e+00
   9.1100000e+02   1.0945560e+00
   9.1200000e+02   1.0949584e+00
   9.1300000e+02   1.0955434e+00
   9.1400000e+02   1.0962893e+00
   9.1500000e+02   1.0971690e+00
   9.1600000e+02   1.0981517e+00
   9.1700000e+02   1.0992032e+00
   9.1800000e+02   1.1002878e+00
   9.1900000e+02   1.1013691e+00
   9.2000000e+02   1.1024115e+00
   9.2100000e+02   1.1033813e+00
   9.2200000e+02   1.1042476e+00
   9.2300000e+02   1.1049837e+00
   9.2400000e+02   1.1055673e+00
   9.2500000e+02   1.1059816e+00
   9.2600000e+02   1.1062155e+00
   9.2700000e+02   1.1062642e+00
   9.2800000e+02   1.1061287e+00
   9.2900000e+02   1.1058158e+00
   9.3000000e+02   1.1053382e+00
   9.3100000e+02   1.1047133e+00
   9.3200000e+02   1.1039630e+00
   9.3300000e+02   1.1031128e+00
   9.3400000e+02   1.1021908e+00
   9.3500000e+02   1.1012267e+00
   9.3600000e+02   1.1002510e+00
   9.3700000e+02   1.0992940e+00
   9.3800000e+02   1.0983845e+00
   9.3900000e+02   1.0975495e+00
   9.4000000e+02   1.0968126e+00
   9.4100000e+02   1.0961942e+00
   9.4200000e+02   1.0957103e+00
   9.4300000e+02   1.0953721e+00
   9.4400000e+02   1.0951864e+00
   9.4500000e+02   1.0951545e+00
   9.4600000e+02   1.0952733e+00
   9.4700000e+02   1.0955348e+00
   9.4800000e+02   1.0959267e+00
   9.4900000e+02   1.0964329e+00
   9.5000000e+02   1.0970344e+00
   9.5100000e+02   1.0977092e+00
   9.5200000e+02   1.0984341e+00
   9.5300000e+02   1.0991845e+00
   9.5400000e+02   1.0999360e+00
   9.5500000e+02   1.1006647e+00
   9.5600000e+02   1.1013479e+00
   9.5700000e+02   1.1019654e+00
   9.5800000e+02   1.1024993e+00
   9.5900000e+02   1.1029351e+00
   9.6000000e+02   1.1032615e+00
   9.6100000e+02   1.1034715e+00
   9.6200000e+02   1.1035615e+00
   9.6300000e+02   1.1035323e+00
   9.6400000e+02   1.1033883e+00
   9.6500000e+02   1.1031374e+00
   9.6600000e+02   1.1027908e+00
   9.6700000e+02   1.1023626e+00
   9.6800000e+02   1.1018688e+00
   9.6900000e+02   1.1013274e+00
   9.7000000e+02   1.1007573e+00
   9.7100000e+02   1.1001778e+00
   9.7200000e+02   1.0996081e+00
   9.7300000e+02   1.0990663e+00
   9.7400000e+02   1.0985694e+00
   9.7500000e+02   1.0981323e+00
   9.7600000e+02   1.0977677e+00
   9.7700000e+02   1.0974854e+00
   9.7800000e+02   1.0972926e+00
   9.7900000e+02   1.0971931e+00
   9.8000000e+02   1.0971877e+00
   9.8100000e+02   1.0972743e+00
   9.8200000e+02   1.0974476e+00
   9.8300000e+02   1.0976997e+00
   9.8400000e+02   1.0980206e+00
   9.8500000e+02   1.0983979e+00
   9.8600000e+02   1.0988182e+00
   9.8700000e+02   1.0992666e+00
   9.8800000e+02   1.0997280e+00
   9.8900000e+02   1.1001871e+00
   9.9000000e+02   1.1006290e+00
   9.9100000e+02   1.1010400e+00
   9.9200000e+02   1.1014076e+00
   9.9300000e+02   1.1017209e+00
   9.9400000e+02   1.1019712e+00
   9.9500000e+02   1.1021520e+00
   9.9600000e+02   1.1022592e+00
   9.9700000e+02   1.1022913e+00
   9.9800000e+02   1.1022489e+00
   9.9900000e+02   1.1021355e+00
   1.0000000e+03   1.1019563e+00
   1.0010000e+03   1.1017189e+00
   1.0020000e+03   1.1014323e+00
   1.0030000e+03   1.1011070e+00
   1.0040000e+03   1.1007543e+00
   1.0050000e+03   1.1003865e+00
   1.0060000e+03   1.1000156e+00
   1.0070000e+03   1.0996536e+00
   1.0080000e+03   1.0993119e+00
   1.0090000e+03   1.0990010e+00
   1.0100000e+03   1.0987302e+00
   1.0110000e+03   1.0985070e+00
   1.0120000e+03   1.0983373e+00
   1.0130000e+03   1.0982254e+00
   1.0140000e+03   1.0981732e+00
   1.0150000e+03   1.0981810e+00
   1.0160000e+03   1.0982469e+00
   1.0170000e+03   1.0983673e+00
   1.0180000e+03   1.0985369e+00
   1.0190000e+03   1.0987490e+00
   1.0200000e+03   1.0989957e+00
   1.0210000e+03   1.0992682e+00
   1.0220000e+03   1.0995570e+00
   1.0230000e+03   1.0998525e+00
   1.0240000e+03   1.1001449e+00
   1.0250000e+03   1.1004250e+00
   1.0260000e+03   1.1006840e+00
   1.0270000e+03   1.1009143e+00
   1.0280000e+03   1.1011091e+00
   1.0290000e+03   1.1012630e+00
   1.0300000e+03   1.1013723e+00
   1.0310000e+03   1.1014346e+00
   1.0320000e+03   1.1014491e+00
   1.0330000e+03   1.1014165e+00
   1.0340000e+03   1.1013392e+00
   1.0350000e+03   1.1012208e+00
   1.0360000e+03   1.1010662e+00
   1.0370000e+03   1.1008813e+00
   1.0380000e+03   1.1006728e+00
   1.0390000e+03   1.1004482e+00
   1.0400000e+03   1.1002149e+00
   1.0410000e+03   1.0999809e+00
   1.0420000e+03   1.0997535e+00
   1.0430000e+03   1.0995400e+00
   1.0440000e+03   1.0993469e+00
   1.0450000e+03   1.0991799e+00
   1.0460000e+03   1.0990436e+00
   1.0470000e+03   1.0989417e+00
   1.0480000e+03   1.0988765e+00
   1.0490000e+03   1.0988492e+00
   1.0500000e+03   1.0988597e+00
   1.0510000e+03   1.0989067e+00
   1.0520000e+03   1.0989876e+00
   1.0530000e+03   1.0990991e+00
   1.0540000e+03   1.0992368e+00
   1.0550000e+03   1.0993954e+00
   1.0560000e+03   1.0995695e+00
   1.0570000e+03   1.0997529e+00
   1.0580000e+03   1.0999395e+00
   1.0590000e+03   1.1001232e+00
   1.0600000e+03   1.1002983e+00
   1.0610000e+03   1.1004592e+00
   1.0620000e+03   1.1006011e+00
   1.0630000e+03   1.1007201e+00
   1.0640000e+03   1.1008128e+00
   1.0650000e+03   1.1008769e+00
   1.0660000e+03   1.1009112e+00
   1.0670000e+03   1.1009152e+00
   1.0680000e+03   1.1008897e+00
   1.0690000e+03   1.1008362e+00
   1.0700000e+03   1.1007571e+00
   1.0710000e+03   1.1006558e+00
   1.0720000e+03   1.1005359e+00
   1.0730000e+03   1.1004019e+00
   1.0740000e+03   1.1002584e+00
   1.0750000e+03   1.1001103e+00
   1.0760000e+03   1.0999625e+00
   1.0770000e+03   1.0998197e+00
   1.0780000e+03   1.0996864e+00
   1.0790000e+03   1.0995667e+00
   1.0800000e+03   1.0994640e+00
   1.0810000e+03   1.0993812e+00
   1.0820000e+03   1.0993204e+00
   1.0830000e+03   1.0992831e+00
   1.0840000e+03   1.0992698e+00
   1.0850000e+03   1.0992804e+00
   1.0860000e+03   1.0993138e+00
   1.0870000e+03   1.0993685e+00
   1.0880000e+03   1.0994420e+00
   1.0890000e+03   1.0995317e+00
   1.0900000e+03   1.0996340e+00
   1.0910000e+03   1.0997455e+00
   1.0920000e+03   1.0998623e+00
   1.0930000e+03   1.0999805e+00
   1.0940000e+03   1.1000962e+00
   1.0950000e+03   1.1002059e+00
   1.0960000e+03   1.1003061e+00
   1.0970000e+03   1.1003938e+00
   1.0980000e+03   1.1004666e+00
   1.0990000e+03   1.1005225e+00
   1.1000000e+03   1.1005602e+00
   1.1010000e+03   1.1005788e+00
   1.1020000e+03   1.1005783e+00
   1.1030000e+03   1.1005592e+00
   1.1040000e+03   1.1005226e+00
   1.1050000e+03   1.1004702e+00
   1.1060000e+03   1.1004039e+00
   1.1070000e+03   1.1003264e+00
   1.1080000e+03   1.1002404e+00
   1.1090000e+03   1.1001489e+00
   1.1100000e+03   1.1000549e+00
   1.1110000e+03   1.0999617e+00
   1.1120000e+03   1.0998720e+00
   1.1130000e+03   1.0997889e+00
   1.1140000e+03   1.0997146e+00
   1.1150000e+03   1.0996515e+00
   1.1160000e+03   1.0996012e+00
   1.1170000e+03   1.0995651e+00
   1.1180000e+03   1.0995439e+00
   1.1190000e+03   1.0995380e+00
   1.1200000e+03   1.0995470e+00
   1.1210000e+03   1.0995704e+00
   1.1220000e+03   1.0996071e+00
   1.1230000e+03   1.0996554e+00
   1.1240000e+03   1.0997135e+00
   1.1250000e+03   1.0997794e+00
   1.1260000e+03   1.0998507e+00
   1.1270000e+03   1.0999249e+00
   1.1280000e+03   1.0999997e+00
   1.1290000e+03   1.1000725e+00
   1.1300000e+03   1.1001410e+00
   1.1310000e+03   1.1002033e+00
   1.1320000e+03   1.1002574e+00
   1.1330000e+03   1.1003018e+00
   1.1340000e+03   1.1003354e+00
   1.1350000e+03   1.1003573e+00
   1.1360000e+03   1.1003671e+00
   1.1370000e+03   1.1003649e+00
   1.1380000e+03   1.1003509e+00
   1.1390000e+03   1.1003261e+00
   1.1400000e+03   1.1002914e+00
   1.1410000e+03   1.1002482e+00
   1.1420000e+03   1.1001981e+00
   1.1430000e+03   1.1001429e+00
   1.1440000e+03   1.1000846e+00
   1.1450000e+03   1.1000251e+00
   1.1460000e+03   1.0999663e+00
   1.1470000e+03   1.0999101e+00
   1.1480000e+03   1.0998583e+00
   1.1490000e+03   1.0998123e+00
   1.1500000e+03   1.0997736e+00
   1.1510000e+03   1.0997432e+00
   1.1520000e+03   1.0997218e+00
   1.1530000e+03   1.0997100e+00
   1.1540000e+03   1.0997078e+00
   1.1550000e+03   1.0997150e+00
   1.1560000e+03   1.0997312e+00
   1.1570000e+03   1.0997557e+00
   1.1580000e+03   1.0997874e+00
   1.1590000e+03   1.0998251e+00
   1.1600000e+03   1.0998675e+00
   1.1610000e+03   1.0999130e+00
   1.1620000e+03   1.0999602e+00
   1.1630000e+03   1.1000074e+00
   1.1640000e+03   1.1000531e+00
   1.1650000e+03   1.1000960e+00
   1.1660000e+03   1.1001346e+00
   1.1670000e+03   1.1001680e+00
   1.1680000e+03   1.1001950e+00
   1.1690000e+03   1.1002151e+00
   1.1700000e+03   1.1002277e+00
   1.1710000e+03   1.1002327e+00
   1.1720000e+03   1.1002301e+00
   1.1730000e+03   1.1002201e+00
   1.1740000e+03   1.1002033e+00
   1.1750000e+03   1.1001804e+00
   1.1760000e+03   1.1001523e+00
   1.1770000e+03   1.1001200e+00
   1.1780000e+03   1.1000846e+00
   1.1790000e+03   1.1000475e+00
   1.1800000e+03   1.1000098e+00
   1.1810000e+03   1.0999728e+00
   1.1820000e+03   1.0999376e+00
   1.1830000e+03   1.0999053e+00
   1.1840000e+03   1.0998769e+00
   1.1850000e+03   1.0998532e+00
   1.1860000e+03   1.0998349e+00
   1.1870000e+03   1.0998223e+00
   1.1880000e+03   1.0998158e+00
   1.1890000e+03   1.0998153e+00
   1.1900000e+03   1.0998209e+00
   1.1910000e+03   1.0998320e+00
   1.1920000e+03   1.0998483e+00
   1.1930000e+03   1.0998690e+00
   1.1940000e+03   1.0998934e+00
   1.1950000e+03   1.0999206e+00
   1.1960000e+03   1.0999497e+00
   1.1970000e+03   1.0999796e+00
   1.1980000e+03   1.1000094e+00
   1.1990000e+03   1.1000382e+00
   1.2000000e+03   1.1000649e+00
   1.2010000e+03   1.1000889e+00
   1.2020000e+03   1.1001094e+00
   1.2030000e+03   1.1001258e+00
   1.2040000e+03   1.1001378e+00
   1.2050000e+03   1.1001450e+00
   1.2060000e+03   1.1001474e+00
   1.2070000e+03   1.1001449e+00
   1.2080000e+03   1.1001379e+00
   1.2090000e+03   1.1001266e+00
   1.2100000e+03   1.0993331e+00
   1.2110000e+03   1.0980429e+00
   1.2120000e+03   1.0967751e+00
   1.2130000e+03   1.0949125e+00
   1.2140000e+03   1.0920047e+00
   1.2150000e+03   1.0877293e+00
   1.2160000e+03   1.0818627e+00
   1.2170000e+03   1.0742563e+00
   1.2180000e+03   1.0648194e+00
   1.2190000e+03   1.0535045e+00
   1.2200000e+03   1.0404027e+00
   1.2210000e+03   1.0256748e+00
   1.2220000e+03   1.0093777e+00
   1.2230000e+03   9.9160322e-01
   1.2240000e+03   9.7258864e-01
   1.2250000e+03   9.5266087e-01
   1.2260000e+03   9.3219818e-01
   1.2270000e+03   9.1160503e-01
   1.2280000e+03   8.9129577e-01
   1.2290000e+03   8.7168450e-01
   1.2300000e+03   8.5316475e-01
   1.2310000e+03   8.3608873e-01
   1.2320000e+03   8.2078045e-01
   1.2330000e+03   8.0754862e-01
   1.2340000e+03   7.9666516e-01
   1.2350000e+03   7.8833966e-01
   1.2360000e+03   7.8270809e-01
   1.2370000e+03   7.7982974e-01
   1.2380000e+03   7.7968843e-01
   1.2390000e+03   7.8219574e-01
   1.2400000e+03   7.8719666e-01
   1.2410000e+03   7.9447909e-01
   1.2420000e+03   8.0378214e-01
   1.2430000e+03   8.1479971e-01
   1.2440000e+03   8.2718477e-01
   1.2450000e+03   8.4055918e-01
   1.2460000e+03   8.5452704e-01
   1.2470000e+03   8.6868861e-01
   1.2480000e+03   8.8265334e-01
   1.2490000e+03   8.9605155e-01
   1.2500000e+03   9.0854461e-01
   1.2510000e+03   9.1983302e-01
   1.2520000e+03   9.2966260e-01
   1.2530000e+03   9.3782970e-01
   1.2540000e+03   9.4418613e-01
   1.2550000e+03   9.4864295e-01
   1.2560000e+03   9.5117204e-01
   1.2570000e+03   9.5180518e-01
   1.2580000e+03   9.5063084e-01
   1.2590000e+03   9.4778914e-01
   1.2600000e+03   9.4346534e-01
   1.2610000e+03   9.3788229e-01
   1.2620000e+03   9.3129230e-01
   1.2630000e+03   9.2396865e-01
   1.2640000e+03   9.1619668e-01
   1.2650000e+03   9.0826451e-01
   1.2660000e+03   9.0045375e-01
   1.2670000e+03   8.9303053e-01
   1.2680000e+03   8.8623739e-01
   1.2690000e+03   8.8028625e-01
   1.2700000e+03   8.7535270e-01
   1.2710000e+03   8.7157171e-01
   1.2720000e+03   8.6903475e-01
   1.2730000e+03   8.6778836e-01
   1.2740000e+03   8.6783405e-01
   1.2750000e+03   8.6912962e-01
   1.2760000e+03   8.7159188e-01
   1.2770000e+03   8.7510063e-01
   1.2780000e+03   8.7950381e-01
   1.2790000e+03   8.8462350e-01
   1.2800000e+03   8.9026266e-01
   1.2810000e+03   8.9621221e-01
   1.2820000e+03   9.0225823e-01
   1.2830000e+03   9.0818919e-01
   1.2840000e+03   9.1380280e-01
   1.2850000e+03   9.1891244e-01
   1.2860000e+03   9.2335291e-01
   1.2870000e+03   9.2698535e-01
   1.2880000e+03   9.2970114e-01
   1.2890000e+03   9.3142471e-01
   1.2900000e+03   9.3211520e-01
   1.2910000e+03   9.3176685e-01
   1.2920000e+03   9.3040838e-01
   1.2930000e+03   9.2810115e-01
   1.2940000e+03   9.2493635e-01
   1.2950000e+03   9.2103133e-01
   1.2960000e+03   9.1652511e-01
   1.2970000e+03   9.1157337e-01
   1.2980000e+03   9.0634293e-01
   1.2990000e+03   9.0100606e-01
   1.3000000e+03   8.9573479e-01
   1.3010000e+03   8.9069528e-01
   1.3020000e+03   8.8604258e-01
   1.3030000e+03   8.8191592e-01
   1.3040000e+03   8.7843454e-01
   1.3050000e+03   8.7569434e-01
   1.3060000e+03   8.7376534e-01
   1.3070000e+03   8.7269001e-01
   1.3080000e+03   8.7248259e-01
   1.3090000e+03   8.7312932e-01
   1.3100000e+03   8.7458950e-01
   1.3110000e+03   8.7679751e-01
   1.3120000e+03   8.7966548e-01
   1.3130000e+03   8.8308669e-01
   1.3140000e+03   8.8693941e-01
   1.3150000e+03   8.9109120e-01
   1.3160000e+03   8.9540340e-01
   1.3170000e+03   8.9973574e-01
   1.3180000e+03   9.0395084e-01
   1.3190000e+03   9.0791857e-01
   1.3200000e+03   9.1152002e-01
   1.3210000e+03   9.1465099e-01
   1.3220000e+03   9.1722500e-01
   1.3230000e+03   9.1917557e-01
   1.3240000e+03   9.2045785e-01
   1.3250000e+03   9.2104948e-01
   1.3260000e+03   9.2095074e-01
   1.3270000e+03   9.2018396e-01
   1.3280000e+03   9.1879222e-01
   1.3290000e+03   9.1683744e-01
   1.3300000e+03   9.1439788e-01
   1.3310000e+03   9.1156525e-01
   1.3320000e+03   9.0844136e-01
   1.3330000e+03   9.0513465e-01
   1.3340000e+03   9.0175650e-01
   1.3350000e+03   8.9841757e-01
   1.3360000e+03   8.9522430e-01
   1.3370000e+03   8.9227560e-01
   1.3380000e+03   8.8965984e-01
   1.3390000e+03   8.8745232e-01
   1.3400000e+03   8.8571319e-01
   1.3410000e+03   8.8448591e-01
   1.3420000e+03   8.8379629e-01
   1.3430000e+03   8.8365213e-01
   1.3440000e+03   8.8404347e-01
   1.3450000e+03   8.8494333e-01
   1.3460000e+03   8.8630906e-01
   1.3470000e+03   8.8808412e-01
   1.3480000e+03   8.9020025e-01
   1.3490000e+03   8.9258002e-01
   1.3500000e+03   8.9513950e-01
   1.3510000e+03   8.9779119e-01
   1.3520000e+03   9.0044691e-01
   1.3530000e+03   9.0302064e-01
   1.3540000e+03   9.0543129e-01
   1.3550000e+03   9.0760512e-01
   1.3560000e+03   9.0947796e-01
   1.3570000e+03   9.1099703e-01
   1.3580000e+03   9.1212233e-01
   1.3590000e+03   9.1282760e-01
   1.3600000e+03   9.1310082e-01
   1.3610000e+03   9.1294420e-01
   1.3620000e+03   9.1237379e-01
   1.3630000e+03   9.1141854e-01
   1.3640000e+03   9.1011907e-01
   1.3650000e+03   9.0852607e-01
   1.3660000e+03   9.0669838e-01
   1.3670000e+03   9.0470087e-01
   1.3680000e+03   9.0260225e-01
   1.3690000e+03   9.0047270e-01
   1.3700000e+03   8.9838160e-01
   1.3710000e+03   8.9639532e-01
   1.3720000e+03   8.9457512e-01
   1.3730000e+03   8.9297536e-01
   1.3740000e+03   8.9164191e-01
   1.3750000e+03   8.9061087e-01
   1.3760000e+03   8.8990768e-01
   1.3770000e+03   8.8954659e-01
   1.3780000e+03   8.8953044e-01
   1.3790000e+03   8.8985093e-01
   1.3800000e+03   8.9048911e-01
   1.3810000e+03   8.9141630e-01
   1.3820000e+03   8.9259527e-01
   1.3830000e+03   8.9398165e-01
   1.3840000e+03   8.9552551e-01
   1.3850000e+03   8.9717318e-01
   1.3860000e+03   8.9886900e-01
   1.3870000e+03   9.0055721e-01
   1.3880000e+03   9.0218374e-01
   1.3890000e+03   9.0369788e-01
   1.3900000e+03   9.0505388e-01
   1.3910000e+03   9.0621222e-01
   1.3920000e+03   9.0714078e-01
   1.3930000e+03   9.0781566e-01
   1.3940000e+03   9.0822173e-01
   1.3950000e+03   9.0835292e-01
   1.3960000e+03   9.0821213e-01
   1.3970000e+03   9.0781096e-01
   1.3980000e+03   9.0716906e-01
   1.3990000e+03   9.0631335e-01
   1.4000000e+03   9.0527689e-01
   1.4010000e+03   9.0409772e-01
   1.4020000e+03   9.0281750e-01
   1.4030000e+03   9.0148002e-01
   1.4040000e+03   9.0012982e-01
   1.4050000e+03   8.9881066e-01
   1.4060000e+03   8.9756419e-01
   1.4070000e+03   8.9642862e-01
   1.4080000e+03   8.9543761e-01
   1.4090000e+03   8.9461929e-01
   1.4100000e+03   8.9399553e-01
   1.4110000e+03   8.9358132e-01
   1.4120000e+03   8.9338456e-01
   1.4130000e+03   8.9340593e-01
   1.4140000e+03   8.9363907e-01
   1.4150000e+03   8.9407098e-01
   1.4160000e+03   8.9468259e-01
   1.4170000e+03   8.9544955e-01
   1.4180000e+03   8.9634313e-01
   1.4190000e+03   8.9733127e-01
   1.4200000e+03   8.9837972e-01
   1.4210000e+03   8.9945316e-01
   1.4220000e+03   9.0051637e-01
   1.4230000e+03   9.0153539e-01
   1.4240000e+03   9.0247857e-01
   1.4250000e+03   9.0331750e-01
   1.4260000e+03   9.0402787e-01
   1.4270000e+03   9.0459016e-01
   1.4280000e+03   9.0499009e-01
   1.4290000e+03   9.0521899e-01
   1.4300000e+03   9.0527394e-01
   1.4310000e+03   9.0515765e-01
   1.4320000e+03   9.0487832e-01
   1.4330000e+03   9.0444915e-01
   1.4340000e+03   9.0388785e-01
   1.4350000e+03   9.0321590e-01
   1.4360000e+03   9.0245780e-01
   1.4370000e+03   9.0164019e-01
   1.4380000e+03   9.0079092e-01
   1.4390000e+03   8.9993815e-01
   1.4400000e+03   8.9910942e-01
   1.4410000e+03   8.9833079e-01
   1.4420000e+03   8.9762603e-01
   1.4430000e+03   8.9701591e-01
   1.4440000e+03   8.9651761e-01
   1.4450000e+03   8.9614428e-01
   1.4460000e+03   8.9590471e-01
   1.4470000e+03   8.9580314e-01
   1.4480000e+03   8.9583927e-01
   1.4490000e+03   8.9600838e-01
   1.4500000e+03   8.9630158e-01
   1.4510000e+03   8.9670621e-01
   1.4520000e+03   8.9720638e-01
   1.4530000e+03   8.9778351e-01
   1.4540000e+03   8.9841703e-01
   1.4550000e+03   8.9908509e-01
   1.4560000e+03   8.9976531e-01
   1.4570000e+03   9.0043546e-01
   1.4580000e+03   9.0107425e-01
   1.4590000e+03   9.0166192e-01
   1.4600000e+03   9.0218089e-01
   1.4610000e+03   9.0261624e-01
   1.4620000e+03   9.0295611e-01
   1.4630000e+03   9.0319204e-01
   1.4640000e+03   9.0331913e-01
   1.4650000e+03   9.0333610e-01
   1.4660000e+03   9.0324528e-01
   1.4670000e+03   9.0305236e-01
   1.4680000e+03   9.0276620e-01
   1.4690000e+03   9.0239844e-01
   1.4700000e+03   9.0196301e-01
   1.4710000e+03   9.0147569e-01
   1.4720000e+03   9.0095350e-01
   1.4730000e+03   9.0041415e-01
   1.4740000e+03   8.9987545e-01
   1.4750000e+03   8.9935472e-01
   1.4760000e+03   8.9886826e-01
   1.4770000e+03   8.9843082e-01
   1.4780000e+03   8.9805522e-01
   1.4790000e+03   8.9775195e-01
   1.4800000e+03   8.9752890e-01
   1.4810000e+03   8.9739116e-01
   1.4820000e+03   8.9734095e-01
   1.4830000e+03   8.9737764e-01
   1.4840000e+03   8.9749777e-01
   1.4850000e+03   8.9769533e-01
   1.4860000e+03   8.9796195e-01
   1.4870000e+03   8.9828726e-01
   1.4880000e+03   8.9865927e-01
   1.4890000e+03   8.9906479e-01
   1.4900000e+03   8.9948991e-01
   1.4910000e+03   8.9992043e-01
   1.4920000e+03   9.0034236e-01
   1.4930000e+03   9.0074234e-01
   1.4940000e+03   9.0110806e-01
   1.4950000e+03   9.0142864e-01
   1.4960000e+03   9.0169493e-01
   1.4970000e+03   9.0189977e-01
   1.4980000e+03   9.0203816e-01
   1.4990000e+03   9.0210736e-01
   1.5000000e+03   9.0210694e-01
   1.5010000e+03   9.0203871e-01
   1.5020000e+03   9.0190663e-01
   1.5030000e+03   9.0171660e-01
   1.5040000e+03   9.0147625e-01
   1.5050000e+03   9.0119460e-01
   1.5060000e+03   9.0088180e-01
   1.5070000e+03   9.0054872e-01
   1.5080000e+03   9.0020660e-01
   1.5090000e+03   8.9986670e-01
   1.5100000e+03   8.9953989e-01
   1.5110000e+03   8.9923636e-01
   1.5120000e+03   8.9896526e-01
   1.5130000e+03   8.9873450e-01
   1.5140000e+03   8.9855044e-01
   1.5150000e+03   8.9841780e-01
   1.5160000e+03   8.9833953e-01
   1.5170000e+03   8.9831673e-01
   1.5180000e+03   8.9834869e-01
   1.5190000e+03   8.9843298e-01
   1.5200000e+03   8.9856552e-01
   1.5210000e+03   8.9874080e-01
   1.5220000e+03   8.9895207e-01
   1.5230000e+03   8.9919159e-01
   1.5240000e+03   8.9945093e-01
   1.5250000e+03   8.9972122e-01
   1.5260000e+03   8.9999349e-01
   1.5270000e+03   9.0025891e-01
   1.5280000e+03   9.0050912e-01
   1.5290000e+03   9.0073647e-01
   1.5300000e+03   9.0093422e-01
   1.5310000e+03   9.0109678e-01
   1.5320000e+03   9.0121983e-01
   1.5330000e+03   9.0130043e-01
   1.5340000e+03   9.0133709e-01
   1.5350000e+03   9.0132977e-01
   1.5360000e+03   9.0127983e-01
   1.5370000e+03   9.0118999e-01
   1.5380000e+03   9.0106418e-01
   1.5390000e+03   9.0090738e-01
   1.5400000e+03   9.0072543e-01
   1.5410000e+03   9.0052485e-01
   1.5420000e+03   9.0031257e-01
   1.5430000e+03   9.0009573e-01
   1.5440000e+03   8.9988143e-01
   1.5450000e+03   8.9967649e-01
   1.5460000e+03   8.9948728e-01
   1.5470000e+03   8.9931947e-01
   1.5480000e+03   8.9917791e-01
   1.5490000e+03   8.9906647e-01
   1.5500000e+03   8.9898797e-01
   1.5510000e+03   8.9894408e-01
   1.5520000e+03   8.9893531e-01
   1.5530000e+03   8.9896103e-01
   1.5540000e+03   8.9901953e-01
   1.5550000e+03   8.9910807e-01
   1.5560000e+03   8.9922302e-01
   1.5570000e+03   8.9936001e-01
   1.5580000e+03   8.9951404e-01
   1.5590000e+03   8.9967973e-01
   1.5600000e+03   8.9985143e-01
   1.5610000e+03   9.0002347e-01
   1.5620000e+03   9.0019029e-01
   1.5630000e+03   9.0034667e-01
   1.5640000e+03   9.0048784e-01
   1.5650000e+03   9.0060965e-01
   1.5660000e+03   9.0070868e-01
   1.5670000e+03   9.0078234e-01
   1.5680000e+03   9.0082891e-01
   1.5690000e+03   9.0084759e-01
   1.5700000e+03   9.0083851e-01
   1.5710000e+03   9.0080268e-01
   1.5720000e+03   9.0074194e-01
   1.5730000e+03   9.0065889e-01
   1.5740000e+03   9.0055679e-01
   1.5750000e+03   9.0043941e-01
   1.5760000e+03   9.0031092e-01
   1.5770000e+03   9.0017576e-01
   1.5780000e+03   9.0003845e-01
   1.5790000e+03   8.9990345e-01
   1.5800000e+03   8.9977506e-01
   1.5810000e+03   8.9965723e-01
   1.5820000e+03   8.9955349e-01
   1.5830000e+03   8.9946680e-01
   1.5840000e+03   8.9939953e-01
   1.5850000e+03   8.9935332e-01
   1.5860000e+03   8.9932912e-01
   1.5870000e+03   8.9932715e-01
   1.5880000e+03   8.9934688e-01
   1.5890000e+03   8.9938712e-01
   1.5900000e+03   8.9944605e-01
   1.5910000e+03   8.9952128e-01
   1.5920000e+03   8.9960996e-01
   1.5930000e+03   8.9970891e-01
   1.5940000e+03   8.9981466e-01
   1.5950000e+03   8.9992364e-01
   1.5960000e+03   9.0003225e-01
   1.5970000e+03   9.0013701e-01
   1.5980000e+03   9.0023465e-01
   1.5990000e+03   9.0032220e-01
   1.6000000e+03   9.0039712e-01
