    1     0
    2     0
    3     0
    4     0
    5     0
    6     0
    7     0
    8     0
    9     0
   10     0
   11     0
   12     0
   13     0
   14 3.901640e-02
   15 7.613143e-02
   16 1.114391e-01
   17 1.450284e-01
   18 1.769839e-01
   19 2.073858e-01
   20 2.363102e-01
   21 2.638294e-01
   22 2.900120e-01
   23 3.149234e-01
   24 3.386254e-01
   25 3.611770e-01
   26 3.826343e-01
   27 4.030504e-01
   28 4.224760e-01
   29 4.409593e-01
   30 4.585461e-01
   31 4.752798e-01
   32 4.912020e-01
   33 5.063521e-01
   34 5.207674e-01
   35 5.344837e-01
   36 5.475349e-01
   37 5.599533e-01
   38 5.717695e-01
   39 5.830128e-01
   40 5.937110e-01
   41 6.038905e-01
   42 6.135765e-01
   43 6.227928e-01
   44 6.315623e-01
   45 6.399067e-01
   46 6.478465e-01
   47 6.554013e-01
   48 6.625899e-01
   49 6.694300e-01
   50 6.759385e-01
   51 6.821314e-01
   52 6.880241e-01
   53 6.936312e-01
   54 6.989664e-01
   55 7.040429e-01
   56 7.088734e-01
   57 7.134696e-01
   58 7.178431e-01
   59 7.220045e-01
   60 7.259641e-01
   61 7.297318e-01
   62 7.333169e-01
   63 7.367281e-01
   64 7.399740e-01
   65 7.430625e-01
   66 7.460013e-01
   67 7.487976e-01
   68 7.514584e-01
   69 7.539901e-01
   70 7.563991e-01
   71 7.586914e-01
   72 7.608725e-01
   73 7.629479e-01
   74 7.649226e-01
   75 7.668016e-01
   76 7.685896e-01
   77 7.702908e-01
   78 7.719096e-01
   79 7.734499e-01
   80 7.749155e-01
   81 7.763101e-01
   82 7.776370e-01
   83 7.788997e-01
   84 7.801011e-01
   85 7.812443e-01
   86 7.823320e-01
   87 7.833671e-01
   88 7.843519e-01
   89 7.852890e-01
   90 7.861807e-01
   91 7.870291e-01
   92 7.878364e-01
   93 7.886046e-01
   94 7.893355e-01
   95 7.900310e-01
   96 7.906928e-01
   97 7.913225e-01
   98 7.919217e-01
   99 7.924918e-01
  100 7.930343e-01
  101 7.935505e-01
  102 7.940416e-01
  103 7.945090e-01
  104 7.949537e-01
  105 7.953768e-01
  106 7.957794e-01
  107 7.961625e-01
  108 7.965271e-01
  109 7.968739e-01
  110 7.972040e-01
  111 7.975180e-01
  112 7.978168e-01
  113 7.981012e-01
  114 7.983717e-01
  115 7.986291e-01
  116 7.988741e-01
  117 7.991072e-01
  118 7.993289e-01
  119 7.995400e-01
  120 7.997408e-01
  121 7.999318e-01
  122 8.001136e-01
  123 8.002866e-01
  124 8.004512e-01
  125 8.006078e-01
  126 8.007568e-01
  127 8.008986e-01
  128 8.010336e-01
  129 8.011620e-01
  130 8.012841e-01
  131 8.014004e-01
  132 8.015110e-01
  133 8.016162e-01
  134 8.017163e-01
  135 8.018116e-01
  136 8.019023e-01
  137 8.019886e-01
  138 8.020706e-01
  139 8.021488e-01
  140 8.022231e-01
  141 8.022938e-01
  142 8.023611e-01
  143 8.024251e-01
  144 8.024860e-01
  145 8.025440e-01
  146 8.025992e-01
  147 8.026517e-01
  148 8.027016e-01
  149 8.027491e-01
  150 8.027943e-01
  151 8.028374e-01
  152 8.028783e-01
  153 8.029173e-01
  154 8.029543e-01
  155 8.029896e-01
  156 8.030231e-01
  157 8.030551e-01
  158 8.030855e-01
  159 8.031144e-01
  160 8.031419e-01
  161 8.031681e-01
  162 8.031930e-01
  163 8.032167e-01
  164 8.032392e-01
  165 8.032607e-01
  166 8.032811e-01
  167 8.033005e-01
  168 8.033190e-01
  169 8.033366e-01
  170 8.033533e-01
  171 8.033693e-01
  172 8.033844e-01
  173 8.033988e-01
  174 8.034125e-01
  175 8.034256e-01
  176 8.034380e-01
  177 8.034498e-01
  178 8.034611e-01
  179 8.034718e-01
  180 8.034820e-01
  181 8.034917e-01
  182 8.035009e-01
  183 8.035096e-01
  184 8.035180e-01
  185 8.035259e-01
  186 8.035335e-01
  187 8.035407e-01
  188 8.035475e-01
  189 8.035540e-01
  190 8.035602e-01
  191 8.035661e-01
  192 8.035717e-01
  193 8.035771e-01
  194 8.035821e-01
  195 8.035870e-01
  196 8.035916e-01
  197 8.035960e-01
  198 8.036001e-01
  199 8.036041e-01
  200 8.036078e-01
  201 8.036114e-01
  202 8.036148e-01
  203 8.036181e-01
  204 8.036212e-01
  205 8.036241e-01
  206 8.036269e-01
  207 8.036296e-01
  208 8.036321e-01
  209 8.036345e-01
  210 8.036368e-01
  211 8.036390e-01
  212 8.036411e-01
  213 8.036430e-01
  214 8.036449e-01
  215 8.036467e-01
  216 8.036484e-01
  217 8.036500e-01
  218 8.036516e-01
  219 8.036530e-01
  220 8.036544e-01
  221 8.036558e-01
  222 8.036570e-01
  223 8.036582e-01
  224 8.036594e-01
  225 8.036605e-01
  226 8.036615e-01
  227 8.036625e-01
  228 8.036634e-01
  229 8.036643e-01
  230 8.036652e-01
  231 8.036660e-01
  232 8.036667e-01
  233 8.036675e-01
  234 8.036682e-01
  235 8.036688e-01
  236 8.036695e-01
  237 8.036701e-01
  238 8.036706e-01
  239 8.036712e-01
  240 8.036717e-01
  241 8.036722e-01
  242 8.036726e-01
  243 8.036731e-01
  244 8.036735e-01
  245 8.036739e-01
  246 8.036743e-01
  247 8.036747e-01
  248 8.036750e-01
  249 8.036753e-01
  250 8.036757e-01
  251 8.036760e-01
  252 8.036762e-01
  253 8.036765e-01
  254 8.036768e-01
  255 8.036770e-01
  256 8.036772e-01
  257 8.036775e-01
  258 8.036777e-01
  259 8.036779e-01
  260 8.036781e-01
  261 8.036782e-01
  262 8.036784e-01
  263 8.036786e-01
  264 8.036787e-01
  265 8.036789e-01
  266 8.036790e-01
  267 8.036792e-01
  268 8.036793e-01
  269 8.036794e-01
  270 8.036795e-01
  271 8.036796e-01
  272 8.036798e-01
  273 8.036799e-01
  274 8.036799e-01
  275 8.036800e-01
  276 8.036801e-01
  277 8.036802e-01
  278 8.036803e-01
  279 8.036804e-01
  280 8.036804e-01
  281 8.036805e-01
  282 8.036806e-01
  283 8.036806e-01
  284 8.036807e-01
  285 8.036807e-01
  286 8.036808e-01
  287 8.036808e-01
  288 8.036809e-01
  289 8.036809e-01
  290 8.036810e-01
  291 8.036810e-01
  292 8.036811e-01
  293 8.036811e-01
  294 8.036811e-01
  295 8.036812e-01
  296 8.036812e-01
  297 8.036812e-01
  298 8.036813e-01
  299 8.036813e-01
  300 8.036813e-01
