    1     0
    2     0
    3     0
    4     0
    5     0
    6     0
    7     0
    8     0
    9     0
   10     0
   11     0
   12     0
   13     0
   14 7.803280e-02
   15 1.522629e-01
   16 2.228781e-01
   17 2.900567e-01
   18 3.539678e-01
   19 4.147715e-01
   20 4.726203e-01
   21 5.276587e-01
   22 5.800240e-01
   23 6.298467e-01
   24 6.772508e-01
   25 7.223540e-01
   26 7.652685e-01
   27 8.061008e-01
   28 8.449521e-01
   29 8.819187e-01
   30 9.170922e-01
   31 9.505597e-01
   32 9.824041e-01
   33 1.012704e+00
   34 1.041535e+00
   35 1.068967e+00
   36 1.095070e+00
   37 1.119907e+00
   38 1.143539e+00
   39 1.166026e+00
   40 1.187422e+00
   41 1.207781e+00
   42 1.227153e+00
   43 1.245586e+00
   44 1.263125e+00
   45 1.279813e+00
   46 1.295693e+00
   47 1.310803e+00
   48 1.325180e+00
   49 1.338860e+00
   50 1.351877e+00
   51 1.364263e+00
   52 1.376048e+00
   53 1.387262e+00
   54 1.397933e+00
   55 1.408086e+00
   56 1.417747e+00
   57 1.426939e+00
   58 1.435686e+00
   59 1.444009e+00
   60 1.451928e+00
   61 1.459464e+00
   62 1.466634e+00
   63 1.473456e+00
   64 1.479948e+00
   65 1.486125e+00
   66 1.492003e+00
   67 1.497595e+00
   68 1.502917e+00
   69 1.507980e+00
   70 1.512798e+00
   71 1.517383e+00
   72 1.521745e+00
   73 1.525896e+00
   74 1.529845e+00
   75 1.533603e+00
   76 1.537179e+00
   77 1.540582e+00
   78 1.543819e+00
   79 1.546900e+00
   80 1.549831e+00
   81 1.552620e+00
   82 1.555274e+00
   83 1.557799e+00
   84 1.560202e+00
   85 1.562489e+00
   86 1.564664e+00
   87 1.566734e+00
   88 1.568704e+00
   89 1.570578e+00
   90 1.572361e+00
   91 1.574058e+00
   92 1.575673e+00
   93 1.577209e+00
   94 1.578671e+00
   95 1.580062e+00
   96 1.581386e+00
   97 1.582645e+00
   98 1.583843e+00
   99 1.584984e+00
  100 1.586069e+00
  101 1.587101e+00
  102 1.588083e+00
  103 1.589018e+00
  104 1.589907e+00
  105 1.590754e+00
  106 1.591559e+00
  107 1.592325e+00
  108 1.593054e+00
  109 1.593748e+00
  110 1.594408e+00
  111 1.595036e+00
  112 1.595634e+00
  113 1.596202e+00
  114 1.596743e+00
  115 1.597258e+00
  116 1.597748e+00
  117 1.598214e+00
  118 1.598658e+00
  119 1.599080e+00
  120 1.599482e+00
  121 1.599864e+00
  122 1.600227e+00
  123 1.600573e+00
  124 1.600902e+00
  125 1.601216e+00
  126 1.601514e+00
  127 1.601797e+00
  128 1.602067e+00
  129 1.602324e+00
  130 1.602568e+00
  131 1.602801e+00
  132 1.603022e+00
  133 1.603232e+00
  134 1.603433e+00
  135 1.603623e+00
  136 1.603805e+00
  137 1.603977e+00
  138 1.604141e+00
  139 1.604298e+00
  140 1.604446e+00
  141 1.604588e+00
  142 1.604722e+00
  143 1.604850e+00
  144 1.604972e+00
  145 1.605088e+00
  146 1.605198e+00
  147 1.605303e+00
  148 1.605403e+00
  149 1.605498e+00
  150 1.605589e+00
  151 1.605675e+00
  152 1.605757e+00
  153 1.605835e+00
  154 1.605909e+00
  155 1.605979e+00
  156 1.606046e+00
  157 1.606110e+00
  158 1.606171e+00
  159 1.606229e+00
  160 1.606284e+00
  161 1.606336e+00
  162 1.606386e+00
  163 1.606433e+00
  164 1.606478e+00
  165 1.606521e+00
  166 1.606562e+00
  167 1.606601e+00
  168 1.606638e+00
  169 1.606673e+00
  170 1.606707e+00
  171 1.606739e+00
  172 1.606769e+00
  173 1.606798e+00
  174 1.606825e+00
  175 1.606851e+00
  176 1.606876e+00
  177 1.606900e+00
  178 1.606922e+00
  179 1.606944e+00
  180 1.606964e+00
  181 1.606983e+00
  182 1.607002e+00
  183 1.607019e+00
  184 1.607036e+00
  185 1.607052e+00
  186 1.607067e+00
  187 1.607081e+00
  188 1.607095e+00
  189 1.607108e+00
  190 1.607120e+00
  191 1.607132e+00
  192 1.607143e+00
  193 1.607154e+00
  194 1.607164e+00
  195 1.607174e+00
  196 1.607183e+00
  197 1.607192e+00
  198 1.607200e+00
  199 1.607208e+00
  200 1.607216e+00
  201 1.607223e+00
  202 1.607230e+00
  203 1.607236e+00
  204 1.607242e+00
  205 1.607248e+00
  206 1.607254e+00
  207 1.607259e+00
  208 1.607264e+00
  209 1.607269e+00
  210 1.607274e+00
  211 1.607278e+00
  212 1.607282e+00
  213 1.607286e+00
  214 1.607290e+00
  215 1.607293e+00
  216 1.607297e+00
  217 1.607300e+00
  218 1.607303e+00
  219 1.607306e+00
  220 1.607309e+00
  221 1.607312e+00
  222 1.607314e+00
  223 1.607316e+00
  224 1.607319e+00
  225 1.607321e+00
  226 1.607323e+00
  227 1.607325e+00
  228 1.607327e+00
  229 1.607329e+00
  230 1.607330e+00
  231 1.607332e+00
  232 1.607333e+00
  233 1.607335e+00
  234 1.607336e+00
  235 1.607338e+00
  236 1.607339e+00
  237 1.607340e+00
  238 1.607341e+00
  239 1.607342e+00
  240 1.607343e+00
  241 1.607344e+00
  242 1.607345e+00
  243 1.607346e+00
  244 1.607347e+00
  245 1.607348e+00
  246 1.607349e+00
  247 1.607349e+00
  248 1.607350e+00
  249 1.607351e+00
  250 1.607351e+00
  251 1.607352e+00
  252 1.607352e+00
  253 1.607353e+00
  254 1.607354e+00
  255 1.607354e+00
  256 1.607354e+00
  257 1.607355e+00
  258 1.607355e+00
  259 1.607356e+00
  260 1.607356e+00
  261 1.607356e+00
  262 1.607357e+00
  263 1.607357e+00
  264 1.607357e+00
  265 1.607358e+00
  266 1.607358e+00
  267 1.607358e+00
  268 1.607359e+00
  269 1.607359e+00
  270 1.607359e+00
  271 1.607359e+00
  272 1.607360e+00
  273 1.607360e+00
  274 1.607360e+00
  275 1.607360e+00
  276 1.607360e+00
  277 1.607360e+00
  278 1.607361e+00
  279 1.607361e+00
  280 1.607361e+00
  281 1.607361e+00
  282 1.607361e+00
  283 1.607361e+00
  284 1.607361e+00
  285 1.607361e+00
  286 1.607362e+00
  287 1.607362e+00
  288 1.607362e+00
  289 1.607362e+00
  290 1.607362e+00
  291 1.607362e+00
  292 1.607362e+00
  293 1.607362e+00
  294 1.607362e+00
  295 1.607362e+00
  296 1.607362e+00
  297 1.607362e+00
  298 1.607363e+00
  299 1.607363e+00
  300 1.607363e+00
