   -1 -3.402759e+00
-9.900000e-01 -3.348459e+00
-9.800000e-01 -3.294359e+00
-9.700000e-01 -3.240465e+00
-9.600000e-01 -3.186786e+00
-9.500000e-01 -3.133326e+00
-9.400000e-01 -3.080092e+00
-9.300000e-01 -3.027091e+00
-9.200000e-01 -2.974328e+00
-9.100000e-01 -2.921809e+00
-9.000000e-01 -2.869539e+00
-8.900000e-01 -2.817525e+00
-8.800000e-01 -2.765772e+00
-8.700000e-01 -2.714286e+00
-8.600000e-01 -2.663071e+00
-8.500000e-01 -2.612133e+00
-8.400000e-01 -2.561477e+00
-8.300000e-01 -2.511109e+00
-8.200000e-01 -2.461034e+00
-8.100000e-01 -2.411256e+00
-8.000000e-01 -2.361781e+00
-7.900000e-01 -2.312615e+00
-7.800000e-01 -2.263761e+00
-7.700000e-01 -2.215226e+00
-7.600000e-01 -2.167015e+00
-7.500000e-01 -2.119132e+00
-7.400000e-01 -2.071585e+00
-7.300000e-01 -2.024377e+00
-7.200000e-01 -1.977514e+00
-7.100000e-01 -1.931003e+00
-7.000000e-01 -1.884850e+00
-6.900000e-01 -1.839059e+00
-6.800000e-01 -1.793639e+00
-6.700000e-01 -1.748594e+00
-6.600000e-01 -1.703932e+00
-6.500000e-01 -1.659660e+00
-6.400000e-01 -1.615785e+00
-6.300000e-01 -1.572314e+00
-6.200000e-01 -1.529256e+00
-6.100000e-01 -1.486617e+00
-6.000000e-01 -1.444406e+00
-5.900000e-01 -1.402632e+00
-5.800000e-01 -1.361303e+00
-5.700000e-01 -1.320429e+00
-5.600000e-01 -1.280019e+00
-5.500000e-01 -1.240083e+00
-5.400000e-01 -1.200631e+00
-5.300000e-01 -1.161672e+00
-5.200000e-01 -1.123217e+00
-5.100000e-01 -1.085278e+00
-5.000000e-01 -1.047864e+00
-4.900000e-01 -1.010987e+00
-4.800000e-01 -9.746584e-01
-4.700000e-01 -9.388891e-01
-4.600000e-01 -9.036907e-01
-4.500000e-01 -8.690746e-01
-4.400000e-01 -8.350521e-01
-4.300000e-01 -8.016345e-01
-4.200000e-01 -7.688332e-01
-4.100000e-01 -7.366590e-01
-4.000000e-01 -7.051227e-01
-3.900000e-01 -6.742349e-01
-3.800000e-01 -6.440054e-01
-3.700000e-01 -6.144441e-01
-3.600000e-01 -5.855599e-01
-3.500000e-01 -5.573614e-01
-3.400000e-01 -5.298566e-01
-3.300000e-01 -5.030524e-01
-3.200000e-01 -4.769553e-01
-3.100000e-01 -4.515709e-01
-3.000000e-01 -4.269037e-01
-2.900000e-01 -4.029573e-01
-2.800000e-01 -3.797346e-01
-2.700000e-01 -3.572369e-01
-2.600000e-01 -3.354649e-01
-2.500000e-01 -3.144179e-01
-2.400000e-01 -2.940942e-01
-2.300000e-01 -2.744908e-01
-2.200000e-01 -2.556036e-01
-2.100000e-01 -2.374274e-01
-2.000000e-01 -2.199558e-01
-1.900000e-01 -2.031811e-01
-1.800000e-01 -1.870948e-01
-1.700000e-01 -1.716870e-01
-1.600000e-01 -1.569470e-01
-1.500000e-01 -1.428629e-01
-1.400000e-01 -1.294221e-01
-1.300000e-01 -1.166108e-01
-1.200000e-01 -1.044148e-01
-1.100000e-01 -9.281869e-02
-1.000000e-01 -8.180675e-02
-9.000000e-02 -7.136249e-02
-8.000000e-02 -6.146895e-02
-7.000000e-02 -5.210870e-02
-6.000000e-02 -4.326398e-02
-5.000000e-02 -3.491672e-02
-4.000000e-02 -2.704866e-02
-3.000000e-02 -1.964139e-02
-2.000000e-02 -1.267648e-02
-1.000000e-02 -6.135468e-03
    0     0
1.000000e-02 5.748145e-03
2.000000e-02 1.112698e-02
3.000000e-02 1.615428e-02
4.000000e-02 2.084749e-02
5.000000e-02 2.522371e-02
6.000000e-02 2.929966e-02
7.000000e-02 3.309162e-02
8.000000e-02 3.661543e-02
9.000000e-02 3.988643e-02
1.000000e-01 4.291945e-02
1.100000e-01 4.572882e-02
1.200000e-01 4.832830e-02
1.300000e-01 5.073114e-02
1.400000e-01 5.295000e-02
1.500000e-01 5.499703e-02
1.600000e-01 5.688378e-02
1.700000e-01 5.862128e-02
1.800000e-01 6.022001e-02
1.900000e-01 6.168990e-02
2.000000e-01 6.304036e-02
2.100000e-01 6.428029e-02
2.200000e-01 6.541809e-02
2.300000e-01 6.646164e-02
2.400000e-01 6.741840e-02
2.500000e-01 6.829534e-02
2.600000e-01 6.909900e-02
2.700000e-01 6.983549e-02
2.800000e-01 7.051053e-02
2.900000e-01 7.112945e-02
3.000000e-01 7.169720e-02
3.100000e-01 7.221840e-02
3.200000e-01 7.269733e-02
3.300000e-01 7.313794e-02
3.400000e-01 7.354392e-02
3.500000e-01 7.391863e-02
3.600000e-01 7.426521e-02
3.700000e-01 7.458652e-02
3.800000e-01 7.488520e-02
3.900000e-01 7.516368e-02
4.000000e-01 7.542417e-02
4.100000e-01 7.566869e-02
4.200000e-01 7.589909e-02
4.300000e-01 7.611705e-02
4.400000e-01 7.632410e-02
4.500000e-01 7.652162e-02
4.600000e-01 7.671086e-02
4.700000e-01 7.689296e-02
4.800000e-01 7.706892e-02
4.900000e-01 7.723967e-02
5.000000e-01 7.740601e-02
5.100000e-01 7.756868e-02
5.200000e-01 7.772833e-02
5.300000e-01 7.788553e-02
5.400000e-01 7.804079e-02
5.500000e-01 7.819456e-02
5.600000e-01 7.834723e-02
5.700000e-01 7.849914e-02
5.800000e-01 7.865059e-02
5.900000e-01 7.880183e-02
6.000000e-01 7.895310e-02
6.100000e-01 7.910456e-02
6.200000e-01 7.925638e-02
6.300000e-01 7.940869e-02
6.400000e-01 7.956161e-02
6.500000e-01 7.971521e-02
6.600000e-01 7.986957e-02
6.700000e-01 8.002474e-02
6.800000e-01 8.018078e-02
6.900000e-01 8.033770e-02
7.000000e-01 8.049554e-02
7.100000e-01 8.065431e-02
7.200000e-01 8.081401e-02
7.300000e-01 8.097465e-02
7.400000e-01 8.113622e-02
7.500000e-01 8.129874e-02
7.600000e-01 8.146218e-02
7.700000e-01 8.162655e-02
7.800000e-01 8.179184e-02
7.900000e-01 8.195805e-02
8.000000e-01 8.212516e-02
8.100000e-01 8.229319e-02
8.200000e-01 8.246212e-02
8.300000e-01 8.263196e-02
8.400000e-01 8.280272e-02
8.500000e-01 8.297441e-02
8.600000e-01 8.314703e-02
8.700000e-01 8.332060e-02
8.800000e-01 8.349515e-02
8.900000e-01 8.367069e-02
9.000000e-01 8.384726e-02
9.100000e-01 8.402488e-02
9.200000e-01 8.420358e-02
9.300000e-01 8.438342e-02
9.400000e-01 8.456443e-02
9.500000e-01 8.474665e-02
9.600000e-01 8.493015e-02
9.700000e-01 8.511497e-02
9.800000e-01 8.530118e-02
9.900000e-01 8.548883e-02
    1 8.567800e-02
