    1     0
    2 3.330690e-02
    3 6.344424e-02
    4 9.071362e-02
    5 1.153880e-01
    6 1.377143e-01
    7 1.579159e-01
    8 1.761951e-01
    9 1.927349e-01
   10 2.077006e-01
   11 2.212422e-01
   12 2.334951e-01
   13 2.445820e-01
   14 2.546139e-01
   15 2.636911e-01
   16 2.719044e-01
   17 2.793362e-01
   18 2.860608e-01
   19 2.921454e-01
   20 2.976510e-01
   21 3.026327e-01
   22 3.071403e-01
   23 3.112189e-01
   24 3.149094e-01
   25 3.182487e-01
   26 3.212703e-01
   27 3.240042e-01
   28 3.264781e-01
   29 3.287165e-01
   30 3.307419e-01
   31 3.325745e-01
   32 3.342328e-01
   33 3.357332e-01
   34 3.370909e-01
   35 3.383194e-01
   36 3.394309e-01
   37 3.404367e-01
   38 3.413468e-01
   39 3.421702e-01
   40 3.429153e-01
   41 3.435895e-01
   42 3.441996e-01
   43 3.447515e-01
   44 3.452510e-01
   45 3.457029e-01
   46 3.461119e-01
   47 3.464819e-01
   48 3.468167e-01
   49 3.471196e-01
   50 3.473937e-01
   51 3.476417e-01
   52 3.478661e-01
   53 3.480692e-01
   54 3.482529e-01
   55 3.484192e-01
   56 3.485696e-01
   57 3.487057e-01
   58 3.488289e-01
   59 3.489404e-01
   60 3.490412e-01
   61 3.491324e-01
   62 3.492150e-01
   63 3.492897e-01
   64 3.493573e-01
   65 3.494185e-01
   66 3.494738e-01
   67 3.495239e-01
   68 3.495692e-01
   69 3.496102e-01
   70 3.496473e-01
   71 3.496808e-01
   72 3.497112e-01
   73 3.497387e-01
   74 3.497636e-01
   75 3.497861e-01
   76 3.498064e-01
   77 3.498248e-01
   78 3.498415e-01
   79 3.498566e-01
   80 3.498702e-01
   81 3.498826e-01
   82 3.498938e-01
   83 3.499039e-01
   84 3.499130e-01
   85 3.499213e-01
   86 3.499288e-01
   87 3.499356e-01
   88 3.499417e-01
   89 3.499472e-01
   90 3.499523e-01
   91 3.499568e-01
   92 3.499609e-01
   93 3.499646e-01
   94 3.499680e-01
   95 3.499710e-01
   96 3.499738e-01
   97 3.499763e-01
   98 3.499786e-01
   99 3.499806e-01
  100 3.499824e-01
  101 3.499841e-01
  102 3.499856e-01
  103 3.499870e-01
  104 3.499882e-01
  105 3.499893e-01
  106 3.499904e-01
  107 3.499913e-01
  108 3.499921e-01
  109 3.499929e-01
  110 3.499935e-01
  111 3.499942e-01
  112 3.499947e-01
  113 3.499952e-01
  114 3.499957e-01
  115 3.499961e-01
  116 3.499965e-01
  117 3.499968e-01
  118 3.499971e-01
  119 3.499974e-01
  120 3.499976e-01
  121 3.499978e-01
  122 3.499981e-01
  123 3.499982e-01
  124 3.499984e-01
  125 3.499986e-01
  126 3.499987e-01
  127 3.499988e-01
  128 3.499989e-01
  129 3.499990e-01
  130 3.499991e-01
  131 3.499992e-01
  132 3.499993e-01
  133 3.499994e-01
  134 3.499994e-01
  135 3.499995e-01
  136 3.499995e-01
  137 3.499996e-01
  138 3.499996e-01
  139 3.499996e-01
  140 3.499997e-01
  141 3.499997e-01
  142 3.499997e-01
  143 3.499998e-01
  144 3.499998e-01
  145 3.499998e-01
  146 3.499998e-01
  147 3.499998e-01
  148 3.499999e-01
  149 3.499999e-01
  150 3.499999e-01
  151 3.499999e-01
  152 3.499999e-01
  153 3.499999e-01
  154 3.499999e-01
  155 3.499999e-01
  156 3.499999e-01
  157 3.499999e-01
  158 3.499999e-01
  159 3.500000e-01
  160 3.500000e-01
  161 3.500000e-01
  162 3.500000e-01
  163 3.500000e-01
  164 3.500000e-01
  165 3.500000e-01
  166 3.500000e-01
  167 3.500000e-01
  168 3.500000e-01
  169 3.500000e-01
  170 3.500000e-01
  171 3.500000e-01
  172 3.500000e-01
  173 3.500000e-01
  174 3.500000e-01
  175 3.500000e-01
  176 3.500000e-01
  177 3.500000e-01
  178 3.500000e-01
  179 3.500000e-01
  180 3.500000e-01
  181 3.500000e-01
  182 3.500000e-01
  183 3.500000e-01
  184 3.500000e-01
  185 3.500000e-01
  186 3.500000e-01
  187 3.500000e-01
  188 3.500000e-01
  189 3.500000e-01
  190 3.500000e-01
  191 3.500000e-01
  192 3.500000e-01
  193 3.500000e-01
  194 3.500000e-01
  195 3.500000e-01
  196 3.500000e-01
  197 3.500000e-01
  198 3.500000e-01
  199 3.500000e-01
  200 3.500000e-01
  201 3.500000e-01
  202 3.500000e-01
  203 3.500000e-01
  204 3.500000e-01
  205 3.500000e-01
  206 3.500000e-01
  207 3.500000e-01
  208 3.500000e-01
  209 3.500000e-01
  210 3.500000e-01
  211 3.500000e-01
  212 3.500000e-01
  213 3.500000e-01
  214 3.500000e-01
  215 3.500000e-01
  216 3.500000e-01
  217 3.500000e-01
  218 3.500000e-01
  219 3.500000e-01
  220 3.500000e-01
  221 3.500000e-01
  222 3.500000e-01
  223 3.500000e-01
  224 3.500000e-01
  225 3.500000e-01
  226 3.500000e-01
  227 3.500000e-01
  228 3.500000e-01
  229 3.500000e-01
  230 3.500000e-01
  231 3.500000e-01
  232 3.500000e-01
  233 3.500000e-01
  234 3.500000e-01
  235 3.500000e-01
  236 3.500000e-01
  237 3.500000e-01
  238 3.500000e-01
  239 3.500000e-01
  240 3.500000e-01
  241 3.500000e-01
  242 3.500000e-01
  243 3.500000e-01
  244 3.500000e-01
  245 3.500000e-01
  246 3.500000e-01
  247 3.500000e-01
  248 3.500000e-01
  249 3.500000e-01
  250 3.500000e-01
  251 3.500000e-01
  252 3.500000e-01
  253 3.500000e-01
  254 3.500000e-01
  255 3.500000e-01
  256 3.500000e-01
  257 3.500000e-01
  258 3.500000e-01
  259 3.500000e-01
  260 3.500000e-01
  261 3.500000e-01
  262 3.500000e-01
  263 3.500000e-01
  264 3.500000e-01
  265 3.500000e-01
  266 3.500000e-01
  267 3.500000e-01
  268 3.500000e-01
  269 3.500000e-01
  270 3.500000e-01
  271 3.500000e-01
  272 3.500000e-01
  273 3.500000e-01
  274 3.500000e-01
  275 3.500000e-01
  276 3.500000e-01
  277 3.500000e-01
  278 3.500000e-01
  279 3.500000e-01
  280 3.500000e-01
  281 3.500000e-01
  282 3.500000e-01
  283 3.500000e-01
  284 3.500000e-01
  285 3.500000e-01
  286 3.500000e-01
  287 3.500000e-01
  288 3.500000e-01
  289 3.500000e-01
  290 3.500000e-01
  291 3.500000e-01
  292 3.500000e-01
  293 3.500000e-01
  294 3.500000e-01
  295 3.500000e-01
  296 3.500000e-01
  297 3.500000e-01
  298 3.500000e-01
  299 3.500000e-01
  300 3.500000e-01
