    1     0
    2 2.469009e-02
    3 4.877058e-02
    4 7.225651e-02
    5 9.516258e-02
    6 1.175031e-01
    7 1.392920e-01
    8 1.605430e-01
    9 1.812692e-01
   10 2.014838e-01
   11 2.211992e-01
   12 2.404279e-01
   13 2.591818e-01
   14 2.774726e-01
   15 2.953119e-01
   16 3.127107e-01
   17 3.296800e-01
   18 3.462302e-01
   19 3.623718e-01
   20 3.781149e-01
   21 3.934693e-01
   22 4.084446e-01
   23 4.230502e-01
   24 4.372951e-01
   25 4.511884e-01
   26 4.647386e-01
   27 4.779542e-01
   28 4.908436e-01
   29 5.034147e-01
   30 5.156754e-01
   31 5.276334e-01
   32 5.392962e-01
   33 5.506710e-01
   34 5.617650e-01
   35 5.725851e-01
   36 5.831380e-01
   37 5.934303e-01
   38 6.034686e-01
   39 6.132590e-01
   40 6.228076e-01
   41 6.321206e-01
   42 6.412035e-01
   43 6.500623e-01
   44 6.587022e-01
   45 6.671289e-01
   46 6.753475e-01
   47 6.833632e-01
   48 6.911810e-01
   49 6.988058e-01
   50 7.062423e-01
   51 7.134952e-01
   52 7.205690e-01
   53 7.274682e-01
   54 7.341970e-01
   55 7.407597e-01
   56 7.471604e-01
   57 7.534030e-01
   58 7.594915e-01
   59 7.654297e-01
   60 7.712213e-01
   61 7.768698e-01
   62 7.823789e-01
   63 7.877520e-01
   64 7.929924e-01
   65 7.981035e-01
   66 8.030883e-01
   67 8.079501e-01
   68 8.126918e-01
   69 8.173165e-01
   70 8.218269e-01
   71 8.262261e-01
   72 8.305166e-01
   73 8.347011e-01
   74 8.387824e-01
   75 8.427628e-01
   76 8.466450e-01
   77 8.504314e-01
   78 8.541242e-01
   79 8.577259e-01
   80 8.612387e-01
   81 8.646647e-01
   82 8.680062e-01
   83 8.712651e-01
   84 8.744436e-01
   85 8.775436e-01
   86 8.805670e-01
   87 8.835158e-01
   88 8.863918e-01
   89 8.891968e-01
   90 8.919326e-01
   91 8.946008e-01
   92 8.972031e-01
   93 8.997412e-01
   94 9.022166e-01
   95 9.046308e-01
   96 9.069855e-01
   97 9.092820e-01
   98 9.115219e-01
   99 9.137064e-01
  100 9.158370e-01
  101 9.179150e-01
  102 9.199417e-01
  103 9.219183e-01
  104 9.238462e-01
  105 9.257264e-01
  106 9.275602e-01
  107 9.293488e-01
  108 9.310932e-01
  109 9.327945e-01
  110 9.344538e-01
  111 9.360721e-01
  112 9.376505e-01
  113 9.391899e-01
  114 9.406913e-01
  115 9.421557e-01
  116 9.435839e-01
  117 9.449768e-01
  118 9.463353e-01
  119 9.476603e-01
  120 9.489526e-01
  121 9.502129e-01
  122 9.514422e-01
  123 9.526411e-01
  124 9.538104e-01
  125 9.549508e-01
  126 9.560631e-01
  127 9.571479e-01
  128 9.582059e-01
  129 9.592378e-01
  130 9.602442e-01
  131 9.612258e-01
  132 9.621831e-01
  133 9.631168e-01
  134 9.640275e-01
  135 9.649156e-01
  136 9.657819e-01
  137 9.666267e-01
  138 9.674507e-01
  139 9.682544e-01
  140 9.690382e-01
  141 9.698026e-01
  142 9.705482e-01
  143 9.712754e-01
  144 9.719846e-01
  145 9.726763e-01
  146 9.733509e-01
  147 9.740089e-01
  148 9.746506e-01
  149 9.752765e-01
  150 9.758869e-01
  151 9.764823e-01
  152 9.770629e-01
  153 9.776292e-01
  154 9.781816e-01
  155 9.787203e-01
  156 9.792457e-01
  157 9.797581e-01
  158 9.802579e-01
  159 9.807453e-01
  160 9.812207e-01
  161 9.816844e-01
  162 9.821366e-01
  163 9.825776e-01
  164 9.830078e-01
  165 9.834273e-01
  166 9.838365e-01
  167 9.842356e-01
  168 9.846248e-01
  169 9.850044e-01
  170 9.853747e-01
  171 9.857358e-01
  172 9.860880e-01
  173 9.864314e-01
  174 9.867664e-01
  175 9.870932e-01
  176 9.874119e-01
  177 9.877227e-01
  178 9.880258e-01
  179 9.883214e-01
  180 9.886098e-01
  181 9.888910e-01
  182 9.891653e-01
  183 9.894328e-01
  184 9.896937e-01
  185 9.899482e-01
  186 9.901963e-01
  187 9.904384e-01
  188 9.906745e-01
  189 9.909047e-01
  190 9.911293e-01
  191 9.913483e-01
  192 9.915619e-01
  193 9.917703e-01
  194 9.919734e-01
  195 9.921716e-01
  196 9.923649e-01
  197 9.925534e-01
  198 9.927373e-01
  199 9.929166e-01
  200 9.930915e-01
  201 9.932621e-01
  202 9.934284e-01
  203 9.935907e-01
  204 9.937489e-01
  205 9.939033e-01
  206 9.940538e-01
  207 9.942006e-01
  208 9.943438e-01
  209 9.944834e-01
  210 9.946196e-01
  211 9.947525e-01
  212 9.948820e-01
  213 9.950084e-01
  214 9.951316e-01
  215 9.952518e-01
  216 9.953691e-01
  217 9.954834e-01
  218 9.955949e-01
  219 9.957037e-01
  220 9.958098e-01
  221 9.959132e-01
  222 9.960141e-01
  223 9.961125e-01
  224 9.962085e-01
  225 9.963021e-01
  226 9.963934e-01
  227 9.964825e-01
  228 9.965693e-01
  229 9.966540e-01
  230 9.967366e-01
  231 9.968172e-01
  232 9.968958e-01
  233 9.969724e-01
  234 9.970472e-01
  235 9.971201e-01
  236 9.971912e-01
  237 9.972606e-01
  238 9.973282e-01
  239 9.973942e-01
  240 9.974585e-01
  241 9.975212e-01
  242 9.975824e-01
  243 9.976421e-01
  244 9.977004e-01
  245 9.977571e-01
  246 9.978125e-01
  247 9.978665e-01
  248 9.979192e-01
  249 9.979706e-01
  250 9.980207e-01
  251 9.980695e-01
  252 9.981172e-01
  253 9.981637e-01
  254 9.982090e-01
  255 9.982533e-01
  256 9.982964e-01
  257 9.983384e-01
  258 9.983795e-01
  259 9.984195e-01
  260 9.984585e-01
  261 9.984966e-01
  262 9.985337e-01
  263 9.985699e-01
  264 9.986052e-01
  265 9.986396e-01
  266 9.986732e-01
  267 9.987060e-01
  268 9.987379e-01
  269 9.987691e-01
  270 9.987995e-01
  271 9.988291e-01
  272 9.988580e-01
  273 9.988862e-01
  274 9.989137e-01
  275 9.989405e-01
  276 9.989667e-01
  277 9.989922e-01
  278 9.990171e-01
  279 9.990414e-01
  280 9.990650e-01
  281 9.990881e-01
  282 9.991106e-01
  283 9.991326e-01
  284 9.991540e-01
  285 9.991749e-01
  286 9.991953e-01
  287 9.992151e-01
  288 9.992345e-01
  289 9.992534e-01
  290 9.992718e-01
  291 9.992898e-01
  292 9.993074e-01
  293 9.993245e-01
  294 9.993411e-01
  295 9.993574e-01
  296 9.993733e-01
  297 9.993887e-01
  298 9.994038e-01
  299 9.994186e-01
  300 9.994329e-01
