    1     0
    2 6.140731e-02
    3 1.133875e-01
    4 1.573877e-01
    5 1.946332e-01
    6 2.261607e-01
    7 2.528482e-01
    8 2.754387e-01
    9 2.945611e-01
   10 3.107479e-01
   11 3.244498e-01
   12 3.360481e-01
   13 3.458659e-01
   14 3.541765e-01
   15 3.612112e-01
   16 3.671660e-01
   17 3.722066e-01
   18 3.764734e-01
   19 3.800852e-01
   20 3.831425e-01
   21 3.857304e-01
   22 3.879210e-01
   23 3.897754e-01
   24 3.913451e-01
   25 3.926737e-01
   26 3.937985e-01
   27 3.947505e-01
   28 3.955564e-01
   29 3.962386e-01
   30 3.968160e-01
   31 3.973048e-01
   32 3.977186e-01
   33 3.980688e-01
   34 3.983653e-01
   35 3.986162e-01
   36 3.988287e-01
   37 3.990085e-01
   38 3.991607e-01
   39 3.992896e-01
   40 3.993986e-01
   41 3.994909e-01
   42 3.995691e-01
   43 3.996352e-01
   44 3.996912e-01
   45 3.997386e-01
   46 3.997788e-01
   47 3.998127e-01
   48 3.998415e-01
   49 3.998658e-01
   50 3.998864e-01
   51 3.999039e-01
   52 3.999186e-01
   53 3.999311e-01
   54 3.999417e-01
   55 3.999506e-01
   56 3.999582e-01
   57 3.999646e-01
   58 3.999701e-01
   59 3.999747e-01
   60 3.999785e-01
   61 3.999818e-01
   62 3.999846e-01
   63 3.999870e-01
   64 3.999890e-01
   65 3.999907e-01
   66 3.999921e-01
   67 3.999933e-01
   68 3.999943e-01
   69 3.999952e-01
   70 3.999959e-01
   71 3.999966e-01
   72 3.999971e-01
   73 3.999975e-01
   74 3.999979e-01
   75 3.999982e-01
   76 3.999985e-01
   77 3.999987e-01
   78 3.999989e-01
   79 3.999991e-01
   80 3.999992e-01
   81 3.999994e-01
   82 3.999995e-01
   83 3.999995e-01
   84 3.999996e-01
   85 3.999997e-01
   86 3.999997e-01
   87 3.999998e-01
   88 3.999998e-01
   89 3.999998e-01
   90 3.999999e-01
   91 3.999999e-01
   92 3.999999e-01
   93 3.999999e-01
   94 3.999999e-01
   95 3.999999e-01
   96 3.999999e-01
   97 4.000000e-01
   98 4.000000e-01
   99 4.000000e-01
  100 4.000000e-01
  101 4.000000e-01
  102 4.000000e-01
  103 4.000000e-01
  104 4.000000e-01
  105 4.000000e-01
  106 4.000000e-01
  107 4.000000e-01
  108 4.000000e-01
  109 4.000000e-01
  110 4.000000e-01
  111 4.000000e-01
  112 4.000000e-01
  113 4.000000e-01
  114 4.000000e-01
  115 4.000000e-01
  116 4.000000e-01
  117 4.000000e-01
  118 4.000000e-01
  119 4.000000e-01
  120 4.000000e-01
  121 4.000000e-01
  122 4.000000e-01
  123 4.000000e-01
  124 4.000000e-01
  125 4.000000e-01
  126 4.000000e-01
  127 4.000000e-01
  128 4.000000e-01
  129 4.000000e-01
  130 4.000000e-01
  131 4.000000e-01
  132 4.000000e-01
  133 4.000000e-01
  134 4.000000e-01
  135 4.000000e-01
  136 4.000000e-01
  137 4.000000e-01
  138 4.000000e-01
  139 4.000000e-01
  140 4.000000e-01
  141 4.000000e-01
  142 4.000000e-01
  143 4.000000e-01
  144 4.000000e-01
  145 4.000000e-01
  146 4.000000e-01
  147 4.000000e-01
  148 4.000000e-01
  149 4.000000e-01
  150 4.000000e-01
  151 4.000000e-01
  152 4.000000e-01
  153 4.000000e-01
  154 4.000000e-01
  155 4.000000e-01
  156 4.000000e-01
  157 4.000000e-01
  158 4.000000e-01
  159 4.000000e-01
  160 4.000000e-01
  161 4.000000e-01
  162 4.000000e-01
  163 4.000000e-01
  164 4.000000e-01
  165 4.000000e-01
  166 4.000000e-01
  167 4.000000e-01
  168 4.000000e-01
  169 4.000000e-01
  170 4.000000e-01
  171 4.000000e-01
  172 4.000000e-01
  173 4.000000e-01
  174 4.000000e-01
  175 4.000000e-01
  176 4.000000e-01
  177 4.000000e-01
  178 4.000000e-01
  179 4.000000e-01
  180 4.000000e-01
  181 4.000000e-01
  182 4.000000e-01
  183 4.000000e-01
  184 4.000000e-01
  185 4.000000e-01
  186 4.000000e-01
  187 4.000000e-01
  188 4.000000e-01
  189 4.000000e-01
  190 4.000000e-01
  191 4.000000e-01
  192 4.000000e-01
  193 4.000000e-01
  194 4.000000e-01
  195 4.000000e-01
  196 4.000000e-01
  197 4.000000e-01
  198 4.000000e-01
  199 4.000000e-01
  200 4.000000e-01
  201 4.000000e-01
  202 4.000000e-01
  203 4.000000e-01
  204 4.000000e-01
  205 4.000000e-01
  206 4.000000e-01
  207 4.000000e-01
  208 4.000000e-01
  209 4.000000e-01
  210 4.000000e-01
  211 4.000000e-01
  212 4.000000e-01
  213 4.000000e-01
  214 4.000000e-01
  215 4.000000e-01
  216 4.000000e-01
  217 4.000000e-01
  218 4.000000e-01
  219 4.000000e-01
  220 4.000000e-01
  221 4.000000e-01
  222 4.000000e-01
  223 4.000000e-01
  224 4.000000e-01
  225 4.000000e-01
  226 4.000000e-01
  227 4.000000e-01
  228 4.000000e-01
  229 4.000000e-01
  230 4.000000e-01
  231 4.000000e-01
  232 4.000000e-01
  233 4.000000e-01
  234 4.000000e-01
  235 4.000000e-01
  236 4.000000e-01
  237 4.000000e-01
  238 4.000000e-01
  239 4.000000e-01
  240 4.000000e-01
  241 4.000000e-01
  242 4.000000e-01
  243 4.000000e-01
  244 4.000000e-01
  245 4.000000e-01
  246 4.000000e-01
  247 4.000000e-01
  248 4.000000e-01
  249 4.000000e-01
  250 4.000000e-01
  251 4.000000e-01
  252 4.000000e-01
  253 4.000000e-01
  254 4.000000e-01
  255 4.000000e-01
  256 4.000000e-01
  257 4.000000e-01
  258 4.000000e-01
  259 4.000000e-01
  260 4.000000e-01
  261 4.000000e-01
  262 4.000000e-01
  263 4.000000e-01
  264 4.000000e-01
  265 4.000000e-01
  266 4.000000e-01
  267 4.000000e-01
  268 4.000000e-01
  269 4.000000e-01
  270 4.000000e-01
  271 4.000000e-01
  272 4.000000e-01
  273 4.000000e-01
  274 4.000000e-01
  275 4.000000e-01
  276 4.000000e-01
  277 4.000000e-01
  278 4.000000e-01
  279 4.000000e-01
  280 4.000000e-01
  281 4.000000e-01
  282 4.000000e-01
  283 4.000000e-01
  284 4.000000e-01
  285 4.000000e-01
  286 4.000000e-01
  287 4.000000e-01
  288 4.000000e-01
  289 4.000000e-01
  290 4.000000e-01
  291 4.000000e-01
  292 4.000000e-01
  293 4.000000e-01
  294 4.000000e-01
  295 4.000000e-01
  296 4.000000e-01
  297 4.000000e-01
  298 4.000000e-01
  299 4.000000e-01
  300 4.000000e-01
