    1     0
    2 1.486115e-01
    3 2.891919e-01
    4 4.221753e-01
    5 5.479721e-01
    6 6.669709e-01
    7 7.795389e-01
    8 8.860237e-01
    9 9.867539e-01
   10 1.082041e+00
   11 1.172178e+00
   12 1.257444e+00
   13 1.338103e+00
   14 1.414403e+00
   15 1.486579e+00
   16 1.554855e+00
   17 1.619441e+00
   18 1.680537e+00
   19 1.738332e+00
   20 1.793003e+00
   21 1.844719e+00
   22 1.893641e+00
   23 1.939919e+00
   24 1.983696e+00
   25 2.025108e+00
   26 2.064281e+00
   27 2.101338e+00
   28 2.136392e+00
   29 2.169552e+00
   30 2.200919e+00
   31 2.230592e+00
   32 2.258661e+00
   33 2.285213e+00
   34 2.310331e+00
   35 2.334091e+00
   36 2.356567e+00
   37 2.377828e+00
   38 2.397940e+00
   39 2.416966e+00
   40 2.434963e+00
   41 2.451988e+00
   42 2.468093e+00
   43 2.483327e+00
   44 2.497738e+00
   45 2.511371e+00
   46 2.524266e+00
   47 2.536465e+00
   48 2.548005e+00
   49 2.558921e+00
   50 2.569247e+00
   51 2.579015e+00
   52 2.588255e+00
   53 2.596996e+00
   54 2.605264e+00
   55 2.613086e+00
   56 2.620484e+00
   57 2.627484e+00
   58 2.634104e+00
   59 2.640367e+00
   60 2.646292e+00
   61 2.651897e+00
   62 2.657198e+00
   63 2.662213e+00
   64 2.666957e+00
   65 2.671445e+00
   66 2.675690e+00
   67 2.679706e+00
   68 2.683505e+00
   69 2.687098e+00
   70 2.690497e+00
   71 2.693713e+00
   72 2.696755e+00
   73 2.699632e+00
   74 2.702354e+00
   75 2.704929e+00
   76 2.707364e+00
   77 2.709668e+00
   78 2.711848e+00
   79 2.713910e+00
   80 2.715860e+00
   81 2.717705e+00
   82 2.719450e+00
   83 2.721101e+00
   84 2.722663e+00
   85 2.724140e+00
   86 2.725538e+00
   87 2.726860e+00
   88 2.728110e+00
   89 2.729293e+00
   90 2.730412e+00
   91 2.731471e+00
   92 2.732472e+00
   93 2.733419e+00
   94 2.734315e+00
   95 2.735163e+00
   96 2.735965e+00
   97 2.736723e+00
   98 2.737441e+00
   99 2.738119e+00
  100 2.738761e+00
  101 2.739369e+00
  102 2.739943e+00
  103 2.740487e+00
  104 2.741001e+00
  105 2.741487e+00
  106 2.741947e+00
  107 2.742382e+00
  108 2.742794e+00
  109 2.743183e+00
  110 2.743552e+00
  111 2.743900e+00
  112 2.744230e+00
  113 2.744542e+00
  114 2.744837e+00
  115 2.745116e+00
  116 2.745380e+00
  117 2.745629e+00
  118 2.745866e+00
  119 2.746089e+00
  120 2.746300e+00
  121 2.746500e+00
  122 2.746689e+00
  123 2.746868e+00
  124 2.747038e+00
  125 2.747198e+00
  126 2.747349e+00
  127 2.747492e+00
  128 2.747628e+00
  129 2.747756e+00
  130 2.747877e+00
  131 2.747992e+00
  132 2.748101e+00
  133 2.748203e+00
  134 2.748300e+00
  135 2.748392e+00
  136 2.748479e+00
  137 2.748561e+00
  138 2.748639e+00
  139 2.748713e+00
  140 2.748782e+00
  141 2.748848e+00
  142 2.748910e+00
  143 2.748969e+00
  144 2.749025e+00
  145 2.749077e+00
  146 2.749127e+00
  147 2.749174e+00
  148 2.749219e+00
  149 2.749261e+00
  150 2.749301e+00
  151 2.749339e+00
  152 2.749375e+00
  153 2.749408e+00
  154 2.749440e+00
  155 2.749471e+00
  156 2.749499e+00
  157 2.749526e+00
  158 2.749552e+00
  159 2.749576e+00
  160 2.749599e+00
  161 2.749621e+00
  162 2.749641e+00
  163 2.749661e+00
  164 2.749679e+00
  165 2.749696e+00
  166 2.749713e+00
  167 2.749728e+00
  168 2.749743e+00
  169 2.749757e+00
  170 2.749770e+00
  171 2.749782e+00
  172 2.749794e+00
  173 2.749805e+00
  174 2.749816e+00
  175 2.749826e+00
  176 2.749835e+00
  177 2.749844e+00
  178 2.749853e+00
  179 2.749860e+00
  180 2.749868e+00
  181 2.749875e+00
  182 2.749882e+00
  183 2.749888e+00
  184 2.749894e+00
  185 2.749900e+00
  186 2.749905e+00
  187 2.749911e+00
  188 2.749915e+00
  189 2.749920e+00
  190 2.749924e+00
  191 2.749928e+00
  192 2.749932e+00
  193 2.749936e+00
  194 2.749939e+00
  195 2.749943e+00
  196 2.749946e+00
  197 2.749949e+00
  198 2.749951e+00
  199 2.749954e+00
  200 2.749957e+00
  201 2.749959e+00
  202 2.749961e+00
  203 2.749963e+00
  204 2.749965e+00
  205 2.749967e+00
  206 2.749969e+00
  207 2.749971e+00
  208 2.749972e+00
  209 2.749974e+00
  210 2.749975e+00
  211 2.749976e+00
  212 2.749978e+00
  213 2.749979e+00
  214 2.749980e+00
  215 2.749981e+00
  216 2.749982e+00
  217 2.749983e+00
  218 2.749984e+00
  219 2.749985e+00
  220 2.749986e+00
  221 2.749986e+00
  222 2.749987e+00
  223 2.749988e+00
  224 2.749989e+00
  225 2.749989e+00
  226 2.749990e+00
  227 2.749990e+00
  228 2.749991e+00
  229 2.749991e+00
  230 2.749992e+00
  231 2.749992e+00
  232 2.749993e+00
  233 2.749993e+00
  234 2.749993e+00
  235 2.749994e+00
  236 2.749994e+00
  237 2.749994e+00
  238 2.749995e+00
  239 2.749995e+00
  240 2.749995e+00
  241 2.749996e+00
  242 2.749996e+00
  243 2.749996e+00
  244 2.749996e+00
  245 2.749996e+00
  246 2.749997e+00
  247 2.749997e+00
  248 2.749997e+00
  249 2.749997e+00
  250 2.749997e+00
  251 2.749997e+00
  252 2.749998e+00
  253 2.749998e+00
  254 2.749998e+00
  255 2.749998e+00
  256 2.749998e+00
  257 2.749998e+00
  258 2.749998e+00
  259 2.749998e+00
  260 2.749998e+00
  261 2.749999e+00
  262 2.749999e+00
  263 2.749999e+00
  264 2.749999e+00
  265 2.749999e+00
  266 2.749999e+00
  267 2.749999e+00
  268 2.749999e+00
  269 2.749999e+00
  270 2.749999e+00
  271 2.749999e+00
  272 2.749999e+00
  273 2.749999e+00
  274 2.749999e+00
  275 2.749999e+00
  276 2.749999e+00
  277 2.749999e+00
  278 2.749999e+00
  279 2.749999e+00
  280 2.749999e+00
  281 2.750000e+00
  282 2.750000e+00
  283 2.750000e+00
  284 2.750000e+00
  285 2.750000e+00
  286 2.750000e+00
  287 2.750000e+00
  288 2.750000e+00
  289 2.750000e+00
  290 2.750000e+00
  291 2.750000e+00
  292 2.750000e+00
  293 2.750000e+00
  294 2.750000e+00
  295 2.750000e+00
  296 2.750000e+00
  297 2.750000e+00
  298 2.750000e+00
  299 2.750000e+00
  300 2.750000e+00
