    1     0
    2 5.875155e-02
    3 1.105996e-01
    4 1.563554e-01
    5 1.967347e-01
    6 2.323693e-01
    7 2.638167e-01
    8 2.915690e-01
    9 3.160603e-01
   10 3.376738e-01
   11 3.567476e-01
   12 3.735802e-01
   13 3.884349e-01
   14 4.015442e-01
   15 4.131130e-01
   16 4.233225e-01
   17 4.323324e-01
   18 4.402835e-01
   19 4.473004e-01
   20 4.534928e-01
   21 4.589575e-01
   22 4.637801e-01
   23 4.680361e-01
   24 4.717919e-01
   25 4.751065e-01
   26 4.780315e-01
   27 4.806129e-01
   28 4.828909e-01
   29 4.849013e-01
   30 4.866755e-01
   31 4.882411e-01
   32 4.896228e-01
   33 4.908422e-01
   34 4.919183e-01
   35 4.928679e-01
   36 4.937059e-01
   37 4.944455e-01
   38 4.950982e-01
   39 4.956742e-01
   40 4.961825e-01
   41 4.966310e-01
   42 4.970269e-01
   43 4.973762e-01
   44 4.976845e-01
   45 4.979566e-01
   46 4.981967e-01
   47 4.984086e-01
   48 4.985956e-01
   49 4.987606e-01
   50 4.989063e-01
   51 4.990348e-01
   52 4.991482e-01
   53 4.992483e-01
   54 4.993366e-01
   55 4.994146e-01
   56 4.994834e-01
   57 4.995441e-01
   58 4.995976e-01
   59 4.996449e-01
   60 4.996866e-01
   61 4.997235e-01
   62 4.997560e-01
   63 4.997846e-01
   64 4.998099e-01
   65 4.998323e-01
   66 4.998520e-01
   67 4.998694e-01
   68 4.998847e-01
   69 4.998983e-01
   70 4.999102e-01
   71 4.999208e-01
   72 4.999301e-01
   73 4.999383e-01
   74 4.999455e-01
   75 4.999519e-01
   76 4.999576e-01
   77 4.999626e-01
   78 4.999670e-01
   79 4.999709e-01
   80 4.999743e-01
   81 4.999773e-01
   82 4.999800e-01
   83 4.999823e-01
   84 4.999844e-01
   85 4.999862e-01
   86 4.999878e-01
   87 4.999893e-01
   88 4.999905e-01
   89 4.999916e-01
   90 4.999926e-01
   91 4.999935e-01
   92 4.999943e-01
   93 4.999949e-01
   94 4.999955e-01
   95 4.999961e-01
   96 4.999965e-01
   97 4.999969e-01
   98 4.999973e-01
   99 4.999976e-01
  100 4.999979e-01
  101 4.999981e-01
  102 4.999984e-01
  103 4.999985e-01
  104 4.999987e-01
  105 4.999989e-01
  106 4.999990e-01
  107 4.999991e-01
  108 4.999992e-01
  109 4.999993e-01
  110 4.999994e-01
  111 4.999995e-01
  112 4.999995e-01
  113 4.999996e-01
  114 4.999996e-01
  115 4.999997e-01
  116 4.999997e-01
  117 4.999997e-01
  118 4.999998e-01
  119 4.999998e-01
  120 4.999998e-01
  121 4.999998e-01
  122 4.999999e-01
  123 4.999999e-01
  124 4.999999e-01
  125 4.999999e-01
  126 4.999999e-01
  127 4.999999e-01
  128 4.999999e-01
  129 4.999999e-01
  130 5.000000e-01
  131 5.000000e-01
  132 5.000000e-01
  133 5.000000e-01
  134 5.000000e-01
  135 5.000000e-01
  136 5.000000e-01
  137 5.000000e-01
  138 5.000000e-01
  139 5.000000e-01
  140 5.000000e-01
  141 5.000000e-01
  142 5.000000e-01
  143 5.000000e-01
  144 5.000000e-01
  145 5.000000e-01
  146 5.000000e-01
  147 5.000000e-01
  148 5.000000e-01
  149 5.000000e-01
  150 5.000000e-01
  151 5.000000e-01
  152 5.000000e-01
  153 5.000000e-01
  154 5.000000e-01
  155 5.000000e-01
  156 5.000000e-01
  157 5.000000e-01
  158 5.000000e-01
  159 5.000000e-01
  160 5.000000e-01
  161 5.000000e-01
  162 5.000000e-01
  163 5.000000e-01
  164 5.000000e-01
  165 5.000000e-01
  166 5.000000e-01
  167 5.000000e-01
  168 5.000000e-01
  169 5.000000e-01
  170 5.000000e-01
  171 5.000000e-01
  172 5.000000e-01
  173 5.000000e-01
  174 5.000000e-01
  175 5.000000e-01
  176 5.000000e-01
  177 5.000000e-01
  178 5.000000e-01
  179 5.000000e-01
  180 5.000000e-01
  181 5.000000e-01
  182 5.000000e-01
  183 5.000000e-01
  184 5.000000e-01
  185 5.000000e-01
  186 5.000000e-01
  187 5.000000e-01
  188 5.000000e-01
  189 5.000000e-01
  190 5.000000e-01
  191 5.000000e-01
  192 5.000000e-01
  193 5.000000e-01
  194 5.000000e-01
  195 5.000000e-01
  196 5.000000e-01
  197 5.000000e-01
  198 5.000000e-01
  199 5.000000e-01
  200 5.000000e-01
  201 5.000000e-01
  202 5.000000e-01
  203 5.000000e-01
  204 5.000000e-01
  205 5.000000e-01
  206 5.000000e-01
  207 5.000000e-01
  208 5.000000e-01
  209 5.000000e-01
  210 5.000000e-01
  211 5.000000e-01
  212 5.000000e-01
  213 5.000000e-01
  214 5.000000e-01
  215 5.000000e-01
  216 5.000000e-01
  217 5.000000e-01
  218 5.000000e-01
  219 5.000000e-01
  220 5.000000e-01
  221 5.000000e-01
  222 5.000000e-01
  223 5.000000e-01
  224 5.000000e-01
  225 5.000000e-01
  226 5.000000e-01
  227 5.000000e-01
  228 5.000000e-01
  229 5.000000e-01
  230 5.000000e-01
  231 5.000000e-01
  232 5.000000e-01
  233 5.000000e-01
  234 5.000000e-01
  235 5.000000e-01
  236 5.000000e-01
  237 5.000000e-01
  238 5.000000e-01
  239 5.000000e-01
  240 5.000000e-01
  241 5.000000e-01
  242 5.000000e-01
  243 5.000000e-01
  244 5.000000e-01
  245 5.000000e-01
  246 5.000000e-01
  247 5.000000e-01
  248 5.000000e-01
  249 5.000000e-01
  250 5.000000e-01
  251 5.000000e-01
  252 5.000000e-01
  253 5.000000e-01
  254 5.000000e-01
  255 5.000000e-01
  256 5.000000e-01
  257 5.000000e-01
  258 5.000000e-01
  259 5.000000e-01
  260 5.000000e-01
  261 5.000000e-01
  262 5.000000e-01
  263 5.000000e-01
  264 5.000000e-01
  265 5.000000e-01
  266 5.000000e-01
  267 5.000000e-01
  268 5.000000e-01
  269 5.000000e-01
  270 5.000000e-01
  271 5.000000e-01
  272 5.000000e-01
  273 5.000000e-01
  274 5.000000e-01
  275 5.000000e-01
  276 5.000000e-01
  277 5.000000e-01
  278 5.000000e-01
  279 5.000000e-01
  280 5.000000e-01
  281 5.000000e-01
  282 5.000000e-01
  283 5.000000e-01
  284 5.000000e-01
  285 5.000000e-01
  286 5.000000e-01
  287 5.000000e-01
  288 5.000000e-01
  289 5.000000e-01
  290 5.000000e-01
  291 5.000000e-01
  292 5.000000e-01
  293 5.000000e-01
  294 5.000000e-01
  295 5.000000e-01
  296 5.000000e-01
  297 5.000000e-01
  298 5.000000e-01
  299 5.000000e-01
  300 5.000000e-01
