    1     0
    2     0
    3     0
    4     0
    5     0
    6     0
    7    -1
    8    -1
    9    -1
   10    -1
   11    -1
   12    -1
   13    -1
   14    -1
   15 -7.300575e-01
   16 -2.937600e-01
   17 -3.146145e-02
   18 5.681101e-02
   19 2.649367e-02
   20 -7.883947e-02
   21 -2.353180e-01
   22 -4.212823e-01
   23 -5.993581e-01
   24 -7.304837e-01
   25 -8.164213e-01
   26 -9.769804e-01
   27    -1
   28    -1
   29    -1
   30    -1
   31 -8.955622e-01
   32 -6.232351e-01
   33 -3.965300e-01
   34 -2.720876e-01
   35 -2.323084e-01
   36 -2.523410e-01
   37 -3.141911e-01
   38 -4.024480e-01
   39 -5.003640e-01
   40 -5.900617e-01
   41 -6.561705e-01
   42 -6.897000e-01
   43 -6.909912e-01
   44 -6.695300e-01
   45 -6.357499e-01
   46 -5.940369e-01
   47 -5.478381e-01
   48 -5.047423e-01
   49 -4.726919e-01
   50 -4.553064e-01
   51 -4.518108e-01
   52 -4.590501e-01
   53 -4.730151e-01
   54 -4.896272e-01
   55 -5.052643e-01
   56 -5.172270e-01
   57 -5.240559e-01
   58 -5.255620e-01
   59 -5.225503e-01
   60 -5.163703e-01
   61 -5.085080e-01
   62 -5.003393e-01
   63 -4.930046e-01
   64 -4.873223e-01
   65 -4.837246e-01
   66 -4.822472e-01
   67 -4.825937e-01
   68 -4.842490e-01
   69 -4.866125e-01
   70 -4.891148e-01
   71 -4.913001e-01
   72 -4.928692e-01
   73 -4.936830e-01
   74 -4.937417e-01
   75 -4.931497e-01
   76 -4.920794e-01
   77 -4.907369e-01
   78 -4.893310e-01
   79 -4.880461e-01
   80 -4.870213e-01
   81 -4.863373e-01
   82 -4.860147e-01
   83 -4.860202e-01
   84 -4.862813e-01
   85 -4.867033e-01
   86 -4.871873e-01
   87 -4.876445e-01
   88 -4.880070e-01
   89 -4.882327e-01
   90 -4.883068e-01
   91 -4.882384e-01
   92 -4.880554e-01
   93 -4.877971e-01
   94 -4.875076e-01
   95 -4.872287e-01
   96 -4.869938e-01
   97 -4.868253e-01
   98 -4.867330e-01
   99 -4.867146e-01
  100 -4.867580e-01
  101 -4.868447e-01
  102 -4.869535e-01
  103 -4.870638e-01
  104 -4.871584e-01
  105 -4.872252e-01
  106 -4.872585e-01
  107 -4.872580e-01
  108 -4.872284e-01
  109 -4.871778e-01
  110 -4.871159e-01
  111 -4.870526e-01
  112 -4.869964e-01
  113 -4.869533e-01
  114 -4.869269e-01
  115 -4.869176e-01
  116 -4.869235e-01
  117 -4.869409e-01
  118 -4.869652e-01
  119 -4.869916e-01
  120 -4.870157e-01
  121 -4.870344e-01
  122 -4.870457e-01
  123 -4.870491e-01
  124 -4.870452e-01
  125 -4.870357e-01
  126 -4.870227e-01
  127 -4.870084e-01
  128 -4.869950e-01
  129 -4.869841e-01
  130 -4.869767e-01
  131 -4.869733e-01
  132 -4.869735e-01
  133 -4.869767e-01
  134 -4.869820e-01
  135 -4.869881e-01
  136 -4.869940e-01
  137 -4.869990e-01
  138 -4.870024e-01
  139 -4.870040e-01
  140 -4.870038e-01
  141 -4.870022e-01
  142 -4.869995e-01
  143 -4.869963e-01
  144 -4.869932e-01
  145 -4.869905e-01
  146 -4.869885e-01
  147 -4.869873e-01
  148 -4.869871e-01
  149 -4.869876e-01
  150 -4.869887e-01
  151 -4.869901e-01
  152 -4.869915e-01
  153 -4.869928e-01
  154 -4.869937e-01
  155 -4.869943e-01
  156 -4.869944e-01
  157 -4.869942e-01
  158 -4.869936e-01
  159 -4.869930e-01
  160 -4.869922e-01
  161 -4.869916e-01
  162 -4.869910e-01
  163 -4.869907e-01
  164 -4.869906e-01
  165 -4.869906e-01
  166 -4.869908e-01
  167 -4.869911e-01
  168 -4.869915e-01
  169 -4.869918e-01
  170 -4.869920e-01
  171 -4.869922e-01
  172 -4.869923e-01
  173 -4.869923e-01
  174 -4.869922e-01
  175 -4.869920e-01
  176 -4.869918e-01
  177 -4.869917e-01
  178 -4.869915e-01
  179 -4.869915e-01
  180 -4.869914e-01
  181 -4.869914e-01
  182 -4.869914e-01
  183 -4.869915e-01
  184 -4.869916e-01
  185 -4.869917e-01
  186 -4.869917e-01
  187 -4.869918e-01
  188 -4.869918e-01
  189 -4.869918e-01
  190 -4.869918e-01
  191 -4.869918e-01
  192 -4.869917e-01
  193 -4.869917e-01
  194 -4.869916e-01
  195 -4.869916e-01
  196 -4.869916e-01
  197 -4.869916e-01
  198 -4.869916e-01
  199 -4.869916e-01
  200 -8.445173e-01
  201    -1
  202    -1
  203    -1
  204    -1
  205    -1
  206 -9.315311e-01
  207 -8.443216e-01
  208 -7.743415e-01
  209 -7.323960e-01
  210 -7.167345e-01
  211 -7.226498e-01
  212 -7.442212e-01
  213 -7.744798e-01
  214 -8.065369e-01
  215 -8.347651e-01
  216 -8.554611e-01
  217 -8.670006e-01
  218 -8.696387e-01
  219 -8.650517e-01
  220 -8.557301e-01
  221 -8.443596e-01
  222 -8.333132e-01
  223 -8.243238e-01
  224 -8.183514e-01
  225 -8.156178e-01
  226 -8.157558e-01
  227 -8.180177e-01
  228 -8.214921e-01
  229 -8.252924e-01
  230 -8.286954e-01
  231 -8.312193e-01
  232 -8.326449e-01
  233 -8.329890e-01
  234 -8.324447e-01
  235 -8.313070e-01
  236 -8.298992e-01
  237 -8.285125e-01
  238 -8.273650e-01
  239 -8.265834e-01
  240 -8.262041e-01
  241 -8.261891e-01
  242 -8.264499e-01
  243 -8.268747e-01
  244 -8.273518e-01
  245 -8.277887e-01
  246 -8.281218e-01
  247 -8.283204e-01
  248 -8.283837e-01
  249 -8.283335e-01
  250 -8.282052e-01
  251 -8.280387e-01
  252 -8.278705e-01
  253 -8.277287e-01
  254 -8.276302e-01
  255 -8.275809e-01
  256 -8.275770e-01
  257 -8.276081e-01
  258 -8.276607e-01
  259 -8.277209e-01
  260 -8.277770e-01
  261 -8.278208e-01
  262 -8.278480e-01
  263 -8.278583e-01
  264 -8.278540e-01
  265 -8.278395e-01
  266 -8.278195e-01
  267 -8.277989e-01
  268 -8.277811e-01
  269 -8.277684e-01
  270 -8.277617e-01
  271 -8.277607e-01
  272 -8.277641e-01
  273 -8.277705e-01
  274 -8.277779e-01
  275 -8.277849e-01
  276 -8.277905e-01
  277 -8.277941e-01
  278 -8.277956e-01
  279 -8.277953e-01
  280 -8.277935e-01
  281 -8.277911e-01
  282 -8.277885e-01
  283 -8.277862e-01
  284 -8.277845e-01
  285 -8.277836e-01
  286 -8.277834e-01
  287 -8.277838e-01
  288 -8.277845e-01
  289 -8.277855e-01
  290 -8.277864e-01
  291 -8.277871e-01
  292 -8.277875e-01
  293 -8.277877e-01
  294 -8.277877e-01
  295 -8.277874e-01
  296 -8.277871e-01
  297 -8.277868e-01
  298 -8.277865e-01
  299 -8.277863e-01
  300 -8.277862e-01
  301 -8.277862e-01
  302 -8.277862e-01
  303 -8.277863e-01
  304 -8.277864e-01
  305 -8.277866e-01
  306 -8.277866e-01
  307 -8.277867e-01
  308 -8.277867e-01
  309 -8.277867e-01
  310 -8.277867e-01
  311 -8.277866e-01
  312 -8.277866e-01
  313 -8.277866e-01
  314 -8.277865e-01
  315 -8.277865e-01
  316 -8.277865e-01
  317 -8.277865e-01
  318 -8.277865e-01
  319 -8.277866e-01
  320 -8.277866e-01
  321 -8.277866e-01
  322 -8.277866e-01
  323 -8.277866e-01
  324 -8.277866e-01
  325 -8.277866e-01
  326 -8.277866e-01
  327 -8.277866e-01
  328 -8.277866e-01
  329 -8.277866e-01
  330 -8.277866e-01
  331 -8.277866e-01
  332 -8.277866e-01
  333 -8.277866e-01
  334 -8.277866e-01
  335 -8.277866e-01
  336 -8.277866e-01
  337 -8.277866e-01
  338 -8.277866e-01
  339 -8.277866e-01
  340 -8.277866e-01
  341 -8.277866e-01
  342 -8.277866e-01
  343 -8.277866e-01
  344 -8.277866e-01
  345 -8.277866e-01
  346 -8.277866e-01
  347 -8.277866e-01
  348 -8.277866e-01
  349 -8.277866e-01
  350 -8.277866e-01
  351 -8.277866e-01
  352 -8.277866e-01
  353 -8.277866e-01
  354 -8.277866e-01
  355 -8.277866e-01
  356 -8.277866e-01
  357 -8.277866e-01
  358 -8.277866e-01
  359 -8.277866e-01
  360 -8.277866e-01
  361 -8.277866e-01
  362 -8.277866e-01
  363 -8.277866e-01
  364 -8.277866e-01
  365 -8.277866e-01
  366 -8.277866e-01
  367 -8.277866e-01
  368 -8.277866e-01
  369 -8.277866e-01
  370 -8.277866e-01
  371 -8.277866e-01
  372 -8.277866e-01
  373 -8.277866e-01
  374 -8.277866e-01
  375 -8.277866e-01
  376 -8.277866e-01
  377 -8.277866e-01
  378 -8.277866e-01
  379 -8.277866e-01
  380 -8.277866e-01
  381 -8.277866e-01
  382 -8.277866e-01
  383 -8.277866e-01
  384 -8.277866e-01
  385 -8.277866e-01
  386 -8.277866e-01
  387 -8.277866e-01
  388 -8.277866e-01
  389 -8.277866e-01
  390 -8.277866e-01
  391 -8.277866e-01
  392 -8.277866e-01
  393 -8.277866e-01
  394 -8.277866e-01
  395 -8.277866e-01
  396 -8.277866e-01
  397 -8.277866e-01
  398 -8.277866e-01
  399 -8.277866e-01
  400 -5.436304e-01
  401 -3.816924e-01
  402 -3.101273e-01
  403 -3.004493e-01
  404 -3.287177e-01
  405 -3.850576e-01
  406 -4.591076e-01
  407 -5.364963e-01
  408 -6.028815e-01
  409 -6.476926e-01
  410 -6.658931e-01
  411 -6.584851e-01
  412 -6.320243e-01
  413 -5.954786e-01
  414 -5.563083e-01
  415 -5.200276e-01
  416 -4.911739e-01
  417 -4.726952e-01
  418 -4.651247e-01
  419 -4.668810e-01
  420 -4.751787e-01
  421 -4.868471e-01
  422 -4.989048e-01
  423 -5.089745e-01
  424 -5.155611e-01
  425 -5.181387e-01
  426 -5.170193e-01
  427 -5.130641e-01
  428 -5.073686e-01
  429 -5.010268e-01
  430 -4.949911e-01
  431 -4.899880e-01
  432 -4.864628e-01
  433 -4.845612e-01
  434 -4.841587e-01
  435 -4.849323e-01
  436 -4.864530e-01
  437 -4.882775e-01
  438 -4.900204e-01
  439 -4.913993e-01
  440 -4.922505e-01
  441 -4.925231e-01
  442 -4.922585e-01
  443 -4.915648e-01
  444 -4.905894e-01
  445 -4.894936e-01
  446 -4.884293e-01
  447 -4.875206e-01
  448 -4.868508e-01
  449 -4.864569e-01
  450 -4.863320e-01
  451 -4.864336e-01
  452 -4.866961e-01
  453 -4.870438e-01
  454 -4.874037e-01
  455 -4.877150e-01
  456 -4.879352e-01
  457 -4.880427e-01
  458 -4.880356e-01
  459 -4.879290e-01
  460 -4.877495e-01
  461 -4.875301e-01
  462 -4.873042e-01
  463 -4.871010e-01
  464 -4.869422e-01
  465 -4.868400e-01
  466 -4.867969e-01
  467 -4.868069e-01
  468 -4.868578e-01
  469 -4.869339e-01
  470 -4.870189e-01
  471 -4.870978e-01
  472 -4.871595e-01
  473 -4.871970e-01
  474 -4.872080e-01
  475 -4.871946e-01
  476 -4.871617e-01
  477 -4.871165e-01
  478 -4.870667e-01
  479 -4.870194e-01
  480 -4.869804e-01
  481 -4.869532e-01
  482 -4.869393e-01
  483 -4.869382e-01
  484 -4.869475e-01
  485 -4.869640e-01
  486 -4.869838e-01
  487 -4.870035e-01
  488 -4.870200e-01
  489 -4.870314e-01
  490 -4.870368e-01
  491 -4.870362e-01
  492 -4.870307e-01
  493 -4.870216e-01
  494 -4.870107e-01
  495 -4.869998e-01
  496 -4.869902e-01
  497 -4.869831e-01
  498 -4.869789e-01
  499 -4.869777e-01
  500 -4.869791e-01
  501 -4.869825e-01
  502 -4.869869e-01
  503 -4.869916e-01
  504 -4.869959e-01
  505 -4.869991e-01
  506 -4.870010e-01
  507 -4.870015e-01
  508 -4.870007e-01
  509 -4.869989e-01
  510 -4.869966e-01
  511 -4.869941e-01
  512 -4.869918e-01
  513 -4.869899e-01
  514 -4.869887e-01
  515 -4.869882e-01
  516 -4.869884e-01
  517 -4.869890e-01
  518 -4.869900e-01
  519 -4.869911e-01
  520 -4.869921e-01
  521 -4.869930e-01
  522 -4.869936e-01
  523 -4.869938e-01
  524 -4.869937e-01
  525 -4.869934e-01
  526 -4.869929e-01
  527 -4.869924e-01
  528 -4.869918e-01
  529 -4.869914e-01
  530 -4.869910e-01
  531 -4.869909e-01
  532 -4.869908e-01
  533 -4.869909e-01
  534 -4.869911e-01
  535 -4.869914e-01
  536 -4.869916e-01
  537 -4.869919e-01
  538 -4.869920e-01
  539 -4.869921e-01
  540 -4.869921e-01
  541 -4.869921e-01
  542 -4.869920e-01
  543 -4.869919e-01
  544 -4.869917e-01
  545 -4.869916e-01
  546 -4.869915e-01
  547 -4.869915e-01
  548 -4.869915e-01
  549 -4.869915e-01
  550 -4.869915e-01
  551 -4.869916e-01
  552 -4.869916e-01
  553 -4.869917e-01
  554 -4.869917e-01
  555 -4.869918e-01
  556 -4.869918e-01
  557 -4.869918e-01
  558 -4.869917e-01
  559 -4.869917e-01
  560 -4.869917e-01
  561 -4.869917e-01
  562 -4.869916e-01
  563 -4.869916e-01
  564 -4.869916e-01
  565 -4.869916e-01
  566 -4.869916e-01
  567 -4.869916e-01
  568 -4.869916e-01
  569 -4.869917e-01
  570 -4.869917e-01
  571 -4.869917e-01
  572 -4.869917e-01
  573 -4.869917e-01
  574 -4.869917e-01
  575 -4.869917e-01
  576 -4.869917e-01
  577 -4.869917e-01
  578 -4.869917e-01
  579 -4.869917e-01
  580 -4.869917e-01
  581 -4.869917e-01
  582 -4.869917e-01
  583 -4.869917e-01
  584 -4.869917e-01
  585 -4.869917e-01
  586 -4.869917e-01
  587 -4.869917e-01
  588 -4.869917e-01
  589 -4.869917e-01
  590 -4.869917e-01
  591 -4.869917e-01
  592 -4.869917e-01
  593 -4.869917e-01
  594 -4.869917e-01
  595 -4.869917e-01
  596 -4.869917e-01
  597 -4.869917e-01
  598 -4.869917e-01
  599 -4.869917e-01
  600 -2.343402e-01
  601 -8.438927e-02
  602 -1.276148e-02
  603 3.266715e-03
  604 -1.646949e-02
  605 -4.436597e-02
  606 -2.831102e-02
  607 1.027045e-01
  608 3.594804e-01
  609 6.564397e-01
  610 9.204753e-01
  611     1
  612     1
  613     1
  614     1
  615     1
  616     1
  617 9.902910e-01
  618 9.717345e-01
  619 9.484810e-01
  620 9.230071e-01
  621 8.967589e-01
  622 8.705222e-01
  623 8.447739e-01
  624 8.197893e-01
  625 7.956859e-01
  626 7.724784e-01
  627 7.501227e-01
  628 7.285474e-01
  629 7.076719e-01
  630 6.874173e-01
  631 6.677109e-01
  632 6.484889e-01
  633 6.296966e-01
  634 6.112880e-01
  635 5.932246e-01
  636 5.754746e-01
  637 5.580117e-01
  638 5.408142e-01
  639 5.238645e-01
  640 5.071481e-01
  641 4.906535e-01
  642 4.743716e-01
  643 4.582956e-01
  644 4.424209e-01
  645 4.267450e-01
  646 4.112675e-01
  647 3.959904e-01
  648 3.809179e-01
  649 3.660570e-01
  650 3.514175e-01
  651 3.370122e-01
  652 3.228577e-01
  653 3.089740e-01
  654 2.953855e-01
  655 2.821208e-01
  656 2.692133e-01
  657 2.567009e-01
  658 2.446267e-01
  659 2.330385e-01
  660 2.219887e-01
  661 2.115338e-01
  662 2.017336e-01
  663 1.926502e-01
  664 1.843463e-01
  665 1.768836e-01
  666 1.703205e-01
  667 1.647091e-01
  668 1.600925e-01
  669 1.565016e-01
  670 1.539516e-01
  671 1.524388e-01
  672 1.519385e-01
  673 1.524022e-01
  674 1.537574e-01
  675 1.559074e-01
  676 1.587335e-01
  677 1.620983e-01
  678 1.658503e-01
  679 1.698305e-01
  680 1.738784e-01
  681 1.778402e-01
  682 1.815747e-01
  683 1.849597e-01
  684 1.878961e-01
  685 1.903113e-01
  686 1.921597e-01
  687 1.934222e-01
  688 1.941045e-01
  689 1.942333e-01
  690 1.938532e-01
  691 1.930221e-01
  692 1.918075e-01
  693 1.902827e-01
  694 1.885233e-01
  695 1.866050e-01
  696 1.846007e-01
  697 1.825793e-01
  698 1.806036e-01
  699 1.787300e-01
  700 1.770070e-01
  701 1.754753e-01
  702 1.741668e-01
  703 1.731049e-01
  704 1.723040e-01
  705 1.717699e-01
  706 1.715002e-01
  707 1.714844e-01
  708 1.717048e-01
  709 1.721375e-01
  710 1.727533e-01
  711 1.735186e-01
  712 1.743975e-01
  713 1.753524e-01
  714 1.763455e-01
  715 1.773408e-01
  716 1.783043e-01
  717 1.792059e-01
  718 1.800198e-01
  719 1.807252e-01
  720 1.813066e-01
  721 1.817542e-01
  722 1.820634e-01
  723 1.822349e-01
  724 1.822739e-01
  725 1.821896e-01
  726 1.819946e-01
  727 1.817041e-01
  728 1.813353e-01
  729 1.809062e-01
  730 1.804356e-01
  731 1.799419e-01
  732 1.794429e-01
  733 1.789549e-01
  734 1.784930e-01
  735 1.780697e-01
  736 1.776959e-01
  737 1.773797e-01
  738 1.771269e-01
  739 1.769408e-01
  740 1.768225e-01
  741 1.767705e-01
  742 1.767816e-01
  743 1.768507e-01
  744 1.769712e-01
  745 1.771351e-01
  746 1.773340e-01
  747 1.775585e-01
  748 1.777994e-01
  749 1.780475e-01
  750 1.782941e-01
  751 1.785312e-01
  752 1.787516e-01
  753 1.789494e-01
  754 1.791197e-01
  755 1.792592e-01
  756 1.793655e-01
  757 1.794377e-01
  758 1.794761e-01
  759 1.794821e-01
  760 1.794579e-01
  761 1.794067e-01
  762 1.793323e-01
  763 1.792389e-01
  764 1.791309e-01
  765 1.790132e-01
  766 1.788901e-01
  767 1.787663e-01
  768 1.786457e-01
  769 1.785320e-01
  770 1.784285e-01
  771 1.783377e-01
  772 1.782615e-01
  773 1.782014e-01
  774 1.781581e-01
  775 1.781317e-01
  776 1.781217e-01
  777 1.781273e-01
  778 1.781470e-01
  779 1.781792e-01
  780 1.782219e-01
  781 1.782727e-01
  782 1.783295e-01
  783 1.783900e-01
  784 1.784518e-01
  785 1.785129e-01
  786 1.785712e-01
  787 1.786252e-01
  788 1.786733e-01
  789 1.787145e-01
  790 1.787478e-01
  791 1.787729e-01
  792 1.787895e-01
  793 1.787978e-01
  794 1.787981e-01
  795 1.787910e-01
  796 1.787774e-01
  797 1.787581e-01
  798 1.787342e-01
  799 1.787070e-01
  800 1.786774e-01
