    1     0
    2     0
    3     0
    4     0
    5     0
    6     0
    7 -6.592423e-01
    8    -1
    9    -1
   10    -1
   11    -1
   12    -1
   13 -9.269305e-01
   14 -5.363042e-01
   15 -2.484843e-01
   16 -9.316304e-02
   17 -1.299540e-02
   18 -1.448602e-02
   19 -9.909536e-02
   20 -2.418100e-01
   21 -4.097806e-01
   22 -5.708339e-01
   23 -6.941376e-01
   24 -7.514756e-01
   25 -7.446795e-01
   26 -6.975865e-01
   27 -6.325784e-01
   28 -5.608221e-01
   29 -4.956945e-01
   30 -4.503739e-01
   31 -4.281205e-01
   32 -4.242113e-01
   33 -4.328715e-01
   34 -4.501551e-01
   35 -4.721451e-01
   36 -4.942934e-01
   37 -5.124480e-01
   38 -5.238622e-01
   39 -5.275989e-01
   40 -5.244326e-01
   41 -5.163741e-01
   42 -5.059697e-01
   43 -4.956199e-01
   44 -4.871183e-01
   45 -4.814641e-01
   46 -4.788972e-01
   47 -4.790616e-01
   48 -4.812185e-01
   49 -4.844599e-01
   50 -4.878985e-01
   51 -4.908161e-01
   52 -4.927554e-01
   53 -4.935473e-01
   54 -4.932790e-01
   55 -4.922185e-01
   56 -4.907209e-01
   57 -4.891401e-01
   58 -4.877618e-01
   59 -4.867677e-01
   60 -4.862271e-01
   61 -4.861122e-01
   62 -4.863266e-01
   63 -4.867387e-01
   64 -4.872139e-01
   65 -4.876392e-01
   66 -4.879387e-01
   67 -4.880784e-01
   68 -4.880623e-01
   69 -4.879227e-01
   70 -4.877078e-01
   71 -4.874683e-01
   72 -4.872481e-01
   73 -4.870777e-01
   74 -4.869718e-01
   75 -4.869301e-01
   76 -4.869414e-01
   77 -4.869876e-01
   78 -4.870492e-01
   79 -4.871088e-01
   80 -4.871536e-01
   81 -4.871769e-01
   82 -4.871776e-01
   83 -4.871594e-01
   84 -4.871285e-01
   85 -4.870922e-01
   86 -4.870571e-01
   87 -4.870281e-01
   88 -4.870082e-01
   89 -4.869978e-01
   90 -4.869958e-01
   91 -4.869998e-01
   92 -4.870071e-01
   93 -4.870149e-01
   94 -4.870213e-01
   95 -4.870249e-01
   96 -4.870253e-01
   97 -4.870229e-01
   98 -4.870183e-01
   99 -4.870127e-01
  100 -4.870070e-01
  101 -4.870020e-01
  102 -4.869982e-01
  103 -4.869959e-01
  104 -4.869949e-01
  105 -4.869949e-01
  106 -4.869956e-01
  107 -4.869966e-01
  108 -4.869975e-01
  109 -4.869980e-01
  110 -4.869981e-01
  111 -4.869977e-01
  112 -4.869970e-01
  113 -4.869961e-01
  114 -4.869951e-01
  115 -4.869942e-01
  116 -4.869935e-01
  117 -4.869930e-01
  118 -4.869927e-01
  119 -4.869926e-01
  120 -4.869927e-01
  121 -4.869928e-01
  122 -4.869929e-01
  123 -4.869929e-01
  124 -4.869929e-01
  125 -4.869929e-01
  126 -4.869927e-01
  127 -4.869926e-01
  128 -4.869924e-01
  129 -4.869923e-01
  130 -4.869921e-01
  131 -4.869920e-01
  132 -4.869920e-01
  133 -4.869919e-01
  134 -4.869919e-01
  135 -4.869919e-01
  136 -4.869919e-01
  137 -4.869919e-01
  138 -4.869919e-01
  139 -4.869919e-01
  140 -4.869919e-01
  141 -4.869919e-01
  142 -4.869918e-01
  143 -4.869918e-01
  144 -4.869918e-01
  145 -4.869918e-01
  146 -4.869917e-01
  147 -4.869917e-01
  148 -4.869917e-01
  149 -4.869917e-01
  150 -4.869917e-01
  151 -4.869917e-01
  152 -4.869917e-01
  153 -4.869917e-01
  154 -4.869917e-01
  155 -4.869917e-01
  156 -4.869917e-01
  157 -4.869917e-01
  158 -4.869917e-01
  159 -4.869917e-01
  160 -4.869917e-01
  161 -4.869917e-01
  162 -4.869917e-01
  163 -4.869917e-01
  164 -4.869917e-01
  165 -4.869917e-01
  166 -4.869917e-01
  167 -4.869917e-01
  168 -4.869917e-01
  169 -4.869917e-01
  170 -4.869917e-01
  171 -4.869917e-01
  172 -4.869917e-01
  173 -4.869917e-01
  174 -4.869917e-01
  175 -4.869917e-01
  176 -4.869917e-01
  177 -4.869917e-01
  178 -4.869917e-01
  179 -4.869917e-01
  180 -4.869917e-01
  181 -4.869917e-01
  182 -4.869917e-01
  183 -4.869917e-01
  184 -4.869917e-01
  185 -4.869917e-01
  186 -4.869917e-01
  187 -4.869917e-01
  188 -4.869917e-01
  189 -4.869917e-01
  190 -4.869917e-01
  191 -4.869917e-01
  192 -4.869917e-01
  193 -4.869917e-01
  194 -4.869917e-01
  195 -4.869917e-01
  196 -4.869917e-01
  197 -4.869917e-01
  198 -4.869917e-01
  199 -4.869917e-01
  200 -7.879773e-01
  201 -9.583895e-01
  202    -1
  203    -1
  204 -9.922983e-01
  205 -9.505710e-01
  206 -8.881290e-01
  207 -8.223837e-01
  208 -7.695850e-01
  209 -7.381410e-01
  210 -7.288189e-01
  211 -7.378910e-01
  212 -7.594999e-01
  213 -7.871979e-01
  214 -8.150467e-01
  215 -8.384243e-01
  216 -8.544880e-01
  217 -8.622669e-01
  218 -8.624203e-01
  219 -8.567591e-01
  220 -8.476637e-01
  221 -8.375306e-01
  222 -8.283487e-01
  223 -8.214530e-01
  224 -8.174559e-01
  225 -8.163234e-01
  226 -8.175417e-01
  227 -8.203234e-01
  228 -8.238073e-01
  229 -8.272210e-01
  230 -8.299897e-01
  231 -8.317863e-01
  232 -8.325277e-01
  233 -8.323313e-01
  234 -8.314472e-01
  235 -8.301840e-01
  236 -8.288419e-01
  237 -8.276632e-01
  238 -8.268052e-01
  239 -8.263332e-01
  240 -8.262320e-01
  241 -8.264275e-01
  242 -8.268134e-01
  243 -8.272768e-01
  244 -8.277191e-01
  245 -8.280692e-01
  246 -8.282888e-01
  247 -8.283713e-01
  248 -8.283350e-01
  249 -8.282143e-01
  250 -8.280496e-01
  251 -8.278794e-01
  252 -8.277338e-01
  253 -8.276316e-01
  254 -8.275797e-01
  255 -8.275750e-01
  256 -8.276069e-01
  257 -8.276612e-01
  258 -8.277234e-01
  259 -8.277811e-01
  260 -8.278255e-01
  261 -8.278523e-01
  262 -8.278612e-01
  263 -8.278551e-01
  264 -8.278386e-01
  265 -8.278171e-01
  266 -8.277953e-01
  267 -8.277772e-01
  268 -8.277649e-01
  269 -8.277592e-01
  270 -8.277594e-01
  271 -8.277641e-01
  272 -8.277715e-01
  273 -8.277797e-01
  274 -8.277870e-01
  275 -8.277925e-01
  276 -8.277957e-01
  277 -8.277966e-01
  278 -8.277955e-01
  279 -8.277932e-01
  280 -8.277903e-01
  281 -8.277875e-01
  282 -8.277852e-01
  283 -8.277837e-01
  284 -8.277830e-01
  285 -8.277831e-01
  286 -8.277838e-01
  287 -8.277848e-01
  288 -8.277859e-01
  289 -8.277868e-01
  290 -8.277875e-01
  291 -8.277879e-01
  292 -8.277879e-01
  293 -8.277877e-01
  294 -8.277874e-01
  295 -8.277870e-01
  296 -8.277866e-01
  297 -8.277863e-01
  298 -8.277861e-01
  299 -8.277861e-01
  300 -8.277861e-01
  301 -8.277862e-01
  302 -8.277864e-01
  303 -8.277865e-01
  304 -8.277866e-01
  305 -8.277867e-01
  306 -8.277868e-01
  307 -8.277868e-01
  308 -8.277867e-01
  309 -8.277867e-01
  310 -8.277866e-01
  311 -8.277866e-01
  312 -8.277865e-01
  313 -8.277865e-01
  314 -8.277865e-01
  315 -8.277865e-01
  316 -8.277865e-01
  317 -8.277865e-01
  318 -8.277866e-01
  319 -8.277866e-01
  320 -8.277866e-01
  321 -8.277866e-01
  322 -8.277866e-01
  323 -8.277866e-01
  324 -8.277866e-01
  325 -8.277866e-01
  326 -8.277866e-01
  327 -8.277866e-01
  328 -8.277866e-01
  329 -8.277866e-01
  330 -8.277866e-01
  331 -8.277866e-01
  332 -8.277866e-01
  333 -8.277866e-01
  334 -8.277866e-01
  335 -8.277866e-01
  336 -8.277866e-01
  337 -8.277866e-01
  338 -8.277866e-01
  339 -8.277866e-01
  340 -8.277866e-01
  341 -8.277866e-01
  342 -8.277866e-01
  343 -8.277866e-01
  344 -8.277866e-01
  345 -8.277866e-01
  346 -8.277866e-01
  347 -8.277866e-01
  348 -8.277866e-01
  349 -8.277866e-01
  350 -8.277866e-01
  351 -8.277866e-01
  352 -8.277866e-01
  353 -8.277866e-01
  354 -8.277866e-01
  355 -8.277866e-01
  356 -8.277866e-01
  357 -8.277866e-01
  358 -8.277866e-01
  359 -8.277866e-01
  360 -8.277866e-01
  361 -8.277866e-01
  362 -8.277866e-01
  363 -8.277866e-01
  364 -8.277866e-01
  365 -8.277866e-01
  366 -8.277866e-01
  367 -8.277866e-01
  368 -8.277866e-01
  369 -8.277866e-01
  370 -8.277866e-01
  371 -8.277866e-01
  372 -8.277866e-01
  373 -8.277866e-01
  374 -8.277866e-01
  375 -8.277866e-01
  376 -8.277866e-01
  377 -8.277866e-01
  378 -8.277866e-01
  379 -8.277866e-01
  380 -8.277866e-01
  381 -8.277866e-01
  382 -8.277866e-01
  383 -8.277866e-01
  384 -8.277866e-01
  385 -8.277866e-01
  386 -8.277866e-01
  387 -8.277866e-01
  388 -8.277866e-01
  389 -8.277866e-01
  390 -8.277866e-01
  391 -8.277866e-01
  392 -8.277866e-01
  393 -8.277866e-01
  394 -8.277866e-01
  395 -8.277866e-01
  396 -8.277866e-01
  397 -8.277866e-01
  398 -8.277866e-01
  399 -8.277866e-01
  400 -5.285378e-01
  401 -3.621161e-01
  402 -2.927685e-01
  403 -2.887584e-01
  404 -3.236884e-01
  405 -3.871573e-01
  406 -4.681763e-01
  407 -5.509940e-01
  408 -6.198978e-01
  409 -6.635029e-01
  410 -6.759015e-01
  411 -6.569120e-01
  412 -6.149055e-01
  413 -5.649897e-01
  414 -5.205074e-01
  415 -4.886025e-01
  416 -4.708661e-01
  417 -4.656097e-01
  418 -4.698119e-01
  419 -4.800546e-01
  420 -4.928929e-01
  421 -5.052029e-01
  422 -5.145776e-01
  423 -5.196231e-01
  424 -5.200538e-01
  425 -5.165558e-01
  426 -5.104573e-01
  427 -5.033095e-01
  428 -4.965120e-01
  429 -4.910697e-01
  430 -4.875024e-01
  431 -4.858748e-01
  432 -4.859007e-01
  433 -4.870789e-01
  434 -4.888299e-01
  435 -4.906147e-01
  436 -4.920209e-01
  437 -4.928083e-01
  438 -4.929136e-01
  439 -4.924216e-01
  440 -4.915133e-01
  441 -4.904091e-01
  442 -4.893169e-01
  443 -4.883966e-01
  444 -4.877416e-01
  445 -4.873774e-01
  446 -4.872737e-01
  447 -4.873627e-01
  448 -4.875602e-01
  449 -4.877845e-01
  450 -4.879705e-01
  451 -4.880772e-01
  452 -4.880897e-01
  453 -4.880149e-01
  454 -4.878755e-01
  455 -4.877018e-01
  456 -4.875240e-01
  457 -4.873670e-01
  458 -4.872466e-01
  459 -4.871692e-01
  460 -4.871324e-01
  461 -4.871277e-01
  462 -4.871433e-01
  463 -4.871670e-01
  464 -4.871887e-01
  465 -4.872012e-01
  466 -4.872012e-01
  467 -4.871887e-01
  468 -4.871664e-01
  469 -4.871383e-01
  470 -4.871089e-01
  471 -4.870818e-01
  472 -4.870598e-01
  473 -4.870440e-01
  474 -4.870346e-01
  475 -4.870304e-01
  476 -4.870299e-01
  477 -4.870313e-01
  478 -4.870330e-01
  479 -4.870339e-01
  480 -4.870332e-01
  481 -4.870308e-01
  482 -4.870270e-01
  483 -4.870223e-01
  484 -4.870172e-01
  485 -4.870124e-01
  486 -4.870083e-01
  487 -4.870051e-01
  488 -4.870029e-01
  489 -4.870016e-01
  490 -4.870009e-01
  491 -4.870007e-01
  492 -4.870006e-01
  493 -4.870005e-01
  494 -4.870002e-01
  495 -4.869997e-01
  496 -4.869990e-01
  497 -4.869981e-01
  498 -4.869972e-01
  499 -4.869963e-01
  500 -4.869956e-01
  501 -4.869949e-01
  502 -4.869944e-01
  503 -4.869941e-01
  504 -4.869938e-01
  505 -4.869937e-01
  506 -4.869936e-01
  507 -4.869935e-01
  508 -4.869935e-01
  509 -4.869933e-01
  510 -4.869932e-01
  511 -4.869930e-01
  512 -4.869929e-01
  513 -4.869927e-01
  514 -4.869925e-01
  515 -4.869924e-01
  516 -4.869923e-01
  517 -4.869922e-01
  518 -4.869922e-01
  519 -4.869921e-01
  520 -4.869921e-01
  521 -4.869921e-01
  522 -4.869920e-01
  523 -4.869920e-01
  524 -4.869920e-01
  525 -4.869920e-01
  526 -4.869919e-01
  527 -4.869919e-01
  528 -4.869919e-01
  529 -4.869918e-01
  530 -4.869918e-01
  531 -4.869918e-01
  532 -4.869918e-01
  533 -4.869918e-01
  534 -4.869918e-01
  535 -4.869918e-01
  536 -4.869917e-01
  537 -4.869917e-01
  538 -4.869917e-01
  539 -4.869917e-01
  540 -4.869917e-01
  541 -4.869917e-01
  542 -4.869917e-01
  543 -4.869917e-01
  544 -4.869917e-01
  545 -4.869917e-01
  546 -4.869917e-01
  547 -4.869917e-01
  548 -4.869917e-01
  549 -4.869917e-01
  550 -4.869917e-01
  551 -4.869917e-01
  552 -4.869917e-01
  553 -4.869917e-01
  554 -4.869917e-01
  555 -4.869917e-01
  556 -4.869917e-01
  557 -4.869917e-01
  558 -4.869917e-01
  559 -4.869917e-01
  560 -4.869917e-01
  561 -4.869917e-01
  562 -4.869917e-01
  563 -4.869917e-01
  564 -4.869917e-01
  565 -4.869917e-01
  566 -4.869917e-01
  567 -4.869917e-01
  568 -4.869917e-01
  569 -4.869917e-01
  570 -4.869917e-01
  571 -4.869917e-01
  572 -4.869917e-01
  573 -4.869917e-01
  574 -4.869917e-01
  575 -4.869917e-01
  576 -4.869917e-01
  577 -4.869917e-01
  578 -4.869917e-01
  579 -4.869917e-01
  580 -4.869917e-01
  581 -4.869917e-01
  582 -4.869917e-01
  583 -4.869917e-01
  584 -4.869917e-01
  585 -4.869917e-01
  586 -4.869917e-01
  587 -4.869917e-01
  588 -4.869917e-01
  589 -4.869917e-01
  590 -4.869917e-01
  591 -4.869917e-01
  592 -4.869917e-01
  593 -4.869917e-01
  594 -4.869917e-01
  595 -4.869917e-01
  596 -4.869917e-01
  597 -4.869917e-01
  598 -4.869917e-01
  599 -4.869917e-01
  600 -2.742951e-01
  601 -1.538705e-01
  602 -1.011121e-01
  603 -9.405222e-02
  604 -1.143822e-01
  605 -1.532364e-01
  606 -1.978338e-01
  607 -2.340869e-01
  608 -2.526283e-01
  609 -2.484483e-01
  610 -2.210729e-01
  611 -1.768020e-01
  612 -1.269856e-01
  613 -8.224098e-02
  614 -4.906344e-02
  615 -2.931836e-02
  616 -2.049792e-02
  617 -1.694601e-02
  618 -1.218885e-02
  619 -1.521134e-03
  620 1.631385e-02
  621 3.935907e-02
  622 6.429717e-02
  623 8.827285e-02
  624 1.095843e-01
  625 1.274923e-01
  626 1.418123e-01
  627 1.526315e-01
  628 1.601811e-01
  629 1.647968e-01
  630 1.669067e-01
  631 1.670138e-01
  632 1.656630e-01
  633 1.633982e-01
  634 1.607207e-01
  635 1.580575e-01
  636 1.557433e-01
  637 1.540135e-01
  638 1.530083e-01
  639 1.527811e-01
  640 1.533118e-01
  641 1.545216e-01
  642 1.562888e-01
  643 1.584646e-01
  644 1.608887e-01
  645 1.634034e-01
  646 1.658656e-01
  647 1.681563e-01
  648 1.701857e-01
  649 1.718963e-01
  650 1.732617e-01
  651 1.742832e-01
  652 1.749852e-01
  653 1.754087e-01
  654 1.756055e-01
  655 1.756320e-01
  656 1.755445e-01
  657 1.753950e-01
  658 1.752281e-01
  659 1.750798e-01
  660 1.749761e-01
  661 1.749335e-01
  662 1.749596e-01
  663 1.750543e-01
  664 1.752115e-01
  665 1.754205e-01
  666 1.756680e-01
  667 1.759394e-01
  668 1.762205e-01
  669 1.764981e-01
  670 1.767612e-01
  671 1.770013e-01
  672 1.772127e-01
  673 1.773923e-01
  674 1.775395e-01
  675 1.776555e-01
  676 1.777435e-01
  677 1.778076e-01
  678 1.778524e-01
  679 1.778829e-01
  680 1.779037e-01
  681 1.779191e-01
  682 1.779325e-01
  683 1.779467e-01
  684 1.779635e-01
  685 1.779843e-01
  686 1.780092e-01
  687 1.780383e-01
  688 1.780708e-01
  689 1.781059e-01
  690 1.781424e-01
  691 1.781793e-01
  692 1.782155e-01
  693 1.782501e-01
  694 1.782822e-01
  695 1.783115e-01
  696 1.783375e-01
  697 1.783602e-01
  698 1.783796e-01
  699 1.783960e-01
  700 1.784097e-01
  701 1.784211e-01
  702 1.784307e-01
  703 1.784388e-01
  704 1.784458e-01
  705 1.784521e-01
  706 1.784580e-01
  707 1.784638e-01
  708 1.784694e-01
  709 1.784751e-01
  710 1.784809e-01
  711 1.784867e-01
  712 1.784926e-01
  713 1.784984e-01
  714 1.785041e-01
  715 1.785095e-01
  716 1.785147e-01
  717 1.785196e-01
  718 1.785241e-01
  719 1.785283e-01
  720 1.785320e-01
  721 1.785353e-01
  722 1.785383e-01
  723 1.785409e-01
  724 1.785432e-01
  725 1.785453e-01
  726 1.785471e-01
  727 1.785488e-01
  728 1.785503e-01
  729 1.785517e-01
  730 1.785530e-01
  731 1.785542e-01
  732 1.785554e-01
  733 1.785566e-01
  734 1.785576e-01
  735 1.785587e-01
  736 1.785597e-01
  737 1.785607e-01
  738 1.785616e-01
  739 1.785625e-01
  740 1.785633e-01
  741 1.785640e-01
  742 1.785647e-01
  743 1.785654e-01
  744 1.785660e-01
  745 1.785665e-01
  746 1.785670e-01
  747 1.785674e-01
  748 1.785678e-01
  749 1.785682e-01
  750 1.785685e-01
  751 1.785688e-01
  752 1.785691e-01
  753 1.785694e-01
  754 1.785696e-01
  755 1.785699e-01
  756 1.785701e-01
  757 1.785703e-01
  758 1.785705e-01
  759 1.785707e-01
  760 1.785709e-01
  761 1.785710e-01
  762 1.785712e-01
  763 1.785713e-01
  764 1.785714e-01
  765 1.785716e-01
  766 1.785717e-01
  767 1.785718e-01
  768 1.785719e-01
  769 1.785720e-01
  770 1.785721e-01
  771 1.785721e-01
  772 1.785722e-01
  773 1.785723e-01
  774 1.785723e-01
  775 1.785724e-01
  776 1.785724e-01
  777 1.785725e-01
  778 1.785725e-01
  779 1.785726e-01
  780 1.785726e-01
  781 1.785726e-01
  782 1.785727e-01
  783 1.785727e-01
  784 1.785727e-01
  785 1.785728e-01
  786 1.785728e-01
  787 1.785728e-01
  788 1.785728e-01
  789 1.785729e-01
  790 1.785729e-01
  791 1.785729e-01
  792 1.785729e-01
  793 1.785729e-01
  794 1.785729e-01
  795 1.785730e-01
  796 1.785730e-01
  797 1.785730e-01
  798 1.785730e-01
  799 1.785730e-01
  800 1.785730e-01
