    1     0
    2     0
    3     0
    4     0
    5     0
    6     0
    7 -7.692366e-01
    8    -1
    9    -1
   10    -1
   11    -1
   12    -1
   13 -9.136766e-01
   14 -5.156858e-01
   15 -2.115387e-01
   16 -3.847438e-02
   17 3.383207e-02
   18 5.918764e-03
   19 -9.974366e-02
   20 -2.556987e-01
   21 -4.309552e-01
   22 -5.917717e-01
   23 -7.087125e-01
   24 -7.617739e-01
   25 -7.573041e-01
   26 -7.201622e-01
   27 -6.638994e-01
   28 -5.887452e-01
   29 -5.115158e-01
   30 -4.521320e-01
   31 -4.169303e-01
   32 -4.033299e-01
   33 -4.074420e-01
   34 -4.257866e-01
   35 -4.530301e-01
   36 -4.827697e-01
   37 -5.092366e-01
   38 -5.283183e-01
   39 -5.379587e-01
   40 -5.382113e-01
   41 -5.309089e-01
   42 -5.189374e-01
   43 -5.053872e-01
   44 -4.928866e-01
   45 -4.832390e-01
   46 -4.773311e-01
   47 -4.752258e-01
   48 -4.763544e-01
   49 -4.797489e-01
   50 -4.842801e-01
   51 -4.888733e-01
   52 -4.926755e-01
   53 -4.951564e-01
   54 -4.961337e-01
   55 -4.957324e-01
   56 -4.942946e-01
   57 -4.922694e-01
   58 -4.901087e-01
   59 -4.881873e-01
   60 -4.867551e-01
   61 -4.859242e-01
   62 -4.856804e-01
   63 -4.859150e-01
   64 -4.864633e-01
   65 -4.871459e-01
   66 -4.878013e-01
   67 -4.883100e-01
   68 -4.886053e-01
   69 -4.886729e-01
   70 -4.885422e-01
   71 -4.882705e-01
   72 -4.879275e-01
   73 -4.875803e-01
   74 -4.872820e-01
   75 -4.870666e-01
   76 -4.869465e-01
   77 -4.869155e-01
   78 -4.869541e-01
   79 -4.870360e-01
   80 -4.871334e-01
   81 -4.872225e-01
   82 -4.872865e-01
   83 -4.873171e-01
   84 -4.873138e-01
   85 -4.872821e-01
   86 -4.872315e-01
   87 -4.871727e-01
   88 -4.871158e-01
   89 -4.870682e-01
   90 -4.870345e-01
   91 -4.870158e-01
   92 -4.870108e-01
   93 -4.870160e-01
   94 -4.870270e-01
   95 -4.870400e-01
   96 -4.870511e-01
   97 -4.870582e-01
   98 -4.870600e-01
   99 -4.870569e-01
  100 -4.870497e-01
  101 -4.870401e-01
  102 -4.870297e-01
  103 -4.870199e-01
  104 -4.870120e-01
  105 -4.870064e-01
  106 -4.870032e-01
  107 -4.870021e-01
  108 -4.870026e-01
  109 -4.870039e-01
  110 -4.870054e-01
  111 -4.870065e-01
  112 -4.870070e-01
  113 -4.870066e-01
  114 -4.870056e-01
  115 -4.870040e-01
  116 -4.870021e-01
  117 -4.870001e-01
  118 -4.869984e-01
  119 -4.869970e-01
  120 -4.869960e-01
  121 -4.869954e-01
  122 -4.869951e-01
  123 -4.869951e-01
  124 -4.869952e-01
  125 -4.869953e-01
  126 -4.869953e-01
  127 -4.869952e-01
  128 -4.869950e-01
  129 -4.869948e-01
  130 -4.869944e-01
  131 -4.869940e-01
  132 -4.869936e-01
  133 -4.869933e-01
  134 -4.869931e-01
  135 -4.869929e-01
  136 -4.869927e-01
  137 -4.869927e-01
  138 -4.869926e-01
  139 -4.869926e-01
  140 -4.869926e-01
  141 -4.869926e-01
  142 -4.869925e-01
  143 -4.869924e-01
  144 -4.869924e-01
  145 -4.869923e-01
  146 -4.869922e-01
  147 -4.869921e-01
  148 -4.869921e-01
  149 -4.869920e-01
  150 -4.869920e-01
  151 -4.869920e-01
  152 -4.869919e-01
  153 -4.869919e-01
  154 -4.869919e-01
  155 -4.869919e-01
  156 -4.869919e-01
  157 -4.869919e-01
  158 -4.869918e-01
  159 -4.869918e-01
  160 -4.869918e-01
  161 -4.869918e-01
  162 -4.869918e-01
  163 -4.869918e-01
  164 -4.869918e-01
  165 -4.869917e-01
  166 -4.869917e-01
  167 -4.869917e-01
  168 -4.869917e-01
  169 -4.869917e-01
  170 -4.869917e-01
  171 -4.869917e-01
  172 -4.869917e-01
  173 -4.869917e-01
  174 -4.869917e-01
  175 -4.869917e-01
  176 -4.869917e-01
  177 -4.869917e-01
  178 -4.869917e-01
  179 -4.869917e-01
  180 -4.869917e-01
  181 -4.869917e-01
  182 -4.869917e-01
  183 -4.869917e-01
  184 -4.869917e-01
  185 -4.869917e-01
  186 -4.869917e-01
  187 -4.869917e-01
  188 -4.869917e-01
  189 -4.869917e-01
  190 -4.869917e-01
  191 -4.869917e-01
  192 -4.869917e-01
  193 -4.869917e-01
  194 -4.869917e-01
  195 -4.869917e-01
  196 -4.869917e-01
  197 -4.869917e-01
  198 -4.869917e-01
  199 -4.869917e-01
  200 -7.815812e-01
  201 -9.494410e-01
  202    -1
  203    -1
  204 -9.882470e-01
  205 -9.436608e-01
  206 -8.798162e-01
  207 -8.156149e-01
  208 -7.665772e-01
  209 -7.387292e-01
  210 -7.316137e-01
  211 -7.414360e-01
  212 -7.626806e-01
  213 -7.892999e-01
  214 -8.157564e-01
  215 -8.377997e-01
  216 -8.528697e-01
  217 -8.601443e-01
  218 -8.602925e-01
  219 -8.550251e-01
  220 -8.465586e-01
  221 -8.371123e-01
  222 -8.285249e-01
  223 -8.220332e-01
  224 -8.182123e-01
  225 -8.170444e-01
  226 -8.180702e-01
  227 -8.205758e-01
  228 -8.237736e-01
  229 -8.269517e-01
  230 -8.295729e-01
  231 -8.313229e-01
  232 -8.321094e-01
  233 -8.320242e-01
  234 -8.312846e-01
  235 -8.301660e-01
  236 -8.289420e-01
  237 -8.278389e-01
  238 -8.270084e-01
  239 -8.265209e-01
  240 -8.263724e-01
  241 -8.265041e-01
  242 -8.268246e-01
  243 -8.272332e-01
  244 -8.276391e-01
  245 -8.279741e-01
  246 -8.281985e-01
  247 -8.283006e-01
  248 -8.282925e-01
  249 -8.282017e-01
  250 -8.280631e-01
  251 -8.279113e-01
  252 -8.277748e-01
  253 -8.276727e-01
  254 -8.276138e-01
  255 -8.275975e-01
  256 -8.276164e-01
  257 -8.276587e-01
  258 -8.277119e-01
  259 -8.277644e-01
  260 -8.278076e-01
  261 -8.278366e-01
  262 -8.278499e-01
  263 -8.278492e-01
  264 -8.278380e-01
  265 -8.278207e-01
  266 -8.278018e-01
  267 -8.277847e-01
  268 -8.277719e-01
  269 -8.277647e-01
  270 -8.277627e-01
  271 -8.277651e-01
  272 -8.277706e-01
  273 -8.277774e-01
  274 -8.277840e-01
  275 -8.277895e-01
  276 -8.277932e-01
  277 -8.277948e-01
  278 -8.277947e-01
  279 -8.277933e-01
  280 -8.277910e-01
  281 -8.277886e-01
  282 -8.277864e-01
  283 -8.277848e-01
  284 -8.277838e-01
  285 -8.277836e-01
  286 -8.277839e-01
  287 -8.277846e-01
  288 -8.277855e-01
  289 -8.277863e-01
  290 -8.277871e-01
  291 -8.277875e-01
  292 -8.277877e-01
  293 -8.277876e-01
  294 -8.277874e-01
  295 -8.277871e-01
  296 -8.277868e-01
  297 -8.277865e-01
  298 -8.277863e-01
  299 -8.277862e-01
  300 -8.277862e-01
  301 -8.277862e-01
  302 -8.277863e-01
  303 -8.277865e-01
  304 -8.277866e-01
  305 -8.277867e-01
  306 -8.277867e-01
  307 -8.277867e-01
  308 -8.277867e-01
  309 -8.277867e-01
  310 -8.277866e-01
  311 -8.277866e-01
  312 -8.277865e-01
  313 -8.277865e-01
  314 -8.277865e-01
  315 -8.277865e-01
  316 -8.277865e-01
  317 -8.277865e-01
  318 -8.277866e-01
  319 -8.277866e-01
  320 -8.277866e-01
  321 -8.277866e-01
  322 -8.277866e-01
  323 -8.277866e-01
  324 -8.277866e-01
  325 -8.277866e-01
  326 -8.277866e-01
  327 -8.277866e-01
  328 -8.277866e-01
  329 -8.277866e-01
  330 -8.277866e-01
  331 -8.277866e-01
  332 -8.277866e-01
  333 -8.277866e-01
  334 -8.277866e-01
  335 -8.277866e-01
  336 -8.277866e-01
  337 -8.277866e-01
  338 -8.277866e-01
  339 -8.277866e-01
  340 -8.277866e-01
  341 -8.277866e-01
  342 -8.277866e-01
  343 -8.277866e-01
  344 -8.277866e-01
  345 -8.277866e-01
  346 -8.277866e-01
  347 -8.277866e-01
  348 -8.277866e-01
  349 -8.277866e-01
  350 -8.277866e-01
  351 -8.277866e-01
  352 -8.277866e-01
  353 -8.277866e-01
  354 -8.277866e-01
  355 -8.277866e-01
  356 -8.277866e-01
  357 -8.277866e-01
  358 -8.277866e-01
  359 -8.277866e-01
  360 -8.277866e-01
  361 -8.277866e-01
  362 -8.277866e-01
  363 -8.277866e-01
  364 -8.277866e-01
  365 -8.277866e-01
  366 -8.277866e-01
  367 -8.277866e-01
  368 -8.277866e-01
  369 -8.277866e-01
  370 -8.277866e-01
  371 -8.277866e-01
  372 -8.277866e-01
  373 -8.277866e-01
  374 -8.277866e-01
  375 -8.277866e-01
  376 -8.277866e-01
  377 -8.277866e-01
  378 -8.277866e-01
  379 -8.277866e-01
  380 -8.277866e-01
  381 -8.277866e-01
  382 -8.277866e-01
  383 -8.277866e-01
  384 -8.277866e-01
  385 -8.277866e-01
  386 -8.277866e-01
  387 -8.277866e-01
  388 -8.277866e-01
  389 -8.277866e-01
  390 -8.277866e-01
  391 -8.277866e-01
  392 -8.277866e-01
  393 -8.277866e-01
  394 -8.277866e-01
  395 -8.277866e-01
  396 -8.277866e-01
  397 -8.277866e-01
  398 -8.277866e-01
  399 -8.277866e-01
  400 -5.363989e-01
  401 -3.722746e-01
  402 -3.017255e-01
  403 -2.947282e-01
  404 -3.261754e-01
  405 -3.859323e-01
  406 -4.633351e-01
  407 -5.433745e-01
  408 -6.111268e-01
  409 -6.559041e-01
  410 -6.728837e-01
  411 -6.626054e-01
  412 -6.306503e-01
  413 -5.874298e-01
  414 -5.440715e-01
  415 -5.082525e-01
  416 -4.835281e-01
  417 -4.704652e-01
  418 -4.678330e-01
  419 -4.732817e-01
  420 -4.838099e-01
  421 -4.962683e-01
  422 -5.078516e-01
  423 -5.164764e-01
  424 -5.209945e-01
  425 -5.212269e-01
  426 -5.178219e-01
  427 -5.119707e-01
  428 -5.050613e-01
  429 -4.983697e-01
  430 -4.928502e-01
  431 -4.890448e-01
  432 -4.870890e-01
  433 -4.867848e-01
  434 -4.877089e-01
  435 -4.893329e-01
  436 -4.911334e-01
  437 -4.926791e-01
  438 -4.936844e-01
  439 -4.940267e-01
  440 -4.937320e-01
  441 -4.929366e-01
  442 -4.918381e-01
  443 -4.906464e-01
  444 -4.895442e-01
  445 -4.886611e-01
  446 -4.880632e-01
  447 -4.877560e-01
  448 -4.876970e-01
  449 -4.878132e-01
  450 -4.880206e-01
  451 -4.882404e-01
  452 -4.884114e-01
  453 -4.884961e-01
  454 -4.884821e-01
  455 -4.883781e-01
  456 -4.882075e-01
  457 -4.880015e-01
  458 -4.877913e-01
  459 -4.876030e-01
  460 -4.874540e-01
  461 -4.873520e-01
  462 -4.872957e-01
  463 -4.872771e-01
  464 -4.872840e-01
  465 -4.873033e-01
  466 -4.873234e-01
  467 -4.873354e-01
  468 -4.873343e-01
  469 -4.873190e-01
  470 -4.872914e-01
  471 -4.872553e-01
  472 -4.872156e-01
  473 -4.871769e-01
  474 -4.871429e-01
  475 -4.871159e-01
  476 -4.870967e-01
  477 -4.870848e-01
  478 -4.870788e-01
  479 -4.870766e-01
  480 -4.870763e-01
  481 -4.870761e-01
  482 -4.870747e-01
  483 -4.870714e-01
  484 -4.870662e-01
  485 -4.870594e-01
  486 -4.870516e-01
  487 -4.870436e-01
  488 -4.870361e-01
  489 -4.870295e-01
  490 -4.870241e-01
  491 -4.870202e-01
  492 -4.870174e-01
  493 -4.870157e-01
  494 -4.870145e-01
  495 -4.870137e-01
  496 -4.870128e-01
  497 -4.870118e-01
  498 -4.870106e-01
  499 -4.870091e-01
  500 -4.870075e-01
  501 -4.870057e-01
  502 -4.870040e-01
  503 -4.870025e-01
  504 -4.870011e-01
  505 -4.870000e-01
  506 -4.869991e-01
  507 -4.869985e-01
  508 -4.869980e-01
  509 -4.869976e-01
  510 -4.869972e-01
  511 -4.869969e-01
  512 -4.869966e-01
  513 -4.869962e-01
  514 -4.869958e-01
  515 -4.869954e-01
  516 -4.869950e-01
  517 -4.869947e-01
  518 -4.869943e-01
  519 -4.869940e-01
  520 -4.869938e-01
  521 -4.869936e-01
  522 -4.869934e-01
  523 -4.869933e-01
  524 -4.869932e-01
  525 -4.869931e-01
  526 -4.869930e-01
  527 -4.869929e-01
  528 -4.869928e-01
  529 -4.869927e-01
  530 -4.869926e-01
  531 -4.869925e-01
  532 -4.869924e-01
  533 -4.869923e-01
  534 -4.869923e-01
  535 -4.869922e-01
  536 -4.869921e-01
  537 -4.869921e-01
  538 -4.869921e-01
  539 -4.869920e-01
  540 -4.869920e-01
  541 -4.869920e-01
  542 -4.869920e-01
  543 -4.869919e-01
  544 -4.869919e-01
  545 -4.869919e-01
  546 -4.869919e-01
  547 -4.869918e-01
  548 -4.869918e-01
  549 -4.869918e-01
  550 -4.869918e-01
  551 -4.869918e-01
  552 -4.869918e-01
  553 -4.869918e-01
  554 -4.869918e-01
  555 -4.869917e-01
  556 -4.869917e-01
  557 -4.869917e-01
  558 -4.869917e-01
  559 -4.869917e-01
  560 -4.869917e-01
  561 -4.869917e-01
  562 -4.869917e-01
  563 -4.869917e-01
  564 -4.869917e-01
  565 -4.869917e-01
  566 -4.869917e-01
  567 -4.869917e-01
  568 -4.869917e-01
  569 -4.869917e-01
  570 -4.869917e-01
  571 -4.869917e-01
  572 -4.869917e-01
  573 -4.869917e-01
  574 -4.869917e-01
  575 -4.869917e-01
  576 -4.869917e-01
  577 -4.869917e-01
  578 -4.869917e-01
  579 -4.869917e-01
  580 -4.869917e-01
  581 -4.869917e-01
  582 -4.869917e-01
  583 -4.869917e-01
  584 -4.869917e-01
  585 -4.869917e-01
  586 -4.869917e-01
  587 -4.869917e-01
  588 -4.869917e-01
  589 -4.869917e-01
  590 -4.869917e-01
  591 -4.869917e-01
  592 -4.869917e-01
  593 -4.869917e-01
  594 -4.869917e-01
  595 -4.869917e-01
  596 -4.869917e-01
  597 -4.869917e-01
  598 -4.869917e-01
  599 -4.869917e-01
  600 -2.788151e-01
  601 -1.601941e-01
  602 -1.076496e-01
  603 -1.001718e-01
  604 -1.201438e-01
  605 -1.588054e-01
  606 -2.042647e-01
  607 -2.432350e-01
  608 -2.653621e-01
  609 -2.637347e-01
  610 -2.372755e-01
  611 -1.920804e-01
  612 -1.394059e-01
  613 -9.056368e-02
  614 -5.319034e-02
  615 -3.008657e-02
  616 -1.917563e-02
  617 -1.469960e-02
  618 -9.650382e-03
  619 1.429780e-03
  620 2.040437e-02
  621 4.542688e-02
  622 7.277518e-02
  623 9.899695e-02
  624 1.219238e-01
  625 1.405842e-01
  626 1.547469e-01
  627 1.645695e-01
  628 1.704312e-01
  629 1.728697e-01
  630 1.725445e-01
  631 1.701905e-01
  632 1.665579e-01
  633 1.623504e-01
  634 1.581747e-01
  635 1.545092e-01
  636 1.516925e-01
  637 1.499258e-01
  638 1.492862e-01
  639 1.497452e-01
  640 1.511882e-01
  641 1.534376e-01
  642 1.562740e-01
  643 1.594599e-01
  644 1.627600e-01
  645 1.659614e-01
  646 1.688878e-01
  647 1.714096e-01
  648 1.734482e-01
  649 1.749742e-01
  650 1.760021e-01
  651 1.765809e-01
  652 1.767838e-01
  653 1.766981e-01
  654 1.764146e-01
  655 1.760207e-01
  656 1.755933e-01
  657 1.751954e-01
  658 1.748741e-01
  659 1.746598e-01
  660 1.745675e-01
  661 1.745984e-01
  662 1.747426e-01
  663 1.749821e-01
  664 1.752938e-01
  665 1.756522e-01
  666 1.760318e-01
  667 1.764094e-01
  668 1.767655e-01
  669 1.770851e-01
  670 1.773583e-01
  671 1.775800e-01
  672 1.777496e-01
  673 1.778702e-01
  674 1.779475e-01
  675 1.779893e-01
  676 1.780043e-01
  677 1.780010e-01
  678 1.779878e-01
  679 1.779715e-01
  680 1.779580e-01
  681 1.779511e-01
  682 1.779536e-01
  683 1.779663e-01
  684 1.779893e-01
  685 1.780213e-01
  686 1.780606e-01
  687 1.781048e-01
  688 1.781517e-01
  689 1.781989e-01
  690 1.782445e-01
  691 1.782869e-01
  692 1.783247e-01
  693 1.783574e-01
  694 1.783845e-01
  695 1.784063e-01
  696 1.784232e-01
  697 1.784357e-01
  698 1.784447e-01
  699 1.784510e-01
  700 1.784555e-01
  701 1.784589e-01
  702 1.784618e-01
  703 1.784647e-01
  704 1.784681e-01
  705 1.784721e-01
  706 1.784768e-01
  707 1.784822e-01
  708 1.784882e-01
  709 1.784945e-01
  710 1.785011e-01
  711 1.785077e-01
  712 1.785140e-01
  713 1.785201e-01
  714 1.785256e-01
  715 1.785306e-01
  716 1.785350e-01
  717 1.785388e-01
  718 1.785419e-01
  719 1.785446e-01
  720 1.785467e-01
  721 1.785485e-01
  722 1.785500e-01
  723 1.785513e-01
  724 1.785524e-01
  725 1.785534e-01
  726 1.785544e-01
  727 1.785554e-01
  728 1.785564e-01
  729 1.785574e-01
  730 1.785584e-01
  731 1.785594e-01
  732 1.785605e-01
  733 1.785615e-01
  734 1.785625e-01
  735 1.785634e-01
  736 1.785643e-01
  737 1.785651e-01
  738 1.785658e-01
  739 1.785665e-01
  740 1.785670e-01
  741 1.785675e-01
  742 1.785680e-01
  743 1.785683e-01
  744 1.785687e-01
  745 1.785690e-01
  746 1.785692e-01
  747 1.785695e-01
  748 1.785697e-01
  749 1.785699e-01
  750 1.785701e-01
  751 1.785703e-01
  752 1.785705e-01
  753 1.785707e-01
  754 1.785709e-01
  755 1.785710e-01
  756 1.785712e-01
  757 1.785714e-01
  758 1.785715e-01
  759 1.785716e-01
  760 1.785718e-01
  761 1.785719e-01
  762 1.785720e-01
  763 1.785721e-01
  764 1.785721e-01
  765 1.785722e-01
  766 1.785723e-01
  767 1.785723e-01
  768 1.785724e-01
  769 1.785724e-01
  770 1.785725e-01
  771 1.785725e-01
  772 1.785726e-01
  773 1.785726e-01
  774 1.785727e-01
  775 1.785727e-01
  776 1.785727e-01
  777 1.785727e-01
  778 1.785728e-01
  779 1.785728e-01
  780 1.785728e-01
  781 1.785729e-01
  782 1.785729e-01
  783 1.785729e-01
  784 1.785729e-01
  785 1.785729e-01
  786 1.785729e-01
  787 1.785730e-01
  788 1.785730e-01
  789 1.785730e-01
  790 1.785730e-01
  791 1.785730e-01
  792 1.785730e-01
  793 1.785730e-01
  794 1.785730e-01
  795 1.785730e-01
  796 1.785730e-01
  797 1.785730e-01
  798 1.785731e-01
  799 1.785731e-01
  800 1.785731e-01
