    1     0
    2     0
    3     0
    4     0
    5     0
    6     0
    7     0
    8     0
    9     0
   10     0
   11     0
   12 -5.964586e-02
   13 -2.133074e-01
   14 -4.278298e-01
   15 -6.769295e-01
   16 -9.413360e-01
   17 -1.207263e+00
   18 -1.465169e+00
   19 -1.653896e+00
   20 -1.680261e+00
   21 -1.520119e+00
   22 -1.256085e+00
   23 -9.759448e-01
   24 -7.312304e-01
   25 -5.459713e-01
   26 -4.313244e-01
   27 -3.910749e-01
   28 -4.212746e-01
   29 -5.092556e-01
   30 -6.346405e-01
   31 -7.759604e-01
   32 -9.162254e-01
   33 -1.039458e+00
   34 -1.130445e+00
   35 -1.181271e+00
   36 -1.193349e+00
   37 -1.174713e+00
   38 -1.136759e+00
   39 -1.091300e+00
   40 -1.048310e+00
   41 -1.014731e+00
   42 -9.941908e-01
   43 -9.873143e-01
   44 -9.923227e-01
   45 -1.005808e+00
   46 -1.023582e+00
   47 -1.041516e+00
   48 -1.056243e+00
   49 -1.065605e+00
   50 -1.068810e+00
   51 -1.066282e+00
   52 -1.059333e+00
   53 -1.049737e+00
   54 -1.039320e+00
   55 -1.029647e+00
   56 -1.021817e+00
   57 -1.016395e+00
   58 -1.013434e+00
   59 -1.012586e+00
   60 -1.013242e+00
   61 -1.014692e+00
   62 -1.016267e+00
   63 -1.017439e+00
   64 -1.017883e+00
   65 -1.017483e+00
   66 -1.016310e+00
   67 -1.014562e+00
   68 -1.012506e+00
   69 -1.010412e+00
   70 -1.008510e+00
   71 -1.006957e+00
   72 -1.005827e+00
   73 -1.005113e+00
   74 -1.004751e+00
   75 -1.004637e+00
   76 -1.004656e+00
   77 -1.004703e+00
   78 -1.004696e+00
   79 -1.004587e+00
   80 -1.004360e+00
   81 -1.004028e+00
   82 -1.003622e+00
   83 -1.003184e+00
   84 -1.002753e+00
   85 -1.002365e+00
   86 -1.002042e+00
   87 -1.001793e+00
   88 -1.001615e+00
   89 -1.001496e+00
   90 -1.001420e+00
   91 -1.001367e+00
   92 -1.001322e+00
   93 -1.001271e+00
   94 -1.001208e+00
   95 -1.001130e+00
   96 -1.001039e+00
   97 -1.000940e+00
   98 -1.000840e+00
   99 -1.000745e+00
  100 -1.000659e+00
  101 -1.000585e+00
  102 -1.000525e+00
  103 -1.000478e+00
  104 -1.000442e+00
  105 -1.000414e+00
  106 -1.000390e+00
  107 -1.000368e+00
  108 -1.000347e+00
  109 -1.000325e+00
  110 -1.000301e+00
  111 -1.000276e+00
  112 -1.000251e+00
  113 -1.000227e+00
  114 -1.000204e+00
  115 -1.000183e+00
  116 -1.000165e+00
  117 -1.000150e+00
  118 -1.000137e+00
  119 -1.000127e+00
  120 -1.000118e+00
  121 -1.000110e+00
  122 -1.000102e+00
  123 -1.000095e+00
  124 -1.000088e+00
  125 -1.000081e+00
  126 -1.000075e+00
  127 -1.000068e+00
  128 -1.000062e+00
  129 -1.000056e+00
  130 -1.000051e+00
  131 -1.000046e+00
  132 -1.000042e+00
  133 -1.000039e+00
  134 -1.000036e+00
  135 -1.000033e+00
  136 -1.000031e+00
  137 -1.000028e+00
  138 -1.000026e+00
  139 -1.000024e+00
  140 -1.000022e+00
  141 -1.000020e+00
  142 -1.000019e+00
  143 -1.000017e+00
  144 -1.000016e+00
  145 -1.000014e+00
  146 -1.000013e+00
  147 -1.000012e+00
  148 -1.000011e+00
  149 -1.000010e+00
  150 -1.000009e+00
  151 -1.000009e+00
  152 -1.000008e+00
  153 -1.000007e+00
  154 -1.000007e+00
  155 -1.000006e+00
  156 -1.000006e+00
  157 -1.000005e+00
  158 -1.000005e+00
  159 -1.000004e+00
  160 -1.000004e+00
  161 -1.000004e+00
  162 -1.000003e+00
  163 -1.000003e+00
  164 -1.000003e+00
  165 -1.000003e+00
  166 -1.000002e+00
  167 -1.000002e+00
  168 -1.000002e+00
  169 -1.000002e+00
  170 -1.000002e+00
  171 -1.000002e+00
  172 -1.000001e+00
  173 -1.000001e+00
  174 -1.000001e+00
  175 -1.000001e+00
  176 -1.000001e+00
  177 -1.000001e+00
  178 -1.000001e+00
  179 -1.000001e+00
  180 -1.000001e+00
  181 -1.000001e+00
  182 -1.000001e+00
  183 -1.000001e+00
  184 -1.000001e+00
  185 -1.000000e+00
  186 -1.000000e+00
  187 -1.000000e+00
  188 -1.000000e+00
  189 -1.000000e+00
  190 -1.000000e+00
  191 -1.000000e+00
  192 -1.000000e+00
  193 -1.000000e+00
  194 -1.000000e+00
  195 -1.000000e+00
  196 -1.000000e+00
  197 -1.000000e+00
  198 -1.000000e+00
  199 -1.000000e+00
  200 -1.000000e+00
  201 -1.000000e+00
  202 -1.000000e+00
  203 -1.000000e+00
  204 -1.000000e+00
  205 -1.033072e+00
  206 -1.118711e+00
  207 -1.252196e+00
  208 -1.417407e+00
  209 -1.596944e+00
  210 -1.773941e+00
  211 -1.933017e+00
  212 -2.063033e+00
  213 -2.158969e+00
  214 -2.221996e+00
  215 -2.257991e+00
  216 -2.275322e+00
  217 -2.282686e+00
  218 -2.287514e+00
  219 -2.295092e+00
  220 -2.308308e+00
  221 -2.327844e+00
  222 -2.352662e+00
  223 -2.380623e+00
  224 -2.409136e+00
  225 -2.435724e+00
  226 -2.458449e+00
  227 -2.476154e+00
  228 -2.488510e+00
  229 -2.495921e+00
  230 -2.499307e+00
  231 -2.499858e+00
  232 -2.498792e+00
  233 -2.497173e+00
  234 -2.495789e+00
  235 -2.495107e+00
  236 -2.495296e+00
  237 -2.496279e+00
  238 -2.497818e+00
  239 -2.499606e+00
  240 -2.501335e+00
  241 -2.502762e+00
  242 -2.503731e+00
  243 -2.504190e+00
  244 -2.504172e+00
  245 -2.503777e+00
  246 -2.503136e+00
  247 -2.502391e+00
  248 -2.501662e+00
  249 -2.501041e+00
  250 -2.500579e+00
  251 -2.500289e+00
  252 -2.500157e+00
  253 -2.500146e+00
  254 -2.500212e+00
  255 -2.500308e+00
  256 -2.500398e+00
  257 -2.500456e+00
  258 -2.500471e+00
  259 -2.500441e+00
  260 -2.500375e+00
  261 -2.500285e+00
  262 -2.500188e+00
  263 -2.500097e+00
  264 -2.500022e+00
  265 -2.499968e+00
  266 -2.499938e+00
  267 -2.499928e+00
  268 -2.499934e+00
  269 -2.499951e+00
  270 -2.499971e+00
  271 -2.499991e+00
  272 -2.500007e+00
  273 -2.500016e+00
  274 -2.500019e+00
  275 -2.500017e+00
  276 -2.500012e+00
  277 -2.500004e+00
  278 -2.499996e+00
  279 -2.499990e+00
  280 -2.499986e+00
  281 -2.499984e+00
  282 -2.499985e+00
  283 -2.499987e+00
  284 -2.499990e+00
  285 -2.499994e+00
  286 -2.499997e+00
  287 -2.500000e+00
  288 -2.500001e+00
  289 -2.500002e+00
  290 -2.500002e+00
  291 -2.500002e+00
  292 -2.500001e+00
  293 -2.500000e+00
  294 -2.499999e+00
  295 -2.499999e+00
  296 -2.499999e+00
  297 -2.499999e+00
  298 -2.499999e+00
  299 -2.499999e+00
  300 -2.500000e+00
  301 -2.500000e+00
  302 -2.500000e+00
  303 -2.500000e+00
  304 -2.500001e+00
  305 -2.500000e+00
  306 -2.500000e+00
  307 -2.500000e+00
  308 -2.500000e+00
  309 -2.500000e+00
  310 -2.500000e+00
  311 -2.500000e+00
  312 -2.500000e+00
  313 -2.500000e+00
  314 -2.500000e+00
  315 -2.500000e+00
  316 -2.500000e+00
  317 -2.500000e+00
  318 -2.500000e+00
  319 -2.500000e+00
  320 -2.500000e+00
  321 -2.500000e+00
  322 -2.500000e+00
  323 -2.500000e+00
  324 -2.500000e+00
  325 -2.500000e+00
  326 -2.500000e+00
  327 -2.500000e+00
  328 -2.500000e+00
  329 -2.500000e+00
  330 -2.500000e+00
  331 -2.500000e+00
  332 -2.500000e+00
  333 -2.500000e+00
  334 -2.500000e+00
  335 -2.500000e+00
  336 -2.500000e+00
  337 -2.500000e+00
  338 -2.500000e+00
  339 -2.500000e+00
  340 -2.500000e+00
  341 -2.500000e+00
  342 -2.500000e+00
  343 -2.500000e+00
  344 -2.500000e+00
  345 -2.500000e+00
  346 -2.500000e+00
  347 -2.500000e+00
  348 -2.500000e+00
  349 -2.500000e+00
  350 -2.500000e+00
  351 -2.500000e+00
  352 -2.500000e+00
  353 -2.500000e+00
  354 -2.500000e+00
  355 -2.500000e+00
  356 -2.500000e+00
  357 -2.500000e+00
  358 -2.500000e+00
  359 -2.500000e+00
  360 -2.500000e+00
  361 -2.500000e+00
  362 -2.500000e+00
  363 -2.500000e+00
  364 -2.500000e+00
  365 -2.500000e+00
  366 -2.500000e+00
  367 -2.500000e+00
  368 -2.500000e+00
  369 -2.500000e+00
  370 -2.500000e+00
  371 -2.500000e+00
  372 -2.500000e+00
  373 -2.500000e+00
  374 -2.500000e+00
  375 -2.500000e+00
  376 -2.500000e+00
  377 -2.500000e+00
  378 -2.500000e+00
  379 -2.500000e+00
  380 -2.500000e+00
  381 -2.500000e+00
  382 -2.500000e+00
  383 -2.500000e+00
  384 -2.500000e+00
  385 -2.500000e+00
  386 -2.500000e+00
  387 -2.500000e+00
  388 -2.500000e+00
  389 -2.500000e+00
  390 -2.500000e+00
  391 -2.500000e+00
  392 -2.500000e+00
  393 -2.500000e+00
  394 -2.500000e+00
  395 -2.500000e+00
  396 -2.500000e+00
  397 -2.500000e+00
  398 -2.500000e+00
  399 -2.500000e+00
  400 -2.500000e+00
  401 -2.500000e+00
  402 -2.500000e+00
  403 -2.500000e+00
  404 -2.500000e+00
  405 -2.452745e+00
  406 -2.324456e+00
  407 -2.125878e+00
  408 -1.891474e+00
  409 -1.656294e+00
  410 -1.446753e+00
  411 -1.279167e+00
  412 -1.161000e+00
  413 -1.092614e+00
  414 -1.068804e+00
  415 -1.080236e+00
  416 -1.114997e+00
  417 -1.160306e+00
  418 -1.204354e+00
  419 -1.237997e+00
  420 -1.255890e+00
  421 -1.256714e+00
  422 -1.242543e+00
  423 -1.217668e+00
  424 -1.187262e+00
  425 -1.156234e+00
  426 -1.128458e+00
  427 -1.106395e+00
  428 -1.091050e+00
  429 -1.082153e+00
  430 -1.078491e+00
  431 -1.078307e+00
  432 -1.079699e+00
  433 -1.080970e+00
  434 -1.080871e+00
  435 -1.078723e+00
  436 -1.074413e+00
  437 -1.068284e+00
  438 -1.060977e+00
  439 -1.053250e+00
  440 -1.045822e+00
  441 -1.039252e+00
  442 -1.033883e+00
  443 -1.029827e+00
  444 -1.026993e+00
  445 -1.025146e+00
  446 -1.023972e+00
  447 -1.023147e+00
  448 -1.022390e+00
  449 -1.021500e+00
  450 -1.020368e+00
  451 -1.018974e+00
  452 -1.017370e+00
  453 -1.015650e+00
  454 -1.013928e+00
  455 -1.012308e+00
  456 -1.010870e+00
  457 -1.009660e+00
  458 -1.008688e+00
  459 -1.007934e+00
  460 -1.007356e+00
  461 -1.006901e+00
  462 -1.006518e+00
  463 -1.006162e+00
  464 -1.005802e+00
  465 -1.005419e+00
  466 -1.005013e+00
  467 -1.004589e+00
  468 -1.004164e+00
  469 -1.003753e+00
  470 -1.003371e+00
  471 -1.003029e+00
  472 -1.002734e+00
  473 -1.002484e+00
  474 -1.002277e+00
  475 -1.002103e+00
  476 -1.001955e+00
  477 -1.001824e+00
  478 -1.001702e+00
  479 -1.001584e+00
  480 -1.001468e+00
  481 -1.001353e+00
  482 -1.001239e+00
  483 -1.001129e+00
  484 -1.001025e+00
  485 -1.000930e+00
  486 -1.000844e+00
  487 -1.000767e+00
  488 -1.000701e+00
  489 -1.000643e+00
  490 -1.000593e+00
  491 -1.000548e+00
  492 -1.000508e+00
  493 -1.000471e+00
  494 -1.000435e+00
  495 -1.000401e+00
  496 -1.000369e+00
  497 -1.000338e+00
  498 -1.000309e+00
  499 -1.000282e+00
  500 -1.000257e+00
  501 -1.000235e+00
  502 -1.000214e+00
  503 -1.000196e+00
  504 -1.000180e+00
  505 -1.000166e+00
  506 -1.000153e+00
  507 -1.000141e+00
  508 -1.000130e+00
  509 -1.000120e+00
  510 -1.000110e+00
  511 -1.000101e+00
  512 -1.000093e+00
  513 -1.000085e+00
  514 -1.000078e+00
  515 -1.000071e+00
  516 -1.000065e+00
  517 -1.000060e+00
  518 -1.000055e+00
  519 -1.000050e+00
  520 -1.000046e+00
  521 -1.000043e+00
  522 -1.000039e+00
  523 -1.000036e+00
  524 -1.000033e+00
  525 -1.000030e+00
  526 -1.000028e+00
  527 -1.000026e+00
  528 -1.000024e+00
  529 -1.000022e+00
  530 -1.000020e+00
  531 -1.000018e+00
  532 -1.000017e+00
  533 -1.000015e+00
  534 -1.000014e+00
  535 -1.000013e+00
  536 -1.000012e+00
  537 -1.000011e+00
  538 -1.000010e+00
  539 -1.000009e+00
  540 -1.000008e+00
  541 -1.000008e+00
  542 -1.000007e+00
  543 -1.000007e+00
  544 -1.000006e+00
  545 -1.000005e+00
  546 -1.000005e+00
  547 -1.000005e+00
  548 -1.000004e+00
  549 -1.000004e+00
  550 -1.000004e+00
  551 -1.000003e+00
  552 -1.000003e+00
  553 -1.000003e+00
  554 -1.000003e+00
  555 -1.000002e+00
  556 -1.000002e+00
  557 -1.000002e+00
  558 -1.000002e+00
  559 -1.000002e+00
  560 -1.000002e+00
  561 -1.000001e+00
  562 -1.000001e+00
  563 -1.000001e+00
  564 -1.000001e+00
  565 -1.000001e+00
  566 -1.000001e+00
  567 -1.000001e+00
  568 -1.000001e+00
  569 -1.000001e+00
  570 -1.000001e+00
  571 -1.000001e+00
  572 -1.000001e+00
  573 -1.000000e+00
  574 -1.000000e+00
  575 -1.000000e+00
  576 -1.000000e+00
  577 -1.000000e+00
  578 -1.000000e+00
  579 -1.000000e+00
  580 -1.000000e+00
  581 -1.000000e+00
  582 -1.000000e+00
  583 -1.000000e+00
  584 -1.000000e+00
  585 -1.000000e+00
  586 -1.000000e+00
  587 -1.000000e+00
  588 -1.000000e+00
  589 -1.000000e+00
  590 -1.000000e+00
  591 -1.000000e+00
  592 -1.000000e+00
  593 -1.000000e+00
  594 -1.000000e+00
  595 -1.000000e+00
  596 -1.000000e+00
  597 -1.000000e+00
  598 -1.000000e+00
  599 -1.000000e+00
  600 -1.000000e+00
  601 -1.000000e+00
  602 -1.000000e+00
  603 -1.000000e+00
  604 -1.000000e+00
  605 -9.670173e-01
  606 -8.858313e-01
  607 -7.707299e-01
  608 -6.445074e-01
  609 -5.257771e-01
  610 -4.263336e-01
  611 -3.519665e-01
  612 -3.033113e-01
  613 -2.760886e-01
  614 -2.617809e-01
  615 -2.496988e-01
  616 -2.304172e-01
  617 -1.996599e-01
  618 -1.595460e-01
  619 -1.157716e-01
  620 -7.386438e-02
  621 -3.731048e-02
  622 -7.480638e-03
  623 1.571852e-02
  624 3.316740e-02
  625 4.602789e-02
  626 5.541120e-02
  627 6.222448e-02
  628 6.715029e-02
  629 7.068483e-02
  630 7.318629e-02
  631 7.491485e-02
  632 7.606166e-02
  633 7.676881e-02
  634 7.714313e-02
  635 7.726558e-02
  636 7.719778e-02
  637 7.698662e-02
  638 7.666749e-02
  639 7.626661e-02
  640 7.580288e-02
  641 7.528933e-02
  642 7.473442e-02
  643 7.414312e-02
  644 7.351794e-02
  645 7.285981e-02
  646 7.216886e-02
  647 7.144505e-02
  648 7.068874e-02
  649 6.990111e-02
  650 6.908451e-02
  651 6.824272e-02
  652 6.738108e-02
  653 6.650659e-02
  654 6.562780e-02
  655 6.475469e-02
  656 6.389840e-02
  657 6.307082e-02
  658 6.228416e-02
  659 6.155037e-02
  660 6.088057e-02
  661 6.028448e-02
  662 5.976991e-02
  663 5.934224e-02
  664 5.900420e-02
  665 5.875568e-02
  666 5.859374e-02
  667 5.851286e-02
  668 5.850525e-02
  669 5.856134e-02
  670 5.867031e-02
  671 5.882067e-02
  672 5.900080e-02
  673 5.919949e-02
  674 5.940628e-02
  675 5.961186e-02
  676 5.980824e-02
  677 5.998890e-02
  678 6.014883e-02
  679 6.028450e-02
  680 6.039375e-02
  681 6.047573e-02
  682 6.053069e-02
  683 6.055983e-02
  684 6.056517e-02
  685 6.054932e-02
  686 6.051534e-02
  687 6.046658e-02
  688 6.040652e-02
  689 6.033866e-02
  690 6.026637e-02
  691 6.019278e-02
  692 6.012074e-02
  693 6.005270e-02
  694 5.999071e-02
  695 5.993635e-02
  696 5.989074e-02
  697 5.985456e-02
  698 5.982806e-02
  699 5.981108e-02
  700 5.980316e-02
  701 5.980351e-02
  702 5.981116e-02
  703 5.982496e-02
  704 5.984366e-02
  705 5.986599e-02
  706 5.989068e-02
  707 5.991652e-02
  708 5.994243e-02
  709 5.996741e-02
  710 5.999066e-02
  711 6.001152e-02
  712 6.002948e-02
  713 6.004424e-02
  714 6.005561e-02
  715 6.006359e-02
  716 6.006827e-02
  717 6.006987e-02
  718 6.006870e-02
  719 6.006512e-02
  720 6.005956e-02
  721 6.005245e-02
  722 6.004423e-02
  723 6.003535e-02
  724 6.002620e-02
  725 6.001717e-02
  726 6.000856e-02
  727 6.000064e-02
  728 5.999364e-02
  729 5.998770e-02
  730 5.998292e-02
  731 5.997933e-02
  732 5.997694e-02
  733 5.997568e-02
  734 5.997547e-02
  735 5.997620e-02
  736 5.997773e-02
  737 5.997990e-02
  738 5.998257e-02
  739 5.998556e-02
  740 5.998874e-02
  741 5.999197e-02
  742 5.999511e-02
  743 5.999806e-02
  744 6.000073e-02
  745 6.000306e-02
  746 6.000501e-02
  747 6.000654e-02
  748 6.000764e-02
  749 6.000834e-02
  750 6.000864e-02
  751 6.000858e-02
  752 6.000822e-02
  753 6.000759e-02
  754 6.000675e-02
  755 6.000577e-02
  756 6.000468e-02
  757 6.000355e-02
  758 6.000242e-02
  759 6.000134e-02
  760 6.000033e-02
  761 5.999943e-02
  762 5.999866e-02
  763 5.999802e-02
  764 5.999754e-02
  765 5.999720e-02
  766 5.999701e-02
  767 5.999695e-02
  768 5.999701e-02
  769 5.999718e-02
  770 5.999743e-02
  771 5.999774e-02
  772 5.999811e-02
  773 5.999850e-02
  774 5.999890e-02
  775 5.999929e-02
  776 5.999966e-02
  777 6.000000e-02
  778 6.000031e-02
  779 6.000056e-02
  780 6.000076e-02
  781 6.000092e-02
  782 6.000102e-02
  783 6.000107e-02
  784 6.000107e-02
  785 6.000103e-02
  786 6.000097e-02
  787 6.000087e-02
  788 6.000075e-02
  789 6.000062e-02
  790 6.000048e-02
  791 6.000034e-02
  792 6.000020e-02
  793 6.000007e-02
  794 5.999996e-02
  795 5.999986e-02
  796 5.999977e-02
  797 5.999971e-02
  798 5.999966e-02
  799 5.999963e-02
  800 5.999962e-02
