    1     0
    2     0
    3     0
    4     0
    5     0
    6     0
    7     0
    8     0
    9     0
   10     0
   11     0
   12     0
   13     0
   14 -8.690000e-02
   15 -1.662473e-01
   16 -2.386980e-01
   17 -3.048510e-01
   18 -3.652533e-01
   19 -4.204045e-01
   20 -4.707607e-01
   21 -5.167385e-01
   22 -5.587183e-01
   23 -5.970475e-01
   24 -6.320432e-01
   25 -6.639952e-01
   26 -6.931678e-01
   27 -7.198027e-01
   28 -7.441204e-01
   29 -7.663223e-01
   30 -7.865923e-01
   31 -8.050984e-01
   32 -8.219939e-01
   33 -8.374188e-01
   34 -8.515010e-01
   35 -8.643572e-01
   36 -8.760940e-01
   37 -8.868089e-01
   38 -8.965906e-01
   39 -9.055204e-01
   40 -9.136724e-01
   41 -9.211142e-01
   42 -9.279075e-01
   43 -9.341090e-01
   44 -9.397699e-01
   45 -9.449375e-01
   46 -9.496545e-01
   47 -9.539603e-01
   48 -9.578907e-01
   49 -9.614782e-01
   50 -9.647529e-01
   51 -9.677419e-01
   52 -9.704700e-01
   53 -9.729601e-01
   54 -9.752329e-01
   55 -9.773073e-01
   56 -9.792005e-01
   57 -9.809284e-01
   58 -9.825054e-01
   59 -9.839446e-01
   60 -9.852581e-01
   61 -9.864568e-01
   62 -9.875507e-01
   63 -9.885490e-01
   64 -9.894599e-01
   65 -9.902912e-01
   66 -9.910498e-01
   67 -9.917420e-01
   68 -9.923736e-01
   69 -9.929499e-01
   70 -9.934757e-01
   71 -9.939555e-01
   72 -9.943932e-01
   73 -9.947926e-01
   74 -9.951569e-01
   75 -9.954893e-01
   76 -9.957926e-01
   77 -9.960692e-01
   78 -9.963216e-01
   79 -9.965518e-01
   80 -9.967618e-01
   81 -9.969534e-01
   82 -9.971281e-01
   83 -9.972874e-01
   84 -9.974327e-01
   85 -9.975653e-01
   86 -9.976862e-01
   87 -9.977964e-01
   88 -9.978970e-01
   89 -9.979886e-01
   90 -9.980722e-01
   91 -9.981484e-01
   92 -9.982179e-01
   93 -9.982813e-01
   94 -9.983391e-01
   95 -9.983917e-01
   96 -9.984397e-01
   97 -9.984835e-01
   98 -9.985234e-01
   99 -9.985597e-01
  100 -9.985929e-01
  101 -9.986231e-01
  102 -9.986506e-01
  103 -9.986757e-01
  104 -9.986985e-01
  105 -9.987193e-01
  106 -9.987383e-01
  107 -9.987556e-01
  108 -9.987713e-01
  109 -9.987857e-01
  110 -9.987987e-01
  111 -9.988106e-01
  112 -9.988215e-01
  113 -9.988313e-01
  114 -9.988403e-01
  115 -9.988485e-01
  116 -9.988560e-01
  117 -9.988627e-01
  118 -9.988689e-01
  119 -9.988745e-01
  120 -9.988796e-01
  121 -9.988843e-01
  122 -9.988885e-01
  123 -9.988924e-01
  124 -9.988959e-01
  125 -9.988991e-01
  126 -9.989020e-01
  127 -9.989046e-01
  128 -9.989070e-01
  129 -9.989092e-01
  130 -9.989112e-01
  131 -9.989130e-01
  132 -9.989146e-01
  133 -9.989161e-01
  134 -9.989174e-01
  135 -9.989187e-01
  136 -9.989198e-01
  137 -9.989208e-01
  138 -9.989217e-01
  139 -9.989225e-01
  140 -9.989233e-01
  141 -9.989240e-01
  142 -9.989246e-01
  143 -9.989252e-01
  144 -9.989257e-01
  145 -9.989262e-01
  146 -9.989266e-01
  147 -9.989270e-01
  148 -9.989273e-01
  149 -9.989276e-01
  150 -9.989279e-01
  151 -9.989282e-01
  152 -9.989284e-01
  153 -9.989286e-01
  154 -9.989288e-01
  155 -9.989290e-01
  156 -9.989291e-01
  157 -9.989293e-01
  158 -9.989294e-01
  159 -9.989295e-01
  160 -9.989296e-01
  161 -9.989297e-01
  162 -9.989298e-01
  163 -9.989299e-01
  164 -9.989299e-01
  165 -9.989300e-01
  166 -9.989300e-01
  167 -9.989301e-01
  168 -9.989301e-01
  169 -9.989302e-01
  170 -9.989302e-01
  171 -9.989302e-01
  172 -9.989303e-01
  173 -9.989303e-01
  174 -9.989303e-01
  175 -9.989303e-01
  176 -9.989304e-01
  177 -9.989304e-01
  178 -9.989304e-01
  179 -9.989304e-01
  180 -9.989304e-01
  181 -9.989304e-01
  182 -9.989304e-01
  183 -9.989304e-01
  184 -9.989304e-01
  185 -9.989305e-01
  186 -9.989305e-01
  187 -9.989305e-01
  188 -9.989305e-01
  189 -9.989305e-01
  190 -9.989305e-01
  191 -9.989305e-01
  192 -9.989305e-01
  193 -9.989305e-01
  194 -9.989305e-01
  195 -9.989305e-01
  196 -9.989305e-01
  197 -9.989305e-01
  198 -9.989305e-01
  199 -9.989305e-01
  200 -9.989305e-01
  201 -9.989305e-01
  202 -9.989305e-01
  203 -9.989305e-01
  204 -9.989305e-01
  205 -9.989305e-01
  206 -9.989305e-01
  207 -9.989305e-01
  208 -9.989305e-01
  209 -9.989305e-01
  210 -9.989305e-01
  211 -9.989305e-01
  212 -9.989305e-01
  213 -9.989305e-01
  214 -9.989305e-01
  215 -9.989305e-01
  216 -9.989305e-01
  217 -9.989305e-01
  218 -9.989305e-01
  219 -9.989305e-01
  220 -9.989305e-01
  221 -9.989305e-01
  222 -9.989305e-01
  223 -9.989305e-01
  224 -9.989305e-01
  225 -9.989305e-01
  226 -9.989305e-01
  227 -9.989305e-01
  228 -9.989305e-01
  229 -9.989305e-01
  230 -9.989305e-01
  231 -9.989305e-01
  232 -9.989305e-01
  233 -9.989305e-01
  234 -9.989305e-01
  235 -9.989305e-01
  236 -9.989305e-01
  237 -9.989305e-01
  238 -9.989305e-01
  239 -9.989305e-01
  240 -9.989305e-01
  241 -9.989305e-01
  242 -9.989305e-01
  243 -9.989305e-01
  244 -9.989305e-01
  245 -9.989305e-01
  246 -9.989305e-01
  247 -9.989305e-01
  248 -9.989305e-01
  249 -9.989305e-01
  250 -9.989305e-01
  251 -9.989305e-01
  252 -9.989305e-01
  253 -9.989305e-01
  254 -9.989305e-01
  255 -9.989305e-01
  256 -9.989305e-01
  257 -9.989305e-01
  258 -9.989305e-01
  259 -9.989305e-01
  260 -9.989305e-01
  261 -9.989305e-01
  262 -9.989305e-01
  263 -9.989305e-01
  264 -9.989305e-01
  265 -9.989305e-01
  266 -9.989305e-01
  267 -9.989305e-01
  268 -9.989305e-01
  269 -9.989305e-01
  270 -9.989305e-01
  271 -9.989305e-01
  272 -9.989305e-01
  273 -9.989305e-01
  274 -9.989305e-01
  275 -9.989305e-01
  276 -9.989305e-01
  277 -9.989305e-01
  278 -9.989305e-01
  279 -9.989305e-01
  280 -9.989305e-01
  281 -9.989305e-01
  282 -9.989305e-01
  283 -9.989305e-01
  284 -9.989305e-01
  285 -9.989305e-01
  286 -9.989305e-01
  287 -9.989305e-01
  288 -9.989305e-01
  289 -9.989305e-01
  290 -9.989305e-01
  291 -9.989305e-01
  292 -9.989305e-01
  293 -9.989305e-01
  294 -9.989305e-01
  295 -9.989305e-01
  296 -9.989305e-01
  297 -9.989305e-01
  298 -9.989305e-01
  299 -9.989305e-01
  300 -9.989305e-01
