    1     0
    2     0
    3 1.464300e-01
    4 2.733540e-01
    5 3.833636e-01
    6 4.787063e-01
    7 5.613313e-01
    8 6.329290e-01
    9 6.949655e-01
   10 7.487119e-01
   11 7.952711e-01
   12 8.355990e-01
   13 8.705248e-01
   14 9.007677e-01
   15 9.269511e-01
   16 9.496157e-01
   17 9.692305e-01
   18 9.862020e-01
   19 1.000883e+00
   20 1.013578e+00
   21 1.024554e+00
   22 1.034039e+00
   23 1.042234e+00
   24 1.049310e+00
   25 1.055418e+00
   26 1.060687e+00
   27 1.065230e+00
   28 1.069145e+00
   29 1.072515e+00
   30 1.075415e+00
   31 1.077908e+00
   32 1.080048e+00
   33 1.081884e+00
   34 1.083457e+00
   35 1.084803e+00
   36 1.085952e+00
   37 1.086931e+00
   38 1.087765e+00
   39 1.088472e+00
   40 1.089070e+00
   41 1.089575e+00
   42 1.090000e+00
   43 1.090355e+00
   44 1.090651e+00
   45 1.090895e+00
   46 1.091096e+00
   47 1.091260e+00
   48 1.091391e+00
   49 1.091496e+00
   50 1.091577e+00
   51 1.091638e+00
   52 1.091683e+00
   53 1.091713e+00
   54 1.091732e+00
   55 1.091741e+00
   56 1.091741e+00
   57 1.091735e+00
   58 1.091723e+00
   59 1.091706e+00
   60 1.091686e+00
   61 1.091663e+00
   62 1.091637e+00
   63 1.091610e+00
   64 1.091581e+00
   65 1.091551e+00
   66 1.091521e+00
   67 1.091491e+00
   68 1.091460e+00
   69 1.091430e+00
   70 1.091400e+00
   71 1.091370e+00
   72 1.091341e+00
   73 1.091313e+00
   74 1.091285e+00
   75 1.091258e+00
   76 1.091231e+00
   77 1.091206e+00
   78 1.091181e+00
   79 1.091157e+00
   80 1.091134e+00
   81 1.091111e+00
   82 1.091090e+00
   83 1.091069e+00
   84 1.091049e+00
   85 1.091030e+00
   86 1.091012e+00
   87 1.090994e+00
   88 1.090977e+00
   89 1.090961e+00
   90 1.090945e+00
   91 1.090930e+00
   92 1.090916e+00
   93 1.090902e+00
   94 1.090889e+00
   95 1.090876e+00
   96 1.090864e+00
   97 1.090853e+00
   98 1.090842e+00
   99 1.090831e+00
  100 1.090821e+00
  101 1.090811e+00
  102 1.090802e+00
  103 1.090793e+00
  104 1.090785e+00
  105 1.090777e+00
  106 1.090769e+00
  107 1.090762e+00
  108 1.090755e+00
  109 1.090748e+00
  110 1.090741e+00
  111 1.090735e+00
  112 1.090729e+00
  113 1.090724e+00
  114 1.090718e+00
  115 1.090713e+00
  116 1.090708e+00
  117 1.090704e+00
  118 1.090699e+00
  119 1.090695e+00
  120 1.090691e+00
  121 1.090687e+00
  122 1.090683e+00
  123 1.090680e+00
  124 1.090676e+00
  125 1.090673e+00
  126 1.090670e+00
  127 1.090667e+00
  128 1.090664e+00
  129 1.090661e+00
  130 1.090659e+00
  131 1.090656e+00
  132 1.090654e+00
  133 1.090652e+00
  134 1.090650e+00
  135 1.090648e+00
  136 1.090646e+00
  137 1.090644e+00
  138 1.090642e+00
  139 1.090640e+00
  140 1.090639e+00
  141 1.090637e+00
  142 1.090636e+00
  143 1.090634e+00
  144 1.090633e+00
  145 1.090632e+00
  146 1.090630e+00
  147 1.090629e+00
  148 1.090628e+00
  149 1.090627e+00
  150 1.090626e+00
  151 1.090625e+00
  152 1.090624e+00
  153 1.090623e+00
  154 1.090622e+00
  155 1.090621e+00
  156 1.090621e+00
  157 1.090620e+00
  158 1.090619e+00
  159 1.090619e+00
  160 1.090618e+00
  161 1.090617e+00
  162 1.090617e+00
  163 1.090616e+00
  164 1.090616e+00
  165 1.090615e+00
  166 1.090615e+00
  167 1.090614e+00
  168 1.090614e+00
  169 1.090613e+00
  170 1.090613e+00
  171 1.090612e+00
  172 1.090612e+00
  173 1.090612e+00
  174 1.090611e+00
  175 1.090611e+00
  176 1.090611e+00
  177 1.090610e+00
  178 1.090610e+00
  179 1.090610e+00
  180 1.090610e+00
  181 1.090609e+00
  182 1.090609e+00
  183 1.090609e+00
  184 1.090609e+00
  185 1.090608e+00
  186 1.090608e+00
  187 1.090608e+00
  188 1.090608e+00
  189 1.090608e+00
  190 1.090608e+00
  191 1.090607e+00
  192 1.090607e+00
  193 1.090607e+00
  194 1.090607e+00
