    1     0
    2     0
    3     0
    4     0
    5     0
    6     0
    7 3.892922e-01
    8 6.877237e-01
    9 9.319467e-01
   10 1.152709e+00
   11 1.371240e+00
   12 1.586171e+00
   13 1.806966e+00
   14 2.032669e+00
   15 2.254225e+00
   16 2.457119e+00
   17 2.624469e+00
   18 2.738789e+00
   19 2.784428e+00
   20 2.749569e+00
   21 2.627707e+00
   22 2.418531e+00
   23 2.128254e+00
   24 1.769361e+00
   25 1.359836e+00
   26 9.219458e-01
   27 4.806867e-01
   28 6.202103e-02
   29 -3.089685e-01
   30 -6.098688e-01
   31 -8.225436e-01
   32 -9.344445e-01
   33 -9.395340e-01
   34 -8.387575e-01
   35 -6.400312e-01
   36 -3.577463e-01
   37 -1.182626e-02
   38 3.736001e-01
   39 7.718178e-01
   40 1.155325e+00
   41 1.497692e+00
   42 1.775345e+00
   43 1.969166e+00
   44 2.065785e+00
   45 2.058485e+00
   46 1.947653e+00
   47 1.740750e+00
   48 1.451800e+00
   49 1.100431e+00
   50 7.105319e-01
   51 3.086294e-01
   52 -7.792700e-02
   53 -4.228272e-01
   54 -7.025954e-01
   55 -8.981901e-01
   56 -9.963027e-01
   57 -9.902651e-01
   58 -8.805042e-01
   59 -6.745135e-01
   60 -3.863423e-01
   61 -3.563916e-02
   62 3.536877e-01
   63 7.550986e-01
   64 1.141232e+00
   65 1.485767e+00
   66 1.765220e+00
   67 1.960543e+00
   68 2.058420e+00
   69 2.052179e+00
   70 1.942242e+00
   71 1.736098e+00
   72 1.447795e+00
   73 1.096977e+00
   74 7.075508e-01
   75 3.060540e-01
   76 -8.015353e-02
   77 -4.247534e-01
   78 -7.042625e-01
   79 -8.996334e-01
   80 -9.975528e-01
   81 -9.913481e-01
   82 -8.814427e-01
   83 -6.753269e-01
   84 -3.870475e-01
   85 -3.625060e-02
   86 3.531574e-01
   87 7.546385e-01
   88 1.140833e+00
   89 1.485421e+00
   90 1.764920e+00
   91 1.960282e+00
   92 2.058194e+00
   93 2.051983e+00
   94 1.942072e+00
   95 1.735951e+00
   96 1.447668e+00
   97 1.096867e+00
   98 7.074562e-01
   99 3.059723e-01
  100 -8.022412e-02
  101 -4.248144e-01
  102 -7.043153e-01
  103 -8.996793e-01
  104 -9.975926e-01
  105 -9.913827e-01
  106 -8.814728e-01
  107 -6.753531e-01
  108 -3.870702e-01
  109 -3.627029e-02
  110 3.531403e-01
  111 7.546238e-01
  112 1.140820e+00
  113 1.485410e+00
  114 1.764910e+00
  115 1.960274e+00
  116 2.058187e+00
  117 2.051977e+00
  118 1.942067e+00
  119 1.735947e+00
  120 1.447664e+00
  121 1.096864e+00
  122 7.074533e-01
  123 3.059697e-01
  124 -8.022649e-02
  125 -4.248165e-01
  126 -7.043172e-01
  127 -8.996811e-01
  128 -9.975943e-01
  129 -9.913842e-01
  130 -8.814741e-01
  131 -6.753542e-01
  132 -3.870712e-01
  133 -3.627123e-02
  134 3.531394e-01
  135 7.546230e-01
  136 1.140819e+00
  137 1.485409e+00
  138 1.764910e+00
  139 1.960273e+00
  140 2.058187e+00
  141 2.051977e+00
  142 1.942067e+00
  143 1.735947e+00
  144 1.447665e+00
  145 1.096865e+00
  146 7.074539e-01
  147 3.059702e-01
  148 -8.022595e-02
  149 -4.248160e-01
  150 -7.043167e-01
  151 -8.996806e-01
  152 -9.975939e-01
  153 -9.913840e-01
  154 -8.814740e-01
  155 -6.753542e-01
  156 -3.870712e-01
  157 -3.627112e-02
  158 3.531396e-01
  159 7.546232e-01
  160 1.140819e+00
  161 1.485409e+00
  162 1.764910e+00
  163 1.960273e+00
  164 2.058186e+00
  165 2.051976e+00
  166 1.942066e+00
  167 1.735945e+00
  168 1.447662e+00
  169 1.096861e+00
  170 7.074498e-01
  171 3.059653e-01
  172 -8.023177e-02
  173 -4.248228e-01
  174 -7.043245e-01
  175 -8.996893e-01
  176 -9.976034e-01
  177 -9.913942e-01
  178 -8.814848e-01
  179 -6.753653e-01
  180 -3.870822e-01
  181 -3.628165e-02
  182 3.531300e-01
  183 7.546154e-01
  184 1.140814e+00
  185 1.485408e+00
  186 1.764913e+00
  187 1.960282e+00
  188 2.058203e+00
  189 2.052001e+00
  190 1.942102e+00
  191 1.735994e+00
  192 1.447725e+00
  193 1.096941e+00
  194 7.075483e-01
  195 3.060845e-01
  196 -8.009033e-02
  197 -4.246580e-01
  198 -7.041358e-01
  199 -8.994768e-01
  200 -9.973680e-01
  201 -9.911375e-01
  202 -8.812113e-01
  203 -6.750812e-01
  204 -3.867952e-01
  205 -3.599966e-02
  206 3.533985e-01
  207 7.548617e-01
  208 1.141030e+00
  209 1.485584e+00
  210 1.765042e+00
  211 1.960357e+00
  212 2.058218e+00
  213 2.051952e+00
  214 1.941986e+00
  215 1.735811e+00
  216 1.447477e+00
  217 1.096632e+00
  218 7.071853e-01
  219 3.056764e-01
  220 -8.053264e-02
  221 -4.251225e-01
  222 -7.046096e-01
  223 -8.999472e-01
  224 -9.978228e-01
  225 -9.915660e-01
  226 -8.816025e-01
  227 -6.754258e-01
  228 -3.870858e-01
  229 -3.623190e-02
  230 3.532262e-01
  231 7.547482e-01
  232 1.140971e+00
  233 1.485575e+00
  234 1.765077e+00
  235 1.960428e+00
  236 2.058317e+00
  237 2.052072e+00
  238 1.942120e+00
  239 1.735953e+00
  240 1.447623e+00
  241 1.096777e+00
  242 7.073256e-01
  243 3.058099e-01
  244 -8.040789e-02
  245 -4.250075e-01
  246 -7.045050e-01
  247 -8.998530e-01
  248 -9.977389e-01
  249 -9.914918e-01
  250 -8.815376e-01
  251 -6.753693e-01
  252 -3.870370e-01
  253 -3.618998e-02
  254 3.532621e-01
  255 7.547786e-01
  256 1.140997e+00
  257 1.485597e+00
  258 1.765095e+00
  259 1.960444e+00
  260 2.058330e+00
  261 2.052083e+00
  262 1.942129e+00
  263 1.735961e+00
  264 1.447629e+00
  265 1.096782e+00
  266 7.073299e-01
  267 3.058134e-01
  268 -8.040495e-02
  269 -4.250050e-01
  270 -7.045029e-01
  271 -8.998513e-01
  272 -9.977374e-01
  273 -9.914906e-01
  274 -8.815366e-01
  275 -6.753685e-01
  276 -3.870363e-01
  277 -3.618937e-02
  278 3.532626e-01
  279 7.547791e-01
  280 1.140997e+00
  281 1.485598e+00
  282 1.765095e+00
  283 1.960444e+00
  284 2.058330e+00
  285 2.052083e+00
  286 1.942129e+00
  287 1.735961e+00
  288 1.447629e+00
  289 1.096782e+00
  290 7.073300e-01
  291 3.058135e-01
  292 -8.040488e-02
  293 -4.250050e-01
  294 -7.045029e-01
  295 -8.998512e-01
  296 -9.977374e-01
  297 -9.914906e-01
  298 -8.815366e-01
  299 -6.753684e-01
  300 -3.870362e-01
