    1     0
    2     0
    3     0
    4     0
    5     0
    6     0
    7 2.322836e-01
    8 4.258479e-01
    9 5.996452e-01
   10 7.699524e-01
   11 9.481252e-01
   12 1.135673e+00
   13 1.335412e+00
   14 1.544797e+00
   15 1.756807e+00
   16 1.961098e+00
   17 2.145402e+00
   18 2.296749e+00
   19 2.402834e+00
   20 2.453266e+00
   21 2.440616e+00
   22 2.361206e+00
   23 2.215587e+00
   24 2.008685e+00
   25 1.749610e+00
   26 1.451143e+00
   27 1.128948e+00
   28 8.005586e-01
   29 4.842230e-01
   30 1.976834e-01
   31 -4.302415e-02
   32 -2.246619e-01
   33 -3.376995e-01
   34 -3.769762e-01
   35 -3.420690e-01
   36 -2.373401e-01
   37 -7.166061e-02
   38 1.421731e-01
   39 3.882900e-01
   40 6.488052e-01
   41 9.050188e-01
   42 1.138671e+00
   43 1.333169e+00
   44 1.474703e+00
   45 1.553167e+00
   46 1.562842e+00
   47 1.502765e+00
   48 1.376793e+00
   49 1.193320e+00
   50 9.647055e-01
   51 7.064205e-01
   52 4.359873e-01
   53 1.717799e-01
   54 -6.823222e-02
   55 -2.677134e-01
   56 -4.130781e-01
   57 -4.944195e-01
   58 -5.061873e-01
   59 -4.475674e-01
   60 -3.225393e-01
   61 -1.396059e-01
   62 8.878489e-02
   63 3.470875e-01
   64 6.177177e-01
   65 8.822509e-01
   66 1.122677e+00
   67 1.322626e+00
   68 1.468488e+00
   69 1.550336e+00
   70 1.562604e+00
   71 1.504466e+00
   72 1.379895e+00
   73 1.197388e+00
   74 9.693899e-01
   75 7.114443e-01
   76 4.411353e-01
   77 1.768885e-01
   78 -6.328426e-02
   79 -2.630126e-01
   80 -4.086828e-01
   81 -4.903657e-01
   82 -5.024931e-01
   83 -4.442373e-01
   84 -3.195673e-01
   85 -1.369785e-01
   86 9.108648e-02
   87 3.490856e-01
   88 6.194370e-01
   89 8.837166e-01
   90 1.123914e+00
   91 1.323661e+00
   92 1.469344e+00
   93 1.551035e+00
   94 1.563167e+00
   95 1.504913e+00
   96 1.380242e+00
   97 1.197651e+00
   98 9.695827e-01
   99 7.115792e-01
  100 4.412229e-01
  101 1.769380e-01
  102 -6.326509e-02
  103 -2.630170e-01
  104 -4.087052e-01
  105 -4.904013e-01
  106 -5.025380e-01
  107 -4.442882e-01
  108 -3.196217e-01
  109 -1.370344e-01
  110 9.103073e-02
  111 3.490313e-01
  112 6.193849e-01
  113 8.836675e-01
  114 1.123869e+00
  115 1.323619e+00
  116 1.469305e+00
  117 1.551000e+00
  118 1.563136e+00
  119 1.504885e+00
  120 1.380217e+00
  121 1.197629e+00
  122 9.695638e-01
  123 7.115628e-01
  124 4.412088e-01
  125 1.769260e-01
  126 -6.327528e-02
  127 -2.630256e-01
  128 -4.087124e-01
  129 -4.904073e-01
  130 -5.025429e-01
  131 -4.442922e-01
  132 -3.196249e-01
  133 -1.370369e-01
  134 9.102870e-02
  135 3.490297e-01
  136 6.193837e-01
  137 8.836666e-01
  138 1.123868e+00
  139 1.323618e+00
  140 1.469305e+00
  141 1.551000e+00
  142 1.563136e+00
  143 1.504885e+00
  144 1.380218e+00
  145 1.197630e+00
  146 9.695645e-01
  147 7.115635e-01
  148 4.412094e-01
  149 1.769265e-01
  150 -6.327483e-02
  151 -2.630253e-01
  152 -4.087122e-01
  153 -4.904073e-01
  154 -5.025431e-01
  155 -4.442926e-01
  156 -3.196256e-01
  157 -1.370379e-01
  158 9.102750e-02
  159 3.490282e-01
  160 6.193819e-01
  161 8.836643e-01
  162 1.123865e+00
  163 1.323615e+00
  164 1.469301e+00
  165 1.550996e+00
  166 1.563131e+00
  167 1.504880e+00
  168 1.380212e+00
  169 1.197623e+00
  170 9.695570e-01
  171 7.115554e-01
  172 4.412009e-01
  173 1.769177e-01
  174 -6.328382e-02
  175 -2.630342e-01
  176 -4.087208e-01
  177 -4.904153e-01
  178 -5.025502e-01
  179 -4.442984e-01
  180 -3.196296e-01
  181 -1.370396e-01
  182 9.102860e-02
  183 3.490328e-01
  184 6.193906e-01
  185 8.836780e-01
  186 1.123885e+00
  187 1.323641e+00
  188 1.469335e+00
  189 1.551037e+00
  190 1.563181e+00
  191 1.504940e+00
  192 1.380283e+00
  193 1.197707e+00
  194 9.696530e-01
  195 7.116648e-01
  196 4.413241e-01
  197 1.770550e-01
  198 -6.313227e-02
  199 -2.628687e-01
  200 -4.085418e-01
  201 -4.902236e-01
  202 -5.023478e-01
  203 -4.440881e-01
  204 -3.194148e-01
  205 -1.368241e-01
  206 9.124031e-02
  207 3.492360e-01
  208 6.195805e-01
  209 8.838494e-01
  210 1.124032e+00
  211 1.323760e+00
  212 1.469421e+00
  213 1.551086e+00
  214 1.563189e+00
  215 1.504905e+00
  216 1.380203e+00
  217 1.197582e+00
  218 9.694840e-01
  219 7.114542e-01
  220 4.410755e-01
  221 1.767732e-01
  222 -6.344163e-02
  223 -2.631992e-01
  224 -4.088867e-01
  225 -4.905761e-01
  226 -5.027004e-01
  227 -4.444335e-01
  228 -3.197461e-01
  229 -1.371354e-01
  230 9.095424e-02
  231 3.489790e-01
  232 6.193552e-01
  233 8.836574e-01
  234 1.123874e+00
  235 1.323635e+00
  236 1.469328e+00
  237 1.551024e+00
  238 1.563155e+00
  239 1.504896e+00
  240 1.380217e+00
  241 1.197615e+00
  242 9.695343e-01
  243 7.115183e-01
  244 4.411507e-01
  245 1.768568e-01
  246 -6.335207e-02
  247 -2.631058e-01
  248 -4.087913e-01
  249 -4.904804e-01
  250 -5.026058e-01
  251 -4.443412e-01
  252 -3.196571e-01
  253 -1.370504e-01
  254 9.103465e-02
  255 3.490544e-01
  256 6.194253e-01
  257 8.837222e-01
  258 1.123934e+00
  259 1.323689e+00
  260 1.469377e+00
  261 1.551068e+00
  262 1.563194e+00
  263 1.504931e+00
  264 1.380248e+00
  265 1.197642e+00
  266 9.695574e-01
  267 7.115382e-01
  268 4.411676e-01
  269 1.768711e-01
  270 -6.334004e-02
  271 -2.630958e-01
  272 -4.087832e-01
  273 -4.904738e-01
  274 -5.026006e-01
  275 -4.443371e-01
  276 -3.196540e-01
  277 -1.370481e-01
  278 9.103618e-02
  279 3.490554e-01
  280 6.194258e-01
  281 8.837223e-01
  282 1.123933e+00
  283 1.323689e+00
  284 1.469376e+00
  285 1.551067e+00
  286 1.563194e+00
  287 1.504930e+00
  288 1.380247e+00
  289 1.197641e+00
  290 9.695566e-01
  291 7.115374e-01
  292 4.411669e-01
  293 1.768704e-01
  294 -6.334066e-02
  295 -2.630964e-01
  296 -4.087837e-01
  297 -4.904743e-01
  298 -5.026010e-01
  299 -4.443375e-01
  300 -3.196543e-01
