    1     0
    2     0
    3     0
    4     0
    5     0
    6     0
    7 8.150171e-03
    8 2.290507e-02
    9 4.285692e-02
   10 6.672244e-02
   11 9.333207e-02
   12 1.548954e-01
   13 2.394884e-01
   14 3.371105e-01
   15 4.398015e-01
   16 5.414127e-01
   17 6.362590e-01
   18 7.206869e-01
   19 7.926443e-01
   20 8.512985e-01
   21 8.967150e-01
   22 9.296300e-01
   23 9.512031e-01
   24 9.628306e-01
   25 9.660097e-01
   26 9.622412e-01
   27 9.529644e-01
   28 9.395165e-01
   29 9.231107e-01
   30 9.048276e-01
   31 8.856149e-01
   32 8.662932e-01
   33 8.475638e-01
   34 8.300192e-01
   35 8.141525e-01
   36 8.003677e-01
   37 7.889880e-01
   38 7.802639e-01
   39 7.743804e-01
   40 7.714624e-01
   41 7.715804e-01
   42 7.747547e-01
   43 7.809593e-01
   44 7.901261e-01
   45 8.021473e-01
   46 8.168793e-01
   47 8.341456e-01
   48 8.537397e-01
   49 8.754283e-01
   50 8.989547e-01
   51 9.240418e-01
   52 9.503953e-01
   53 9.777078e-01
   54 1.005661e+00
   55 1.033932e+00
   56 1.062194e+00
   57 1.090119e+00
   58 1.117387e+00
   59 1.143684e+00
   60 1.168707e+00
   61 1.192169e+00
   62 1.213799e+00
   63 1.233347e+00
   64 1.250588e+00
   65 1.265322e+00
   66 1.277375e+00
   67 1.286606e+00
   68 1.292905e+00
   69 1.296191e+00
   70 1.296421e+00
   71 1.293583e+00
   72 1.287701e+00
   73 1.278830e+00
   74 1.267062e+00
   75 1.252517e+00
   76 1.235348e+00
   77 1.215737e+00
   78 1.193892e+00
   79 1.170047e+00
   80 1.144459e+00
   81 1.117400e+00
   82 1.089164e+00
   83 1.060054e+00
   84 1.030385e+00
   85 1.000478e+00
   86 9.706548e-01
   87 9.412395e-01
   88 9.125501e-01
   89 8.848973e-01
   90 8.585804e-01
   91 8.338846e-01
   92 8.110770e-01
   93 7.904046e-01
   94 7.720908e-01
   95 7.563336e-01
   96 7.433029e-01
   97 7.331388e-01
   98 7.259504e-01
   99 7.218140e-01
  100 7.207727e-01
  101 7.228359e-01
  102 7.279789e-01
  103 7.361434e-01
  104 7.472380e-01
  105 7.611396e-01
  106 7.776941e-01
  107 7.967184e-01
  108 8.180027e-01
  109 8.413122e-01
  110 8.663902e-01
  111 8.929606e-01
  112 9.207310e-01
  113 9.493959e-01
  114 9.786400e-01
  115 1.008142e+00
  116 1.037577e+00
  117 1.066622e+00
  118 1.094958e+00
  119 1.122274e+00
  120 1.148268e+00
  121 1.172656e+00
  122 1.195170e+00
  123 1.215562e+00
  124 1.233607e+00
  125 1.249109e+00
  126 1.261895e+00
  127 1.271825e+00
  128 1.278791e+00
  129 1.282714e+00
  130 1.283552e+00
  131 1.281294e+00
  132 1.275966e+00
  133 1.267624e+00
  134 1.256360e+00
  135 1.242297e+00
  136 1.225588e+00
  137 1.206416e+00
  138 1.184991e+00
  139 1.161547e+00
  140 1.136341e+00
  141 1.109648e+00
  142 1.081760e+00
  143 1.052983e+00
  144 1.023632e+00
  145 9.940284e-01
  146 9.644956e-01
  147 9.353573e-01
  148 9.069324e-01
  149 8.795322e-01
  150 8.534565e-01
  151 8.289910e-01
  152 8.064034e-01
  153 7.859410e-01
  154 7.678279e-01
  155 7.522622e-01
  156 7.394144e-01
  157 7.294251e-01
  158 7.224035e-01
  159 7.184265e-01
  160 7.175375e-01
  161 7.197460e-01
  162 7.250278e-01
  163 7.333249e-01
  164 7.445463e-01
  165 7.585688e-01
  166 7.752387e-01
  167 7.943734e-01
  168 8.157630e-01
  169 8.391732e-01
  170 8.643472e-01
  171 8.910094e-01
  172 9.188673e-01
  173 9.476159e-01
  174 9.769399e-01
  175 1.006518e+00
  176 1.036026e+00
  177 1.065141e+00
  178 1.093544e+00
  179 1.120922e+00
  180 1.146978e+00
  181 1.171424e+00
  182 1.193993e+00
  183 1.214437e+00
  184 1.232533e+00
  185 1.248082e+00
  186 1.260914e+00
  187 1.270889e+00
  188 1.277896e+00
  189 1.281859e+00
  190 1.282735e+00
  191 1.280514e+00
  192 1.275221e+00
  193 1.266912e+00
  194 1.255680e+00
  195 1.241648e+00
  196 1.224968e+00
  197 1.205825e+00
  198 1.184427e+00
  199 1.161009e+00
  200 1.135828e+00
  201 1.109159e+00
  202 1.081295e+00
  203 1.052542e+00
  204 1.023213e+00
  205 9.936315e-01
  206 9.641204e-01
  207 9.350032e-01
  208 9.065990e-01
  209 8.792191e-01
  210 8.531632e-01
  211 8.287169e-01
  212 8.061479e-01
  213 7.857032e-01
  214 7.676068e-01
  215 7.520566e-01
  216 7.392227e-01
  217 7.292458e-01
  218 7.222351e-01
  219 7.182675e-01
  220 7.173865e-01
  221 7.196020e-01
  222 7.248900e-01
  223 7.331925e-01
  224 7.444190e-01
  225 7.584465e-01
  226 7.751215e-01
  227 7.942614e-01
  228 8.156564e-01
  229 8.390724e-01
  230 8.642526e-01
  231 8.909212e-01
  232 9.187859e-01
  233 9.475414e-01
  234 9.768726e-01
  235 1.006458e+00
  236 1.035973e+00
  237 1.065095e+00
  238 1.093504e+00
  239 1.120890e+00
  240 1.146951e+00
  241 1.171402e+00
  242 1.193976e+00
  243 1.214425e+00
  244 1.232525e+00
  245 1.248077e+00
  246 1.260912e+00
  247 1.270888e+00
  248 1.277896e+00
  249 1.281860e+00
  250 1.282735e+00
  251 1.280513e+00
  252 1.275217e+00
  253 1.266907e+00
  254 1.255671e+00
  255 1.241635e+00
  256 1.224951e+00
  257 1.205803e+00
  258 1.184400e+00
  259 1.160976e+00
  260 1.135789e+00
  261 1.109114e+00
  262 1.081243e+00
  263 1.052483e+00
  264 1.023147e+00
  265 9.935576e-01
  266 9.640389e-01
  267 9.349142e-01
  268 9.065025e-01
  269 8.791152e-01
  270 8.530523e-01
  271 8.285994e-01
  272 8.060244e-01
  273 7.855746e-01
  274 7.674741e-01
  275 7.519212e-01
  276 7.390862e-01
  277 7.291099e-01
  278 7.221015e-01
  279 7.181378e-01
  280 7.172622e-01
  281 7.194844e-01
  282 7.247799e-01
  283 7.330908e-01
  284 7.443260e-01
  285 7.583624e-01
  286 7.750463e-01
  287 7.941948e-01
  288 8.155981e-01
  289 8.390217e-01
  290 8.642091e-01
  291 8.908842e-01
  292 9.187548e-01
  293 9.475155e-01
  294 9.768512e-01
  295 1.006441e+00
  296 1.035959e+00
  297 1.065084e+00
  298 1.093496e+00
  299 1.120883e+00
  300 1.146946e+00
