    1     0
    2     0
    3     0
    4     0
    5     0
    6     0
    7 2.025758e-02
    8 4.818542e-02
    9 7.254306e-02
   10 8.393769e-02
   11 7.523499e-02
   12 7.471511e-02
   13 7.036344e-02
   14 5.467641e-02
   15 2.462196e-02
   16 -1.872900e-02
   17 -7.194735e-02
   18 -1.283461e-01
   19 -1.791709e-01
   20 -2.148186e-01
   21 -2.260029e-01
   22 -2.047580e-01
   23 -1.453263e-01
   24 -4.479864e-02
   25 9.651839e-02
   26 2.750177e-01
   27 4.839800e-01
   28 7.140118e-01
   29 9.536942e-01
   30 1.190388e+00
   31 1.411132e+00
   32 1.603574e+00
   33 1.756860e+00
   34 1.862417e+00
   35 1.914593e+00
   36 1.911077e+00
   37 1.853100e+00
   38 1.745387e+00
   39 1.595864e+00
   40 1.415153e+00
   41 1.215862e+00
   42 1.011759e+00
   43 8.168433e-01
   44 6.444113e-01
   45 5.061636e-01
   46 4.114190e-01
   47 3.664891e-01
   48 3.742570e-01
   49 4.339875e-01
   50 5.413837e-01
   51 6.888844e-01
   52 8.661839e-01
   53 1.060938e+00
   54 1.259608e+00
   55 1.448386e+00
   56 1.614137e+00
   57 1.745298e+00
   58 1.832665e+00
   59 1.870022e+00
   60 1.854567e+00
   61 1.787102e+00
   62 1.671979e+00
   63 1.516804e+00
   64 1.331921e+00
   65 1.129703e+00
   66 9.237146e-01
   67 7.277815e-01
   68 5.550530e-01
   69 4.171041e-01
   70 3.231465e-01
   71 2.794011e-01
   72 2.886740e-01
   73 3.501646e-01
   74 4.595207e-01
   75 6.091345e-01
   76 7.886608e-01
   77 9.857222e-01
   78 1.186752e+00
   79 1.377919e+00
   80 1.546069e+00
   81 1.679624e+00
   82 1.769364e+00
   83 1.809065e+00
   84 1.795915e+00
   85 1.730708e+00
   86 1.617791e+00
   87 1.464768e+00
   88 1.281976e+00
   89 1.081789e+00
   90 8.777680e-01
   91 6.837384e-01
   92 5.128492e-01
   93 3.766754e-01
   94 2.844290e-01
   95 2.423320e-01
   96 2.531911e-01
   97 3.162071e-01
   98 4.270292e-01
   99 5.780509e-01
  100 7.589287e-01
  101 9.572868e-01
  102 1.159560e+00
  103 1.351920e+00
  104 1.521213e+00
  105 1.655861e+00
  106 1.746650e+00
  107 1.787355e+00
  108 1.775165e+00
  109 1.710878e+00
  110 1.598842e+00
  111 1.446660e+00
  112 1.264674e+00
  113 1.065257e+00
  114 8.619726e-01
  115 6.686473e-01
  116 4.984314e-01
  117 3.629012e-01
  118 2.712702e-01
  119 2.297612e-01
  120 2.411824e-01
  121 3.047356e-01
  122 4.160710e-01
  123 5.675833e-01
  124 7.489299e-01
  125 9.477359e-01
  126 1.150437e+00
  127 1.343206e+00
  128 1.512889e+00
  129 1.647911e+00
  130 1.739057e+00
  131 1.780102e+00
  132 1.768238e+00
  133 1.704261e+00
  134 1.592522e+00
  135 1.440624e+00
  136 1.258908e+00
  137 1.059750e+00
  138 8.567126e-01
  139 6.636234e-01
  140 4.936330e-01
  141 3.583181e-01
  142 2.668928e-01
  143 2.255804e-01
  144 2.371892e-01
  145 3.009217e-01
  146 4.124284e-01
  147 5.641042e-01
  148 7.456071e-01
  149 9.445623e-01
  150 1.147406e+00
  151 1.340311e+00
  152 1.510124e+00
  153 1.645270e+00
  154 1.736535e+00
  155 1.777693e+00
  156 1.765937e+00
  157 1.702064e+00
  158 1.590424e+00
  159 1.438620e+00
  160 1.256995e+00
  161 1.057922e+00
  162 8.549669e-01
  163 6.619561e-01
  164 4.920406e-01
  165 3.567974e-01
  166 2.654404e-01
  167 2.241931e-01
  168 2.358643e-01
  169 2.996563e-01
  170 4.112197e-01
  171 5.629497e-01
  172 7.445042e-01
  173 9.435088e-01
  174 1.146400e+00
  175 1.339349e+00
  176 1.509206e+00
  177 1.644393e+00
  178 1.735696e+00
  179 1.776892e+00
  180 1.765172e+00
  181 1.701332e+00
  182 1.589724e+00
  183 1.437951e+00
  184 1.256355e+00
  185 1.057311e+00
  186 8.543827e-01
  187 6.613976e-01
  188 4.915067e-01
  189 3.562871e-01
  190 2.649530e-01
  191 2.237278e-01
  192 2.354203e-01
  193 2.992331e-01
  194 4.108170e-01
  195 5.625671e-01
  196 7.441416e-01
  197 9.431661e-01
  198 1.146077e+00
  199 1.339047e+00
  200 1.508924e+00
  201 1.644131e+00
  202 1.735456e+00
  203 1.776673e+00
  204 1.764974e+00
  205 1.701158e+00
  206 1.589571e+00
  207 1.437821e+00
  208 1.256247e+00
  209 1.057224e+00
  210 8.543153e-01
  211 6.613487e-01
  212 4.914747e-01
  213 3.562700e-01
  214 2.649487e-01
  215 2.237343e-01
  216 2.354355e-01
  217 2.992545e-01
  218 4.108421e-01
  219 5.625932e-01
  220 7.441660e-01
  221 9.431857e-01
  222 1.146089e+00
  223 1.339048e+00
  224 1.508911e+00
  225 1.644102e+00
  226 1.735408e+00
  227 1.776604e+00
  228 1.764883e+00
  229 1.701043e+00
  230 1.589433e+00
  231 1.437660e+00
  232 1.256064e+00
  233 1.057022e+00
  234 8.540974e-01
  235 6.611181e-01
  236 4.912352e-01
  237 3.560256e-01
  238 2.647032e-01
  239 2.234912e-01
  240 2.351979e-01
  241 2.990252e-01
  242 4.106233e-01
  243 5.623867e-01
  244 7.439728e-01
  245 9.430069e-01
  246 1.145925e+00
  247 1.338898e+00
  248 1.508776e+00
  249 1.643981e+00
  250 1.735299e+00
  251 1.776508e+00
  252 1.764799e+00
  253 1.700969e+00
  254 1.589369e+00
  255 1.437604e+00
  256 1.256017e+00
  257 1.056982e+00
  258 8.540636e-01
  259 6.610898e-01
  260 4.912118e-01
  261 3.560064e-01
  262 2.646877e-01
  263 2.234789e-01
  264 2.351884e-01
  265 2.990181e-01
  266 4.106181e-01
  267 5.623833e-01
  268 7.439709e-01
  269 9.430061e-01
  270 1.145925e+00
  271 1.338899e+00
  272 1.508777e+00
  273 1.643983e+00
  274 1.735302e+00
  275 1.776511e+00
  276 1.764802e+00
  277 1.700973e+00
  278 1.589373e+00
  279 1.437608e+00
  280 1.256021e+00
  281 1.056986e+00
  282 8.540675e-01
  283 6.610938e-01
  284 4.912157e-01
  285 3.560103e-01
  286 2.646915e-01
  287 2.234826e-01
  288 2.351920e-01
  289 2.990216e-01
  290 4.106216e-01
  291 5.623866e-01
  292 7.439741e-01
  293 9.430092e-01
  294 1.145928e+00
  295 1.338902e+00
  296 1.508780e+00
  297 1.643986e+00
  298 1.735305e+00
  299 1.776514e+00
  300 1.764805e+00
