    1     0
    2     0
    3     0
    4     0
    5     0
    6     0
    7 8.294433e-01
    8 1.353528e+00
    9 1.640197e+00
   10 1.750739e+00
   11 1.737778e+00
   12 1.586470e+00
   13 1.376213e+00
   14 1.158569e+00
   15 9.636608e-01
   16 8.060104e-01
   17 6.935931e-01
   18 6.229223e-01
   19 5.851701e-01
   20 5.701168e-01
   21 5.684365e-01
   22 5.725024e-01
   23 5.771418e-01
   24 5.795316e-01
   25 5.786887e-01
   26 5.748457e-01
   27 5.688997e-01
   28 5.619493e-01
   29 5.549850e-01
   30 5.487272e-01
   31 5.435828e-01
   32 5.396794e-01
   33 5.369368e-01
   34 5.351511e-01
   35 5.340704e-01
   36 5.334518e-01
   37 5.330938e-01
   38 5.328512e-01
   39 5.326351e-01
   40 5.324030e-01
   41 5.321442e-01
   42 5.318677e-01
   43 5.315912e-01
   44 5.313328e-01
   45 5.311059e-01
   46 5.309173e-01
   47 5.307682e-01
   48 5.306555e-01
   49 5.305739e-01
   50 5.305161e-01
   51 5.304757e-01
   52 5.304466e-01
   53 5.304247e-01
   54 5.304065e-01
   55 5.303907e-01
   56 5.303764e-01
   57 5.303630e-01
   58 5.303503e-01
   59 5.303394e-01
   60 5.303299e-01
   61 5.303221e-01
   62 5.303164e-01
   63 5.303121e-01
   64 5.303092e-01
   65 5.303072e-01
   66 5.303060e-01
   67 5.303049e-01
   68 5.303041e-01
   69 5.303030e-01
   70 5.303019e-01
   71 5.303006e-01
   72 5.302991e-01
   73 5.302978e-01
   74 5.302965e-01
   75 5.302961e-01
   76 5.302956e-01
   77 5.302953e-01
   78 5.302953e-01
   79 5.302957e-01
   80 5.302962e-01
   81 5.302967e-01
   82 5.302968e-01
   83 5.302970e-01
   84 5.302972e-01
   85 5.302973e-01
   86 5.302975e-01
   87 5.302972e-01
   88 5.302969e-01
   89 5.302964e-01
   90 5.302964e-01
   91 5.302961e-01
   92 5.302957e-01
   93 5.302955e-01
   94 5.302957e-01
   95 5.302958e-01
   96 5.302956e-01
   97 5.302956e-01
   98 5.302958e-01
   99 5.302962e-01
  100 5.302965e-01
  101 5.302964e-01
  102 5.302964e-01
  103 5.302966e-01
  104 5.302967e-01
  105 5.302970e-01
  106 5.302970e-01
  107 5.302969e-01
  108 5.302969e-01
  109 5.302968e-01
  110 5.302968e-01
  111 5.302964e-01
  112 5.302961e-01
  113 5.302958e-01
  114 5.302956e-01
  115 5.302956e-01
  116 5.302957e-01
  117 5.302962e-01
  118 5.302965e-01
  119 5.302967e-01
  120 5.302969e-01
  121 5.302971e-01
  122 5.302970e-01
  123 5.302963e-01
  124 5.302959e-01
  125 5.302954e-01
  126 5.302950e-01
  127 5.302947e-01
  128 5.302949e-01
  129 5.302957e-01
  130 5.302966e-01
  131 5.302972e-01
  132 5.302977e-01
  133 5.302977e-01
  134 5.302972e-01
  135 5.302968e-01
  136 5.302962e-01
  137 5.302954e-01
  138 5.302953e-01
  139 5.302954e-01
  140 5.302960e-01
  141 5.302964e-01
  142 5.302968e-01
  143 5.302973e-01
  144 5.302978e-01
  145 5.302975e-01
  146 5.302969e-01
  147 5.302966e-01
  148 5.302962e-01
  149 5.302959e-01
  150 5.302957e-01
  151 5.302954e-01
  152 5.302954e-01
  153 5.302955e-01
  154 5.302956e-01
  155 5.302962e-01
  156 5.302965e-01
  157 5.302970e-01
  158 5.302974e-01
  159 5.302972e-01
  160 5.302970e-01
  161 5.302966e-01
  162 5.302960e-01
  163 5.302955e-01
  164 5.302950e-01
  165 5.302950e-01
  166 5.302955e-01
  167 5.302956e-01
  168 5.302962e-01
  169 5.302966e-01
  170 5.302966e-01
  171 5.302966e-01
  172 5.302966e-01
  173 5.302964e-01
  174 5.302959e-01
  175 5.302958e-01
  176 5.302954e-01
  177 5.302946e-01
  178 5.302935e-01
  179 5.302928e-01
  180 5.302920e-01
  181 5.302913e-01
  182 5.302902e-01
  183 5.302897e-01
  184 5.302898e-01
  185 5.302903e-01
  186 5.302918e-01
  187 5.302942e-01
  188 5.302988e-01
  189 5.303055e-01
  190 5.303142e-01
  191 5.303258e-01
  192 5.303409e-01
  193 5.303594e-01
  194 5.303802e-01
  195 5.304031e-01
  196 5.304266e-01
  197 5.304484e-01
  198 5.304660e-01
  199 5.304785e-01
  200 5.304844e-01
  201 5.304841e-01
  202 5.304686e-01
  203 5.304374e-01
  204 5.303944e-01
  205 5.303452e-01
  206 5.302959e-01
  207 5.302526e-01
  208 5.302200e-01
  209 5.301999e-01
  210 5.301923e-01
  211 5.301953e-01
  212 5.302058e-01
  213 5.302207e-01
  214 5.302368e-01
  215 5.302519e-01
  216 5.302644e-01
  217 5.302738e-01
  218 5.302801e-01
  219 5.302837e-01
  220 5.302854e-01
  221 5.302859e-01
  222 5.302859e-01
  223 5.302859e-01
  224 5.302861e-01
  225 5.302866e-01
  226 5.302874e-01
  227 5.302885e-01
  228 5.302897e-01
  229 5.302909e-01
  230 5.302920e-01
  231 5.302929e-01
  232 5.302937e-01
  233 5.302943e-01
  234 5.302947e-01
  235 5.302949e-01
  236 5.302951e-01
  237 5.302953e-01
  238 5.302954e-01
  239 5.302955e-01
  240 5.302956e-01
  241 5.302957e-01
  242 5.302958e-01
  243 5.302958e-01
  244 5.302959e-01
  245 5.302960e-01
  246 5.302960e-01
  247 5.302961e-01
  248 5.302961e-01
  249 5.302962e-01
  250 5.302962e-01
  251 5.302962e-01
  252 5.302962e-01
  253 5.302962e-01
  254 5.302962e-01
  255 5.302962e-01
  256 5.302963e-01
  257 5.302963e-01
  258 5.302963e-01
  259 5.302963e-01
  260 5.302963e-01
  261 5.302963e-01
  262 5.302963e-01
  263 5.302963e-01
  264 5.302963e-01
  265 5.302963e-01
  266 5.302963e-01
  267 5.302963e-01
  268 5.302963e-01
  269 5.302963e-01
  270 5.302963e-01
  271 5.302963e-01
  272 5.302963e-01
  273 5.302963e-01
  274 5.302963e-01
  275 5.302963e-01
  276 5.302963e-01
  277 5.302963e-01
  278 5.302963e-01
  279 5.302963e-01
  280 5.302963e-01
  281 5.302963e-01
  282 5.302963e-01
  283 5.302963e-01
  284 5.302963e-01
  285 5.302963e-01
  286 5.302963e-01
  287 5.302963e-01
  288 5.302963e-01
  289 5.302963e-01
  290 5.302963e-01
  291 5.302963e-01
  292 5.302963e-01
  293 5.302963e-01
  294 5.302963e-01
  295 5.302963e-01
  296 5.302963e-01
  297 5.302963e-01
  298 5.302963e-01
  299 5.302963e-01
  300 5.302963e-01
