    1     0
    2     0
    3     0
    4     0
    5     0
    6     0
    7 1.333700e-01
    8 2.511434e-01
    9 3.543390e-01
   10 4.439864e-01
   11 5.211133e-01
   12 5.852321e-01
   13 6.377520e-01
   14 6.799899e-01
   15 7.131690e-01
   16 7.384189e-01
   17 7.567945e-01
   18 7.692537e-01
   19 7.766619e-01
   20 7.797980e-01
   21 7.793588e-01
   22 7.759649e-01
   23 7.701661e-01
   24 7.624468e-01
   25 7.532315e-01
   26 7.428897e-01
   27 7.317411e-01
   28 7.200602e-01
   29 7.080808e-01
   30 6.960000e-01
   31 6.839822e-01
   32 6.721628e-01
   33 6.606514e-01
   34 6.495352e-01
   35 6.388813e-01
   36 6.287399e-01
   37 6.191461e-01
   38 6.101224e-01
   39 6.016805e-01
   40 5.938229e-01
   41 5.865448e-01
   42 5.798349e-01
   43 5.736770e-01
   44 5.680512e-01
   45 5.629343e-01
   46 5.583009e-01
   47 5.541243e-01
   48 5.503765e-01
   49 5.470295e-01
   50 5.440550e-01
   51 5.414250e-01
   52 5.391122e-01
   53 5.370903e-01
   54 5.353337e-01
   55 5.338182e-01
   56 5.325206e-01
   57 5.314194e-01
   58 5.304940e-01
   59 5.297255e-01
   60 5.290962e-01
   61 5.285898e-01
   62 5.281913e-01
   63 5.278871e-01
   64 5.276645e-01
   65 5.275123e-01
   66 5.274202e-01
   67 5.273789e-01
   68 5.273803e-01
   69 5.274169e-01
   70 5.274822e-01
   71 5.275706e-01
   72 5.276769e-01
   73 5.277968e-01
   74 5.279264e-01
   75 5.280626e-01
   76 5.282025e-01
   77 5.283438e-01
   78 5.284846e-01
   79 5.286232e-01
   80 5.287582e-01
   81 5.288888e-01
   82 5.290140e-01
   83 5.291332e-01
   84 5.292461e-01
   85 5.293524e-01
   86 5.294518e-01
   87 5.295444e-01
   88 5.296302e-01
   89 5.297094e-01
   90 5.297820e-01
   91 5.298484e-01
   92 5.299089e-01
   93 5.299636e-01
   94 5.300130e-01
   95 5.300573e-01
   96 5.300969e-01
   97 5.301321e-01
   98 5.301633e-01
   99 5.301907e-01
  100 5.302146e-01
  101 5.302355e-01
  102 5.302535e-01
  103 5.302689e-01
  104 5.302820e-01
  105 5.302930e-01
  106 5.303022e-01
  107 5.303097e-01
  108 5.303158e-01
  109 5.303206e-01
  110 5.303243e-01
  111 5.303270e-01
  112 5.303288e-01
  113 5.303300e-01
  114 5.303305e-01
  115 5.303306e-01
  116 5.303302e-01
  117 5.303294e-01
  118 5.303284e-01
  119 5.303272e-01
  120 5.303258e-01
  121 5.303243e-01
  122 5.303227e-01
  123 5.303211e-01
  124 5.303194e-01
  125 5.303178e-01
  126 5.303161e-01
  127 5.303145e-01
  128 5.303130e-01
  129 5.303115e-01
  130 5.303101e-01
  131 5.303087e-01
  132 5.303075e-01
  133 5.303063e-01
  134 5.303052e-01
  135 5.303042e-01
  136 5.303032e-01
  137 5.303023e-01
  138 5.303015e-01
  139 5.303007e-01
  140 5.303000e-01
  141 5.302994e-01
  142 5.302988e-01
  143 5.302983e-01
  144 5.302978e-01
  145 5.302973e-01
  146 5.302969e-01
  147 5.302966e-01
  148 5.302962e-01
  149 5.302959e-01
  150 5.302956e-01
  151 5.302953e-01
  152 5.302950e-01
  153 5.302948e-01
  154 5.302945e-01
  155 5.302943e-01
  156 5.302941e-01
  157 5.302939e-01
  158 5.302937e-01
  159 5.302936e-01
  160 5.302934e-01
  161 5.302933e-01
  162 5.302932e-01
  163 5.302931e-01
  164 5.302930e-01
  165 5.302930e-01
  166 5.302930e-01
  167 5.302930e-01
  168 5.302931e-01
  169 5.302933e-01
  170 5.302935e-01
  171 5.302937e-01
  172 5.302941e-01
  173 5.302945e-01
  174 5.302950e-01
  175 5.302957e-01
  176 5.302964e-01
  177 5.302973e-01
  178 5.302983e-01
  179 5.302994e-01
  180 5.303007e-01
  181 5.303022e-01
  182 5.303038e-01
  183 5.303056e-01
  184 5.303076e-01
  185 5.303099e-01
  186 5.303123e-01
  187 5.303149e-01
  188 5.303177e-01
  189 5.303208e-01
  190 5.303240e-01
  191 5.303275e-01
  192 5.303311e-01
  193 5.303349e-01
  194 5.303389e-01
  195 5.303430e-01
  196 5.303473e-01
  197 5.303516e-01
  198 5.303559e-01
  199 5.303603e-01
  200 5.303646e-01
  201 5.303688e-01
  202 5.303726e-01
  203 5.303757e-01
  204 5.303782e-01
  205 5.303798e-01
  206 5.303805e-01
  207 5.303802e-01
  208 5.303792e-01
  209 5.303772e-01
  210 5.303746e-01
  211 5.303712e-01
  212 5.303674e-01
  213 5.303630e-01
  214 5.303583e-01
  215 5.303533e-01
  216 5.303481e-01
  217 5.303428e-01
  218 5.303375e-01
  219 5.303323e-01
  220 5.303271e-01
  221 5.303222e-01
  222 5.303174e-01
  223 5.303129e-01
  224 5.303086e-01
  225 5.303047e-01
  226 5.303010e-01
  227 5.302977e-01
  228 5.302947e-01
  229 5.302920e-01
  230 5.302896e-01
  231 5.302875e-01
  232 5.302857e-01
  233 5.302842e-01
  234 5.302830e-01
  235 5.302820e-01
  236 5.302812e-01
  237 5.302807e-01
  238 5.302803e-01
  239 5.302802e-01
  240 5.302801e-01
  241 5.302803e-01
  242 5.302805e-01
  243 5.302808e-01
  244 5.302813e-01
  245 5.302818e-01
  246 5.302823e-01
  247 5.302830e-01
  248 5.302836e-01
  249 5.302843e-01
  250 5.302850e-01
  251 5.302857e-01
  252 5.302864e-01
  253 5.302871e-01
  254 5.302878e-01
  255 5.302885e-01
  256 5.302891e-01
  257 5.302897e-01
  258 5.302903e-01
  259 5.302909e-01
  260 5.302915e-01
  261 5.302920e-01
  262 5.302924e-01
  263 5.302929e-01
  264 5.302933e-01
  265 5.302937e-01
  266 5.302941e-01
  267 5.302944e-01
  268 5.302947e-01
  269 5.302949e-01
  270 5.302952e-01
  271 5.302954e-01
  272 5.302956e-01
  273 5.302958e-01
  274 5.302959e-01
  275 5.302961e-01
  276 5.302962e-01
  277 5.302963e-01
  278 5.302964e-01
  279 5.302964e-01
  280 5.302965e-01
  281 5.302965e-01
  282 5.302966e-01
  283 5.302966e-01
  284 5.302966e-01
  285 5.302966e-01
  286 5.302967e-01
  287 5.302967e-01
  288 5.302967e-01
  289 5.302967e-01
  290 5.302966e-01
  291 5.302966e-01
  292 5.302966e-01
  293 5.302966e-01
  294 5.302966e-01
  295 5.302966e-01
  296 5.302966e-01
  297 5.302965e-01
  298 5.302965e-01
  299 5.302965e-01
  300 5.302965e-01
