    1     0
    2     0
    3     0
    4     0
    5     0
    6     0
    7 2.871728e-01
    8 5.192825e-01
    9 7.023814e-01
   10 8.424267e-01
   11 9.451564e-01
   12 1.009034e+00
   13 1.042086e+00
   14 1.051242e+00
   15 1.042393e+00
   16 1.020480e+00
   17 9.897502e-01
   18 9.535692e-01
   19 9.145527e-01
   20 8.746873e-01
   21 8.354392e-01
   22 7.978453e-01
   23 7.626006e-01
   24 7.301323e-01
   25 7.006611e-01
   26 6.742526e-01
   27 6.508588e-01
   28 6.303519e-01
   29 6.125504e-01
   30 5.972406e-01
   31 5.841915e-01
   32 5.731677e-01
   33 5.639375e-01
   34 5.562792e-01
   35 5.499849e-01
   36 5.448636e-01
   37 5.407416e-01
   38 5.374638e-01
   39 5.348926e-01
   40 5.329076e-01
   41 5.314042e-01
   42 5.302926e-01
   43 5.294961e-01
   44 5.289503e-01
   45 5.286011e-01
   46 5.284035e-01
   47 5.283206e-01
   48 5.283226e-01
   49 5.283852e-01
   50 5.284894e-01
   51 5.286202e-01
   52 5.287659e-01
   53 5.289178e-01
   54 5.290695e-01
   55 5.292162e-01
   56 5.293549e-01
   57 5.294835e-01
   58 5.296008e-01
   59 5.297064e-01
   60 5.298004e-01
   61 5.298830e-01
   62 5.299551e-01
   63 5.300173e-01
   64 5.300705e-01
   65 5.301157e-01
   66 5.301537e-01
   67 5.301854e-01
   68 5.302116e-01
   69 5.302329e-01
   70 5.302502e-01
   71 5.302641e-01
   72 5.302749e-01
   73 5.302834e-01
   74 5.302898e-01
   75 5.302946e-01
   76 5.302980e-01
   77 5.303004e-01
   78 5.303020e-01
   79 5.303029e-01
   80 5.303034e-01
   81 5.303035e-01
   82 5.303033e-01
   83 5.303030e-01
   84 5.303026e-01
   85 5.303021e-01
   86 5.303016e-01
   87 5.303010e-01
   88 5.303005e-01
   89 5.303000e-01
   90 5.302995e-01
   91 5.302991e-01
   92 5.302986e-01
   93 5.302982e-01
   94 5.302979e-01
   95 5.302976e-01
   96 5.302973e-01
   97 5.302971e-01
   98 5.302969e-01
   99 5.302968e-01
  100 5.302967e-01
  101 5.302966e-01
  102 5.302965e-01
  103 5.302964e-01
  104 5.302964e-01
  105 5.302964e-01
  106 5.302964e-01
  107 5.302964e-01
  108 5.302964e-01
  109 5.302964e-01
  110 5.302965e-01
  111 5.302965e-01
  112 5.302965e-01
  113 5.302964e-01
  114 5.302964e-01
  115 5.302963e-01
  116 5.302963e-01
  117 5.302963e-01
  118 5.302963e-01
  119 5.302963e-01
  120 5.302963e-01
  121 5.302963e-01
  122 5.302964e-01
  123 5.302963e-01
  124 5.302963e-01
  125 5.302962e-01
  126 5.302962e-01
  127 5.302961e-01
  128 5.302960e-01
  129 5.302961e-01
  130 5.302961e-01
  131 5.302962e-01
  132 5.302963e-01
  133 5.302963e-01
  134 5.302964e-01
  135 5.302964e-01
  136 5.302964e-01
  137 5.302964e-01
  138 5.302964e-01
  139 5.302964e-01
  140 5.302964e-01
  141 5.302964e-01
  142 5.302965e-01
  143 5.302966e-01
  144 5.302966e-01
  145 5.302967e-01
  146 5.302967e-01
  147 5.302967e-01
  148 5.302967e-01
  149 5.302967e-01
  150 5.302966e-01
  151 5.302966e-01
  152 5.302965e-01
  153 5.302964e-01
  154 5.302963e-01
  155 5.302962e-01
  156 5.302961e-01
  157 5.302961e-01
  158 5.302960e-01
  159 5.302959e-01
  160 5.302957e-01
  161 5.302955e-01
  162 5.302953e-01
  163 5.302950e-01
  164 5.302947e-01
  165 5.302944e-01
  166 5.302941e-01
  167 5.302937e-01
  168 5.302934e-01
  169 5.302931e-01
  170 5.302928e-01
  171 5.302925e-01
  172 5.302922e-01
  173 5.302920e-01
  174 5.302919e-01
  175 5.302918e-01
  176 5.302919e-01
  177 5.302921e-01
  178 5.302924e-01
  179 5.302930e-01
  180 5.302938e-01
  181 5.302949e-01
  182 5.302963e-01
  183 5.302981e-01
  184 5.303003e-01
  185 5.303030e-01
  186 5.303061e-01
  187 5.303098e-01
  188 5.303141e-01
  189 5.303191e-01
  190 5.303246e-01
  191 5.303306e-01
  192 5.303374e-01
  193 5.303447e-01
  194 5.303525e-01
  195 5.303606e-01
  196 5.303690e-01
  197 5.303774e-01
  198 5.303857e-01
  199 5.303936e-01
  200 5.304008e-01
  201 5.304074e-01
  202 5.304118e-01
  203 5.304135e-01
  204 5.304121e-01
  205 5.304077e-01
  206 5.304004e-01
  207 5.303907e-01
  208 5.303792e-01
  209 5.303666e-01
  210 5.303533e-01
  211 5.303400e-01
  212 5.303271e-01
  213 5.303150e-01
  214 5.303039e-01
  215 5.302941e-01
  216 5.302856e-01
  217 5.302785e-01
  218 5.302727e-01
  219 5.302683e-01
  220 5.302650e-01
  221 5.302629e-01
  222 5.302617e-01
  223 5.302613e-01
  224 5.302617e-01
  225 5.302626e-01
  226 5.302640e-01
  227 5.302657e-01
  228 5.302677e-01
  229 5.302698e-01
  230 5.302720e-01
  231 5.302743e-01
  232 5.302765e-01
  233 5.302786e-01
  234 5.302806e-01
  235 5.302825e-01
  236 5.302843e-01
  237 5.302860e-01
  238 5.302875e-01
  239 5.302888e-01
  240 5.302900e-01
  241 5.302910e-01
  242 5.302920e-01
  243 5.302928e-01
  244 5.302935e-01
  245 5.302941e-01
  246 5.302946e-01
  247 5.302950e-01
  248 5.302953e-01
  249 5.302956e-01
  250 5.302958e-01
  251 5.302960e-01
  252 5.302962e-01
  253 5.302963e-01
  254 5.302964e-01
  255 5.302964e-01
  256 5.302965e-01
  257 5.302965e-01
  258 5.302965e-01
  259 5.302965e-01
  260 5.302965e-01
  261 5.302965e-01
  262 5.302965e-01
  263 5.302965e-01
  264 5.302965e-01
  265 5.302964e-01
  266 5.302964e-01
  267 5.302964e-01
  268 5.302964e-01
  269 5.302964e-01
  270 5.302964e-01
  271 5.302964e-01
  272 5.302963e-01
  273 5.302963e-01
  274 5.302963e-01
  275 5.302963e-01
  276 5.302963e-01
  277 5.302963e-01
  278 5.302963e-01
  279 5.302963e-01
  280 5.302963e-01
  281 5.302963e-01
  282 5.302963e-01
  283 5.302963e-01
  284 5.302963e-01
  285 5.302963e-01
  286 5.302963e-01
  287 5.302963e-01
  288 5.302963e-01
  289 5.302963e-01
  290 5.302963e-01
  291 5.302963e-01
  292 5.302963e-01
  293 5.302963e-01
  294 5.302963e-01
  295 5.302963e-01
  296 5.302963e-01
  297 5.302963e-01
  298 5.302963e-01
  299 5.302963e-01
  300 5.302963e-01
