    1     0
    2     0
    3     0
    4     0
    5     0
    6 9.029000e-02
    7 1.747561e-01
    8 2.537735e-01
    9 3.276933e-01
   10 3.968439e-01
   11 4.615328e-01
   12 5.220475e-01
   13 5.786571e-01
   14 6.316133e-01
   15 6.811517e-01
   16 7.274926e-01
   17 7.708422e-01
   18 8.113935e-01
   19 8.493268e-01
   20 8.848112e-01
   21 9.180045e-01
   22 9.490545e-01
   23 9.780996e-01
   24 1.005269e+00
   25 1.030684e+00
   26 1.054457e+00
   27 1.076695e+00
   28 1.097497e+00
   29 1.116955e+00
   30 1.135156e+00
   31 1.152182e+00
   32 1.168107e+00
   33 1.183004e+00
   34 1.196938e+00
   35 1.209972e+00
   36 1.222164e+00
   37 1.233568e+00
   38 1.244235e+00
   39 1.254213e+00
   40 1.263546e+00
   41 1.272275e+00
   42 1.280441e+00
   43 1.288079e+00
   44 1.295223e+00
   45 1.301906e+00
   46 1.308156e+00
   47 1.314003e+00
   48 1.319471e+00
   49 1.324586e+00
   50 1.329371e+00
   51 1.333846e+00
   52 1.338032e+00
   53 1.341947e+00
   54 1.345609e+00
   55 1.349035e+00
   56 1.352238e+00
   57 1.355235e+00
   58 1.358038e+00
   59 1.360660e+00
   60 1.363112e+00
   61 1.365406e+00
   62 1.367551e+00
   63 1.369558e+00
   64 1.371434e+00
   65 1.373190e+00
   66 1.374832e+00
   67 1.376368e+00
   68 1.377804e+00
   69 1.379148e+00
   70 1.380404e+00
   71 1.381580e+00
   72 1.382679e+00
   73 1.383707e+00
   74 1.384669e+00
   75 1.385568e+00
   76 1.386410e+00
   77 1.387197e+00
   78 1.387933e+00
   79 1.388621e+00
   80 1.389265e+00
   81 1.389867e+00
   82 1.390431e+00
   83 1.390957e+00
   84 1.391450e+00
   85 1.391911e+00
   86 1.392342e+00
   87 1.392745e+00
   88 1.393123e+00
   89 1.393475e+00
   90 1.393805e+00
   91 1.394114e+00
   92 1.394402e+00
   93 1.394672e+00
   94 1.394925e+00
   95 1.395161e+00
   96 1.395382e+00
   97 1.395588e+00
   98 1.395781e+00
   99 1.395962e+00
  100 1.396131e+00
  101 1.396289e+00
  102 1.396437e+00
  103 1.396575e+00
  104 1.396705e+00
  105 1.396826e+00
  106 1.396939e+00
  107 1.397045e+00
  108 1.397143e+00
  109 1.397236e+00
  110 1.397323e+00
  111 1.397404e+00
  112 1.397479e+00
  113 1.397550e+00
  114 1.397616e+00
  115 1.397678e+00
  116 1.397736e+00
  117 1.397791e+00
  118 1.397841e+00
  119 1.397889e+00
  120 1.397933e+00
  121 1.397974e+00
  122 1.398013e+00
  123 1.398050e+00
  124 1.398084e+00
  125 1.398115e+00
  126 1.398145e+00
  127 1.398173e+00
  128 1.398199e+00
  129 1.398223e+00
  130 1.398246e+00
  131 1.398267e+00
  132 1.398287e+00
  133 1.398305e+00
  134 1.398323e+00
  135 1.398339e+00
  136 1.398354e+00
  137 1.398368e+00
  138 1.398382e+00
  139 1.398394e+00
  140 1.398406e+00
  141 1.398417e+00
  142 1.398427e+00
  143 1.398436e+00
  144 1.398445e+00
  145 1.398454e+00
  146 1.398461e+00
  147 1.398469e+00
  148 1.398476e+00
  149 1.398482e+00
  150 1.398488e+00
  151 1.398493e+00
  152 1.398499e+00
  153 1.398504e+00
  154 1.398508e+00
  155 1.398512e+00
  156 1.398516e+00
  157 1.398520e+00
  158 1.398524e+00
  159 1.398527e+00
  160 1.398530e+00
  161 1.398533e+00
  162 1.398535e+00
  163 1.398538e+00
  164 1.398540e+00
  165 1.398542e+00
  166 1.398544e+00
  167 1.398546e+00
  168 1.398548e+00
  169 1.398550e+00
  170 1.398551e+00
  171 1.398553e+00
  172 1.398554e+00
  173 1.398555e+00
  174 1.398557e+00
  175 1.398558e+00
  176 1.398559e+00
  177 1.398560e+00
  178 1.398561e+00
  179 1.398562e+00
  180 1.398562e+00
  181 1.398563e+00
  182 1.398564e+00
  183 1.398565e+00
  184 1.398565e+00
  185 1.398566e+00
  186 1.398566e+00
  187 1.398567e+00
  188 1.398567e+00
  189 1.398568e+00
  190 1.398568e+00
  191 1.398568e+00
  192 1.398569e+00
  193 1.398569e+00
  194 1.398569e+00
  195 1.398570e+00
  196 1.398570e+00
  197 1.398570e+00
  198 1.398571e+00
  199 1.398571e+00
  200 1.398571e+00
  201 1.398571e+00
  202 1.398571e+00
  203 1.398571e+00
  204 1.398572e+00
  205 1.398572e+00
  206 1.398572e+00
  207 1.398572e+00
  208 1.398572e+00
  209 1.398572e+00
  210 1.398572e+00
  211 1.398573e+00
  212 1.398573e+00
  213 1.398573e+00
  214 1.398573e+00
  215 1.398573e+00
  216 1.398573e+00
  217 1.398573e+00
  218 1.398573e+00
  219 1.398573e+00
  220 1.398573e+00
  221 1.398573e+00
  222 1.398573e+00
  223 1.398573e+00
  224 1.398573e+00
  225 1.398573e+00
  226 1.398573e+00
  227 1.398573e+00
  228 1.398574e+00
  229 1.398574e+00
  230 1.398574e+00
  231 1.398574e+00
  232 1.398574e+00
  233 1.398574e+00
  234 1.398574e+00
  235 1.398574e+00
  236 1.398574e+00
  237 1.398574e+00
  238 1.398574e+00
  239 1.398574e+00
  240 1.398574e+00
  241 1.398574e+00
  242 1.398574e+00
  243 1.398574e+00
  244 1.398574e+00
  245 1.398574e+00
  246 1.398574e+00
  247 1.398574e+00
  248 1.398574e+00
  249 1.398574e+00
  250 1.398574e+00
  251 1.398574e+00
  252 1.398574e+00
  253 1.398574e+00
  254 1.398574e+00
  255 1.398574e+00
  256 1.398574e+00
  257 1.398574e+00
  258 1.398574e+00
  259 1.398574e+00
  260 1.398574e+00
  261 1.398574e+00
  262 1.398574e+00
  263 1.398574e+00
  264 1.398574e+00
  265 1.398574e+00
  266 1.398574e+00
  267 1.398574e+00
  268 1.398574e+00
  269 1.398574e+00
  270 1.398574e+00
  271 1.398574e+00
  272 1.398574e+00
  273 1.398574e+00
  274 1.398574e+00
  275 1.398574e+00
  276 1.398574e+00
  277 1.398574e+00
  278 1.398574e+00
  279 1.398574e+00
  280 1.398574e+00
  281 1.398574e+00
  282 1.398574e+00
  283 1.398574e+00
  284 1.398574e+00
  285 1.398574e+00
  286 1.398574e+00
  287 1.398574e+00
  288 1.398574e+00
  289 1.398574e+00
  290 1.398574e+00
  291 1.398574e+00
  292 1.398574e+00
  293 1.398574e+00
