    1     0
    2     0
    3     0
    4 1.994000e-01
    5 3.626680e-01
    6 4.963596e-01
    7 6.058407e-01
    8 6.955032e-01
    9 7.689419e-01
   10 8.290993e-01
   11 8.783838e-01
   12 9.187667e-01
   13 9.518619e-01
   14 9.789900e-01
   15 1.001232e+00
   16 1.019474e+00
   17 1.034439e+00
   18 1.046720e+00
   19 1.056804e+00
   20 1.065088e+00
   21 1.071896e+00
   22 1.077496e+00
   23 1.082105e+00
   24 1.085902e+00
   25 1.089033e+00
   26 1.091618e+00
   27 1.093755e+00
   28 1.095524e+00
   29 1.096992e+00
   30 1.098211e+00
   31 1.099226e+00
   32 1.100074e+00
   33 1.100783e+00
   34 1.101379e+00
   35 1.101880e+00
   36 1.102304e+00
   37 1.102664e+00
   38 1.102971e+00
   39 1.103234e+00
   40 1.103461e+00
   41 1.103656e+00
   42 1.103827e+00
   43 1.103976e+00
   44 1.104107e+00
   45 1.104223e+00
   46 1.104326e+00
   47 1.104418e+00
   48 1.104501e+00
   49 1.104576e+00
   50 1.104644e+00
   51 1.104706e+00
   52 1.104763e+00
   53 1.104816e+00
   54 1.104864e+00
   55 1.104909e+00
   56 1.104951e+00
   57 1.104990e+00
   58 1.105027e+00
   59 1.105061e+00
   60 1.105093e+00
   61 1.105123e+00
   62 1.105151e+00
   63 1.105178e+00
   64 1.105203e+00
   65 1.105227e+00
   66 1.105250e+00
   67 1.105271e+00
   68 1.105292e+00
   69 1.105311e+00
   70 1.105329e+00
   71 1.105346e+00
   72 1.105363e+00
   73 1.105379e+00
   74 1.105393e+00
   75 1.105407e+00
   76 1.105421e+00
   77 1.105434e+00
   78 1.105446e+00
   79 1.105457e+00
   80 1.105468e+00
   81 1.105478e+00
   82 1.105488e+00
   83 1.105498e+00
   84 1.105507e+00
   85 1.105515e+00
   86 1.105523e+00
   87 1.105531e+00
   88 1.105538e+00
   89 1.105545e+00
   90 1.105552e+00
   91 1.105558e+00
   92 1.105564e+00
   93 1.105570e+00
   94 1.105575e+00
   95 1.105580e+00
   96 1.105585e+00
   97 1.105590e+00
   98 1.105595e+00
   99 1.105599e+00
  100 1.105603e+00
  101 1.105607e+00
  102 1.105610e+00
  103 1.105614e+00
  104 1.105617e+00
  105 1.105620e+00
  106 1.105623e+00
  107 1.105626e+00
  108 1.105629e+00
  109 1.105631e+00
  110 1.105634e+00
  111 1.105636e+00
  112 1.105638e+00
  113 1.105640e+00
  114 1.105642e+00
  115 1.105644e+00
  116 1.105646e+00
  117 1.105648e+00
  118 1.105650e+00
  119 1.105651e+00
  120 1.105653e+00
  121 1.105654e+00
  122 1.105655e+00
  123 1.105657e+00
  124 1.105658e+00
  125 1.105659e+00
  126 1.105660e+00
  127 1.105661e+00
  128 1.105662e+00
  129 1.105663e+00
  130 1.105664e+00
  131 1.105665e+00
  132 1.105666e+00
  133 1.105666e+00
  134 1.105667e+00
  135 1.105668e+00
  136 1.105669e+00
  137 1.105669e+00
  138 1.105670e+00
  139 1.105670e+00
  140 1.105671e+00
  141 1.105672e+00
  142 1.105672e+00
  143 1.105672e+00
  144 1.105673e+00
  145 1.105673e+00
  146 1.105674e+00
  147 1.105674e+00
  148 1.105675e+00
  149 1.105675e+00
  150 1.105675e+00
  151 1.105676e+00
  152 1.105676e+00
  153 1.105676e+00
  154 1.105676e+00
  155 1.105677e+00
  156 1.105677e+00
  157 1.105677e+00
  158 1.105677e+00
  159 1.105678e+00
  160 1.105678e+00
  161 1.105678e+00
  162 1.105678e+00
  163 1.105678e+00
  164 1.105679e+00
  165 1.105679e+00
  166 1.105679e+00
  167 1.105679e+00
  168 1.105679e+00
  169 1.105679e+00
  170 1.105679e+00
  171 1.105679e+00
  172 1.105680e+00
  173 1.105680e+00
  174 1.105680e+00
  175 1.105680e+00
  176 1.105680e+00
  177 1.105680e+00
  178 1.105680e+00
  179 1.105680e+00
  180 1.105680e+00
  181 1.105680e+00
  182 1.105680e+00
  183 1.105681e+00
  184 1.105681e+00
  185 1.105681e+00
  186 1.105681e+00
  187 1.105681e+00
  188 1.105681e+00
  189 1.105681e+00
  190 1.105681e+00
  191 1.105681e+00
  192 1.105681e+00
  193 1.105681e+00
  194 1.105681e+00
  195 1.105681e+00
  196 1.105681e+00
  197 1.105681e+00
  198 1.105681e+00
  199 1.105681e+00
  200 1.105681e+00
  201 1.105681e+00
  202 1.105681e+00
  203 1.105681e+00
  204 1.105681e+00
  205 1.105681e+00
  206 1.105681e+00
  207 1.105681e+00
  208 1.105681e+00
  209 1.105681e+00
  210 1.105681e+00
  211 1.105682e+00
  212 1.105682e+00
  213 1.105682e+00
  214 1.105682e+00
  215 1.105682e+00
  216 1.105682e+00
  217 1.105682e+00
  218 1.105682e+00
  219 1.105682e+00
  220 1.105682e+00
  221 1.105682e+00
  222 1.105682e+00
  223 1.105682e+00
  224 1.105682e+00
  225 1.105682e+00
  226 1.105682e+00
  227 1.105682e+00
  228 1.105682e+00
  229 1.105682e+00
  230 1.105682e+00
  231 1.105682e+00
  232 1.105682e+00
  233 1.105682e+00
  234 1.105682e+00
  235 1.105682e+00
  236 1.105682e+00
  237 1.105682e+00
  238 1.105682e+00
  239 1.105682e+00
  240 1.105682e+00
  241 1.105682e+00
  242 1.105682e+00
  243 1.105682e+00
  244 1.105682e+00
  245 1.105682e+00
  246 1.105682e+00
  247 1.105682e+00
  248 1.105682e+00
  249 1.105682e+00
  250 1.105682e+00
  251 1.105682e+00
  252 1.105682e+00
  253 1.105682e+00
  254 1.105682e+00
  255 1.105682e+00
  256 1.105682e+00
  257 1.105682e+00
  258 1.105682e+00
  259 1.105682e+00
  260 1.105682e+00
  261 1.105682e+00
  262 1.105682e+00
  263 1.105682e+00
  264 1.105682e+00
  265 1.105682e+00
  266 1.105682e+00
  267 1.105682e+00
  268 1.105682e+00
  269 1.105682e+00
  270 1.105682e+00
  271 1.105682e+00
  272 1.105682e+00
  273 1.105682e+00
  274 1.105682e+00
  275 1.105682e+00
  276 1.105682e+00
  277 1.105682e+00
  278 1.105682e+00
  279 1.105682e+00
  280 1.105682e+00
  281 1.105682e+00
  282 1.105682e+00
  283 1.105682e+00
  284 1.105682e+00
  285 1.105682e+00
  286 1.105682e+00
  287 1.105682e+00
  288 1.105682e+00
  289 1.105682e+00
  290 1.105682e+00
  291 1.105682e+00
  292 1.105682e+00
  293 1.105682e+00
