    1     0
    2     0
    3     0
    4     0
    5     0
    6     0
    7 2.172500e-01
    8 4.156184e-01
    9 5.967450e-01
   10 7.621274e-01
   11 9.131332e-01
   12 1.051011e+00
   13 1.176902e+00
   14 1.291846e+00
   15 1.396796e+00
   16 1.492619e+00
   17 1.580108e+00
   18 1.659988e+00
   19 1.732920e+00
   20 1.799507e+00
   21 1.860301e+00
   22 1.915806e+00
   23 1.966481e+00
   24 2.012746e+00
   25 2.054985e+00
   26 2.093547e+00
   27 2.128752e+00
   28 2.160893e+00
   29 2.190235e+00
   30 2.217022e+00
   31 2.241477e+00
   32 2.263801e+00
   33 2.284181e+00
   34 2.302785e+00
   35 2.319769e+00
   36 2.335272e+00
   37 2.349425e+00
   38 2.362344e+00
   39 2.374136e+00
   40 2.384901e+00
   41 2.394727e+00
   42 2.403696e+00
   43 2.411882e+00
   44 2.419355e+00
   45 2.426175e+00
   46 2.432400e+00
   47 2.438082e+00
   48 2.443268e+00
   49 2.448001e+00
   50 2.452321e+00
   51 2.456264e+00
   52 2.459862e+00
   53 2.463145e+00
   54 2.466142e+00
   55 2.468877e+00
   56 2.471372e+00
   57 2.473650e+00
   58 2.475728e+00
   59 2.477624e+00
   60 2.479355e+00
   61 2.480934e+00
   62 2.482375e+00
   63 2.483689e+00
   64 2.484889e+00
   65 2.485983e+00
   66 2.486981e+00
   67 2.487892e+00
   68 2.488723e+00
   69 2.489481e+00
   70 2.490173e+00
   71 2.490804e+00
   72 2.491380e+00
   73 2.491905e+00
   74 2.492383e+00
   75 2.492820e+00
   76 2.493219e+00
   77 2.493582e+00
   78 2.493913e+00
   79 2.494215e+00
   80 2.494491e+00
   81 2.494742e+00
   82 2.494972e+00
   83 2.495181e+00
   84 2.495371e+00
   85 2.495545e+00
   86 2.495703e+00
   87 2.495848e+00
   88 2.495979e+00
   89 2.496099e+00
   90 2.496209e+00
   91 2.496308e+00
   92 2.496399e+00
   93 2.496482e+00
   94 2.496558e+00
   95 2.496626e+00
   96 2.496689e+00
   97 2.496746e+00
   98 2.496798e+00
   99 2.496846e+00
  100 2.496889e+00
  101 2.496928e+00
  102 2.496964e+00
  103 2.496997e+00
  104 2.497027e+00
  105 2.497054e+00
  106 2.497078e+00
  107 2.497101e+00
  108 2.497121e+00
  109 2.497140e+00
  110 2.497157e+00
  111 2.497172e+00
  112 2.497186e+00
  113 2.497199e+00
  114 2.497211e+00
  115 2.497221e+00
  116 2.497231e+00
  117 2.497240e+00
  118 2.497248e+00
  119 2.497255e+00
  120 2.497262e+00
  121 2.497267e+00
  122 2.497273e+00
  123 2.497278e+00
  124 2.497282e+00
  125 2.497286e+00
  126 2.497290e+00
  127 2.497294e+00
  128 2.497297e+00
  129 2.497299e+00
  130 2.497302e+00
  131 2.497304e+00
  132 2.497306e+00
  133 2.497308e+00
  134 2.497310e+00
  135 2.497312e+00
  136 2.497313e+00
  137 2.497314e+00
  138 2.497315e+00
  139 2.497316e+00
  140 2.497317e+00
  141 2.497318e+00
  142 2.497319e+00
  143 2.497320e+00
  144 2.497320e+00
  145 2.497321e+00
  146 2.497321e+00
  147 2.497322e+00
  148 2.497322e+00
  149 2.497323e+00
  150 2.497323e+00
  151 2.497323e+00
  152 2.497324e+00
  153 2.497324e+00
  154 2.497324e+00
  155 2.497324e+00
  156 2.497325e+00
  157 2.497325e+00
  158 2.497325e+00
  159 2.497325e+00
  160 2.497325e+00
  161 2.497325e+00
  162 2.497325e+00
  163 2.497326e+00
  164 2.497326e+00
  165 2.497326e+00
  166 2.497326e+00
  167 2.497326e+00
  168 2.497326e+00
  169 2.497326e+00
  170 2.497326e+00
  171 2.497326e+00
  172 2.497326e+00
  173 2.497326e+00
  174 2.497326e+00
  175 2.497326e+00
  176 2.497326e+00
  177 2.497326e+00
  178 2.497326e+00
  179 2.497326e+00
  180 2.497326e+00
  181 2.497326e+00
  182 2.497326e+00
  183 2.497326e+00
  184 2.497326e+00
  185 2.497326e+00
  186 2.497326e+00
  187 2.497326e+00
  188 2.497326e+00
  189 2.497326e+00
  190 2.497326e+00
  191 2.497326e+00
  192 2.497326e+00
  193 2.497326e+00
  194 2.497326e+00
  195 2.497326e+00
  196 2.497326e+00
  197 2.497326e+00
  198 2.497326e+00
  199 2.497326e+00
  200 2.497326e+00
  201 2.497326e+00
  202 2.497326e+00
  203 2.497326e+00
  204 2.497326e+00
  205 2.497326e+00
  206 2.497326e+00
  207 2.497326e+00
  208 2.497326e+00
  209 2.497326e+00
  210 2.497326e+00
  211 2.497326e+00
  212 2.497326e+00
  213 2.497326e+00
  214 2.497326e+00
  215 2.497326e+00
  216 2.497326e+00
  217 2.497326e+00
  218 2.497326e+00
  219 2.497326e+00
  220 2.497326e+00
  221 2.497326e+00
  222 2.497326e+00
  223 2.497326e+00
  224 2.497326e+00
  225 2.497326e+00
  226 2.497326e+00
  227 2.497326e+00
  228 2.497326e+00
  229 2.497326e+00
  230 2.497326e+00
  231 2.497326e+00
  232 2.497326e+00
  233 2.497326e+00
  234 2.497326e+00
  235 2.497326e+00
  236 2.497326e+00
  237 2.497326e+00
  238 2.497326e+00
  239 2.497326e+00
  240 2.497326e+00
  241 2.497326e+00
  242 2.497326e+00
  243 2.497326e+00
  244 2.497326e+00
  245 2.497326e+00
  246 2.497326e+00
  247 2.497326e+00
  248 2.497326e+00
  249 2.497326e+00
  250 2.497326e+00
  251 2.497326e+00
  252 2.497326e+00
  253 2.497326e+00
  254 2.497326e+00
  255 2.497326e+00
  256 2.497326e+00
  257 2.497326e+00
  258 2.497326e+00
  259 2.497326e+00
  260 2.497326e+00
  261 2.497326e+00
  262 2.497326e+00
  263 2.497326e+00
  264 2.497326e+00
  265 2.497326e+00
  266 2.497326e+00
  267 2.497326e+00
  268 2.497326e+00
  269 2.497326e+00
  270 2.497326e+00
  271 2.497326e+00
  272 2.497326e+00
  273 2.497326e+00
  274 2.497326e+00
  275 2.497326e+00
  276 2.497326e+00
  277 2.497326e+00
  278 2.497326e+00
  279 2.497326e+00
  280 2.497326e+00
  281 2.497326e+00
  282 2.497326e+00
  283 2.497326e+00
  284 2.497326e+00
  285 2.497326e+00
  286 2.497326e+00
  287 2.497326e+00
  288 2.497326e+00
  289 2.497326e+00
  290 2.497326e+00
  291 2.497326e+00
  292 2.497326e+00
  293 2.497326e+00
