    1     0
    2     0
    3     0
    4     0
    5     0
    6     0
    7 9.754100e-02
    8 1.903286e-01
    9 2.785976e-01
   10 3.625709e-01
   11 4.424597e-01
   12 5.184644e-01
   13 5.907754e-01
   14 6.595734e-01
   15 7.250300e-01
   16 7.873084e-01
   17 8.465635e-01
   18 9.029425e-01
   19 9.565857e-01
   20 1.007626e+00
   21 1.056190e+00
   22 1.102398e+00
   23 1.146365e+00
   24 1.188200e+00
   25 1.228005e+00
   26 1.265880e+00
   27 1.301918e+00
   28 1.336209e+00
   29 1.368837e+00
   30 1.399883e+00
   31 1.429424e+00
   32 1.457532e+00
   33 1.484278e+00
   34 1.509726e+00
   35 1.533941e+00
   36 1.556982e+00
   37 1.578906e+00
   38 1.599767e+00
   39 1.619616e+00
   40 1.638503e+00
   41 1.656475e+00
   42 1.673575e+00
   43 1.689846e+00
   44 1.705329e+00
   45 1.720060e+00
   46 1.734078e+00
   47 1.747416e+00
   48 1.760107e+00
   49 1.772183e+00
   50 1.783674e+00
   51 1.794608e+00
   52 1.805011e+00
   53 1.814910e+00
   54 1.824330e+00
   55 1.833292e+00
   56 1.841820e+00
   57 1.849935e+00
   58 1.857656e+00
   59 1.865003e+00
   60 1.871994e+00
   61 1.878646e+00
   62 1.884975e+00
   63 1.890998e+00
   64 1.896728e+00
   65 1.902181e+00
   66 1.907370e+00
   67 1.912307e+00
   68 1.917004e+00
   69 1.921474e+00
   70 1.925727e+00
   71 1.929774e+00
   72 1.933625e+00
   73 1.937289e+00
   74 1.940775e+00
   75 1.944093e+00
   76 1.947249e+00
   77 1.950253e+00
   78 1.953111e+00
   79 1.955830e+00
   80 1.958418e+00
   81 1.960880e+00
   82 1.963222e+00
   83 1.965452e+00
   84 1.967573e+00
   85 1.969591e+00
   86 1.971511e+00
   87 1.973339e+00
   88 1.975078e+00
   89 1.976732e+00
   90 1.978306e+00
   91 1.979804e+00
   92 1.981230e+00
   93 1.982586e+00
   94 1.983876e+00
   95 1.985104e+00
   96 1.986272e+00
   97 1.987384e+00
   98 1.988442e+00
   99 1.989449e+00
  100 1.990406e+00
  101 1.991318e+00
  102 1.992185e+00
  103 1.993010e+00
  104 1.993795e+00
  105 1.994542e+00
  106 1.995253e+00
  107 1.995929e+00
  108 1.996573e+00
  109 1.997185e+00
  110 1.997768e+00
  111 1.998322e+00
  112 1.998850e+00
  113 1.999352e+00
  114 1.999830e+00
  115 2.000284e+00
  116 2.000716e+00
  117 2.001128e+00
  118 2.001520e+00
  119 2.001892e+00
  120 2.002247e+00
  121 2.002584e+00
  122 2.002905e+00
  123 2.003210e+00
  124 2.003501e+00
  125 2.003777e+00
  126 2.004040e+00
  127 2.004291e+00
  128 2.004529e+00
  129 2.004756e+00
  130 2.004971e+00
  131 2.005177e+00
  132 2.005372e+00
  133 2.005558e+00
  134 2.005734e+00
  135 2.005903e+00
  136 2.006063e+00
  137 2.006215e+00
  138 2.006360e+00
  139 2.006498e+00
  140 2.006629e+00
  141 2.006754e+00
  142 2.006873e+00
  143 2.006986e+00
  144 2.007093e+00
  145 2.007196e+00
  146 2.007293e+00
  147 2.007386e+00
  148 2.007474e+00
  149 2.007558e+00
  150 2.007638e+00
  151 2.007714e+00
  152 2.007786e+00
  153 2.007855e+00
  154 2.007920e+00
  155 2.007982e+00
  156 2.008042e+00
  157 2.008098e+00
  158 2.008152e+00
  159 2.008203e+00
  160 2.008251e+00
  161 2.008298e+00
  162 2.008341e+00
  163 2.008383e+00
  164 2.008423e+00
  165 2.008461e+00
  166 2.008497e+00
  167 2.008531e+00
  168 2.008564e+00
  169 2.008595e+00
  170 2.008625e+00
  171 2.008653e+00
  172 2.008679e+00
  173 2.008705e+00
  174 2.008729e+00
  175 2.008752e+00
  176 2.008774e+00
  177 2.008795e+00
  178 2.008815e+00
  179 2.008834e+00
  180 2.008852e+00
  181 2.008869e+00
  182 2.008885e+00
  183 2.008901e+00
  184 2.008915e+00
  185 2.008929e+00
  186 2.008943e+00
  187 2.008955e+00
  188 2.008967e+00
  189 2.008979e+00
  190 2.008990e+00
  191 2.009000e+00
  192 2.009010e+00
  193 2.009020e+00
  194 2.009029e+00
  195 2.009037e+00
  196 2.009045e+00
  197 2.009053e+00
  198 2.009060e+00
  199 2.009067e+00
  200 2.009074e+00
  201 2.009080e+00
  202 2.009086e+00
  203 2.009092e+00
  204 2.009097e+00
  205 2.009103e+00
  206 2.009108e+00
  207 2.009112e+00
  208 2.009117e+00
  209 2.009121e+00
  210 2.009125e+00
  211 2.009129e+00
  212 2.009133e+00
  213 2.009136e+00
  214 2.009139e+00
  215 2.009143e+00
  216 2.009146e+00
  217 2.009148e+00
  218 2.009151e+00
  219 2.009154e+00
  220 2.009156e+00
  221 2.009159e+00
  222 2.009161e+00
  223 2.009163e+00
  224 2.009165e+00
  225 2.009167e+00
  226 2.009169e+00
  227 2.009170e+00
  228 2.009172e+00
  229 2.009174e+00
  230 2.009175e+00
  231 2.009177e+00
  232 2.009178e+00
  233 2.009179e+00
  234 2.009180e+00
  235 2.009182e+00
  236 2.009183e+00
  237 2.009184e+00
  238 2.009185e+00
  239 2.009186e+00
  240 2.009187e+00
  241 2.009188e+00
  242 2.009188e+00
  243 2.009189e+00
  244 2.009190e+00
  245 2.009191e+00
  246 2.009191e+00
  247 2.009192e+00
  248 2.009193e+00
  249 2.009193e+00
  250 2.009194e+00
  251 2.009194e+00
  252 2.009195e+00
  253 2.009195e+00
  254 2.009196e+00
  255 2.009196e+00
  256 2.009196e+00
  257 2.009197e+00
  258 2.009197e+00
  259 2.009198e+00
  260 2.009198e+00
  261 2.009198e+00
  262 2.009199e+00
  263 2.009199e+00
  264 2.009199e+00
  265 2.009199e+00
  266 2.009200e+00
  267 2.009200e+00
  268 2.009200e+00
  269 2.009200e+00
  270 2.009201e+00
  271 2.009201e+00
  272 2.009201e+00
  273 2.009201e+00
  274 2.009201e+00
  275 2.009201e+00
  276 2.009202e+00
  277 2.009202e+00
  278 2.009202e+00
  279 2.009202e+00
  280 2.009202e+00
  281 2.009202e+00
  282 2.009202e+00
  283 2.009202e+00
  284 2.009203e+00
  285 2.009203e+00
  286 2.009203e+00
  287 2.009203e+00
  288 2.009203e+00
  289 2.009203e+00
  290 2.009203e+00
  291 2.009203e+00
  292 2.009203e+00
  293 2.009203e+00
