    1     0
    2     0
    3     0
    4     0
    5     0
    6 8.443000e-02
    7 1.651042e-01
    8 2.421865e-01
    9 3.158340e-01
   10 3.861972e-01
   11 4.534206e-01
   12 5.176423e-01
   13 5.789949e-01
   14 6.376051e-01
   15 6.935943e-01
   16 7.470787e-01
   17 7.981695e-01
   18 8.469730e-01
   19 8.935908e-01
   20 9.381204e-01
   21 9.806547e-01
   22 1.021283e+00
   23 1.060090e+00
   24 1.097156e+00
   25 1.132561e+00
   26 1.166378e+00
   27 1.198678e+00
   28 1.229528e+00
   29 1.258995e+00
   30 1.287139e+00
   31 1.314020e+00
   32 1.339695e+00
   33 1.364218e+00
   34 1.387639e+00
   35 1.410009e+00
   36 1.431375e+00
   37 1.451782e+00
   38 1.471273e+00
   39 1.489888e+00
   40 1.507667e+00
   41 1.524648e+00
   42 1.540867e+00
   43 1.556357e+00
   44 1.571152e+00
   45 1.585282e+00
   46 1.598778e+00
   47 1.611667e+00
   48 1.623978e+00
   49 1.635736e+00
   50 1.646965e+00
   51 1.657690e+00
   52 1.667934e+00
   53 1.677717e+00
   54 1.687061e+00
   55 1.695986e+00
   56 1.704509e+00
   57 1.712650e+00
   58 1.720425e+00
   59 1.727851e+00
   60 1.734943e+00
   61 1.741717e+00
   62 1.748186e+00
   63 1.754365e+00
   64 1.760266e+00
   65 1.765902e+00
   66 1.771285e+00
   67 1.776426e+00
   68 1.781337e+00
   69 1.786026e+00
   70 1.790505e+00
   71 1.794783e+00
   72 1.798869e+00
   73 1.802771e+00
   74 1.806498e+00
   75 1.810057e+00
   76 1.813457e+00
   77 1.816704e+00
   78 1.819805e+00
   79 1.822767e+00
   80 1.825595e+00
   81 1.828297e+00
   82 1.830877e+00
   83 1.833342e+00
   84 1.835695e+00
   85 1.837943e+00
   86 1.840090e+00
   87 1.842141e+00
   88 1.844099e+00
   89 1.845969e+00
   90 1.847756e+00
   91 1.849462e+00
   92 1.851092e+00
   93 1.852648e+00
   94 1.854134e+00
   95 1.855554e+00
   96 1.856910e+00
   97 1.858205e+00
   98 1.859442e+00
   99 1.860623e+00
  100 1.861751e+00
  101 1.862829e+00
  102 1.863858e+00
  103 1.864841e+00
  104 1.865779e+00
  105 1.866676e+00
  106 1.867532e+00
  107 1.868350e+00
  108 1.869131e+00
  109 1.869877e+00
  110 1.870590e+00
  111 1.871270e+00
  112 1.871920e+00
  113 1.872541e+00
  114 1.873134e+00
  115 1.873700e+00
  116 1.874240e+00
  117 1.874757e+00
  118 1.875250e+00
  119 1.875721e+00
  120 1.876171e+00
  121 1.876601e+00
  122 1.877012e+00
  123 1.877404e+00
  124 1.877778e+00
  125 1.878136e+00
  126 1.878477e+00
  127 1.878803e+00
  128 1.879115e+00
  129 1.879412e+00
  130 1.879696e+00
  131 1.879968e+00
  132 1.880227e+00
  133 1.880475e+00
  134 1.880711e+00
  135 1.880937e+00
  136 1.881153e+00
  137 1.881359e+00
  138 1.881555e+00
  139 1.881743e+00
  140 1.881923e+00
  141 1.882094e+00
  142 1.882258e+00
  143 1.882414e+00
  144 1.882563e+00
  145 1.882706e+00
  146 1.882842e+00
  147 1.882972e+00
  148 1.883097e+00
  149 1.883215e+00
  150 1.883329e+00
  151 1.883437e+00
  152 1.883540e+00
  153 1.883639e+00
  154 1.883733e+00
  155 1.883823e+00
  156 1.883909e+00
  157 1.883991e+00
  158 1.884070e+00
  159 1.884145e+00
  160 1.884216e+00
  161 1.884285e+00
  162 1.884350e+00
  163 1.884412e+00
  164 1.884472e+00
  165 1.884529e+00
  166 1.884583e+00
  167 1.884635e+00
  168 1.884685e+00
  169 1.884732e+00
  170 1.884777e+00
  171 1.884820e+00
  172 1.884862e+00
  173 1.884901e+00
  174 1.884939e+00
  175 1.884974e+00
  176 1.885009e+00
  177 1.885042e+00
  178 1.885073e+00
  179 1.885103e+00
  180 1.885131e+00
  181 1.885159e+00
  182 1.885185e+00
  183 1.885209e+00
  184 1.885233e+00
  185 1.885256e+00
  186 1.885278e+00
  187 1.885298e+00
  188 1.885318e+00
  189 1.885337e+00
  190 1.885355e+00
  191 1.885372e+00
  192 1.885389e+00
  193 1.885404e+00
  194 1.885419e+00
