    1     0
    2     0
    3     0
    4     0
    5     0
    6     0
    7     0
    8     0
    9     0
   10     0
   11 5.768715e-01
   12 6.400353e-01
   13 8.226967e-01
   14 8.414822e-01
   15 8.884552e-01
   16 8.878749e-01
   17 8.964099e-01
   18 8.930285e-01
   19 8.937877e-01
   20 8.923638e-01
   21 8.929479e-01
   22 8.933932e-01
   23 8.946234e-01
   24 8.958351e-01
   25 8.971709e-01
   26 8.983371e-01
   27 8.993515e-01
   28 9.001331e-01
   29 9.007102e-01
   30 9.010861e-01
   31 9.012995e-01
   32 9.013801e-01
   33 9.013642e-01
   34 9.012816e-01
   35 9.011588e-01
   36 9.010147e-01
   37 9.008655e-01
   38 9.007216e-01
   39 9.005880e-01
   40 9.004709e-01
   41 9.003699e-01
   42 9.002866e-01
   43 9.002172e-01
   44 9.001636e-01
   45 9.001200e-01
   46 9.000879e-01
   47 9.000626e-01
   48 9.000452e-01
   49 9.000323e-01
   50 9.000225e-01
   51 9.000165e-01
   52 9.000115e-01
   53 9.000091e-01
   54 9.000061e-01
   55 9.000057e-01
   56 9.000038e-01
   57 9.000030e-01
   58 9.000030e-01
   59 9.000022e-01
   60 9.000025e-01
   61 9.000013e-01
   62 9.000020e-01
   63 9.000013e-01
   64 9.000007e-01
   65 9.000012e-01
   66 9.000013e-01
   67 9.000011e-01
   68 9.000010e-01
   69 9.000001e-01
   70 9.000008e-01
   71 9.000003e-01
   72 9.000002e-01
   73 9.000001e-01
   74 9.000007e-01
   75 9.000004e-01
   76 9.000005e-01
   77 9.000001e-01
   78 9.000004e-01
   79 8.999998e-01
   80 8.999998e-01
   81 9.000001e-01
   82 9.000003e-01
   83 9.000001e-01
   84 9.000001e-01
   85 9.000000e-01
   86 9.000003e-01
   87 8.999994e-01
   88 9.000003e-01
   89 8.999998e-01
   90 9.000003e-01
   91 8.999999e-01
   92 9.000006e-01
   93 9.000003e-01
   94 8.999999e-01
   95 8.999999e-01
   96 8.999998e-01
   97 9.000003e-01
   98 8.999999e-01
   99 9.000007e-01
  100 8.999999e-01
  101 9.000000e-01
  102 8.999997e-01
  103 9.000002e-01
  104 8.999999e-01
  105 9.000003e-01
  106 9.000001e-01
  107 8.999998e-01
  108 9.000002e-01
  109 8.999999e-01
  110 9.000002e-01
  111 8.999997e-01
  112 8.999996e-01
  113 9.000000e-01
  114 9.000003e-01
  115 9.000002e-01
  116 9.000007e-01
  117 8.999996e-01
  118 9.000001e-01
  119 9.000001e-01
  120 9.000002e-01
  121 8.665632e-01
  122 8.673336e-01
  123 8.626259e-01
  124 8.686317e-01
  125 8.727643e-01
  126 8.791358e-01
  127 8.840321e-01
  128 8.886687e-01
  129 8.921099e-01
  130 8.948470e-01
  131 8.967583e-01
  132 8.981119e-01
  133 8.989786e-01
  134 8.995199e-01
  135 8.998175e-01
  136 8.999624e-01
  137 9.000093e-01
  138 9.000033e-01
  139 8.999713e-01
  140 8.999329e-01
  141 8.998975e-01
  142 8.998708e-01
  143 8.998556e-01
  144 8.998488e-01
  145 8.998513e-01
  146 8.998590e-01
  147 8.998708e-01
  148 8.998858e-01
  149 8.999009e-01
  150 8.999171e-01
  151 8.999309e-01
  152 8.999442e-01
  153 8.999551e-01
  154 8.999648e-01
  155 8.999731e-01
  156 8.999799e-01
  157 8.999852e-01
  158 8.999887e-01
  159 8.999922e-01
  160 8.999937e-01
  161 8.999960e-01
  162 8.999965e-01
  163 8.999982e-01
  164 8.999982e-01
  165 8.999996e-01
  166 8.999989e-01
  167 8.999997e-01
  168 8.999999e-01
  169 8.999996e-01
  170 8.999995e-01
  171 8.999996e-01
  172 9.000005e-01
  173 9.000000e-01
  174 9.000002e-01
  175 8.999995e-01
  176 8.999995e-01
  177 8.999996e-01
  178 9.000004e-01
  179 9.000000e-01
  180 9.000004e-01
  181 9.000002e-01
  182 9.000002e-01
  183 9.000001e-01
  184 8.999999e-01
  185 8.999999e-01
  186 9.000000e-01
  187 9.000001e-01
  188 8.999999e-01
  189 8.999997e-01
  190 8.999998e-01
  191 9.000004e-01
  192 8.999999e-01
  193 9.000002e-01
  194 8.999996e-01
  195 8.999996e-01
  196 8.999993e-01
  197 8.999991e-01
  198 8.999988e-01
  199 8.999988e-01
  200 8.999991e-01
  201 8.845403e-01
  202 8.954578e-01
  203 8.953727e-01
  204 9.000872e-01
  205 9.004865e-01
  206 9.017328e-01
  207 9.015397e-01
  208 9.015330e-01
  209 9.011400e-01
  210 9.008612e-01
  211 9.005369e-01
  212 9.002987e-01
  213 9.001041e-01
  214 8.999791e-01
  215 8.999001e-01
  216 8.998633e-01
  217 8.998532e-01
  218 8.998619e-01
  219 8.998805e-01
  220 8.999038e-01
  221 8.764821e-01
  222 8.636207e-01
  223 8.480920e-01
  224 8.378131e-01
  225 8.282874e-01
  226 8.214058e-01
  227 8.156554e-01
  228 8.113984e-01
  229 8.080569e-01
  230 8.056090e-01
  231 8.037842e-01
  232 8.024882e-01
  233 8.015722e-01
  234 8.009525e-01
  235 8.005424e-01
  236 8.002849e-01
  237 8.001308e-01
  238 8.000466e-01
  239 8.000063e-01
  240 7.999926e-01
  241 9.003042e-01
  242 8.979994e-01
  243 9.121329e-01
  244 8.941208e-01
  245 8.817323e-01
  246 8.626199e-01
  247 8.479335e-01
  248 8.340227e-01
  249 8.236998e-01
  250 8.154853e-01
  251 8.097484e-01
  252 8.056838e-01
  253 8.030785e-01
  254 8.014526e-01
  255 8.005571e-01
  256 8.001202e-01
  257 7.999787e-01
  258 7.999955e-01
  259 8.000898e-01
  260 8.002039e-01
  261 8.003083e-01
  262 8.003867e-01
  263 8.004345e-01
  264 8.004532e-01
  265 8.004475e-01
  266 8.004232e-01
  267 8.003864e-01
  268 8.003426e-01
  269 8.002958e-01
  270 8.002497e-01
  271 8.002064e-01
  272 8.001675e-01
  273 8.001333e-01
  274 8.001046e-01
  275 8.000803e-01
  276 8.000609e-01
  277 8.000453e-01
  278 8.000333e-01
  279 8.000242e-01
  280 8.000172e-01
  281 8.000123e-01
  282 8.000084e-01
  283 8.000059e-01
  284 8.000039e-01
  285 8.000029e-01
  286 8.000019e-01
  287 8.000013e-01
  288 8.000009e-01
  289 8.000006e-01
  290 8.000004e-01
  291 8.000001e-01
  292 8.000002e-01
  293 7.999999e-01
  294 7.999998e-01
  295 7.999999e-01
  296 7.999999e-01
  297 7.999999e-01
  298 7.999999e-01
  299 7.999998e-01
  300 8.000000e-01
  301 7.999999e-01
  302 7.999998e-01
  303 7.999998e-01
  304 8.000001e-01
  305 8.000002e-01
  306 8.000003e-01
  307 8.000003e-01
  308 8.000003e-01
  309 8.000001e-01
  310 8.000001e-01
  311 8.000000e-01
  312 7.999999e-01
  313 7.999995e-01
  314 7.999993e-01
  315 7.999990e-01
  316 7.999991e-01
  317 7.999994e-01
  318 8.000005e-01
  319 8.000012e-01
  320 8.000014e-01
  321 8.000013e-01
  322 8.000028e-01
  323 8.000037e-01
  324 8.000045e-01
  325 8.000047e-01
  326 8.000046e-01
  327 8.000042e-01
  328 8.000035e-01
  329 8.000031e-01
  330 8.000023e-01
  331 8.000018e-01
  332 8.000013e-01
  333 8.000010e-01
  334 8.000008e-01
  335 8.000007e-01
  336 8.000006e-01
  337 8.000004e-01
  338 8.000005e-01
  339 8.000005e-01
  340 8.000006e-01
  341 8.000006e-01
  342 8.000005e-01
  343 8.000007e-01
  344 8.000008e-01
  345 8.000008e-01
  346 8.000009e-01
  347 8.000007e-01
  348 8.000007e-01
  349 8.000007e-01
  350 8.000007e-01
  351 8.000007e-01
  352 8.000007e-01
  353 8.000007e-01
  354 8.000005e-01
  355 8.000006e-01
  356 8.000004e-01
  357 8.000004e-01
  358 8.000004e-01
  359 8.000005e-01
  360 8.000005e-01
  361 7.665635e-01
  362 7.673342e-01
  363 7.626260e-01
  364 7.686328e-01
  365 7.727644e-01
  366 7.791365e-01
  367 7.840326e-01
  368 7.886695e-01
  369 7.921100e-01
  370 7.948472e-01
  371 7.967584e-01
  372 7.981120e-01
  373 7.989795e-01
  374 7.995204e-01
  375 7.998182e-01
  376 7.999630e-01
  377 8.000095e-01
  378 8.000034e-01
  379 7.999715e-01
  380 7.999331e-01
  381 7.998980e-01
  382 7.998717e-01
  383 7.998555e-01
  384 7.998490e-01
  385 7.998509e-01
  386 7.998591e-01
  387 7.998713e-01
  388 7.998858e-01
  389 7.999015e-01
  390 7.999167e-01
  391 7.999313e-01
  392 7.999442e-01
  393 7.999558e-01
  394 7.999655e-01
  395 7.999738e-01
  396 7.999801e-01
  397 7.999852e-01
  398 7.999888e-01
  399 7.999914e-01
  400 7.999937e-01
  401 8.185465e-01
  402 8.054477e-01
  403 8.055515e-01
  404 7.998956e-01
  405 7.994171e-01
  406 7.979211e-01
  407 7.981498e-01
  408 7.981532e-01
  409 7.986215e-01
  410 7.989590e-01
  411 7.993503e-01
  412 7.996293e-01
  413 7.998594e-01
  414 8.000067e-01
  415 8.001026e-01
  416 8.001493e-01
  417 8.001654e-01
  418 8.001584e-01
  419 8.001393e-01
  420 8.001139e-01
  421 8.000876e-01
  422 8.000621e-01
  423 8.000400e-01
  424 8.000216e-01
  425 8.000076e-01
  426 7.999973e-01
  427 7.999905e-01
  428 7.999863e-01
  429 7.999844e-01
  430 7.999842e-01
  431 7.999851e-01
  432 7.999871e-01
  433 7.999895e-01
  434 7.999921e-01
  435 7.999943e-01
  436 7.999957e-01
  437 7.999955e-01
  438 7.999937e-01
  439 7.999922e-01
  440 7.999930e-01
  441 8.703303e-01
  442 9.089764e-01
  443 9.556157e-01
  444 9.864945e-01
  445 1.015105e+00
  446 1.035774e+00
  447 1.053042e+00
  448 1.065823e+00
  449 1.075854e+00
  450 1.083200e+00
  451 1.088674e+00
  452 1.092560e+00
  453 1.095305e+00
  454 1.097160e+00
  455 1.098387e+00
  456 1.099156e+00
  457 1.099616e+00
  458 1.099865e+00
  459 1.099984e+00
  460 1.100023e+00
  461 1.100020e+00
  462 1.099997e+00
  463 1.099969e+00
  464 1.099943e+00
  465 1.099924e+00
  466 1.099912e+00
  467 1.099907e+00
  468 1.099907e+00
  469 1.099912e+00
  470 1.099920e+00
  471 1.099929e+00
  472 1.099939e+00
  473 1.099949e+00
  474 1.099958e+00
  475 1.099966e+00
  476 1.099973e+00
  477 1.099979e+00
  478 1.099984e+00
  479 1.099988e+00
  480 1.099991e+00
  481 1.099993e+00
  482 1.099995e+00
  483 1.099996e+00
  484 1.099997e+00
  485 1.099997e+00
  486 1.099998e+00
  487 1.099998e+00
  488 1.099998e+00
  489 1.099998e+00
  490 1.099999e+00
  491 1.099999e+00
  492 1.099999e+00
  493 1.099999e+00
  494 1.099999e+00
  495 1.099999e+00
  496 1.099999e+00
  497 1.099999e+00
  498 1.099999e+00
  499 1.099999e+00
  500 1.099999e+00
  501 1.099999e+00
  502 1.099999e+00
  503 1.099999e+00
  504 1.099999e+00
  505 1.099999e+00
  506 1.099999e+00
  507 1.099999e+00
  508 1.099999e+00
  509 1.099999e+00
  510 1.099999e+00
  511 1.099999e+00
  512 1.099999e+00
  513 1.099999e+00
  514 1.099999e+00
  515 1.099999e+00
  516 1.099999e+00
  517 1.099999e+00
  518 1.099999e+00
  519 1.099999e+00
  520 1.099999e+00
  521 1.099999e+00
  522 1.099999e+00
  523 1.099999e+00
  524 1.099999e+00
  525 1.099999e+00
  526 1.099999e+00
  527 1.099999e+00
  528 1.099999e+00
  529 1.099999e+00
  530 1.099999e+00
  531 1.099999e+00
  532 1.099999e+00
  533 1.099999e+00
  534 1.099999e+00
  535 1.099999e+00
  536 1.099999e+00
  537 1.099999e+00
  538 1.099999e+00
  539 1.099999e+00
  540 1.099999e+00
  541 1.099999e+00
  542 1.099999e+00
  543 1.099999e+00
  544 1.100000e+00
  545 1.100000e+00
  546 1.100000e+00
  547 1.100000e+00
  548 1.100000e+00
  549 1.100000e+00
  550 1.100000e+00
  551 1.100000e+00
  552 1.099999e+00
  553 1.099999e+00
  554 1.099999e+00
  555 1.099999e+00
  556 1.099999e+00
  557 1.099999e+00
  558 1.100000e+00
  559 1.100001e+00
  560 1.100001e+00
  561 1.100001e+00
  562 1.100002e+00
  563 1.100003e+00
  564 1.100004e+00
  565 1.100004e+00
  566 1.100004e+00
  567 1.100004e+00
  568 1.100003e+00
  569 1.100003e+00
  570 1.100002e+00
  571 1.100001e+00
  572 1.100001e+00
  573 1.100001e+00
  574 1.100001e+00
  575 1.100000e+00
  576 1.100000e+00
  577 1.100000e+00
  578 1.100000e+00
  579 1.100000e+00
  580 1.100000e+00
  581 1.100000e+00
  582 1.100000e+00
  583 1.100000e+00
  584 1.100001e+00
  585 1.100001e+00
  586 1.100001e+00
  587 1.100001e+00
  588 1.100001e+00
  589 1.100001e+00
  590 1.100001e+00
  591 1.100001e+00
  592 1.100000e+00
  593 1.100000e+00
  594 1.100000e+00
  595 1.100000e+00
  596 1.100000e+00
  597 1.100000e+00
  598 1.100001e+00
  599 1.100001e+00
  600 1.100001e+00
  601 1.087634e+00
  602 1.096367e+00
  603 1.096299e+00
  604 1.100070e+00
  605 1.100389e+00
  606 1.101387e+00
  607 1.101235e+00
  608 1.101232e+00
  609 1.100920e+00
  610 1.100695e+00
  611 1.100434e+00
  612 1.100248e+00
  613 1.100095e+00
  614 1.099997e+00
  615 1.099933e+00
  616 1.099901e+00
  617 1.099891e+00
  618 1.099895e+00
  619 1.099908e+00
  620 1.099924e+00
  621 1.099942e+00
  622 1.099959e+00
  623 1.099973e+00
  624 1.099985e+00
  625 1.099994e+00
  626 1.100001e+00
  627 1.100005e+00
  628 1.100008e+00
  629 1.100010e+00
  630 1.100010e+00
  631 1.100010e+00
  632 1.100009e+00
  633 1.100007e+00
  634 1.100006e+00
  635 1.100005e+00
  636 1.100004e+00
  637 1.100003e+00
  638 1.100003e+00
  639 1.100004e+00
  640 1.100004e+00
  641 1.100004e+00
  642 1.100005e+00
  643 1.100006e+00
  644 1.100007e+00
  645 1.100007e+00
  646 1.100007e+00
  647 1.100007e+00
  648 1.100006e+00
  649 1.100006e+00
  650 1.100005e+00
  651 1.100004e+00
  652 1.100003e+00
  653 1.100003e+00
  654 1.100002e+00
  655 1.100002e+00
  656 1.100002e+00
  657 1.100002e+00
  658 1.100002e+00
  659 1.100001e+00
  660 1.100001e+00
  661 1.076556e+00
  662 1.063673e+00
  663 1.048125e+00
  664 1.037832e+00
  665 1.028295e+00
  666 1.021405e+00
  667 1.015650e+00
  668 1.011390e+00
  669 1.008047e+00
  670 1.005599e+00
  671 1.003775e+00
  672 1.002480e+00
  673 1.001565e+00
  674 1.000947e+00
  675 1.000538e+00
  676 1.000282e+00
  677 1.000129e+00
  678 1.000045e+00
  679 1.000006e+00
  680 9.999924e-01
  681 9.999935e-01
  682 1.000001e+00
  683 1.000011e+00
  684 1.000019e+00
  685 1.000026e+00
  686 1.000030e+00
  687 1.000031e+00
  688 1.000031e+00
  689 1.000029e+00
  690 1.000027e+00
  691 1.000024e+00
  692 1.000020e+00
  693 1.000017e+00
  694 1.000014e+00
  695 1.000011e+00
  696 1.000009e+00
  697 1.000007e+00
  698 1.000006e+00
  699 1.000004e+00
  700 1.000003e+00
  701 1.000002e+00
  702 1.000002e+00
  703 1.000001e+00
  704 1.000001e+00
  705 1.000001e+00
  706 1.000001e+00
  707 1.000001e+00
  708 1.000001e+00
  709 1.000001e+00
  710 1.000001e+00
  711 1.000001e+00
  712 1.000001e+00
  713 1.000001e+00
  714 1.000001e+00
  715 1.000000e+00
  716 1.000000e+00
  717 1.000000e+00
  718 1.000000e+00
  719 1.000000e+00
  720 1.000000e+00
  721 1.000000e+00
  722 1.000000e+00
  723 1.000000e+00
  724 1.000000e+00
  725 1.000000e+00
  726 1.000000e+00
  727 1.000000e+00
  728 1.000000e+00
  729 1.000000e+00
  730 1.000000e+00
  731 1.000000e+00
  732 1.000000e+00
  733 1.000000e+00
  734 1.000000e+00
  735 1.000000e+00
  736 1.000000e+00
  737 1.000000e+00
  738 1.000000e+00
  739 1.000000e+00
  740 1.000000e+00
  741 1.000000e+00
  742 1.000000e+00
  743 1.000000e+00
  744 1.000000e+00
  745 1.000000e+00
  746 1.000000e+00
  747 1.000000e+00
  748 1.000000e+00
  749 1.000000e+00
  750 1.000000e+00
  751 1.000000e+00
  752 1.000000e+00
  753 1.000000e+00
  754 1.000000e+00
  755 1.000000e+00
  756 1.000000e+00
  757 1.000000e+00
  758 1.000000e+00
  759 1.000000e+00
  760 1.000000e+00
  761 1.000000e+00
  762 1.000000e+00
  763 1.000000e+00
  764 1.000000e+00
  765 1.000000e+00
  766 1.000000e+00
  767 1.000000e+00
  768 1.000000e+00
  769 1.000000e+00
  770 1.000000e+00
  771 1.000000e+00
  772 1.000000e+00
  773 1.000000e+00
  774 1.000000e+00
  775 1.000000e+00
  776 1.000000e+00
  777 1.000000e+00
  778 1.000000e+00
  779 1.000000e+00
  780 1.000000e+00
  781 1.000000e+00
  782 1.000000e+00
  783 1.000000e+00
  784 1.000000e+00
  785 1.000000e+00
  786 1.000000e+00
  787 1.000000e+00
  788 1.000000e+00
  789 1.000000e+00
  790 1.000000e+00
  791 1.000000e+00
  792 1.000000e+00
  793 1.000000e+00
  794 1.000000e+00
  795 1.000000e+00
  796 1.000000e+00
  797 1.000000e+00
  798 9.999999e-01
  799 9.999996e-01
  800 9.999996e-01
