    1     0
    2     0
    3     0
    4     0
    5     0
    6     0
    7     0
    8     0
    9     0
   10     0
   11     0
   12     0
   13     0
   14     0
   15     0
   16     0
   17     0
   18     0
   19     0
   20     0
   21     0
   22     0
   23     0
   24     0
   25     0
   26     0
   27     0
   28 1.050000e+00
   29 9.000000e-01
   30 9.000000e-01
   31 1.050000e+00
   32 9.000000e-01
   33 9.000000e-01
   34 1.050000e+00
   35 9.000000e-01
   36 9.000000e-01
   37 1.050000e+00
   38 9.000000e-01
   39 9.000000e-01
   40 1.050000e+00
   41 9.000000e-01
   42 9.000000e-01
   43 1.050000e+00
   44 9.000000e-01
   45 9.000000e-01
   46 1.050000e+00
   47 9.000000e-01
   48 9.000000e-01
   49 1.050000e+00
   50 9.000000e-01
   51 9.000000e-01
   52 1.050000e+00
   53 9.000000e-01
   54 9.000000e-01
   55 1.050000e+00
   56 9.000000e-01
   57 9.000000e-01
   58 1.050000e+00
   59 9.000000e-01
   60 9.000000e-01
   61 1.050000e+00
   62 9.000000e-01
   63 9.000000e-01
   64 1.050000e+00
   65 9.000000e-01
   66 9.000000e-01
   67 1.050000e+00
   68 9.000000e-01
   69 9.000000e-01
   70 1.050000e+00
   71 9.000000e-01
   72 9.000000e-01
   73 1.050000e+00
   74 9.000000e-01
   75 9.000000e-01
   76 1.050000e+00
   77 9.000000e-01
   78 9.000000e-01
   79 1.050000e+00
   80 9.000000e-01
   81 9.000000e-01
   82 1.050000e+00
   83 9.000000e-01
   84 9.000000e-01
   85 1.050000e+00
   86 9.000000e-01
   87 9.000000e-01
   88 1.050000e+00
   89 9.000000e-01
   90 9.000000e-01
   91 1.050000e+00
   92 9.000000e-01
   93 9.000000e-01
   94 1.050000e+00
   95 9.000000e-01
   96 9.000000e-01
   97 1.050000e+00
   98 9.000000e-01
   99 9.000000e-01
  100 1.050000e+00
  101 9.000000e-01
  102 9.000000e-01
  103 1.050000e+00
  104 9.000000e-01
  105 9.000000e-01
  106 1.050000e+00
  107 9.000000e-01
  108 9.000000e-01
  109 1.050000e+00
  110 9.000000e-01
  111 9.000000e-01
  112 1.050000e+00
  113 9.000000e-01
  114 9.000000e-01
  115 1.050000e+00
  116 9.000000e-01
  117 9.000000e-01
  118 1.050000e+00
  119 9.000000e-01
  120 9.000000e-01
  121 1.050000e+00
  122 9.000000e-01
  123 9.000000e-01
  124 1.050000e+00
  125 9.000000e-01
  126 9.000000e-01
  127 1.050000e+00
  128 9.000000e-01
  129 9.000000e-01
  130 1.050000e+00
  131 9.000000e-01
  132 9.000000e-01
  133 1.050000e+00
  134 9.000000e-01
  135 9.000000e-01
  136 1.050000e+00
  137 9.000000e-01
  138 9.000000e-01
  139 1.050000e+00
  140 9.000000e-01
  141 9.000000e-01
  142 1.050000e+00
  143 9.000000e-01
  144 9.000000e-01
  145 1.050000e+00
  146 9.000000e-01
  147 9.000000e-01
  148 1.050000e+00
  149 9.000000e-01
  150 9.000000e-01
  151 1.050000e+00
  152 9.000000e-01
  153 9.000000e-01
  154 1.050000e+00
  155 9.000000e-01
  156 9.000000e-01
  157 1.050000e+00
  158 9.000000e-01
  159 9.000000e-01
  160 1.050000e+00
  161 9.000000e-01
  162 9.000000e-01
  163 1.050000e+00
  164 9.000000e-01
  165 9.000000e-01
  166 1.050000e+00
  167 9.000000e-01
  168 9.000000e-01
  169 1.050000e+00
  170 9.000000e-01
  171 9.000000e-01
  172 1.050000e+00
  173 9.000000e-01
  174 9.000000e-01
  175 1.050000e+00
  176 9.000000e-01
  177 9.000000e-01
  178 1.050000e+00
  179 9.000000e-01
  180 9.000000e-01
  181 1.050000e+00
  182 9.000000e-01
  183 9.000000e-01
  184 1.050000e+00
  185 9.000000e-01
  186 9.000000e-01
  187 1.050000e+00
  188 9.000000e-01
  189 9.000000e-01
  190 1.050000e+00
  191 9.000000e-01
  192 9.000000e-01
  193 1.050000e+00
  194 9.000000e-01
  195 9.000000e-01
  196 1.050000e+00
  197 9.000000e-01
  198 9.000000e-01
  199 1.050000e+00
  200 9.000000e-01
  201 9.000000e-01
  202 1.050000e+00
  203 9.000000e-01
  204 9.000000e-01
  205 1.050000e+00
  206 9.000000e-01
  207 9.000000e-01
  208 1.050000e+00
  209 9.000000e-01
  210 9.000000e-01
  211 1.050000e+00
  212 9.000000e-01
  213 9.000000e-01
  214 1.050000e+00
  215 9.000000e-01
  216 9.000000e-01
  217 1.050000e+00
  218 9.000000e-01
  219 9.000000e-01
  220 1.050000e+00
  221 9.000000e-01
  222 9.000000e-01
  223 1.050000e+00
  224 9.000000e-01
  225 9.000000e-01
  226 1.050000e+00
  227 9.000000e-01
  228 9.000000e-01
  229 1.050000e+00
  230 9.000000e-01
  231 9.000000e-01
  232 1.050000e+00
  233 9.000000e-01
  234 9.000000e-01
  235 1.050000e+00
  236 9.000000e-01
  237 9.000000e-01
  238 1.050000e+00
  239 9.000000e-01
  240 9.000000e-01
  241 1.050000e+00
  242 9.000000e-01
  243 9.000000e-01
  244 1.050000e+00
  245 9.000000e-01
  246 9.000000e-01
  247 1.050000e+00
  248 9.000000e-01
  249 9.000000e-01
  250 1.050000e+00
  251 9.000000e-01
  252 9.000000e-01
  253 1.050000e+00
  254 9.000000e-01
  255 9.000000e-01
  256 1.050000e+00
  257 9.000000e-01
  258 9.000000e-01
  259 1.050000e+00
  260 9.000000e-01
  261 9.000000e-01
  262 1.050000e+00
  263 9.000000e-01
  264 9.000000e-01
  265 1.050000e+00
  266 9.000000e-01
  267 9.000000e-01
  268 1.050000e+00
  269 9.000000e-01
  270 9.000000e-01
  271 1.050000e+00
  272 9.000000e-01
  273 9.000000e-01
  274 1.050000e+00
  275 9.000000e-01
  276 9.000000e-01
  277 1.050000e+00
  278 9.000000e-01
  279 9.000000e-01
  280 1.050000e+00
  281 9.000000e-01
  282 9.000000e-01
  283 1.050000e+00
  284 9.000000e-01
  285 9.000000e-01
  286 1.050000e+00
  287 9.000000e-01
  288 9.000000e-01
  289 1.050000e+00
  290 9.000000e-01
  291 9.000000e-01
  292 1.050000e+00
  293 9.000000e-01
  294 9.000000e-01
  295 1.050000e+00
  296 9.000000e-01
  297 9.000000e-01
  298 1.050000e+00
  299 9.000000e-01
  300 9.000000e-01
  301 1.050000e+00
  302 9.000000e-01
  303 9.000000e-01
  304 1.050000e+00
  305 9.000000e-01
  306 9.000000e-01
  307 1.050000e+00
  308 9.000000e-01
  309 9.000000e-01
  310 1.050000e+00
  311 9.000000e-01
  312 9.000000e-01
  313 1.050000e+00
  314 9.000000e-01
  315 9.000000e-01
  316 1.050000e+00
  317 9.000000e-01
  318 9.000000e-01
  319 1.050000e+00
  320 9.000000e-01
  321 9.000000e-01
  322 1.050000e+00
  323 9.000000e-01
  324 9.000000e-01
  325 1.050000e+00
  326 9.000000e-01
  327 9.000000e-01
  328 1.050000e+00
  329 9.000000e-01
  330 9.000000e-01
  331 1.050000e+00
  332 9.000000e-01
  333 9.000000e-01
  334 1.050000e+00
  335 9.000000e-01
  336 9.000000e-01
  337 1.050000e+00
  338 9.000000e-01
  339 9.000000e-01
  340 1.050000e+00
  341 9.000000e-01
  342 9.000000e-01
  343 1.050000e+00
  344 9.000000e-01
  345 9.000000e-01
  346 1.050000e+00
  347 9.000000e-01
  348 9.000000e-01
  349 1.050000e+00
  350 9.000000e-01
  351 9.000000e-01
  352 1.050000e+00
  353 9.000000e-01
  354 9.000000e-01
  355 1.050000e+00
  356 9.000000e-01
  357 9.000000e-01
  358 1.050000e+00
  359 8.000000e-01
  360 9.000000e-01
  361 1.050000e+00
  362 8.000000e-01
  363 9.000000e-01
  364 1.050000e+00
  365 8.000000e-01
  366 9.000000e-01
  367 1.050000e+00
  368 8.000000e-01
  369 9.000000e-01
  370 1.050000e+00
  371 8.000000e-01
  372 9.000000e-01
  373 1.050000e+00
  374 8.000000e-01
  375 9.000000e-01
  376 1.050000e+00
  377 8.000000e-01
  378 9.000000e-01
  379 1.050000e+00
  380 8.000000e-01
  381 9.000000e-01
  382 1.050000e+00
  383 8.000000e-01
  384 9.000000e-01
  385 1.050000e+00
  386 8.000000e-01
  387 9.000000e-01
  388 1.050000e+00
  389 8.000000e-01
  390 9.000000e-01
  391 1.050000e+00
  392 8.000000e-01
  393 9.000000e-01
  394 1.050000e+00
  395 8.000000e-01
  396 9.000000e-01
  397 1.050000e+00
  398 8.000000e-01
  399 9.000000e-01
  400 1.050000e+00
  401 8.000000e-01
  402 9.000000e-01
  403 1.050000e+00
  404 8.000000e-01
  405 9.000000e-01
  406 1.050000e+00
  407 8.000000e-01
  408 9.000000e-01
  409 1.050000e+00
  410 8.000000e-01
  411 9.000000e-01
  412 1.050000e+00
  413 8.000000e-01
  414 9.000000e-01
  415 1.050000e+00
  416 8.000000e-01
  417 9.000000e-01
  418 1.050000e+00
  419 8.000000e-01
  420 9.000000e-01
  421 1.050000e+00
  422 8.000000e-01
  423 9.000000e-01
  424 1.050000e+00
  425 8.000000e-01
  426 9.000000e-01
  427 1.050000e+00
  428 8.000000e-01
  429 9.000000e-01
  430 1.050000e+00
  431 8.000000e-01
  432 9.000000e-01
  433 1.050000e+00
  434 8.000000e-01
  435 9.000000e-01
  436 1.050000e+00
  437 8.000000e-01
  438 9.000000e-01
  439 1.050000e+00
  440 8.000000e-01
  441 9.000000e-01
  442 1.050000e+00
  443 8.000000e-01
  444 9.000000e-01
  445 1.050000e+00
  446 8.000000e-01
  447 9.000000e-01
  448 1.050000e+00
  449 8.000000e-01
  450 9.000000e-01
  451 1.050000e+00
  452 8.000000e-01
  453 9.000000e-01
  454 1.050000e+00
  455 8.000000e-01
  456 9.000000e-01
  457 1.050000e+00
  458 8.000000e-01
  459 9.000000e-01
  460 1.050000e+00
  461 8.000000e-01
  462 9.000000e-01
  463 1.050000e+00
  464 8.000000e-01
  465 9.000000e-01
  466 1.050000e+00
  467 8.000000e-01
  468 9.000000e-01
  469 1.050000e+00
  470 8.000000e-01
  471 9.000000e-01
  472 1.050000e+00
  473 8.000000e-01
  474 9.000000e-01
  475 1.050000e+00
  476 8.000000e-01
  477 9.000000e-01
  478 1.050000e+00
  479 8.000000e-01
  480 9.000000e-01
  481 1.050000e+00
  482 8.000000e-01
  483 9.000000e-01
  484 1.050000e+00
  485 8.000000e-01
  486 9.000000e-01
  487 1.050000e+00
  488 8.000000e-01
  489 9.000000e-01
  490 1.050000e+00
  491 8.000000e-01
  492 9.000000e-01
  493 1.050000e+00
  494 8.000000e-01
  495 9.000000e-01
  496 1.050000e+00
  497 8.000000e-01
  498 9.000000e-01
  499 1.050000e+00
  500 8.000000e-01
  501 9.000000e-01
  502 1.050000e+00
  503 8.000000e-01
  504 9.000000e-01
  505 1.050000e+00
  506 8.000000e-01
  507 9.000000e-01
  508 1.050000e+00
  509 8.000000e-01
  510 9.000000e-01
  511 1.050000e+00
  512 8.000000e-01
  513 9.000000e-01
  514 1.050000e+00
  515 8.000000e-01
  516 9.000000e-01
  517 1.050000e+00
  518 8.000000e-01
  519 9.000000e-01
  520 1.050000e+00
  521 8.000000e-01
  522 9.000000e-01
  523 1.050000e+00
  524 8.000000e-01
  525 9.000000e-01
  526 1.050000e+00
  527 8.000000e-01
  528 9.000000e-01
  529 1.050000e+00
  530 8.000000e-01
  531 9.000000e-01
  532 1.050000e+00
  533 8.000000e-01
  534 9.000000e-01
  535 1.050000e+00
  536 8.000000e-01
  537 9.000000e-01
  538 1.050000e+00
  539 8.000000e-01
  540 9.000000e-01
  541 1.050000e+00
  542 8.000000e-01
  543 9.000000e-01
  544 1.050000e+00
  545 8.000000e-01
  546 9.000000e-01
  547 1.050000e+00
  548 8.000000e-01
  549 9.000000e-01
  550 1.050000e+00
  551 8.000000e-01
  552 9.000000e-01
  553 1.050000e+00
  554 8.000000e-01
  555 9.000000e-01
  556 1.050000e+00
  557 8.000000e-01
  558 9.000000e-01
  559 1.050000e+00
  560 8.000000e-01
  561 9.000000e-01
  562 1.050000e+00
  563 8.000000e-01
  564 9.000000e-01
  565 1.050000e+00
  566 8.000000e-01
  567 9.000000e-01
  568 1.050000e+00
  569 8.000000e-01
  570 9.000000e-01
  571 1.050000e+00
  572 8.000000e-01
  573 9.000000e-01
  574 1.050000e+00
  575 8.000000e-01
  576 9.000000e-01
  577 1.050000e+00
  578 8.000000e-01
  579 9.000000e-01
  580 1.050000e+00
  581 8.000000e-01
  582 9.000000e-01
  583 1.050000e+00
  584 8.000000e-01
  585 9.000000e-01
  586 1.050000e+00
  587 8.000000e-01
  588 9.000000e-01
  589 1.050000e+00
  590 8.000000e-01
  591 9.000000e-01
  592 1.050000e+00
  593 8.000000e-01
  594 9.000000e-01
  595 1.050000e+00
  596 8.000000e-01
  597 9.000000e-01
  598 8.000000e-01
  599 8.000000e-01
  600 9.000000e-01
  601 8.000000e-01
  602 8.000000e-01
  603 9.000000e-01
  604 8.000000e-01
  605 8.000000e-01
  606 9.000000e-01
  607 8.000000e-01
  608 8.000000e-01
  609 9.000000e-01
  610 8.000000e-01
  611 8.000000e-01
  612 9.000000e-01
  613 8.000000e-01
  614 8.000000e-01
  615 9.000000e-01
  616 8.000000e-01
  617 8.000000e-01
  618 9.000000e-01
  619 8.000000e-01
  620 8.000000e-01
  621 9.000000e-01
  622 8.000000e-01
  623 8.000000e-01
  624 9.000000e-01
  625 8.000000e-01
  626 8.000000e-01
  627 9.000000e-01
  628 8.000000e-01
  629 8.000000e-01
  630 9.000000e-01
  631 8.000000e-01
  632 8.000000e-01
  633 9.000000e-01
  634 8.000000e-01
  635 8.000000e-01
  636 9.000000e-01
  637 8.000000e-01
  638 8.000000e-01
  639 9.000000e-01
  640 8.000000e-01
  641 8.000000e-01
  642 9.000000e-01
  643 8.000000e-01
  644 8.000000e-01
  645 9.000000e-01
  646 8.000000e-01
  647 8.000000e-01
  648 9.000000e-01
  649 8.000000e-01
  650 8.000000e-01
  651 9.000000e-01
  652 8.000000e-01
  653 8.000000e-01
  654 9.000000e-01
  655 8.000000e-01
  656 8.000000e-01
  657 9.000000e-01
  658 8.000000e-01
  659 8.000000e-01
  660 8.000000e-01
  661 8.000000e-01
  662 8.000000e-01
  663 8.000000e-01
  664 8.000000e-01
  665 8.000000e-01
  666 8.000000e-01
  667 8.000000e-01
  668 8.000000e-01
  669 8.000000e-01
  670 8.000000e-01
  671 8.000000e-01
  672 8.000000e-01
  673 8.000000e-01
  674 8.000000e-01
  675 8.000000e-01
  676 8.000000e-01
  677 8.000000e-01
  678 8.000000e-01
  679 8.000000e-01
  680 8.000000e-01
  681 8.000000e-01
  682 8.000000e-01
  683 8.000000e-01
  684 8.000000e-01
  685 8.000000e-01
  686 8.000000e-01
  687 8.000000e-01
  688 8.000000e-01
  689 8.000000e-01
  690 8.000000e-01
  691 8.000000e-01
  692 8.000000e-01
  693 8.000000e-01
  694 8.000000e-01
  695 8.000000e-01
  696 8.000000e-01
  697 8.000000e-01
  698 8.000000e-01
  699 8.000000e-01
  700 8.000000e-01
  701 8.000000e-01
  702 8.000000e-01
  703 8.000000e-01
  704 8.000000e-01
  705 8.000000e-01
  706 8.000000e-01
  707 8.000000e-01
  708 8.000000e-01
  709 8.000000e-01
  710 8.000000e-01
  711 8.000000e-01
  712 8.000000e-01
  713 8.000000e-01
  714 8.000000e-01
  715 8.000000e-01
  716 8.000000e-01
  717 8.000000e-01
  718 8.000000e-01
  719 1.100000e+00
  720 8.000000e-01
  721 8.000000e-01
  722 1.100000e+00
  723 8.000000e-01
  724 8.000000e-01
  725 1.100000e+00
  726 8.000000e-01
  727 8.000000e-01
  728 1.100000e+00
  729 8.000000e-01
  730 8.000000e-01
  731 1.100000e+00
  732 8.000000e-01
  733 8.000000e-01
  734 1.100000e+00
  735 8.000000e-01
  736 8.000000e-01
  737 1.100000e+00
  738 8.000000e-01
  739 8.000000e-01
  740 1.100000e+00
  741 8.000000e-01
  742 8.000000e-01
  743 1.100000e+00
  744 8.000000e-01
  745 8.000000e-01
  746 1.100000e+00
  747 8.000000e-01
  748 8.000000e-01
  749 1.100000e+00
  750 8.000000e-01
  751 8.000000e-01
  752 1.100000e+00
  753 8.000000e-01
  754 8.000000e-01
  755 1.100000e+00
  756 8.000000e-01
  757 8.000000e-01
  758 1.100000e+00
  759 8.000000e-01
  760 8.000000e-01
  761 1.100000e+00
  762 8.000000e-01
  763 8.000000e-01
  764 1.100000e+00
  765 8.000000e-01
  766 8.000000e-01
  767 1.100000e+00
  768 8.000000e-01
  769 8.000000e-01
  770 1.100000e+00
  771 8.000000e-01
  772 8.000000e-01
  773 1.100000e+00
  774 8.000000e-01
  775 8.000000e-01
  776 1.100000e+00
  777 8.000000e-01
  778 8.000000e-01
  779 1.100000e+00
  780 8.000000e-01
  781 8.000000e-01
  782 1.100000e+00
  783 8.000000e-01
  784 8.000000e-01
  785 1.100000e+00
  786 8.000000e-01
  787 8.000000e-01
  788 1.100000e+00
  789 8.000000e-01
  790 8.000000e-01
  791 1.100000e+00
  792 8.000000e-01
  793 8.000000e-01
  794 1.100000e+00
  795 8.000000e-01
  796 8.000000e-01
  797 1.100000e+00
  798 8.000000e-01
  799 8.000000e-01
  800 1.100000e+00
