    1     0
    2     0
    3     0
    4     0
    5     0
    6     0
    7     0
    8     0
    9     0
   10 7.218376e-01
   11 8.756111e-01
   12 8.960439e-01
   13 7.886080e-01
   14 6.693108e-01
   15 5.382703e-01
   16 4.271441e-01
   17 3.335028e-01
   18 2.631229e-01
   19 2.118030e-01
   20 1.778194e-01
   21 1.569954e-01
   22 1.463620e-01
   23 1.427776e-01
   24 1.439323e-01
   25 1.478882e-01
   26 1.532919e-01
   27 1.591578e-01
   28 1.648714e-01
   29 1.700607e-01
   30 1.745431e-01
   31 1.782660e-01
   32 1.812599e-01
   33 1.836053e-01
   34 1.854005e-01
   35 1.867507e-01
   36 1.877516e-01
   37 1.884938e-01
   38 1.890441e-01
   39 1.894680e-01
   40 1.898045e-01
   41 1.900925e-01
   42 1.903455e-01
   43 1.905906e-01
   44 1.908269e-01
   45 1.910677e-01
   46 1.913120e-01
   47 1.915613e-01
   48 1.918171e-01
   49 1.920687e-01
   50 1.923278e-01
   51 1.925804e-01
   52 1.928354e-01
   53 1.930825e-01
   54 1.933293e-01
   55 1.935673e-01
   56 1.938010e-01
   57 1.940310e-01
   58 1.942547e-01
   59 1.944741e-01
   60 1.946837e-01
   61 1.948922e-01
   62 1.950949e-01
   63 1.952886e-01
   64 1.954811e-01
   65 1.956711e-01
   66 1.958508e-01
   67 1.960297e-01
   68 1.961992e-01
   69 1.963702e-01
   70 1.965357e-01
   71 1.966966e-01
   72 1.968553e-01
   73 1.970120e-01
   74 1.971637e-01
   75 1.973105e-01
   76 1.974542e-01
   77 1.975966e-01
   78 1.977329e-01
   79 1.978682e-01
   80 1.980003e-01
   81 1.981307e-01
   82 1.982563e-01
   83 1.983796e-01
   84 1.984998e-01
   85 1.986194e-01
   86 1.987318e-01
   87 1.988481e-01
   88 1.989581e-01
   89 1.990681e-01
   90 1.991735e-01
   91 1.992788e-01
   92 1.993808e-01
   93 1.994795e-01
   94 1.995765e-01
   95 1.996735e-01
   96 1.997695e-01
   97 1.998595e-01
   98 1.999527e-01
   99 2.000392e-01
  100 2.001254e-01
  101 2.002091e-01
  102 2.002942e-01
  103 2.003747e-01
  104 2.004535e-01
  105 2.005322e-01
  106 2.006064e-01
  107 2.006827e-01
  108 2.007550e-01
  109 2.008278e-01
  110 2.008973e-01
  111 2.009654e-01
  112 2.010347e-01
  113 2.011033e-01
  114 2.011676e-01
  115 2.012337e-01
  116 2.012930e-01
  117 2.013546e-01
  118 2.014154e-01
  119 2.014743e-01
  120 5.923250e-02
  121 -3.860192e-03
  122 -3.099708e-02
  123 -3.277179e-02
  124 -2.315196e-02
  125 -6.896138e-03
  126 1.084429e-02
  127 2.811788e-02
  128 4.330142e-02
  129 5.596287e-02
  130 6.592653e-02
  131 7.342732e-02
  132 7.877759e-02
  133 8.238616e-02
  134 8.463134e-02
  135 8.586516e-02
  136 8.638446e-02
  137 8.642676e-02
  138 8.617274e-02
  139 8.575908e-02
  140 8.527884e-02
  141 8.479142e-02
  142 8.434020e-02
  143 8.393485e-02
  144 8.358767e-02
  145 8.329387e-02
  146 8.304744e-02
  147 8.284704e-02
  148 8.267660e-02
  149 8.253580e-02
  150 8.240967e-02
  151 8.229725e-02
  152 8.219201e-02
  153 8.209116e-02
  154 8.199322e-02
  155 8.189541e-02
  156 8.179611e-02
  157 8.169178e-02
  158 8.158919e-02
  159 8.148145e-02
  160 8.137611e-02
  161 8.126592e-02
  162 8.115919e-02
  163 8.104783e-02
  164 8.094000e-02
  165 8.082720e-02
  166 8.071649e-02
  167 8.060768e-02
  168 8.049606e-02
  169 8.038623e-02
  170 8.027699e-02
  171 8.017206e-02
  172 8.006365e-02
  173 7.995749e-02
  174 7.985065e-02
  175 7.974616e-02
  176 7.964353e-02
  177 7.954520e-02
  178 7.944341e-02
  179 7.934388e-02
  180 7.924389e-02
  181 7.914493e-02
  182 7.904673e-02
  183 7.894959e-02
  184 7.885417e-02
  185 7.876112e-02
  186 7.866949e-02
  187 7.857827e-02
  188 7.848861e-02
  189 7.840105e-02
  190 7.831759e-02
  191 7.823127e-02
  192 7.814780e-02
  193 7.806398e-02
  194 7.798183e-02
  195 7.790064e-02
  196 7.782066e-02
  197 7.774097e-02
  198 7.766277e-02
  199 7.758527e-02
  200 1.450159e-01
  201 1.767580e-01
  202 1.874919e-01
  203 1.922436e-01
  204 1.916852e-01
  205 1.893284e-01
  206 1.853977e-01
  207 1.810947e-01
  208 1.766596e-01
  209 1.725442e-01
  210 1.688599e-01
  211 1.657611e-01
  212 1.632296e-01
  213 1.612317e-01
  214 1.596934e-01
  215 1.585418e-01
  216 1.577009e-01
  217 1.571032e-01
  218 1.566897e-01
  219 1.564115e-01
  220 1.868226e-01
  221 2.179213e-01
  222 2.377308e-01
  223 2.491988e-01
  224 2.530903e-01
  225 2.524947e-01
  226 2.489409e-01
  227 2.440837e-01
  228 2.387956e-01
  229 2.337619e-01
  230 2.293009e-01
  231 2.255874e-01
  232 2.226410e-01
  233 2.204173e-01
  234 2.188214e-01
  235 2.177462e-01
  236 2.170814e-01
  237 2.167273e-01
  238 2.165972e-01
  239 2.166216e-01
  240 6.436453e-01
  241 8.332698e-01
  242 9.150641e-01
  243 9.207628e-01
  244 8.922889e-01
  245 8.438847e-01
  246 7.910143e-01
  247 7.395236e-01
  248 6.942935e-01
  249 6.566096e-01
  250 6.270044e-01
  251 6.047784e-01
  252 5.889899e-01
  253 5.784296e-01
  254 5.719557e-01
  255 5.685089e-01
  256 5.672073e-01
  257 5.673315e-01
  258 5.683360e-01
  259 5.698178e-01
  260 5.714969e-01
  261 5.731903e-01
  262 5.747884e-01
  263 5.762355e-01
  264 5.775112e-01
  265 5.786193e-01
  266 5.795755e-01
  267 5.804044e-01
  268 5.811296e-01
  269 5.817765e-01
  270 5.823654e-01
  271 5.829150e-01
  272 5.834371e-01
  273 5.839449e-01
  274 5.844436e-01
  275 5.849400e-01
  276 5.854369e-01
  277 5.859354e-01
  278 5.864374e-01
  279 5.869404e-01
  280 5.874468e-01
  281 5.879530e-01
  282 5.884605e-01
  283 5.889666e-01
  284 5.894721e-01
  285 5.899745e-01
  286 5.904739e-01
  287 5.909703e-01
  288 5.914628e-01
  289 5.919513e-01
  290 5.924345e-01
  291 5.929139e-01
  292 5.933880e-01
  293 5.938562e-01
  294 5.943197e-01
  295 5.947778e-01
  296 5.952291e-01
  297 5.956754e-01
  298 5.961152e-01
  299 5.965500e-01
  300 5.969788e-01
  301 5.974021e-01
  302 5.978197e-01
  303 5.982322e-01
  304 5.986388e-01
  305 5.990388e-01
  306 5.994330e-01
  307 5.998219e-01
  308 6.002040e-01
  309 6.005809e-01
  310 6.009524e-01
  311 6.013187e-01
  312 6.016793e-01
  313 6.020355e-01
  314 6.023869e-01
  315 6.027345e-01
  316 6.030776e-01
  317 6.034189e-01
  318 6.037563e-01
  319 6.040904e-01
  320 6.044194e-01
  321 6.047366e-01
  322 6.050417e-01
  323 6.053370e-01
  324 6.056248e-01
  325 6.059071e-01
  326 6.061845e-01
  327 6.064570e-01
  328 6.067269e-01
  329 6.069919e-01
  330 6.072534e-01
  331 6.075112e-01
  332 6.077656e-01
  333 6.080160e-01
  334 6.082619e-01
  335 6.085042e-01
  336 6.087419e-01
  337 6.089759e-01
  338 6.092057e-01
  339 6.094314e-01
  340 6.096527e-01
  341 6.098697e-01
  342 6.100834e-01
  343 6.102933e-01
  344 6.104988e-01
  345 6.107009e-01
  346 6.108981e-01
  347 6.110920e-01
  348 6.112824e-01
  349 6.114694e-01
  350 6.116527e-01
  351 6.118327e-01
  352 6.120096e-01
  353 6.121825e-01
  354 6.123531e-01
  355 6.125201e-01
  356 6.126843e-01
  357 6.128451e-01
  358 6.130035e-01
  359 6.131585e-01
  360 4.710106e-01
  361 4.080118e-01
  362 3.809632e-01
  363 3.792808e-01
  364 3.889858e-01
  365 4.053285e-01
  366 4.231533e-01
  367 4.405105e-01
  368 4.557738e-01
  369 4.685152e-01
  370 4.785579e-01
  371 4.861360e-01
  372 4.915651e-01
  373 4.952475e-01
  374 4.975648e-01
  375 4.988700e-01
  376 4.994571e-01
  377 4.995673e-01
  378 4.993814e-01
  379 4.990349e-01
  380 4.986201e-01
  381 4.981988e-01
  382 4.978072e-01
  383 4.974637e-01
  384 4.971759e-01
  385 4.969421e-01
  386 4.967567e-01
  387 4.966109e-01
  388 4.964983e-01
  389 4.964092e-01
  390 4.963380e-01
  391 4.962773e-01
  392 4.962241e-01
  393 4.961728e-01
  394 4.961223e-01
  395 4.960692e-01
  396 4.960133e-01
  397 4.959539e-01
  398 4.958899e-01
  399 4.958231e-01
  400 4.147432e-01
  401 3.764918e-01
  402 3.634486e-01
  403 3.575807e-01
  404 3.580806e-01
  405 3.607331e-01
  406 3.652659e-01
  407 3.702373e-01
  408 3.753591e-01
  409 3.800963e-01
  410 3.843192e-01
  411 3.878846e-01
  412 3.908032e-01
  413 3.931008e-01
  414 3.948533e-01
  415 3.961404e-01
  416 3.970490e-01
  417 3.976563e-01
  418 3.980344e-01
  419 3.982420e-01
  420 3.983278e-01
  421 3.983296e-01
  422 3.982772e-01
  423 3.981902e-01
  424 3.980831e-01
  425 3.979648e-01
  426 3.978403e-01
  427 3.977127e-01
  428 3.975837e-01
  429 3.974539e-01
  430 3.973220e-01
  431 3.971883e-01
  432 3.970511e-01
  433 3.969091e-01
  434 3.967614e-01
  435 3.966070e-01
  436 3.964444e-01
  437 3.962723e-01
  438 3.960921e-01
  439 3.959055e-01
  440 3.039402e-01
  441 2.101321e-01
  442 1.503453e-01
  443 1.156827e-01
  444 1.038134e-01
  445 1.054418e-01
  446 1.159672e-01
  447 1.304139e-01
  448 1.461606e-01
  449 1.611487e-01
  450 1.744240e-01
  451 1.854631e-01
  452 1.942080e-01
  453 2.007939e-01
  454 2.055056e-01
  455 2.086657e-01
  456 2.106050e-01
  457 2.116227e-01
  458 2.119779e-01
  459 2.118810e-01
  460 2.114955e-01
  461 2.109437e-01
  462 2.103122e-01
  463 2.096597e-01
  464 2.090228e-01
  465 2.084218e-01
  466 2.078662e-01
  467 2.073570e-01
  468 2.068909e-01
  469 2.064632e-01
  470 2.060666e-01
  471 2.056957e-01
  472 2.053433e-01
  473 2.050060e-01
  474 2.046781e-01
  475 2.043578e-01
  476 2.040420e-01
  477 2.037297e-01
  478 2.034193e-01
  479 2.031101e-01
  480 2.028025e-01
  481 2.024958e-01
  482 2.021909e-01
  483 2.018866e-01
  484 2.015842e-01
  485 2.012833e-01
  486 2.009845e-01
  487 2.006879e-01
  488 2.003940e-01
  489 2.001029e-01
  490 1.998142e-01
  491 1.995288e-01
  492 1.992462e-01
  493 1.989664e-01
  494 1.986899e-01
  495 1.984171e-01
  496 1.981473e-01
  497 1.978809e-01
  498 1.976175e-01
  499 1.973579e-01
  500 1.971016e-01
  501 1.968484e-01
  502 1.965988e-01
  503 1.963527e-01
  504 1.961095e-01
  505 1.958698e-01
  506 1.956336e-01
  507 1.954014e-01
  508 1.951724e-01
  509 1.949470e-01
  510 1.947249e-01
  511 1.945061e-01
  512 1.942905e-01
  513 1.940784e-01
  514 1.938696e-01
  515 1.936646e-01
  516 1.934625e-01
  517 1.932639e-01
  518 1.930686e-01
  519 1.928763e-01
  520 1.926869e-01
  521 1.925007e-01
  522 1.923179e-01
  523 1.921381e-01
  524 1.919615e-01
  525 1.917877e-01
  526 1.916169e-01
  527 1.914484e-01
  528 1.912835e-01
  529 1.911213e-01
  530 1.909622e-01
  531 1.908059e-01
  532 1.906529e-01
  533 1.905022e-01
  534 1.903542e-01
  535 1.902088e-01
  536 1.900656e-01
  537 1.899256e-01
  538 1.897875e-01
  539 1.896524e-01
  540 1.895191e-01
  541 1.893886e-01
  542 1.892604e-01
  543 1.891347e-01
  544 1.890110e-01
  545 1.888899e-01
  546 1.887708e-01
  547 1.886543e-01
  548 1.885403e-01
  549 1.884280e-01
  550 1.883185e-01
  551 1.882106e-01
  552 1.881061e-01
  553 1.880039e-01
  554 1.879057e-01
  555 1.878104e-01
  556 1.877194e-01
  557 1.876325e-01
  558 1.875495e-01
  559 1.874696e-01
  560 1.873918e-01
  561 1.873096e-01
  562 1.872224e-01
  563 1.871327e-01
  564 1.870419e-01
  565 1.869515e-01
  566 1.868627e-01
  567 1.867764e-01
  568 1.866923e-01
  569 1.866112e-01
  570 1.865329e-01
  571 1.864569e-01
  572 1.863834e-01
  573 1.863117e-01
  574 1.862418e-01
  575 1.861736e-01
  576 1.861066e-01
  577 1.860414e-01
  578 1.859772e-01
  579 1.859146e-01
  580 1.858528e-01
  581 1.857921e-01
  582 1.857324e-01
  583 1.856739e-01
  584 1.856164e-01
  585 1.855599e-01
  586 1.855045e-01
  587 1.854500e-01
  588 1.853968e-01
  589 1.853443e-01
  590 1.852934e-01
  591 1.852431e-01
  592 1.851946e-01
  593 1.851473e-01
  594 1.851021e-01
  595 1.850583e-01
  596 1.850169e-01
  597 1.849780e-01
  598 1.849411e-01
  599 1.849060e-01
  600 2.388788e-01
  601 2.642981e-01
  602 2.729088e-01
  603 2.767351e-01
  604 2.763151e-01
  605 2.744604e-01
  606 2.713523e-01
  607 2.679528e-01
  608 2.644526e-01
  609 2.612098e-01
  610 2.583104e-01
  611 2.558498e-01
  612 2.538213e-01
  613 2.522077e-01
  614 2.509580e-01
  615 2.500194e-01
  616 2.493339e-01
  617 2.488491e-01
  618 2.485177e-01
  619 2.483004e-01
  620 2.481655e-01
  621 2.480875e-01
  622 2.480480e-01
  623 2.480333e-01
  624 2.480341e-01
  625 2.480440e-01
  626 2.480593e-01
  627 2.480775e-01
  628 2.480977e-01
  629 2.481192e-01
  630 2.481423e-01
  631 2.481671e-01
  632 2.481944e-01
  633 2.482244e-01
  634 2.482580e-01
  635 2.482953e-01
  636 2.483372e-01
  637 2.483841e-01
  638 2.484359e-01
  639 2.484924e-01
  640 2.485521e-01
  641 2.486105e-01
  642 2.486643e-01
  643 2.487140e-01
  644 2.487601e-01
  645 2.488043e-01
  646 2.488476e-01
  647 2.488910e-01
  648 2.489353e-01
  649 2.489806e-01
  650 2.490274e-01
  651 2.490755e-01
  652 2.491247e-01
  653 2.491750e-01
  654 2.492259e-01
  655 2.492773e-01
  656 2.493291e-01
  657 2.493808e-01
  658 2.494326e-01
  659 2.494839e-01
  660 2.801270e-01
  661 3.113901e-01
  662 3.313185e-01
  663 3.428757e-01
  664 3.468373e-01
  665 3.463000e-01
  666 3.427963e-01
  667 3.379844e-01
  668 3.327377e-01
  669 3.277423e-01
  670 3.233163e-01
  671 3.196345e-01
  672 3.167164e-01
  673 3.145170e-01
  674 3.129417e-01
  675 3.118831e-01
  676 3.112312e-01
  677 3.108860e-01
  678 3.107618e-01
  679 3.107883e-01
  680 3.109111e-01
  681 3.110892e-01
  682 3.112939e-01
  683 3.115057e-01
  684 3.117123e-01
  685 3.119069e-01
  686 3.120866e-01
  687 3.122511e-01
  688 3.124010e-01
  689 3.125383e-01
  690 3.126652e-01
  691 3.127835e-01
  692 3.128955e-01
  693 3.130027e-01
  694 3.131067e-01
  695 3.132083e-01
  696 3.133084e-01
  697 3.134074e-01
  698 3.135058e-01
  699 3.136039e-01
  700 3.137015e-01
  701 3.137988e-01
  702 3.138957e-01
  703 3.139924e-01
  704 3.140885e-01
  705 3.141840e-01
  706 3.142791e-01
  707 3.143732e-01
  708 3.144666e-01
  709 3.145593e-01
  710 3.146511e-01
  711 3.147421e-01
  712 3.148320e-01
  713 3.149211e-01
  714 3.150090e-01
  715 3.150959e-01
  716 3.151818e-01
  717 3.152668e-01
  718 3.153506e-01
  719 3.154334e-01
  720 3.155151e-01
  721 3.155958e-01
  722 3.156754e-01
  723 3.157538e-01
  724 3.158312e-01
  725 3.159077e-01
  726 3.159830e-01
  727 3.160571e-01
  728 3.161303e-01
  729 3.162021e-01
  730 3.162729e-01
  731 3.163428e-01
  732 3.164114e-01
  733 3.164792e-01
  734 3.165459e-01
  735 3.166114e-01
  736 3.166760e-01
  737 3.167392e-01
  738 3.168017e-01
  739 3.168630e-01
  740 3.169235e-01
  741 3.169829e-01
  742 3.170413e-01
  743 3.170987e-01
  744 3.171552e-01
  745 3.172107e-01
  746 3.172652e-01
  747 3.173190e-01
  748 3.173716e-01
  749 3.174235e-01
  750 3.174743e-01
  751 3.175244e-01
  752 3.175733e-01
  753 3.176216e-01
  754 3.176688e-01
  755 3.177154e-01
  756 3.177611e-01
  757 3.178058e-01
  758 3.178500e-01
  759 3.178933e-01
  760 3.179359e-01
  761 3.179776e-01
  762 3.180187e-01
  763 3.180589e-01
  764 3.180986e-01
  765 3.181374e-01
  766 3.181756e-01
  767 3.182129e-01
  768 3.182496e-01
  769 3.182856e-01
  770 3.183210e-01
  771 3.183558e-01
  772 3.183898e-01
  773 3.184232e-01
  774 3.184560e-01
  775 3.184882e-01
  776 3.185198e-01
  777 3.185508e-01
  778 3.185812e-01
  779 3.186111e-01
  780 3.186403e-01
  781 3.186690e-01
  782 3.186973e-01
  783 3.187249e-01
  784 3.187521e-01
  785 3.187788e-01
  786 3.188049e-01
  787 3.188305e-01
  788 3.188556e-01
  789 3.188801e-01
  790 3.189040e-01
  791 3.189274e-01
  792 3.189501e-01
  793 3.189719e-01
  794 3.189929e-01
  795 3.190128e-01
  796 3.190314e-01
  797 3.190486e-01
  798 3.190646e-01
  799 3.190794e-01
  800 3.190936e-01
