    1     0
    2     0
    3     0
    4     0
    5     0
    6     0
    7     0
    8     0
    9     0
   10     0
   11     0
   12     0
   13     0
   14     0
   15     0
   16     0
   17     0
   18     0
   19     0
   20     0
   21     0
   22     0
   23     0
   24     0
   25     0
   26     0
   27     0
   28     0
   29     0
   30     0
   31 8.842345e-01
   32 3.307232e-01
   33 5.768715e-01
   34 8.344435e-01
   35 4.197520e-01
   36 6.400353e-01
   37 1.063971e+00
   38 5.783154e-01
   39 8.226967e-01
   40 1.035062e+00
   41 6.510365e-01
   42 8.414822e-01
   43 1.088489e+00
   44 7.310247e-01
   45 8.884552e-01
   46 1.070228e+00
   47 7.770439e-01
   48 8.878749e-01
   49 1.077346e+00
   50 8.178926e-01
   51 8.964099e-01
   52 1.065929e+00
   53 8.436045e-01
   54 8.930285e-01
   55 1.063448e+00
   56 8.637928e-01
   57 8.937877e-01
   58 1.057114e+00
   59 8.767252e-01
   60 8.923638e-01
   61 1.054447e+00
   62 8.859974e-01
   63 8.929479e-01
   64 1.051511e+00
   65 8.917660e-01
   66 8.933932e-01
   67 1.050199e+00
   68 8.955382e-01
   69 8.946234e-01
   70 1.049188e+00
   71 8.977069e-01
   72 8.958351e-01
   73 1.048868e+00
   74 8.989463e-01
   75 8.971709e-01
   76 1.048754e+00
   77 8.995338e-01
   78 8.983371e-01
   79 1.048884e+00
   80 8.997686e-01
   81 8.993515e-01
   82 1.049073e+00
   83 8.997941e-01
   84 9.001331e-01
   85 1.049310e+00
   86 8.997331e-01
   87 9.007102e-01
   88 1.049527e+00
   89 8.996426e-01
   90 9.010861e-01
   91 1.049719e+00
   92 8.995625e-01
   93 9.012995e-01
   94 1.049869e+00
   95 8.995067e-01
   96 9.013801e-01
   97 1.049981e+00
   98 8.994808e-01
   99 9.013642e-01
  100 1.050056e+00
  101 8.994824e-01
  102 9.012816e-01
  103 1.050103e+00
  104 8.995066e-01
  105 9.011588e-01
  106 1.050125e+00
  107 8.995463e-01
  108 9.010147e-01
  109 1.050131e+00
  110 8.995958e-01
  111 9.008655e-01
  112 1.050127e+00
  113 8.996499e-01
  114 9.007216e-01
  115 1.050114e+00
  116 8.997034e-01
  117 9.005880e-01
  118 1.050099e+00
  119 8.997546e-01
  120 9.004709e-01
  121 1.050082e+00
  122 8.998008e-01
  123 9.003699e-01
  124 1.050067e+00
  125 8.998419e-01
  126 9.002866e-01
  127 1.050051e+00
  128 8.998759e-01
  129 9.002172e-01
  130 1.050041e+00
  131 8.999050e-01
  132 9.001636e-01
  133 1.050029e+00
  134 8.999276e-01
  135 9.001200e-01
  136 1.050023e+00
  137 8.999462e-01
  138 9.000879e-01
  139 1.050015e+00
  140 8.999599e-01
  141 9.000626e-01
  142 1.050012e+00
  143 8.999709e-01
  144 9.000452e-01
  145 1.050009e+00
  146 8.999790e-01
  147 9.000323e-01
  148 1.050006e+00
  149 8.999846e-01
  150 9.000225e-01
  151 1.050006e+00
  152 8.999891e-01
  153 9.000165e-01
  154 1.050004e+00
  155 8.999919e-01
  156 9.000115e-01
  157 1.050005e+00
  158 8.999944e-01
  159 9.000091e-01
  160 1.050004e+00
  161 8.999953e-01
  162 9.000061e-01
  163 1.050006e+00
  164 8.999968e-01
  165 9.000057e-01
  166 1.050004e+00
  167 8.999969e-01
  168 9.000038e-01
  169 1.050005e+00
  170 8.999972e-01
  171 9.000030e-01
  172 1.050006e+00
  173 8.999977e-01
  174 9.000030e-01
  175 1.050005e+00
  176 8.999976e-01
  177 9.000022e-01
  178 1.050006e+00
  179 8.999982e-01
  180 9.000025e-01
  181 1.050005e+00
  182 8.999977e-01
  183 9.000013e-01
  184 1.050006e+00
  185 8.999983e-01
  186 9.000020e-01
  187 1.050005e+00
  188 8.999981e-01
  189 9.000013e-01
  190 1.050004e+00
  191 8.999979e-01
  192 9.000007e-01
  193 1.050006e+00
  194 8.999983e-01
  195 9.000012e-01
  196 1.050005e+00
  197 8.999986e-01
  198 9.000013e-01
  199 1.050005e+00
  200 8.999987e-01
  201 9.000011e-01
  202 1.050005e+00
  203 8.999988e-01
  204 9.000010e-01
  205 1.050004e+00
  206 8.999984e-01
  207 9.000001e-01
  208 1.050005e+00
  209 8.999988e-01
  210 9.000008e-01
  211 1.050004e+00
  212 8.999986e-01
  213 9.000003e-01
  214 1.050005e+00
  215 8.999985e-01
  216 9.000002e-01
  217 1.050004e+00
  218 8.999984e-01
  219 9.000001e-01
  220 1.050005e+00
  221 8.999989e-01
  222 9.000007e-01
  223 1.050004e+00
  224 8.999988e-01
  225 9.000004e-01
  226 1.050004e+00
  227 8.999990e-01
  228 9.000005e-01
  229 1.050004e+00
  230 8.999989e-01
  231 9.000001e-01
  232 1.050004e+00
  233 8.999992e-01
  234 9.000004e-01
  235 1.050003e+00
  236 8.999990e-01
  237 8.999998e-01
  238 1.050003e+00
  239 8.999990e-01
  240 8.999998e-01
  241 1.050004e+00
  242 8.999992e-01
  243 9.000001e-01
  244 1.050004e+00
  245 8.999994e-01
  246 9.000003e-01
  247 1.050003e+00
  248 8.999994e-01
  249 9.000001e-01
  250 1.050004e+00
  251 8.999995e-01
  252 9.000001e-01
  253 1.050003e+00
  254 8.999994e-01
  255 9.000000e-01
  256 1.050004e+00
  257 8.999996e-01
  258 9.000003e-01
  259 1.050002e+00
  260 8.999991e-01
  261 8.999994e-01
  262 1.050004e+00
  263 8.999995e-01
  264 9.000003e-01
  265 1.050002e+00
  266 8.999992e-01
  267 8.999998e-01
  268 1.050003e+00
  269 8.999994e-01
  270 9.000003e-01
  271 1.050002e+00
  272 8.999992e-01
  273 8.999999e-01
  274 1.050003e+00
  275 8.999995e-01
  276 9.000006e-01
  277 1.050003e+00
  278 8.999995e-01
  279 9.000003e-01
  280 1.050002e+00
  281 8.999992e-01
  282 8.999999e-01
  283 1.050003e+00
  284 8.999992e-01
  285 8.999999e-01
  286 1.050002e+00
  287 8.999991e-01
  288 8.999998e-01
  289 1.050003e+00
  290 8.999994e-01
  291 9.000003e-01
  292 1.050002e+00
  293 8.999993e-01
  294 8.999999e-01
  295 1.050004e+00
  296 8.999998e-01
  297 9.000007e-01
  298 1.050002e+00
  299 8.999995e-01
  300 8.999999e-01
  301 1.050002e+00
  302 8.999996e-01
  303 9.000000e-01
  304 1.050001e+00
  305 8.999994e-01
  306 8.999997e-01
  307 1.050002e+00
  308 8.999997e-01
  309 9.000002e-01
  310 1.050001e+00
  311 8.999996e-01
  312 8.999999e-01
  313 1.050002e+00
  314 8.999998e-01
  315 9.000003e-01
  316 1.050002e+00
  317 8.999998e-01
  318 9.000001e-01
  319 1.050002e+00
  320 8.999996e-01
  321 8.999998e-01
  322 1.050002e+00
  323 8.999998e-01
  324 9.000002e-01
  325 1.050002e+00
  326 8.999996e-01
  327 8.999999e-01
  328 1.050002e+00
  329 8.999997e-01
  330 9.000002e-01
  331 1.050001e+00
  332 8.999994e-01
  333 8.999997e-01
  334 1.050001e+00
  335 8.999992e-01
  336 8.999996e-01
  337 1.050002e+00
  338 8.999993e-01
  339 9.000000e-01
  340 1.050002e+00
  341 8.999996e-01
  342 9.000003e-01
  343 1.050002e+00
  344 8.999995e-01
  345 9.000002e-01
  346 1.050002e+00
  347 8.999999e-01
  348 9.000007e-01
  349 1.050001e+00
  350 8.999994e-01
  351 8.999996e-01
  352 1.050002e+00
  353 8.999997e-01
  354 9.000001e-01
  355 1.050001e+00
  356 8.999996e-01
  357 9.000001e-01
  358 1.050002e+00
  359 8.999998e-01
  360 9.000002e-01
  361 1.004745e+00
  362 8.764047e-01
  363 8.665632e-01
  364 1.017910e+00
  365 8.660861e-01
  366 8.673336e-01
  367 1.013116e+00
  368 8.509878e-01
  369 8.626259e-01
  370 1.022737e+00
  371 8.411737e-01
  372 8.686317e-01
  373 1.025952e+00
  374 8.312875e-01
  375 8.727643e-01
  376 1.032317e+00
  377 8.240345e-01
  378 8.791358e-01
  379 1.036072e+00
  380 8.177364e-01
  381 8.840321e-01
  382 1.040065e+00
  383 8.130116e-01
  384 8.886687e-01
  385 1.042767e+00
  386 8.092364e-01
  387 8.921099e-01
  388 1.045093e+00
  389 8.064513e-01
  390 8.948470e-01
  391 1.046701e+00
  392 8.043597e-01
  393 8.967583e-01
  394 1.047935e+00
  395 8.028713e-01
  396 8.981119e-01
  397 1.048764e+00
  398 8.018174e-01
  399 8.989786e-01
  400 1.049345e+00
  401 8.011061e-01
  402 8.995199e-01
  403 1.049711e+00
  404 8.006366e-01
  405 8.998175e-01
  406 1.049938e+00
  407 8.003432e-01
  408 8.999624e-01
  409 1.050063e+00
  410 8.001690e-01
  411 9.000093e-01
  412 1.050123e+00
  413 8.000746e-01
  414 9.000033e-01
  415 1.050140e+00
  416 8.000296e-01
  417 8.999713e-01
  418 1.050135e+00
  419 8.000144e-01
  420 8.999329e-01
  421 1.050116e+00
  422 8.000145e-01
  423 8.998975e-01
  424 1.050092e+00
  425 8.000214e-01
  426 8.998708e-01
  427 1.050070e+00
  428 8.000307e-01
  429 8.998556e-01
  430 1.050049e+00
  431 8.000381e-01
  432 8.998488e-01
  433 1.050034e+00
  434 8.000436e-01
  435 8.998513e-01
  436 1.050020e+00
  437 8.000457e-01
  438 8.998590e-01
  439 1.050010e+00
  440 8.000453e-01
  441 8.998708e-01
  442 1.050004e+00
  443 8.000432e-01
  444 8.998858e-01
  445 1.049999e+00
  446 8.000393e-01
  447 8.999009e-01
  448 1.049998e+00
  449 8.000353e-01
  450 8.999171e-01
  451 1.049996e+00
  452 8.000301e-01
  453 8.999309e-01
  454 1.049997e+00
  455 8.000254e-01
  456 8.999442e-01
  457 1.049996e+00
  458 8.000207e-01
  459 8.999551e-01
  460 1.049997e+00
  461 8.000166e-01
  462 8.999648e-01
  463 1.049998e+00
  464 8.000131e-01
  465 8.999731e-01
  466 1.049999e+00
  467 8.000104e-01
  468 8.999799e-01
  469 1.050000e+00
  470 8.000081e-01
  471 8.999852e-01
  472 1.049999e+00
  473 8.000058e-01
  474 8.999887e-01
  475 1.050000e+00
  476 8.000045e-01
  477 8.999922e-01
  478 1.049999e+00
  479 8.000028e-01
  480 8.999937e-01
  481 1.050000e+00
  482 8.000022e-01
  483 8.999960e-01
  484 1.049999e+00
  485 8.000011e-01
  486 8.999965e-01
  487 1.050000e+00
  488 8.000010e-01
  489 8.999982e-01
  490 1.049999e+00
  491 8.000004e-01
  492 8.999982e-01
  493 1.050001e+00
  494 8.000007e-01
  495 8.999996e-01
  496 1.049999e+00
  497 8.000000e-01
  498 8.999989e-01
  499 1.050000e+00
  500 8.000002e-01
  501 8.999997e-01
  502 1.050000e+00
  503 8.000003e-01
  504 8.999999e-01
  505 1.049999e+00
  506 8.000000e-01
  507 8.999996e-01
  508 1.049999e+00
  509 7.999999e-01
  510 8.999995e-01
  511 1.049999e+00
  512 7.999998e-01
  513 8.999996e-01
  514 1.050000e+00
  515 8.000003e-01
  516 9.000005e-01
  517 1.049999e+00
  518 8.000001e-01
  519 9.000000e-01
  520 1.049999e+00
  521 8.000003e-01
  522 9.000002e-01
  523 1.049998e+00
  524 7.999998e-01
  525 8.999995e-01
  526 1.049998e+00
  527 7.999998e-01
  528 8.999995e-01
  529 1.049998e+00
  530 7.999998e-01
  531 8.999996e-01
  532 1.049999e+00
  533 8.000004e-01
  534 9.000004e-01
  535 1.049998e+00
  536 8.000003e-01
  537 9.000000e-01
  538 1.049999e+00
  539 8.000007e-01
  540 9.000004e-01
  541 1.049998e+00
  542 8.000007e-01
  543 9.000002e-01
  544 1.049999e+00
  545 8.000008e-01
  546 9.000002e-01
  547 1.049998e+00
  548 8.000007e-01
  549 9.000001e-01
  550 1.049998e+00
  551 8.000004e-01
  552 8.999999e-01
  553 1.049998e+00
  554 8.000003e-01
  555 8.999999e-01
  556 1.049998e+00
  557 8.000002e-01
  558 9.000000e-01
  559 1.049998e+00
  560 8.000001e-01
  561 9.000001e-01
  562 1.049998e+00
  563 7.999998e-01
  564 8.999999e-01
  565 1.049998e+00
  566 7.999996e-01
  567 8.999997e-01
  568 1.049998e+00
  569 7.999996e-01
  570 8.999998e-01
  571 1.049999e+00
  572 8.000001e-01
  573 9.000004e-01
  574 1.049998e+00
  575 8.000000e-01
  576 8.999999e-01
  577 1.049999e+00
  578 8.000004e-01
  579 9.000002e-01
  580 1.049998e+00
  581 8.000004e-01
  582 8.999996e-01
  583 1.049998e+00
  584 8.000008e-01
  585 8.999996e-01
  586 1.049998e+00
  587 8.000010e-01
  588 8.999993e-01
  589 1.049998e+00
  590 8.000013e-01
  591 8.999991e-01
  592 1.049998e+00
  593 8.000014e-01
  594 8.999988e-01
  595 1.049997e+00
  596 8.000016e-01
  597 8.999988e-01
  598 1.049997e+00
  599 8.000019e-01
  600 8.999991e-01
  601 9.656221e-01
  602 7.885611e-01
  603 8.845403e-01
  604 9.297386e-01
  605 7.912403e-01
  606 8.954578e-01
  607 8.856508e-01
  608 7.896403e-01
  609 8.953727e-01
  610 8.631066e-01
  611 7.917040e-01
  612 9.000872e-01
  613 8.424824e-01
  614 7.923700e-01
  615 9.004865e-01
  616 8.305811e-01
  617 7.939375e-01
  618 9.017328e-01
  619 8.209079e-01
  620 7.949669e-01
  621 9.015397e-01
  622 8.148654e-01
  623 7.961147e-01
  624 9.015330e-01
  625 8.102655e-01
  626 7.969794e-01
  627 9.011400e-01
  628 8.072830e-01
  629 7.977624e-01
  630 9.008612e-01
  631 8.051152e-01
  632 7.983611e-01
  633 9.005369e-01
  634 8.036470e-01
  635 7.988430e-01
  636 9.002987e-01
  637 8.025786e-01
  638 7.992005e-01
  639 9.001041e-01
  640 8.018288e-01
  641 7.994688e-01
  642 8.999791e-01
  643 8.012821e-01
  644 7.996594e-01
  645 8.999001e-01
  646 8.008924e-01
  647 7.997935e-01
  648 8.998633e-01
  649 8.006107e-01
  650 7.998833e-01
  651 8.998532e-01
  652 8.004109e-01
  653 7.999416e-01
  654 8.998619e-01
  655 8.002695e-01
  656 7.999771e-01
  657 8.998805e-01
  658 8.001719e-01
  659 7.999973e-01
  660 8.999038e-01
  661 7.864886e-01
  662 7.921945e-01
  663 8.764821e-01
  664 7.955571e-01
  665 7.913743e-01
  666 8.636207e-01
  667 7.953956e-01
  668 7.896015e-01
  669 8.480920e-01
  670 7.994887e-01
  671 7.903698e-01
  672 8.378131e-01
  673 7.999558e-01
  674 7.910551e-01
  675 8.282874e-01
  676 8.011703e-01
  677 7.924596e-01
  678 8.214058e-01
  679 8.011419e-01
  680 7.937351e-01
  681 8.156554e-01
  682 8.012476e-01
  683 7.950637e-01
  684 8.113984e-01
  685 8.009903e-01
  686 7.961903e-01
  687 8.080569e-01
  688 8.007972e-01
  689 7.971730e-01
  690 8.056090e-01
  691 8.005416e-01
  692 7.979560e-01
  693 8.037842e-01
  694 8.003486e-01
  695 7.985774e-01
  696 8.024882e-01
  697 8.001786e-01
  698 7.990440e-01
  699 8.015722e-01
  700 8.000610e-01
  701 7.993880e-01
  702 8.009525e-01
  703 7.999772e-01
  704 7.996299e-01
  705 8.005424e-01
  706 7.999284e-01
  707 7.997948e-01
  708 8.002849e-01
  709 7.999031e-01
  710 7.999012e-01
  711 8.001308e-01
  712 7.998965e-01
  713 7.999660e-01
  714 8.000466e-01
  715 7.999014e-01
  716 8.000016e-01
  717 8.000063e-01
  718 7.999138e-01
  719 8.000182e-01
  720 7.999926e-01
  721 9.357000e-01
  722 8.708083e-01
  723 9.003042e-01
  724 8.962193e-01
  725 9.017614e-01
  726 8.979994e-01
  727 9.106212e-01
  728 9.470519e-01
  729 9.121329e-01
  730 8.817664e-01
  731 9.764864e-01
  732 8.941208e-01
  733 8.721401e-01
  734 1.006140e+00
  735 8.817323e-01
  736 8.530515e-01
  737 1.027894e+00
  738 8.626199e-01
  739 8.417938e-01
  740 1.046785e+00
  741 8.479335e-01
  742 8.298200e-01
  743 1.060956e+00
  744 8.340227e-01
  745 8.217199e-01
  746 1.072282e+00
  747 8.236998e-01
  748 8.147454e-01
  749 1.080636e+00
  750 8.154853e-01
  751 8.099224e-01
  752 1.086912e+00
  753 8.097484e-01
  754 8.062219e-01
  755 1.091377e+00
  756 8.056838e-01
  757 8.037310e-01
  758 1.094538e+00
  759 8.030785e-01
  760 8.019899e-01
  761 1.096673e+00
  762 8.014526e-01
  763 8.008928e-01
  764 1.098082e+00
  765 8.005571e-01
  766 8.002095e-01
  767 1.098963e+00
  768 8.001202e-01
  769 7.998368e-01
  770 1.099487e+00
  771 7.999787e-01
  772 7.996561e-01
  773 1.099772e+00
  774 7.999955e-01
  775 7.996035e-01
  776 1.099907e+00
  777 8.000898e-01
  778 7.996207e-01
  779 1.099954e+00
  780 8.002039e-01
  781 7.996758e-01
  782 1.099953e+00
  783 8.003083e-01
  784 7.997439e-01
  785 1.099932e+00
  786 8.003867e-01
  787 7.998124e-01
  788 1.099905e+00
  789 8.004345e-01
  790 7.998732e-01
  791 1.099883e+00
  792 8.004532e-01
  793 7.999234e-01
  794 1.099868e+00
  795 8.004475e-01
  796 7.999617e-01
  797 1.099861e+00
  798 8.004232e-01
  799 7.999897e-01
  800 1.099862e+00
