    1     0
    2     0
    3     0
    4     0
    5     0
    6     0
    7     0
    8     0
    9     0
   10 9.000000e-01
   11 9.000000e-01
   12 9.000000e-01
   13 9.000000e-01
   14 9.000000e-01
   15 9.000000e-01
   16 9.000000e-01
   17 9.000000e-01
   18 9.000000e-01
   19 9.000000e-01
   20 9.000000e-01
   21 9.000000e-01
   22 9.000000e-01
   23 9.000000e-01
   24 9.000000e-01
   25 9.000000e-01
   26 9.000000e-01
   27 9.000000e-01
   28 9.000000e-01
   29 9.000000e-01
   30 9.000000e-01
   31 9.000000e-01
   32 9.000000e-01
   33 9.000000e-01
   34 9.000000e-01
   35 9.000000e-01
   36 9.000000e-01
   37 9.000000e-01
   38 9.000000e-01
   39 9.000000e-01
   40 9.000000e-01
   41 9.000000e-01
   42 9.000000e-01
   43 9.000000e-01
   44 9.000000e-01
   45 9.000000e-01
   46 9.000000e-01
   47 9.000000e-01
   48 9.000000e-01
   49 9.000000e-01
   50 9.000000e-01
   51 9.000000e-01
   52 9.000000e-01
   53 9.000000e-01
   54 9.000000e-01
   55 9.000000e-01
   56 9.000000e-01
   57 9.000000e-01
   58 9.000000e-01
   59 9.000000e-01
   60 9.000000e-01
   61 9.000000e-01
   62 9.000000e-01
   63 9.000000e-01
   64 9.000000e-01
   65 9.000000e-01
   66 9.000000e-01
   67 9.000000e-01
   68 9.000000e-01
   69 9.000000e-01
   70 9.000000e-01
   71 9.000000e-01
   72 9.000000e-01
   73 9.000000e-01
   74 9.000000e-01
   75 9.000000e-01
   76 9.000000e-01
   77 9.000000e-01
   78 9.000000e-01
   79 9.000000e-01
   80 9.000000e-01
   81 9.000000e-01
   82 9.000000e-01
   83 9.000000e-01
   84 9.000000e-01
   85 9.000000e-01
   86 9.000000e-01
   87 9.000000e-01
   88 9.000000e-01
   89 9.000000e-01
   90 9.000000e-01
   91 9.000000e-01
   92 9.000000e-01
   93 9.000000e-01
   94 9.000000e-01
   95 9.000000e-01
   96 9.000000e-01
   97 9.000000e-01
   98 9.000000e-01
   99 9.000000e-01
  100 9.000000e-01
  101 9.000000e-01
  102 9.000000e-01
  103 9.000000e-01
  104 9.000000e-01
  105 9.000000e-01
  106 9.000000e-01
  107 9.000000e-01
  108 9.000000e-01
  109 9.000000e-01
  110 9.000000e-01
  111 9.000000e-01
  112 9.000000e-01
  113 9.000000e-01
  114 9.000000e-01
  115 9.000000e-01
  116 9.000000e-01
  117 9.000000e-01
  118 9.000000e-01
  119 9.000000e-01
  120 9.000000e-01
  121 9.000000e-01
  122 9.000000e-01
  123 9.000000e-01
  124 9.000000e-01
  125 9.000000e-01
  126 9.000000e-01
  127 9.000000e-01
  128 9.000000e-01
  129 9.000000e-01
  130 9.000000e-01
  131 9.000000e-01
  132 9.000000e-01
  133 9.000000e-01
  134 9.000000e-01
  135 9.000000e-01
  136 9.000000e-01
  137 9.000000e-01
  138 9.000000e-01
  139 9.000000e-01
  140 9.000000e-01
  141 9.000000e-01
  142 9.000000e-01
  143 9.000000e-01
  144 9.000000e-01
  145 9.000000e-01
  146 9.000000e-01
  147 9.000000e-01
  148 9.000000e-01
  149 9.000000e-01
  150 9.000000e-01
  151 9.000000e-01
  152 9.000000e-01
  153 9.000000e-01
  154 9.000000e-01
  155 9.000000e-01
  156 9.000000e-01
  157 9.000000e-01
  158 9.000000e-01
  159 9.000000e-01
  160 9.000000e-01
  161 9.000000e-01
  162 9.000000e-01
  163 9.000000e-01
  164 9.000000e-01
  165 9.000000e-01
  166 9.000000e-01
  167 9.000000e-01
  168 9.000000e-01
  169 9.000000e-01
  170 9.000000e-01
  171 9.000000e-01
  172 9.000000e-01
  173 9.000000e-01
  174 9.000000e-01
  175 9.000000e-01
  176 9.000000e-01
  177 9.000000e-01
  178 9.000000e-01
  179 9.000000e-01
  180 9.000000e-01
  181 9.000000e-01
  182 9.000000e-01
  183 9.000000e-01
  184 9.000000e-01
  185 9.000000e-01
  186 9.000000e-01
  187 9.000000e-01
  188 9.000000e-01
  189 9.000000e-01
  190 9.000000e-01
  191 9.000000e-01
  192 9.000000e-01
  193 9.000000e-01
  194 9.000000e-01
  195 9.000000e-01
  196 9.000000e-01
  197 9.000000e-01
  198 9.000000e-01
  199 9.000000e-01
  200 9.000000e-01
  201 9.000000e-01
  202 9.000000e-01
  203 9.000000e-01
  204 9.000000e-01
  205 9.000000e-01
  206 9.000000e-01
  207 9.000000e-01
  208 9.000000e-01
  209 9.000000e-01
  210 9.000000e-01
  211 9.000000e-01
  212 9.000000e-01
  213 9.000000e-01
  214 9.000000e-01
  215 9.000000e-01
  216 9.000000e-01
  217 9.000000e-01
  218 9.000000e-01
  219 9.000000e-01
  220 8.000000e-01
  221 8.000000e-01
  222 8.000000e-01
  223 8.000000e-01
  224 8.000000e-01
  225 8.000000e-01
  226 8.000000e-01
  227 8.000000e-01
  228 8.000000e-01
  229 8.000000e-01
  230 8.000000e-01
  231 8.000000e-01
  232 8.000000e-01
  233 8.000000e-01
  234 8.000000e-01
  235 8.000000e-01
  236 8.000000e-01
  237 8.000000e-01
  238 8.000000e-01
  239 8.000000e-01
  240 8.000000e-01
  241 8.000000e-01
  242 8.000000e-01
  243 8.000000e-01
  244 8.000000e-01
  245 8.000000e-01
  246 8.000000e-01
  247 8.000000e-01
  248 8.000000e-01
  249 8.000000e-01
  250 8.000000e-01
  251 8.000000e-01
  252 8.000000e-01
  253 8.000000e-01
  254 8.000000e-01
  255 8.000000e-01
  256 8.000000e-01
  257 8.000000e-01
  258 8.000000e-01
  259 8.000000e-01
  260 8.000000e-01
  261 8.000000e-01
  262 8.000000e-01
  263 8.000000e-01
  264 8.000000e-01
  265 8.000000e-01
  266 8.000000e-01
  267 8.000000e-01
  268 8.000000e-01
  269 8.000000e-01
  270 8.000000e-01
  271 8.000000e-01
  272 8.000000e-01
  273 8.000000e-01
  274 8.000000e-01
  275 8.000000e-01
  276 8.000000e-01
  277 8.000000e-01
  278 8.000000e-01
  279 8.000000e-01
  280 8.000000e-01
  281 8.000000e-01
  282 8.000000e-01
  283 8.000000e-01
  284 8.000000e-01
  285 8.000000e-01
  286 8.000000e-01
  287 8.000000e-01
  288 8.000000e-01
  289 8.000000e-01
  290 8.000000e-01
  291 8.000000e-01
  292 8.000000e-01
  293 8.000000e-01
  294 8.000000e-01
  295 8.000000e-01
  296 8.000000e-01
  297 8.000000e-01
  298 8.000000e-01
  299 8.000000e-01
  300 8.000000e-01
  301 8.000000e-01
  302 8.000000e-01
  303 8.000000e-01
  304 8.000000e-01
  305 8.000000e-01
  306 8.000000e-01
  307 8.000000e-01
  308 8.000000e-01
  309 8.000000e-01
  310 8.000000e-01
  311 8.000000e-01
  312 8.000000e-01
  313 8.000000e-01
  314 8.000000e-01
  315 8.000000e-01
  316 8.000000e-01
  317 8.000000e-01
  318 8.000000e-01
  319 8.000000e-01
  320 8.000000e-01
  321 8.000000e-01
  322 8.000000e-01
  323 8.000000e-01
  324 8.000000e-01
  325 8.000000e-01
  326 8.000000e-01
  327 8.000000e-01
  328 8.000000e-01
  329 8.000000e-01
  330 8.000000e-01
  331 8.000000e-01
  332 8.000000e-01
  333 8.000000e-01
  334 8.000000e-01
  335 8.000000e-01
  336 8.000000e-01
  337 8.000000e-01
  338 8.000000e-01
  339 8.000000e-01
  340 8.000000e-01
  341 8.000000e-01
  342 8.000000e-01
  343 8.000000e-01
  344 8.000000e-01
  345 8.000000e-01
  346 8.000000e-01
  347 8.000000e-01
  348 8.000000e-01
  349 8.000000e-01
  350 8.000000e-01
  351 8.000000e-01
  352 8.000000e-01
  353 8.000000e-01
  354 8.000000e-01
  355 8.000000e-01
  356 8.000000e-01
  357 8.000000e-01
  358 8.000000e-01
  359 8.000000e-01
  360 8.000000e-01
  361 8.000000e-01
  362 8.000000e-01
  363 8.000000e-01
  364 8.000000e-01
  365 8.000000e-01
  366 8.000000e-01
  367 8.000000e-01
  368 8.000000e-01
  369 8.000000e-01
  370 8.000000e-01
  371 8.000000e-01
  372 8.000000e-01
  373 8.000000e-01
  374 8.000000e-01
  375 8.000000e-01
  376 8.000000e-01
  377 8.000000e-01
  378 8.000000e-01
  379 8.000000e-01
  380 8.000000e-01
  381 8.000000e-01
  382 8.000000e-01
  383 8.000000e-01
  384 8.000000e-01
  385 8.000000e-01
  386 8.000000e-01
  387 8.000000e-01
  388 8.000000e-01
  389 8.000000e-01
  390 8.000000e-01
  391 8.000000e-01
  392 8.000000e-01
  393 8.000000e-01
  394 8.000000e-01
  395 8.000000e-01
  396 8.000000e-01
  397 8.000000e-01
  398 8.000000e-01
  399 8.000000e-01
  400 8.000000e-01
  401 8.000000e-01
  402 8.000000e-01
  403 8.000000e-01
  404 8.000000e-01
  405 8.000000e-01
  406 8.000000e-01
  407 8.000000e-01
  408 8.000000e-01
  409 8.000000e-01
  410 8.000000e-01
  411 8.000000e-01
  412 8.000000e-01
  413 8.000000e-01
  414 8.000000e-01
  415 8.000000e-01
  416 8.000000e-01
  417 8.000000e-01
  418 8.000000e-01
  419 8.000000e-01
  420 8.000000e-01
  421 8.000000e-01
  422 8.000000e-01
  423 8.000000e-01
  424 8.000000e-01
  425 8.000000e-01
  426 8.000000e-01
  427 8.000000e-01
  428 8.000000e-01
  429 8.000000e-01
  430 8.000000e-01
  431 8.000000e-01
  432 8.000000e-01
  433 8.000000e-01
  434 8.000000e-01
  435 8.000000e-01
  436 8.000000e-01
  437 8.000000e-01
  438 8.000000e-01
  439 8.000000e-01
  440 1.100000e+00
  441 1.100000e+00
  442 1.100000e+00
  443 1.100000e+00
  444 1.100000e+00
  445 1.100000e+00
  446 1.100000e+00
  447 1.100000e+00
  448 1.100000e+00
  449 1.100000e+00
  450 1.100000e+00
  451 1.100000e+00
  452 1.100000e+00
  453 1.100000e+00
  454 1.100000e+00
  455 1.100000e+00
  456 1.100000e+00
  457 1.100000e+00
  458 1.100000e+00
  459 1.100000e+00
  460 1.100000e+00
  461 1.100000e+00
  462 1.100000e+00
  463 1.100000e+00
  464 1.100000e+00
  465 1.100000e+00
  466 1.100000e+00
  467 1.100000e+00
  468 1.100000e+00
  469 1.100000e+00
  470 1.100000e+00
  471 1.100000e+00
  472 1.100000e+00
  473 1.100000e+00
  474 1.100000e+00
  475 1.100000e+00
  476 1.100000e+00
  477 1.100000e+00
  478 1.100000e+00
  479 1.100000e+00
  480 1.100000e+00
  481 1.100000e+00
  482 1.100000e+00
  483 1.100000e+00
  484 1.100000e+00
  485 1.100000e+00
  486 1.100000e+00
  487 1.100000e+00
  488 1.100000e+00
  489 1.100000e+00
  490 1.100000e+00
  491 1.100000e+00
  492 1.100000e+00
  493 1.100000e+00
  494 1.100000e+00
  495 1.100000e+00
  496 1.100000e+00
  497 1.100000e+00
  498 1.100000e+00
  499 1.100000e+00
  500 1.100000e+00
  501 1.100000e+00
  502 1.100000e+00
  503 1.100000e+00
  504 1.100000e+00
  505 1.100000e+00
  506 1.100000e+00
  507 1.100000e+00
  508 1.100000e+00
  509 1.100000e+00
  510 1.100000e+00
  511 1.100000e+00
  512 1.100000e+00
  513 1.100000e+00
  514 1.100000e+00
  515 1.100000e+00
  516 1.100000e+00
  517 1.100000e+00
  518 1.100000e+00
  519 1.100000e+00
  520 1.100000e+00
  521 1.100000e+00
  522 1.100000e+00
  523 1.100000e+00
  524 1.100000e+00
  525 1.100000e+00
  526 1.100000e+00
  527 1.100000e+00
  528 1.100000e+00
  529 1.100000e+00
  530 1.100000e+00
  531 1.100000e+00
  532 1.100000e+00
  533 1.100000e+00
  534 1.100000e+00
  535 1.100000e+00
  536 1.100000e+00
  537 1.100000e+00
  538 1.100000e+00
  539 1.100000e+00
  540 1.100000e+00
  541 1.100000e+00
  542 1.100000e+00
  543 1.100000e+00
  544 1.100000e+00
  545 1.100000e+00
  546 1.100000e+00
  547 1.100000e+00
  548 1.100000e+00
  549 1.100000e+00
  550 1.100000e+00
  551 1.100000e+00
  552 1.100000e+00
  553 1.100000e+00
  554 1.100000e+00
  555 1.100000e+00
  556 1.100000e+00
  557 1.100000e+00
  558 1.100000e+00
  559 1.100000e+00
  560 1.100000e+00
  561 1.100000e+00
  562 1.100000e+00
  563 1.100000e+00
  564 1.100000e+00
  565 1.100000e+00
  566 1.100000e+00
  567 1.100000e+00
  568 1.100000e+00
  569 1.100000e+00
  570 1.100000e+00
  571 1.100000e+00
  572 1.100000e+00
  573 1.100000e+00
  574 1.100000e+00
  575 1.100000e+00
  576 1.100000e+00
  577 1.100000e+00
  578 1.100000e+00
  579 1.100000e+00
  580 1.100000e+00
  581 1.100000e+00
  582 1.100000e+00
  583 1.100000e+00
  584 1.100000e+00
  585 1.100000e+00
  586 1.100000e+00
  587 1.100000e+00
  588 1.100000e+00
  589 1.100000e+00
  590 1.100000e+00
  591 1.100000e+00
  592 1.100000e+00
  593 1.100000e+00
  594 1.100000e+00
  595 1.100000e+00
  596 1.100000e+00
  597 1.100000e+00
  598 1.100000e+00
  599 1.100000e+00
  600 1.100000e+00
  601 1.100000e+00
  602 1.100000e+00
  603 1.100000e+00
  604 1.100000e+00
  605 1.100000e+00
  606 1.100000e+00
  607 1.100000e+00
  608 1.100000e+00
  609 1.100000e+00
  610 1.100000e+00
  611 1.100000e+00
  612 1.100000e+00
  613 1.100000e+00
  614 1.100000e+00
  615 1.100000e+00
  616 1.100000e+00
  617 1.100000e+00
  618 1.100000e+00
  619 1.100000e+00
  620 1.100000e+00
  621 1.100000e+00
  622 1.100000e+00
  623 1.100000e+00
  624 1.100000e+00
  625 1.100000e+00
  626 1.100000e+00
  627 1.100000e+00
  628 1.100000e+00
  629 1.100000e+00
  630 1.100000e+00
  631 1.100000e+00
  632 1.100000e+00
  633 1.100000e+00
  634 1.100000e+00
  635 1.100000e+00
  636 1.100000e+00
  637 1.100000e+00
  638 1.100000e+00
  639 1.100000e+00
  640 1.100000e+00
  641 1.100000e+00
  642 1.100000e+00
  643 1.100000e+00
  644 1.100000e+00
  645 1.100000e+00
  646 1.100000e+00
  647 1.100000e+00
  648 1.100000e+00
  649 1.100000e+00
  650 1.100000e+00
  651 1.100000e+00
  652 1.100000e+00
  653 1.100000e+00
  654 1.100000e+00
  655 1.100000e+00
  656 1.100000e+00
  657 1.100000e+00
  658 1.100000e+00
  659 1.100000e+00
  660     1
  661     1
  662     1
  663     1
  664     1
  665     1
  666     1
  667     1
  668     1
  669     1
  670     1
  671     1
  672     1
  673     1
  674     1
  675     1
  676     1
  677     1
  678     1
  679     1
  680     1
  681     1
  682     1
  683     1
  684     1
  685     1
  686     1
  687     1
  688     1
  689     1
  690     1
  691     1
  692     1
  693     1
  694     1
  695     1
  696     1
  697     1
  698     1
  699     1
  700     1
  701     1
  702     1
  703     1
  704     1
  705     1
  706     1
  707     1
  708     1
  709     1
  710     1
  711     1
  712     1
  713     1
  714     1
  715     1
  716     1
  717     1
  718     1
  719     1
  720     1
  721     1
  722     1
  723     1
  724     1
  725     1
  726     1
  727     1
  728     1
  729     1
  730     1
  731     1
  732     1
  733     1
  734     1
  735     1
  736     1
  737     1
  738     1
  739     1
  740     1
  741     1
  742     1
  743     1
  744     1
  745     1
  746     1
  747     1
  748     1
  749     1
  750     1
  751     1
  752     1
  753     1
  754     1
  755     1
  756     1
  757     1
  758     1
  759     1
  760     1
  761     1
  762     1
  763     1
  764     1
  765     1
  766     1
  767     1
  768     1
  769     1
  770     1
  771     1
  772     1
  773     1
  774     1
  775     1
  776     1
  777     1
  778     1
  779     1
  780     1
  781     1
  782     1
  783     1
  784     1
  785     1
  786     1
  787     1
  788     1
  789     1
  790     1
  791     1
  792     1
  793     1
  794     1
  795     1
  796     1
  797     1
  798     1
  799     1
  800     1
