    1     0
    2     0
    3     0
    4     0
    5     0
    6     0
    7 2.871728e-01
    8 5.192825e-01
    9 7.023814e-01
   10 8.424267e-01
   11 9.451564e-01
   12 1.009034e+00
   13 1.042086e+00
   14 1.051242e+00
   15 1.042393e+00
   16 1.020480e+00
   17 9.897502e-01
   18 9.535692e-01
   19 9.145527e-01
   20 8.746873e-01
   21 8.354392e-01
   22 7.978453e-01
   23 7.626006e-01
   24 7.301323e-01
   25 7.006611e-01
   26 6.742526e-01
   27 6.508588e-01
   28 6.303519e-01
   29 6.125504e-01
   30 5.972406e-01
   31 5.841915e-01
   32 5.731677e-01
   33 5.639375e-01
   34 5.562792e-01
   35 5.499849e-01
   36 5.448636e-01
   37 5.407416e-01
   38 5.374638e-01
   39 5.348926e-01
   40 5.329076e-01
   41 5.314042e-01
   42 5.302926e-01
   43 5.294961e-01
   44 5.289503e-01
   45 5.286011e-01
   46 5.284035e-01
   47 5.283206e-01
   48 5.283226e-01
   49 5.283852e-01
   50 5.284894e-01
   51 5.286202e-01
   52 5.287659e-01
   53 5.289178e-01
   54 5.290695e-01
   55 5.292162e-01
   56 5.293549e-01
   57 5.294835e-01
   58 5.296008e-01
   59 5.297064e-01
   60 5.298004e-01
   61 5.298830e-01
   62 5.299551e-01
   63 5.300173e-01
   64 5.300705e-01
   65 5.301157e-01
   66 5.301537e-01
   67 5.301854e-01
   68 5.302116e-01
   69 5.302329e-01
   70 5.302502e-01
   71 5.302641e-01
   72 5.302749e-01
   73 5.302834e-01
   74 5.302898e-01
   75 5.302946e-01
   76 5.302980e-01
   77 5.303004e-01
   78 5.303020e-01
   79 5.303029e-01
   80 5.303034e-01
   81 5.303035e-01
   82 5.303033e-01
   83 5.303030e-01
   84 5.303026e-01
   85 5.303021e-01
   86 5.303016e-01
   87 5.303010e-01
   88 5.303005e-01
   89 5.303000e-01
   90 5.302995e-01
   91 5.302991e-01
   92 5.302986e-01
   93 5.302982e-01
   94 5.302979e-01
   95 5.302976e-01
   96 5.302973e-01
   97 5.302971e-01
   98 5.302969e-01
   99 5.302968e-01
  100 5.302967e-01
  101 5.302966e-01
  102 5.302965e-01
  103 5.302964e-01
  104 5.302964e-01
  105 5.302964e-01
  106 5.302964e-01
  107 5.302964e-01
  108 5.302964e-01
  109 5.302964e-01
  110 5.302965e-01
  111 5.302965e-01
  112 5.302965e-01
  113 5.302964e-01
  114 5.302964e-01
  115 5.302963e-01
  116 5.302963e-01
  117 5.302963e-01
  118 5.302963e-01
  119 5.302963e-01
  120 5.302963e-01
  121 5.302963e-01
  122 5.302964e-01
  123 5.302963e-01
  124 5.302963e-01
  125 5.302962e-01
  126 5.302962e-01
  127 5.302961e-01
  128 5.302960e-01
  129 5.302961e-01
  130 5.302961e-01
  131 5.302962e-01
  132 5.302963e-01
  133 5.302963e-01
  134 5.302964e-01
  135 5.302964e-01
  136 5.302964e-01
  137 5.302964e-01
  138 5.302964e-01
  139 5.302964e-01
  140 5.302964e-01
  141 5.302964e-01
  142 5.302965e-01
  143 5.302966e-01
  144 5.302966e-01
  145 5.302967e-01
  146 5.302967e-01
  147 5.302967e-01
  148 5.302967e-01
  149 5.302967e-01
  150 5.302966e-01
  151 5.302966e-01
  152 5.302965e-01
  153 5.302964e-01
  154 5.302963e-01
  155 5.302962e-01
  156 5.302961e-01
  157 5.302961e-01
  158 5.302960e-01
  159 5.302959e-01
  160 5.302957e-01
  161 5.302955e-01
  162 5.302953e-01
  163 5.302950e-01
  164 5.302947e-01
  165 5.302944e-01
  166 5.302941e-01
  167 5.302937e-01
  168 5.302934e-01
  169 5.302931e-01
  170 5.302928e-01
  171 5.302925e-01
  172 5.302922e-01
  173 5.302920e-01
  174 5.302919e-01
  175 5.302918e-01
  176 5.302919e-01
  177 5.302921e-01
  178 5.302924e-01
  179 5.302930e-01
  180 5.302938e-01
  181 5.302949e-01
  182 5.302963e-01
  183 5.302981e-01
  184 5.303003e-01
  185 5.303030e-01
  186 5.303061e-01
  187 5.303098e-01
  188 5.303141e-01
  189 5.303191e-01
  190 5.303246e-01
  191 5.303306e-01
  192 5.303374e-01
  193 5.303447e-01
  194 5.303525e-01
  195 5.303606e-01
  196 5.303690e-01
  197 5.303774e-01
  198 5.303857e-01
  199 5.303936e-01
  200 5.304008e-01
  201 5.304074e-01
  202 5.304118e-01
  203 4.883628e-01
  204 4.179245e-01
  205 3.300568e-01
  206 2.333889e-01
  207 1.345611e-01
  208 3.955478e-02
  209 -4.762114e-02
  210 -1.245063e-01
  211 -1.898316e-01
  212 -2.432209e-01
  213 -2.849710e-01
  214 -3.158324e-01
  215 -3.368395e-01
  216 -3.491803e-01
  217 -3.540997e-01
  218 -3.528292e-01
  219 -3.465382e-01
  220 -3.363035e-01
  221 -3.230905e-01
  222 -3.077461e-01
  223 -2.909973e-01
  224 -2.734557e-01
  225 -2.556248e-01
  226 -2.379096e-01
  227 -2.206275e-01
  228 -2.040188e-01
  229 -1.882581e-01
  230 -1.734638e-01
  231 -1.597082e-01
  232 -1.470260e-01
  233 -1.354216e-01
  234 -1.248760e-01
  235 -1.153525e-01
  236 -1.068015e-01
  237 -9.916482e-02
  238 -9.237858e-02
  239 -8.637621e-02
  240 -8.109048e-02
  241 -7.645513e-02
  242 -7.240611e-02
  243 -6.888244e-02
  244 -6.582682e-02
  245 -6.318605e-02
  246 -6.091115e-02
  247 -5.895745e-02
  248 -5.728451e-02
  249 -5.585597e-02
  250 -5.463934e-02
  251 -5.360576e-02
  252 -5.272975e-02
  253 -5.198890e-02
  254 -5.136363e-02
  255 -5.083686e-02
  256 -5.039381e-02
  257 -5.002171e-02
  258 -4.970957e-02
  259 -4.944800e-02
  260 -4.922897e-02
  261 -4.904564e-02
  262 -4.889221e-02
  263 -4.876380e-02
  264 -4.865627e-02
  265 -4.856614e-02
  266 -4.849052e-02
  267 -4.842696e-02
  268 -4.837343e-02
  269 -4.832823e-02
  270 -4.828997e-02
  271 -4.825749e-02
  272 -4.822983e-02
  273 -4.820618e-02
  274 -4.818590e-02
  275 -4.816845e-02
  276 -4.815338e-02
  277 -4.814033e-02
  278 -4.812898e-02
  279 -4.811909e-02
  280 -4.811045e-02
  281 -4.810288e-02
  282 -4.809625e-02
  283 -4.809041e-02
  284 -4.808527e-02
  285 -4.808073e-02
  286 -4.807673e-02
  287 -4.807319e-02
  288 -4.807005e-02
  289 -4.806728e-02
  290 -4.806482e-02
  291 -4.806265e-02
  292 -4.806072e-02
  293 -4.805902e-02
  294 -4.805751e-02
  295 -4.805618e-02
  296 -4.805502e-02
  297 -4.805399e-02
  298 -4.805309e-02
  299 -4.805230e-02
  300 -4.805161e-02
