    1     0
    2     0
    3     0
    4     0
    5     0
    6     0
    7 8.294433e-01
    8 1.353528e+00
    9 1.640197e+00
   10 1.750739e+00
   11 1.737778e+00
   12 1.586470e+00
   13 1.376213e+00
   14 1.158569e+00
   15 9.636608e-01
   16 8.060104e-01
   17 6.935931e-01
   18 6.229223e-01
   19 5.851701e-01
   20 5.701168e-01
   21 5.684365e-01
   22 5.725024e-01
   23 5.771418e-01
   24 5.795316e-01
   25 5.786887e-01
   26 5.748457e-01
   27 5.688997e-01
   28 5.619493e-01
   29 5.549850e-01
   30 5.487272e-01
   31 5.435828e-01
   32 5.396794e-01
   33 5.369368e-01
   34 5.351511e-01
   35 5.340704e-01
   36 5.334518e-01
   37 5.330938e-01
   38 5.328512e-01
   39 5.326351e-01
   40 5.324030e-01
   41 5.321442e-01
   42 5.318677e-01
   43 5.315912e-01
   44 5.313328e-01
   45 5.311059e-01
   46 5.309173e-01
   47 5.307682e-01
   48 5.306555e-01
   49 5.305739e-01
   50 5.305161e-01
   51 5.304757e-01
   52 5.304466e-01
   53 5.304247e-01
   54 5.304065e-01
   55 5.303907e-01
   56 5.303764e-01
   57 5.303630e-01
   58 5.303503e-01
   59 5.303394e-01
   60 5.303299e-01
   61 5.303221e-01
   62 5.303164e-01
   63 5.303121e-01
   64 5.303092e-01
   65 5.303072e-01
   66 5.303060e-01
   67 5.303049e-01
   68 5.303041e-01
   69 5.303030e-01
   70 5.303019e-01
   71 5.303006e-01
   72 5.302991e-01
   73 5.302978e-01
   74 5.302965e-01
   75 5.302961e-01
   76 5.302956e-01
   77 5.302953e-01
   78 5.302953e-01
   79 5.302957e-01
   80 5.302962e-01
   81 5.302967e-01
   82 5.302968e-01
   83 5.302970e-01
   84 5.302972e-01
   85 5.302973e-01
   86 5.302975e-01
   87 5.302972e-01
   88 5.302969e-01
   89 5.302964e-01
   90 5.302964e-01
   91 5.302961e-01
   92 5.302957e-01
   93 5.302955e-01
   94 5.302957e-01
   95 5.302958e-01
   96 5.302956e-01
   97 5.302956e-01
   98 5.302958e-01
   99 5.302962e-01
  100 5.302965e-01
  101 5.302964e-01
  102 5.302964e-01
  103 5.302966e-01
  104 5.302967e-01
  105 5.302970e-01
  106 5.302970e-01
  107 5.302969e-01
  108 5.302969e-01
  109 5.302968e-01
  110 5.302968e-01
  111 5.302964e-01
  112 5.302961e-01
  113 5.302958e-01
  114 5.302956e-01
  115 5.302956e-01
  116 5.302957e-01
  117 5.302962e-01
  118 5.302965e-01
  119 5.302967e-01
  120 5.302969e-01
  121 5.302971e-01
  122 5.302970e-01
  123 5.302963e-01
  124 5.302959e-01
  125 5.302954e-01
  126 5.302950e-01
  127 5.302947e-01
  128 5.302949e-01
  129 5.302957e-01
  130 5.302966e-01
  131 5.302972e-01
  132 5.302977e-01
  133 5.302977e-01
  134 5.302972e-01
  135 5.302968e-01
  136 5.302962e-01
  137 5.302954e-01
  138 5.302953e-01
  139 5.302954e-01
  140 5.302960e-01
  141 5.302964e-01
  142 5.302968e-01
  143 5.302973e-01
  144 5.302978e-01
  145 5.302975e-01
  146 5.302969e-01
  147 5.302966e-01
  148 5.302962e-01
  149 5.302959e-01
  150 5.302957e-01
  151 5.302954e-01
  152 5.302954e-01
  153 5.302955e-01
  154 5.302956e-01
  155 5.302962e-01
  156 5.302965e-01
  157 5.302970e-01
  158 5.302974e-01
  159 5.302972e-01
  160 5.302970e-01
  161 5.302966e-01
  162 5.302960e-01
  163 5.302955e-01
  164 5.302950e-01
  165 5.302950e-01
  166 5.302955e-01
  167 5.302956e-01
  168 5.302962e-01
  169 5.302966e-01
  170 5.302966e-01
  171 5.302966e-01
  172 5.302966e-01
  173 5.302964e-01
  174 5.302959e-01
  175 5.302958e-01
  176 5.302954e-01
  177 5.302946e-01
  178 5.302935e-01
  179 5.302928e-01
  180 5.302920e-01
  181 5.302913e-01
  182 5.302902e-01
  183 5.302897e-01
  184 5.302898e-01
  185 5.302903e-01
  186 5.302918e-01
  187 5.302942e-01
  188 5.302988e-01
  189 5.303055e-01
  190 5.303142e-01
  191 5.303258e-01
  192 5.303409e-01
  193 5.303594e-01
  194 5.303802e-01
  195 5.304031e-01
  196 5.304266e-01
  197 5.304484e-01
  198 5.304660e-01
  199 5.304785e-01
  200 5.304844e-01
  201 5.304841e-01
  202 -1.162359e-01
  203 -6.815146e-01
  204 -1.018317e+00
  205 -1.180061e+00
  206 -1.214294e+00
  207 -1.116057e+00
  208 -9.424902e-01
  209 -7.468370e-01
  210 -5.620028e-01
  211 -4.056152e-01
  212 -2.876894e-01
  213 -2.081771e-01
  214 -1.606816e-01
  215 -1.364981e-01
  216 -1.270776e-01
  217 -1.250997e-01
  218 -1.252647e-01
  219 -1.244127e-01
  220 -1.211700e-01
  221 -1.154203e-01
  222 -1.077910e-01
  223 -9.921373e-02
  224 -9.060019e-02
  225 -8.266112e-02
  226 -7.583275e-02
  227 -7.028988e-02
  228 -6.599922e-02
  229 -6.279313e-02
  230 -6.044191e-02
  231 -5.870820e-02
  232 -5.738468e-02
  233 -5.631307e-02
  234 -5.538574e-02
  235 -5.454115e-02
  236 -5.375104e-02
  237 -5.301049e-02
  238 -5.232579e-02
  239 -5.170500e-02
  240 -5.115631e-02
  241 -5.068230e-02
  242 -5.027986e-02
  243 -4.994262e-02
  244 -4.966345e-02
  245 -4.943221e-02
  246 -4.924081e-02
  247 -4.908014e-02
  248 -4.894341e-02
  249 -4.882609e-02
  250 -4.872340e-02
  251 -4.863373e-02
  252 -4.855508e-02
  253 -4.848539e-02
  254 -4.842505e-02
  255 -4.837222e-02
  256 -4.832629e-02
  257 -4.828763e-02
  258 -4.825432e-02
  259 -4.822606e-02
  260 -4.820244e-02
  261 -4.818212e-02
  262 -4.816430e-02
  263 -4.814931e-02
  264 -4.813574e-02
  265 -4.812408e-02
  266 -4.811398e-02
  267 -4.810470e-02
  268 -4.809601e-02
  269 -4.808880e-02
  270 -4.808259e-02
  271 -4.807717e-02
  272 -4.807281e-02
  273 -4.806911e-02
  274 -4.806585e-02
  275 -4.806341e-02
  276 -4.806141e-02
  277 -4.806008e-02
  278 -4.805841e-02
  279 -4.805730e-02
  280 -4.805635e-02
  281 -4.805542e-02
  282 -4.805477e-02
  283 -4.805355e-02
  284 -4.805254e-02
  285 -4.805186e-02
  286 -4.805090e-02
  287 -4.804960e-02
  288 -4.804886e-02
  289 -4.804861e-02
  290 -4.804817e-02
  291 -4.804792e-02
  292 -4.804790e-02
  293 -4.804763e-02
  294 -4.804790e-02
  295 -4.804803e-02
  296 -4.804824e-02
  297 -4.804830e-02
  298 -4.804797e-02
  299 -4.804774e-02
  300 -4.804803e-02
