    1     0
    2     0
    3     0
    4     0
    5     0
    6     0
    7     0
    8     0
    9     0
   10     0
   11     0
   12 2.424600e-02
   13 6.701046e-02
   14 1.233307e-01
   15 1.889672e-01
   16 2.603531e-01
   17 3.339504e-01
   18 4.070562e-01
   19 4.776732e-01
   20 5.443902e-01
   21 6.062768e-01
   22 6.628024e-01
   23 7.137447e-01
   24 7.591123e-01
   25 7.990815e-01
   26 8.339448e-01
   27 8.640693e-01
   28 8.898647e-01
   29 9.117585e-01
   30 9.301781e-01
   31 9.455373e-01
   32 9.582277e-01
   33 9.686124e-01
   34 9.770233e-01
   35 9.837594e-01
   36 9.890868e-01
   37 9.932397e-01
   38 9.964227e-01
   39 9.988122e-01
   40 1.000559e+00
   41 1.001792e+00
   42 1.002618e+00
   43 1.003128e+00
   44 1.003394e+00
   45 1.003479e+00
   46 1.003431e+00
   47 1.003289e+00
   48 1.003085e+00
   49 1.002843e+00
   50 1.002580e+00
   51 1.002311e+00
   52 1.002047e+00
   53 1.001794e+00
   54 1.001556e+00
   55 1.001337e+00
   56 1.001139e+00
   57 1.000961e+00
   58 1.000804e+00
   59 1.000666e+00
   60 1.000547e+00
   61 1.000444e+00
   62 1.000357e+00
   63 1.000283e+00
   64 1.000221e+00
   65 1.000170e+00
   66 1.000128e+00
   67 1.000094e+00
   68 1.000067e+00
   69 1.000045e+00
   70 1.000028e+00
   71 1.000015e+00
   72 1.000005e+00
   73 9.999981e-01
   74 9.999930e-01
   75 9.999895e-01
   76 9.999874e-01
   77 9.999862e-01
   78 9.999859e-01
   79 9.999860e-01
   80 9.999866e-01
   81 9.999874e-01
   82 9.999883e-01
   83 9.999894e-01
   84 9.999904e-01
   85 9.999915e-01
   86 9.999925e-01
   87 9.999935e-01
   88 9.999943e-01
   89 9.999951e-01
   90 9.999959e-01
   91 9.999965e-01
   92 9.999971e-01
   93 9.999976e-01
   94 9.999980e-01
   95 9.999984e-01
   96 9.999987e-01
   97 9.999990e-01
   98 9.999992e-01
   99 9.999994e-01
  100 9.999995e-01
  101 9.999996e-01
  102 9.999997e-01
  103 9.999998e-01
  104 9.999998e-01
  105 9.999999e-01
  106 9.999999e-01
  107 9.999999e-01
  108 9.999999e-01
  109 9.999999e-01
  110 1.000000e+00
  111 1.000000e+00
  112 1.000000e+00
  113 1.000000e+00
  114 1.000000e+00
  115 1.000000e+00
  116 1.000000e+00
  117 1.000000e+00
  118 1.000000e+00
  119 1.000000e+00
  120 1.000000e+00
  121 1.000000e+00
  122 1.000000e+00
  123 1.000000e+00
  124 1.000000e+00
  125 1.000000e+00
  126 1.000000e+00
  127 1.000000e+00
  128 1.000000e+00
  129 1.000000e+00
  130 1.000000e+00
  131 1.000000e+00
  132 1.000000e+00
  133 1.000000e+00
  134 1.000000e+00
  135 1.000000e+00
  136 1.000000e+00
  137 1.000000e+00
  138 1.000000e+00
  139 1.000000e+00
  140 1.000000e+00
  141 1.000000e+00
  142 1.000000e+00
  143 1.000000e+00
  144 1.000000e+00
  145 1.000000e+00
  146 1.000000e+00
  147 1.000000e+00
  148 1.000000e+00
  149 1.000000e+00
  150 1.000000e+00
  151 1.000000e+00
  152 1.000000e+00
  153 1.000000e+00
  154 1.000000e+00
  155 1.000000e+00
  156 1.000000e+00
  157 1.000000e+00
  158 1.000000e+00
  159 1.000000e+00
  160 1.000000e+00
  161 1.000000e+00
  162 1.000000e+00
  163 1.000000e+00
  164 1.000000e+00
  165 1.000000e+00
  166 1.000000e+00
  167 9.999999e-01
  168 9.999998e-01
  169 9.999997e-01
  170 9.999995e-01
  171 9.999994e-01
  172 9.999992e-01
  173 9.999990e-01
  174 9.999987e-01
  175 9.999985e-01
  176 9.999982e-01
  177 9.999980e-01
  178 9.999977e-01
  179 9.999974e-01
  180 9.999972e-01
  181 9.999969e-01
  182 9.999967e-01
  183 9.999965e-01
  184 9.999964e-01
  185 9.999964e-01
  186 9.999964e-01
  187 9.999966e-01
  188 9.999969e-01
  189 9.999974e-01
  190 9.999980e-01
  191 9.999990e-01
  192 1.000000e+00
  193 1.000002e+00
  194 1.000003e+00
  195 1.000006e+00
  196 1.000008e+00
  197 1.000011e+00
  198 1.000015e+00
  199 1.000019e+00
  200 1.000024e+00
  201 1.000029e+00
  202 1.000034e+00
  203 1.146470e+00
  204 1.273401e+00
  205 1.383417e+00
  206 1.478767e+00
  207 1.561399e+00
  208 1.629453e+00
  209 1.682157e+00
  210 1.719567e+00
  211 1.742355e+00
  212 1.751627e+00
  213 1.748858e+00
  214 1.735726e+00
  215 1.713976e+00
  216 1.685329e+00
  217 1.651414e+00
  218 1.613718e+00
  219 1.573567e+00
  220 1.532106e+00
  221 1.490301e+00
  222 1.448951e+00
  223 1.408689e+00
  224 1.370008e+00
  225 1.333270e+00
  226 1.298728e+00
  227 1.266538e+00
  228 1.236780e+00
  229 1.209469e+00
  230 1.184569e+00
  231 1.162006e+00
  232 1.141675e+00
  233 1.123452e+00
  234 1.107199e+00
  235 1.092770e+00
  236 1.080016e+00
  237 1.068791e+00
  238 1.058949e+00
  239 1.050354e+00
  240 1.042874e+00
  241 1.036388e+00
  242 1.030783e+00
  243 1.025955e+00
  244 1.021810e+00
  245 1.018262e+00
  246 1.015233e+00
  247 1.012657e+00
  248 1.010470e+00
  249 1.008621e+00
  250 1.007061e+00
  251 1.005748e+00
  252 1.004647e+00
  253 1.003726e+00
  254 1.002957e+00
  255 1.002318e+00
  256 1.001787e+00
  257 1.001349e+00
  258 1.000988e+00
  259 1.000691e+00
  260 1.000449e+00
  261 1.000251e+00
  262 1.000091e+00
  263 9.999617e-01
  264 9.998584e-01
  265 9.997764e-01
  266 9.997121e-01
  267 9.996622e-01
  268 9.996242e-01
  269 9.995961e-01
  270 9.995759e-01
  271 9.995623e-01
  272 9.995540e-01
  273 9.995500e-01
  274 9.995495e-01
  275 9.995519e-01
  276 9.995565e-01
  277 9.995630e-01
  278 9.995709e-01
  279 9.995799e-01
  280 9.995898e-01
  281 9.996004e-01
  282 9.996114e-01
  283 9.996227e-01
  284 9.996343e-01
  285 9.996460e-01
  286 9.996577e-01
  287 9.996694e-01
  288 9.996810e-01
  289 9.996924e-01
  290 9.997037e-01
  291 9.997147e-01
  292 9.997255e-01
  293 9.997361e-01
  294 9.997464e-01
  295 9.997564e-01
  296 9.997662e-01
  297 9.997756e-01
  298 9.997848e-01
  299 9.997936e-01
  300 9.998022e-01
