    1     0
    2     0
    3     0
    4     0
    5     0
    6     0
    7     0
    8     0
    9     0
   10     0
   11     0
   12 7.002990e-02
   13 1.811931e-01
   14 3.116120e-01
   15 4.455559e-01
   16 5.724364e-01
   17 6.808834e-01
   18 7.667368e-01
   19 8.303762e-01
   20 8.747085e-01
   21 9.037385e-01
   22 9.219668e-01
   23 9.334001e-01
   24 9.411216e-01
   25 9.472144e-01
   26 9.528817e-01
   27 9.586290e-01
   28 9.645025e-01
   29 9.703077e-01
   30 9.757757e-01
   31 9.806689e-01
   32 9.848362e-01
   33 9.882255e-01
   34 9.908711e-01
   35 9.928661e-01
   36 9.943340e-01
   37 9.954035e-01
   38 9.961908e-01
   39 9.967894e-01
   40 9.972678e-01
   41 9.976705e-01
   42 9.980233e-01
   43 9.983382e-01
   44 9.986194e-01
   45 9.988673e-01
   46 9.990813e-01
   47 9.992614e-01
   48 9.994093e-01
   49 9.995280e-01
   50 9.996217e-01
   51 9.996948e-01
   52 9.997515e-01
   53 9.997958e-01
   54 9.998308e-01
   55 9.998590e-01
   56 9.998823e-01
   57 9.999019e-01
   58 9.999186e-01
   59 9.999327e-01
   60 9.999448e-01
   61 9.999549e-01
   62 9.999634e-01
   63 9.999703e-01
   64 9.999759e-01
   65 9.999803e-01
   66 9.999838e-01
   67 9.999867e-01
   68 9.999889e-01
   69 9.999908e-01
   70 9.999924e-01
   71 9.999938e-01
   72 9.999950e-01
   73 9.999961e-01
   74 9.999969e-01
   75 9.999977e-01
   76 9.999983e-01
   77 9.999987e-01
   78 9.999989e-01
   79 9.999991e-01
   80 9.999992e-01
   81 9.999992e-01
   82 9.999992e-01
   83 9.999992e-01
   84 9.999992e-01
   85 9.999993e-01
   86 9.999994e-01
   87 9.999995e-01
   88 9.999996e-01
   89 9.999997e-01
   90 9.999998e-01
   91 9.999999e-01
   92 1.000000e+00
   93 1.000000e+00
   94 1.000000e+00
   95 1.000000e+00
   96 1.000000e+00
   97 1.000000e+00
   98 1.000000e+00
   99 9.999999e-01
  100 9.999999e-01
  101 9.999998e-01
  102 9.999998e-01
  103 9.999998e-01
  104 9.999998e-01
  105 9.999998e-01
  106 9.999998e-01
  107 9.999998e-01
  108 9.999999e-01
  109 9.999999e-01
  110 1.000000e+00
  111 1.000000e+00
  112 1.000000e+00
  113 1.000000e+00
  114 1.000000e+00
  115 1.000000e+00
  116 1.000000e+00
  117 1.000000e+00
  118 1.000000e+00
  119 1.000000e+00
  120 1.000000e+00
  121 1.000000e+00
  122 1.000000e+00
  123 1.000000e+00
  124 1.000000e+00
  125 1.000000e+00
  126 1.000000e+00
  127 1.000000e+00
  128 1.000000e+00
  129 1.000000e+00
  130 1.000000e+00
  131 9.999999e-01
  132 9.999998e-01
  133 9.999997e-01
  134 9.999997e-01
  135 9.999997e-01
  136 9.999998e-01
  137 9.999999e-01
  138 1.000000e+00
  139 1.000000e+00
  140 1.000000e+00
  141 1.000000e+00
  142 1.000000e+00
  143 1.000000e+00
  144 9.999999e-01
  145 9.999999e-01
  146 9.999999e-01
  147 9.999999e-01
  148 1.000000e+00
  149 1.000000e+00
  150 1.000000e+00
  151 1.000000e+00
  152 1.000000e+00
  153 1.000000e+00
  154 1.000000e+00
  155 1.000000e+00
  156 1.000000e+00
  157 1.000000e+00
  158 1.000000e+00
  159 9.999999e-01
  160 9.999999e-01
  161 9.999999e-01
  162 1.000000e+00
  163 1.000000e+00
  164 1.000000e+00
  165 1.000000e+00
  166 1.000000e+00
  167 1.000000e+00
  168 1.000000e+00
  169 1.000000e+00
  170 9.999999e-01
  171 9.999998e-01
  172 9.999998e-01
  173 9.999998e-01
  174 9.999998e-01
  175 9.999998e-01
  176 9.999999e-01
  177 9.999999e-01
  178 9.999999e-01
  179 9.999999e-01
  180 9.999999e-01
  181 9.999998e-01
  182 9.999996e-01
  183 9.999994e-01
  184 9.999992e-01
  185 9.999988e-01
  186 9.999985e-01
  187 9.999980e-01
  188 9.999976e-01
  189 9.999971e-01
  190 9.999967e-01
  191 9.999965e-01
  192 9.999965e-01
  193 9.999969e-01
  194 9.999978e-01
  195 9.999994e-01
  196 1.000002e+00
  197 1.000006e+00
  198 1.000011e+00
  199 1.000017e+00
  200 1.000026e+00
  201 1.000035e+00
  202 1.000047e+00
  203 1.146489e+00
  204 1.273426e+00
  205 1.383448e+00
  206 1.478803e+00
  207 1.506837e+00
  208 1.478545e+00
  209 1.416702e+00
  210 1.338429e+00
  211 1.255961e+00
  212 1.181309e+00
  213 1.121040e+00
  214 1.076861e+00
  215 1.047558e+00
  216 1.030429e+00
  217 1.021997e+00
  218 1.018900e+00
  219 1.018433e+00
  220 1.018712e+00
  221 1.018633e+00
  222 1.017735e+00
  223 1.016006e+00
  224 1.013682e+00
  225 1.011091e+00
  226 1.008542e+00
  227 1.006267e+00
  228 1.004397e+00
  229 1.002975e+00
  230 1.001971e+00
  231 1.001315e+00
  232 1.000919e+00
  233 1.000698e+00
  234 1.000580e+00
  235 1.000512e+00
  236 1.000459e+00
  237 1.000404e+00
  238 1.000342e+00
  239 1.000274e+00
  240 1.000205e+00
  241 1.000140e+00
  242 1.000084e+00
  243 1.000039e+00
  244 1.000006e+00
  245 9.999837e-01
  246 9.999704e-01
  247 9.999639e-01
  248 9.999622e-01
  249 9.999632e-01
  250 9.999656e-01
  251 9.999684e-01
  252 9.999711e-01
  253 9.999734e-01
  254 9.999753e-01
  255 9.999770e-01
  256 9.999784e-01
  257 9.999798e-01
  258 9.999812e-01
  259 9.999827e-01
  260 9.999843e-01
  261 9.999858e-01
  262 9.999874e-01
  263 9.999888e-01
  264 9.999901e-01
  265 9.999913e-01
  266 9.999922e-01
  267 9.999931e-01
  268 9.999937e-01
  269 9.999943e-01
  270 9.999948e-01
  271 9.999953e-01
  272 9.999957e-01
  273 9.999961e-01
  274 9.999966e-01
  275 9.999971e-01
  276 9.999975e-01
  277 9.999979e-01
  278 9.999983e-01
  279 9.999987e-01
  280 9.999990e-01
  281 9.999992e-01
  282 9.999994e-01
  283 9.999995e-01
  284 9.999995e-01
  285 9.999996e-01
  286 9.999996e-01
  287 9.999995e-01
  288 9.999995e-01
  289 9.999995e-01
  290 9.999995e-01
  291 9.999995e-01
  292 9.999996e-01
  293 9.999997e-01
  294 9.999998e-01
  295 9.999999e-01
  296 1.000000e+00
  297 1.000000e+00
  298 1.000000e+00
  299 1.000000e+00
  300 1.000000e+00
