    1     0
    2     0
    3     0
    4     0
    5     0
    6     0
    7     0
    8     0
    9     0
   10     0
   11     0
   12 1.126043e-02
   13 3.196356e-02
   14 6.045811e-02
   15 9.525287e-02
   16 1.350095e-01
   17 1.784081e-01
   18 2.243060e-01
   19 2.717230e-01
   20 3.198256e-01
   21 3.679129e-01
   22 4.154043e-01
   23 4.618259e-01
   24 5.067984e-01
   25 5.500250e-01
   26 5.912811e-01
   27 6.304046e-01
   28 6.672872e-01
   29 7.018665e-01
   30 7.341185e-01
   31 7.640518e-01
   32 7.917017e-01
   33 8.171250e-01
   34 8.403960e-01
   35 8.616021e-01
   36 8.808409e-01
   37 8.982171e-01
   38 9.138400e-01
   39 9.278215e-01
   40 9.402740e-01
   41 9.513092e-01
   42 9.610369e-01
   43 9.695640e-01
   44 9.769932e-01
   45 9.834233e-01
   46 9.889480e-01
   47 9.936560e-01
   48 9.976305e-01
   49 1.000950e+00
   50 1.003686e+00
   51 1.005906e+00
   52 1.007672e+00
   53 1.009040e+00
   54 1.010063e+00
   55 1.010787e+00
   56 1.011255e+00
   57 1.011506e+00
   58 1.011573e+00
   59 1.011488e+00
   60 1.011278e+00
   61 1.010966e+00
   62 1.010575e+00
   63 1.010122e+00
   64 1.009624e+00
   65 1.009095e+00
   66 1.008546e+00
   67 1.007987e+00
   68 1.007428e+00
   69 1.006874e+00
   70 1.006332e+00
   71 1.005806e+00
   72 1.005300e+00
   73 1.004817e+00
   74 1.004358e+00
   75 1.003925e+00
   76 1.003519e+00
   77 1.003140e+00
   78 1.002788e+00
   79 1.002463e+00
   80 1.002163e+00
   81 1.001889e+00
   82 1.001639e+00
   83 1.001412e+00
   84 1.001207e+00
   85 1.001023e+00
   86 1.000858e+00
   87 1.000711e+00
   88 1.000580e+00
   89 1.000465e+00
   90 1.000364e+00
   91 1.000276e+00
   92 1.000200e+00
   93 1.000134e+00
   94 1.000078e+00
   95 1.000031e+00
   96 9.999918e-01
   97 9.999592e-01
   98 9.999327e-01
   99 9.999116e-01
  100 9.998952e-01
  101 9.998829e-01
  102 9.998742e-01
  103 9.998685e-01
  104 9.998653e-01
  105 9.998644e-01
  106 9.998652e-01
  107 9.998676e-01
  108 9.998711e-01
  109 9.998756e-01
  110 9.998809e-01
  111 9.998867e-01
  112 9.998929e-01
  113 9.998993e-01
  114 9.999058e-01
  115 9.999124e-01
  116 9.999189e-01
  117 9.999253e-01
  118 9.999315e-01
  119 9.999374e-01
  120 9.999431e-01
  121 9.999485e-01
  122 9.999536e-01
  123 9.999584e-01
  124 9.999629e-01
  125 9.999670e-01
  126 9.999709e-01
  127 9.999744e-01
  128 9.999777e-01
  129 9.999806e-01
  130 9.999833e-01
  131 9.999858e-01
  132 9.999879e-01
  133 9.999899e-01
  134 9.999916e-01
  135 9.999932e-01
  136 9.999945e-01
  137 9.999957e-01
  138 9.999968e-01
  139 9.999977e-01
  140 9.999985e-01
  141 9.999991e-01
  142 9.999997e-01
  143 1.000000e+00
  144 1.000000e+00
  145 1.000001e+00
  146 1.000001e+00
  147 1.000001e+00
  148 1.000001e+00
  149 1.000001e+00
  150 1.000001e+00
  151 1.000001e+00
  152 1.000001e+00
  153 1.000001e+00
  154 1.000001e+00
  155 1.000001e+00
  156 1.000001e+00
  157 1.000001e+00
  158 1.000001e+00
  159 1.000000e+00
  160 1.000000e+00
  161 1.000000e+00
  162 9.999999e-01
  163 9.999997e-01
  164 9.999994e-01
  165 9.999992e-01
  166 9.999990e-01
  167 9.999988e-01
  168 9.999986e-01
  169 9.999984e-01
  170 9.999982e-01
  171 9.999980e-01
  172 9.999978e-01
  173 9.999976e-01
  174 9.999975e-01
  175 9.999973e-01
  176 9.999972e-01
  177 9.999972e-01
  178 9.999972e-01
  179 9.999972e-01
  180 9.999972e-01
  181 9.999974e-01
  182 9.999976e-01
  183 9.999979e-01
  184 9.999982e-01
  185 9.999987e-01
  186 9.999992e-01
  187 9.999999e-01
  188 1.000001e+00
  189 1.000002e+00
  190 1.000003e+00
  191 1.000004e+00
  192 1.000005e+00
  193 1.000007e+00
  194 1.000009e+00
  195 1.000011e+00
  196 1.000013e+00
  197 1.000015e+00
  198 1.000018e+00
  199 1.000021e+00
  200 1.000024e+00
  201 1.000027e+00
  202 1.000030e+00
  203 1.146464e+00
  204 1.273392e+00
  205 1.383406e+00
  206 1.478753e+00
  207 1.550545e+00
  208 1.600374e+00
  209 1.631638e+00
  210 1.647348e+00
  211 1.650161e+00
  212 1.642537e+00
  213 1.626628e+00
  214 1.604283e+00
  215 1.577085e+00
  216 1.546377e+00
  217 1.513293e+00
  218 1.478778e+00
  219 1.443615e+00
  220 1.408444e+00
  221 1.373783e+00
  222 1.340042e+00
  223 1.307539e+00
  224 1.276514e+00
  225 1.247139e+00
  226 1.219531e+00
  227 1.193760e+00
  228 1.169855e+00
  229 1.147813e+00
  230 1.127608e+00
  231 1.109189e+00
  232 1.092492e+00
  233 1.077439e+00
  234 1.063945e+00
  235 1.051916e+00
  236 1.041259e+00
  237 1.031875e+00
  238 1.023667e+00
  239 1.016540e+00
  240 1.010400e+00
  241 1.005157e+00
  242 1.000724e+00
  243 9.970208e-01
  244 9.939693e-01
  245 9.914976e-01
  246 9.895384e-01
  247 9.880295e-01
  248 9.869137e-01
  249 9.861385e-01
  250 9.856561e-01
  251 9.854233e-01
  252 9.854009e-01
  253 9.855540e-01
  254 9.858513e-01
  255 9.862650e-01
  256 9.867707e-01
  257 9.873469e-01
  258 9.879749e-01
  259 9.886386e-01
  260 9.893241e-01
  261 9.900195e-01
  262 9.907150e-01
  263 9.914023e-01
  264 9.920747e-01
  265 9.927267e-01
  266 9.933540e-01
  267 9.939534e-01
  268 9.945225e-01
  269 9.950596e-01
  270 9.955639e-01
  271 9.960349e-01
  272 9.964726e-01
  273 9.968776e-01
  274 9.972506e-01
  275 9.975925e-01
  276 9.979047e-01
  277 9.981884e-01
  278 9.984452e-01
  279 9.986765e-01
  280 9.988840e-01
  281 9.990693e-01
  282 9.992339e-01
  283 9.993794e-01
  284 9.995073e-01
  285 9.996192e-01
  286 9.997164e-01
  287 9.998002e-01
  288 9.998720e-01
  289 9.999330e-01
  290 9.999843e-01
  291 1.000027e+00
  292 1.000062e+00
  293 1.000090e+00
  294 1.000112e+00
  295 1.000129e+00
  296 1.000142e+00
  297 1.000150e+00
  298 1.000155e+00
  299 1.000158e+00
  300 1.000158e+00
