    1     0
    2     0
    3     0
    4     0
    5     0
    6     0
    7     0
    8     0
    9     0
   10     0
   11     0
   12 7.002990e-02
   13 1.811931e-01
   14 3.116120e-01
   15 4.455559e-01
   16 5.724364e-01
   17 6.808834e-01
   18 7.667368e-01
   19 8.303762e-01
   20 8.747085e-01
   21 9.037385e-01
   22 9.219668e-01
   23 9.334001e-01
   24 9.411216e-01
   25 9.472144e-01
   26 9.528817e-01
   27 9.586290e-01
   28 9.645025e-01
   29 9.703077e-01
   30 9.757757e-01
   31 9.806689e-01
   32 9.848362e-01
   33 9.882255e-01
   34 9.908711e-01
   35 9.928661e-01
   36 9.943340e-01
   37 9.954035e-01
   38 9.961908e-01
   39 9.967894e-01
   40 9.972678e-01
   41 9.976705e-01
   42 9.980233e-01
   43 9.983382e-01
   44 9.986194e-01
   45 9.988673e-01
   46 9.990813e-01
   47 9.992614e-01
   48 9.994093e-01
   49 9.995280e-01
   50 9.996217e-01
   51 9.996948e-01
   52 9.997515e-01
   53 9.997958e-01
   54 9.998308e-01
   55 9.998590e-01
   56 9.998823e-01
   57 9.999019e-01
   58 9.999186e-01
   59 9.999327e-01
   60 9.999448e-01
   61 9.999549e-01
   62 9.999634e-01
   63 9.999703e-01
   64 9.999759e-01
   65 9.999803e-01
   66 9.999838e-01
   67 9.999867e-01
   68 9.999889e-01
   69 9.999908e-01
   70 9.999924e-01
   71 9.999938e-01
   72 9.999950e-01
   73 9.999961e-01
   74 9.999969e-01
   75 9.999977e-01
   76 9.999983e-01
   77 9.999987e-01
   78 9.999989e-01
   79 9.999991e-01
   80 9.999992e-01
   81 9.999992e-01
   82 9.999992e-01
   83 9.999992e-01
   84 9.999992e-01
   85 9.999993e-01
   86 9.999994e-01
   87 9.999995e-01
   88 9.999996e-01
   89 9.999997e-01
   90 9.999998e-01
   91 9.999999e-01
   92 1.000000e+00
   93 1.000000e+00
   94 1.000000e+00
   95 1.000000e+00
   96 1.000000e+00
   97 1.000000e+00
   98 1.000000e+00
   99 9.999999e-01
  100 9.999999e-01
  101 9.999998e-01
  102 9.999998e-01
  103 9.999998e-01
  104 9.999998e-01
  105 9.999998e-01
  106 9.999998e-01
  107 9.999998e-01
  108 9.999999e-01
  109 9.999999e-01
  110 1.000000e+00
  111 1.000000e+00
  112 1.000000e+00
  113 1.000000e+00
  114 1.000000e+00
  115 1.000000e+00
  116 1.000000e+00
  117 1.000000e+00
  118 1.000000e+00
  119 1.000000e+00
  120 1.000000e+00
  121 1.000000e+00
  122 1.000000e+00
  123 1.000000e+00
  124 1.000000e+00
  125 1.000000e+00
  126 1.000000e+00
  127 1.000000e+00
  128 1.000000e+00
  129 1.000000e+00
  130 1.000000e+00
  131 9.999999e-01
  132 9.999998e-01
  133 9.999997e-01
  134 9.999997e-01
  135 9.999997e-01
  136 9.999998e-01
  137 9.999999e-01
  138 1.000000e+00
  139 1.000000e+00
  140 1.000000e+00
  141 1.000000e+00
  142 1.000000e+00
  143 1.000000e+00
  144 9.999999e-01
  145 9.999999e-01
  146 9.999999e-01
  147 9.999999e-01
  148 1.000000e+00
  149 1.000000e+00
  150 1.000000e+00
  151 1.000000e+00
  152 1.000000e+00
  153 1.000000e+00
  154 1.000000e+00
  155 1.000000e+00
  156 1.000000e+00
  157 1.000000e+00
  158 1.000000e+00
  159 9.999999e-01
  160 9.999999e-01
  161 9.999999e-01
  162 1.000000e+00
  163 1.000000e+00
  164 1.000000e+00
  165 1.000000e+00
  166 1.000000e+00
  167 1.000000e+00
  168 1.000000e+00
  169 1.000000e+00
  170 9.999999e-01
  171 9.999998e-01
  172 9.999998e-01
  173 9.999998e-01
  174 9.999998e-01
  175 9.999998e-01
  176 9.999999e-01
  177 9.999999e-01
  178 9.999999e-01
  179 9.999999e-01
  180 9.999999e-01
  181 9.999998e-01
  182 9.999996e-01
  183 9.999994e-01
  184 9.999992e-01
  185 9.999988e-01
  186 9.999985e-01
  187 9.999980e-01
  188 9.999976e-01
  189 9.999971e-01
  190 9.999967e-01
  191 9.999965e-01
  192 9.999965e-01
  193 9.999969e-01
  194 9.999978e-01
  195 9.999994e-01
  196 1.000002e+00
  197 1.000006e+00
  198 1.000011e+00
  199 1.000017e+00
  200 1.000026e+00
  201 1.000035e+00
  202 1.000047e+00
  203 1.146489e+00
  204 1.273426e+00
  205 1.383448e+00
  206 1.478803e+00
  207 1.561438e+00
  208 1.622788e+00
  209 1.659662e+00
  210 1.672497e+00
  211 1.663978e+00
  212 1.637986e+00
  213 1.599548e+00
  214 1.553634e+00
  215 1.504498e+00
  216 1.455398e+00
  217 1.408575e+00
  218 1.365310e+00
  219 1.326128e+00
  220 1.291030e+00
  221 1.259713e+00
  222 1.231737e+00
  223 1.206646e+00
  224 1.184039e+00
  225 1.163597e+00
  226 1.145080e+00
  227 1.128318e+00
  228 1.113183e+00
  229 1.099574e+00
  230 1.087396e+00
  231 1.076555e+00
  232 1.066949e+00
  233 1.058474e+00
  234 1.051019e+00
  235 1.044477e+00
  236 1.038744e+00
  237 1.033722e+00
  238 1.029325e+00
  239 1.025475e+00
  240 1.022103e+00
  241 1.019151e+00
  242 1.016568e+00
  243 1.014309e+00
  244 1.012335e+00
  245 1.010613e+00
  246 1.009113e+00
  247 1.007808e+00
  248 1.006673e+00
  249 1.005689e+00
  250 1.004837e+00
  251 1.004098e+00
  252 1.003460e+00
  253 1.002908e+00
  254 1.002432e+00
  255 1.002021e+00
  256 1.001668e+00
  257 1.001364e+00
  258 1.001104e+00
  259 1.000880e+00
  260 1.000689e+00
  261 1.000527e+00
  262 1.000388e+00
  263 1.000271e+00
  264 1.000172e+00
  265 1.000089e+00
  266 1.000020e+00
  267 9.999616e-01
  268 9.999137e-01
  269 9.998744e-01
  270 9.998425e-01
  271 9.998169e-01
  272 9.997968e-01
  273 9.997812e-01
  274 9.997696e-01
  275 9.997614e-01
  276 9.997560e-01
  277 9.997529e-01
  278 9.997519e-01
  279 9.997525e-01
  280 9.997545e-01
  281 9.997576e-01
  282 9.997617e-01
  283 9.997664e-01
  284 9.997717e-01
  285 9.997774e-01
  286 9.997835e-01
  287 9.997898e-01
  288 9.997963e-01
  289 9.998028e-01
  290 9.998094e-01
  291 9.998160e-01
  292 9.998226e-01
  293 9.998291e-01
  294 9.998355e-01
  295 9.998418e-01
  296 9.998480e-01
  297 9.998540e-01
  298 9.998599e-01
  299 9.998656e-01
  300 9.998711e-01
