    1     0
    2     0
    3     0
    4     0
    5     0
    6     0
    7     0
    8     0
    9     0
   10     0
   11     0
   12 2.730425e+00
   13 1.066698e+00
   14 1.089713e+00
   15 8.406321e-01
   16 7.944136e-01
   17 7.436364e-01
   18 -9.200058e-03
   19 1.573497e-01
   20 1.062229e-01
   21 1.438935e-01
   22 1.736748e-01
   23 2.244190e-01
   24 4.705112e-01
   25 5.486885e-01
   26 6.092988e-01
   27 6.693441e-01
   28 7.212155e-01
   29 7.616260e-01
   30 7.258386e-01
   31 7.141404e-01
   32 6.715233e-01
   33 6.572995e-01
   34 6.376280e-01
   35 5.793392e-01
   36 5.728384e-01
   37 5.851080e-01
   38 5.834739e-01
   39 5.933230e-01
   40 6.180227e-01
   41 6.252277e-01
   42 6.303202e-01
   43 6.401785e-01
   44 6.260233e-01
   45 6.147343e-01
   46 6.145897e-01
   47 6.053997e-01
   48 6.148567e-01
   49 6.090782e-01
   50 6.136872e-01
   51 6.136616e-01
   52 6.269126e-01
   53 6.116874e-01
   54 6.337629e-01
   55 6.410775e-01
   56 6.567949e-01
   57 6.688349e-01
   58 6.909136e-01
   59 6.907020e-01
   60 6.846556e-01
   61 7.051707e-01
   62 6.947254e-01
   63 6.915896e-01
   64 6.965909e-01
   65 6.808588e-01
   66 6.637650e-01
   67 6.236232e-01
   68 5.830169e-01
   69 5.411934e-01
   70 5.213200e-01
   71 5.095593e-01
   72 5.017266e-01
   73 4.815984e-01
   74 4.485775e-01
   75 4.634790e-01
   76 4.690391e-01
   77 4.803327e-01
   78 4.778883e-01
   79 4.609715e-01
   80 4.538909e-01
   81 4.272571e-01
   82 4.091260e-01
   83 3.890410e-01
   84 3.932362e-01
   85 3.937455e-01
   86 4.144704e-01
   87 4.399800e-01
   88 4.655827e-01
   89 4.614653e-01
   90 4.751363e-01
   91 4.670556e-01
   92 4.943184e-01
   93 5.182050e-01
   94 5.428421e-01
   95 5.355032e-01
   96 5.291537e-01
   97 5.573512e-01
   98 5.532695e-01
   99 5.501046e-01
  100 5.159808e-01
  101 4.926651e-01
  102 5.046090e-01
  103 5.211710e-01
  104 5.232824e-01
  105 5.265799e-01
  106 5.510829e-01
  107 5.851266e-01
  108 5.785017e-01
  109 5.942296e-01
  110 6.113752e-01
  111 6.174314e-01
  112 5.940770e-01
  113 5.798818e-01
  114 5.678728e-01
  115 5.645352e-01
  116 5.374304e-01
  117 5.249407e-01
  118 4.918996e-01
  119 5.007066e-01
  120 4.788636e-01
  121 4.472379e-01
  122 4.499901e-01
  123 4.538760e-01
  124 4.662481e-01
  125 4.325661e-01
  126 4.058279e-01
  127 4.142244e-01
  128 3.909556e-01
  129 3.770409e-01
  130 3.928278e-01
  131 3.905261e-01
  132 4.024482e-01
  133 4.157648e-01
  134 4.435420e-01
  135 4.712747e-01
  136 4.722263e-01
  137 4.988717e-01
  138 4.841006e-01
  139 4.727240e-01
  140 4.730476e-01
  141 4.799833e-01
  142 4.577979e-01
  143 4.651946e-01
  144 4.802974e-01
  145 4.665875e-01
  146 4.385901e-01
  147 4.317490e-01
  148 4.379689e-01
  149 4.158854e-01
  150 3.916815e-01
  151 3.783132e-01
  152 3.571093e-01
  153 3.627537e-01
  154 3.419587e-01
  155 3.161645e-01
  156 3.314311e-01
  157 3.431992e-01
  158 3.654560e-01
  159 3.589483e-01
  160 3.651324e-01
  161 4.013117e-01
  162 3.828745e-01
  163 3.920240e-01
  164 4.008211e-01
  165 4.119861e-01
  166 4.164426e-01
  167 3.851173e-01
  168 3.864478e-01
  169 3.957144e-01
  170 3.920091e-01
  171 3.698390e-01
  172 3.512161e-01
  173 3.738043e-01
  174 3.635771e-01
  175 3.654458e-01
  176 3.650724e-01
  177 3.782176e-01
  178 3.845610e-01
  179 3.729347e-01
  180 3.632846e-01
  181 3.405324e-01
  182 3.483662e-01
  183 3.341600e-01
  184 3.147277e-01
  185 3.293706e-01
  186 3.527346e-01
  187 3.511585e-01
  188 3.617089e-01
  189 3.984964e-01
  190 4.317627e-01
  191 4.268885e-01
  192 4.273368e-01
  193 4.480976e-01
  194 4.515242e-01
  195 4.832324e-01
  196 4.921580e-01
  197 5.217924e-01
  198 5.338638e-01
  199 5.415943e-01
  200 5.361468e-01
  201 5.493033e-01
  202 5.347190e-01
  203 5.589422e-01
  204 5.612781e-01
  205 5.813921e-01
  206 5.809176e-01
  207 5.822006e-01
  208 6.127850e-01
  209 6.021291e-01
  210 5.921198e-01
  211 5.695735e-01
  212 5.521552e-01
  213 5.170142e-01
  214 4.761981e-01
  215 4.334051e-01
  216 4.230179e-01
  217 3.923849e-01
  218 3.671240e-01
  219 3.704831e-01
  220 3.912038e-01
  221 4.061982e-01
  222 4.100672e-01
  223 4.106782e-01
  224 4.148178e-01
  225 4.360848e-01
  226 4.134940e-01
  227 4.000257e-01
  228 3.998797e-01
  229 4.179511e-01
  230 3.944772e-01
  231 4.036134e-01
  232 3.883287e-01
  233 3.877714e-01
  234 4.120819e-01
  235 4.249473e-01
  236 4.578421e-01
  237 4.456796e-01
  238 4.392059e-01
  239 4.276234e-01
  240 4.470002e-01
  241 4.505783e-01
  242 4.579750e-01
  243 4.779723e-01
  244 5.027845e-01
  245 5.202268e-01
  246 5.547081e-01
  247 5.918346e-01
  248 6.287412e-01
  249 6.635204e-01
  250 6.912233e-01
  251 6.866527e-01
  252 6.897477e-01
  253 6.956990e-01
  254 6.701095e-01
  255 6.643726e-01
  256 6.329438e-01
  257 6.210106e-01
  258 6.048115e-01
  259 5.836432e-01
  260 5.767913e-01
  261 5.798543e-01
  262 5.672358e-01
  263 5.281790e-01
  264 5.237459e-01
  265 5.332438e-01
  266 5.032882e-01
  267 4.961876e-01
  268 4.955918e-01
  269 5.123693e-01
  270 4.764757e-01
  271 4.682714e-01
  272 4.487116e-01
  273 4.107424e-01
  274 4.089562e-01
  275 3.964420e-01
  276 3.648591e-01
  277 3.377523e-01
  278 3.254812e-01
  279 3.169823e-01
  280 2.890570e-01
  281 2.962504e-01
  282 3.182185e-01
  283 3.276035e-01
  284 3.524932e-01
  285 3.762449e-01
  286 4.003681e-01
  287 4.141313e-01
  288 3.938567e-01
  289 4.063106e-01
  290 4.115957e-01
  291 3.850681e-01
  292 3.593163e-01
  293 3.415261e-01
  294 3.449440e-01
  295 3.330451e-01
  296 3.465745e-01
  297 3.478530e-01
  298 3.913972e-01
  299 4.130103e-01
  300 4.222390e-01
  301 4.469789e-01
  302 4.745690e-01
  303 4.852679e-01
  304 5.181381e-01
  305 5.438215e-01
  306 5.414982e-01
  307 5.645951e-01
  308 5.937712e-01
  309 6.247214e-01
  310 6.348305e-01
  311 6.246011e-01
  312 6.354701e-01
  313 6.170244e-01
  314 6.010068e-01
  315 5.835895e-01
  316 5.695617e-01
  317 5.514144e-01
  318 5.245066e-01
  319 5.076638e-01
  320 5.053520e-01
  321 5.065477e-01
  322 4.872511e-01
  323 4.771807e-01
  324 5.009268e-01
  325 5.132270e-01
  326 4.972594e-01
  327 5.158777e-01
  328 5.477178e-01
  329 5.773236e-01
  330 5.732868e-01
  331 5.553903e-01
  332 5.534362e-01
  333 5.686306e-01
  334 5.515420e-01
  335 5.473637e-01
  336 5.475800e-01
  337 5.734404e-01
  338 5.809048e-01
  339 5.701551e-01
  340 5.499286e-01
  341 5.687875e-01
  342 5.606416e-01
  343 5.378877e-01
  344 5.292650e-01
  345 5.063051e-01
  346 5.098881e-01
  347 4.827239e-01
  348 4.789054e-01
  349 4.499430e-01
  350 4.426140e-01
  351 4.173306e-01
  352 4.011425e-01
  353 3.917558e-01
  354 3.863360e-01
  355 3.927852e-01
  356 3.919528e-01
  357 3.891689e-01
  358 3.779836e-01
  359 3.687996e-01
  360 3.540861e-01
  361 3.242587e-01
  362 3.119611e-01
  363 3.194650e-01
  364 3.163370e-01
  365 2.958752e-01
  366 3.013426e-01
  367 3.202029e-01
  368 3.408671e-01
  369 3.573020e-01
  370 3.673753e-01
  371 4.031850e-01
  372 3.934551e-01
  373 4.040073e-01
  374 4.095428e-01
  375 4.281197e-01
  376 4.124274e-01
  377 3.970889e-01
  378 4.020253e-01
  379 4.059276e-01
  380 4.236818e-01
  381 4.436641e-01
  382 4.334473e-01
  383 4.647127e-01
  384 4.765924e-01
  385 4.728157e-01
  386 4.892622e-01
  387 4.711220e-01
  388 4.563742e-01
  389 4.631371e-01
  390 4.468747e-01
  391 4.646781e-01
  392 4.413402e-01
  393 4.618543e-01
  394 4.716550e-01
  395 4.531668e-01
  396 4.583139e-01
  397 4.456213e-01
  398 4.673602e-01
  399 4.651884e-01
  400 4.502907e-01
  401 4.676645e-01
  402 4.836117e-01
  403 5.168460e-01
  404 5.174800e-01
  405 5.367245e-01
  406 5.612310e-01
  407 5.528236e-01
  408 5.434385e-01
  409 5.083547e-01
  410 4.744027e-01
  411 4.697524e-01
  412 4.486086e-01
  413 4.529238e-01
  414 4.266098e-01
  415 4.450005e-01
  416 4.444349e-01
  417 4.593584e-01
  418 4.773096e-01
  419 4.938731e-01
  420 4.984872e-01
  421 4.899206e-01
  422 4.797943e-01
  423 4.865267e-01
  424 4.936550e-01
  425 4.564510e-01
  426 4.529498e-01
  427 4.481694e-01
  428 4.243794e-01
  429 4.434528e-01
  430 4.669817e-01
  431 5.075529e-01
  432 5.297365e-01
  433 5.476625e-01
  434 5.499963e-01
  435 5.662644e-01
  436 5.882984e-01
  437 6.069112e-01
  438 5.998932e-01
  439 5.965442e-01
  440 5.692180e-01
  441 5.741400e-01
  442 5.342308e-01
  443 4.900349e-01
  444 4.803341e-01
  445 4.352601e-01
  446 4.333768e-01
  447 4.135644e-01
  448 4.069645e-01
  449 3.832593e-01
  450 3.973713e-01
  451 3.798172e-01
  452 3.901765e-01
  453 3.737986e-01
  454 3.758742e-01
  455 3.567691e-01
  456 3.537377e-01
  457 3.487421e-01
  458 3.343085e-01
  459 3.515331e-01
  460 3.755184e-01
  461 3.701052e-01
  462 3.753473e-01
  463 3.865873e-01
  464 3.646455e-01
  465 3.297127e-01
  466 3.383493e-01
  467 3.511458e-01
  468 3.590150e-01
  469 3.408807e-01
  470 3.632183e-01
  471 3.667862e-01
  472 3.611862e-01
  473 3.506347e-01
  474 3.381959e-01
  475 3.247264e-01
  476 3.454094e-01
  477 3.258277e-01
  478 3.423126e-01
  479 3.296723e-01
  480 3.471052e-01
  481 3.490195e-01
  482 3.715296e-01
  483 3.763772e-01
  484 4.059155e-01
  485 4.440429e-01
  486 4.507581e-01
  487 4.799703e-01
  488 4.955648e-01
  489 5.244499e-01
  490 5.227072e-01
  491 5.024889e-01
  492 5.085948e-01
  493 5.078250e-01
  494 5.081488e-01
  495 4.969994e-01
  496 4.986375e-01
  497 5.038949e-01
  498 4.986635e-01
  499 4.881480e-01
  500 5.176168e-01
  501 5.110440e-01
  502 5.117939e-01
  503 5.301939e-01
  504 5.643805e-01
  505 5.945351e-01
  506 6.082387e-01
  507 5.991544e-01
  508 5.841989e-01
  509 6.048105e-01
  510 5.852477e-01
  511 5.806616e-01
  512 5.834390e-01
  513 5.695929e-01
  514 5.509362e-01
  515 5.278263e-01
  516 4.982337e-01
  517 4.805561e-01
  518 4.792239e-01
  519 4.844677e-01
  520 4.941987e-01
  521 5.186567e-01
  522 5.317595e-01
  523 5.552848e-01
  524 5.380559e-01
  525 5.367257e-01
  526 5.504598e-01
  527 5.503595e-01
  528 5.622587e-01
  529 5.575552e-01
  530 5.707592e-01
  531 5.538757e-01
  532 5.461117e-01
  533 5.725782e-01
  534 5.728085e-01
  535 5.560635e-01
  536 5.332955e-01
  537 5.097315e-01
  538 5.163982e-01
  539 5.102456e-01
  540 5.099550e-01
  541 4.861012e-01
  542 4.883401e-01
  543 4.837359e-01
  544 4.541988e-01
  545 4.241614e-01
  546 4.106790e-01
  547 4.230441e-01
  548 3.954121e-01
  549 3.841523e-01
  550 4.056019e-01
  551 4.193456e-01
  552 4.179782e-01
  553 4.245894e-01
  554 4.450293e-01
  555 4.579751e-01
  556 4.332788e-01
  557 4.251579e-01
  558 4.450661e-01
  559 4.417492e-01
  560 4.589025e-01
  561 4.662876e-01
  562 4.637428e-01
  563 4.543782e-01
  564 4.713341e-01
  565 4.634164e-01
  566 4.853302e-01
  567 4.728882e-01
  568 4.663359e-01
  569 4.830832e-01
  570 5.033187e-01
  571 5.276533e-01
  572 5.126298e-01
  573 5.071652e-01
  574 5.181203e-01
  575 4.925694e-01
  576 4.857152e-01
  577 4.977453e-01
  578 5.068829e-01
  579 5.051266e-01
  580 5.217376e-01
  581 5.134735e-01
  582 4.938676e-01
  583 5.073765e-01
  584 4.793489e-01
  585 4.581448e-01
  586 4.535254e-01
  587 4.168352e-01
  588 4.180994e-01
  589 3.808385e-01
  590 3.783700e-01
  591 3.816872e-01
  592 3.708818e-01
  593 3.799094e-01
  594 3.706607e-01
  595 3.707150e-01
  596 3.681697e-01
  597 3.599604e-01
  598 3.757288e-01
  599 3.713944e-01
  600 3.984793e-01
  601 4.303479e-01
  602 4.704401e-01
  603 4.912295e-01
  604 5.302973e-01
  605 5.532589e-01
  606 5.677873e-01
  607 5.526392e-01
  608 5.637808e-01
  609 5.523840e-01
  610 5.410708e-01
  611 5.327236e-01
  612 5.432978e-01
  613 5.659785e-01
  614 5.914883e-01
  615 5.881426e-01
  616 5.802676e-01
  617 5.890923e-01
  618 5.899516e-01
  619 5.889728e-01
  620 5.665683e-01
  621 5.751413e-01
  622 5.760204e-01
  623 5.748869e-01
  624 5.779679e-01
  625 5.732197e-01
  626 5.638135e-01
  627 5.325768e-01
  628 5.379858e-01
  629 5.244914e-01
  630 4.961928e-01
  631 4.615304e-01
  632 4.742121e-01
  633 4.573621e-01
  634 4.315769e-01
  635 4.347822e-01
  636 4.314635e-01
  637 4.214051e-01
  638 4.079387e-01
  639 4.226024e-01
  640 4.432426e-01
  641 4.679377e-01
  642 4.599977e-01
  643 4.902464e-01
  644 5.033494e-01
  645 5.073725e-01
  646 5.027365e-01
  647 5.181984e-01
  648 5.052681e-01
  649 4.866917e-01
  650 4.712284e-01
  651 4.347643e-01
  652 4.086606e-01
  653 4.124224e-01
  654 4.142936e-01
  655 4.202120e-01
  656 4.193915e-01
  657 4.275618e-01
  658 4.550916e-01
  659 4.404786e-01
  660 4.429154e-01
  661 4.591103e-01
  662 4.876253e-01
  663 5.075883e-01
  664 5.254881e-01
  665 5.495226e-01
  666 5.667764e-01
  667 5.945501e-01
  668 5.961901e-01
  669 5.992458e-01
  670 5.977733e-01
  671 5.894819e-01
  672 5.657091e-01
  673 5.403591e-01
  674 5.005060e-01
  675 4.721213e-01
  676 4.657993e-01
  677 4.510351e-01
  678 4.531572e-01
  679 4.652445e-01
  680 4.530995e-01
  681 4.460177e-01
  682 4.558611e-01
  683 4.402103e-01
  684 4.466174e-01
  685 4.534385e-01
  686 4.369771e-01
  687 4.489102e-01
  688 4.685168e-01
  689 4.763090e-01
  690 4.582403e-01
  691 4.353392e-01
  692 4.313200e-01
  693 4.362186e-01
  694 4.204139e-01
  695 3.967292e-01
  696 3.863558e-01
  697 3.902280e-01
  698 3.781027e-01
  699 3.523026e-01
  700 3.288988e-01
  701 3.379799e-01
  702 3.227024e-01
  703 3.179925e-01
  704 3.409894e-01
  705 3.676414e-01
  706 3.693748e-01
  707 3.519224e-01
  708 3.546821e-01
  709 3.769343e-01
  710 3.916684e-01
  711 4.072299e-01
  712 3.902822e-01
  713 3.679874e-01
  714 3.817316e-01
  715 3.588943e-01
  716 3.289526e-01
  717 3.042057e-01
  718 2.916658e-01
  719 2.670990e-01
  720 2.509127e-01
  721 2.585804e-01
  722 2.448307e-01
  723 2.330329e-01
  724 2.517315e-01
  725 2.821151e-01
  726 2.882170e-01
  727 3.144753e-01
  728 3.227346e-01
  729 3.347968e-01
  730 3.436259e-01
  731 3.213099e-01
  732 3.331710e-01
  733 3.467690e-01
  734 3.705713e-01
  735 3.637251e-01
  736 3.892618e-01
  737 4.090210e-01
  738 4.058566e-01
  739 3.922553e-01
  740 3.608535e-01
  741 3.580069e-01
  742 3.625382e-01
  743 3.395524e-01
  744 3.347184e-01
  745 3.589655e-01
  746 3.466148e-01
  747 3.486189e-01
  748 3.469739e-01
  749 3.451093e-01
  750 3.433469e-01
  751 3.543646e-01
  752 3.342602e-01
  753 3.218877e-01
  754 3.012533e-01
  755 2.898296e-01
  756 2.666565e-01
  757 2.558889e-01
  758 2.661321e-01
  759 2.803860e-01
  760 2.773473e-01
  761 2.701799e-01
  762 2.662999e-01
  763 2.972616e-01
  764 2.866159e-01
  765 2.985829e-01
  766 3.054278e-01
  767 2.961840e-01
  768 3.216904e-01
  769 3.040697e-01
  770 3.204823e-01
  771 3.172858e-01
  772 3.206784e-01
  773 3.264465e-01
  774 3.134357e-01
  775 3.427438e-01
  776 3.546429e-01
  777 3.789455e-01
  778 3.899730e-01
  779 4.151070e-01
  780 4.180080e-01
  781 4.177982e-01
  782 4.112159e-01
  783 4.271432e-01
  784 4.383984e-01
  785 4.328501e-01
  786 4.198573e-01
  787 4.199151e-01
  788 4.496591e-01
  789 4.806898e-01
  790 4.759521e-01
  791 4.686928e-01
  792 4.983809e-01
  793 5.226551e-01
  794 5.274183e-01
  795 4.986540e-01
  796 5.012918e-01
  797 5.037603e-01
  798 5.119009e-01
  799 5.069481e-01
  800 4.892621e-01
