    1     0
    2     0
    3     0
    4     0
    5     0
    6     0
    7     0
    8     0
    9     0
   10     0
   11     0
   12 2.749931e+00
   13 1.105666e+00
   14 1.134445e+00
   15 8.712245e-01
   16 8.280866e-01
   17 7.860980e-01
   18 5.214564e-02
   19 1.882039e-01
   20 1.369529e-01
   21 1.644493e-01
   22 1.793219e-01
   23 1.943613e-01
   24 4.103734e-01
   25 4.652841e-01
   26 5.326550e-01
   27 5.836474e-01
   28 6.173424e-01
   29 6.534781e-01
   30 6.222494e-01
   31 5.953377e-01
   32 5.618384e-01
   33 5.269023e-01
   34 4.996846e-01
   35 4.717494e-01
   36 4.592966e-01
   37 4.494521e-01
   38 4.376233e-01
   39 4.336461e-01
   40 4.405678e-01
   41 4.520162e-01
   42 4.549198e-01
   43 4.600399e-01
   44 4.676385e-01
   45 4.665508e-01
   46 4.713113e-01
   47 4.699341e-01
   48 4.739624e-01
   49 4.689161e-01
   50 4.655422e-01
   51 4.659402e-01
   52 4.566312e-01
   53 4.530847e-01
   54 4.480108e-01
   55 4.429698e-01
   56 4.399749e-01
   57 4.406897e-01
   58 4.495422e-01
   59 4.480927e-01
   60 4.504316e-01
   61 4.518092e-01
   62 4.502500e-01
   63 4.472290e-01
   64 4.517309e-01
   65 4.460746e-01
   66 4.502658e-01
   67 4.499547e-01
   68 4.451022e-01
   69 4.449940e-01
   70 4.392400e-01
   71 4.315845e-01
   72 4.315547e-01
   73 4.334800e-01
   74 4.338268e-01
   75 4.320351e-01
   76 4.419758e-01
   77 4.451909e-01
   78 4.504962e-01
   79 4.550682e-01
   80 4.579633e-01
   81 4.582951e-01
   82 4.598043e-01
   83 4.612276e-01
   84 4.618045e-01
   85 4.578120e-01
   86 4.530843e-01
   87 4.580014e-01
   88 4.552384e-01
   89 4.519056e-01
   90 4.521759e-01
   91 4.483246e-01
   92 4.556714e-01
   93 4.565769e-01
   94 4.679440e-01
   95 4.766660e-01
   96 4.793514e-01
   97 4.826008e-01
   98 4.753416e-01
   99 4.717956e-01
  100 4.665214e-01
  101 4.579822e-01
  102 4.592012e-01
  103 4.546901e-01
  104 4.433922e-01
  105 4.400699e-01
  106 4.332075e-01
  107 4.315739e-01
  108 4.220914e-01
  109 4.272220e-01
  110 4.329428e-01
  111 4.318016e-01
  112 4.382575e-01
  113 4.496464e-01
  114 4.638014e-01
  115 4.719285e-01
  116 4.686337e-01
  117 4.636463e-01
  118 4.552354e-01
  119 4.575545e-01
  120 4.501340e-01
  121 4.525032e-01
  122 4.459429e-01
  123 4.498834e-01
  124 4.569581e-01
  125 4.551960e-01
  126 4.632869e-01
  127 4.622986e-01
  128 4.653083e-01
  129 4.649252e-01
  130 4.687004e-01
  131 4.657044e-01
  132 4.621479e-01
  133 4.567390e-01
  134 4.502937e-01
  135 4.409970e-01
  136 4.401534e-01
  137 4.332121e-01
  138 4.303623e-01
  139 4.251195e-01
  140 4.224687e-01
  141 4.185518e-01
  142 4.186792e-01
  143 4.199405e-01
  144 4.235134e-01
  145 4.232908e-01
  146 4.241182e-01
  147 4.252682e-01
  148 4.311828e-01
  149 4.392603e-01
  150 4.376446e-01
  151 4.431137e-01
  152 4.532058e-01
  153 4.613843e-01
  154 4.679951e-01
  155 4.736212e-01
  156 4.819664e-01
  157 4.861217e-01
  158 4.934449e-01
  159 5.030120e-01
  160 5.050610e-01
  161 5.078701e-01
  162 5.025787e-01
  163 5.036810e-01
  164 4.983087e-01
  165 4.894510e-01
  166 4.882485e-01
  167 4.855365e-01
  168 4.885975e-01
  169 4.782283e-01
  170 4.813107e-01
  171 4.714259e-01
  172 4.737547e-01
  173 4.734072e-01
  174 4.641012e-01
  175 4.544096e-01
  176 4.554699e-01
  177 4.477401e-01
  178 4.498734e-01
  179 4.476751e-01
  180 4.473074e-01
  181 4.543696e-01
  182 4.486939e-01
  183 4.448998e-01
  184 4.490374e-01
  185 4.516585e-01
  186 4.570736e-01
  187 4.585093e-01
  188 4.571099e-01
  189 4.582200e-01
  190 4.634668e-01
  191 4.600173e-01
  192 4.540148e-01
  193 4.573173e-01
  194 4.519126e-01
  195 4.537021e-01
  196 4.539082e-01
  197 4.496985e-01
  198 4.516222e-01
  199 4.571626e-01
  200 4.625128e-01
  201 4.617813e-01
  202 4.724611e-01
  203 4.776442e-01
  204 4.807748e-01
  205 4.786224e-01
  206 4.742129e-01
  207 4.779575e-01
  208 4.783684e-01
  209 4.731122e-01
  210 4.646633e-01
  211 4.612763e-01
  212 4.544860e-01
  213 4.463619e-01
  214 4.380985e-01
  215 4.408254e-01
  216 4.421058e-01
  217 4.461556e-01
  218 4.475228e-01
  219 4.472096e-01
  220 4.424136e-01
  221 4.370413e-01
  222 4.378712e-01
  223 4.315106e-01
  224 4.349922e-01
  225 4.321689e-01
  226 4.278516e-01
  227 4.357889e-01
  228 4.336740e-01
  229 4.380087e-01
  230 4.322355e-01
  231 4.288983e-01
  232 4.298895e-01
  233 4.269772e-01
  234 4.279260e-01
  235 4.337246e-01
  236 4.346422e-01
  237 4.424648e-01
  238 4.514598e-01
  239 4.500720e-01
  240 4.531497e-01
  241 4.547174e-01
  242 4.572236e-01
  243 4.641163e-01
  244 4.718839e-01
  245 4.690787e-01
  246 4.730716e-01
  247 4.730649e-01
  248 4.810664e-01
  249 4.787153e-01
  250 4.855854e-01
  251 4.845642e-01
  252 4.894046e-01
  253 4.923915e-01
  254 4.984968e-01
  255 5.058299e-01
  256 5.049001e-01
  257 5.119798e-01
  258 5.069333e-01
  259 5.090858e-01
  260 5.024277e-01
  261 5.036057e-01
  262 4.958328e-01
  263 4.944722e-01
  264 4.968219e-01
  265 4.962456e-01
  266 5.044970e-01
  267 5.052239e-01
  268 5.144220e-01
  269 5.108676e-01
  270 5.136649e-01
  271 5.092759e-01
  272 5.028019e-01
  273 5.023574e-01
  274 4.948010e-01
  275 4.890709e-01
  276 4.895460e-01
  277 4.851142e-01
  278 4.886642e-01
  279 4.849222e-01
  280 4.831073e-01
  281 4.773982e-01
  282 4.688477e-01
  283 4.662899e-01
  284 4.666070e-01
  285 4.729592e-01
  286 4.719246e-01
  287 4.748397e-01
  288 4.840490e-01
  289 4.885908e-01
  290 4.907542e-01
  291 4.922588e-01
  292 4.936497e-01
  293 4.949753e-01
  294 4.946484e-01
  295 4.868262e-01
  296 4.777008e-01
  297 4.756096e-01
  298 4.678683e-01
  299 4.677165e-01
  300 4.629165e-01
  301 4.566961e-01
  302 4.498655e-01
  303 4.465713e-01
  304 4.414954e-01
  305 4.434175e-01
  306 4.455835e-01
  307 4.434641e-01
  308 4.438158e-01
  309 4.431987e-01
  310 4.401659e-01
  311 4.463219e-01
  312 4.503621e-01
  313 4.450695e-01
  314 4.445589e-01
  315 4.415337e-01
  316 4.417967e-01
  317 4.493038e-01
  318 4.574041e-01
  319 4.581144e-01
  320 4.600377e-01
  321 4.583778e-01
  322 4.664172e-01
  323 4.771216e-01
  324 4.763638e-01
  325 4.721481e-01
  326 4.749092e-01
  327 4.785536e-01
  328 4.813400e-01
  329 4.790390e-01
  330 4.874556e-01
  331 4.897754e-01
  332 4.834037e-01
  333 4.892473e-01
  334 4.853783e-01
  335 4.850992e-01
  336 4.758680e-01
  337 4.799627e-01
  338 4.803286e-01
  339 4.746161e-01
  340 4.768476e-01
  341 4.850520e-01
  342 4.946935e-01
  343 5.026618e-01
  344 5.098062e-01
  345 5.140378e-01
  346 5.143519e-01
  347 5.185012e-01
  348 5.142206e-01
  349 5.161561e-01
  350 5.070846e-01
  351 5.062851e-01
  352 5.061781e-01
  353 5.000301e-01
  354 4.963000e-01
  355 4.841617e-01
  356 4.829822e-01
  357 4.815965e-01
  358 4.715805e-01
  359 4.680128e-01
  360 4.657928e-01
  361 4.713276e-01
  362 4.717717e-01
  363 4.751395e-01
  364 4.750384e-01
  365 4.750120e-01
  366 4.842230e-01
  367 4.783412e-01
  368 4.766013e-01
  369 4.726344e-01
  370 4.646576e-01
  371 4.661135e-01
  372 4.687579e-01
  373 4.664520e-01
  374 4.647330e-01
  375 4.615629e-01
  376 4.581898e-01
  377 4.537138e-01
  378 4.496999e-01
  379 4.452679e-01
  380 4.470398e-01
  381 4.538867e-01
  382 4.475463e-01
  383 4.467574e-01
  384 4.468837e-01
  385 4.446133e-01
  386 4.471194e-01
  387 4.467355e-01
  388 4.430093e-01
  389 4.417758e-01
  390 4.485356e-01
  391 4.482867e-01
  392 4.555497e-01
  393 4.580462e-01
  394 4.588700e-01
  395 4.556173e-01
  396 4.544261e-01
  397 4.497936e-01
  398 4.441443e-01
  399 4.462534e-01
  400 4.471923e-01
  401 4.415317e-01
  402 4.459070e-01
  403 4.460950e-01
  404 4.474453e-01
  405 4.481759e-01
  406 4.413754e-01
  407 4.384715e-01
  408 4.328929e-01
  409 4.306747e-01
  410 4.333725e-01
  411 4.232362e-01
  412 4.190942e-01
  413 4.208151e-01
  414 4.190477e-01
  415 4.166016e-01
  416 4.093877e-01
  417 4.113591e-01
  418 4.086153e-01
  419 4.018052e-01
  420 3.990441e-01
  421 4.011215e-01
  422 4.091079e-01
  423 4.118712e-01
  424 4.075986e-01
  425 4.033397e-01
  426 4.099885e-01
  427 4.192845e-01
  428 4.289612e-01
  429 4.368682e-01
  430 4.386356e-01
  431 4.374691e-01
  432 4.433878e-01
  433 4.457987e-01
  434 4.487168e-01
  435 4.481224e-01
  436 4.430818e-01
  437 4.442881e-01
  438 4.419939e-01
  439 4.376755e-01
  440 4.328863e-01
  441 4.352452e-01
  442 4.332671e-01
  443 4.336426e-01
  444 4.373485e-01
  445 4.444390e-01
  446 4.443739e-01
  447 4.522426e-01
  448 4.497601e-01
  449 4.528304e-01
  450 4.477961e-01
  451 4.470184e-01
  452 4.491892e-01
  453 4.404458e-01
  454 4.317901e-01
  455 4.283944e-01
  456 4.231897e-01
  457 4.277597e-01
  458 4.214729e-01
  459 4.291567e-01
  460 4.384746e-01
  461 4.441055e-01
  462 4.447635e-01
  463 4.473885e-01
  464 4.471657e-01
  465 4.524451e-01
  466 4.595362e-01
  467 4.578342e-01
  468 4.601368e-01
  469 4.709204e-01
  470 4.710857e-01
  471 4.805325e-01
  472 4.824223e-01
  473 4.792554e-01
  474 4.778956e-01
  475 4.761281e-01
  476 4.730511e-01
  477 4.719357e-01
  478 4.785577e-01
  479 4.812063e-01
  480 4.860706e-01
  481 4.838274e-01
  482 4.782010e-01
  483 4.845223e-01
  484 4.755426e-01
  485 4.700329e-01
  486 4.668185e-01
  487 4.561166e-01
  488 4.595564e-01
  489 4.533639e-01
  490 4.541950e-01
  491 4.493587e-01
  492 4.506561e-01
  493 4.569969e-01
  494 4.652022e-01
  495 4.645304e-01
  496 4.725656e-01
  497 4.797232e-01
  498 4.783935e-01
  499 4.743535e-01
  500 4.661444e-01
  501 4.666527e-01
  502 4.688086e-01
  503 4.659466e-01
  504 4.678821e-01
  505 4.680517e-01
  506 4.764575e-01
  507 4.732571e-01
  508 4.652679e-01
  509 4.702276e-01
  510 4.623876e-01
  511 4.655677e-01
  512 4.560318e-01
  513 4.470833e-01
  514 4.423809e-01
  515 4.362473e-01
  516 4.350555e-01
  517 4.267897e-01
  518 4.312347e-01
  519 4.361916e-01
  520 4.320219e-01
  521 4.346614e-01
  522 4.403265e-01
  523 4.392026e-01
  524 4.379668e-01
  525 4.377811e-01
  526 4.438012e-01
  527 4.544504e-01
  528 4.618067e-01
  529 4.727468e-01
  530 4.740173e-01
  531 4.725563e-01
  532 4.738048e-01
  533 4.760535e-01
  534 4.776242e-01
  535 4.720500e-01
  536 4.726844e-01
  537 4.741321e-01
  538 4.744597e-01
  539 4.708738e-01
  540 4.707778e-01
  541 4.693117e-01
  542 4.663888e-01
  543 4.579759e-01
  544 4.500622e-01
  545 4.484447e-01
  546 4.488778e-01
  547 4.398152e-01
  548 4.345416e-01
  549 4.387196e-01
  550 4.447417e-01
  551 4.409861e-01
  552 4.374523e-01
  553 4.458229e-01
  554 4.535957e-01
  555 4.585482e-01
  556 4.655198e-01
  557 4.648324e-01
  558 4.690303e-01
  559 4.707442e-01
  560 4.702644e-01
  561 4.746476e-01
  562 4.717601e-01
  563 4.785221e-01
  564 4.799970e-01
  565 4.835862e-01
  566 4.924980e-01
  567 5.006923e-01
  568 5.070774e-01
  569 5.136786e-01
  570 5.134572e-01
  571 5.198007e-01
  572 5.158436e-01
  573 5.173096e-01
  574 5.128749e-01
  575 5.154027e-01
  576 5.220231e-01
  577 5.153444e-01
  578 5.225840e-01
  579 5.201071e-01
  580 5.268058e-01
  581 5.193075e-01
  582 5.191315e-01
  583 5.152099e-01
  584 5.118085e-01
  585 5.084907e-01
  586 4.947019e-01
  587 4.880177e-01
  588 4.765173e-01
  589 4.731705e-01
  590 4.627988e-01
  591 4.631025e-01
  592 4.685991e-01
  593 4.754183e-01
  594 4.814360e-01
  595 4.802236e-01
  596 4.886587e-01
  597 4.863893e-01
  598 4.825909e-01
  599 4.811466e-01
  600 4.804500e-01
  601 4.845951e-01
  602 4.768405e-01
  603 4.779296e-01
  604 4.846513e-01
  605 4.841535e-01
  606 4.920736e-01
  607 5.006417e-01
  608 5.114654e-01
  609 5.121819e-01
  610 5.092332e-01
  611 5.137266e-01
  612 5.204350e-01
  613 5.222368e-01
  614 5.284950e-01
  615 5.252077e-01
  616 5.208831e-01
  617 5.136332e-01
  618 5.061107e-01
  619 4.975965e-01
  620 4.872850e-01
  621 4.864434e-01
  622 4.804255e-01
  623 4.760109e-01
  624 4.708887e-01
  625 4.697136e-01
  626 4.659915e-01
  627 4.717756e-01
  628 4.728921e-01
  629 4.733382e-01
  630 4.801022e-01
  631 4.867308e-01
  632 4.916143e-01
  633 4.846366e-01
  634 4.838187e-01
  635 4.830556e-01
  636 4.765712e-01
  637 4.701336e-01
  638 4.671123e-01
  639 4.723963e-01
  640 4.777603e-01
  641 4.822119e-01
  642 4.794117e-01
  643 4.833438e-01
  644 4.852603e-01
  645 4.871839e-01
  646 4.891122e-01
  647 4.857239e-01
  648 4.921170e-01
  649 4.910897e-01
  650 4.838127e-01
  651 4.875210e-01
  652 4.901153e-01
  653 4.943297e-01
  654 4.925124e-01
  655 4.837686e-01
  656 4.892300e-01
  657 4.860088e-01
  658 4.780476e-01
  659 4.806287e-01
  660 4.796113e-01
  661 4.833397e-01
  662 4.918843e-01
  663 5.039225e-01
  664 5.096001e-01
  665 5.065171e-01
  666 5.145327e-01
  667 5.210778e-01
  668 5.237942e-01
  669 5.269913e-01
  670 5.187665e-01
  671 5.182666e-01
  672 5.175704e-01
  673 5.184428e-01
  674 5.137502e-01
  675 5.157048e-01
  676 5.094663e-01
  677 5.079038e-01
  678 5.075534e-01
  679 5.007271e-01
  680 5.034122e-01
  681 4.998236e-01
  682 4.966380e-01
  683 4.941362e-01
  684 4.967510e-01
  685 5.023032e-01
  686 5.059098e-01
  687 4.989029e-01
  688 5.050525e-01
  689 5.110492e-01
  690 5.078828e-01
  691 5.000115e-01
  692 4.921509e-01
  693 4.953471e-01
  694 4.976367e-01
  695 4.940657e-01
  696 4.869851e-01
  697 4.926841e-01
  698 4.983968e-01
  699 5.045007e-01
  700 5.081703e-01
  701 5.151559e-01
  702 5.141363e-01
  703 5.124452e-01
  704 5.133677e-01
  705 5.128462e-01
  706 5.126467e-01
  707 5.151493e-01
  708 5.125460e-01
  709 5.068297e-01
  710 5.022896e-01
  711 5.054162e-01
  712 5.042339e-01
  713 4.994798e-01
  714 4.992416e-01
  715 5.059996e-01
  716 5.056376e-01
  717 4.976538e-01
  718 4.994583e-01
  719 4.974556e-01
  720 4.911867e-01
  721 4.957888e-01
  722 4.983444e-01
  723 4.935851e-01
  724 4.909477e-01
  725 4.933997e-01
  726 4.925964e-01
  727 4.897896e-01
  728 4.910003e-01
  729 4.905014e-01
  730 4.858872e-01
  731 4.886952e-01
  732 4.909338e-01
  733 4.962854e-01
  734 4.982977e-01
  735 5.011000e-01
  736 5.054153e-01
  737 5.066711e-01
  738 5.051821e-01
  739 5.040498e-01
  740 5.022010e-01
  741 4.977313e-01
  742 4.927826e-01
  743 4.817491e-01
  744 4.711026e-01
  745 4.641317e-01
  746 4.559983e-01
  747 4.581079e-01
  748 4.607198e-01
  749 4.628664e-01
  750 4.596568e-01
  751 4.580286e-01
  752 4.602578e-01
  753 4.555129e-01
  754 4.583634e-01
  755 4.591902e-01
  756 4.630061e-01
  757 4.622617e-01
  758 4.692172e-01
  759 4.661858e-01
  760 4.642697e-01
  761 4.591532e-01
  762 4.490220e-01
  763 4.506887e-01
  764 4.530176e-01
  765 4.455287e-01
  766 4.392728e-01
  767 4.455895e-01
  768 4.494890e-01
  769 4.446428e-01
  770 4.509616e-01
  771 4.595907e-01
  772 4.719183e-01
  773 4.765594e-01
  774 4.824349e-01
  775 4.924812e-01
  776 4.931876e-01
  777 4.958150e-01
  778 4.934636e-01
  779 4.882727e-01
  780 4.924530e-01
  781 4.820880e-01
  782 4.816260e-01
  783 4.834205e-01
  784 4.850938e-01
  785 4.904031e-01
  786 4.881159e-01
  787 4.869530e-01
  788 4.797506e-01
  789 4.792783e-01
  790 4.773736e-01
  791 4.760355e-01
  792 4.763270e-01
  793 4.701363e-01
  794 4.655426e-01
  795 4.690097e-01
  796 4.685636e-01
  797 4.708599e-01
  798 4.643983e-01
  799 4.609944e-01
  800 4.557494e-01
