    1     0
    2     0
    3     0
    4     0
    5     0
    6     0
    7     0
    8     0
    9     0
   10     0
   11     0
   12 2.796907e+00
   13 1.101440e+00
   14 1.111596e+00
   15 9.096004e-01
   16 8.577875e-01
   17 8.635040e-01
   18 9.897641e-02
   19 2.816601e-01
   20 1.590699e-01
   21 1.019466e-01
   22 3.608495e-02
   23 3.486917e-02
   24 1.972771e-01
   25 1.894634e-01
   26 2.579210e-01
   27 3.408316e-01
   28 4.033992e-01
   29 4.216991e-01
   30 3.664508e-01
   31 4.360870e-01
   32 4.654052e-01
   33 4.338485e-01
   34 4.587225e-01
   35 4.114897e-01
   36 4.352558e-01
   37 4.652732e-01
   38 4.426481e-01
   39 4.821998e-01
   40 4.074765e-01
   41 3.798421e-01
   42 3.799213e-01
   43 3.956253e-01
   44 3.384386e-01
   45 3.225349e-01
   46 3.907109e-01
   47 4.209501e-01
   48 3.917622e-01
   49 3.632570e-01
   50 4.219217e-01
   51 3.671883e-01
   52 3.337851e-01
   53 3.738161e-01
   54 3.558578e-01
   55 3.786774e-01
   56 3.098274e-01
   57 3.281606e-01
   58 3.795059e-01
   59 3.842030e-01
   60 3.872383e-01
   61 3.692689e-01
   62 4.763693e-01
   63 5.893283e-01
   64 6.388071e-01
   65 6.847874e-01
   66 7.756651e-01
   67 7.946883e-01
   68 8.643843e-01
   69 9.316357e-01
   70 9.452191e-01
   71 1.002985e+00
   72 9.695429e-01
   73 1.036321e+00
   74 1.006571e+00
   75 9.410527e-01
   76 9.783380e-01
   77 8.924010e-01
   78 9.129810e-01
   79 8.884144e-01
   80 8.335415e-01
   81 8.579277e-01
   82 8.541302e-01
   83 8.263997e-01
   84 8.305528e-01
   85 8.553199e-01
   86 8.373163e-01
   87 8.613681e-01
   88 8.381807e-01
   89 8.017858e-01
   90 7.552883e-01
   91 7.800560e-01
   92 7.436410e-01
   93 7.732759e-01
   94 7.065016e-01
   95 7.042517e-01
   96 6.732577e-01
   97 6.311784e-01
   98 6.848553e-01
   99 6.861202e-01
  100 7.356749e-01
  101 6.861715e-01
  102 6.191413e-01
  103 5.328770e-01
  104 4.114532e-01
  105 3.800164e-01
  106 3.148846e-01
  107 2.081917e-01
  108 1.742358e-01
  109 1.351523e-01
  110 1.557243e-01
  111 2.031909e-01
  112 1.425104e-01
  113 1.363285e-01
  114 2.076669e-01
  115 2.564192e-01
  116 3.120439e-01
  117 3.783237e-01
  118 4.309722e-01
  119 5.475911e-01
  120 5.321748e-01
  121 5.231449e-01
  122 5.398490e-01
  123 5.649098e-01
  124 5.682033e-01
  125 4.740241e-01
  126 5.085842e-01
  127 5.954569e-01
  128 6.384751e-01
  129 6.012311e-01
  130 6.596175e-01
  131 7.080860e-01
  132 7.095811e-01
  133 7.271752e-01
  134 7.044332e-01
  135 7.877219e-01
  136 8.184756e-01
  137 7.792388e-01
  138 7.591500e-01
  139 7.982504e-01
  140 7.781253e-01
  141 7.165506e-01
  142 7.588767e-01
  143 7.932360e-01
  144 7.696606e-01
  145 7.357984e-01
  146 6.802288e-01
  147 6.123064e-01
  148 5.967786e-01
  149 5.812751e-01
  150 5.538920e-01
  151 6.304192e-01
  152 6.349176e-01
  153 6.079770e-01
  154 5.402048e-01
  155 5.034219e-01
  156 4.198815e-01
  157 3.171161e-01
  158 2.010669e-01
  159 2.240204e-01
  160 1.551980e-01
  161 1.533756e-01
  162 1.953141e-01
  163 1.976994e-01
  164 1.894815e-01
  165 2.460487e-01
  166 2.718440e-01
  167 2.075114e-01
  168 1.972992e-01
  169 1.853011e-01
  170 1.285387e-01
  171 1.118865e-01
  172 8.756586e-02
  173 1.680831e-02
  174 -7.787823e-02
  175 -7.827983e-02
  176 -8.347909e-02
  177 -1.691447e-01
  178 -1.486817e-01
  179 -8.446811e-02
  180 -4.636189e-02
  181 -8.392538e-02
  182 -5.775306e-02
  183 1.864575e-02
  184 3.462096e-02
  185 9.837133e-02
  186 1.414010e-01
  187 1.211268e-01
  188 1.991043e-01
  189 2.763694e-01
  190 3.633763e-01
  191 3.577021e-01
  192 3.519423e-01
  193 3.531346e-01
  194 4.311589e-01
  195 3.760595e-01
  196 3.756874e-01
  197 4.118143e-01
  198 3.862408e-01
  199 3.914138e-01
  200 4.345916e-01
  201 5.127622e-01
  202 4.966663e-01
  203 4.821701e-01
  204 5.489256e-01
  205 4.978211e-01
  206 5.271492e-01
  207 4.840016e-01
  208 5.499981e-01
  209 5.811184e-01
  210 5.786261e-01
  211 6.151433e-01
  212 6.228608e-01
  213 6.128974e-01
  214 5.571118e-01
  215 5.841514e-01
  216 5.338517e-01
  217 5.138838e-01
  218 5.457003e-01
  219 5.552749e-01
  220 5.495792e-01
  221 5.353863e-01
  222 4.910256e-01
  223 5.342961e-01
  224 5.305302e-01
  225 5.729047e-01
  226 6.440779e-01
  227 7.458333e-01
  228 7.644608e-01
  229 7.580515e-01
  230 7.210673e-01
  231 7.342480e-01
  232 8.015287e-01
  233 7.492410e-01
  234 7.034184e-01
  235 6.252440e-01
  236 5.819491e-01
  237 4.960038e-01
  238 3.852364e-01
  239 3.721312e-01
  240 3.932893e-01
  241 3.773628e-01
  242 4.231370e-01
  243 4.020340e-01
  244 3.597395e-01
  245 3.275973e-01
  246 3.544891e-01
  247 3.982415e-01
  248 3.810351e-01
  249 4.106385e-01
  250 4.577779e-01
  251 5.056137e-01
  252 5.548625e-01
  253 5.387295e-01
  254 4.898772e-01
  255 4.869266e-01
  256 4.681185e-01
  257 4.941585e-01
  258 4.563063e-01
  259 4.845962e-01
  260 4.442886e-01
  261 4.418692e-01
  262 4.697526e-01
  263 4.840804e-01
  264 5.284609e-01
  265 5.388045e-01
  266 5.695848e-01
  267 5.409780e-01
  268 5.827333e-01
  269 5.212698e-01
  270 4.521892e-01
  271 4.488999e-01
  272 4.249646e-01
  273 5.096186e-01
  274 5.394016e-01
  275 6.622581e-01
  276 6.770495e-01
  277 6.704363e-01
  278 6.924166e-01
  279 6.539812e-01
  280 6.214226e-01
  281 5.027576e-01
  282 3.914228e-01
  283 4.336139e-01
  284 3.414922e-01
  285 3.622222e-01
  286 4.138121e-01
  287 4.968760e-01
  288 5.649772e-01
  289 5.731899e-01
  290 6.707527e-01
  291 7.154732e-01
  292 7.591408e-01
  293 7.610587e-01
  294 7.905227e-01
  295 8.007790e-01
  296 7.607383e-01
  297 8.041842e-01
  298 7.693101e-01
  299 7.623711e-01
  300 7.274223e-01
  301 7.905474e-01
  302 7.704090e-01
  303 7.708141e-01
  304 7.148064e-01
  305 6.216191e-01
  306 5.347686e-01
  307 4.297125e-01
  308 3.121879e-01
  309 2.693554e-01
  310 2.396883e-01
  311 2.069031e-01
  312 1.699564e-01
  313 2.296472e-01
  314 2.910984e-01
  315 3.812114e-01
  316 3.798374e-01
  317 4.502797e-01
  318 5.087743e-01
  319 5.614877e-01
  320 5.329961e-01
  321 4.456354e-01
  322 3.654549e-01
  323 3.801999e-01
  324 3.922888e-01
  325 3.121790e-01
  326 2.276868e-01
  327 1.850353e-01
  328 2.555963e-01
  329 3.313907e-01
  330 3.381141e-01
  331 3.140463e-01
  332 3.880063e-01
  333 4.928719e-01
  334 5.072862e-01
  335 5.003229e-01
  336 4.604720e-01
  337 4.480640e-01
  338 3.645711e-01
  339 2.540861e-01
  340 2.035579e-01
  341 1.832675e-01
  342 1.946826e-01
  343 1.728035e-01
  344 1.085170e-01
  345 9.346030e-02
  346 1.616978e-01
  347 1.295750e-01
  348 3.333616e-02
  349 -5.187942e-02
  350 -1.327682e-02
  351 -2.889764e-02
  352 -1.159506e-01
  353 -1.962667e-01
  354 -2.409456e-01
  355 -2.378935e-01
  356 -2.142854e-01
  357 -1.974351e-01
  358 -2.248092e-01
  359 -1.535725e-01
  360 -3.730838e-02
  361 4.317310e-02
  362 1.119210e-01
  363 2.002794e-01
  364 3.544846e-01
  365 3.377763e-01
  366 3.380141e-01
  367 3.182069e-01
  368 3.094921e-01
  369 3.128961e-01
  370 2.144318e-01
  371 2.215255e-01
  372 2.055334e-01
  373 2.500271e-01
  374 3.131558e-01
  375 2.661170e-01
  376 3.125399e-01
  377 2.729541e-01
  378 2.223997e-01
  379 2.289919e-01
  380 2.758946e-01
  381 3.024189e-01
  382 2.753758e-01
  383 3.414507e-01
  384 4.180012e-01
  385 3.952466e-01
  386 4.439151e-01
  387 4.319555e-01
  388 4.003325e-01
  389 3.520996e-01
  390 3.286219e-01
  391 3.790968e-01
  392 3.475393e-01
  393 2.942310e-01
  394 2.521974e-01
  395 2.515365e-01
  396 1.616508e-01
  397 1.584308e-01
  398 6.783120e-02
  399 8.697546e-02
  400 1.618085e-02
  401 -3.655297e-03
  402 8.189005e-03
  403 -5.889631e-02
  404 -1.143301e-01
  405 -1.342146e-01
  406 -6.573399e-02
  407 4.736967e-03
  408 2.555936e-02
  409 1.008084e-01
  410 1.841659e-01
  411 2.193610e-01
  412 1.689986e-01
  413 1.070551e-01
  414 1.639713e-01
  415 2.001813e-01
  416 2.256809e-01
  417 2.274643e-01
  418 2.534421e-01
  419 2.564670e-01
  420 2.692300e-01
  421 3.235575e-01
  422 3.503566e-01
  423 4.499639e-01
  424 4.957643e-01
  425 4.761453e-01
  426 5.636161e-01
  427 5.440070e-01
  428 5.372568e-01
  429 5.095939e-01
  430 4.613284e-01
  431 4.874986e-01
  432 5.311738e-01
  433 5.281969e-01
  434 5.977508e-01
  435 6.863660e-01
  436 7.246871e-01
  437 7.805293e-01
  438 7.608977e-01
  439 7.859288e-01
  440 7.646736e-01
  441 7.242642e-01
  442 7.110105e-01
  443 7.122005e-01
  444 6.720707e-01
  445 6.313660e-01
  446 6.955613e-01
  447 6.258876e-01
  448 6.709464e-01
  449 7.364694e-01
  450 7.552377e-01
  451 7.168900e-01
  452 6.357087e-01
  453 6.226500e-01
  454 5.278114e-01
  455 5.241332e-01
  456 4.088197e-01
  457 3.626046e-01
  458 2.944839e-01
  459 2.663789e-01
  460 1.824744e-01
  461 1.423082e-01
  462 1.336302e-01
  463 4.415011e-02
  464 4.397078e-02
  465 -3.247658e-02
  466 -1.061882e-01
  467 -5.568598e-02
  468 2.491140e-02
  469 6.955763e-05
  470 4.033592e-02
  471 1.341027e-01
  472 1.180042e-01
  473 4.818550e-02
  474 -3.483688e-02
  475 8.864891e-03
  476 6.925510e-02
  477 7.285675e-02
  478 8.520541e-02
  479 1.016178e-01
  480 1.981503e-01
  481 1.830373e-01
  482 2.018365e-01
  483 1.944050e-01
  484 2.320970e-01
  485 2.853071e-01
  486 3.071425e-01
  487 3.678217e-01
  488 3.465026e-01
  489 4.056047e-01
  490 4.645805e-01
  491 5.510903e-01
  492 6.171209e-01
  493 7.111124e-01
  494 7.906912e-01
  495 7.529285e-01
  496 6.864817e-01
  497 6.964572e-01
  498 6.182761e-01
  499 6.507699e-01
  500 6.297231e-01
  501 5.665062e-01
  502 6.477926e-01
  503 7.172643e-01
  504 7.028249e-01
  505 7.077097e-01
  506 7.558953e-01
  507 7.392608e-01
  508 7.109797e-01
  509 6.892694e-01
  510 7.488939e-01
  511 7.245808e-01
  512 6.850848e-01
  513 6.731921e-01
  514 6.762533e-01
  515 7.243102e-01
  516 7.383431e-01
  517 7.952923e-01
  518 8.759135e-01
  519 9.458288e-01
  520 9.822989e-01
  521 9.282174e-01
  522 9.199788e-01
  523 9.746138e-01
  524 9.144395e-01
  525 8.848236e-01
  526 7.980342e-01
  527 7.311208e-01
  528 7.047954e-01
  529 6.503855e-01
  530 6.687594e-01
  531 6.083803e-01
  532 6.564161e-01
  533 5.838784e-01
  534 6.294625e-01
  535 5.759322e-01
  536 6.012563e-01
  537 6.027714e-01
  538 6.304160e-01
  539 6.269122e-01
  540 5.315182e-01
  541 5.844021e-01
  542 6.311021e-01
  543 6.472044e-01
  544 6.997530e-01
  545 7.720816e-01
  546 8.718032e-01
  547 9.664052e-01
  548 9.996879e-01
  549 9.766025e-01
  550 9.254948e-01
  551 8.311865e-01
  552 8.497899e-01
  553 7.809665e-01
  554 7.428623e-01
  555 7.813906e-01
  556 7.353456e-01
  557 7.304487e-01
  558 6.725331e-01
  559 6.332259e-01
  560 5.666368e-01
  561 4.947144e-01
  562 4.286628e-01
  563 3.919004e-01
  564 2.898015e-01
  565 1.956617e-01
  566 1.948802e-01
  567 9.656618e-02
  568 -2.361592e-03
  569 -6.364661e-02
  570 -5.064329e-02
  571 -4.539179e-02
  572 -9.612499e-02
  573 -3.654751e-02
  574 -1.624859e-02
  575 4.258571e-02
  576 3.650890e-02
  577 2.661489e-02
  578 4.305807e-02
  579 9.452216e-02
  580 1.025692e-01
  581 6.241811e-02
  582 9.810822e-02
  583 1.013012e-01
  584 1.370395e-01
  585 1.722033e-01
  586 1.572485e-01
  587 1.602052e-01
  588 1.930183e-01
  589 1.602441e-01
  590 1.435185e-01
  591 2.193347e-01
  592 2.136138e-01
  593 2.083505e-01
  594 2.567448e-01
  595 3.062063e-01
  596 3.920604e-01
  597 4.317845e-01
  598 4.559589e-01
  599 5.293653e-01
  600 6.052822e-01
  601 5.966860e-01
  602 6.388975e-01
  603 6.353851e-01
  604 6.251215e-01
  605 5.871895e-01
  606 5.899503e-01
  607 6.512983e-01
  608 6.890198e-01
  609 7.283234e-01
  610 7.602291e-01
  611 8.520763e-01
  612 8.774390e-01
  613 8.699059e-01
  614 9.330099e-01
  615 8.797453e-01
  616 8.234174e-01
  617 7.399873e-01
  618 6.443403e-01
  619 6.009890e-01
  620 5.180675e-01
  621 4.382056e-01
  622 4.302957e-01
  623 4.889436e-01
  624 4.268395e-01
  625 3.854528e-01
  626 3.811605e-01
  627 3.289438e-01
  628 3.860332e-01
  629 3.717075e-01
  630 3.374052e-01
  631 2.992261e-01
  632 2.321136e-01
  633 1.994678e-01
  634 1.095199e-01
  635 8.541140e-02
  636 4.086533e-02
  637 2.456763e-02
  638 -5.862933e-02
  639 -9.896255e-02
  640 -5.253511e-02
  641 -1.156351e-01
  642 -1.171688e-01
  643 -2.794436e-02
  644 6.820226e-02
  645 7.531465e-02
  646 1.652077e-01
  647 2.616588e-01
  648 4.085399e-01
  649 3.867228e-01
  650 4.336779e-01
  651 4.520059e-01
  652 4.617948e-01
  653 4.405190e-01
  654 4.551809e-01
  655 4.280087e-01
  656 4.968518e-01
  657 5.070684e-01
  658 4.506178e-01
  659 4.358970e-01
  660 3.774420e-01
  661 4.240714e-01
  662 4.629200e-01
  663 4.901031e-01
  664 4.713958e-01
  665 5.030778e-01
  666 5.425653e-01
  667 5.441030e-01
  668 5.409589e-01
  669 5.431131e-01
  670 4.506708e-01
  671 3.955096e-01
  672 4.061761e-01
  673 4.589557e-01
  674 3.996056e-01
  675 4.169955e-01
  676 4.322743e-01
  677 4.973438e-01
  678 4.595935e-01
  679 4.523793e-01
  680 4.087887e-01
  681 4.659653e-01
  682 5.309865e-01
  683 5.378345e-01
  684 5.695897e-01
  685 5.610644e-01
  686 6.470689e-01
  687 6.929705e-01
  688 7.061573e-01
  689 7.967840e-01
  690 8.673008e-01
  691 8.461172e-01
  692 9.376768e-01
  693 1.046490e+00
  694 1.042464e+00
  695 1.092442e+00
  696 1.074893e+00
  697 1.131859e+00
  698 1.064622e+00
  699 1.073832e+00
  700 1.071718e+00
  701 1.031141e+00
  702 9.976375e-01
  703 9.423510e-01
  704 8.450892e-01
  705 7.140687e-01
  706 5.617874e-01
  707 5.219540e-01
  708 4.523220e-01
  709 4.652285e-01
  710 4.424651e-01
  711 4.081988e-01
  712 3.356182e-01
  713 2.620214e-01
  714 2.203989e-01
  715 1.245995e-01
  716 1.455399e-01
  717 1.442915e-01
  718 1.827079e-01
  719 1.914024e-01
  720 1.490581e-01
  721 1.778748e-01
  722 1.828996e-01
  723 1.899598e-01
  724 2.436902e-01
  725 2.175349e-01
  726 2.428553e-01
  727 2.000465e-01
  728 1.286288e-01
  729 1.948526e-01
  730 2.610136e-01
  731 3.677160e-01
  732 4.344118e-01
  733 5.192864e-01
  734 6.116224e-01
  735 7.223622e-01
  736 8.125635e-01
  737 7.981649e-01
  738 8.091142e-01
  739 8.495872e-01
  740 8.223352e-01
  741 8.367258e-01
  742 7.658181e-01
  743 7.817893e-01
  744 7.367685e-01
  745 6.518792e-01
  746 5.895896e-01
  747 5.302309e-01
  748 5.702106e-01
  749 6.069866e-01
  750 5.868130e-01
  751 6.338143e-01
  752 6.446361e-01
  753 6.115057e-01
  754 5.145795e-01
  755 4.636392e-01
  756 4.060332e-01
  757 3.921960e-01
  758 3.721868e-01
  759 2.912896e-01
  760 2.970130e-01
  761 2.687253e-01
  762 2.544013e-01
  763 2.575878e-01
  764 2.690692e-01
  765 3.313063e-01
  766 3.791296e-01
  767 4.372097e-01
  768 3.823363e-01
  769 4.196784e-01
  770 3.727877e-01
  771 3.856666e-01
  772 3.111219e-01
  773 3.532371e-01
  774 3.224048e-01
  775 3.957742e-01
  776 5.119897e-01
  777 5.985672e-01
  778 7.453755e-01
  779 8.493161e-01
  780 9.668526e-01
  781 1.036193e+00
  782 9.998432e-01
  783 1.023143e+00
  784 9.880271e-01
  785 9.979270e-01
  786 9.791413e-01
  787 8.665435e-01
  788 7.621304e-01
  789 7.640179e-01
  790 6.819347e-01
  791 7.077465e-01
  792 6.958994e-01
  793 6.878040e-01
  794 7.417061e-01
  795 6.964670e-01
  796 6.539950e-01
  797 5.928239e-01
  798 6.348833e-01
  799 6.624607e-01
  800 6.086118e-01
