    1     0
    2     0
    3     0
    4     0
    5     0
    6     0
    7     0
    8     0
    9     0
   10     0
   11     0
   12 5.660898e-01
   13 6.092378e-01
   14 6.681051e-01
   15 7.138001e-01
   16 7.498861e-01
   17 6.327569e-01
   18 5.324594e-01
   19 4.191524e-01
   20 3.186224e-01
   21 2.334782e-01
   22 1.349572e-01
   23 9.356256e-02
   24 4.309726e-02
   25 4.185712e-03
   26 -4.106986e-05
   27 2.032374e-02
   28 3.938706e-02
   29 4.921252e-02
   30 6.993190e-02
   31 8.046222e-02
   32 8.024727e-02
   33 9.402018e-02
   34 1.136177e-01
   35 1.332111e-01
   36 1.396004e-01
   37 1.398676e-01
   38 1.444373e-01
   39 1.384214e-01
   40 1.180991e-01
   41 9.295061e-02
   42 6.637368e-02
   43 5.769633e-02
   44 3.715619e-02
   45 7.800919e-03
   46 -8.237714e-03
   47 -1.051809e-02
   48 -6.774372e-03
   49 -1.290857e-02
   50 -2.489189e-02
   51 -2.157713e-02
   52 -2.137356e-02
   53 -3.613709e-02
   54 -5.174724e-02
   55 -7.938158e-02
   56 -1.150945e-01
   57 -1.542560e-01
   58 -2.044106e-01
   59 -2.477750e-01
   60 -2.784043e-01
   61 -2.803734e-01
   62 -2.722775e-01
   63 -2.700376e-01
   64 -2.584195e-01
   65 -2.459441e-01
   66 -2.304573e-01
   67 -2.343720e-01
   68 -2.584704e-01
   69 -2.679473e-01
   70 -2.648710e-01
   71 -2.814154e-01
   72 -2.938471e-01
   73 -3.247136e-01
   74 -3.495897e-01
   75 -3.857476e-01
   76 -4.238382e-01
   77 -4.447572e-01
   78 -4.810862e-01
   79 -5.117315e-01
   80 -5.456939e-01
   81 -5.699473e-01
   82 -5.761669e-01
   83 -5.716224e-01
   84 -5.588477e-01
   85 -5.550722e-01
   86 -5.331189e-01
   87 -4.912421e-01
   88 -4.650481e-01
   89 -4.397862e-01
   90 -4.236427e-01
   91 -3.896733e-01
   92 -3.741304e-01
   93 -3.665407e-01
   94 -3.596739e-01
   95 -3.427536e-01
   96 -3.319551e-01
   97 -3.086530e-01
   98 -2.748335e-01
   99 -2.401630e-01
  100 -2.057828e-01
  101 -1.694333e-01
  102 -1.315660e-01
  103 -8.593575e-02
  104 -5.186408e-02
  105 -1.653011e-02
  106 2.986711e-02
  107 7.532729e-02
  108 1.333503e-01
  109 1.853636e-01
  110 2.155956e-01
  111 2.348686e-01
  112 2.525989e-01
  113 2.660374e-01
  114 2.686636e-01
  115 2.456394e-01
  116 2.135145e-01
  117 1.926021e-01
  118 1.786370e-01
  119 1.506384e-01
  120 1.311770e-01
  121 1.146526e-01
  122 1.062599e-01
  123 9.725688e-02
  124 6.619289e-02
  125 3.070588e-02
  126 -1.531133e-02
  127 -5.293627e-02
  128 -9.098002e-02
  129 -1.264306e-01
  130 -1.549201e-01
  131 -1.870753e-01
  132 -2.145731e-01
  133 -2.489832e-01
  134 -2.728887e-01
  135 -2.771991e-01
  136 -2.773871e-01
  137 -2.871676e-01
  138 -3.020644e-01
  139 -3.147120e-01
  140 -3.351055e-01
  141 -3.590846e-01
  142 -3.845482e-01
  143 -3.929817e-01
  144 -3.966591e-01
  145 -4.127269e-01
  146 -4.113323e-01
  147 -4.231093e-01
  148 -4.398728e-01
  149 -4.512391e-01
  150 -4.575778e-01
  151 -4.454410e-01
  152 -4.154655e-01
  153 -3.799151e-01
  154 -3.451796e-01
  155 -3.201900e-01
  156 -2.986596e-01
  157 -2.755385e-01
  158 -2.350150e-01
  159 -2.107349e-01
  160 -1.841276e-01
  161 -1.453896e-01
  162 -1.211063e-01
  163 -7.520470e-02
  164 -2.779918e-02
  165 1.373267e-02
  166 6.120874e-02
  167 1.008952e-01
  168 1.259949e-01
  169 1.600523e-01
  170 1.952095e-01
  171 2.213594e-01
  172 2.388946e-01
  173 2.695913e-01
  174 3.066074e-01
  175 3.211273e-01
  176 3.437850e-01
  177 3.447505e-01
  178 3.417595e-01
  179 3.436780e-01
  180 3.517290e-01
  181 3.591845e-01
  182 3.839625e-01
  183 3.932499e-01
  184 4.065298e-01
  185 4.211536e-01
  186 4.183689e-01
  187 4.249198e-01
  188 4.247511e-01
  189 4.106097e-01
  190 4.020869e-01
  191 3.785924e-01
  192 3.720427e-01
  193 3.589120e-01
  194 3.260129e-01
  195 3.060113e-01
  196 2.832195e-01
  197 2.733901e-01
  198 2.459585e-01
  199 2.067597e-01
  200 1.841875e-01
  201 1.563846e-01
  202 1.312667e-01
  203 1.127982e-01
  204 1.060363e-01
  205 8.996617e-02
  206 5.732669e-02
  207 1.849065e-02
  208 -2.595720e-03
  209 -3.873422e-02
  210 -5.846609e-02
  211 -6.334374e-02
  212 -6.201182e-02
  213 -4.569125e-02
  214 -1.715080e-02
  215 3.168321e-02
  216 7.980262e-02
  217 1.122665e-01
  218 1.356008e-01
  219 1.652923e-01
  220 1.750767e-01
  221 1.875400e-01
  222 1.921102e-01
  223 1.802778e-01
  224 1.559210e-01
  225 1.236309e-01
  226 8.311726e-02
  227 5.460227e-02
  228 1.339825e-02
  229 -3.481520e-02
  230 -7.218381e-02
  231 -1.127771e-01
  232 -1.368256e-01
  233 -1.528692e-01
  234 -1.445042e-01
  235 -1.145076e-01
  236 -1.004696e-01
  237 -8.194823e-02
  238 -5.784585e-02
  239 -2.106009e-02
  240 2.954366e-02
  241 9.289922e-02
  242 1.406754e-01
  243 1.927902e-01
  244 2.562878e-01
  245 3.074638e-01
  246 3.307143e-01
  247 3.351742e-01
  248 3.395722e-01
  249 3.463435e-01
  250 3.545818e-01
  251 3.436122e-01
  252 3.265608e-01
  253 3.187810e-01
  254 3.234960e-01
  255 3.396750e-01
  256 3.529702e-01
  257 3.706880e-01
  258 4.032291e-01
  259 4.209726e-01
  260 4.246262e-01
  261 4.165529e-01
  262 4.115744e-01
  263 4.157603e-01
  264 4.273478e-01
  265 4.217348e-01
  266 3.978526e-01
  267 3.709015e-01
  268 3.441577e-01
  269 3.075378e-01
  270 2.519084e-01
  271 1.873682e-01
  272 1.253800e-01
  273 7.353998e-02
  274 3.720427e-02
  275 1.472344e-02
  276 2.148018e-03
  277 4.293692e-03
  278 1.289294e-02
  279 1.469127e-02
  280 -3.735137e-03
  281 -1.621299e-02
  282 -3.844092e-02
  283 -5.698518e-02
  284 -8.430524e-02
  285 -9.694896e-02
  286 -9.494573e-02
  287 -8.441674e-02
  288 -8.390437e-02
  289 -7.928155e-02
  290 -6.769012e-02
  291 -4.644281e-02
  292 -3.432840e-02
  293 -3.888514e-02
  294 -3.700091e-02
  295 -4.933497e-02
  296 -4.900874e-02
  297 -5.983123e-02
  298 -7.750374e-02
  299 -1.111403e-01
  300 -1.245363e-01
  301 -1.165209e-01
  302 -1.153933e-01
  303 -1.229975e-01
  304 -1.249024e-01
  305 -1.223873e-01
  306 -1.139681e-01
  307 -1.062990e-01
  308 -9.286376e-02
  309 -8.961546e-02
  310 -9.868770e-02
  311 -9.384427e-02
  312 -7.062898e-02
  313 -2.980379e-02
  314 5.146861e-03
  315 5.137634e-02
  316 1.083233e-01
  317 1.725243e-01
  318 2.173825e-01
  319 2.529500e-01
  320 2.642289e-01
  321 2.613909e-01
  322 2.614995e-01
  323 2.582993e-01
  324 2.590920e-01
  325 2.518957e-01
  326 2.472022e-01
  327 2.627394e-01
  328 2.585879e-01
  329 2.578334e-01
  330 2.684117e-01
  331 2.843973e-01
  332 2.889901e-01
  333 2.739872e-01
  334 2.479548e-01
  335 2.411453e-01
  336 2.362640e-01
  337 2.409366e-01
  338 2.266942e-01
  339 2.182016e-01
  340 2.305872e-01
  341 2.543726e-01
  342 2.807552e-01
  343 2.973104e-01
  344 3.373220e-01
  345 3.948271e-01
  346 4.502629e-01
  347 4.955532e-01
  348 5.167219e-01
  349 5.401925e-01
  350 5.750317e-01
  351 5.899807e-01
  352 6.019612e-01
  353 6.121949e-01
  354 6.094497e-01
  355 5.980759e-01
  356 5.666402e-01
  357 5.342163e-01
  358 5.121502e-01
  359 4.825257e-01
  360 4.529937e-01
  361 4.275556e-01
  362 4.188718e-01
  363 4.035973e-01
  364 3.828987e-01
  365 3.699049e-01
  366 3.716904e-01
  367 3.900877e-01
  368 4.098652e-01
  369 4.014729e-01
  370 3.796096e-01
  371 3.637910e-01
  372 3.628257e-01
  373 3.449786e-01
  374 3.078996e-01
  375 2.720546e-01
  376 2.365544e-01
  377 2.086509e-01
  378 1.676595e-01
  379 1.132517e-01
  380 7.145821e-02
  381 3.327834e-02
  382 -3.586417e-03
  383 -1.311061e-02
  384 -2.598923e-02
  385 -4.214973e-02
  386 -4.634124e-02
  387 -3.206855e-02
  388 1.517618e-03
  389 2.533380e-02
  390 6.972341e-02
  391 1.118707e-01
  392 1.554077e-01
  393 1.885022e-01
  394 2.213106e-01
  395 2.683807e-01
  396 3.163183e-01
  397 3.629353e-01
  398 4.166531e-01
  399 4.795567e-01
  400 5.196772e-01
  401 5.358396e-01
  402 5.446866e-01
  403 5.635527e-01
  404 5.616552e-01
  405 5.507968e-01
  406 5.461563e-01
  407 5.544098e-01
  408 5.458152e-01
  409 5.381728e-01
  410 5.380482e-01
  411 5.254705e-01
  412 5.274277e-01
  413 5.163069e-01
  414 4.850033e-01
  415 4.350540e-01
  416 3.954261e-01
  417 3.458584e-01
  418 2.846117e-01
  419 2.268338e-01
  420 1.635762e-01
  421 1.043484e-01
  422 5.309974e-02
  423 9.928224e-03
  424 -1.173520e-02
  425 -1.776235e-02
  426 -8.897535e-03
  427 -8.322024e-03
  428 -2.101848e-02
  429 -3.102823e-02
  430 -2.082098e-02
  431 -1.435778e-02
  432 -1.668938e-02
  433 -3.881296e-03
  434 2.617972e-02
  435 6.319074e-02
  436 1.010183e-01
  437 1.186636e-01
  438 1.174255e-01
  439 1.216778e-01
  440 1.187209e-01
  441 9.597496e-02
  442 5.542454e-02
  443 2.983777e-02
  444 2.035488e-02
  445 6.956324e-03
  446 -2.001959e-02
  447 -4.200491e-02
  448 -4.486599e-02
  449 -4.085129e-02
  450 -4.597942e-02
  451 -4.495380e-02
  452 -3.699905e-02
  453 -1.550404e-02
  454 1.902730e-02
  455 6.041743e-02
  456 9.586745e-02
  457 1.304211e-01
  458 1.753371e-01
  459 2.263385e-01
  460 2.807978e-01
  461 3.232887e-01
  462 3.473915e-01
  463 3.613554e-01
  464 3.568748e-01
  465 3.603363e-01
  466 3.763146e-01
  467 3.976333e-01
  468 4.179615e-01
  469 4.420791e-01
  470 4.690585e-01
  471 4.901137e-01
  472 4.887291e-01
  473 4.667045e-01
  474 4.455897e-01
  475 4.251861e-01
  476 4.031736e-01
  477 3.690524e-01
  478 3.570817e-01
  479 3.690319e-01
  480 3.608940e-01
  481 3.616529e-01
  482 3.760435e-01
  483 3.783258e-01
  484 3.882395e-01
  485 3.740597e-01
  486 3.627543e-01
  487 3.431639e-01
  488 3.210304e-01
  489 3.077558e-01
  490 2.857144e-01
  491 2.720355e-01
  492 2.572177e-01
  493 2.355158e-01
  494 1.980740e-01
  495 1.587432e-01
  496 1.287841e-01
  497 8.751857e-02
  498 3.923822e-02
  499 -1.840949e-02
  500 -7.443854e-02
  501 -1.058058e-01
  502 -1.338155e-01
  503 -1.533737e-01
  504 -1.721191e-01
  505 -1.697110e-01
  506 -1.512509e-01
  507 -1.460847e-01
  508 -1.220841e-01
  509 -1.018952e-01
  510 -8.829776e-02
  511 -6.278451e-02
  512 -2.764945e-02
  513 -2.836460e-03
  514 2.603179e-02
  515 4.514767e-02
  516 4.476522e-02
  517 4.318260e-02
  518 2.795046e-02
  519 -4.491764e-03
  520 -3.974385e-02
  521 -6.599429e-02
  522 -1.053645e-01
  523 -1.472266e-01
  524 -1.932820e-01
  525 -2.404245e-01
  526 -2.597575e-01
  527 -2.667019e-01
  528 -2.600615e-01
  529 -2.508290e-01
  530 -2.328859e-01
  531 -2.166672e-01
  532 -1.917727e-01
  533 -1.635076e-01
  534 -1.385379e-01
  535 -1.216692e-01
  536 -9.807318e-02
  537 -8.193634e-02
  538 -7.507927e-02
  539 -9.168435e-02
  540 -1.215906e-01
  541 -1.476361e-01
  542 -1.875555e-01
  543 -2.110836e-01
  544 -2.467428e-01
  545 -2.832178e-01
  546 -3.216445e-01
  547 -3.377978e-01
  548 -3.407460e-01
  549 -3.244341e-01
  550 -3.012840e-01
  551 -2.703609e-01
  552 -2.551437e-01
  553 -2.390211e-01
  554 -2.387742e-01
  555 -2.318055e-01
  556 -2.111550e-01
  557 -1.910254e-01
  558 -1.514331e-01
  559 -1.006766e-01
  560 -5.729117e-02
  561 -1.151466e-03
  562 4.843927e-02
  563 1.129963e-01
  564 1.544031e-01
  565 1.786502e-01
  566 2.081930e-01
  567 2.133313e-01
  568 2.144065e-01
  569 2.310001e-01
  570 2.642767e-01
  571 2.942714e-01
  572 3.131184e-01
  573 3.486481e-01
  574 3.824350e-01
  575 4.221412e-01
  576 4.553828e-01
  577 5.032563e-01
  578 5.467653e-01
  579 5.809455e-01
  580 5.970840e-01
  581 6.196954e-01
  582 6.486191e-01
  583 6.825510e-01
  584 7.044492e-01
  585 7.023453e-01
  586 6.940264e-01
  587 6.736112e-01
  588 6.548698e-01
  589 6.177382e-01
  590 5.779164e-01
  591 5.534345e-01
  592 5.306030e-01
  593 4.901581e-01
  594 4.691643e-01
  595 4.620419e-01
  596 4.528645e-01
  597 4.534301e-01
  598 4.493346e-01
  599 4.473088e-01
  600 4.485651e-01
  601 4.444454e-01
  602 4.545119e-01
  603 4.633625e-01
  604 4.481648e-01
  605 4.422071e-01
  606 4.236037e-01
  607 3.960194e-01
  608 3.657813e-01
  609 3.286034e-01
  610 2.989193e-01
  611 2.738050e-01
  612 2.485370e-01
  613 2.064435e-01
  614 1.836245e-01
  615 1.554464e-01
  616 1.220636e-01
  617 9.586730e-02
  618 8.665357e-02
  619 6.903242e-02
  620 4.845629e-02
  621 3.473140e-02
  622 1.883258e-02
  623 1.513059e-02
  624 1.169529e-02
  625 1.996870e-02
  626 1.954027e-02
  627 2.401576e-02
  628 1.844210e-02
  629 2.838499e-02
  630 4.754176e-02
  631 4.644255e-02
  632 5.621768e-02
  633 7.172825e-02
  634 9.049189e-02
  635 1.238230e-01
  636 1.504437e-01
  637 1.738722e-01
  638 1.860138e-01
  639 1.873141e-01
  640 1.921749e-01
  641 1.905281e-01
  642 1.953244e-01
  643 1.846968e-01
  644 1.691642e-01
  645 1.507555e-01
  646 1.514026e-01
  647 1.465903e-01
  648 1.516757e-01
  649 1.354229e-01
  650 1.303238e-01
  651 1.240773e-01
  652 9.887889e-02
  653 5.878191e-02
  654 3.526239e-02
  655 3.038041e-02
  656 3.293444e-02
  657 3.739522e-02
  658 2.723965e-02
  659 1.145736e-02
  660 1.886234e-02
  661 2.851719e-02
  662 4.741324e-02
  663 7.565732e-02
  664 9.601000e-02
  665 1.389161e-01
  666 1.807198e-01
  667 2.268181e-01
  668 2.553990e-01
  669 2.608599e-01
  670 2.485903e-01
  671 2.440750e-01
  672 2.336588e-01
  673 2.011639e-01
  674 1.596774e-01
  675 1.329276e-01
  676 1.210612e-01
  677 1.171898e-01
  678 9.557249e-02
  679 8.314789e-02
  680 7.168633e-02
  681 7.839449e-02
  682 6.481609e-02
  683 5.031088e-02
  684 2.970628e-02
  685 7.729394e-03
  686 -2.937530e-02
  687 -8.449819e-02
  688 -1.327947e-01
  689 -1.812036e-01
  690 -2.393115e-01
  691 -3.095233e-01
  692 -3.647263e-01
  693 -3.945221e-01
  694 -4.132179e-01
  695 -4.261108e-01
  696 -4.223463e-01
  697 -4.266382e-01
  698 -4.413099e-01
  699 -4.383209e-01
  700 -4.174607e-01
  701 -3.793810e-01
  702 -3.531991e-01
  703 -3.077979e-01
  704 -2.576855e-01
  705 -2.265232e-01
  706 -1.875037e-01
  707 -1.541804e-01
  708 -1.061800e-01
  709 -7.216109e-02
  710 -4.599886e-02
  711 -1.737110e-02
  712 1.111051e-02
  713 1.963510e-02
  714 3.173944e-02
  715 5.746694e-02
  716 6.433571e-02
  717 6.177794e-02
  718 4.318877e-02
  719 3.249914e-02
  720 3.337708e-02
  721 4.355940e-02
  722 5.143183e-02
  723 6.412088e-02
  724 7.733057e-02
  725 9.961906e-02
  726 1.053009e-01
  727 9.697673e-02
  728 9.813927e-02
  729 1.087581e-01
  730 1.121078e-01
  731 1.008145e-01
  732 7.818907e-02
  733 4.745750e-02
  734 6.801189e-03
  735 -3.963718e-02
  736 -9.812976e-02
  737 -1.344919e-01
  738 -1.769162e-01
  739 -2.041058e-01
  740 -2.168186e-01
  741 -2.416400e-01
  742 -2.551332e-01
  743 -2.568811e-01
  744 -2.699658e-01
  745 -2.711881e-01
  746 -2.684203e-01
  747 -2.667740e-01
  748 -2.689657e-01
  749 -2.729352e-01
  750 -2.502542e-01
  751 -2.100812e-01
  752 -1.728075e-01
  753 -1.467840e-01
  754 -1.217475e-01
  755 -9.396890e-02
  756 -5.975132e-02
  757 -3.542437e-02
  758 -4.361270e-04
  759 3.519280e-02
  760 7.895003e-02
  761 1.205223e-01
  762 1.555445e-01
  763 2.008964e-01
  764 2.589263e-01
  765 3.164134e-01
  766 3.504865e-01
  767 3.612487e-01
  768 3.682302e-01
  769 3.772940e-01
  770 3.769063e-01
  771 3.510032e-01
  772 3.066543e-01
  773 2.596310e-01
  774 2.213304e-01
  775 1.823542e-01
  776 1.433318e-01
  777 1.074305e-01
  778 6.448589e-02
  779 2.308296e-02
  780 2.287715e-03
  781 -2.187293e-02
  782 -5.078148e-02
  783 -6.439585e-02
  784 -6.296941e-02
  785 -6.828010e-02
  786 -9.195215e-02
  787 -1.090010e-01
  788 -1.072754e-01
  789 -8.483449e-02
  790 -8.010934e-02
  791 -5.669396e-02
  792 -3.862009e-02
  793 -3.155450e-02
  794 -3.701156e-02
  795 -5.148331e-02
  796 -6.365101e-02
  797 -9.193310e-02
  798 -1.308484e-01
  799 -1.609169e-01
  800 -1.749733e-01
