    1     0
    2     0
    3     0
    4     0
    5     0
    6     0
    7     0
    8     0
    9     0
   10     0
   11     0
   12 5.551814e-01
   13 5.785132e-01
   14 6.022449e-01
   15 6.293583e-01
   16 6.523321e-01
   17 5.265933e-01
   18 4.207234e-01
   19 3.086634e-01
   20 2.112662e-01
   21 1.135904e-01
   22 2.314038e-02
   23 2.352713e-05
   24 -2.188460e-02
   25 -2.786749e-02
   26 -2.250240e-02
   27 -2.218940e-03
   28 2.042899e-02
   29 3.652582e-02
   30 4.759053e-02
   31 6.109017e-02
   32 6.755664e-02
   33 6.601444e-02
   34 5.408039e-02
   35 4.209472e-02
   36 3.044991e-02
   37 2.127518e-02
   38 7.463978e-03
   39 -6.893331e-03
   40 -1.877775e-02
   41 -2.622378e-02
   42 -3.052028e-02
   43 -3.580314e-02
   44 -4.108577e-02
   45 -4.609033e-02
   46 -4.581957e-02
   47 -4.794274e-02
   48 -5.247868e-02
   49 -6.070342e-02
   50 -7.226333e-02
   51 -8.409634e-02
   52 -9.938172e-02
   53 -1.084292e-01
   54 -1.113522e-01
   55 -1.120883e-01
   56 -1.155149e-01
   57 -1.173658e-01
   58 -1.145413e-01
   59 -1.055895e-01
   60 -9.596445e-02
   61 -9.040737e-02
   62 -7.867111e-02
   63 -6.973342e-02
   64 -5.521310e-02
   65 -4.382553e-02
   66 -3.326306e-02
   67 -2.205686e-02
   68 -6.730700e-03
   69 7.844520e-03
   70 2.271088e-02
   71 3.172492e-02
   72 4.211815e-02
   73 4.755682e-02
   74 5.270138e-02
   75 5.170943e-02
   76 5.560320e-02
   77 6.398522e-02
   78 7.169591e-02
   79 8.372008e-02
   80 8.769119e-02
   81 9.035557e-02
   82 9.204256e-02
   83 9.426212e-02
   84 9.614895e-02
   85 9.107694e-02
   86 9.136247e-02
   87 8.842820e-02
   88 8.633598e-02
   89 7.964102e-02
   90 7.916056e-02
   91 8.182731e-02
   92 7.878258e-02
   93 7.917219e-02
   94 7.929905e-02
   95 8.208490e-02
   96 8.861656e-02
   97 9.090517e-02
   98 8.589553e-02
   99 7.433710e-02
  100 6.794914e-02
  101 5.951959e-02
  102 4.811164e-02
  103 3.483134e-02
  104 2.058028e-02
  105 6.459945e-03
  106 2.106395e-03
  107 -6.351825e-03
  108 -1.732495e-02
  109 -2.163554e-02
  110 -2.264901e-02
  111 -2.110426e-02
  112 -1.845575e-02
  113 -9.931540e-03
  114 -2.718592e-03
  115 9.683083e-03
  116 2.257645e-02
  117 4.023979e-02
  118 5.910430e-02
  119 7.070293e-02
  120 8.164116e-02
  121 9.712732e-02
  122 1.071624e-01
  123 1.116858e-01
  124 1.156989e-01
  125 1.203401e-01
  126 1.188703e-01
  127 1.105913e-01
  128 9.965939e-02
  129 9.169549e-02
  130 8.011420e-02
  131 7.363155e-02
  132 7.316217e-02
  133 7.794238e-02
  134 7.942658e-02
  135 7.828779e-02
  136 8.143919e-02
  137 8.583278e-02
  138 8.743853e-02
  139 9.155621e-02
  140 9.976612e-02
  141 1.030102e-01
  142 1.063077e-01
  143 1.080975e-01
  144 1.106051e-01
  145 1.182429e-01
  146 1.244367e-01
  147 1.286426e-01
  148 1.328304e-01
  149 1.328917e-01
  150 1.323174e-01
  151 1.359509e-01
  152 1.436533e-01
  153 1.445822e-01
  154 1.500272e-01
  155 1.518988e-01
  156 1.549114e-01
  157 1.561676e-01
  158 1.538677e-01
  159 1.580379e-01
  160 1.660645e-01
  161 1.762095e-01
  162 1.905516e-01
  163 1.995466e-01
  164 2.106013e-01
  165 2.186189e-01
  166 2.222943e-01
  167 2.307126e-01
  168 2.402871e-01
  169 2.508282e-01
  170 2.594503e-01
  171 2.613881e-01
  172 2.666219e-01
  173 2.649943e-01
  174 2.669233e-01
  175 2.631610e-01
  176 2.648743e-01
  177 2.666804e-01
  178 2.653249e-01
  179 2.631112e-01
  180 2.539354e-01
  181 2.467411e-01
  182 2.411281e-01
  183 2.358350e-01
  184 2.264708e-01
  185 2.205579e-01
  186 2.108090e-01
  187 2.006535e-01
  188 1.964508e-01
  189 1.880244e-01
  190 1.764803e-01
  191 1.648045e-01
  192 1.495213e-01
  193 1.323324e-01
  194 1.183131e-01
  195 1.092716e-01
  196 1.030682e-01
  197 9.502764e-02
  198 8.230411e-02
  199 7.410412e-02
  200 6.069495e-02
  201 4.990379e-02
  202 3.556544e-02
  203 2.866655e-02
  204 2.315559e-02
  205 2.102553e-02
  206 2.477471e-02
  207 3.546967e-02
  208 4.920023e-02
  209 6.157744e-02
  210 7.831460e-02
  211 9.193814e-02
  212 9.944814e-02
  213 9.849422e-02
  214 1.004439e-01
  215 9.748709e-02
  216 8.875246e-02
  217 8.351074e-02
  218 7.893814e-02
  219 8.188361e-02
  220 9.219733e-02
  221 9.711621e-02
  222 1.105891e-01
  223 1.232774e-01
  224 1.356195e-01
  225 1.501751e-01
  226 1.615346e-01
  227 1.711298e-01
  228 1.764095e-01
  229 1.848353e-01
  230 1.909123e-01
  231 1.918295e-01
  232 1.949336e-01
  233 2.007773e-01
  234 2.050537e-01
  235 2.050344e-01
  236 1.989909e-01
  237 1.912925e-01
  238 1.802448e-01
  239 1.664513e-01
  240 1.520074e-01
  241 1.359893e-01
  242 1.186150e-01
  243 1.034872e-01
  244 8.519735e-02
  245 6.907570e-02
  246 5.668175e-02
  247 5.260246e-02
  248 5.115394e-02
  249 4.816228e-02
  250 4.220948e-02
  251 3.745192e-02
  252 2.751729e-02
  253 1.732332e-02
  254 1.004849e-02
  255 7.222581e-03
  256 1.015408e-02
  257 1.240426e-02
  258 1.494631e-02
  259 2.340383e-02
  260 3.564190e-02
  261 4.651821e-02
  262 6.235256e-02
  263 8.034278e-02
  264 9.380020e-02
  265 1.104251e-01
  266 1.290169e-01
  267 1.478134e-01
  268 1.668375e-01
  269 1.852530e-01
  270 2.040474e-01
  271 2.234343e-01
  272 2.328535e-01
  273 2.430520e-01
  274 2.537508e-01
  275 2.588773e-01
  276 2.617867e-01
  277 2.617147e-01
  278 2.665169e-01
  279 2.746121e-01
  280 2.855598e-01
  281 2.986331e-01
  282 3.147946e-01
  283 3.330505e-01
  284 3.525641e-01
  285 3.657429e-01
  286 3.706484e-01
  287 3.742863e-01
  288 3.768981e-01
  289 3.706835e-01
  290 3.561598e-01
  291 3.421193e-01
  292 3.214482e-01
  293 3.025050e-01
  294 2.806201e-01
  295 2.543519e-01
  296 2.338519e-01
  297 2.152192e-01
  298 2.032862e-01
  299 1.885742e-01
  300 1.718457e-01
  301 1.579838e-01
  302 1.507344e-01
  303 1.434922e-01
  304 1.317663e-01
  305 1.250517e-01
  306 1.247714e-01
  307 1.251741e-01
  308 1.236594e-01
  309 1.200965e-01
  310 1.104768e-01
  311 1.057440e-01
  312 1.014153e-01
  313 9.766969e-02
  314 9.176898e-02
  315 8.718371e-02
  316 8.378458e-02
  317 7.388417e-02
  318 6.327856e-02
  319 5.517362e-02
  320 4.922721e-02
  321 4.335673e-02
  322 3.720896e-02
  323 3.272983e-02
  324 3.114492e-02
  325 3.401165e-02
  326 3.379024e-02
  327 3.976798e-02
  328 4.135135e-02
  329 4.165271e-02
  330 3.835306e-02
  331 3.587969e-02
  332 3.764219e-02
  333 3.733138e-02
  334 3.233560e-02
  335 3.357308e-02
  336 3.641816e-02
  337 3.793854e-02
  338 4.048775e-02
  339 4.591817e-02
  340 4.822152e-02
  341 4.602916e-02
  342 4.752123e-02
  343 4.878667e-02
  344 5.416538e-02
  345 5.570119e-02
  346 5.833154e-02
  347 5.968123e-02
  348 5.671284e-02
  349 5.232785e-02
  350 5.394834e-02
  351 5.558461e-02
  352 6.410217e-02
  353 6.937728e-02
  354 7.331724e-02
  355 7.747997e-02
  356 7.950094e-02
  357 7.943765e-02
  358 8.547522e-02
  359 8.950086e-02
  360 9.704813e-02
  361 1.000103e-01
  362 1.003492e-01
  363 9.942820e-02
  364 1.049533e-01
  365 1.055764e-01
  366 1.060873e-01
  367 1.042705e-01
  368 1.061147e-01
  369 1.142033e-01
  370 1.253593e-01
  371 1.338370e-01
  372 1.357886e-01
  373 1.319527e-01
  374 1.268311e-01
  375 1.150541e-01
  376 1.045737e-01
  377 1.003480e-01
  378 9.320248e-02
  379 8.714099e-02
  380 8.282995e-02
  381 8.045866e-02
  382 8.521880e-02
  383 8.877784e-02
  384 8.797434e-02
  385 9.347515e-02
  386 9.442525e-02
  387 9.912694e-02
  388 9.656302e-02
  389 9.454818e-02
  390 9.122409e-02
  391 8.398776e-02
  392 7.654346e-02
  393 7.231778e-02
  394 6.494117e-02
  395 5.987416e-02
  396 5.390498e-02
  397 4.743255e-02
  398 4.601909e-02
  399 4.473344e-02
  400 4.512343e-02
  401 4.594320e-02
  402 5.305874e-02
  403 5.717253e-02
  404 6.129252e-02
  405 6.705650e-02
  406 7.202432e-02
  407 8.167594e-02
  408 8.425637e-02
  409 9.224226e-02
  410 9.255793e-02
  411 8.494280e-02
  412 8.101736e-02
  413 7.708217e-02
  414 7.954916e-02
  415 8.855606e-02
  416 1.011954e-01
  417 1.175563e-01
  418 1.315750e-01
  419 1.487574e-01
  420 1.692250e-01
  421 1.879439e-01
  422 2.004701e-01
  423 2.046348e-01
  424 2.102452e-01
  425 2.111138e-01
  426 2.028680e-01
  427 1.957662e-01
  428 1.852167e-01
  429 1.693775e-01
  430 1.516682e-01
  431 1.343660e-01
  432 1.219382e-01
  433 1.128354e-01
  434 1.099941e-01
  435 1.111975e-01
  436 1.154074e-01
  437 1.214814e-01
  438 1.305859e-01
  439 1.415720e-01
  440 1.457947e-01
  441 1.487418e-01
  442 1.541555e-01
  443 1.530110e-01
  444 1.562823e-01
  445 1.572826e-01
  446 1.556084e-01
  447 1.579417e-01
  448 1.564236e-01
  449 1.506126e-01
  450 1.502927e-01
  451 1.502677e-01
  452 1.502695e-01
  453 1.512825e-01
  454 1.595860e-01
  455 1.618979e-01
  456 1.711125e-01
  457 1.795002e-01
  458 1.859766e-01
  459 1.926977e-01
  460 2.025400e-01
  461 2.156425e-01
  462 2.281238e-01
  463 2.395543e-01
  464 2.452773e-01
  465 2.525142e-01
  466 2.545482e-01
  467 2.556738e-01
  468 2.548728e-01
  469 2.567020e-01
  470 2.545446e-01
  471 2.537094e-01
  472 2.566431e-01
  473 2.516378e-01
  474 2.417580e-01
  475 2.337876e-01
  476 2.252844e-01
  477 2.156977e-01
  478 2.051364e-01
  479 1.955216e-01
  480 1.890725e-01
  481 1.859322e-01
  482 1.890165e-01
  483 1.895054e-01
  484 1.892466e-01
  485 1.852273e-01
  486 1.774138e-01
  487 1.688555e-01
  488 1.615970e-01
  489 1.531079e-01
  490 1.437271e-01
  491 1.354262e-01
  492 1.267832e-01
  493 1.167525e-01
  494 1.064204e-01
  495 9.469881e-02
  496 8.229129e-02
  497 6.532786e-02
  498 5.046789e-02
  499 3.928543e-02
  500 2.649955e-02
  501 1.105730e-02
  502 2.291618e-03
  503 1.902729e-03
  504 1.603317e-03
  505 -2.037459e-03
  506 -6.907468e-03
  507 -1.057988e-02
  508 -1.449411e-02
  509 -2.207128e-02
  510 -2.705892e-02
  511 -3.699554e-02
  512 -3.901079e-02
  513 -3.530166e-02
  514 -3.245938e-02
  515 -3.253164e-02
  516 -2.955434e-02
  517 -2.640018e-02
  518 -2.037220e-02
  519 -1.326939e-02
  520 -9.285780e-03
  521 -1.668782e-03
  522 7.013506e-03
  523 1.155817e-02
  524 1.100601e-02
  525 4.121416e-03
  526 -4.364857e-03
  527 -9.229533e-03
  528 -1.326864e-02
  529 -1.571973e-02
  530 -2.279073e-02
  531 -3.427497e-02
  532 -4.204374e-02
  533 -4.262828e-02
  534 -3.732285e-02
  535 -3.010654e-02
  536 -1.543706e-02
  537 -4.742132e-03
  538 5.048910e-03
  539 1.902919e-02
  540 2.801989e-02
  541 4.165214e-02
  542 4.936688e-02
  543 5.905499e-02
  544 6.959831e-02
  545 7.721751e-02
  546 8.981496e-02
  547 9.532747e-02
  548 1.000730e-01
  549 1.104878e-01
  550 1.242101e-01
  551 1.312355e-01
  552 1.411268e-01
  553 1.478116e-01
  554 1.480999e-01
  555 1.409409e-01
  556 1.265005e-01
  557 1.159082e-01
  558 1.088244e-01
  559 1.013073e-01
  560 9.107229e-02
  561 8.207888e-02
  562 7.126976e-02
  563 6.405271e-02
  564 6.418818e-02
  565 6.034636e-02
  566 5.216661e-02
  567 5.153872e-02
  568 4.933681e-02
  569 4.614745e-02
  570 4.920394e-02
  571 5.580806e-02
  572 6.506287e-02
  573 7.223757e-02
  574 7.439101e-02
  575 7.863124e-02
  576 7.701764e-02
  577 8.071486e-02
  578 7.817560e-02
  579 7.855327e-02
  580 7.940200e-02
  581 8.449308e-02
  582 8.998498e-02
  583 9.636917e-02
  584 1.074292e-01
  585 1.172052e-01
  586 1.290892e-01
  587 1.423502e-01
  588 1.533733e-01
  589 1.690820e-01
  590 1.775282e-01
  591 1.824854e-01
  592 1.871879e-01
  593 1.954910e-01
  594 1.973095e-01
  595 1.967678e-01
  596 1.983469e-01
  597 1.964071e-01
  598 1.913279e-01
  599 1.853266e-01
  600 1.732211e-01
  601 1.673289e-01
  602 1.561999e-01
  603 1.439674e-01
  604 1.329133e-01
  605 1.181769e-01
  606 1.012271e-01
  607 7.900979e-02
  608 5.827173e-02
  609 3.576638e-02
  610 9.673798e-03
  611 -1.302518e-02
  612 -3.543157e-02
  613 -5.164860e-02
  614 -5.764780e-02
  615 -5.693441e-02
  616 -4.862903e-02
  617 -3.488606e-02
  618 -1.734671e-02
  619 1.543499e-03
  620 2.295256e-02
  621 4.490225e-02
  622 6.477036e-02
  623 7.789316e-02
  624 8.992715e-02
  625 9.513177e-02
  626 1.023399e-01
  627 1.039112e-01
  628 1.054078e-01
  629 1.016698e-01
  630 9.998882e-02
  631 9.947554e-02
  632 9.747724e-02
  633 9.579820e-02
  634 9.808139e-02
  635 9.720503e-02
  636 9.531042e-02
  637 9.884621e-02
  638 1.007336e-01
  639 1.067612e-01
  640 1.075629e-01
  641 1.126223e-01
  642 1.216520e-01
  643 1.342139e-01
  644 1.421262e-01
  645 1.495386e-01
  646 1.607829e-01
  647 1.722462e-01
  648 1.780585e-01
  649 1.779924e-01
  650 1.752148e-01
  651 1.757714e-01
  652 1.708457e-01
  653 1.616136e-01
  654 1.505816e-01
  655 1.453255e-01
  656 1.385703e-01
  657 1.325907e-01
  658 1.271394e-01
  659 1.224355e-01
  660 1.228801e-01
  661 1.184311e-01
  662 1.186983e-01
  663 1.149697e-01
  664 1.140854e-01
  665 1.140229e-01
  666 1.165254e-01
  667 1.121055e-01
  668 1.095129e-01
  669 1.092317e-01
  670 1.084820e-01
  671 1.091752e-01
  672 1.130914e-01
  673 1.116801e-01
  674 1.062148e-01
  675 1.003052e-01
  676 9.984602e-02
  677 9.480856e-02
  678 9.334798e-02
  679 9.951329e-02
  680 1.107703e-01
  681 1.190118e-01
  682 1.249710e-01
  683 1.328222e-01
  684 1.428955e-01
  685 1.489312e-01
  686 1.498631e-01
  687 1.509583e-01
  688 1.576475e-01
  689 1.679692e-01
  690 1.730123e-01
  691 1.811212e-01
  692 1.878825e-01
  693 1.971527e-01
  694 2.026253e-01
  695 2.032021e-01
  696 2.055312e-01
  697 2.012139e-01
  698 1.978014e-01
  699 1.911841e-01
  700 1.838739e-01
  701 1.771404e-01
  702 1.761471e-01
  703 1.715666e-01
  704 1.709737e-01
  705 1.722208e-01
  706 1.795875e-01
  707 1.896859e-01
  708 2.016789e-01
  709 2.179635e-01
  710 2.339088e-01
  711 2.448034e-01
  712 2.539740e-01
  713 2.655566e-01
  714 2.715465e-01
  715 2.690172e-01
  716 2.656303e-01
  717 2.658023e-01
  718 2.678159e-01
  719 2.674112e-01
  720 2.639609e-01
  721 2.664430e-01
  722 2.720057e-01
  723 2.764183e-01
  724 2.821462e-01
  725 2.921439e-01
  726 3.062494e-01
  727 3.225291e-01
  728 3.359848e-01
  729 3.474587e-01
  730 3.488807e-01
  731 3.444817e-01
  732 3.423418e-01
  733 3.374011e-01
  734 3.255388e-01
  735 3.165655e-01
  736 3.139146e-01
  737 3.145567e-01
  738 3.113221e-01
  739 3.062894e-01
  740 3.034813e-01
  741 3.008490e-01
  742 2.985607e-01
  743 2.971612e-01
  744 2.897148e-01
  745 2.870551e-01
  746 2.847065e-01
  747 2.846697e-01
  748 2.858220e-01
  749 2.844097e-01
  750 2.791140e-01
  751 2.799269e-01
  752 2.751283e-01
  753 2.660127e-01
  754 2.520153e-01
  755 2.399704e-01
  756 2.245682e-01
  757 2.055123e-01
  758 1.889911e-01
  759 1.818319e-01
  760 1.737498e-01
  761 1.688095e-01
  762 1.650569e-01
  763 1.628798e-01
  764 1.564214e-01
  765 1.463967e-01
  766 1.411430e-01
  767 1.382369e-01
  768 1.361317e-01
  769 1.401352e-01
  770 1.415335e-01
  771 1.418781e-01
  772 1.490858e-01
  773 1.564404e-01
  774 1.617900e-01
  775 1.647493e-01
  776 1.688061e-01
  777 1.763000e-01
  778 1.852852e-01
  779 1.879378e-01
  780 1.850531e-01
  781 1.760051e-01
  782 1.663176e-01
  783 1.537682e-01
  784 1.442349e-01
  785 1.339206e-01
  786 1.275167e-01
  787 1.219476e-01
  788 1.148123e-01
  789 1.081851e-01
  790 1.053826e-01
  791 1.010086e-01
  792 1.033438e-01
  793 1.074234e-01
  794 1.068854e-01
  795 1.092616e-01
  796 1.062071e-01
  797 1.024462e-01
  798 1.027442e-01
  799 1.060410e-01
  800 1.134039e-01
