    1     0
    2     0
    3     0
    4     0
    5     0
    6     0
    7     0
    8     0
    9     0
   10     0
   11     0
   12 -9.291533e-04
   13 -1.766415e-03
   14 1.216271e-04
   15 1.152443e-01
   16 2.140313e-01
   17 3.011320e-01
   18 6.444221e-01
   19 8.075017e-01
   20 9.298948e-01
   21 9.957557e-01
   22 1.031034e+00
   23 1.047100e+00
   24 9.744085e-01
   25 9.099380e-01
   26 8.465540e-01
   27 7.909009e-01
   28 7.472946e-01
   29 7.106772e-01
   30 7.045440e-01
   31 7.154793e-01
   32 7.392295e-01
   33 7.710621e-01
   34 8.044817e-01
   35 8.387201e-01
   36 8.671062e-01
   37 8.905553e-01
   38 9.114454e-01
   39 9.275039e-01
   40 9.362384e-01
   41 9.386532e-01
   42 9.404385e-01
   43 9.409692e-01
   44 9.397786e-01
   45 9.408704e-01
   46 9.411089e-01
   47 9.431682e-01
   48 9.442488e-01
   49 9.481853e-01
   50 9.531786e-01
   51 9.573132e-01
   52 9.645796e-01
   53 9.714663e-01
   54 9.786168e-01
   55 9.858249e-01
   56 9.921945e-01
   57 9.965524e-01
   58 9.965149e-01
   59 9.977273e-01
   60 9.982406e-01
   61 9.986874e-01
   62 1.000210e+00
   63 1.002930e+00
   64 1.003472e+00
   65 1.006558e+00
   66 1.007397e+00
   67 1.008571e+00
   68 1.011672e+00
   69 1.014097e+00
   70 1.018236e+00
   71 1.024098e+00
   72 1.028023e+00
   73 1.029967e+00
   74 1.031279e+00
   75 1.033004e+00
   76 1.030477e+00
   77 1.027951e+00
   78 1.024660e+00
   79 1.021223e+00
   80 1.018382e+00
   81 1.016921e+00
   82 1.015872e+00
   83 1.015121e+00
   84 1.014886e+00
   85 1.016716e+00
   86 1.020065e+00
   87 1.020615e+00
   88 1.022382e+00
   89 1.025088e+00
   90 1.026956e+00
   91 1.029864e+00
   92 1.029091e+00
   93 1.028539e+00
   94 1.024130e+00
   95 1.018431e+00
   96 1.014322e+00
   97 1.011022e+00
   98 1.012275e+00
   99 1.014877e+00
  100 1.018931e+00
  101 1.025069e+00
  102 1.028674e+00
  103 1.032874e+00
  104 1.039978e+00
  105 1.045719e+00
  106 1.051906e+00
  107 1.056290e+00
  108 1.062514e+00
  109 1.064200e+00
  110 1.062863e+00
  111 1.062318e+00
  112 1.059361e+00
  113 1.053081e+00
  114 1.043792e+00
  115 1.035086e+00
  116 1.031211e+00
  117 1.030987e+00
  118 1.034307e+00
  119 1.035650e+00
  120 1.039491e+00
  121 1.041067e+00
  122 1.044652e+00
  123 1.045406e+00
  124 1.043222e+00
  125 1.042647e+00
  126 1.039296e+00
  127 1.037762e+00
  128 1.035829e+00
  129 1.034974e+00
  130 1.033200e+00
  131 1.033474e+00
  132 1.035212e+00
  133 1.038530e+00
  134 1.043168e+00
  135 1.049644e+00
  136 1.053930e+00
  137 1.059154e+00
  138 1.063321e+00
  139 1.067702e+00
  140 1.071169e+00
  141 1.074516e+00
  142 1.076202e+00
  143 1.076417e+00
  144 1.074846e+00
  145 1.073654e+00
  146 1.072308e+00
  147 1.070761e+00
  148 1.067291e+00
  149 1.061861e+00
  150 1.059008e+00
  151 1.055058e+00
  152 1.048722e+00
  153 1.041738e+00
  154 1.035046e+00
  155 1.028995e+00
  156 1.022373e+00
  157 1.017088e+00
  158 1.011477e+00
  159 1.004881e+00
  160 1.000639e+00
  161 9.976006e-01
  162 9.984324e-01
  163 9.991767e-01
  164 1.002332e+00
  165 1.008254e+00
  166 1.012867e+00
  167 1.017196e+00
  168 1.019092e+00
  169 1.024608e+00
  170 1.027126e+00
  171 1.032734e+00
  172 1.035494e+00
  173 1.037499e+00
  174 1.042440e+00
  175 1.049262e+00
  176 1.053038e+00
  177 1.058261e+00
  178 1.060535e+00
  179 1.062631e+00
  180 1.063893e+00
  181 1.061788e+00
  182 1.062520e+00
  183 1.064258e+00
  184 1.063558e+00
  185 1.061956e+00
  186 1.058754e+00
  187 1.056136e+00
  188 1.054992e+00
  189 1.053805e+00
  190 1.051025e+00
  191 1.050630e+00
  192 1.052675e+00
  193 1.052629e+00
  194 1.054633e+00
  195 1.055116e+00
  196 1.055267e+00
  197 1.056901e+00
  198 1.057077e+00
  199 1.054977e+00
  200 1.051585e+00
  201 1.049770e+00
  202 1.044582e+00
  203 1.039498e+00
  204 1.035326e+00
  205 1.033785e+00
  206 1.034735e+00
  207 1.034079e+00
  208 1.033723e+00
  209 1.035722e+00
  210 1.040355e+00
  211 1.044605e+00
  212 1.049868e+00
  213 1.056192e+00
  214 1.063138e+00
  215 1.066176e+00
  216 1.067338e+00
  217 1.066280e+00
  218 1.064903e+00
  219 1.063991e+00
  220 1.065088e+00
  221 1.067620e+00
  222 1.068626e+00
  223 1.071435e+00
  224 1.071549e+00
  225 1.072423e+00
  226 1.074322e+00
  227 1.072140e+00
  228 1.071332e+00
  229 1.068909e+00
  230 1.069394e+00
  231 1.070718e+00
  232 1.070885e+00
  233 1.071834e+00
  234 1.071774e+00
  235 1.069243e+00
  236 1.067100e+00
  237 1.062583e+00
  238 1.056222e+00
  239 1.052784e+00
  240 1.049470e+00
  241 1.046852e+00
  242 1.044333e+00
  243 1.040231e+00
  244 1.034878e+00
  245 1.032870e+00
  246 1.030335e+00
  247 1.029037e+00
  248 1.025453e+00
  249 1.024473e+00
  250 1.021573e+00
  251 1.020552e+00
  252 1.018453e+00
  253 1.016430e+00
  254 1.013288e+00
  255 1.009031e+00
  256 1.007306e+00
  257 1.004089e+00
  258 1.004636e+00
  259 1.004725e+00
  260 1.007901e+00
  261 1.009929e+00
  262 1.014650e+00
  263 1.018507e+00
  264 1.020369e+00
  265 1.022105e+00
  266 1.020369e+00
  267 1.019406e+00
  268 1.015693e+00
  269 1.015217e+00
  270 1.014300e+00
  271 1.015872e+00
  272 1.019742e+00
  273 1.022664e+00
  274 1.027686e+00
  275 1.033231e+00
  276 1.036654e+00
  277 1.040611e+00
  278 1.041793e+00
  279 1.044050e+00
  280 1.046200e+00
  281 1.049745e+00
  282 1.055183e+00
  283 1.059420e+00
  284 1.061770e+00
  285 1.060629e+00
  286 1.060191e+00
  287 1.058680e+00
  288 1.054125e+00
  289 1.049552e+00
  290 1.045935e+00
  291 1.043200e+00
  292 1.041083e+00
  293 1.039395e+00
  294 1.038623e+00
  295 1.041285e+00
  296 1.046512e+00
  297 1.050551e+00
  298 1.055972e+00
  299 1.059269e+00
  300 1.063001e+00
  301 1.067495e+00
  302 1.072631e+00
  303 1.076741e+00
  304 1.080854e+00
  305 1.082241e+00
  306 1.081851e+00
  307 1.082017e+00
  308 1.081575e+00
  309 1.081139e+00
  310 1.081635e+00
  311 1.079183e+00
  312 1.075767e+00
  313 1.075373e+00
  314 1.075004e+00
  315 1.075616e+00
  316 1.075564e+00
  317 1.072337e+00
  318 1.066984e+00
  319 1.063222e+00
  320 1.060019e+00
  321 1.058567e+00
  322 1.054498e+00
  323 1.047861e+00
  324 1.044120e+00
  325 1.043519e+00
  326 1.042178e+00
  327 1.040066e+00
  328 1.037835e+00
  329 1.037506e+00
  330 1.034247e+00
  331 1.031569e+00
  332 1.032601e+00
  333 1.031220e+00
  334 1.032094e+00
  335 1.032963e+00
  336 1.037239e+00
  337 1.038452e+00
  338 1.039200e+00
  339 1.041979e+00
  340 1.042927e+00
  341 1.040462e+00
  342 1.035391e+00
  343 1.029431e+00
  344 1.023319e+00
  345 1.018304e+00
  346 1.015521e+00
  347 1.012673e+00
  348 1.013043e+00
  349 1.013001e+00
  350 1.016913e+00
  351 1.020032e+00
  352 1.022362e+00
  353 1.026488e+00
  354 1.030736e+00
  355 1.038218e+00
  356 1.043394e+00
  357 1.047172e+00
  358 1.053346e+00
  359 1.058442e+00
  360 1.062299e+00
  361 1.062386e+00
  362 1.062111e+00
  363 1.060502e+00
  364 1.059423e+00
  365 1.058653e+00
  366 1.054552e+00
  367 1.054234e+00
  368 1.054651e+00
  369 1.056362e+00
  370 1.060376e+00
  371 1.062142e+00
  372 1.062057e+00
  373 1.062732e+00
  374 1.063640e+00
  375 1.065232e+00
  376 1.067301e+00
  377 1.070057e+00
  378 1.073020e+00
  379 1.076232e+00
  380 1.077185e+00
  381 1.074805e+00
  382 1.075457e+00
  383 1.075832e+00
  384 1.075685e+00
  385 1.076135e+00
  386 1.075119e+00
  387 1.074325e+00
  388 1.074954e+00
  389 1.075492e+00
  390 1.072913e+00
  391 1.071139e+00
  392 1.067009e+00
  393 1.063313e+00
  394 1.060569e+00
  395 1.059999e+00
  396 1.059979e+00
  397 1.061610e+00
  398 1.064618e+00
  399 1.065465e+00
  400 1.065427e+00
  401 1.067371e+00
  402 1.066666e+00
  403 1.065951e+00
  404 1.064794e+00
  405 1.063619e+00
  406 1.065326e+00
  407 1.067285e+00
  408 1.070394e+00
  409 1.072883e+00
  410 1.073083e+00
  411 1.076784e+00
  412 1.080289e+00
  413 1.081389e+00
  414 1.082337e+00
  415 1.083440e+00
  416 1.086445e+00
  417 1.087065e+00
  418 1.088020e+00
  419 1.090723e+00
  420 1.092912e+00
  421 1.092909e+00
  422 1.089309e+00
  423 1.085551e+00
  424 1.084433e+00
  425 1.084939e+00
  426 1.082262e+00
  427 1.076661e+00
  428 1.069199e+00
  429 1.061370e+00
  430 1.055762e+00
  431 1.052706e+00
  432 1.048540e+00
  433 1.045091e+00
  434 1.041929e+00
  435 1.040325e+00
  436 1.041394e+00
  437 1.041697e+00
  438 1.042864e+00
  439 1.045319e+00
  440 1.048710e+00
  441 1.049899e+00
  442 1.051383e+00
  443 1.052129e+00
  444 1.051142e+00
  445 1.047814e+00
  446 1.045832e+00
  447 1.041666e+00
  448 1.040173e+00
  449 1.038212e+00
  450 1.039088e+00
  451 1.040059e+00
  452 1.039950e+00
  453 1.043353e+00
  454 1.048826e+00
  455 1.053485e+00
  456 1.058279e+00
  457 1.059358e+00
  458 1.062302e+00
  459 1.061008e+00
  460 1.056516e+00
  461 1.051534e+00
  462 1.048217e+00
  463 1.045208e+00
  464 1.043515e+00
  465 1.040544e+00
  466 1.036138e+00
  467 1.034271e+00
  468 1.032450e+00
  469 1.027439e+00
  470 1.024599e+00
  471 1.019576e+00
  472 1.016170e+00
  473 1.015728e+00
  474 1.016414e+00
  475 1.017937e+00
  476 1.020453e+00
  477 1.022794e+00
  478 1.022041e+00
  479 1.020925e+00
  480 1.018754e+00
  481 1.018681e+00
  482 1.021186e+00
  483 1.020669e+00
  484 1.024158e+00
  485 1.028727e+00
  486 1.033020e+00
  487 1.039951e+00
  488 1.043002e+00
  489 1.047324e+00
  490 1.049683e+00
  491 1.052978e+00
  492 1.054459e+00
  493 1.052884e+00
  494 1.048749e+00
  495 1.046493e+00
  496 1.042087e+00
  497 1.036759e+00
  498 1.034178e+00
  499 1.034345e+00
  500 1.037784e+00
  501 1.039848e+00
  502 1.040415e+00
  503 1.041978e+00
  504 1.042296e+00
  505 1.042524e+00
  506 1.039546e+00
  507 1.039082e+00
  508 1.041990e+00
  509 1.041975e+00
  510 1.045064e+00
  511 1.045800e+00
  512 1.049949e+00
  513 1.055905e+00
  514 1.061270e+00
  515 1.066750e+00
  516 1.070344e+00
  517 1.075441e+00
  518 1.076534e+00
  519 1.074971e+00
  520 1.075290e+00
  521 1.074154e+00
  522 1.070987e+00
  523 1.069213e+00
  524 1.068355e+00
  525 1.067668e+00
  526 1.064722e+00
  527 1.058664e+00
  528 1.052037e+00
  529 1.043779e+00
  530 1.038323e+00
  531 1.035693e+00
  532 1.033791e+00
  533 1.031975e+00
  534 1.030493e+00
  535 1.031967e+00
  536 1.032855e+00
  537 1.033063e+00
  538 1.033281e+00
  539 1.034997e+00
  540 1.036275e+00
  541 1.037791e+00
  542 1.039991e+00
  543 1.044678e+00
  544 1.050637e+00
  545 1.054890e+00
  546 1.057263e+00
  547 1.062085e+00
  548 1.066895e+00
  549 1.068024e+00
  550 1.066183e+00
  551 1.066287e+00
  552 1.067493e+00
  553 1.064809e+00
  554 1.060009e+00
  555 1.055053e+00
  556 1.049295e+00
  557 1.046045e+00
  558 1.042504e+00
  559 1.039779e+00
  560 1.038427e+00
  561 1.036072e+00
  562 1.035913e+00
  563 1.033412e+00
  564 1.031529e+00
  565 1.029242e+00
  566 1.024702e+00
  567 1.019117e+00
  568 1.013655e+00
  569 1.008255e+00
  570 1.005570e+00
  571 1.002070e+00
  572 1.002052e+00
  573 1.002092e+00
  574 1.004422e+00
  575 1.005461e+00
  576 1.004133e+00
  577 1.006458e+00
  578 1.005668e+00
  579 1.006696e+00
  580 1.005316e+00
  581 1.007907e+00
  582 1.010095e+00
  583 1.013440e+00
  584 1.017251e+00
  585 1.021266e+00
  586 1.029357e+00
  587 1.037122e+00
  588 1.046429e+00
  589 1.053444e+00
  590 1.061654e+00
  591 1.066409e+00
  592 1.067007e+00
  593 1.064550e+00
  594 1.060563e+00
  595 1.058453e+00
  596 1.053832e+00
  597 1.051825e+00
  598 1.052026e+00
  599 1.052675e+00
  600 1.053304e+00
  601 1.052062e+00
  602 1.054241e+00
  603 1.055102e+00
  604 1.052995e+00
  605 1.051859e+00
  606 1.048114e+00
  607 1.042573e+00
  608 1.035144e+00
  609 1.030516e+00
  610 1.029062e+00
  611 1.026722e+00
  612 1.023024e+00
  613 1.020418e+00
  614 1.016809e+00
  615 1.016282e+00
  616 1.018042e+00
  617 1.022296e+00
  618 1.028125e+00
  619 1.035221e+00
  620 1.043689e+00
  621 1.049270e+00
  622 1.054991e+00
  623 1.060113e+00
  624 1.065073e+00
  625 1.068363e+00
  626 1.071564e+00
  627 1.071036e+00
  628 1.070018e+00
  629 1.068970e+00
  630 1.065503e+00
  631 1.060652e+00
  632 1.055684e+00
  633 1.055240e+00
  634 1.055215e+00
  635 1.055424e+00
  636 1.057962e+00
  637 1.061872e+00
  638 1.065266e+00
  639 1.065128e+00
  640 1.062801e+00
  641 1.059513e+00
  642 1.058452e+00
  643 1.056193e+00
  644 1.054000e+00
  645 1.051873e+00
  646 1.049812e+00
  647 1.049849e+00
  648 1.047430e+00
  649 1.046377e+00
  650 1.048559e+00
  651 1.048495e+00
  652 1.047484e+00
  653 1.045287e+00
  654 1.044698e+00
  655 1.047747e+00
  656 1.047553e+00
  657 1.048697e+00
  658 1.052455e+00
  659 1.053735e+00
  660 1.054859e+00
  661 1.054060e+00
  662 1.050254e+00
  663 1.043323e+00
  664 1.037000e+00
  665 1.034478e+00
  666 1.030070e+00
  667 1.025127e+00
  668 1.021384e+00
  669 1.018237e+00
  670 1.019861e+00
  671 1.021429e+00
  672 1.023018e+00
  673 1.024000e+00
  674 1.026725e+00
  675 1.027941e+00
  676 1.031349e+00
  677 1.034268e+00
  678 1.036387e+00
  679 1.040465e+00
  680 1.042054e+00
  681 1.044498e+00
  682 1.047280e+00
  683 1.049972e+00
  684 1.050619e+00
  685 1.048885e+00
  686 1.046461e+00
  687 1.047701e+00
  688 1.046139e+00
  689 1.042941e+00
  690 1.042285e+00
  691 1.044991e+00
  692 1.049713e+00
  693 1.051383e+00
  694 1.051511e+00
  695 1.052935e+00
  696 1.056474e+00
  697 1.056378e+00
  698 1.054055e+00
  699 1.050250e+00
  700 1.046518e+00
  701 1.041610e+00
  702 1.039106e+00
  703 1.038360e+00
  704 1.037699e+00
  705 1.037651e+00
  706 1.037856e+00
  707 1.037179e+00
  708 1.037923e+00
  709 1.040717e+00
  710 1.044278e+00
  711 1.045334e+00
  712 1.046491e+00
  713 1.049060e+00
  714 1.050734e+00
  715 1.049165e+00
  716 1.048355e+00
  717 1.050932e+00
  718 1.051806e+00
  719 1.053083e+00
  720 1.056220e+00
  721 1.056300e+00
  722 1.055292e+00
  723 1.056428e+00
  724 1.058048e+00
  725 1.057999e+00
  726 1.058174e+00
  727 1.059250e+00
  728 1.059327e+00
  729 1.059446e+00
  730 1.061162e+00
  731 1.060996e+00
  732 1.059898e+00
  733 1.057056e+00
  734 1.054459e+00
  735 1.051744e+00
  736 1.048412e+00
  737 1.045915e+00
  738 1.045009e+00
  739 1.044952e+00
  740 1.045687e+00
  741 1.047900e+00
  742 1.051171e+00
  743 1.057373e+00
  744 1.065140e+00
  745 1.072361e+00
  746 1.079599e+00
  747 1.082842e+00
  748 1.083408e+00
  749 1.082509e+00
  750 1.082771e+00
  751 1.083136e+00
  752 1.082086e+00
  753 1.082848e+00
  754 1.081806e+00
  755 1.080448e+00
  756 1.077771e+00
  757 1.076065e+00
  758 1.072032e+00
  759 1.070443e+00
  760 1.069944e+00
  761 1.071340e+00
  762 1.075793e+00
  763 1.077551e+00
  764 1.077385e+00
  765 1.079796e+00
  766 1.083282e+00
  767 1.082575e+00
  768 1.080238e+00
  769 1.080276e+00
  770 1.077498e+00
  771 1.072152e+00
  772 1.063889e+00
  773 1.056887e+00
  774 1.050272e+00
  775 1.042384e+00
  776 1.037388e+00
  777 1.033489e+00
  778 1.032215e+00
  779 1.033646e+00
  780 1.033131e+00
  781 1.036993e+00
  782 1.039696e+00
  783 1.040795e+00
  784 1.040944e+00
  785 1.039122e+00
  786 1.039021e+00
  787 1.039543e+00
  788 1.042748e+00
  789 1.044980e+00
  790 1.047137e+00
  791 1.049004e+00
  792 1.050047e+00
  793 1.053050e+00
  794 1.056603e+00
  795 1.057366e+00
  796 1.057909e+00
  797 1.057263e+00
  798 1.059245e+00
  799 1.061640e+00
  800 1.064961e+00
