    1     0
    2     0
    3     0
    4     0
    5     0
    6     0
    7     0
    8     0
    9     0
   10     0
   11     0
   12 6.525643e-03
   13 1.758926e-02
   14 2.871040e-02
   15 1.437110e-01
   16 2.432380e-01
   17 3.337778e-01
   18 6.859718e-01
   19 8.423137e-01
   20 9.600960e-01
   21 1.018865e+00
   22 1.043815e+00
   23 1.039757e+00
   24 9.433583e-01
   25 8.558957e-01
   26 7.817249e-01
   27 7.168424e-01
   28 6.615895e-01
   29 6.173088e-01
   30 6.094213e-01
   31 6.146815e-01
   32 6.397302e-01
   33 6.657088e-01
   34 6.940070e-01
   35 7.381213e-01
   36 7.715530e-01
   37 7.908534e-01
   38 8.065806e-01
   39 8.155342e-01
   40 8.145564e-01
   41 8.142044e-01
   42 8.150466e-01
   43 8.147872e-01
   44 8.230345e-01
   45 8.352830e-01
   46 8.455631e-01
   47 8.579654e-01
   48 8.643811e-01
   49 8.728770e-01
   50 8.785669e-01
   51 8.842397e-01
   52 8.847559e-01
   53 8.929951e-01
   54 8.915967e-01
   55 8.899641e-01
   56 8.849979e-01
   57 8.794619e-01
   58 8.698115e-01
   59 8.662869e-01
   60 8.687828e-01
   61 8.647772e-01
   62 8.686793e-01
   63 8.745736e-01
   64 8.785011e-01
   65 8.890996e-01
   66 9.041625e-01
   67 9.305717e-01
   68 9.637596e-01
   69 1.001135e+00
   70 1.032206e+00
   71 1.055926e+00
   72 1.073348e+00
   73 1.091396e+00
   74 1.114524e+00
   75 1.122149e+00
   76 1.123767e+00
   77 1.119501e+00
   78 1.116941e+00
   79 1.120988e+00
   80 1.125264e+00
   81 1.137099e+00
   82 1.150155e+00
   83 1.164538e+00
   84 1.170271e+00
   85 1.172049e+00
   86 1.163661e+00
   87 1.147336e+00
   88 1.126329e+00
   89 1.114085e+00
   90 1.100558e+00
   91 1.094730e+00
   92 1.080178e+00
   93 1.061767e+00
   94 1.040944e+00
   95 1.031131e+00
   96 1.027798e+00
   97 1.015267e+00
   98 1.009606e+00
   99 1.007870e+00
  100 1.020385e+00
  101 1.037326e+00
  102 1.043281e+00
  103 1.040679e+00
  104 1.038400e+00
  105 1.035893e+00
  106 1.025176e+00
  107 1.005929e+00
  108 9.972536e-01
  109 9.866100e-01
  110 9.743568e-01
  111 9.655135e-01
  112 9.701077e-01
  113 9.793596e-01
  114 9.905060e-01
  115 9.993551e-01
  116 1.015770e+00
  117 1.031016e+00
  118 1.053207e+00
  119 1.063370e+00
  120 1.077761e+00
  121 1.098294e+00
  122 1.109182e+00
  123 1.113600e+00
  124 1.110764e+00
  125 1.121128e+00
  126 1.136777e+00
  127 1.142031e+00
  128 1.152965e+00
  129 1.163656e+00
  130 1.162712e+00
  131 1.161579e+00
  132 1.154909e+00
  133 1.144404e+00
  134 1.126163e+00
  135 1.103441e+00
  136 1.088502e+00
  137 1.068694e+00
  138 1.061989e+00
  139 1.062085e+00
  140 1.061865e+00
  141 1.058929e+00
  142 1.065499e+00
  143 1.066492e+00
  144 1.061117e+00
  145 1.062928e+00
  146 1.074571e+00
  147 1.083991e+00
  148 1.086942e+00
  149 1.096714e+00
  150 1.111345e+00
  151 1.124619e+00
  152 1.139888e+00
  153 1.145922e+00
  154 1.156337e+00
  155 1.171209e+00
  156 1.172924e+00
  157 1.167909e+00
  158 1.154835e+00
  159 1.147992e+00
  160 1.140196e+00
  161 1.120454e+00
  162 1.114531e+00
  163 1.106590e+00
  164 1.097652e+00
  165 1.087313e+00
  166 1.078812e+00
  167 1.085219e+00
  168 1.088179e+00
  169 1.085962e+00
  170 1.085563e+00
  171 1.093340e+00
  172 1.104659e+00
  173 1.102252e+00
  174 1.104023e+00
  175 1.103704e+00
  176 1.102967e+00
  177 1.096818e+00
  178 1.090038e+00
  179 1.089825e+00
  180 1.092875e+00
  181 1.102890e+00
  182 1.105345e+00
  183 1.111571e+00
  184 1.122020e+00
  185 1.121895e+00
  186 1.111975e+00
  187 1.105721e+00
  188 1.097156e+00
  189 1.077259e+00
  190 1.052032e+00
  191 1.038443e+00
  192 1.030110e+00
  193 1.017334e+00
  194 1.008629e+00
  195 9.917147e-01
  196 9.787039e-01
  197 9.603313e-01
  198 9.456260e-01
  199 9.350096e-01
  200 9.320647e-01
  201 9.267383e-01
  202 9.306253e-01
  203 9.252655e-01
  204 9.226844e-01
  205 9.150412e-01
  206 9.122682e-01
  207 9.118368e-01
  208 9.016447e-01
  209 9.013748e-01
  210 9.069284e-01
  211 9.207631e-01
  212 9.375256e-01
  213 9.626377e-01
  214 9.947043e-01
  215 1.031370e+00
  216 1.057997e+00
  217 1.085884e+00
  218 1.112132e+00
  219 1.126107e+00
  220 1.125764e+00
  221 1.118858e+00
  222 1.112280e+00
  223 1.107231e+00
  224 1.101832e+00
  225 1.089744e+00
  226 1.090479e+00
  227 1.095560e+00
  228 1.098142e+00
  229 1.092202e+00
  230 1.097003e+00
  231 1.095848e+00
  232 1.100399e+00
  233 1.102753e+00
  234 1.094229e+00
  235 1.083538e+00
  236 1.064001e+00
  237 1.056525e+00
  238 1.054345e+00
  239 1.057383e+00
  240 1.051741e+00
  241 1.046902e+00
  242 1.041156e+00
  243 1.030112e+00
  244 1.014131e+00
  245 9.981495e-01
  246 9.758606e-01
  247 9.489877e-01
  248 9.197382e-01
  249 8.902211e-01
  250 8.636207e-01
  251 8.514765e-01
  252 8.453969e-01
  253 8.420115e-01
  254 8.523704e-01
  255 8.634145e-01
  256 8.845555e-01
  257 9.041505e-01
  258 9.241808e-01
  259 9.461213e-01
  260 9.634790e-01
  261 9.740242e-01
  262 9.862624e-01
  263 1.009484e+00
  264 1.025893e+00
  265 1.032604e+00
  266 1.048377e+00
  267 1.060756e+00
  268 1.068416e+00
  269 1.066454e+00
  270 1.078762e+00
  271 1.089056e+00
  272 1.102329e+00
  273 1.124288e+00
  274 1.137452e+00
  275 1.149170e+00
  276 1.167141e+00
  277 1.186997e+00
  278 1.202083e+00
  279 1.212618e+00
  280 1.227660e+00
  281 1.231846e+00
  282 1.223693e+00
  283 1.212909e+00
  284 1.194727e+00
  285 1.172689e+00
  286 1.148432e+00
  287 1.127085e+00
  288 1.120799e+00
  289 1.111294e+00
  290 1.102681e+00
  291 1.106882e+00
  292 1.118567e+00
  293 1.131637e+00
  294 1.137283e+00
  295 1.144171e+00
  296 1.142013e+00
  297 1.139032e+00
  298 1.119434e+00
  299 1.098307e+00
  300 1.081246e+00
  301 1.060961e+00
  302 1.037873e+00
  303 1.019822e+00
  304 9.966070e-01
  305 9.732766e-01
  306 9.608761e-01
  307 9.456021e-01
  308 9.264424e-01
  309 9.044729e-01
  310 8.890297e-01
  311 8.855467e-01
  312 8.813581e-01
  313 8.879946e-01
  314 9.002377e-01
  315 9.162880e-01
  316 9.331665e-01
  317 9.519107e-01
  318 9.749049e-01
  319 9.963584e-01
  320 1.011043e+00
  321 1.020062e+00
  322 1.033332e+00
  323 1.045508e+00
  324 1.043935e+00
  325 1.038349e+00
  326 1.041185e+00
  327 1.035916e+00
  328 1.020705e+00
  329 1.000463e+00
  330 9.902597e-01
  331 9.916211e-01
  332 9.939440e-01
  333 9.902717e-01
  334 9.953177e-01
  335 1.000697e+00
  336 1.004531e+00
  337 9.975719e-01
  338 9.911319e-01
  339 9.920521e-01
  340 1.001083e+00
  341 1.000021e+00
  342 1.003121e+00
  343 1.014310e+00
  344 1.024901e+00
  345 1.040472e+00
  346 1.048745e+00
  347 1.064200e+00
  348 1.074930e+00
  349 1.092241e+00
  350 1.105089e+00
  351 1.121906e+00
  352 1.137459e+00
  353 1.149443e+00
  354 1.157575e+00
  355 1.158712e+00
  356 1.158341e+00
  357 1.157797e+00
  358 1.160367e+00
  359 1.164042e+00
  360 1.170459e+00
  361 1.184247e+00
  362 1.195668e+00
  363 1.197928e+00
  364 1.198621e+00
  365 1.204971e+00
  366 1.204790e+00
  367 1.195500e+00
  368 1.180069e+00
  369 1.162696e+00
  370 1.146787e+00
  371 1.122141e+00
  372 1.109871e+00
  373 1.097573e+00
  374 1.087331e+00
  375 1.073494e+00
  376 1.070730e+00
  377 1.074638e+00
  378 1.074828e+00
  379 1.073136e+00
  380 1.065022e+00
  381 1.052232e+00
  382 1.048288e+00
  383 1.033949e+00
  384 1.020846e+00
  385 1.014649e+00
  386 1.005025e+00
  387 1.006645e+00
  388 1.013824e+00
  389 1.016090e+00
  390 1.024123e+00
  391 1.022560e+00
  392 1.030874e+00
  393 1.028361e+00
  394 1.023354e+00
  395 1.027698e+00
  396 1.028671e+00
  397 1.034388e+00
  398 1.029775e+00
  399 1.028042e+00
  400 1.032956e+00
  401 1.029537e+00
  402 1.021614e+00
  403 1.004429e+00
  404 9.942595e-01
  405 9.813967e-01
  406 9.650399e-01
  407 9.593336e-01
  408 9.605860e-01
  409 9.758987e-01
  410 9.991811e-01
  411 1.015842e+00
  412 1.034545e+00
  413 1.044529e+00
  414 1.060760e+00
  415 1.063519e+00
  416 1.065251e+00
  417 1.060412e+00
  418 1.050460e+00
  419 1.038039e+00
  420 1.028833e+00
  421 1.026747e+00
  422 1.029638e+00
  423 1.029092e+00
  424 1.026300e+00
  425 1.039113e+00
  426 1.048425e+00
  427 1.055965e+00
  428 1.069592e+00
  429 1.070385e+00
  430 1.061619e+00
  431 1.040605e+00
  432 1.019398e+00
  433 9.999702e-01
  434 9.878359e-01
  435 9.749911e-01
  436 9.596717e-01
  437 9.443420e-01
  438 9.389964e-01
  439 9.384217e-01
  440 9.499348e-01
  441 9.563684e-01
  442 9.767470e-01
  443 1.007031e+00
  444 1.029803e+00
  445 1.061211e+00
  446 1.080992e+00
  447 1.100265e+00
  448 1.113931e+00
  449 1.130533e+00
  450 1.134265e+00
  451 1.142182e+00
  452 1.141890e+00
  453 1.146800e+00
  454 1.147776e+00
  455 1.154428e+00
  456 1.158324e+00
  457 1.161236e+00
  458 1.167115e+00
  459 1.162635e+00
  460 1.149295e+00
  461 1.141942e+00
  462 1.134271e+00
  463 1.124211e+00
  464 1.125500e+00
  465 1.138677e+00
  466 1.142303e+00
  467 1.138455e+00
  468 1.131967e+00
  469 1.133887e+00
  470 1.125455e+00
  471 1.117975e+00
  472 1.114675e+00
  473 1.115866e+00
  474 1.120508e+00
  475 1.127597e+00
  476 1.123038e+00
  477 1.126804e+00
  478 1.121828e+00
  479 1.122701e+00
  480 1.115647e+00
  481 1.109765e+00
  482 1.096805e+00
  483 1.086431e+00
  484 1.068336e+00
  485 1.042466e+00
  486 1.024178e+00
  487 1.002160e+00
  488 9.833465e-01
  489 9.616530e-01
  490 9.501796e-01
  491 9.521624e-01
  492 9.522877e-01
  493 9.539032e-01
  494 9.559914e-01
  495 9.627268e-01
  496 9.673310e-01
  497 9.691902e-01
  498 9.733557e-01
  499 9.808978e-01
  500 9.751279e-01
  501 9.750654e-01
  502 9.756953e-01
  503 9.699951e-01
  504 9.544638e-01
  505 9.346600e-01
  506 9.187829e-01
  507 9.142179e-01
  508 9.188717e-01
  509 9.155107e-01
  510 9.226451e-01
  511 9.303825e-01
  512 9.355760e-01
  513 9.455008e-01
  514 9.600306e-01
  515 9.788930e-01
  516 1.002642e+00
  517 1.024522e+00
  518 1.038735e+00
  519 1.045566e+00
  520 1.046080e+00
  521 1.037097e+00
  522 1.026761e+00
  523 1.011747e+00
  524 1.009637e+00
  525 1.009370e+00
  526 1.004476e+00
  527 1.002101e+00
  528 9.967120e-01
  529 9.958930e-01
  530 9.910354e-01
  531 9.952685e-01
  532 1.001521e+00
  533 9.958477e-01
  534 9.929802e-01
  535 9.983526e-01
  536 1.010997e+00
  537 1.028230e+00
  538 1.036498e+00
  539 1.044076e+00
  540 1.048897e+00
  541 1.060974e+00
  542 1.067364e+00
  543 1.072809e+00
  544 1.087137e+00
  545 1.106903e+00
  546 1.123418e+00
  547 1.127855e+00
  548 1.140136e+00
  549 1.150801e+00
  550 1.147840e+00
  551 1.139531e+00
  552 1.133833e+00
  553 1.126754e+00
  554 1.113636e+00
  555 1.099857e+00
  556 1.100234e+00
  557 1.102929e+00
  558 1.096294e+00
  559 1.092915e+00
  560 1.083746e+00
  561 1.074888e+00
  562 1.070127e+00
  563 1.070538e+00
  564 1.064048e+00
  565 1.062927e+00
  566 1.053701e+00
  567 1.052768e+00
  568 1.054666e+00
  569 1.049367e+00
  570 1.038402e+00
  571 1.022545e+00
  572 1.018940e+00
  573 1.019220e+00
  574 1.015597e+00
  575 1.023584e+00
  576 1.031424e+00
  577 1.031857e+00
  578 1.028861e+00
  579 1.027969e+00
  580 1.021356e+00
  581 1.020836e+00
  582 1.028382e+00
  583 1.028109e+00
  584 1.038932e+00
  585 1.053795e+00
  586 1.064599e+00
  587 1.085042e+00
  588 1.096612e+00
  589 1.117333e+00
  590 1.130089e+00
  591 1.135601e+00
  592 1.142010e+00
  593 1.141307e+00
  594 1.143248e+00
  595 1.143227e+00
  596 1.142999e+00
  597 1.144812e+00
  598 1.138687e+00
  599 1.135468e+00
  600 1.122060e+00
  601 1.100765e+00
  602 1.071775e+00
  603 1.045826e+00
  604 1.015082e+00
  605 9.879530e-01
  606 9.666027e-01
  607 9.603991e-01
  608 9.534893e-01
  609 9.548492e-01
  610 9.612163e-01
  611 9.694306e-01
  612 9.714386e-01
  613 9.649994e-01
  614 9.523959e-01
  615 9.472113e-01
  616 9.483601e-01
  617 9.469848e-01
  618 9.471277e-01
  619 9.488997e-01
  620 9.598333e-01
  621 9.643911e-01
  622 9.679327e-01
  623 9.715768e-01
  624 9.736267e-01
  625 9.776676e-01
  626 9.846546e-01
  627 1.001697e+00
  628 1.010666e+00
  629 1.021808e+00
  630 1.039795e+00
  631 1.064171e+00
  632 1.074048e+00
  633 1.086221e+00
  634 1.103057e+00
  635 1.111451e+00
  636 1.117069e+00
  637 1.123494e+00
  638 1.131633e+00
  639 1.129965e+00
  640 1.120039e+00
  641 1.103640e+00
  642 1.095963e+00
  643 1.079124e+00
  644 1.063449e+00
  645 1.052155e+00
  646 1.046993e+00
  647 1.037967e+00
  648 1.037542e+00
  649 1.044540e+00
  650 1.054799e+00
  651 1.074945e+00
  652 1.096923e+00
  653 1.108325e+00
  654 1.113840e+00
  655 1.114137e+00
  656 1.113815e+00
  657 1.109682e+00
  658 1.095875e+00
  659 1.092432e+00
  660 1.088855e+00
  661 1.079983e+00
  662 1.063279e+00
  663 1.045267e+00
  664 1.027473e+00
  665 1.007694e+00
  666 9.895454e-01
  667 9.686040e-01
  668 9.562092e-01
  669 9.486572e-01
  670 9.458932e-01
  671 9.486979e-01
  672 9.607886e-01
  673 9.790059e-01
  674 1.006280e+00
  675 1.034362e+00
  676 1.054148e+00
  677 1.071836e+00
  678 1.081563e+00
  679 1.082489e+00
  680 1.087283e+00
  681 1.092445e+00
  682 1.091300e+00
  683 1.096054e+00
  684 1.095926e+00
  685 1.092656e+00
  686 1.096404e+00
  687 1.093544e+00
  688 1.083748e+00
  689 1.074350e+00
  690 1.075198e+00
  691 1.084148e+00
  692 1.090722e+00
  693 1.092351e+00
  694 1.098847e+00
  695 1.111248e+00
  696 1.122016e+00
  697 1.126202e+00
  698 1.132425e+00
  699 1.145040e+00
  700 1.160488e+00
  701 1.165055e+00
  702 1.172221e+00
  703 1.176845e+00
  704 1.169268e+00
  705 1.152931e+00
  706 1.140967e+00
  707 1.139163e+00
  708 1.135869e+00
  709 1.124257e+00
  710 1.110580e+00
  711 1.095498e+00
  712 1.092173e+00
  713 1.098123e+00
  714 1.095896e+00
  715 1.102677e+00
  716 1.117595e+00
  717 1.135313e+00
  718 1.149853e+00
  719 1.166860e+00
  720 1.181956e+00
  721 1.186576e+00
  722 1.192915e+00
  723 1.199480e+00
  724 1.194444e+00
  725 1.177913e+00
  726 1.163843e+00
  727 1.143755e+00
  728 1.127121e+00
  729 1.111357e+00
  730 1.097563e+00
  731 1.097051e+00
  732 1.091605e+00
  733 1.082549e+00
  734 1.067500e+00
  735 1.060691e+00
  736 1.046633e+00
  737 1.030528e+00
  738 1.022138e+00
  739 1.022561e+00
  740 1.035169e+00
  741 1.044156e+00
  742 1.047994e+00
  743 1.059150e+00
  744 1.067703e+00
  745 1.063441e+00
  746 1.065383e+00
  747 1.065609e+00
  748 1.066177e+00
  749 1.067031e+00
  750 1.068010e+00
  751 1.064168e+00
  752 1.069322e+00
  753 1.076955e+00
  754 1.089165e+00
  755 1.100498e+00
  756 1.115640e+00
  757 1.128178e+00
  758 1.130934e+00
  759 1.126141e+00
  760 1.123401e+00
  761 1.123530e+00
  762 1.124155e+00
  763 1.111760e+00
  764 1.107463e+00
  765 1.099530e+00
  766 1.091432e+00
  767 1.089485e+00
  768 1.078045e+00
  769 1.077426e+00
  770 1.070425e+00
  771 1.067106e+00
  772 1.063563e+00
  773 1.059018e+00
  774 1.061097e+00
  775 1.051027e+00
  776 1.040308e+00
  777 1.024590e+00
  778 1.011088e+00
  779 9.937228e-01
  780 9.827127e-01
  781 9.769177e-01
  782 9.768208e-01
  783 9.716069e-01
  784 9.651161e-01
  785 9.643488e-01
  786 9.699362e-01
  787 9.743505e-01
  788 9.666463e-01
  789 9.511384e-01
  790 9.447258e-01
  791 9.449201e-01
  792 9.350316e-01
  793 9.211731e-01
  794 9.125198e-01
  795 9.199727e-01
  796 9.251782e-01
  797 9.290079e-01
  798 9.297799e-01
  799 9.336761e-01
  800 9.442994e-01
