    1     0
    2     0
    3     0
    4     0
    5     0
    6     0
    7     0
    8     0
    9     0
   10     0
   11     0
   12 5.988057e-03
   13 2.967891e-03
   14 8.058314e-03
   15 7.535618e-03
   16 1.364990e-02
   17 2.590058e-01
   18 4.628253e-01
   19 6.663650e-01
   20 8.364575e-01
   21 9.984585e-01
   22 1.140920e+00
   23 1.167883e+00
   24 1.190481e+00
   25 1.186300e+00
   26 1.163790e+00
   27 1.118166e+00
   28 1.070716e+00
   29 1.036089e+00
   30 1.011363e+00
   31 9.840056e-01
   32 9.692700e-01
   33 9.682647e-01
   34 9.841746e-01
   35 9.995625e-01
   36 1.013653e+00
   37 1.023073e+00
   38 1.039459e+00
   39 1.055999e+00
   40 1.067761e+00
   41 1.071760e+00
   42 1.070420e+00
   43 1.070681e+00
   44 1.070945e+00
   45 1.070748e+00
   46 1.062062e+00
   47 1.057567e+00
   48 1.057216e+00
   49 1.062862e+00
   50 1.073664e+00
   51 1.084434e+00
   52 1.100242e+00
   53 1.105291e+00
   54 1.100129e+00
   55 1.091596e+00
   56 1.087776e+00
   57 1.081648e+00
   58 1.068265e+00
   59 1.045592e+00
   60 1.022840e+00
   61 1.007738e+00
   62 9.834880e-01
   63 9.648280e-01
   64 9.381338e-01
   65 9.176962e-01
   66 8.996350e-01
   67 8.814327e-01
   68 8.574740e-01
   69 8.358264e-01
   70 8.147780e-01
   71 8.041763e-01
   72 7.919667e-01
   73 7.883098e-01
   74 7.853859e-01
   75 7.924919e-01
   76 7.914840e-01
   77 7.832189e-01
   78 7.763641e-01
   79 7.629080e-01
   80 7.630061e-01
   81 7.653347e-01
   82 7.691462e-01
   83 7.719303e-01
   84 7.751057e-01
   85 7.893375e-01
   86 7.943612e-01
   87 8.042381e-01
   88 8.123288e-01
   89 8.274233e-01
   90 8.318489e-01
   91 8.308897e-01
   92 8.391221e-01
   93 8.415152e-01
   94 8.441594e-01
   95 8.423965e-01
   96 8.346442e-01
   97 8.340412e-01
   98 8.452889e-01
   99 8.666532e-01
  100 8.787572e-01
  101 8.934745e-01
  102 9.123022e-01
  103 9.332752e-01
  104 9.548189e-01
  105 9.751168e-01
  106 9.786947e-01
  107 9.885479e-01
  108 1.002035e+00
  109 1.004178e+00
  110 1.000798e+00
  111 9.934082e-01
  112 9.845594e-01
  113 9.666624e-01
  114 9.516540e-01
  115 9.290431e-01
  116 9.066594e-01
  117 8.776780e-01
  118 8.480987e-01
  119 8.316429e-01
  120 8.171723e-01
  121 7.960963e-01
  122 7.847526e-01
  123 7.829264e-01
  124 7.821023e-01
  125 7.803160e-01
  126 7.884475e-01
  127 8.072467e-01
  128 8.295130e-01
  129 8.459576e-01
  130 8.673767e-01
  131 8.795987e-01
  132 8.814582e-01
  133 8.746743e-01
  134 8.734422e-01
  135 8.765471e-01
  136 8.726353e-01
  137 8.668445e-01
  138 8.658045e-01
  139 8.608157e-01
  140 8.494400e-01
  141 8.465485e-01
  142 8.437929e-01
  143 8.435995e-01
  144 8.422842e-01
  145 8.327605e-01
  146 8.259430e-01
  147 8.226819e-01
  148 8.196418e-01
  149 8.233959e-01
  150 8.280576e-01
  151 8.257271e-01
  152 8.168894e-01
  153 8.193232e-01
  154 8.144761e-01
  155 8.155469e-01
  156 8.147859e-01
  157 8.168723e-01
  158 8.246120e-01
  159 8.216133e-01
  160 8.124458e-01
  161 8.002504e-01
  162 7.818563e-01
  163 7.729012e-01
  164 7.611533e-01
  165 7.548365e-01
  166 7.558698e-01
  167 7.492864e-01
  168 7.410858e-01
  169 7.317092e-01
  170 7.258645e-01
  171 7.310998e-01
  172 7.308819e-01
  173 7.416706e-01
  174 7.463174e-01
  175 7.598450e-01
  176 7.639875e-01
  177 7.676898e-01
  178 7.763001e-01
  179 7.859239e-01
  180 8.063036e-01
  181 8.226120e-01
  182 8.355468e-01
  183 8.473088e-01
  184 8.650473e-01
  185 8.764288e-01
  186 8.933761e-01
  187 9.102133e-01
  188 9.166503e-01
  189 9.294772e-01
  190 9.467666e-01
  191 9.634760e-01
  192 9.851817e-01
  193 1.008956e+00
  194 1.026497e+00
  195 1.035115e+00
  196 1.038661e+00
  197 1.044944e+00
  198 1.058491e+00
  199 1.064170e+00
  200 1.077887e+00
  201 1.086803e+00
  202 1.100954e+00
  203 1.102492e+00
  204 1.101599e+00
  205 1.095281e+00
  206 1.079749e+00
  207 1.053693e+00
  208 1.023906e+00
  209 9.977017e-01
  210 9.657767e-01
  211 9.403526e-01
  212 9.260641e-01
  213 9.262030e-01
  214 9.217990e-01
  215 9.254647e-01
  216 9.383353e-01
  217 9.450485e-01
  218 9.503004e-01
  219 9.431781e-01
  220 9.244151e-01
  221 9.151335e-01
  222 8.926172e-01
  223 8.723242e-01
  224 8.535907e-01
  225 8.322126e-01
  226 8.169887e-01
  227 8.054005e-01
  228 8.013567e-01
  229 7.925148e-01
  230 7.878362e-01
  231 7.917324e-01
  232 7.920019e-01
  233 7.878117e-01
  234 7.863046e-01
  235 7.918136e-01
  236 8.068251e-01
  237 8.238681e-01
  238 8.455009e-01
  239 8.705545e-01
  240 8.954781e-01
  241 9.217314e-01
  242 9.489132e-01
  243 9.711733e-01
  244 9.974022e-01
  245 1.018911e+00
  246 1.033332e+00
  247 1.033599e+00
  248 1.029481e+00
  249 1.028003e+00
  250 1.031391e+00
  251 1.032737e+00
  252 1.042336e+00
  253 1.051968e+00
  254 1.056434e+00
  255 1.053471e+00
  256 1.041307e+00
  257 1.030740e+00
  258 1.020228e+00
  259 1.000700e+00
  260 9.759391e-01
  261 9.545171e-01
  262 9.261783e-01
  263 8.956701e-01
  264 8.739139e-01
  265 8.481928e-01
  266 8.205086e-01
  267 7.938132e-01
  268 7.680504e-01
  269 7.445213e-01
  270 7.215402e-01
  271 6.987206e-01
  272 6.930559e-01
  273 6.865757e-01
  274 6.795951e-01
  275 6.819202e-01
  276 6.877928e-01
  277 6.982170e-01
  278 7.003327e-01
  279 6.969632e-01
  280 6.891100e-01
  281 6.781700e-01
  282 6.627558e-01
  283 6.446704e-01
  284 6.254074e-01
  285 6.172649e-01
  286 6.229455e-01
  287 6.305266e-01
  288 6.394120e-01
  289 6.620941e-01
  290 6.971939e-01
  291 7.299399e-01
  292 7.717585e-01
  293 8.088623e-01
  294 8.488648e-01
  295 8.940215e-01
  296 9.277579e-01
  297 9.567473e-01
  298 9.735016e-01
  299 9.938036e-01
  300 1.016406e+00
  301 1.033323e+00
  302 1.038719e+00
  303 1.043732e+00
  304 1.055719e+00
  305 1.059125e+00
  306 1.051922e+00
  307 1.043865e+00
  308 1.039276e+00
  309 1.038241e+00
  310 1.047043e+00
  311 1.047646e+00
  312 1.047490e+00
  313 1.046395e+00
  314 1.048814e+00
  315 1.049032e+00
  316 1.047308e+00
  317 1.056118e+00
  318 1.065739e+00
  319 1.070877e+00
  320 1.072247e+00
  321 1.073392e+00
  322 1.074927e+00
  323 1.073704e+00
  324 1.067853e+00
  325 1.055071e+00
  326 1.047813e+00
  327 1.030976e+00
  328 1.021936e+00
  329 1.015473e+00
  330 1.015146e+00
  331 1.013563e+00
  332 1.005223e+00
  333 1.000560e+00
  334 1.003702e+00
  335 9.967294e-01
  336 9.874077e-01
  337 9.806467e-01
  338 9.725804e-01
  339 9.602516e-01
  340 9.535126e-01
  341 9.543927e-01
  342 9.493709e-01
  343 9.448996e-01
  344 9.340259e-01
  345 9.298040e-01
  346 9.240877e-01
  347 9.206954e-01
  348 9.244429e-01
  349 9.303594e-01
  350 9.263405e-01
  351 9.223943e-01
  352 9.075584e-01
  353 8.985554e-01
  354 8.921937e-01
  355 8.858060e-01
  356 8.831756e-01
  357 8.840649e-01
  358 8.751210e-01
  359 8.697539e-01
  360 8.590098e-01
  361 8.561162e-01
  362 8.576626e-01
  363 8.612058e-01
  364 8.542171e-01
  365 8.553579e-01
  366 8.567029e-01
  367 8.617330e-01
  368 8.606606e-01
  369 8.495256e-01
  370 8.338918e-01
  371 8.232827e-01
  372 8.237436e-01
  373 8.336090e-01
  374 8.451590e-01
  375 8.668844e-01
  376 8.855708e-01
  377 8.932531e-01
  378 9.051597e-01
  379 9.147863e-01
  380 9.211071e-01
  381 9.239670e-01
  382 9.151716e-01
  383 9.086225e-01
  384 9.094366e-01
  385 9.001306e-01
  386 8.985044e-01
  387 8.909898e-01
  388 8.954811e-01
  389 8.989873e-01
  390 9.044229e-01
  391 9.159145e-01
  392 9.272443e-01
  393 9.328423e-01
  394 9.431884e-01
  395 9.493614e-01
  396 9.566486e-01
  397 9.644050e-01
  398 9.636447e-01
  399 9.626330e-01
  400 9.589695e-01
  401 9.547652e-01
  402 9.406207e-01
  403 9.318973e-01
  404 9.236376e-01
  405 9.131341e-01
  406 9.043984e-01
  407 8.885595e-01
  408 8.848038e-01
  409 8.726419e-01
  410 8.733378e-01
  411 8.868952e-01
  412 8.939804e-01
  413 9.006765e-01
  414 8.967360e-01
  415 8.823517e-01
  416 8.627120e-01
  417 8.379776e-01
  418 8.181604e-01
  419 7.942538e-01
  420 7.661722e-01
  421 7.422228e-01
  422 7.294425e-01
  423 7.308520e-01
  424 7.300027e-01
  425 7.368080e-01
  426 7.580359e-01
  427 7.765351e-01
  428 7.996663e-01
  429 8.302428e-01
  430 8.624255e-01
  431 8.924135e-01
  432 9.130823e-01
  433 9.273082e-01
  434 9.307019e-01
  435 9.273136e-01
  436 9.191822e-01
  437 9.083959e-01
  438 8.932250e-01
  439 8.757148e-01
  440 8.699189e-01
  441 8.665704e-01
  442 8.594353e-01
  443 8.631690e-01
  444 8.597166e-01
  445 8.600185e-01
  446 8.646488e-01
  447 8.626440e-01
  448 8.668740e-01
  449 8.778725e-01
  450 8.795629e-01
  451 8.806068e-01
  452 8.815509e-01
  453 8.808200e-01
  454 8.683684e-01
  455 8.660533e-01
  456 8.528325e-01
  457 8.414766e-01
  458 8.337651e-01
  459 8.260674e-01
  460 8.137155e-01
  461 7.966655e-01
  462 7.813941e-01
  463 7.685697e-01
  464 7.655792e-01
  465 7.603905e-01
  466 7.638094e-01
  467 7.686091e-01
  468 7.762928e-01
  469 7.793976e-01
  470 7.887279e-01
  471 7.955384e-01
  472 7.959265e-01
  473 8.090181e-01
  474 8.294493e-01
  475 8.458898e-01
  476 8.623554e-01
  477 8.797705e-01
  478 8.979230e-01
  479 9.136816e-01
  480 9.235579e-01
  481 9.275720e-01
  482 9.213122e-01
  483 9.194349e-01
  484 9.188946e-01
  485 9.244489e-01
  486 9.359035e-01
  487 9.480612e-01
  488 9.575452e-01
  489 9.685271e-01
  490 9.804286e-01
  491 9.900251e-01
  492 9.996867e-01
  493 1.011117e+00
  494 1.022497e+00
  495 1.035565e+00
  496 1.049122e+00
  497 1.069365e+00
  498 1.085308e+00
  499 1.094517e+00
  500 1.105798e+00
  501 1.120832e+00
  502 1.124425e+00
  503 1.114244e+00
  504 1.104278e+00
  505 1.100176e+00
  506 1.098308e+00
  507 1.094623e+00
  508 1.091489e+00
  509 1.094409e+00
  510 1.093077e+00
  511 1.099738e+00
  512 1.093399e+00
  513 1.078022e+00
  514 1.064696e+00
  515 1.056727e+00
  516 1.044285e+00
  517 1.032115e+00
  518 1.015908e+00
  519 9.987143e-01
  520 9.873646e-01
  521 9.707687e-01
  522 9.532084e-01
  523 9.431500e-01
  524 9.418574e-01
  525 9.509091e-01
  526 9.622027e-01
  527 9.671405e-01
  528 9.704489e-01
  529 9.710245e-01
  530 9.789854e-01
  531 9.937398e-01
  532 1.001864e+00
  533 9.979627e-01
  534 9.846492e-01
  535 9.688108e-01
  536 9.417112e-01
  537 9.222122e-01
  538 9.051842e-01
  539 8.822567e-01
  540 8.684146e-01
  541 8.478546e-01
  542 8.377520e-01
  543 8.250607e-01
  544 8.115803e-01
  545 8.034523e-01
  546 7.877522e-01
  547 7.841463e-01
  548 7.820665e-01
  549 7.709726e-01
  550 7.550015e-01
  551 7.505390e-01
  552 7.417882e-01
  553 7.385822e-01
  554 7.458849e-01
  555 7.649288e-01
  556 7.948914e-01
  557 8.173154e-01
  558 8.329336e-01
  559 8.484292e-01
  560 8.675518e-01
  561 8.837863e-01
  562 9.021324e-01
  563 9.138283e-01
  564 9.130551e-01
  565 9.186035e-01
  566 9.309303e-01
  567 9.305662e-01
  568 9.326318e-01
  569 9.362112e-01
  570 9.295746e-01
  571 9.174471e-01
  572 9.015840e-01
  573 8.898007e-01
  574 8.867119e-01
  575 8.804959e-01
  576 8.839765e-01
  577 8.788306e-01
  578 8.838925e-01
  579 8.841114e-01
  580 8.835143e-01
  581 8.761068e-01
  582 8.683458e-01
  583 8.595195e-01
  584 8.435798e-01
  585 8.304090e-01
  586 8.145069e-01
  587 7.971290e-01
  588 7.841802e-01
  589 7.643543e-01
  590 7.571149e-01
  591 7.559649e-01
  592 7.553395e-01
  593 7.489514e-01
  594 7.532584e-01
  595 7.612613e-01
  596 7.654981e-01
  597 7.751604e-01
  598 7.894637e-01
  599 8.046058e-01
  600 8.288540e-01
  601 8.420136e-01
  602 8.628631e-01
  603 8.845567e-01
  604 9.033127e-01
  605 9.270641e-01
  606 9.532805e-01
  607 9.867365e-01
  608 1.016264e+00
  609 1.047173e+00
  610 1.082379e+00
  611 1.110461e+00
  612 1.136646e+00
  613 1.151582e+00
  614 1.149233e+00
  615 1.136021e+00
  616 1.111117e+00
  617 1.078547e+00
  618 1.041363e+00
  619 1.003756e+00
  620 9.639051e-01
  621 9.250871e-01
  622 8.915064e-01
  623 8.704606e-01
  624 8.523058e-01
  625 8.460535e-01
  626 8.369918e-01
  627 8.374179e-01
  628 8.380354e-01
  629 8.470540e-01
  630 8.524059e-01
  631 8.555834e-01
  632 8.609777e-01
  633 8.656187e-01
  634 8.636478e-01
  635 8.667961e-01
  636 8.714815e-01
  637 8.672108e-01
  638 8.657142e-01
  639 8.576499e-01
  640 8.583268e-01
  641 8.521993e-01
  642 8.399088e-01
  643 8.224646e-01
  644 8.133004e-01
  645 8.054641e-01
  646 7.918485e-01
  647 7.784822e-01
  648 7.748640e-01
  649 7.809807e-01
  650 7.912622e-01
  651 7.957183e-01
  652 8.087310e-01
  653 8.281324e-01
  654 8.495567e-01
  655 8.606645e-01
  656 8.735500e-01
  657 8.845813e-01
  658 8.942109e-01
  659 9.021584e-01
  660 9.014149e-01
  661 9.085037e-01
  662 9.077310e-01
  663 9.133543e-01
  664 9.141875e-01
  665 9.136108e-01
  666 9.089179e-01
  667 9.155592e-01
  668 9.190465e-01
  669 9.186129e-01
  670 9.189168e-01
  671 9.168897e-01
  672 9.097479e-01
  673 9.114806e-01
  674 9.197434e-01
  675 9.283858e-01
  676 9.278374e-01
  677 9.345991e-01
  678 9.353450e-01
  679 9.237167e-01
  680 9.043313e-01
  681 8.906636e-01
  682 8.813863e-01
  683 8.695530e-01
  684 8.546885e-01
  685 8.470145e-01
  686 8.479994e-01
  687 8.487574e-01
  688 8.404686e-01
  689 8.266433e-01
  690 8.219326e-01
  691 8.126007e-01
  692 8.058450e-01
  693 7.954004e-01
  694 7.915401e-01
  695 7.958136e-01
  696 7.971374e-01
  697 8.090715e-01
  698 8.190747e-01
  699 8.337366e-01
  700 8.488511e-01
  701 8.623111e-01
  702 8.658613e-01
  703 8.749209e-01
  704 8.771747e-01
  705 8.762910e-01
  706 8.655651e-01
  707 8.508635e-01
  708 8.337829e-01
  709 8.105935e-01
  710 7.890118e-01
  711 7.766214e-01
  712 7.676946e-01
  713 7.553484e-01
  714 7.525715e-01
  715 7.637398e-01
  716 7.758841e-01
  717 7.817206e-01
  718 7.842483e-01
  719 7.905163e-01
  720 8.014220e-01
  721 8.022927e-01
  722 7.980637e-01
  723 7.958415e-01
  724 7.916283e-01
  725 7.807235e-01
  726 7.636662e-01
  727 7.438722e-01
  728 7.295556e-01
  729 7.191747e-01
  730 7.255202e-01
  731 7.410942e-01
  732 7.523671e-01
  733 7.675641e-01
  734 7.932108e-01
  735 8.130672e-01
  736 8.217274e-01
  737 8.245585e-01
  738 8.334391e-01
  739 8.448445e-01
  740 8.521411e-01
  741 8.587624e-01
  742 8.645035e-01
  743 8.685274e-01
  744 8.820776e-01
  745 8.873573e-01
  746 8.918010e-01
  747 8.922993e-01
  748 8.908205e-01
  749 8.935240e-01
  750 9.023906e-01
  751 9.010519e-01
  752 9.087152e-01
  753 9.230473e-01
  754 9.446123e-01
  755 9.620615e-01
  756 9.840342e-01
  757 1.010873e+00
  758 1.032380e+00
  759 1.037721e+00
  760 1.044134e+00
  761 1.045189e+00
  762 1.044228e+00
  763 1.040757e+00
  764 1.044323e+00
  765 1.053528e+00
  766 1.054661e+00
  767 1.051880e+00
  768 1.047906e+00
  769 1.034275e+00
  770 1.025405e+00
  771 1.018706e+00
  772 1.001300e+00
  773 9.843953e-01
  774 9.715404e-01
  775 9.631948e-01
  776 9.535285e-01
  777 9.387818e-01
  778 9.222968e-01
  779 9.167889e-01
  780 9.205699e-01
  781 9.341828e-01
  782 9.482627e-01
  783 9.662758e-01
  784 9.785995e-01
  785 9.915308e-01
  786 9.975461e-01
  787 1.001860e+00
  788 1.008471e+00
  789 1.013966e+00
  790 1.013027e+00
  791 1.014601e+00
  792 1.005319e+00
  793 9.935725e-01
  794 9.898049e-01
  795 9.816037e-01
  796 9.825009e-01
  797 9.845802e-01
  798 9.800344e-01
  799 9.708152e-01
  800 9.554485e-01
