    1     0
    2     0
    3     0
    4     0
    5     0
    6     0
    7     0
    8     0
    9     0
   10     0
   11     0
   12 -1.888181e-02
   13 -1.089990e-02
   14 3.614267e-03
   15 1.030145e-01
   16 1.956589e-01
   17 2.610064e-01
   18 6.031911e-01
   19 7.483015e-01
   20 8.877244e-01
   21 9.968744e-01
   22 1.089463e+00
   23 1.146039e+00
   24 1.117343e+00
   25 1.101925e+00
   26 1.065674e+00
   27 1.011622e+00
   28 9.551494e-01
   29 9.148328e-01
   30 9.130166e-01
   31 8.870384e-01
   32 8.620252e-01
   33 8.611850e-01
   34 8.535705e-01
   35 8.694676e-01
   36 8.724053e-01
   37 8.649923e-01
   38 8.714628e-01
   39 8.625784e-01
   40 8.880901e-01
   41 9.163131e-01
   42 9.352432e-01
   43 9.422786e-01
   44 9.698076e-01
   45 9.937400e-01
   46 9.830360e-01
   47 9.657875e-01
   48 9.674681e-01
   49 9.804407e-01
   50 9.668395e-01
   51 9.804995e-01
   52 1.002503e+00
   53 1.001264e+00
   54 1.007990e+00
   55 1.003917e+00
   56 1.028326e+00
   57 1.036521e+00
   58 1.022081e+00
   59 1.011812e+00
   60 1.004860e+00
   61 1.008051e+00
   62 9.696063e-01
   63 9.039539e-01
   64 8.467612e-01
   65 7.968067e-01
   66 7.347564e-01
   67 6.935606e-01
   68 6.462761e-01
   69 5.968050e-01
   70 5.671373e-01
   71 5.330716e-01
   72 5.316070e-01
   73 5.117950e-01
   74 5.179062e-01
   75 5.534600e-01
   76 5.672761e-01
   77 6.147157e-01
   78 6.414033e-01
   79 6.723155e-01
   80 7.169990e-01
   81 7.392438e-01
   82 7.582558e-01
   83 7.841950e-01
   84 8.018548e-01
   85 8.063492e-01
   86 8.190815e-01
   87 8.206167e-01
   88 8.333389e-01
   89 8.577870e-01
   90 8.929545e-01
   91 9.069934e-01
   92 9.313160e-01
   93 9.363749e-01
   94 9.664345e-01
   95 9.867392e-01
   96 1.011806e+00
   97 1.043701e+00
   98 1.042770e+00
   99 1.041810e+00
  100 1.022389e+00
  101 1.029784e+00
  102 1.060180e+00
  103 1.111603e+00
  104 1.188666e+00
  105 1.246035e+00
  106 1.303508e+00
  107 1.376196e+00
  108 1.429463e+00
  109 1.472137e+00
  110 1.484991e+00
  111 1.469169e+00
  112 1.477345e+00
  113 1.479263e+00
  114 1.447704e+00
  115 1.404710e+00
  116 1.352643e+00
  117 1.291621e+00
  118 1.231110e+00
  119 1.147235e+00
  120 1.100601e+00
  121 1.074892e+00
  122 1.052472e+00
  123 1.029153e+00
  124 1.013902e+00
  125 1.041028e+00
  126 1.044521e+00
  127 1.013527e+00
  128 9.786001e-01
  129 9.723863e-01
  130 9.472622e-01
  131 9.146854e-01
  132 8.959183e-01
  133 8.796818e-01
  134 8.806146e-01
  135 8.515127e-01
  136 8.244934e-01
  137 8.258397e-01
  138 8.371957e-01
  139 8.319075e-01
  140 8.391434e-01
  141 8.697857e-01
  142 8.746425e-01
  143 8.667152e-01
  144 8.732125e-01
  145 8.923784e-01
  146 9.273423e-01
  147 9.762417e-01
  148 1.013016e+00
  149 1.041898e+00
  150 1.070126e+00
  151 1.057885e+00
  152 1.048580e+00
  153 1.053204e+00
  154 1.081891e+00
  155 1.113083e+00
  156 1.163278e+00
  157 1.231801e+00
  158 1.315735e+00
  159 1.354900e+00
  160 1.401266e+00
  161 1.425838e+00
  162 1.420049e+00
  163 1.410883e+00
  164 1.403821e+00
  165 1.373378e+00
  166 1.340786e+00
  167 1.341738e+00
  168 1.342507e+00
  169 1.343836e+00
  170 1.362598e+00
  171 1.376452e+00
  172 1.390060e+00
  173 1.421089e+00
  174 1.471521e+00
  175 1.497143e+00
  176 1.509100e+00
  177 1.543301e+00
  178 1.550110e+00
  179 1.523362e+00
  180 1.486414e+00
  181 1.472618e+00
  182 1.448796e+00
  183 1.399952e+00
  184 1.359523e+00
  185 1.306496e+00
  186 1.254360e+00
  187 1.227625e+00
  188 1.179215e+00
  189 1.118439e+00
  190 1.047154e+00
  191 1.005771e+00
  192 9.832309e-01
  193 9.698434e-01
  194 9.328603e-01
  195 9.327958e-01
  196 9.343916e-01
  197 9.230336e-01
  198 9.274794e-01
  199 9.297816e-01
  200 9.162197e-01
  201 8.797571e-01
  202 8.657816e-01
  203 8.651227e-01
  204 8.415633e-01
  205 8.493432e-01
  206 8.454482e-01
  207 8.621619e-01
  208 8.495530e-01
  209 8.325034e-01
  210 8.258013e-01
  211 8.106036e-01
  212 8.014111e-01
  213 8.027646e-01
  214 8.280610e-01
  215 8.360225e-01
  216 8.628394e-01
  217 8.892522e-01
  218 8.952912e-01
  219 8.972957e-01
  220 9.026433e-01
  221 9.132143e-01
  222 9.383738e-01
  223 9.386434e-01
  224 9.416660e-01
  225 9.287003e-01
  226 8.951174e-01
  227 8.376682e-01
  228 7.981262e-01
  229 7.796056e-01
  230 7.858595e-01
  231 7.880112e-01
  232 7.669520e-01
  233 7.776633e-01
  234 8.051939e-01
  235 8.550220e-01
  236 9.045198e-01
  237 9.694845e-01
  238 1.052565e+00
  239 1.108342e+00
  240 1.133618e+00
  241 1.154095e+00
  242 1.147797e+00
  243 1.150765e+00
  244 1.167459e+00
  245 1.188455e+00
  246 1.189252e+00
  247 1.171245e+00
  248 1.165265e+00
  249 1.148827e+00
  250 1.119502e+00
  251 1.082404e+00
  252 1.040486e+00
  253 1.021141e+00
  254 1.028350e+00
  255 1.034161e+00
  256 1.045104e+00
  257 1.041906e+00
  258 1.054519e+00
  259 1.051363e+00
  260 1.064820e+00
  261 1.073784e+00
  262 1.068306e+00
  263 1.059248e+00
  264 1.036631e+00
  265 1.019018e+00
  266 9.968806e-01
  267 9.949533e-01
  268 9.785186e-01
  269 9.928692e-01
  270 1.028772e+00
  271 1.052253e+00
  272 1.075729e+00
  273 1.057405e+00
  274 1.034723e+00
  275 9.740975e-01
  276 9.323412e-01
  277 9.108348e-01
  278 8.910571e-01
  279 8.956771e-01
  280 9.129108e-01
  281 9.705447e-01
  282 1.049346e+00
  283 1.081415e+00
  284 1.135829e+00
  285 1.160086e+00
  286 1.153800e+00
  287 1.116890e+00
  288 1.067443e+00
  289 1.033847e+00
  290 9.762245e-01
  291 9.248397e-01
  292 8.783259e-01
  293 8.513383e-01
  294 8.261069e-01
  295 8.096113e-01
  296 8.178893e-01
  297 8.093043e-01
  298 8.204487e-01
  299 8.328392e-01
  300 8.565382e-01
  301 8.493695e-01
  302 8.552382e-01
  303 8.611528e-01
  304 8.885794e-01
  305 9.430190e-01
  306 1.010861e+00
  307 1.092991e+00
  308 1.187578e+00
  309 1.260030e+00
  310 1.312995e+00
  311 1.354560e+00
  312 1.390215e+00
  313 1.384872e+00
  314 1.353854e+00
  315 1.296579e+00
  316 1.258941e+00
  317 1.206344e+00
  318 1.149837e+00
  319 1.093868e+00
  320 1.069974e+00
  321 1.088496e+00
  322 1.129973e+00
  323 1.148681e+00
  324 1.154244e+00
  325 1.186932e+00
  326 1.237466e+00
  327 1.282277e+00
  328 1.279753e+00
  329 1.246316e+00
  330 1.220801e+00
  331 1.212221e+00
  332 1.176643e+00
  333 1.113199e+00
  334 1.068092e+00
  335 1.042941e+00
  336 1.042882e+00
  337 1.047678e+00
  338 1.082549e+00
  339 1.145679e+00
  340 1.202373e+00
  341 1.242853e+00
  342 1.260785e+00
  343 1.277427e+00
  344 1.309273e+00
  345 1.331198e+00
  346 1.314943e+00
  347 1.313906e+00
  348 1.346689e+00
  349 1.395521e+00
  350 1.406226e+00
  351 1.414204e+00
  352 1.447711e+00
  353 1.493827e+00
  354 1.533447e+00
  355 1.550347e+00
  356 1.545286e+00
  357 1.529442e+00
  358 1.524107e+00
  359 1.487582e+00
  360 1.415241e+00
  361 1.335598e+00
  362 1.256987e+00
  363 1.172515e+00
  364 1.060371e+00
  365 9.980519e-01
  366 9.605169e-01
  367 9.462750e-01
  368 9.422185e-01
  369 9.398102e-01
  370 9.773709e-01
  371 9.985523e-01
  372 1.018271e+00
  373 1.013728e+00
  374 9.872873e-01
  375 9.898950e-01
  376 9.745139e-01
  377 9.811988e-01
  378 1.005483e+00
  379 1.018380e+00
  380 1.008744e+00
  381 9.932407e-01
  382 9.948191e-01
  383 9.712356e-01
  384 9.285635e-01
  385 9.127141e-01
  386 8.861721e-01
  387 8.766001e-01
  388 8.850414e-01
  389 9.107372e-01
  390 9.371957e-01
  391 9.355214e-01
  392 9.480162e-01
  393 9.773280e-01
  394 1.012241e+00
  395 1.034322e+00
  396 1.082375e+00
  397 1.112576e+00
  398 1.164870e+00
  399 1.188066e+00
  400 1.227546e+00
  401 1.257006e+00
  402 1.267856e+00
  403 1.297353e+00
  404 1.333423e+00
  405 1.359467e+00
  406 1.345279e+00
  407 1.305911e+00
  408 1.270621e+00
  409 1.217474e+00
  410 1.150987e+00
  411 1.095595e+00
  412 1.080391e+00
  413 1.094380e+00
  414 1.080617e+00
  415 1.057973e+00
  416 1.034281e+00
  417 1.019312e+00
  418 1.000623e+00
  419 9.886676e-01
  420 9.772612e-01
  421 9.504511e-01
  422 9.250842e-01
  423 8.730980e-01
  424 8.260604e-01
  425 8.076490e-01
  426 7.660500e-01
  427 7.517248e-01
  428 7.493449e-01
  429 7.622914e-01
  430 7.923183e-01
  431 8.039598e-01
  432 7.975214e-01
  433 7.979384e-01
  434 7.748233e-01
  435 7.303290e-01
  436 6.925495e-01
  437 6.526612e-01
  438 6.408351e-01
  439 6.292501e-01
  440 6.356491e-01
  441 6.602834e-01
  442 6.853760e-01
  443 7.049094e-01
  444 7.365856e-01
  445 7.755030e-01
  446 7.782632e-01
  447 8.100394e-01
  448 8.153064e-01
  449 7.964761e-01
  450 7.810190e-01
  451 7.896492e-01
  452 8.292676e-01
  453 8.612953e-01
  454 9.195270e-01
  455 9.582014e-01
  456 1.027088e+00
  457 1.087163e+00
  458 1.149457e+00
  459 1.197021e+00
  460 1.256298e+00
  461 1.305265e+00
  462 1.335272e+00
  463 1.384182e+00
  464 1.409900e+00
  465 1.450257e+00
  466 1.498005e+00
  467 1.502194e+00
  468 1.468193e+00
  469 1.451570e+00
  470 1.420901e+00
  471 1.361588e+00
  472 1.327504e+00
  473 1.329810e+00
  474 1.359384e+00
  475 1.356825e+00
  476 1.328272e+00
  477 1.305892e+00
  478 1.284228e+00
  479 1.261726e+00
  480 1.208378e+00
  481 1.179515e+00
  482 1.153033e+00
  483 1.138367e+00
  484 1.113869e+00
  485 1.077741e+00
  486 1.046952e+00
  487 1.004974e+00
  488 9.880277e-01
  489 9.558681e-01
  490 9.148643e-01
  491 8.584523e-01
  492 8.011638e-01
  493 7.333835e-01
  494 6.655592e-01
  495 6.434160e-01
  496 6.604493e-01
  497 6.720147e-01
  498 7.137797e-01
  499 7.311826e-01
  500 7.539287e-01
  501 7.957680e-01
  502 7.935250e-01
  503 7.688710e-01
  504 7.628955e-01
  505 7.610323e-01
  506 7.451592e-01
  507 7.456938e-01
  508 7.607052e-01
  509 7.818665e-01
  510 7.754351e-01
  511 7.842918e-01
  512 8.081862e-01
  513 8.304222e-01
  514 8.456460e-01
  515 8.391924e-01
  516 8.325688e-01
  517 8.095244e-01
  518 7.676864e-01
  519 7.189810e-01
  520 6.794786e-01
  521 6.807123e-01
  522 6.893195e-01
  523 6.782976e-01
  524 6.992897e-01
  525 7.279114e-01
  526 7.826835e-01
  527 8.451521e-01
  528 8.960196e-01
  529 9.498785e-01
  530 9.770648e-01
  531 1.017692e+00
  532 1.024588e+00
  533 1.056850e+00
  534 1.059069e+00
  535 1.080768e+00
  536 1.083966e+00
  537 1.084910e+00
  538 1.074478e+00
  539 1.069126e+00
  540 1.102066e+00
  541 1.101334e+00
  542 1.082386e+00
  543 1.064233e+00
  544 1.032870e+00
  545 9.862687e-01
  546 9.204756e-01
  547 8.457418e-01
  548 7.899272e-01
  549 7.679340e-01
  550 7.776107e-01
  551 8.230390e-01
  552 8.465985e-01
  553 8.898973e-01
  554 9.329747e-01
  555 9.460815e-01
  556 9.730165e-01
  557 9.923385e-01
  558 1.027021e+00
  559 1.063543e+00
  560 1.111150e+00
  561 1.166968e+00
  562 1.224851e+00
  563 1.272066e+00
  564 1.337126e+00
  565 1.409228e+00
  566 1.449038e+00
  567 1.505869e+00
  568 1.572619e+00
  569 1.630198e+00
  570 1.653045e+00
  571 1.657326e+00
  572 1.671595e+00
  573 1.649634e+00
  574 1.620809e+00
  575 1.573428e+00
  576 1.540110e+00
  577 1.517275e+00
  578 1.491076e+00
  579 1.449770e+00
  580 1.416344e+00
  581 1.406583e+00
  582 1.382433e+00
  583 1.362211e+00
  584 1.332210e+00
  585 1.296833e+00
  586 1.277771e+00
  587 1.262085e+00
  588 1.237251e+00
  589 1.232206e+00
  590 1.233192e+00
  591 1.202487e+00
  592 1.183955e+00
  593 1.172929e+00
  594 1.146126e+00
  595 1.109610e+00
  596 1.053712e+00
  597 1.004304e+00
  598 9.654362e-01
  599 9.146936e-01
  600 8.563772e-01
  601 8.264704e-01
  602 7.948992e-01
  603 7.801865e-01
  604 7.785497e-01
  605 7.955032e-01
  606 8.080566e-01
  607 7.953695e-01
  608 7.764396e-01
  609 7.533290e-01
  610 7.307837e-01
  611 6.859636e-01
  612 6.535024e-01
  613 6.415833e-01
  614 6.153818e-01
  615 6.252529e-01
  616 6.582261e-01
  617 7.152630e-01
  618 7.909561e-01
  619 8.571072e-01
  620 9.317032e-01
  621 1.009343e+00
  622 1.060359e+00
  623 1.069007e+00
  624 1.097788e+00
  625 1.130594e+00
  626 1.151267e+00
  627 1.182574e+00
  628 1.178210e+00
  629 1.179383e+00
  630 1.191562e+00
  631 1.211796e+00
  632 1.247755e+00
  633 1.279700e+00
  634 1.330682e+00
  635 1.367494e+00
  636 1.402982e+00
  637 1.426414e+00
  638 1.467742e+00
  639 1.503104e+00
  640 1.501213e+00
  641 1.518423e+00
  642 1.523565e+00
  643 1.486578e+00
  644 1.421656e+00
  645 1.374506e+00
  646 1.307188e+00
  647 1.225889e+00
  648 1.117803e+00
  649 1.059187e+00
  650 1.005283e+00
  651 9.658886e-01
  652 9.391306e-01
  653 9.323122e-01
  654 9.240390e-01
  655 9.309691e-01
  656 9.104134e-01
  657 8.957181e-01
  658 9.102713e-01
  659 9.265758e-01
  660 9.604572e-01
  661 9.644950e-01
  662 9.532066e-01
  663 9.371488e-01
  664 9.359168e-01
  665 9.245091e-01
  666 9.040415e-01
  667 8.927979e-01
  668 8.891271e-01
  669 8.881085e-01
  670 9.248763e-01
  671 9.700332e-01
  672 9.945873e-01
  673 9.901367e-01
  674 1.010859e+00
  675 1.017383e+00
  676 1.015949e+00
  677 9.906385e-01
  678 9.903450e-01
  679 9.936825e-01
  680 1.013099e+00
  681 1.003591e+00
  682 9.735200e-01
  683 9.534895e-01
  684 9.303352e-01
  685 9.209597e-01
  686 8.840028e-01
  687 8.459775e-01
  688 8.202858e-01
  689 7.728682e-01
  690 7.204552e-01
  691 7.007001e-01
  692 6.580794e-01
  693 5.954261e-01
  694 5.644452e-01
  695 5.325872e-01
  696 5.264051e-01
  697 5.075243e-01
  698 5.285855e-01
  699 5.445863e-01
  700 5.616165e-01
  701 5.937583e-01
  702 6.320279e-01
  703 6.818815e-01
  704 7.542247e-01
  705 8.522994e-01
  706 9.729838e-01
  707 1.062982e+00
  708 1.144459e+00
  709 1.188143e+00
  710 1.221794e+00
  711 1.253277e+00
  712 1.297676e+00
  713 1.349796e+00
  714 1.393753e+00
  715 1.452863e+00
  716 1.475873e+00
  717 1.484994e+00
  718 1.470348e+00
  719 1.452716e+00
  720 1.452987e+00
  721 1.437006e+00
  722 1.420384e+00
  723 1.402803e+00
  724 1.367025e+00
  725 1.351106e+00
  726 1.327859e+00
  727 1.326465e+00
  728 1.349384e+00
  729 1.334276e+00
  730 1.296132e+00
  731 1.228895e+00
  732 1.160014e+00
  733 1.084058e+00
  734 1.001892e+00
  735 9.099427e-01
  736 8.210311e-01
  737 7.750842e-01
  738 7.463069e-01
  739 7.171119e-01
  740 7.139157e-01
  741 7.107430e-01
  742 7.402232e-01
  743 7.560919e-01
  744 7.867445e-01
  745 8.412828e-01
  746 9.010949e-01
  747 9.622496e-01
  748 9.854825e-01
  749 9.864560e-01
  750 9.955704e-01
  751 9.838746e-01
  752 9.734297e-01
  753 9.806797e-01
  754 1.023038e+00
  755 1.068749e+00
  756 1.118477e+00
  757 1.153299e+00
  758 1.180922e+00
  759 1.227061e+00
  760 1.250831e+00
  761 1.273618e+00
  762 1.290176e+00
  763 1.296024e+00
  764 1.292078e+00
  765 1.262796e+00
  766 1.223904e+00
  767 1.175712e+00
  768 1.165613e+00
  769 1.143694e+00
  770 1.147018e+00
  771 1.142893e+00
  772 1.167675e+00
  773 1.165235e+00
  774 1.174058e+00
  775 1.149833e+00
  776 1.089335e+00
  777 1.018755e+00
  778 9.198905e-01
  779 8.213732e-01
  780 7.191274e-01
  781 6.343230e-01
  782 6.016551e-01
  783 5.784866e-01
  784 5.837467e-01
  785 5.891192e-01
  786 6.054547e-01
  787 6.641372e-01
  788 7.448381e-01
  789 7.973499e-01
  790 8.640469e-01
  791 8.973342e-01
  792 9.241606e-01
  793 9.452608e-01
  794 9.388976e-01
  795 9.537109e-01
  796 9.802266e-01
  797 1.020706e+00
  798 1.029758e+00
  799 1.025011e+00
  800 1.043006e+00
