    1     0
    2     0
    3     0
    4     0
    5     0
    6     0
    7     0
    8     0
    9     0
   10     0
   11     0
   12     0
   13     0
   14     0
   15 1.114447e-01
   16 2.070022e-01
   17 2.906328e-01
   18 6.324955e-01
   19 7.928532e-01
   20 9.147721e-01
   21 9.807709e-01
   22 1.017877e+00
   23 1.033495e+00
   24 9.629469e-01
   25 8.978241e-01
   26 8.322880e-01
   27 7.750645e-01
   28 7.271481e-01
   29 6.901042e-01
   30 6.831083e-01
   31 6.908943e-01
   32 7.108105e-01
   33 7.392192e-01
   34 7.732900e-01
   35 8.102516e-01
   36 8.428094e-01
   37 8.708994e-01
   38 8.938317e-01
   39 9.113704e-01
   40 9.236660e-01
   41 9.312625e-01
   42 9.362337e-01
   43 9.395431e-01
   44 9.420778e-01
   45 9.446115e-01
   46 9.477362e-01
   47 9.518243e-01
   48 9.567065e-01
   49 9.622193e-01
   50 9.681304e-01
   51 9.741473e-01
   52 9.799640e-01
   53 9.853041e-01
   54 9.900335e-01
   55 9.940770e-01
   56 9.974197e-01
   57 1.000108e+00
   58 1.002239e+00
   59 1.003936e+00
   60 1.005316e+00
   61 1.006487e+00
   62 1.007540e+00
   63 1.008543e+00
   64 1.009539e+00
   65 1.010545e+00
   66 1.011564e+00
   67 1.012589e+00
   68 1.013602e+00
   69 1.014587e+00
   70 1.015527e+00
   71 1.016413e+00
   72 1.017240e+00
   73 1.018007e+00
   74 1.018718e+00
   75 1.019383e+00
   76 1.020012e+00
   77 1.020613e+00
   78 1.021198e+00
   79 1.021774e+00
   80 1.022346e+00
   81 1.022919e+00
   82 1.023495e+00
   83 1.024073e+00
   84 1.024653e+00
   85 1.025232e+00
   86 1.025808e+00
   87 1.026379e+00
   88 1.026944e+00
   89 1.027501e+00
   90 1.028049e+00
   91 1.028588e+00
   92 1.029117e+00
   93 1.029636e+00
   94 1.030147e+00
   95 1.030649e+00
   96 1.031142e+00
   97 1.031626e+00
   98 1.032103e+00
   99 1.032570e+00
  100 1.033029e+00
  101 1.033479e+00
  102 1.033920e+00
  103 1.034352e+00
  104 1.034773e+00
  105 1.035185e+00
  106 1.035587e+00
  107 1.035980e+00
  108 1.036362e+00
  109 1.036734e+00
  110 1.037096e+00
  111 1.037449e+00
  112 1.037793e+00
  113 1.038127e+00
  114 1.038453e+00
  115 1.038769e+00
  116 1.039077e+00
  117 1.039377e+00
  118 1.039668e+00
  119 1.039951e+00
  120 1.040227e+00
  121 1.040494e+00
  122 1.040754e+00
  123 1.041007e+00
  124 1.041253e+00
  125 1.041491e+00
  126 1.041723e+00
  127 1.041948e+00
  128 1.042167e+00
  129 1.042380e+00
  130 1.042587e+00
  131 1.042788e+00
  132 1.042983e+00
  133 1.043173e+00
  134 1.043358e+00
  135 1.043537e+00
  136 1.043712e+00
  137 1.043881e+00
  138 1.044046e+00
  139 1.044207e+00
  140 1.044363e+00
  141 1.044514e+00
  142 1.044662e+00
  143 1.044805e+00
  144 1.044945e+00
  145 1.045080e+00
  146 1.045212e+00
  147 1.045340e+00
  148 1.045465e+00
  149 1.045587e+00
  150 1.045705e+00
  151 1.045820e+00
  152 1.045932e+00
  153 1.046041e+00
  154 1.046147e+00
  155 1.046250e+00
  156 1.046350e+00
  157 1.046447e+00
  158 1.046542e+00
  159 1.046635e+00
  160 1.046725e+00
  161 1.046812e+00
  162 1.046897e+00
  163 1.046980e+00
  164 1.047061e+00
  165 1.047139e+00
  166 1.047216e+00
  167 1.047290e+00
  168 1.047362e+00
  169 1.047433e+00
  170 1.047501e+00
  171 1.047568e+00
  172 1.047633e+00
  173 1.047696e+00
  174 1.047757e+00
  175 1.047817e+00
  176 1.047875e+00
  177 1.047932e+00
  178 1.047987e+00
  179 1.048041e+00
  180 1.048093e+00
  181 1.048144e+00
  182 1.048193e+00
  183 1.048241e+00
  184 1.048288e+00
  185 1.048334e+00
  186 1.048378e+00
  187 1.048421e+00
  188 1.048463e+00
  189 1.048504e+00
  190 1.048544e+00
  191 1.048583e+00
  192 1.048620e+00
  193 1.048657e+00
  194 1.048693e+00
  195 1.048727e+00
  196 1.048761e+00
  197 1.048794e+00
  198 1.048826e+00
  199 1.048857e+00
  200 1.048888e+00
  201 1.048917e+00
  202 1.048946e+00
  203 1.048974e+00
  204 1.049001e+00
  205 1.049028e+00
  206 1.049054e+00
  207 1.049079e+00
  208 1.049103e+00
  209 1.049127e+00
  210 1.049150e+00
  211 1.049173e+00
  212 1.049195e+00
  213 1.049216e+00
  214 1.049237e+00
  215 1.049257e+00
  216 1.049277e+00
  217 1.049296e+00
  218 1.049315e+00
  219 1.049333e+00
  220 1.049350e+00
  221 1.049368e+00
  222 1.049384e+00
  223 1.049401e+00
  224 1.049416e+00
  225 1.049432e+00
  226 1.049447e+00
  227 1.049462e+00
  228 1.049476e+00
  229 1.049490e+00
  230 1.049503e+00
  231 1.049516e+00
  232 1.049529e+00
  233 1.049542e+00
  234 1.049554e+00
  235 1.049566e+00
  236 1.049577e+00
  237 1.049588e+00
  238 1.049599e+00
  239 1.049610e+00
  240 1.049620e+00
  241 1.049630e+00
  242 1.049640e+00
  243 1.049649e+00
  244 1.049659e+00
  245 1.049668e+00
  246 1.049676e+00
  247 1.049685e+00
  248 1.049693e+00
  249 1.049701e+00
  250 1.049709e+00
  251 1.049717e+00
  252 1.049724e+00
  253 1.049732e+00
  254 1.049739e+00
  255 1.049746e+00
  256 1.049752e+00
  257 1.049759e+00
  258 1.049765e+00
  259 1.049772e+00
  260 1.049778e+00
  261 1.049783e+00
  262 1.049789e+00
  263 1.049795e+00
  264 1.049800e+00
  265 1.049805e+00
  266 1.049811e+00
  267 1.049816e+00
  268 1.049820e+00
  269 1.049825e+00
  270 1.049830e+00
  271 1.049834e+00
  272 1.049839e+00
  273 1.049843e+00
  274 1.049847e+00
  275 1.049851e+00
  276 1.049855e+00
  277 1.049859e+00
  278 1.049863e+00
  279 1.049866e+00
  280 1.049870e+00
  281 1.049873e+00
  282 1.049876e+00
  283 1.049880e+00
  284 1.049883e+00
  285 1.049886e+00
  286 1.049889e+00
  287 1.049892e+00
  288 1.049895e+00
  289 1.049898e+00
  290 1.049900e+00
  291 1.049903e+00
  292 1.049905e+00
  293 1.049908e+00
  294 1.049910e+00
  295 1.049913e+00
  296 1.049915e+00
  297 1.049917e+00
  298 1.049919e+00
  299 1.049922e+00
  300 1.049924e+00
  301 1.049926e+00
  302 1.049928e+00
  303 1.049929e+00
  304 1.049931e+00
  305 1.049933e+00
  306 1.049935e+00
  307 1.049937e+00
  308 1.049938e+00
  309 1.049940e+00
  310 1.049941e+00
  311 1.049943e+00
  312 1.049945e+00
  313 1.049946e+00
  314 1.049947e+00
  315 1.049949e+00
  316 1.049950e+00
  317 1.049951e+00
  318 1.049953e+00
  319 1.049954e+00
  320 1.049955e+00
  321 1.049956e+00
  322 1.049958e+00
  323 1.049959e+00
  324 1.049960e+00
  325 1.049961e+00
  326 1.049962e+00
  327 1.049963e+00
  328 1.049964e+00
  329 1.049965e+00
  330 1.049966e+00
  331 1.049967e+00
  332 1.049967e+00
  333 1.049968e+00
  334 1.049969e+00
  335 1.049970e+00
  336 1.049971e+00
  337 1.049972e+00
  338 1.049972e+00
  339 1.049973e+00
  340 1.049974e+00
  341 1.049974e+00
  342 1.049975e+00
  343 1.049976e+00
  344 1.049976e+00
  345 1.049977e+00
  346 1.049978e+00
  347 1.049978e+00
  348 1.049979e+00
  349 1.049979e+00
  350 1.049980e+00
  351 1.049980e+00
  352 1.049981e+00
  353 1.049981e+00
  354 1.049982e+00
  355 1.049982e+00
  356 1.049983e+00
  357 1.049983e+00
  358 1.049984e+00
  359 1.049984e+00
  360 1.049985e+00
  361 1.049985e+00
  362 1.049985e+00
  363 1.049986e+00
  364 1.049986e+00
  365 1.049986e+00
  366 1.049987e+00
  367 1.049987e+00
  368 1.049988e+00
  369 1.049988e+00
  370 1.049988e+00
  371 1.049988e+00
  372 1.049989e+00
  373 1.049989e+00
  374 1.049989e+00
  375 1.049990e+00
  376 1.049990e+00
  377 1.049990e+00
  378 1.049990e+00
  379 1.049991e+00
  380 1.049991e+00
  381 1.049991e+00
  382 1.049991e+00
  383 1.049992e+00
  384 1.049992e+00
  385 1.049992e+00
  386 1.049992e+00
  387 1.049992e+00
  388 1.049993e+00
  389 1.049993e+00
  390 1.049993e+00
  391 1.049993e+00
  392 1.049993e+00
  393 1.049994e+00
  394 1.049994e+00
  395 1.049994e+00
  396 1.049994e+00
  397 1.049994e+00
  398 1.049994e+00
  399 1.049995e+00
  400 1.049995e+00
  401 1.049995e+00
  402 1.049995e+00
  403 1.049995e+00
  404 1.049995e+00
  405 1.049995e+00
  406 1.049995e+00
  407 1.049996e+00
  408 1.049996e+00
  409 1.049996e+00
  410 1.049996e+00
  411 1.049996e+00
  412 1.049996e+00
  413 1.049996e+00
  414 1.049996e+00
  415 1.049996e+00
  416 1.049997e+00
  417 1.049997e+00
  418 1.049997e+00
  419 1.049997e+00
  420 1.049997e+00
  421 1.049997e+00
  422 1.049997e+00
  423 1.049997e+00
  424 1.049997e+00
  425 1.049997e+00
  426 1.049997e+00
  427 1.049997e+00
  428 1.049997e+00
  429 1.049998e+00
  430 1.049998e+00
  431 1.049998e+00
  432 1.049998e+00
  433 1.049998e+00
  434 1.049998e+00
  435 1.049998e+00
  436 1.049998e+00
  437 1.049998e+00
  438 1.049998e+00
  439 1.049998e+00
  440 1.049998e+00
  441 1.049998e+00
  442 1.049998e+00
  443 1.049998e+00
  444 1.049998e+00
  445 1.049998e+00
  446 1.049998e+00
  447 1.049998e+00
  448 1.049999e+00
  449 1.049999e+00
  450 1.049999e+00
  451 1.049999e+00
  452 1.049999e+00
  453 1.049999e+00
  454 1.049999e+00
  455 1.049999e+00
  456 1.049999e+00
  457 1.049999e+00
  458 1.049999e+00
  459 1.049999e+00
  460 1.049999e+00
  461 1.049999e+00
  462 1.049999e+00
  463 1.049999e+00
  464 1.049999e+00
  465 1.049999e+00
  466 1.049999e+00
  467 1.049999e+00
  468 1.049999e+00
  469 1.049999e+00
  470 1.049999e+00
  471 1.049999e+00
  472 1.049999e+00
  473 1.049999e+00
  474 1.049999e+00
  475 1.049999e+00
  476 1.049999e+00
  477 1.049999e+00
  478 1.049999e+00
  479 1.049999e+00
  480 1.049999e+00
  481 1.049999e+00
  482 1.049999e+00
  483 1.049999e+00
  484 1.049999e+00
  485 1.049999e+00
  486 1.049999e+00
  487 1.049999e+00
  488 1.049999e+00
  489 1.050000e+00
  490 1.050000e+00
  491 1.050000e+00
  492 1.050000e+00
  493 1.050000e+00
  494 1.050000e+00
  495 1.050000e+00
  496 1.050000e+00
  497 1.050000e+00
  498 1.050000e+00
  499 1.050000e+00
  500 1.050000e+00
  501 1.550000e+00
  502 2.435000e+00
  503 3.612050e+00
  504 5.006190e+00
  505 6.557132e+00
  506 8.216543e+00
  507 9.818211e+00
  508 1.131582e+01
  509 1.268942e+01
  510 1.392792e+01
  511 1.502691e+01
  512 1.598687e+01
  513 1.684429e+01
  514 1.762101e+01
  515 1.833096e+01
  516 1.898463e+01
  517 1.958937e+01
  518 2.014957e+01
  519 2.065855e+01
  520 2.110862e+01
  521 2.149277e+01
  522 2.180454e+01
  523 2.203863e+01
  524 2.219137e+01
  525 2.226327e+01
  526 2.225755e+01
  527 2.217935e+01
  528 2.203538e+01
  529 2.183355e+01
  530 2.158238e+01
  531 2.128998e+01
  532 2.096382e+01
  533 2.061056e+01
  534 2.023595e+01
  535 1.984474e+01
  536 1.944074e+01
  537 1.902704e+01
  538 1.860621e+01
  539 1.818039e+01
  540 1.775145e+01
  541 1.732110e+01
  542 1.689098e+01
  543 1.646264e+01
  544 1.603758e+01
  545 1.561723e+01
  546 1.520290e+01
  547 1.479578e+01
  548 1.439690e+01
  549 1.400708e+01
  550 1.362700e+01
  551 1.325714e+01
  552 1.289780e+01
  553 1.254915e+01
  554 1.221122e+01
  555 1.188396e+01
  556 1.156721e+01
  557 1.126079e+01
  558 1.096445e+01
  559 1.067794e+01
  560 1.040098e+01
  561 1.013329e+01
  562 9.874584e+00
  563 9.624569e+00
  564 9.382954e+00
  565 9.149447e+00
  566 8.923753e+00
  567 8.705576e+00
  568 8.494622e+00
  569 8.290599e+00
  570 8.093218e+00
  571 7.902196e+00
  572 7.717258e+00
  573 7.538138e+00
  574 7.364581e+00
  575 7.196343e+00
  576 7.033195e+00
  577 6.874918e+00
  578 6.721306e+00
  579 6.572167e+00
  580 6.427320e+00
  581 6.286593e+00
  582 6.149827e+00
  583 6.016871e+00
  584 5.887584e+00
  585 5.761831e+00
  586 5.639487e+00
  587 5.520433e+00
  588 5.404558e+00
  589 5.291754e+00
  590 5.181923e+00
  591 5.074969e+00
  592 4.970804e+00
  593 4.869342e+00
  594 4.770504e+00
  595 4.674214e+00
  596 4.580399e+00
  597 4.488991e+00
  598 4.399924e+00
  599 4.313134e+00
  600 4.228563e+00
  601 4.146151e+00
  602 4.065843e+00
  603 3.987586e+00
  604 3.911327e+00
  605 3.837016e+00
  606 3.764604e+00
  607 3.694044e+00
  608 3.625290e+00
  609 3.558298e+00
  610 3.493023e+00
  611 3.429424e+00
  612 3.367459e+00
  613 3.307088e+00
  614 3.248271e+00
  615 3.190970e+00
  616 3.135148e+00
  617 3.080768e+00
  618 3.027794e+00
  619 2.976190e+00
  620 2.925924e+00
  621 2.876961e+00
  622 2.829268e+00
  623 2.782814e+00
  624 2.737567e+00
  625 2.693497e+00
  626 2.650574e+00
  627 2.608768e+00
  628 2.568051e+00
  629 2.528396e+00
  630 2.489774e+00
  631 2.452160e+00
  632 2.415527e+00
  633 2.379850e+00
  634 2.345104e+00
  635 2.311266e+00
  636 2.278311e+00
  637 2.246218e+00
  638 2.214962e+00
  639 2.184523e+00
  640 2.154880e+00
  641 2.126011e+00
  642 2.097896e+00
  643 2.070516e+00
  644 2.043851e+00
  645 2.017884e+00
  646 1.992594e+00
  647 1.967966e+00
  648 1.943981e+00
  649 1.920623e+00
  650 1.897875e+00
  651 1.875721e+00
  652 1.854146e+00
  653 1.833134e+00
  654 1.775524e+00
  655 1.655071e+00
  656 1.453689e+00
  657 1.159636e+00
  658 7.660685e-01
  659 2.698777e-01
  660 -3.147366e-01
  661 -9.676412e-01
  662 -1.665955e+00
  663 -2.385603e+00
  664 -3.102459e+00
  665 -3.793140e+00
  666 -4.439929e+00
  667 -5.030121e+00
  668 -5.555554e+00
  669 -6.012308e+00
  670 -6.400287e+00
  671 -6.722747e+00
  672 -6.984578e+00
  673 -7.191533e+00
  674 -7.349651e+00
  675 -7.464751e+00
  676 -7.542028e+00
  677 -7.585772e+00
  678 -7.599504e+00
  679 -7.586100e+00
  680 -7.547918e+00
  681 -7.486958e+00
  682 -7.405045e+00
  683 -7.303997e+00
  684 -7.185686e+00
  685 -7.052070e+00
  686 -6.905194e+00
  687 -6.747166e+00
  688 -6.580100e+00
  689 -6.406047e+00
  690 -6.226941e+00
  691 -6.044550e+00
  692 -5.860449e+00
  693 -5.675994e+00
  694 -5.492322e+00
  695 -5.310365e+00
  696 -5.130870e+00
  697 -4.954421e+00
  698 -4.781469e+00
  699 -4.612357e+00
  700 -4.447347e+00
  701 -4.286634e+00
  702 -4.130361e+00
  703 -3.978635e+00
  704 -3.831525e+00
  705 -3.689069e+00
  706 -3.551279e+00
  707 -3.418138e+00
  708 -3.289599e+00
  709 -3.165594e+00
  710 -3.046028e+00
  711 -2.930786e+00
  712 -2.819737e+00
  713 -2.712734e+00
  714 -2.609621e+00
  715 -2.510237e+00
  716 -2.414415e+00
  717 -2.321992e+00
  718 -2.232806e+00
  719 -2.146699e+00
  720 -2.063519e+00
  721 -1.983121e+00
  722 -1.905368e+00
  723 -1.830127e+00
  724 -1.757274e+00
  725 -1.686692e+00
  726 -1.618269e+00
  727 -1.551900e+00
  728 -1.487487e+00
  729 -1.424937e+00
  730 -1.364161e+00
  731 -1.305078e+00
  732 -1.247611e+00
  733 -1.191689e+00
  734 -1.137246e+00
  735 -1.084219e+00
  736 -1.032551e+00
  737 -9.821900e-01
  738 -9.330863e-01
  739 -8.851946e-01
  740 -8.384730e-01
  741 -7.928824e-01
  742 -7.483867e-01
  743 -7.049521e-01
  744 -6.625472e-01
  745 -6.211424e-01
  746 -5.807100e-01
  747 -5.412240e-01
  748 -5.026598e-01
  749 -4.649940e-01
  750 -4.282045e-01
  751 -3.922702e-01
  752 -3.571710e-01
  753 -3.228877e-01
  754 -2.894017e-01
  755 -2.566952e-01
  756 -2.247510e-01
  757 -1.935525e-01
  758 -1.630835e-01
  759 -1.333282e-01
  760 -1.042715e-01
  761 -7.589829e-02
  762 -4.819398e-02
  763 -2.114427e-02
  764 5.264895e-03
  765 3.104728e-02
  766 5.621639e-02
  767 8.078553e-02
  768 1.047677e-01
  769 1.281758e-01
  770 1.510224e-01
  771 1.733200e-01
  772 1.950806e-01
  773 2.163162e-01
  774 2.370387e-01
  775 2.572596e-01
  776 2.769903e-01
  777 2.962420e-01
  778 3.150255e-01
  779 3.333517e-01
  780 3.512312e-01
  781 3.686742e-01
  782 3.856910e-01
  783 4.022915e-01
  784 4.184855e-01
  785 4.342826e-01
  786 4.496921e-01
  787 4.647233e-01
  788 4.793850e-01
  789 4.936861e-01
  790 5.076353e-01
  791 5.212408e-01
  792 5.345110e-01
  793 5.474540e-01
  794 5.600774e-01
  795 5.723892e-01
  796 5.843968e-01
  797 5.961075e-01
  798 6.075284e-01
  799 6.186668e-01
  800 6.295293e-01
