    1     0
    2     0
    3     0
    4     0
    5     0
    6     0
    7     0
    8     0
    9     0
   10 7.148059e-01
   11 9.122674e-01
   12 8.044840e-01
   13 5.516390e-01
   14 3.152127e-01
   15 8.548335e-02
   16 -1.925699e-01
   17 -3.350522e-01
   18 -3.400138e-01
   19 -2.633651e-01
   20 -1.632475e-01
   21 -6.079783e-02
   22 3.793315e-02
   23 7.797752e-02
   24 5.750081e-02
   25 -3.627493e-03
   26 -5.733626e-02
   27 -1.023485e-01
   28 -1.399897e-01
   29 -1.764795e-01
   30 -1.867905e-01
   31 -1.714457e-01
   32 -1.689761e-01
   33 -1.567941e-01
   34 -1.589949e-01
   35 -1.399811e-01
   36 -1.146084e-01
   37 -6.628778e-02
   38 -2.060748e-02
   39 1.825940e-02
   40 6.121287e-02
   41 1.046037e-01
   42 1.546350e-01
   43 1.852364e-01
   44 2.181438e-01
   45 2.592352e-01
   46 2.912167e-01
   47 3.249868e-01
   48 3.707068e-01
   49 4.209268e-01
   50 4.457533e-01
   51 4.413001e-01
   52 4.303968e-01
   53 4.083733e-01
   54 3.969886e-01
   55 3.966417e-01
   56 3.800216e-01
   57 3.784289e-01
   58 3.783086e-01
   59 3.977385e-01
   60 4.272517e-01
   61 4.412724e-01
   62 4.664796e-01
   63 4.949105e-01
   64 5.112083e-01
   65 5.068288e-01
   66 4.803468e-01
   67 4.528962e-01
   68 4.123236e-01
   69 3.574052e-01
   70 2.977137e-01
   71 2.454045e-01
   72 1.811739e-01
   73 1.029288e-01
   74 4.763293e-02
   75 5.549034e-03
   76 -1.854470e-02
   77 -2.666945e-02
   78 -9.746242e-03
   79 9.953632e-03
   80 4.829708e-02
   81 8.059129e-02
   82 1.179317e-01
   83 1.749409e-01
   84 2.223103e-01
   85 2.781836e-01
   86 3.485999e-01
   87 4.329740e-01
   88 5.321135e-01
   89 6.088898e-01
   90 6.572785e-01
   91 6.891566e-01
   92 6.941498e-01
   93 6.650594e-01
   94 6.370837e-01
   95 6.171586e-01
   96 5.998699e-01
   97 5.674719e-01
   98 5.418275e-01
   99 5.290621e-01
  100 5.072069e-01
  101 4.643661e-01
  102 4.234652e-01
  103 3.998980e-01
  104 3.899751e-01
  105 3.893471e-01
  106 3.812887e-01
  107 3.856122e-01
  108 4.017798e-01
  109 4.098056e-01
  110 3.908935e-01
  111 3.580994e-01
  112 3.028172e-01
  113 2.369446e-01
  114 1.760260e-01
  115 1.126733e-01
  116 6.004693e-02
  117 3.553415e-02
  118 3.086631e-02
  119 4.737158e-02
  120 8.008392e-02
  121 1.214914e-01
  122 1.567857e-01
  123 1.912098e-01
  124 2.050673e-01
  125 1.958587e-01
  126 1.702574e-01
  127 1.605867e-01
  128 1.752064e-01
  129 1.783465e-01
  130 1.656762e-01
  131 1.564517e-01
  132 1.483101e-01
  133 1.343688e-01
  134 1.091226e-01
  135 9.719539e-02
  136 1.121376e-01
  137 1.494046e-01
  138 1.879451e-01
  139 2.062035e-01
  140 2.170378e-01
  141 2.181936e-01
  142 2.119776e-01
  143 2.000226e-01
  144 1.822841e-01
  145 1.498377e-01
  146 1.125706e-01
  147 7.883690e-02
  148 6.681164e-02
  149 7.466674e-02
  150 1.084825e-01
  151 1.373437e-01
  152 1.746508e-01
  153 2.045693e-01
  154 2.136896e-01
  155 2.275044e-01
  156 2.347708e-01
  157 2.466943e-01
  158 2.335811e-01
  159 2.224054e-01
  160 2.244581e-01
  161 2.337395e-01
  162 2.274881e-01
  163 2.013175e-01
  164 1.584629e-01
  165 1.235612e-01
  166 1.192109e-01
  167 1.300196e-01
  168 1.364877e-01
  169 1.330891e-01
  170 1.103359e-01
  171 7.039845e-02
  172 2.675740e-02
  173 -1.201792e-02
  174 -5.107738e-02
  175 -1.011332e-01
  176 -1.488294e-01
  177 -1.682767e-01
  178 -1.717757e-01
  179 -1.838251e-01
  180 -1.893587e-01
  181 -1.764029e-01
  182 -1.513815e-01
  183 -1.132504e-01
  184 -6.627818e-02
  185 -2.558986e-02
  186 -1.077131e-02
  187 -2.663287e-02
  188 -6.306323e-02
  189 -9.838760e-02
  190 -1.061512e-01
  191 -1.146051e-01
  192 -1.164011e-01
  193 -1.289714e-01
  194 -1.338868e-01
  195 -1.115645e-01
  196 -8.447198e-02
  197 -5.540645e-02
  198 -5.643866e-03
  199 5.468781e-02
  200 1.267075e-01
  201 2.116991e-01
  202 3.015855e-01
  203 3.626303e-01
  204 4.109150e-01
  205 4.536510e-01
  206 4.645396e-01
  207 4.631376e-01
  208 4.478917e-01
  209 4.416402e-01
  210 4.372277e-01
  211 4.431572e-01
  212 4.572647e-01
  213 4.843434e-01
  214 5.009816e-01
  215 5.126547e-01
  216 5.352165e-01
  217 5.746816e-01
  218 6.022928e-01
  219 6.267987e-01
  220 6.712303e-01
  221 7.256634e-01
  222 7.835173e-01
  223 8.166588e-01
  224 8.262551e-01
  225 8.396133e-01
  226 8.715976e-01
  227 8.895708e-01
  228 8.933693e-01
  229 8.737382e-01
  230 8.470846e-01
  231 8.099910e-01
  232 7.638784e-01
  233 7.333662e-01
  234 7.112246e-01
  235 6.990451e-01
  236 6.913112e-01
  237 6.863300e-01
  238 6.640664e-01
  239 6.393565e-01
  240 6.082302e-01
  241 5.625827e-01
  242 5.290876e-01
  243 5.191587e-01
  244 5.234727e-01
  245 5.296478e-01
  246 5.433039e-01
  247 5.552046e-01
  248 5.910119e-01
  249 6.356472e-01
  250 6.566114e-01
  251 6.589340e-01
  252 6.689975e-01
  253 6.684222e-01
  254 6.595214e-01
  255 6.230965e-01
  256 5.882420e-01
  257 5.514327e-01
  258 5.178184e-01
  259 4.750098e-01
  260 4.440022e-01
  261 3.955476e-01
  262 3.309788e-01
  263 2.826352e-01
  264 2.179859e-01
  265 1.662917e-01
  266 1.026903e-01
  267 2.654396e-02
  268 -5.533924e-02
  269 -1.294440e-01
  270 -1.732186e-01
  271 -1.976517e-01
  272 -2.145303e-01
  273 -2.094125e-01
  274 -2.021581e-01
  275 -1.956017e-01
  276 -2.018465e-01
  277 -2.195415e-01
  278 -2.126358e-01
  279 -2.106349e-01
  280 -2.253289e-01
  281 -2.621561e-01
  282 -3.076692e-01
  283 -3.382369e-01
  284 -3.617273e-01
  285 -3.838653e-01
  286 -3.870764e-01
  287 -4.030027e-01
  288 -4.393902e-01
  289 -4.896293e-01
  290 -5.505833e-01
  291 -6.016227e-01
  292 -6.480788e-01
  293 -6.815654e-01
  294 -6.717139e-01
  295 -6.491245e-01
  296 -5.959181e-01
  297 -5.141278e-01
  298 -4.444788e-01
  299 -3.989001e-01
  300 -3.862249e-01
  301 -3.794868e-01
  302 -3.768721e-01
  303 -3.679335e-01
  304 -3.689770e-01
  305 -3.658155e-01
  306 -3.404826e-01
  307 -2.948055e-01
  308 -2.424573e-01
  309 -1.974835e-01
  310 -1.499355e-01
  311 -1.194567e-01
  312 -8.866239e-02
  313 -5.046822e-02
  314 -2.823805e-02
  315 -6.461478e-03
  316 3.486792e-02
  317 8.067539e-02
  318 1.371707e-01
  319 1.871863e-01
  320 2.132084e-01
  321 2.386992e-01
  322 2.601175e-01
  323 2.596734e-01
  324 2.416648e-01
  325 2.121465e-01
  326 1.920911e-01
  327 1.639601e-01
  328 1.477032e-01
  329 1.277159e-01
  330 9.587615e-02
  331 6.698569e-02
  332 1.734323e-02
  333 -2.348876e-02
  334 -5.279762e-02
  335 -8.326097e-02
  336 -1.212561e-01
  337 -1.482815e-01
  338 -1.740591e-01
  339 -1.737305e-01
  340 -1.764666e-01
  341 -1.936221e-01
  342 -2.165980e-01
  343 -2.364666e-01
  344 -2.592021e-01
  345 -2.735345e-01
  346 -2.779435e-01
  347 -2.459509e-01
  348 -2.004599e-01
  349 -1.537217e-01
  350 -1.055057e-01
  351 -7.963859e-02
  352 -4.596133e-02
  353 -3.594686e-02
  354 -4.096425e-02
  355 -3.950113e-02
  356 -3.492743e-02
  357 -1.421955e-02
  358 2.054136e-02
  359 5.128770e-02
  360 6.700474e-02
  361 9.242776e-02
  362 1.230230e-01
  363 1.665035e-01
  364 1.919599e-01
  365 1.909911e-01
  366 1.799258e-01
  367 1.820984e-01
  368 2.107306e-01
  369 2.617144e-01
  370 3.099322e-01
  371 3.466552e-01
  372 3.501895e-01
  373 3.449863e-01
  374 3.319376e-01
  375 3.102157e-01
  376 2.795026e-01
  377 2.742567e-01
  378 2.984285e-01
  379 3.472952e-01
  380 3.875986e-01
  381 4.335295e-01
  382 4.690962e-01
  383 4.716064e-01
  384 4.329972e-01
  385 3.813238e-01
  386 3.313063e-01
  387 2.969980e-01
  388 2.873170e-01
  389 2.947168e-01
  390 2.931487e-01
  391 2.928035e-01
  392 2.819206e-01
  393 2.538484e-01
  394 2.082038e-01
  395 1.556988e-01
  396 1.057869e-01
  397 7.990009e-02
  398 7.669161e-02
  399 1.075814e-01
  400 1.338572e-01
  401 1.387670e-01
  402 1.168296e-01
  403 6.973257e-02
  404 1.501413e-02
  405 -4.077927e-02
  406 -8.803912e-02
  407 -1.121555e-01
  408 -1.391907e-01
  409 -1.692053e-01
  410 -2.142115e-01
  411 -2.426556e-01
  412 -2.446310e-01
  413 -2.307770e-01
  414 -2.140999e-01
  415 -2.015006e-01
  416 -1.624505e-01
  417 -1.292418e-01
  418 -9.141571e-02
  419 -3.666276e-02
  420 4.440593e-03
  421 5.829136e-02
  422 1.145584e-01
  423 1.734376e-01
  424 2.323589e-01
  425 2.774218e-01
  426 3.142717e-01
  427 3.331776e-01
  428 3.648119e-01
  429 4.132400e-01
  430 4.732910e-01
  431 5.172630e-01
  432 5.573377e-01
  433 6.071831e-01
  434 6.504317e-01
  435 6.660944e-01
  436 6.492859e-01
  437 6.442227e-01
  438 6.279423e-01
  439 5.958577e-01
  440 5.692588e-01
  441 5.515287e-01
  442 5.474460e-01
  443 5.430292e-01
  444 5.183829e-01
  445 4.740707e-01
  446 4.106206e-01
  447 3.418227e-01
  448 2.795833e-01
  449 2.400004e-01
  450 2.139793e-01
  451 1.805405e-01
  452 1.619650e-01
  453 1.746936e-01
  454 2.213760e-01
  455 2.638369e-01
  456 3.066679e-01
  457 3.203717e-01
  458 3.102452e-01
  459 2.647065e-01
  460 2.188798e-01
  461 1.826961e-01
  462 1.593023e-01
  463 1.522139e-01
  464 1.768061e-01
  465 1.932693e-01
  466 1.819150e-01
  467 1.755721e-01
  468 1.588008e-01
  469 1.573442e-01
  470 1.538064e-01
  471 1.380693e-01
  472 1.018273e-01
  473 6.425618e-02
  474 4.104813e-02
  475 1.181675e-02
  476 9.753736e-03
  477 2.245194e-02
  478 5.354019e-02
  479 8.316278e-02
  480 8.169928e-02
  481 4.154354e-02
  482 -3.567157e-03
  483 -4.063813e-02
  484 -7.631482e-02
  485 -1.255756e-01
  486 -1.635597e-01
  487 -1.723573e-01
  488 -1.825379e-01
  489 -1.998470e-01
  490 -2.135141e-01
  491 -2.408192e-01
  492 -2.729725e-01
  493 -2.969955e-01
  494 -3.135353e-01
  495 -3.312600e-01
  496 -3.270834e-01
  497 -3.147036e-01
  498 -2.859508e-01
  499 -2.319210e-01
  500 -1.604249e-01
  501 -9.585494e-02
  502 -2.699566e-02
  503 3.422126e-02
  504 8.762091e-02
  505 1.418230e-01
  506 1.799615e-01
  507 1.983379e-01
  508 2.312154e-01
  509 2.752231e-01
  510 3.289889e-01
  511 3.840939e-01
  512 4.247477e-01
  513 4.651309e-01
  514 4.939816e-01
  515 4.932931e-01
  516 4.502444e-01
  517 3.975338e-01
  518 3.434251e-01
  519 3.068330e-01
  520 2.614670e-01
  521 2.202000e-01
  522 1.745232e-01
  523 1.203680e-01
  524 9.296206e-02
  525 6.975888e-02
  526 6.069189e-02
  527 7.589715e-02
  528 1.005366e-01
  529 1.208747e-01
  530 1.141598e-01
  531 1.080422e-01
  532 1.176169e-01
  533 1.357693e-01
  534 1.416350e-01
  535 1.199001e-01
  536 8.830908e-02
  537 5.355568e-02
  538 2.967822e-02
  539 2.281805e-02
  540 1.372934e-02
  541 -1.228147e-02
  542 -3.539888e-02
  543 -4.268176e-02
  544 -6.830222e-02
  545 -1.026213e-01
  546 -1.556824e-01
  547 -2.069162e-01
  548 -2.536244e-01
  549 -2.923400e-01
  550 -3.090283e-01
  551 -3.143263e-01
  552 -3.046740e-01
  553 -3.064467e-01
  554 -3.286619e-01
  555 -3.431189e-01
  556 -3.360855e-01
  557 -3.356141e-01
  558 -3.147288e-01
  559 -2.837583e-01
  560 -2.581614e-01
  561 -2.556917e-01
  562 -2.848297e-01
  563 -3.037038e-01
  564 -3.232263e-01
  565 -3.285599e-01
  566 -3.224453e-01
  567 -2.955323e-01
  568 -2.330628e-01
  569 -1.569521e-01
  570 -1.071396e-01
  571 -9.278010e-02
  572 -1.101994e-01
  573 -1.586794e-01
  574 -2.360238e-01
  575 -3.020977e-01
  576 -3.522732e-01
  577 -3.953991e-01
  578 -4.366094e-01
  579 -4.704077e-01
  580 -5.035823e-01
  581 -5.144922e-01
  582 -5.141400e-01
  583 -5.103231e-01
  584 -5.153579e-01
  585 -5.386141e-01
  586 -5.714536e-01
  587 -5.949760e-01
  588 -6.131139e-01
  589 -6.011300e-01
  590 -5.729593e-01
  591 -5.571842e-01
  592 -5.311018e-01
  593 -5.229085e-01
  594 -5.043776e-01
  595 -4.748938e-01
  596 -4.502520e-01
  597 -4.433079e-01
  598 -4.437709e-01
  599 -4.439339e-01
  600 -4.267925e-01
