    1     0
    2     0
    3     0
    4     0
    5     0
    6     0
    7     0
    8     0
    9     0
   10 7.185618e-01
   11 1.089818e+00
   12 1.242644e+00
   13 1.170915e+00
   14 1.095105e+00
   15 1.080757e+00
   16 1.086598e+00
   17 1.123129e+00
   18 1.174846e+00
   19 1.254528e+00
   20 1.284627e+00
   21 1.261056e+00
   22 1.200172e+00
   23 1.126958e+00
   24 1.058007e+00
   25 9.983171e-01
   26 9.366864e-01
   27 8.900250e-01
   28 8.757938e-01
   29 8.754548e-01
   30 8.807382e-01
   31 8.585418e-01
   32 8.008600e-01
   33 7.097713e-01
   34 5.933403e-01
   35 4.805381e-01
   36 3.798281e-01
   37 2.845208e-01
   38 2.119891e-01
   39 1.555292e-01
   40 9.259408e-02
   41 2.274594e-02
   42 -6.166988e-02
   43 -1.388468e-01
   44 -2.083049e-01
   45 -2.669490e-01
   46 -3.247910e-01
   47 -3.460277e-01
   48 -3.535774e-01
   49 -3.364599e-01
   50 -3.178267e-01
   51 -2.953903e-01
   52 -2.717794e-01
   53 -2.157461e-01
   54 -1.339619e-01
   55 -5.113033e-02
   56 7.984605e-03
   57 4.807032e-02
   58 5.941799e-02
   59 3.762481e-02
   60 -1.142721e-02
   61 -8.421146e-02
   62 -1.443337e-01
   63 -2.022237e-01
   64 -2.546337e-01
   65 -2.759128e-01
   66 -2.888959e-01
   67 -2.640226e-01
   68 -1.951558e-01
   69 -1.069449e-01
   70 -2.930861e-02
   71 6.290212e-02
   72 1.447049e-01
   73 2.146698e-01
   74 2.692573e-01
   75 3.029695e-01
   76 3.389964e-01
   77 3.517537e-01
   78 3.243493e-01
   79 2.843914e-01
   80 2.479447e-01
   81 2.004415e-01
   82 1.294032e-01
   83 4.554750e-02
   84 -4.364896e-02
   85 -1.174030e-01
   86 -1.961671e-01
   87 -2.664755e-01
   88 -3.144385e-01
   89 -3.181138e-01
   90 -3.012103e-01
   91 -2.914723e-01
   92 -2.893656e-01
   93 -2.508379e-01
   94 -1.853620e-01
   95 -1.034659e-01
   96 -2.284918e-02
   97 3.450144e-02
   98 9.150575e-02
   99 1.559607e-01
  100 2.422829e-01
  101 3.072159e-01
  102 3.607855e-01
  103 3.863029e-01
  104 4.065727e-01
  105 4.129890e-01
  106 4.314284e-01
  107 4.722993e-01
  108 5.111128e-01
  109 5.209328e-01
  110 5.362721e-01
  111 5.614936e-01
  112 5.901238e-01
  113 6.129302e-01
  114 6.572603e-01
  115 7.151053e-01
  116 7.899269e-01
  117 8.448522e-01
  118 8.875800e-01
  119 8.985478e-01
  120 8.526882e-01
  121 7.738366e-01
  122 6.860724e-01
  123 5.827975e-01
  124 4.875653e-01
  125 4.360305e-01
  126 4.444086e-01
  127 4.859235e-01
  128 5.202248e-01
  129 5.620523e-01
  130 6.243269e-01
  131 6.912887e-01
  132 7.360636e-01
  133 7.662184e-01
  134 7.838038e-01
  135 7.865709e-01
  136 7.552619e-01
  137 7.142045e-01
  138 6.454422e-01
  139 5.723911e-01
  140 5.005363e-01
  141 4.393500e-01
  142 4.118320e-01
  143 4.081001e-01
  144 4.234609e-01
  145 4.448029e-01
  146 4.770415e-01
  147 5.274659e-01
  148 5.617714e-01
  149 5.699064e-01
  150 5.728973e-01
  151 5.624957e-01
  152 5.320540e-01
  153 4.983780e-01
  154 4.464118e-01
  155 3.928948e-01
  156 3.645310e-01
  157 3.785970e-01
  158 4.096004e-01
  159 4.503285e-01
  160 4.697884e-01
  161 4.719791e-01
  162 4.436761e-01
  163 4.010694e-01
  164 3.523723e-01
  165 2.924501e-01
  166 2.204350e-01
  167 1.821301e-01
  168 1.929117e-01
  169 2.163846e-01
  170 2.540222e-01
  171 3.057015e-01
  172 3.694078e-01
  173 4.566057e-01
  174 5.438675e-01
  175 6.058278e-01
  176 6.568672e-01
  177 6.837344e-01
  178 6.895432e-01
  179 6.969208e-01
  180 7.207234e-01
  181 7.235711e-01
  182 7.201891e-01
  183 7.311481e-01
  184 7.150138e-01
  185 6.770483e-01
  186 6.251211e-01
  187 5.821748e-01
  188 5.593965e-01
  189 5.315552e-01
  190 5.050717e-01
  191 4.683037e-01
  192 4.583004e-01
  193 4.417369e-01
  194 4.107548e-01
  195 3.628715e-01
  196 3.110394e-01
  197 2.708485e-01
  198 2.374289e-01
  199 1.970728e-01
  200 1.453952e-01
  201 1.063649e-01
  202 7.095203e-02
  203 4.756359e-02
  204 4.760883e-02
  205 7.219728e-02
  206 1.133793e-01
  207 1.580010e-01
  208 2.176847e-01
  209 2.788316e-01
  210 3.554435e-01
  211 4.174898e-01
  212 4.333346e-01
  213 4.047999e-01
  214 3.292031e-01
  215 2.217214e-01
  216 1.147706e-01
  217 2.931557e-03
  218 -8.516641e-02
  219 -1.706363e-01
  220 -2.202046e-01
  221 -2.458688e-01
  222 -2.703655e-01
  223 -2.974066e-01
  224 -3.275594e-01
  225 -3.719458e-01
  226 -3.922221e-01
  227 -3.841798e-01
  228 -3.787720e-01
  229 -3.481059e-01
  230 -3.168801e-01
  231 -2.749729e-01
  232 -2.405304e-01
  233 -2.219051e-01
  234 -2.168426e-01
  235 -1.962530e-01
  236 -1.728727e-01
  237 -1.393076e-01
  238 -1.005014e-01
  239 -4.201653e-02
  240 1.177911e-02
  241 8.111190e-02
  242 1.346197e-01
  243 1.777087e-01
  244 1.875096e-01
  245 1.669743e-01
  246 1.037654e-01
  247 1.069303e-02
  248 -6.652269e-02
  249 -1.087990e-01
  250 -1.433914e-01
  251 -1.684988e-01
  252 -1.775039e-01
  253 -1.769477e-01
  254 -1.481620e-01
  255 -8.634700e-02
  256 1.246395e-02
  257 1.412678e-01
  258 2.723526e-01
  259 4.100714e-01
  260 5.434490e-01
  261 6.801332e-01
  262 8.058894e-01
  263 9.237959e-01
  264 1.038159e+00
  265 1.136831e+00
  266 1.201235e+00
  267 1.256025e+00
  268 1.293533e+00
  269 1.315579e+00
  270 1.296846e+00
  271 1.242221e+00
  272 1.182957e+00
  273 1.116463e+00
  274 1.022518e+00
  275 9.306645e-01
  276 8.433455e-01
  277 7.558457e-01
  278 6.810702e-01
  279 6.448145e-01
  280 6.556485e-01
  281 7.130657e-01
  282 8.171879e-01
  283 9.471030e-01
  284 1.055796e+00
  285 1.148173e+00
  286 1.202426e+00
  287 1.244106e+00
  288 1.262732e+00
  289 1.266306e+00
  290 1.258607e+00
  291 1.225925e+00
  292 1.175587e+00
  293 1.117854e+00
  294 1.062931e+00
  295 1.007027e+00
  296 9.499011e-01
  297 9.035794e-01
  298 8.650939e-01
  299 8.418365e-01
  300 8.190635e-01
  301 8.130979e-01
  302 8.137793e-01
  303 8.205226e-01
  304 8.093878e-01
  305 7.967687e-01
  306 7.636476e-01
  307 7.130979e-01
  308 6.733863e-01
  309 6.271091e-01
  310 5.743654e-01
  311 5.245683e-01
  312 4.624806e-01
  313 3.926266e-01
  314 3.263340e-01
  315 2.714996e-01
  316 2.045068e-01
  317 1.340816e-01
  318 8.050933e-02
  319 5.838894e-02
  320 3.895028e-02
  321 3.173336e-02
  322 4.913542e-02
  323 9.154775e-02
  324 1.479304e-01
  325 2.249311e-01
  326 3.055908e-01
  327 3.990181e-01
  328 5.110677e-01
  329 6.388671e-01
  330 7.703989e-01
  331 8.956567e-01
  332 1.025392e+00
  333 1.155567e+00
  334 1.257595e+00
  335 1.339828e+00
  336 1.415615e+00
  337 1.466483e+00
  338 1.464830e+00
  339 1.431013e+00
  340 1.381510e+00
  341 1.329433e+00
  342 1.250298e+00
  343 1.156347e+00
  344 1.048824e+00
  345 9.310255e-01
  346 8.396072e-01
  347 7.868527e-01
  348 7.472923e-01
  349 6.942207e-01
  350 6.171986e-01
  351 5.422842e-01
  352 4.848601e-01
  353 4.217865e-01
  354 3.560507e-01
  355 3.175957e-01
  356 3.324025e-01
  357 3.678937e-01
  358 3.846972e-01
  359 3.857535e-01
  360 3.583567e-01
  361 3.101670e-01
  362 2.400704e-01
  363 1.677616e-01
  364 9.228292e-02
  365 2.202367e-02
  366 -1.254510e-02
  367 8.648064e-04
  368 5.613409e-02
  369 1.322372e-01
  370 2.152774e-01
  371 2.844118e-01
  372 3.524002e-01
  373 3.883959e-01
  374 3.787680e-01
  375 3.265757e-01
  376 2.478598e-01
  377 1.573032e-01
  378 8.968094e-02
  379 2.915912e-02
  380 -9.560845e-03
  381 -3.352975e-02
  382 -6.453547e-02
  383 -7.946870e-02
  384 -9.415304e-02
  385 -8.519229e-02
  386 -2.859767e-02
  387 7.043952e-02
  388 2.048069e-01
  389 3.566242e-01
  390 4.792971e-01
  391 5.493321e-01
  392 5.621136e-01
  393 5.246516e-01
  394 4.692691e-01
  395 4.286151e-01
  396 4.125889e-01
  397 4.349924e-01
  398 4.679912e-01
  399 5.206854e-01
  400 5.870735e-01
  401 6.335200e-01
  402 6.461102e-01
  403 6.490459e-01
  404 6.648816e-01
  405 6.962056e-01
  406 7.126672e-01
  407 7.392942e-01
  408 7.516236e-01
  409 7.771900e-01
  410 7.986892e-01
  411 7.938038e-01
  412 7.616775e-01
  413 7.167751e-01
  414 6.446129e-01
  415 5.393431e-01
  416 4.271157e-01
  417 3.307868e-01
  418 2.384473e-01
  419 1.648434e-01
  420 1.236582e-01
  421 1.017028e-01
  422 7.085183e-02
  423 4.312188e-02
  424 2.396090e-02
  425 3.619736e-02
  426 4.106230e-02
  427 2.353131e-02
  428 1.605264e-02
  429 1.313947e-03
  430 -2.820228e-03
  431 -3.460381e-03
  432 -9.159834e-03
  433 -1.064009e-02
  434 -2.958494e-02
  435 -7.019468e-02
  436 -1.346564e-01
  437 -1.921724e-01
  438 -2.389446e-01
  439 -2.336484e-01
  440 -2.150825e-01
  441 -1.802751e-01
  442 -1.191240e-01
  443 -5.216058e-02
  444 1.782388e-02
  445 9.019809e-02
  446 1.763682e-01
  447 2.544420e-01
  448 3.057751e-01
  449 3.186176e-01
  450 3.299953e-01
  451 3.583978e-01
  452 3.807218e-01
  453 4.026974e-01
  454 4.387630e-01
  455 4.914661e-01
  456 5.547192e-01
  457 6.050421e-01
  458 6.482845e-01
  459 6.835359e-01
  460 6.960192e-01
  461 7.086047e-01
  462 7.387034e-01
  463 7.472113e-01
  464 7.514376e-01
  465 7.438046e-01
  466 7.192720e-01
  467 6.829710e-01
  468 6.582806e-01
  469 6.381313e-01
  470 6.092846e-01
  471 5.886853e-01
  472 5.543968e-01
  473 5.063954e-01
  474 4.705228e-01
  475 4.569087e-01
  476 4.797680e-01
  477 5.304183e-01
  478 6.081265e-01
  479 7.066869e-01
  480 7.888130e-01
  481 8.502717e-01
  482 8.778602e-01
  483 9.053374e-01
  484 9.396090e-01
  485 9.923012e-01
  486 1.062530e+00
  487 1.148861e+00
  488 1.214780e+00
  489 1.242661e+00
  490 1.229770e+00
  491 1.195999e+00
  492 1.129054e+00
  493 1.033936e+00
  494 9.141737e-01
  495 7.988007e-01
  496 7.129390e-01
  497 6.495838e-01
  498 5.877747e-01
  499 5.162552e-01
  500 4.226474e-01
  501 3.388083e-01
  502 2.474847e-01
  503 1.364442e-01
  504 1.261452e-02
  505 -1.212393e-01
  506 -2.161481e-01
  507 -2.648748e-01
  508 -2.608724e-01
  509 -2.130359e-01
  510 -1.195285e-01
  511 -3.621791e-02
  512 2.566142e-02
  513 8.378484e-02
  514 1.491026e-01
  515 2.047246e-01
  516 2.416441e-01
  517 2.907599e-01
  518 3.728020e-01
  519 4.578325e-01
  520 5.342898e-01
  521 5.757207e-01
  522 5.703386e-01
  523 5.514805e-01
  524 5.170827e-01
  525 4.861877e-01
  526 4.705155e-01
  527 4.363133e-01
  528 4.223634e-01
  529 4.019473e-01
  530 3.969994e-01
  531 3.932380e-01
  532 3.795317e-01
  533 3.876296e-01
  534 4.285909e-01
  535 4.986638e-01
  536 5.887073e-01
  537 6.886537e-01
  538 7.948355e-01
  539 8.954265e-01
  540 9.708021e-01
  541 1.040441e+00
  542 1.090575e+00
  543 1.115918e+00
  544 1.119138e+00
  545 1.125182e+00
  546 1.106268e+00
  547 1.087869e+00
  548 1.090907e+00
  549 1.109930e+00
  550 1.148430e+00
  551 1.184214e+00
  552 1.202538e+00
  553 1.202235e+00
  554 1.185883e+00
  555 1.172902e+00
  556 1.140226e+00
  557 1.091437e+00
  558 1.036645e+00
  559 9.834601e-01
  560 9.381092e-01
  561 9.090535e-01
  562 8.745698e-01
  563 8.343604e-01
  564 7.843840e-01
  565 7.627646e-01
  566 7.498866e-01
  567 7.307994e-01
  568 7.164151e-01
  569 7.207740e-01
  570 7.334663e-01
  571 7.346630e-01
  572 7.169531e-01
  573 7.120119e-01
  574 7.054734e-01
  575 7.095929e-01
  576 7.210276e-01
  577 7.634429e-01
  578 7.966119e-01
  579 8.276180e-01
  580 8.423540e-01
  581 8.421710e-01
  582 8.436170e-01
  583 8.353507e-01
  584 8.124342e-01
  585 7.825857e-01
  586 7.732383e-01
  587 7.847041e-01
  588 8.145115e-01
  589 8.482814e-01
  590 8.687289e-01
  591 8.916572e-01
  592 9.257982e-01
  593 9.556684e-01
  594 9.896433e-01
  595 1.026000e+00
  596 1.062047e+00
  597 1.109717e+00
  598 1.148954e+00
  599 1.166704e+00
  600 1.152659e+00
