    1     0
    2     0
    3     0
    4     0
    5     0
    6     0
    7     0
    8     0
    9     0
   10 6.995518e-01
   11 1.065347e+00
   12 1.215614e+00
   13 1.122507e+00
   14 9.977266e-01
   15 9.316456e-01
   16 8.970179e-01
   17 8.934853e-01
   18 9.014874e-01
   19 9.257315e-01
   20 9.306375e-01
   21 8.875579e-01
   22 7.977616e-01
   23 6.867034e-01
   24 5.789968e-01
   25 4.909038e-01
   26 4.303290e-01
   27 4.023953e-01
   28 4.015934e-01
   29 4.178499e-01
   30 4.407603e-01
   31 4.598184e-01
   32 4.724314e-01
   33 4.761842e-01
   34 4.737719e-01
   35 4.697263e-01
   36 4.686055e-01
   37 4.731567e-01
   38 4.797025e-01
   39 4.881391e-01
   40 4.963333e-01
   41 5.025125e-01
   42 5.078606e-01
   43 5.113570e-01
   44 5.147096e-01
   45 5.171137e-01
   46 5.161979e-01
   47 5.144857e-01
   48 5.132051e-01
   49 5.103455e-01
   50 5.069593e-01
   51 5.034830e-01
   52 4.980652e-01
   53 4.904682e-01
   54 4.802081e-01
   55 4.698273e-01
   56 4.591549e-01
   57 4.496405e-01
   58 4.431316e-01
   59 4.386130e-01
   60 4.385598e-01
   61 4.428358e-01
   62 4.516810e-01
   63 4.644763e-01
   64 4.797681e-01
   65 4.935958e-01
   66 5.016182e-01
   67 5.055215e-01
   68 5.054113e-01
   69 5.045307e-01
   70 5.007807e-01
   71 4.958266e-01
   72 4.911241e-01
   73 4.841684e-01
   74 4.743306e-01
   75 4.625753e-01
   76 4.495660e-01
   77 4.357756e-01
   78 4.250413e-01
   79 4.155381e-01
   80 4.084796e-01
   81 4.014164e-01
   82 3.967417e-01
   83 3.957336e-01
   84 3.976427e-01
   85 4.039696e-01
   86 4.114420e-01
   87 4.213807e-01
   88 4.333961e-01
   89 4.433629e-01
   90 4.509471e-01
   91 4.564447e-01
   92 4.617461e-01
   93 4.659334e-01
   94 4.669269e-01
   95 4.637486e-01
   96 4.562602e-01
   97 4.465077e-01
   98 4.375710e-01
   99 4.282616e-01
  100 4.191037e-01
  101 4.122138e-01
  102 4.062737e-01
  103 4.029968e-01
  104 4.037534e-01
  105 4.080595e-01
  106 4.121444e-01
  107 4.164851e-01
  108 4.199497e-01
  109 4.253733e-01
  110 4.298324e-01
  111 4.323087e-01
  112 4.364577e-01
  113 4.415992e-01
  114 4.479463e-01
  115 4.563784e-01
  116 4.645477e-01
  117 4.723298e-01
  118 4.804696e-01
  119 4.886095e-01
  120 4.941319e-01
  121 4.992416e-01
  122 5.049901e-01
  123 5.094744e-01
  124 5.114232e-01
  125 5.122479e-01
  126 5.125112e-01
  127 5.139181e-01
  128 5.175504e-01
  129 5.237712e-01
  130 5.306586e-01
  131 5.355063e-01
  132 5.381963e-01
  133 5.410832e-01
  134 5.408289e-01
  135 5.360529e-01
  136 5.298230e-01
  137 5.225109e-01
  138 5.142752e-01
  139 5.067126e-01
  140 5.003528e-01
  141 4.955705e-01
  142 4.917212e-01
  143 4.898080e-01
  144 4.912381e-01
  145 4.943582e-01
  146 4.995202e-01
  147 5.062082e-01
  148 5.136688e-01
  149 5.226232e-01
  150 5.290879e-01
  151 5.313583e-01
  152 5.288534e-01
  153 5.220508e-01
  154 5.138196e-01
  155 5.061316e-01
  156 4.982499e-01
  157 4.907538e-01
  158 4.849475e-01
  159 4.805480e-01
  160 4.754952e-01
  161 4.694548e-01
  162 4.639026e-01
  163 4.620812e-01
  164 4.618074e-01
  165 4.606695e-01
  166 4.578560e-01
  167 4.539274e-01
  168 4.522643e-01
  169 4.536944e-01
  170 4.572967e-01
  171 4.608395e-01
  172 4.649845e-01
  173 4.685710e-01
  174 4.695104e-01
  175 4.682200e-01
  176 4.641825e-01
  177 4.597541e-01
  178 4.563389e-01
  179 4.543752e-01
  180 4.529270e-01
  181 4.518061e-01
  182 4.507116e-01
  183 4.487351e-01
  184 4.455635e-01
  185 4.451611e-01
  186 4.446618e-01
  187 4.459687e-01
  188 4.470131e-01
  189 4.485340e-01
  190 4.490422e-01
  191 4.476469e-01
  192 4.442421e-01
  193 4.426036e-01
  194 4.413229e-01
  195 4.421016e-01
  196 4.440864e-01
  197 4.446910e-01
  198 4.435376e-01
  199 4.402272e-01
  200 4.389976e-01
  201 4.414000e-01
  202 4.466722e-01
  203 4.525819e-01
  204 4.608222e-01
  205 4.718634e-01
  206 4.833382e-01
  207 4.948183e-01
  208 5.025130e-01
  209 5.064394e-01
  210 5.058196e-01
  211 5.003571e-01
  212 4.918872e-01
  213 4.806558e-01
  214 4.701781e-01
  215 4.599592e-01
  216 4.536108e-01
  217 4.489744e-01
  218 4.468755e-01
  219 4.488500e-01
  220 4.540579e-01
  221 4.591035e-01
  222 4.637853e-01
  223 4.683373e-01
  224 4.757345e-01
  225 4.834116e-01
  226 4.891497e-01
  227 4.944952e-01
  228 4.962542e-01
  229 4.958381e-01
  230 4.951578e-01
  231 4.915536e-01
  232 4.851422e-01
  233 4.775478e-01
  234 4.716566e-01
  235 4.688617e-01
  236 4.670606e-01
  237 4.659003e-01
  238 4.669308e-01
  239 4.710247e-01
  240 4.779683e-01
  241 4.842872e-01
  242 4.902616e-01
  243 4.953640e-01
  244 4.999954e-01
  245 5.042583e-01
  246 5.076430e-01
  247 5.083748e-01
  248 5.078449e-01
  249 5.094566e-01
  250 5.125727e-01
  251 5.166820e-01
  252 5.201964e-01
  253 5.219304e-01
  254 5.212971e-01
  255 5.174937e-01
  256 5.116571e-01
  257 5.027592e-01
  258 4.911163e-01
  259 4.790678e-01
  260 4.669629e-01
  261 4.563387e-01
  262 4.495537e-01
  263 4.440595e-01
  264 4.379545e-01
  265 4.320360e-01
  266 4.260537e-01
  267 4.199665e-01
  268 4.139430e-01
  269 4.076736e-01
  270 4.031723e-01
  271 3.999299e-01
  272 4.006040e-01
  273 4.055610e-01
  274 4.121834e-01
  275 4.209836e-01
  276 4.315642e-01
  277 4.443936e-01
  278 4.589936e-01
  279 4.733165e-01
  280 4.848422e-01
  281 4.935438e-01
  282 4.986923e-01
  283 5.035314e-01
  284 5.075562e-01
  285 5.085290e-01
  286 5.060314e-01
  287 5.004492e-01
  288 4.908188e-01
  289 4.813325e-01
  290 4.725325e-01
  291 4.644098e-01
  292 4.580680e-01
  293 4.513431e-01
  294 4.471338e-01
  295 4.445590e-01
  296 4.437804e-01
  297 4.430862e-01
  298 4.449728e-01
  299 4.484307e-01
  300 4.533337e-01
  301 4.604040e-01
  302 4.681319e-01
  303 4.753158e-01
  304 4.811204e-01
  305 4.857700e-01
  306 4.910793e-01
  307 4.961165e-01
  308 4.977471e-01
  309 4.954234e-01
  310 4.911586e-01
  311 4.871542e-01
  312 4.817044e-01
  313 4.758014e-01
  314 4.707689e-01
  315 4.665663e-01
  316 4.660164e-01
  317 4.699245e-01
  318 4.751751e-01
  319 4.803326e-01
  320 4.834843e-01
  321 4.832114e-01
  322 4.810064e-01
  323 4.758207e-01
  324 4.681943e-01
  325 4.602540e-01
  326 4.523149e-01
  327 4.434882e-01
  328 4.340929e-01
  329 4.259421e-01
  330 4.206285e-01
  331 4.189915e-01
  332 4.192163e-01
  333 4.217820e-01
  334 4.256966e-01
  335 4.310514e-01
  336 4.385179e-01
  337 4.477600e-01
  338 4.554813e-01
  339 4.607876e-01
  340 4.663823e-01
  341 4.736674e-01
  342 4.790112e-01
  343 4.840880e-01
  344 4.874744e-01
  345 4.886220e-01
  346 4.900117e-01
  347 4.914225e-01
  348 4.932257e-01
  349 4.950130e-01
  350 4.937811e-01
  351 4.901304e-01
  352 4.831173e-01
  353 4.769449e-01
  354 4.708998e-01
  355 4.670667e-01
  356 4.623370e-01
  357 4.575892e-01
  358 4.519107e-01
  359 4.451422e-01
  360 4.388993e-01
  361 4.339712e-01
  362 4.325055e-01
  363 4.325290e-01
  364 4.328574e-01
  365 4.330540e-01
  366 4.365434e-01
  367 4.426167e-01
  368 4.517243e-01
  369 4.630780e-01
  370 4.731664e-01
  371 4.803449e-01
  372 4.857585e-01
  373 4.896894e-01
  374 4.940310e-01
  375 4.975003e-01
  376 5.015910e-01
  377 5.057270e-01
  378 5.091918e-01
  379 5.105487e-01
  380 5.090392e-01
  381 5.059671e-01
  382 5.032100e-01
  383 5.004450e-01
  384 4.968301e-01
  385 4.948439e-01
  386 4.950041e-01
  387 4.946061e-01
  388 4.923708e-01
  389 4.871390e-01
  390 4.829638e-01
  391 4.784703e-01
  392 4.725742e-01
  393 4.682736e-01
  394 4.669820e-01
  395 4.657213e-01
  396 4.657405e-01
  397 4.665629e-01
  398 4.664077e-01
  399 4.650742e-01
  400 4.618516e-01
  401 4.578590e-01
  402 4.553868e-01
  403 4.563114e-01
  404 4.575134e-01
  405 4.601758e-01
  406 4.641258e-01
  407 4.701926e-01
  408 4.760841e-01
  409 4.822816e-01
  410 4.876999e-01
  411 4.920615e-01
  412 4.955155e-01
  413 4.986043e-01
  414 5.005635e-01
  415 5.014983e-01
  416 4.995927e-01
  417 4.981298e-01
  418 4.985484e-01
  419 4.975066e-01
  420 4.955646e-01
  421 4.948018e-01
  422 4.944086e-01
  423 4.923434e-01
  424 4.905567e-01
  425 4.889132e-01
  426 4.849905e-01
  427 4.779203e-01
  428 4.686195e-01
  429 4.594047e-01
  430 4.510376e-01
  431 4.447287e-01
  432 4.413070e-01
  433 4.395162e-01
  434 4.413137e-01
  435 4.436473e-01
  436 4.475073e-01
  437 4.522224e-01
  438 4.561152e-01
  439 4.581732e-01
  440 4.582859e-01
  441 4.559697e-01
  442 4.513525e-01
  443 4.453740e-01
  444 4.373928e-01
  445 4.307341e-01
  446 4.236484e-01
  447 4.152898e-01
  448 4.060880e-01
  449 3.985551e-01
  450 3.941347e-01
  451 3.917841e-01
  452 3.922168e-01
  453 3.934501e-01
  454 3.953527e-01
  455 3.963485e-01
  456 3.967776e-01
  457 3.973288e-01
  458 3.997546e-01
  459 4.026232e-01
  460 4.069559e-01
  461 4.123166e-01
  462 4.197644e-01
  463 4.293730e-01
  464 4.388542e-01
  465 4.451363e-01
  466 4.490121e-01
  467 4.498282e-01
  468 4.492764e-01
  469 4.469639e-01
  470 4.427570e-01
  471 4.358782e-01
  472 4.286058e-01
  473 4.242351e-01
  474 4.222795e-01
  475 4.204440e-01
  476 4.181614e-01
  477 4.145701e-01
  478 4.102805e-01
  479 4.064116e-01
  480 4.020535e-01
  481 3.983357e-01
  482 3.959728e-01
  483 3.971885e-01
  484 4.012859e-01
  485 4.053460e-01
  486 4.109826e-01
  487 4.146953e-01
  488 4.180408e-01
  489 4.219696e-01
  490 4.282567e-01
  491 4.361892e-01
  492 4.452292e-01
  493 4.548369e-01
  494 4.616103e-01
  495 4.644655e-01
  496 4.624984e-01
  497 4.590066e-01
  498 4.549361e-01
  499 4.483951e-01
  500 4.404620e-01
  501 4.303309e-01
  502 4.176340e-01
  503 4.042356e-01
  504 3.937209e-01
  505 3.845549e-01
  506 3.757802e-01
  507 3.694764e-01
  508 3.679274e-01
  509 3.718699e-01
  510 3.775866e-01
  511 3.862820e-01
  512 3.982010e-01
  513 4.118203e-01
  514 4.224982e-01
  515 4.287034e-01
  516 4.313691e-01
  517 4.335769e-01
  518 4.330978e-01
  519 4.296155e-01
  520 4.239802e-01
  521 4.182505e-01
  522 4.160636e-01
  523 4.166036e-01
  524 4.181854e-01
  525 4.212793e-01
  526 4.238387e-01
  527 4.281933e-01
  528 4.333113e-01
  529 4.401461e-01
  530 4.482883e-01
  531 4.591197e-01
  532 4.697905e-01
  533 4.791215e-01
  534 4.869445e-01
  535 4.898165e-01
  536 4.865932e-01
  537 4.788968e-01
  538 4.687564e-01
  539 4.596544e-01
  540 4.526446e-01
  541 4.459040e-01
  542 4.401307e-01
  543 4.380941e-01
  544 4.386721e-01
  545 4.420173e-01
  546 4.477446e-01
  547 4.556954e-01
  548 4.651952e-01
  549 4.741240e-01
  550 4.816568e-01
  551 4.894023e-01
  552 4.988847e-01
  553 5.099018e-01
  554 5.181984e-01
  555 5.211981e-01
  556 5.183797e-01
  557 5.144363e-01
  558 5.113087e-01
  559 5.073875e-01
  560 5.051082e-01
  561 5.039503e-01
  562 5.033951e-01
  563 5.034591e-01
  564 5.048617e-01
  565 5.085906e-01
  566 5.138067e-01
  567 5.203110e-01
  568 5.265022e-01
  569 5.295453e-01
  570 5.282434e-01
  571 5.225488e-01
  572 5.153356e-01
  573 5.079368e-01
  574 4.998108e-01
  575 4.902763e-01
  576 4.790987e-01
  577 4.690104e-01
  578 4.584632e-01
  579 4.494505e-01
  580 4.445161e-01
  581 4.436717e-01
  582 4.454586e-01
  583 4.481872e-01
  584 4.518736e-01
  585 4.542462e-01
  586 4.547896e-01
  587 4.560159e-01
  588 4.577939e-01
  589 4.568802e-01
  590 4.520692e-01
  591 4.470215e-01
  592 4.409299e-01
  593 4.342500e-01
  594 4.277072e-01
  595 4.239405e-01
  596 4.244414e-01
  597 4.293668e-01
  598 4.373226e-01
  599 4.453193e-01
  600 4.515877e-01
