    1     0
    2     0
    3     0
    4     0
    5     0
    6     0
    7     0
    8     0
    9     0
   10 -2.380686e-02
   11 -1.997351e-02
   12 -2.094725e-02
   13 1.016264e-01
   14 2.143365e-01
   15 2.971061e-01
   16 3.960017e-01
   17 4.585102e-01
   18 4.854938e-01
   19 4.386491e-01
   20 4.014402e-01
   21 3.567147e-01
   22 3.229131e-01
   23 3.178481e-01
   24 3.473273e-01
   25 4.143066e-01
   26 5.234440e-01
   27 6.262717e-01
   28 6.947534e-01
   29 7.531565e-01
   30 7.905988e-01
   31 8.437646e-01
   32 9.105795e-01
   33 9.782663e-01
   34 1.056705e+00
   35 1.116818e+00
   36 1.173626e+00
   37 1.236448e+00
   38 1.278387e+00
   39 1.320234e+00
   40 1.377287e+00
   41 1.435500e+00
   42 1.501132e+00
   43 1.549315e+00
   44 1.591278e+00
   45 1.624511e+00
   46 1.669796e+00
   47 1.667072e+00
   48 1.667743e+00
   49 1.641162e+00
   50 1.628928e+00
   51 1.612497e+00
   52 1.596152e+00
   53 1.543966e+00
   54 1.479018e+00
   55 1.419960e+00
   56 1.386066e+00
   57 1.343479e+00
   58 1.317914e+00
   59 1.306022e+00
   60 1.302132e+00
   61 1.320815e+00
   62 1.314948e+00
   63 1.329751e+00
   64 1.355347e+00
   65 1.358286e+00
   66 1.384676e+00
   67 1.372740e+00
   68 1.335467e+00
   69 1.301903e+00
   70 1.281776e+00
   71 1.220728e+00
   72 1.175467e+00
   73 1.128088e+00
   74 1.077489e+00
   75 1.038939e+00
   76 9.784761e-01
   77 9.419050e-01
   78 9.340115e-01
   79 9.176325e-01
   80 8.925914e-01
   81 8.966490e-01
   82 9.315381e-01
   83 9.712548e-01
   84 1.023974e+00
   85 1.057741e+00
   86 1.110252e+00
   87 1.151672e+00
   88 1.169499e+00
   89 1.154884e+00
   90 1.153045e+00
   91 1.176916e+00
   92 1.213738e+00
   93 1.207607e+00
   94 1.189538e+00
   95 1.161890e+00
   96 1.137211e+00
   97 1.129094e+00
   98 1.089749e+00
   99 1.030186e+00
  100 9.496205e-01
  101 9.134406e-01
  102 8.748320e-01
  103 8.628036e-01
  104 8.348143e-01
  105 8.159180e-01
  106 7.747878e-01
  107 7.189175e-01
  108 6.854016e-01
  109 6.920982e-01
  110 6.777840e-01
  111 6.637841e-01
  112 6.655048e-01
  113 6.849610e-01
  114 6.752935e-01
  115 6.663092e-01
  116 6.353922e-01
  117 6.233316e-01
  118 5.972869e-01
  119 5.865806e-01
  120 6.108582e-01
  121 6.345680e-01
  122 6.583640e-01
  123 7.131458e-01
  124 7.717713e-01
  125 8.089704e-01
  126 8.237529e-01
  127 8.419962e-01
  128 8.781639e-01
  129 8.858566e-01
  130 8.571896e-01
  131 8.215088e-01
  132 8.099907e-01
  133 7.986437e-01
  134 7.940067e-01
  135 7.953846e-01
  136 8.230693e-01
  137 8.354770e-01
  138 8.768893e-01
  139 9.124732e-01
  140 9.554787e-01
  141 1.003143e+00
  142 1.031502e+00
  143 1.059807e+00
  144 1.081640e+00
  145 1.105983e+00
  146 1.112326e+00
  147 1.093352e+00
  148 1.090729e+00
  149 1.091341e+00
  150 1.062824e+00
  151 1.043466e+00
  152 1.036187e+00
  153 1.026708e+00
  154 1.056690e+00
  155 1.084522e+00
  156 1.093841e+00
  157 1.076514e+00
  158 1.076447e+00
  159 1.072000e+00
  160 1.090884e+00
  161 1.105728e+00
  162 1.137770e+00
  163 1.164340e+00
  164 1.197705e+00
  165 1.248537e+00
  166 1.306076e+00
  167 1.312095e+00
  168 1.281163e+00
  169 1.266444e+00
  170 1.244774e+00
  171 1.219141e+00
  172 1.185990e+00
  173 1.124158e+00
  174 1.070568e+00
  175 1.041878e+00
  176 1.000275e+00
  177 9.708322e-01
  178 9.456086e-01
  179 9.056201e-01
  180 8.493395e-01
  181 8.356652e-01
  182 8.192682e-01
  183 7.820945e-01
  184 7.884493e-01
  185 8.052734e-01
  186 8.359810e-01
  187 8.657183e-01
  188 8.962228e-01
  189 9.578794e-01
  190 1.011408e+00
  191 1.074210e+00
  192 1.083711e+00
  193 1.113499e+00
  194 1.149066e+00
  195 1.185218e+00
  196 1.212000e+00
  197 1.218221e+00
  198 1.216733e+00
  199 1.230282e+00
  200 1.251283e+00
  201 1.245197e+00
  202 1.244662e+00
  203 1.241535e+00
  204 1.226013e+00
  205 1.206183e+00
  206 1.197762e+00
  207 1.195974e+00
  208 1.177198e+00
  209 1.160006e+00
  210 1.114263e+00
  211 1.084460e+00
  212 1.087251e+00
  213 1.101485e+00
  214 1.143052e+00
  215 1.197172e+00
  216 1.237364e+00
  217 1.298121e+00
  218 1.343285e+00
  219 1.410110e+00
  220 1.433073e+00
  221 1.451766e+00
  222 1.476460e+00
  223 1.500363e+00
  224 1.525417e+00
  225 1.563263e+00
  226 1.557078e+00
  227 1.537282e+00
  228 1.539339e+00
  229 1.510428e+00
  230 1.501658e+00
  231 1.480094e+00
  232 1.471219e+00
  233 1.463262e+00
  234 1.452974e+00
  235 1.405221e+00
  236 1.360517e+00
  237 1.303699e+00
  238 1.254620e+00
  239 1.188760e+00
  240 1.147118e+00
  241 1.087438e+00
  242 1.053524e+00
  243 1.012253e+00
  244 9.978347e-01
  245 9.907409e-01
  246 1.013454e+00
  247 1.050806e+00
  248 1.056016e+00
  249 1.043112e+00
  250 1.064586e+00
  251 1.089457e+00
  252 1.105951e+00
  253 1.128613e+00
  254 1.118975e+00
  255 1.088310e+00
  256 1.031443e+00
  257 9.586373e-01
  258 8.935583e-01
  259 8.089088e-01
  260 7.178658e-01
  261 6.151886e-01
  262 5.281602e-01
  263 4.370675e-01
  264 3.557011e-01
  265 2.899029e-01
  266 2.593590e-01
  267 2.251010e-01
  268 2.131372e-01
  269 2.152849e-01
  270 2.550173e-01
  271 3.083931e-01
  272 3.431800e-01
  273 3.814197e-01
  274 4.563180e-01
  275 5.187938e-01
  276 5.917364e-01
  277 6.815477e-01
  278 7.547669e-01
  279 7.963403e-01
  280 8.112338e-01
  281 8.003348e-01
  282 7.626703e-01
  283 7.138122e-01
  284 6.908112e-01
  285 6.496369e-01
  286 6.200937e-01
  287 5.745520e-01
  288 5.551160e-01
  289 5.496688e-01
  290 5.677896e-01
  291 6.190767e-01
  292 6.810012e-01
  293 7.387088e-01
  294 7.765887e-01
  295 8.148633e-01
  296 8.426394e-01
  297 8.465568e-01
  298 8.546758e-01
  299 8.567426e-01
  300 8.835856e-01
  301 9.020908e-01
  302 9.328574e-01
  303 9.584869e-01
  304 1.005607e+00
  305 1.032438e+00
  306 1.072148e+00
  307 1.109082e+00
  308 1.115021e+00
  309 1.137761e+00
  310 1.166046e+00
  311 1.197059e+00
  312 1.251919e+00
  313 1.308307e+00
  314 1.361455e+00
  315 1.403142e+00
  316 1.462201e+00
  317 1.514808e+00
  318 1.537551e+00
  319 1.531513e+00
  320 1.548978e+00
  321 1.550332e+00
  322 1.532922e+00
  323 1.506394e+00
  324 1.476567e+00
  325 1.427691e+00
  326 1.382103e+00
  327 1.316680e+00
  328 1.223308e+00
  329 1.115175e+00
  330 1.010860e+00
  331 9.094734e-01
  332 8.033883e-01
  333 6.974507e-01
  334 6.225123e-01
  335 5.533803e-01
  336 4.809643e-01
  337 4.367529e-01
  338 4.461270e-01
  339 4.583260e-01
  340 4.783334e-01
  341 5.057077e-01
  342 5.766747e-01
  343 6.613153e-01
  344 7.665503e-01
  345 8.778407e-01
  346 9.492370e-01
  347 9.841030e-01
  348 1.024487e+00
  349 1.081374e+00
  350 1.146988e+00
  351 1.196282e+00
  352 1.223967e+00
  353 1.280965e+00
  354 1.345742e+00
  355 1.375987e+00
  356 1.363929e+00
  357 1.353834e+00
  358 1.363315e+00
  359 1.366693e+00
  360 1.386376e+00
  361 1.402386e+00
  362 1.431496e+00
  363 1.451476e+00
  364 1.486154e+00
  365 1.526747e+00
  366 1.538800e+00
  367 1.523512e+00
  368 1.484287e+00
  369 1.430639e+00
  370 1.364941e+00
  371 1.305998e+00
  372 1.236491e+00
  373 1.206665e+00
  374 1.215961e+00
  375 1.254949e+00
  376 1.305391e+00
  377 1.354472e+00
  378 1.369017e+00
  379 1.391918e+00
  380 1.394909e+00
  381 1.392950e+00
  382 1.412683e+00
  383 1.417319e+00
  384 1.443018e+00
  385 1.446324e+00
  386 1.411463e+00
  387 1.351843e+00
  388 1.259276e+00
  389 1.146261e+00
  390 1.063312e+00
  391 1.005179e+00
  392 9.753198e-01
  393 9.763265e-01
  394 9.813449e-01
  395 9.795089e-01
  396 9.807745e-01
  397 9.612766e-01
  398 9.535163e-01
  399 9.116366e-01
  400 8.546027e-01
  401 8.244639e-01
  402 8.215454e-01
  403 8.184452e-01
  404 8.064838e-01
  405 7.946509e-01
  406 8.138957e-01
  407 8.027195e-01
  408 8.139803e-01
  409 7.920075e-01
  410 7.845906e-01
  411 8.031176e-01
  412 8.310880e-01
  413 8.515778e-01
  414 8.944972e-01
  415 9.607977e-01
  416 1.014435e+00
  417 1.060042e+00
  418 1.121022e+00
  419 1.161716e+00
  420 1.187451e+00
  421 1.209071e+00
  422 1.249108e+00
  423 1.272405e+00
  424 1.280498e+00
  425 1.256234e+00
  426 1.262985e+00
  427 1.295327e+00
  428 1.297042e+00
  429 1.309926e+00
  430 1.297915e+00
  431 1.287418e+00
  432 1.285486e+00
  433 1.274534e+00
  434 1.292406e+00
  435 1.330703e+00
  436 1.391295e+00
  437 1.429803e+00
  438 1.472678e+00
  439 1.466295e+00
  440 1.476121e+00
  441 1.468256e+00
  442 1.426202e+00
  443 1.379911e+00
  444 1.324323e+00
  445 1.262375e+00
  446 1.189884e+00
  447 1.140281e+00
  448 1.114303e+00
  449 1.107793e+00
  450 1.068823e+00
  451 1.009817e+00
  452 9.679586e-01
  453 9.202595e-01
  454 8.532109e-01
  455 7.779104e-01
  456 6.984628e-01
  457 6.524094e-01
  458 6.212065e-01
  459 6.133174e-01
  460 6.368778e-01
  461 6.473426e-01
  462 6.371554e-01
  463 6.584732e-01
  464 6.550280e-01
  465 6.625593e-01
  466 6.884053e-01
  467 7.167256e-01
  468 7.364566e-01
  469 7.650461e-01
  470 8.089861e-01
  471 8.404337e-01
  472 8.984605e-01
  473 9.639528e-01
  474 1.001706e+00
  475 1.023435e+00
  476 1.004551e+00
  477 9.673935e-01
  478 9.052318e-01
  479 8.253026e-01
  480 7.785453e-01
  481 7.485530e-01
  482 7.480836e-01
  483 7.291711e-01
  484 7.077948e-01
  485 6.732670e-01
  486 6.296415e-01
  487 5.729017e-01
  488 5.509231e-01
  489 5.515157e-01
  490 5.674661e-01
  491 5.881757e-01
  492 6.444952e-01
  493 7.198055e-01
  494 8.179789e-01
  495 9.047864e-01
  496 9.607879e-01
  497 1.013547e+00
  498 1.076362e+00
  499 1.138858e+00
  500 1.210317e+00
  501 1.248079e+00
  502 1.297352e+00
  503 1.370769e+00
  504 1.455772e+00
  505 1.550650e+00
  506 1.603025e+00
  507 1.636849e+00
  508 1.636619e+00
  509 1.615176e+00
  510 1.553559e+00
  511 1.514381e+00
  512 1.474605e+00
  513 1.408982e+00
  514 1.330094e+00
  515 1.277355e+00
  516 1.254799e+00
  517 1.216873e+00
  518 1.159043e+00
  519 1.118384e+00
  520 1.083619e+00
  521 1.074344e+00
  522 1.090092e+00
  523 1.089129e+00
  524 1.092430e+00
  525 1.087695e+00
  526 1.070671e+00
  527 1.084713e+00
  528 1.062507e+00
  529 1.064273e+00
  530 1.049980e+00
  531 1.049206e+00
  532 1.062274e+00
  533 1.043506e+00
  534 1.000023e+00
  535 9.492478e-01
  536 8.959477e-01
  537 8.463103e-01
  538 7.895136e-01
  539 7.280810e-01
  540 6.823620e-01
  541 6.220009e-01
  542 5.807458e-01
  543 5.583795e-01
  544 5.585529e-01
  545 5.482575e-01
  546 5.852943e-01
  547 6.138252e-01
  548 6.242996e-01
  549 6.333656e-01
  550 6.206277e-01
  551 6.154644e-01
  552 6.175191e-01
  553 6.242517e-01
  554 6.400398e-01
  555 6.419655e-01
  556 6.742581e-01
  557 7.208352e-01
  558 7.594918e-01
  559 7.926276e-01
  560 8.239682e-01
  561 8.486546e-01
  562 9.059021e-01
  563 9.681680e-01
  564 1.041599e+00
  565 1.066572e+00
  566 1.089882e+00
  567 1.113404e+00
  568 1.109317e+00
  569 1.076491e+00
  570 1.048461e+00
  571 1.045924e+00
  572 1.073610e+00
  573 1.093130e+00
  574 1.140189e+00
  575 1.171649e+00
  576 1.196309e+00
  577 1.179226e+00
  578 1.180978e+00
  579 1.162378e+00
  580 1.154504e+00
  581 1.141283e+00
  582 1.109765e+00
  583 1.090130e+00
  584 1.086060e+00
  585 1.091619e+00
  586 1.080111e+00
  587 1.065513e+00
  588 1.046550e+00
  589 1.025280e+00
  590 1.011197e+00
  591 9.794980e-01
  592 9.259498e-01
  593 8.926327e-01
  594 8.533328e-01
  595 8.154096e-01
  596 7.859142e-01
  597 7.456042e-01
  598 7.275076e-01
  599 7.338614e-01
  600 7.616327e-01
