    1     0
    2     0
    3     0
    4     0
    5     0
    6     0
    7     0
    8     0
    9     0
   10 -5.405567e-03
   11 -1.098390e-02
   12 -2.214882e-02
   13 -3.421845e-02
   14 -4.962472e-02
   15 -7.870430e-03
   16 2.188278e-01
   17 4.785180e-01
   18 6.945085e-01
   19 8.289675e-01
   20 9.036212e-01
   21 9.322004e-01
   22 9.010316e-01
   23 8.531989e-01
   24 8.167776e-01
   25 8.109261e-01
   26 8.367795e-01
   27 8.693478e-01
   28 8.972097e-01
   29 9.264087e-01
   30 9.444728e-01
   31 9.424756e-01
   32 9.399748e-01
   33 9.316841e-01
   34 9.326204e-01
   35 9.355438e-01
   36 9.510119e-01
   37 9.746178e-01
   38 1.001014e+00
   39 1.027924e+00
   40 1.057501e+00
   41 1.082254e+00
   42 1.093735e+00
   43 1.095177e+00
   44 1.094730e+00
   45 1.086113e+00
   46 1.069059e+00
   47 1.057408e+00
   48 1.036191e+00
   49 1.010355e+00
   50 9.859563e-01
   51 9.554205e-01
   52 9.394219e-01
   53 9.240628e-01
   54 9.203814e-01
   55 9.213953e-01
   56 9.280259e-01
   57 9.269954e-01
   58 9.225788e-01
   59 9.107754e-01
   60 8.937983e-01
   61 8.766326e-01
   62 8.607448e-01
   63 8.584287e-01
   64 8.584729e-01
   65 8.531854e-01
   66 8.604783e-01
   67 8.670294e-01
   68 8.750947e-01
   69 8.767748e-01
   70 8.810589e-01
   71 8.835262e-01
   72 8.928174e-01
   73 9.077990e-01
   74 9.253350e-01
   75 9.496010e-01
   76 9.643994e-01
   77 9.836423e-01
   78 9.957181e-01
   79 1.004705e+00
   80 1.015932e+00
   81 1.024246e+00
   82 1.023085e+00
   83 1.019408e+00
   84 1.016660e+00
   85 1.019044e+00
   86 1.022893e+00
   87 1.030461e+00
   88 1.035753e+00
   89 1.029567e+00
   90 1.024096e+00
   91 1.011167e+00
   92 9.990264e-01
   93 9.880946e-01
   94 9.750514e-01
   95 9.544558e-01
   96 9.471009e-01
   97 9.489402e-01
   98 9.568893e-01
   99 9.539456e-01
  100 9.551590e-01
  101 9.511257e-01
  102 9.494462e-01
  103 9.407114e-01
  104 9.361831e-01
  105 9.298571e-01
  106 9.298496e-01
  107 9.264455e-01
  108 9.136369e-01
  109 9.051878e-01
  110 8.908381e-01
  111 8.733701e-01
  112 8.498071e-01
  113 8.203003e-01
  114 7.986534e-01
  115 7.803524e-01
  116 7.578050e-01
  117 7.411039e-01
  118 7.330221e-01
  119 7.193347e-01
  120 7.006325e-01
  121 6.834553e-01
  122 6.723494e-01
  123 6.580066e-01
  124 6.411133e-01
  125 6.341996e-01
  126 6.373457e-01
  127 6.470981e-01
  128 6.559485e-01
  129 6.724030e-01
  130 6.885269e-01
  131 7.143594e-01
  132 7.386923e-01
  133 7.621991e-01
  134 7.770610e-01
  135 7.868118e-01
  136 7.932309e-01
  137 8.077440e-01
  138 8.216732e-01
  139 8.327870e-01
  140 8.550263e-01
  141 8.828763e-01
  142 9.018595e-01
  143 9.268403e-01
  144 9.438961e-01
  145 9.528883e-01
  146 9.582866e-01
  147 9.613702e-01
  148 9.707695e-01
  149 9.666170e-01
  150 9.622210e-01
  151 9.621186e-01
  152 9.621295e-01
  153 9.598112e-01
  154 9.510028e-01
  155 9.368191e-01
  156 9.210722e-01
  157 8.994798e-01
  158 8.754061e-01
  159 8.556676e-01
  160 8.324449e-01
  161 8.047686e-01
  162 7.735045e-01
  163 7.507635e-01
  164 7.309108e-01
  165 7.238286e-01
  166 7.292951e-01
  167 7.386901e-01
  168 7.581356e-01
  169 7.742684e-01
  170 8.029746e-01
  171 8.308873e-01
  172 8.635894e-01
  173 8.955423e-01
  174 9.174714e-01
  175 9.275031e-01
  176 9.333139e-01
  177 9.444847e-01
  178 9.583633e-01
  179 9.729825e-01
  180 9.840805e-01
  181 9.972400e-01
  182 1.015538e+00
  183 1.027139e+00
  184 1.041936e+00
  185 1.056815e+00
  186 1.059924e+00
  187 1.056428e+00
  188 1.050776e+00
  189 1.046751e+00
  190 1.032780e+00
  191 1.018864e+00
  192 1.009870e+00
  193 1.002227e+00
  194 9.916667e-01
  195 9.764004e-01
  196 9.644501e-01
  197 9.524655e-01
  198 9.441926e-01
  199 9.365646e-01
  200 9.333810e-01
  201 9.250577e-01
  202 9.229261e-01
  203 9.231663e-01
  204 9.225778e-01
  205 9.117074e-01
  206 9.068069e-01
  207 8.993522e-01
  208 8.893936e-01
  209 8.728288e-01
  210 8.495376e-01
  211 8.409755e-01
  212 8.285442e-01
  213 8.157202e-01
  214 8.124723e-01
  215 8.131692e-01
  216 8.258977e-01
  217 8.344395e-01
  218 8.527781e-01
  219 8.724315e-01
  220 8.805455e-01
  221 8.904248e-01
  222 8.885243e-01
  223 8.966099e-01
  224 9.079366e-01
  225 9.091627e-01
  226 9.179853e-01
  227 9.304908e-01
  228 9.472467e-01
  229 9.512319e-01
  230 9.455624e-01
  231 9.413087e-01
  232 9.305016e-01
  233 9.151742e-01
  234 8.968251e-01
  235 8.758435e-01
  236 8.524881e-01
  237 8.299365e-01
  238 8.068523e-01
  239 7.888252e-01
  240 7.760914e-01
  241 7.603920e-01
  242 7.610434e-01
  243 7.674227e-01
  244 7.744039e-01
  245 7.857484e-01
  246 8.060973e-01
  247 8.296322e-01
  248 8.485077e-01
  249 8.673692e-01
  250 8.864868e-01
  251 9.017018e-01
  252 9.114793e-01
  253 9.282706e-01
  254 9.467165e-01
  255 9.578393e-01
  256 9.603230e-01
  257 9.674707e-01
  258 9.741263e-01
  259 9.781543e-01
  260 9.816043e-01
  261 9.932330e-01
  262 1.003182e+00
  263 1.021639e+00
  264 1.037108e+00
  265 1.040920e+00
  266 1.039008e+00
  267 1.028072e+00
  268 1.016539e+00
  269 9.952714e-01
  270 9.725771e-01
  271 9.525905e-01
  272 9.373812e-01
  273 9.310723e-01
  274 9.285759e-01
  275 9.311360e-01
  276 9.308021e-01
  277 9.250575e-01
  278 9.140583e-01
  279 9.046881e-01
  280 8.963633e-01
  281 8.878048e-01
  282 8.736128e-01
  283 8.624953e-01
  284 8.588094e-01
  285 8.556657e-01
  286 8.487834e-01
  287 8.475534e-01
  288 8.513623e-01
  289 8.519137e-01
  290 8.508274e-01
  291 8.464081e-01
  292 8.390063e-01
  293 8.430887e-01
  294 8.430327e-01
  295 8.448569e-01
  296 8.516497e-01
  297 8.651673e-01
  298 8.850264e-01
  299 9.098467e-01
  300 9.221257e-01
  301 9.287162e-01
  302 9.399472e-01
  303 9.481470e-01
  304 9.497524e-01
  305 9.435651e-01
  306 9.418168e-01
  307 9.311705e-01
  308 9.170691e-01
  309 9.083300e-01
  310 9.075176e-01
  311 9.013633e-01
  312 8.934603e-01
  313 8.863460e-01
  314 8.907701e-01
  315 8.946719e-01
  316 8.983165e-01
  317 8.958732e-01
  318 8.975105e-01
  319 8.901804e-01
  320 8.764970e-01
  321 8.667046e-01
  322 8.592841e-01
  323 8.644457e-01
  324 8.647078e-01
  325 8.697132e-01
  326 8.793701e-01
  327 8.953564e-01
  328 9.058018e-01
  329 9.227887e-01
  330 9.384894e-01
  331 9.583380e-01
  332 9.836329e-01
  333 1.014227e+00
  334 1.035908e+00
  335 1.046068e+00
  336 1.044009e+00
  337 1.034580e+00
  338 1.019951e+00
  339 9.908478e-01
  340 9.663173e-01
  341 9.453723e-01
  342 9.347351e-01
  343 9.355706e-01
  344 9.438701e-01
  345 9.456779e-01
  346 9.451758e-01
  347 9.372470e-01
  348 9.357547e-01
  349 9.292165e-01
  350 9.214752e-01
  351 9.185352e-01
  352 9.079235e-01
  353 8.999695e-01
  354 8.930361e-01
  355 8.877665e-01
  356 8.822132e-01
  357 8.828615e-01
  358 8.719546e-01
  359 8.521794e-01
  360 8.270289e-01
  361 8.109876e-01
  362 8.089872e-01
  363 8.036372e-01
  364 8.101615e-01
  365 8.280998e-01
  366 8.461125e-01
  367 8.660819e-01
  368 8.837039e-01
  369 9.007640e-01
  370 9.066083e-01
  371 9.158935e-01
  372 9.237281e-01
  373 9.289304e-01
  374 9.387621e-01
  375 9.486694e-01
  376 9.575584e-01
  377 9.597505e-01
  378 9.699323e-01
  379 9.770263e-01
  380 9.796977e-01
  381 9.763883e-01
  382 9.724928e-01
  383 9.612106e-01
  384 9.528554e-01
  385 9.541248e-01
  386 9.500436e-01
  387 9.399152e-01
  388 9.337326e-01
  389 9.225466e-01
  390 9.166930e-01
  391 9.046818e-01
  392 8.843335e-01
  393 8.754478e-01
  394 8.626176e-01
  395 8.465512e-01
  396 8.371093e-01
  397 8.303701e-01
  398 8.209819e-01
  399 8.223474e-01
  400 8.264149e-01
  401 8.295067e-01
  402 8.301360e-01
  403 8.356816e-01
  404 8.359467e-01
  405 8.411739e-01
  406 8.500963e-01
  407 8.539490e-01
  408 8.521847e-01
  409 8.566627e-01
  410 8.702447e-01
  411 8.804832e-01
  412 8.829248e-01
  413 8.836400e-01
  414 8.792280e-01
  415 8.735181e-01
  416 8.631161e-01
  417 8.533093e-01
  418 8.531393e-01
  419 8.518784e-01
  420 8.622154e-01
  421 8.772123e-01
  422 8.917286e-01
  423 8.991997e-01
  424 9.043901e-01
  425 9.159417e-01
  426 9.266152e-01
  427 9.316948e-01
  428 9.315853e-01
  429 9.259236e-01
  430 9.199210e-01
  431 9.220954e-01
  432 9.177187e-01
  433 9.121415e-01
  434 8.996447e-01
  435 8.897431e-01
  436 8.854756e-01
  437 8.831728e-01
  438 8.787049e-01
  439 8.689498e-01
  440 8.718801e-01
  441 8.863997e-01
  442 8.955905e-01
  443 9.109070e-01
  444 9.196264e-01
  445 9.291792e-01
  446 9.407388e-01
  447 9.510585e-01
  448 9.539831e-01
  449 9.485908e-01
  450 9.369252e-01
  451 9.329759e-01
  452 9.321834e-01
  453 9.285010e-01
  454 9.175478e-01
  455 9.047588e-01
  456 8.863886e-01
  457 8.799911e-01
  458 8.736519e-01
  459 8.632293e-01
  460 8.599290e-01
  461 8.637788e-01
  462 8.608413e-01
  463 8.648644e-01
  464 8.720901e-01
  465 8.744010e-01
  466 8.680038e-01
  467 8.632311e-01
  468 8.601384e-01
  469 8.636586e-01
  470 8.720351e-01
  471 8.803355e-01
  472 8.931277e-01
  473 9.093717e-01
  474 9.260098e-01
  475 9.312591e-01
  476 9.323978e-01
  477 9.405778e-01
  478 9.522559e-01
  479 9.561221e-01
  480 9.646029e-01
  481 9.649214e-01
  482 9.736606e-01
  483 9.912712e-01
  484 1.003473e+00
  485 1.011595e+00
  486 1.022965e+00
  487 1.024707e+00
  488 1.022889e+00
  489 1.016864e+00
  490 1.007675e+00
  491 9.933090e-01
  492 9.802990e-01
  493 9.744257e-01
  494 9.681565e-01
  495 9.691325e-01
  496 9.588937e-01
  497 9.549387e-01
  498 9.380872e-01
  499 9.100009e-01
  500 8.749271e-01
  501 8.402961e-01
  502 8.103506e-01
  503 7.817716e-01
  504 7.643992e-01
  505 7.602101e-01
  506 7.723274e-01
  507 7.939588e-01
  508 8.135420e-01
  509 8.430078e-01
  510 8.737686e-01
  511 9.037804e-01
  512 9.220994e-01
  513 9.339500e-01
  514 9.331552e-01
  515 9.272418e-01
  516 9.273645e-01
  517 9.227194e-01
  518 9.097210e-01
  519 9.001993e-01
  520 9.015883e-01
  521 9.092084e-01
  522 9.257410e-01
  523 9.370569e-01
  524 9.376215e-01
  525 9.405405e-01
  526 9.330817e-01
  527 9.142318e-01
  528 9.031657e-01
  529 8.969812e-01
  530 8.873443e-01
  531 8.788951e-01
  532 8.679517e-01
  533 8.697234e-01
  534 8.778733e-01
  535 8.841385e-01
  536 8.854531e-01
  537 8.871857e-01
  538 8.880663e-01
  539 8.858114e-01
  540 8.874811e-01
  541 8.993158e-01
  542 9.095119e-01
  543 9.108190e-01
  544 9.197317e-01
  545 9.366366e-01
  546 9.448297e-01
  547 9.442773e-01
  548 9.406904e-01
  549 9.378542e-01
  550 9.256344e-01
  551 9.075548e-01
  552 8.963620e-01
  553 8.918870e-01
  554 8.832887e-01
  555 8.711931e-01
  556 8.718101e-01
  557 8.861191e-01
  558 8.983383e-01
  559 9.111000e-01
  560 9.177553e-01
  561 9.264912e-01
  562 9.249169e-01
  563 9.254979e-01
  564 9.146656e-01
  565 9.096929e-01
  566 9.008617e-01
  567 8.852333e-01
  568 8.815355e-01
  569 8.821976e-01
  570 8.824949e-01
  571 8.836531e-01
  572 8.736573e-01
  573 8.729678e-01
  574 8.628231e-01
  575 8.456107e-01
  576 8.237603e-01
  577 8.023851e-01
  578 7.881140e-01
  579 7.853236e-01
  580 7.761656e-01
  581 7.726249e-01
  582 7.776382e-01
  583 7.912008e-01
  584 8.099226e-01
  585 8.208016e-01
  586 8.299053e-01
  587 8.456224e-01
  588 8.542527e-01
  589 8.693677e-01
  590 8.885623e-01
  591 9.052915e-01
  592 9.236469e-01
  593 9.436609e-01
  594 9.612235e-01
  595 9.771842e-01
  596 9.850137e-01
  597 9.881452e-01
  598 9.882502e-01
  599 9.883445e-01
  600 9.766668e-01
