    1 3.331000e+01
    2 3.331000e+01
    3 3.331000e+01
    4 3.331000e+01
    5 3.331000e+01
    6 3.331000e+01
    7 3.331000e+01
    8 3.331000e+01
    9 3.331000e+01
   10 3.331000e+01
   11 3.331000e+01
   12 3.331000e+01
   13 3.331000e+01
   14 3.331000e+01
   15 3.331000e+01
   16 3.331000e+01
   17 3.331000e+01
   18 3.331000e+01
   19 3.331000e+01
   20 3.331000e+01
   21 3.325000e+01
   22 3.325000e+01
   23 3.325000e+01
   24 3.331000e+01
   25 3.331000e+01
   26 3.331000e+01
   27 3.337000e+01
   28 3.337000e+01
   29 3.343000e+01
   30 3.343000e+01
   31 3.350000e+01
   32 3.356000e+01
   33 3.362000e+01
   34 3.368000e+01
   35 3.375000e+01
   36 3.381000e+01
   37 3.387000e+01
   38 3.393000e+01
   39 3.406000e+01
   40 3.412000e+01
   41 3.418000e+01
   42 3.425000e+01
   43 3.431000e+01
   44 3.437000e+01
   45 3.443000e+01
   46 3.450000e+01
   47 3.456000e+01
   48 3.462000e+01
   49 3.468000e+01
   50 3.475000e+01
   51 3.481000e+01
   52 3.487000e+01
   53    35
   54 3.506000e+01
   55 3.512000e+01
   56 3.525000e+01
   57 3.531000e+01
   58 3.543000e+01
   59 3.550000e+01
   60 3.562000e+01
   61 3.568000e+01
   62 3.581000e+01
   63 3.587000e+01
   64    36
   65 3.606000e+01
   66 3.612000e+01
   67 3.625000e+01
   68 3.631000e+01
   69 3.637000e+01
   70 3.643000e+01
   71 3.650000e+01
   72 3.656000e+01
   73 3.656000e+01
   74 3.662000e+01
   75 3.668000e+01
   76 3.675000e+01
   77 3.675000e+01
   78 3.675000e+01
   79 3.681000e+01
   80 3.681000e+01
   81 3.681000e+01
   82 3.687000e+01
   83 3.687000e+01
   84 3.687000e+01
   85 3.687000e+01
   86 3.687000e+01
   87 3.687000e+01
   88 3.687000e+01
   89 3.681000e+01
   90 3.681000e+01
   91 3.681000e+01
   92 3.681000e+01
   93 3.681000e+01
   94 3.681000e+01
   95 3.681000e+01
   96 3.681000e+01
   97 3.681000e+01
   98 3.681000e+01
   99 3.681000e+01
  100 3.681000e+01
  101 3.681000e+01
  102 3.681000e+01
  103 3.687000e+01
  104 3.687000e+01
  105 3.687000e+01
  106 3.681000e+01
  107 3.681000e+01
  108 3.687000e+01
  109 3.687000e+01
  110 3.681000e+01
  111 3.681000e+01
  112 3.681000e+01
  113 3.681000e+01
  114 3.681000e+01
  115 3.687000e+01
  116 3.687000e+01
  117 3.687000e+01
  118 3.687000e+01
  119 3.687000e+01
  120 3.687000e+01
  121 3.687000e+01
  122 3.681000e+01
  123 3.681000e+01
  124 3.681000e+01
  125 3.681000e+01
  126 3.681000e+01
  127 3.681000e+01
  128 3.681000e+01
  129 3.681000e+01
  130 3.681000e+01
  131 3.681000e+01
  132 3.681000e+01
  133 3.681000e+01
  134 3.681000e+01
  135 3.681000e+01
  136 3.675000e+01
  137 3.675000e+01
  138 3.675000e+01
  139 3.675000e+01
  140 3.675000e+01
  141 3.675000e+01
  142 3.675000e+01
  143 3.675000e+01
  144 3.681000e+01
  145 3.681000e+01
  146 3.681000e+01
  147 3.675000e+01
  148 3.675000e+01
  149 3.675000e+01
  150 3.675000e+01
  151 3.675000e+01
  152 3.675000e+01
  153 3.681000e+01
  154 3.681000e+01
  155 3.675000e+01
  156 3.675000e+01
  157 3.675000e+01
  158 3.675000e+01
  159 3.668000e+01
  160 3.668000e+01
  161 3.668000e+01
  162 3.668000e+01
  163 3.668000e+01
  164 3.668000e+01
  165 3.668000e+01
  166 3.662000e+01
  167 3.662000e+01
  168 3.662000e+01
  169 3.662000e+01
  170 3.662000e+01
  171 3.662000e+01
  172 3.668000e+01
  173 3.668000e+01
  174 3.668000e+01
  175 3.668000e+01
  176 3.668000e+01
  177 3.668000e+01
  178 3.675000e+01
  179 3.675000e+01
  180 3.681000e+01
  181 3.687000e+01
  182 3.687000e+01
  183 3.693000e+01
  184 3.693000e+01
  185 3.693000e+01
  186 3.693000e+01
  187    37
  188    37
  189    37
  190    37
  191    37
  192    37
  193    37
  194    37
  195    37
  196    37
  197 3.706000e+01
  198 3.706000e+01
  199 3.706000e+01
  200 3.706000e+01
  201 3.712000e+01
  202 3.712000e+01
  203 3.706000e+01
  204 3.706000e+01
  205 3.706000e+01
  206 3.706000e+01
  207 3.706000e+01
  208 3.706000e+01
  209 3.706000e+01
  210 3.706000e+01
  211 3.706000e+01
  212    37
  213    37
  214    37
  215 3.706000e+01
  216 3.706000e+01
  217 3.706000e+01
  218 3.706000e+01
  219 3.712000e+01
  220 3.712000e+01
  221 3.706000e+01
  222 3.706000e+01
  223 3.706000e+01
  224 3.706000e+01
  225 3.706000e+01
  226 3.712000e+01
  227 3.712000e+01
  228 3.712000e+01
  229 3.712000e+01
  230 3.706000e+01
  231 3.712000e+01
  232 3.706000e+01
  233 3.706000e+01
  234 3.712000e+01
  235 3.712000e+01
  236 3.712000e+01
  237 3.706000e+01
  238 3.706000e+01
  239 3.706000e+01
  240 3.706000e+01
  241 3.706000e+01
  242 3.706000e+01
  243 3.706000e+01
  244 3.706000e+01
  245 3.706000e+01
  246 3.706000e+01
  247 3.706000e+01
  248 3.706000e+01
  249 3.706000e+01
  250 3.706000e+01
  251 3.706000e+01
  252 3.706000e+01
  253 3.706000e+01
  254 3.706000e+01
  255    37
  256    37
  257    37
  258    37
  259    37
  260    37
  261    37
  262    37
  263    37
  264 3.693000e+01
  265 3.693000e+01
  266 3.693000e+01
  267 3.687000e+01
  268 3.687000e+01
  269 3.687000e+01
  270 3.693000e+01
  271 3.693000e+01
  272 3.693000e+01
  273 3.693000e+01
  274 3.687000e+01
  275 3.687000e+01
  276 3.687000e+01
  277 3.687000e+01
  278 3.687000e+01
  279 3.681000e+01
  280 3.681000e+01
  281 3.681000e+01
  282 3.681000e+01
  283 3.681000e+01
  284 3.681000e+01
  285 3.681000e+01
  286 3.681000e+01
  287 3.681000e+01
  288 3.681000e+01
  289 3.687000e+01
  290 3.687000e+01
  291 3.687000e+01
  292 3.693000e+01
  293 3.693000e+01
  294 3.693000e+01
  295 3.693000e+01
  296 3.693000e+01
  297 3.693000e+01
  298 3.693000e+01
  299 3.693000e+01
  300    37
  301    37
  302    37
  303    37
  304    37
  305    37
  306    37
  307    37
  308    37
  309 3.693000e+01
  310 3.693000e+01
  311 3.693000e+01
  312 3.693000e+01
  313 3.693000e+01
  314    37
  315    37
  316 3.706000e+01
  317 3.706000e+01
  318 3.706000e+01
  319 3.712000e+01
  320 3.712000e+01
  321 3.712000e+01
  322 3.718000e+01
  323 3.718000e+01
  324 3.718000e+01
  325 3.725000e+01
  326 3.731000e+01
  327 3.731000e+01
  328 3.737000e+01
  329 3.743000e+01
  330 3.743000e+01
  331 3.743000e+01
  332 3.750000e+01
  333 3.756000e+01
  334 3.756000e+01
  335 3.762000e+01
  336 3.768000e+01
  337 3.768000e+01
  338 3.768000e+01
  339 3.775000e+01
  340 3.775000e+01
  341 3.781000e+01
  342 3.787000e+01
  343 3.793000e+01
  344 3.793000e+01
  345    38
  346 3.806000e+01
  347 3.806000e+01
  348 3.812000e+01
  349 3.812000e+01
  350 3.818000e+01
  351 3.818000e+01
  352 3.825000e+01
  353 3.831000e+01
  354 3.831000e+01
  355 3.837000e+01
  356 3.837000e+01
  357 3.837000e+01
  358 3.843000e+01
  359 3.843000e+01
  360 3.850000e+01
  361 3.850000e+01
  362 3.850000e+01
  363 3.856000e+01
  364 3.856000e+01
  365 3.862000e+01
  366 3.868000e+01
  367 3.868000e+01
  368 3.868000e+01
  369 3.875000e+01
  370 3.875000e+01
  371 3.875000e+01
  372 3.875000e+01
  373 3.881000e+01
  374 3.881000e+01
  375 3.881000e+01
  376 3.881000e+01
  377 3.881000e+01
  378 3.887000e+01
  379 3.887000e+01
  380 3.893000e+01
  381 3.893000e+01
  382 3.893000e+01
  383    39
  384    39
  385    39
  386    39
  387 3.906000e+01
  388 3.906000e+01
  389    39
  390 3.906000e+01
  391 3.906000e+01
  392 3.906000e+01
  393 3.912000e+01
  394 3.912000e+01
  395 3.918000e+01
  396 3.918000e+01
  397 3.918000e+01
  398 3.918000e+01
  399 3.918000e+01
  400 3.918000e+01
  401 3.918000e+01
  402 3.912000e+01
  403 3.912000e+01
  404 3.906000e+01
  405 3.906000e+01
  406 3.906000e+01
  407 3.906000e+01
  408    39
  409 3.906000e+01
  410 3.906000e+01
  411 3.906000e+01
  412 3.906000e+01
  413    39
  414    39
  415    39
  416 3.893000e+01
  417 3.893000e+01
  418 3.893000e+01
  419 3.887000e+01
  420 3.887000e+01
  421 3.887000e+01
  422 3.887000e+01
  423 3.887000e+01
  424 3.893000e+01
  425 3.893000e+01
  426 3.893000e+01
  427 3.893000e+01
  428 3.893000e+01
  429 3.893000e+01
  430 3.887000e+01
  431 3.887000e+01
  432 3.881000e+01
  433 3.881000e+01
  434 3.875000e+01
  435 3.875000e+01
  436 3.875000e+01
  437 3.875000e+01
  438 3.875000e+01
  439 3.875000e+01
  440 3.875000e+01
  441 3.875000e+01
  442 3.875000e+01
  443 3.875000e+01
  444 3.875000e+01
  445 3.875000e+01
  446 3.875000e+01
  447 3.881000e+01
  448 3.881000e+01
  449 3.881000e+01
  450 3.887000e+01
  451 3.887000e+01
  452 3.887000e+01
  453 3.881000e+01
  454 3.881000e+01
  455 3.881000e+01
  456 3.881000e+01
  457 3.881000e+01
  458 3.881000e+01
  459 3.881000e+01
  460 3.887000e+01
  461 3.887000e+01
  462 3.887000e+01
  463 3.893000e+01
  464 3.893000e+01
  465 3.893000e+01
  466 3.893000e+01
  467    39
  468    39
  469    39
  470    39
  471    39
  472 3.906000e+01
  473 3.906000e+01
  474 3.906000e+01
  475    39
  476 3.906000e+01
  477 3.906000e+01
  478 3.906000e+01
  479 3.906000e+01
  480 3.906000e+01
  481 3.906000e+01
  482 3.912000e+01
  483 3.912000e+01
  484 3.912000e+01
  485 3.912000e+01
  486 3.912000e+01
  487 3.918000e+01
  488 3.918000e+01
  489 3.918000e+01
  490 3.918000e+01
  491 3.918000e+01
  492 3.918000e+01
  493 3.918000e+01
  494 3.912000e+01
  495 3.912000e+01
  496 3.912000e+01
  497 3.912000e+01
  498 3.912000e+01
  499 3.906000e+01
  500 3.912000e+01
  501 3.912000e+01
  502 3.912000e+01
  503 3.912000e+01
  504 3.912000e+01
  505 3.912000e+01
  506 3.912000e+01
  507 3.912000e+01
  508 3.912000e+01
  509 3.912000e+01
  510 3.912000e+01
  511 3.906000e+01
  512 3.906000e+01
  513 3.906000e+01
  514 3.906000e+01
  515 3.906000e+01
  516 3.906000e+01
  517 3.912000e+01
  518 3.912000e+01
  519 3.918000e+01
  520 3.918000e+01
  521 3.918000e+01
  522 3.918000e+01
  523 3.918000e+01
  524 3.918000e+01
  525 3.918000e+01
  526 3.918000e+01
  527 3.918000e+01
  528 3.918000e+01
  529 3.925000e+01
  530 3.931000e+01
  531 3.931000e+01
  532 3.937000e+01
  533 3.943000e+01
  534 3.943000e+01
  535 3.950000e+01
  536 3.950000e+01
  537 3.950000e+01
  538 3.943000e+01
  539 3.937000e+01
  540 3.937000e+01
  541 3.931000e+01
  542 3.925000e+01
  543 3.925000e+01
  544 3.918000e+01
  545 3.918000e+01
  546 3.918000e+01
  547 3.912000e+01
  548 3.912000e+01
  549 3.918000e+01
  550 3.918000e+01
  551 3.918000e+01
  552 3.918000e+01
  553 3.918000e+01
  554 3.912000e+01
  555 3.918000e+01
  556 3.912000e+01
  557 3.912000e+01
  558 3.912000e+01
  559 3.912000e+01
  560 3.912000e+01
  561 3.906000e+01
  562 3.906000e+01
  563    39
  564    39
  565    39
  566    39
  567    39
  568    39
  569    39
  570    39
  571    39
  572    39
  573    39
  574    39
  575    39
  576    39
  577    39
  578    39
  579    39
  580    39
  581    39
  582    39
  583    39
  584    39
  585    39
  586    39
  587    39
  588    39
  589 3.893000e+01
  590    39
  591 3.893000e+01
  592 3.893000e+01
  593 3.893000e+01
  594    39
  595    39
  596 3.893000e+01
  597 3.893000e+01
  598 3.893000e+01
  599 3.893000e+01
  600 3.893000e+01
  601 3.893000e+01
  602 3.893000e+01
  603 3.893000e+01
  604 3.893000e+01
  605 3.887000e+01
  606 3.881000e+01
  607 3.881000e+01
  608 3.881000e+01
  609 3.875000e+01
  610 3.875000e+01
  611 3.875000e+01
  612 3.875000e+01
  613 3.868000e+01
  614 3.868000e+01
  615 3.868000e+01
  616 3.868000e+01
  617 3.868000e+01
  618 3.868000e+01
  619 3.868000e+01
  620 3.868000e+01
  621 3.868000e+01
  622 3.862000e+01
  623 3.862000e+01
  624 3.862000e+01
  625 3.856000e+01
  626 3.856000e+01
  627 3.856000e+01
  628 3.850000e+01
  629 3.843000e+01
  630 3.843000e+01
  631 3.837000e+01
  632 3.831000e+01
  633 3.831000e+01
  634 3.831000e+01
  635 3.825000e+01
  636 3.818000e+01
  637 3.812000e+01
  638 3.806000e+01
  639    38
  640 3.793000e+01
  641 3.787000e+01
  642 3.781000e+01
  643 3.775000e+01
  644 3.775000e+01
  645 3.768000e+01
  646 3.768000e+01
  647 3.762000e+01
  648 3.756000e+01
  649 3.756000e+01
  650 3.750000e+01
  651 3.750000e+01
  652 3.743000e+01
  653 3.743000e+01
  654 3.737000e+01
  655 3.731000e+01
  656 3.731000e+01
  657 3.725000e+01
  658 3.718000e+01
  659 3.712000e+01
  660 3.706000e+01
  661    37
  662 3.693000e+01
  663 3.687000e+01
  664 3.681000e+01
  665 3.675000e+01
  666 3.668000e+01
  667 3.668000e+01
  668 3.662000e+01
  669 3.656000e+01
  670 3.656000e+01
  671 3.650000e+01
  672 3.650000e+01
  673 3.643000e+01
  674 3.643000e+01
  675 3.637000e+01
  676 3.637000e+01
  677 3.631000e+01
  678 3.631000e+01
  679 3.631000e+01
  680 3.625000e+01
  681 3.625000e+01
  682 3.625000e+01
  683 3.625000e+01
  684 3.618000e+01
  685 3.618000e+01
  686 3.618000e+01
  687 3.618000e+01
  688 3.618000e+01
  689 3.618000e+01
  690 3.618000e+01
  691 3.618000e+01
  692 3.612000e+01
  693 3.612000e+01
  694 3.612000e+01
  695 3.612000e+01
  696 3.612000e+01
  697 3.612000e+01
  698 3.612000e+01
  699 3.618000e+01
  700 3.618000e+01
  701 3.618000e+01
  702 3.618000e+01
  703 3.618000e+01
  704 3.618000e+01
  705 3.618000e+01
  706 3.618000e+01
  707 3.618000e+01
  708 3.618000e+01
  709 3.618000e+01
  710 3.618000e+01
  711 3.612000e+01
  712 3.612000e+01
  713 3.612000e+01
  714 3.612000e+01
  715 3.612000e+01
  716 3.618000e+01
  717 3.618000e+01
  718 3.618000e+01
  719 3.618000e+01
  720 3.625000e+01
  721 3.625000e+01
  722 3.625000e+01
  723 3.625000e+01
  724 3.625000e+01
  725 3.618000e+01
  726 3.618000e+01
  727 3.618000e+01
  728 3.618000e+01
  729 3.625000e+01
  730 3.625000e+01
  731 3.625000e+01
  732 3.625000e+01
  733 3.625000e+01
  734 3.625000e+01
  735 3.625000e+01
  736 3.625000e+01
  737 3.625000e+01
  738 3.631000e+01
  739 3.631000e+01
  740 3.631000e+01
  741 3.631000e+01
  742 3.631000e+01
  743 3.631000e+01
  744 3.631000e+01
  745 3.631000e+01
  746 3.631000e+01
  747 3.631000e+01
  748 3.631000e+01
  749 3.631000e+01
  750 3.625000e+01
  751 3.625000e+01
  752 3.625000e+01
  753 3.625000e+01
  754 3.618000e+01
  755 3.618000e+01
  756 3.618000e+01
  757 3.618000e+01
  758 3.618000e+01
  759 3.618000e+01
  760 3.618000e+01
  761 3.618000e+01
  762 3.618000e+01
  763 3.612000e+01
  764 3.612000e+01
  765 3.612000e+01
  766 3.606000e+01
  767 3.606000e+01
  768 3.606000e+01
  769 3.606000e+01
  770 3.606000e+01
  771    36
  772    36
  773    36
  774    36
  775    36
  776    36
  777    36
  778    36
  779    36
  780    36
  781    36
  782 3.606000e+01
  783 3.606000e+01
  784 3.612000e+01
  785 3.612000e+01
  786 3.612000e+01
  787 3.618000e+01
  788 3.618000e+01
  789 3.618000e+01
  790 3.618000e+01
  791 3.618000e+01
  792 3.618000e+01
  793 3.618000e+01
  794 3.612000e+01
  795 3.612000e+01
  796 3.606000e+01
  797 3.606000e+01
  798 3.606000e+01
  799 3.606000e+01
  800 3.606000e+01
