    1 3.350000e+01
    2 3.350000e+01
    3 3.350000e+01
    4 3.343000e+01
    5 3.343000e+01
    6 3.337000e+01
    7 3.337000e+01
    8 3.337000e+01
    9 3.337000e+01
   10 3.337000e+01
   11 3.343000e+01
   12 3.343000e+01
   13 3.343000e+01
   14 3.343000e+01
   15 3.350000e+01
   16 3.350000e+01
   17 3.350000e+01
   18 3.356000e+01
   19 3.356000e+01
   20 3.362000e+01
   21 3.362000e+01
   22 3.362000e+01
   23 3.368000e+01
   24 3.368000e+01
   25 3.368000e+01
   26 3.368000e+01
   27 3.375000e+01
   28 3.375000e+01
   29 3.381000e+01
   30 3.387000e+01
   31 3.393000e+01
   32    34
   33 3.406000e+01
   34 3.412000e+01
   35 3.418000e+01
   36 3.431000e+01
   37 3.437000e+01
   38 3.443000e+01
   39 3.456000e+01
   40 3.462000e+01
   41 3.475000e+01
   42 3.481000e+01
   43 3.493000e+01
   44    35
   45 3.512000e+01
   46 3.525000e+01
   47 3.531000e+01
   48 3.543000e+01
   49 3.550000e+01
   50 3.562000e+01
   51 3.568000e+01
   52 3.581000e+01
   53 3.587000e+01
   54    36
   55 3.612000e+01
   56 3.625000e+01
   57 3.637000e+01
   58 3.643000e+01
   59 3.656000e+01
   60 3.668000e+01
   61 3.681000e+01
   62 3.693000e+01
   63 3.706000e+01
   64 3.718000e+01
   65 3.725000e+01
   66 3.731000e+01
   67 3.737000e+01
   68 3.750000e+01
   69 3.756000e+01
   70 3.762000e+01
   71 3.768000e+01
   72 3.781000e+01
   73 3.787000e+01
   74    38
   75 3.806000e+01
   76 3.806000e+01
   77 3.812000e+01
   78 3.812000e+01
   79 3.812000e+01
   80 3.818000e+01
   81 3.825000e+01
   82 3.825000e+01
   83 3.825000e+01
   84 3.825000e+01
   85 3.825000e+01
   86 3.825000e+01
   87 3.825000e+01
   88 3.825000e+01
   89 3.825000e+01
   90 3.825000e+01
   91 3.825000e+01
   92 3.825000e+01
   93 3.818000e+01
   94 3.812000e+01
   95 3.812000e+01
   96 3.806000e+01
   97 3.793000e+01
   98 3.787000e+01
   99 3.781000e+01
  100 3.781000e+01
  101 3.775000e+01
  102 3.768000e+01
  103 3.762000e+01
  104 3.756000e+01
  105 3.750000e+01
  106 3.743000e+01
  107 3.737000e+01
  108 3.731000e+01
  109 3.725000e+01
  110 3.718000e+01
  111 3.712000e+01
  112 3.706000e+01
  113    37
  114 3.693000e+01
  115 3.687000e+01
  116 3.681000e+01
  117 3.675000e+01
  118 3.675000e+01
  119 3.668000e+01
  120 3.668000e+01
  121 3.662000e+01
  122 3.662000e+01
  123 3.656000e+01
  124 3.656000e+01
  125 3.656000e+01
  126 3.650000e+01
  127 3.650000e+01
  128 3.650000e+01
  129 3.650000e+01
  130 3.650000e+01
  131 3.650000e+01
  132 3.650000e+01
  133 3.650000e+01
  134 3.650000e+01
  135 3.650000e+01
  136 3.656000e+01
  137 3.656000e+01
  138 3.662000e+01
  139 3.662000e+01
  140 3.668000e+01
  141 3.668000e+01
  142 3.675000e+01
  143 3.675000e+01
  144 3.681000e+01
  145 3.681000e+01
  146 3.681000e+01
  147 3.687000e+01
  148 3.687000e+01
  149 3.693000e+01
  150 3.693000e+01
  151    37
  152 3.706000e+01
  153 3.712000e+01
  154 3.712000e+01
  155 3.718000e+01
  156 3.725000e+01
  157 3.731000e+01
  158 3.731000e+01
  159 3.731000e+01
  160 3.737000e+01
  161 3.737000e+01
  162 3.743000e+01
  163 3.743000e+01
  164 3.750000e+01
  165 3.750000e+01
  166 3.750000e+01
  167 3.750000e+01
  168 3.750000e+01
  169 3.750000e+01
  170 3.750000e+01
  171 3.750000e+01
  172 3.750000e+01
  173 3.743000e+01
  174 3.743000e+01
  175 3.743000e+01
  176 3.743000e+01
  177 3.737000e+01
  178 3.737000e+01
  179 3.737000e+01
  180 3.737000e+01
  181 3.737000e+01
  182 3.737000e+01
  183 3.731000e+01
  184 3.731000e+01
  185 3.731000e+01
  186 3.731000e+01
  187 3.731000e+01
  188 3.731000e+01
  189 3.731000e+01
  190 3.731000e+01
  191 3.737000e+01
  192 3.731000e+01
  193 3.731000e+01
  194 3.731000e+01
  195 3.731000e+01
  196 3.731000e+01
  197 3.731000e+01
  198 3.731000e+01
  199 3.731000e+01
  200 3.725000e+01
  201 3.731000e+01
  202 3.731000e+01
  203 3.725000e+01
  204 3.725000e+01
  205 3.725000e+01
  206 3.725000e+01
  207 3.718000e+01
  208 3.718000e+01
  209 3.718000e+01
  210 3.718000e+01
  211 3.718000e+01
  212 3.718000e+01
  213 3.718000e+01
  214 3.718000e+01
  215 3.718000e+01
  216 3.718000e+01
  217 3.718000e+01
  218 3.718000e+01
  219 3.718000e+01
  220 3.718000e+01
  221 3.718000e+01
  222 3.718000e+01
  223 3.718000e+01
  224 3.718000e+01
  225 3.718000e+01
  226 3.712000e+01
  227 3.718000e+01
  228 3.718000e+01
  229 3.718000e+01
  230 3.718000e+01
  231 3.718000e+01
  232 3.718000e+01
  233 3.725000e+01
  234 3.725000e+01
  235 3.725000e+01
  236 3.725000e+01
  237 3.725000e+01
  238 3.725000e+01
  239 3.725000e+01
  240 3.725000e+01
  241 3.725000e+01
  242 3.718000e+01
  243 3.718000e+01
  244 3.718000e+01
  245 3.718000e+01
  246 3.712000e+01
  247 3.712000e+01
  248 3.712000e+01
  249 3.712000e+01
  250 3.712000e+01
  251 3.712000e+01
  252 3.706000e+01
  253 3.706000e+01
  254 3.706000e+01
  255 3.706000e+01
  256 3.706000e+01
  257 3.706000e+01
  258 3.706000e+01
  259 3.706000e+01
  260 3.706000e+01
  261 3.706000e+01
  262 3.706000e+01
  263 3.706000e+01
  264 3.706000e+01
  265 3.706000e+01
  266 3.706000e+01
  267 3.706000e+01
  268 3.706000e+01
  269 3.706000e+01
  270 3.706000e+01
  271 3.706000e+01
  272 3.706000e+01
  273 3.712000e+01
  274 3.712000e+01
  275 3.712000e+01
  276 3.712000e+01
  277 3.712000e+01
  278 3.712000e+01
  279 3.712000e+01
  280 3.712000e+01
  281 3.712000e+01
  282 3.712000e+01
  283 3.712000e+01
  284 3.718000e+01
  285 3.718000e+01
  286 3.718000e+01
  287 3.718000e+01
  288 3.718000e+01
  289 3.718000e+01
  290 3.718000e+01
  291 3.725000e+01
  292 3.725000e+01
  293 3.718000e+01
  294 3.718000e+01
  295 3.718000e+01
  296 3.718000e+01
  297 3.718000e+01
  298 3.718000e+01
  299 3.718000e+01
  300 3.718000e+01
  301 3.718000e+01
  302 3.718000e+01
  303 3.718000e+01
  304 3.718000e+01
  305 3.712000e+01
  306 3.712000e+01
  307 3.712000e+01
  308 3.712000e+01
  309 3.712000e+01
  310 3.706000e+01
  311 3.706000e+01
  312 3.706000e+01
  313 3.706000e+01
  314 3.706000e+01
  315 3.706000e+01
  316 3.706000e+01
  317 3.706000e+01
  318 3.706000e+01
  319 3.706000e+01
  320 3.706000e+01
  321 3.712000e+01
  322 3.712000e+01
  323 3.718000e+01
  324 3.718000e+01
  325 3.718000e+01
  326 3.725000e+01
  327 3.725000e+01
  328 3.731000e+01
  329 3.737000e+01
  330 3.743000e+01
  331 3.743000e+01
  332 3.750000e+01
  333 3.756000e+01
  334 3.762000e+01
  335 3.762000e+01
  336 3.768000e+01
  337 3.775000e+01
  338 3.787000e+01
  339 3.793000e+01
  340    38
  341 3.806000e+01
  342 3.812000e+01
  343 3.818000e+01
  344 3.825000e+01
  345 3.831000e+01
  346 3.837000e+01
  347 3.843000e+01
  348 3.850000e+01
  349 3.856000e+01
  350 3.862000e+01
  351 3.868000e+01
  352 3.881000e+01
  353 3.887000e+01
  354 3.893000e+01
  355 3.906000e+01
  356 3.912000e+01
  357 3.925000e+01
  358 3.931000e+01
  359 3.937000e+01
  360 3.943000e+01
  361 3.950000e+01
  362 3.956000e+01
  363 3.956000e+01
  364 3.962000e+01
  365 3.968000e+01
  366 3.975000e+01
  367 3.981000e+01
  368 3.981000e+01
  369 3.987000e+01
  370 3.993000e+01
  371 3.993000e+01
  372    40
  373    40
  374    40
  375    40
  376    40
  377    40
  378    40
  379    40
  380    40
  381    40
  382    40
  383 3.993000e+01
  384 3.987000e+01
  385 3.981000e+01
  386 3.981000e+01
  387 3.975000e+01
  388 3.975000e+01
  389 3.975000e+01
  390 3.968000e+01
  391 3.968000e+01
  392 3.962000e+01
  393 3.956000e+01
  394 3.956000e+01
  395 3.950000e+01
  396 3.943000e+01
  397 3.937000e+01
  398 3.931000e+01
  399 3.925000e+01
  400 3.918000e+01
  401 3.918000e+01
  402 3.912000e+01
  403 3.912000e+01
  404 3.912000e+01
  405 3.906000e+01
  406 3.906000e+01
  407 3.906000e+01
  408    39
  409    39
  410 3.893000e+01
  411 3.893000e+01
  412 3.893000e+01
  413 3.887000e+01
  414 3.887000e+01
  415 3.887000e+01
  416 3.881000e+01
  417 3.881000e+01
  418 3.881000e+01
  419 3.875000e+01
  420 3.875000e+01
  421 3.875000e+01
  422 3.875000e+01
  423 3.868000e+01
  424 3.868000e+01
  425 3.868000e+01
  426 3.868000e+01
  427 3.868000e+01
  428 3.868000e+01
  429 3.868000e+01
  430 3.868000e+01
  431 3.868000e+01
  432 3.868000e+01
  433 3.868000e+01
  434 3.868000e+01
  435 3.868000e+01
  436 3.875000e+01
  437 3.875000e+01
  438 3.881000e+01
  439 3.887000e+01
  440 3.887000e+01
  441 3.893000e+01
  442    39
  443    39
  444 3.906000e+01
  445 3.906000e+01
  446 3.912000e+01
  447 3.918000e+01
  448 3.918000e+01
  449 3.918000e+01
  450 3.925000e+01
  451 3.925000e+01
  452 3.931000e+01
  453 3.931000e+01
  454 3.931000e+01
  455 3.931000e+01
  456 3.931000e+01
  457 3.937000e+01
  458 3.937000e+01
  459 3.937000e+01
  460 3.931000e+01
  461 3.931000e+01
  462 3.931000e+01
  463 3.931000e+01
  464 3.931000e+01
  465 3.931000e+01
  466 3.931000e+01
  467 3.931000e+01
  468 3.931000e+01
  469 3.931000e+01
  470 3.931000e+01
  471 3.931000e+01
  472 3.931000e+01
  473 3.931000e+01
  474 3.931000e+01
  475 3.931000e+01
  476 3.931000e+01
  477 3.931000e+01
  478 3.931000e+01
  479 3.931000e+01
  480 3.931000e+01
  481 3.931000e+01
  482 3.931000e+01
  483 3.931000e+01
  484 3.931000e+01
  485 3.925000e+01
  486 3.925000e+01
  487 3.918000e+01
  488 3.918000e+01
  489 3.918000e+01
  490 3.918000e+01
  491 3.918000e+01
  492 3.918000e+01
  493 3.918000e+01
  494 3.918000e+01
  495 3.918000e+01
  496 3.918000e+01
  497 3.925000e+01
  498 3.925000e+01
  499 3.925000e+01
  500 3.925000e+01
  501 3.925000e+01
  502 3.925000e+01
  503 3.925000e+01
  504 3.931000e+01
  505 3.931000e+01
  506 3.931000e+01
  507 3.931000e+01
  508 3.931000e+01
  509 3.931000e+01
  510 3.937000e+01
  511 3.937000e+01
  512 3.937000e+01
  513 3.937000e+01
  514 3.937000e+01
  515 3.937000e+01
  516 3.937000e+01
  517 3.937000e+01
  518 3.937000e+01
  519 3.937000e+01
  520 3.931000e+01
  521 3.925000e+01
  522 3.925000e+01
  523 3.918000e+01
  524 3.918000e+01
  525 3.912000e+01
  526 3.912000e+01
  527 3.906000e+01
  528 3.906000e+01
  529 3.906000e+01
  530 3.906000e+01
  531 3.912000e+01
  532 3.912000e+01
  533 3.912000e+01
  534 3.912000e+01
  535 3.912000e+01
  536 3.912000e+01
  537 3.912000e+01
  538 3.912000e+01
  539 3.918000e+01
  540 3.918000e+01
  541 3.918000e+01
  542 3.918000e+01
  543 3.918000e+01
  544 3.918000e+01
  545 3.925000e+01
  546 3.918000e+01
  547 3.925000e+01
  548 3.925000e+01
  549 3.925000e+01
  550 3.925000e+01
  551 3.925000e+01
  552 3.925000e+01
  553 3.925000e+01
  554 3.918000e+01
  555 3.918000e+01
  556 3.918000e+01
  557 3.918000e+01
  558 3.918000e+01
  559 3.912000e+01
  560 3.912000e+01
  561 3.912000e+01
  562 3.912000e+01
  563 3.912000e+01
  564 3.912000e+01
  565 3.912000e+01
  566 3.912000e+01
  567 3.912000e+01
  568 3.912000e+01
  569 3.912000e+01
  570 3.912000e+01
  571 3.912000e+01
  572 3.912000e+01
  573 3.912000e+01
  574 3.906000e+01
  575 3.906000e+01
  576    39
  577 3.893000e+01
  578 3.893000e+01
  579 3.893000e+01
  580 3.887000e+01
  581 3.887000e+01
  582 3.881000e+01
  583 3.881000e+01
  584 3.881000e+01
  585 3.875000e+01
  586 3.875000e+01
  587 3.875000e+01
  588 3.875000e+01
  589 3.875000e+01
  590 3.875000e+01
  591 3.875000e+01
  592 3.875000e+01
  593 3.875000e+01
  594 3.875000e+01
  595 3.875000e+01
  596 3.875000e+01
  597 3.875000e+01
  598 3.875000e+01
  599 3.875000e+01
  600 3.868000e+01
  601 3.868000e+01
  602 3.868000e+01
  603 3.868000e+01
  604 3.868000e+01
  605 3.868000e+01
  606 3.868000e+01
  607 3.868000e+01
  608 3.868000e+01
  609 3.868000e+01
  610 3.868000e+01
  611 3.868000e+01
  612 3.868000e+01
  613 3.868000e+01
  614 3.868000e+01
  615 3.868000e+01
  616 3.862000e+01
  617 3.862000e+01
  618 3.862000e+01
  619 3.856000e+01
  620 3.856000e+01
  621 3.850000e+01
  622 3.843000e+01
  623 3.843000e+01
  624 3.843000e+01
  625 3.837000e+01
  626 3.837000e+01
  627 3.831000e+01
  628 3.825000e+01
  629 3.818000e+01
  630 3.812000e+01
  631 3.806000e+01
  632    38
  633 3.793000e+01
  634 3.787000e+01
  635 3.781000e+01
  636 3.775000e+01
  637 3.768000e+01
  638 3.762000e+01
  639 3.750000e+01
  640 3.743000e+01
  641 3.731000e+01
  642 3.718000e+01
  643 3.712000e+01
  644    37
  645 3.693000e+01
  646 3.681000e+01
  647 3.675000e+01
  648 3.668000e+01
  649 3.668000e+01
  650 3.662000e+01
  651 3.656000e+01
  652 3.643000e+01
  653 3.643000e+01
  654 3.637000e+01
  655 3.631000e+01
  656 3.631000e+01
  657 3.625000e+01
  658 3.625000e+01
  659 3.618000e+01
  660 3.618000e+01
  661 3.618000e+01
  662 3.618000e+01
  663 3.612000e+01
  664 3.612000e+01
  665 3.612000e+01
  666 3.612000e+01
  667 3.612000e+01
  668 3.612000e+01
  669 3.606000e+01
  670 3.612000e+01
  671 3.606000e+01
  672 3.606000e+01
  673 3.606000e+01
  674 3.606000e+01
  675 3.606000e+01
  676 3.612000e+01
  677 3.612000e+01
  678 3.612000e+01
  679 3.612000e+01
  680 3.612000e+01
  681 3.618000e+01
  682 3.612000e+01
  683 3.612000e+01
  684 3.612000e+01
  685 3.612000e+01
  686 3.612000e+01
  687 3.612000e+01
  688 3.612000e+01
  689 3.612000e+01
  690 3.612000e+01
  691 3.612000e+01
  692 3.612000e+01
  693 3.612000e+01
  694 3.612000e+01
  695 3.612000e+01
  696 3.612000e+01
  697 3.612000e+01
  698 3.612000e+01
  699 3.606000e+01
  700 3.606000e+01
  701 3.612000e+01
  702 3.612000e+01
  703 3.612000e+01
  704 3.612000e+01
  705 3.612000e+01
  706 3.612000e+01
  707 3.612000e+01
  708 3.612000e+01
  709 3.612000e+01
  710 3.612000e+01
  711 3.612000e+01
  712 3.612000e+01
  713 3.612000e+01
  714 3.612000e+01
  715 3.612000e+01
  716 3.618000e+01
  717 3.625000e+01
  718 3.625000e+01
  719 3.625000e+01
  720 3.625000e+01
  721 3.631000e+01
  722 3.631000e+01
  723 3.631000e+01
  724 3.631000e+01
  725 3.631000e+01
  726 3.631000e+01
  727 3.631000e+01
  728 3.625000e+01
  729 3.625000e+01
  730 3.625000e+01
  731 3.618000e+01
  732 3.618000e+01
  733 3.618000e+01
  734 3.618000e+01
  735 3.612000e+01
  736 3.612000e+01
  737 3.612000e+01
  738 3.612000e+01
  739 3.612000e+01
  740 3.612000e+01
  741 3.606000e+01
  742 3.606000e+01
  743    36
  744    36
  745    36
  746    36
  747    36
  748 3.593000e+01
  749 3.593000e+01
  750 3.593000e+01
  751 3.593000e+01
  752 3.587000e+01
  753 3.587000e+01
  754 3.587000e+01
  755 3.593000e+01
  756 3.593000e+01
  757 3.593000e+01
  758 3.593000e+01
  759 3.593000e+01
  760 3.593000e+01
  761 3.593000e+01
  762 3.593000e+01
  763    36
  764    36
  765    36
  766 3.606000e+01
  767 3.606000e+01
  768 3.606000e+01
  769 3.606000e+01
  770 3.606000e+01
  771 3.612000e+01
  772 3.612000e+01
  773 3.612000e+01
  774 3.612000e+01
  775 3.618000e+01
  776 3.618000e+01
  777 3.618000e+01
  778 3.618000e+01
  779 3.625000e+01
  780 3.625000e+01
  781 3.625000e+01
  782 3.625000e+01
  783 3.625000e+01
  784 3.625000e+01
  785 3.625000e+01
  786 3.625000e+01
  787 3.625000e+01
  788 3.625000e+01
  789 3.625000e+01
  790 3.625000e+01
  791 3.625000e+01
  792 3.625000e+01
  793 3.625000e+01
  794 3.625000e+01
  795 3.625000e+01
  796 3.625000e+01
  797 3.625000e+01
  798 3.625000e+01
  799 3.625000e+01
  800 3.618000e+01
