    1 3.237000e+01
    2 3.237000e+01
    3 3.237000e+01
    4 3.237000e+01
    5 3.237000e+01
    6 3.237000e+01
    7 3.237000e+01
    8 3.243000e+01
    9 3.243000e+01
   10 3.243000e+01
   11 3.243000e+01
   12 3.243000e+01
   13 3.243000e+01
   14 3.243000e+01
   15 3.243000e+01
   16 3.243000e+01
   17 3.243000e+01
   18 3.243000e+01
   19 3.243000e+01
   20 3.243000e+01
   21 3.243000e+01
   22 3.243000e+01
   23 3.243000e+01
   24 3.243000e+01
   25 3.243000e+01
   26 3.243000e+01
   27 3.243000e+01
   28 3.243000e+01
   29 3.243000e+01
   30 3.243000e+01
   31 3.243000e+01
   32 3.243000e+01
   33 3.243000e+01
   34 3.243000e+01
   35 3.243000e+01
   36 3.243000e+01
   37 3.237000e+01
   38 3.243000e+01
   39 3.237000e+01
   40 3.237000e+01
   41 3.237000e+01
   42 3.237000e+01
   43 3.237000e+01
   44 3.237000e+01
   45 3.237000e+01
   46 3.243000e+01
   47 3.243000e+01
   48 3.243000e+01
   49 3.243000e+01
   50 3.243000e+01
   51 3.250000e+01
   52 3.250000e+01
   53 3.250000e+01
   54 3.250000e+01
   55 3.250000e+01
   56 3.256000e+01
   57 3.256000e+01
   58 3.256000e+01
   59 3.262000e+01
   60 3.262000e+01
   61 3.262000e+01
   62 3.268000e+01
   63 3.268000e+01
   64 3.268000e+01
   65 3.275000e+01
   66 3.275000e+01
   67 3.281000e+01
   68 3.281000e+01
   69 3.281000e+01
   70 3.287000e+01
   71 3.287000e+01
   72 3.287000e+01
   73 3.287000e+01
   74 3.293000e+01
   75 3.293000e+01
   76 3.293000e+01
   77 3.293000e+01
   78    33
   79    33
   80    33
   81 3.306000e+01
   82 3.306000e+01
   83 3.306000e+01
   84 3.306000e+01
   85 3.312000e+01
   86 3.312000e+01
   87 3.318000e+01
   88 3.318000e+01
   89 3.318000e+01
   90 3.325000e+01
   91 3.325000e+01
   92 3.325000e+01
   93 3.331000e+01
   94 3.331000e+01
   95 3.331000e+01
   96 3.337000e+01
   97 3.337000e+01
   98 3.337000e+01
   99 3.337000e+01
  100 3.337000e+01
  101 3.343000e+01
  102 3.343000e+01
  103 3.343000e+01
  104 3.343000e+01
  105 3.343000e+01
  106 3.350000e+01
  107 3.350000e+01
  108 3.350000e+01
  109 3.350000e+01
  110 3.356000e+01
  111 3.356000e+01
  112 3.356000e+01
  113 3.356000e+01
  114 3.356000e+01
  115 3.356000e+01
  116 3.356000e+01
  117 3.356000e+01
  118 3.356000e+01
  119 3.356000e+01
  120 3.356000e+01
  121 3.362000e+01
  122 3.362000e+01
  123 3.362000e+01
  124 3.362000e+01
  125 3.362000e+01
  126 3.362000e+01
  127 3.368000e+01
  128 3.368000e+01
  129 3.368000e+01
  130 3.368000e+01
  131 3.375000e+01
  132 3.375000e+01
  133 3.375000e+01
  134 3.375000e+01
  135 3.381000e+01
  136 3.381000e+01
  137 3.381000e+01
  138 3.381000e+01
  139 3.375000e+01
  140 3.375000e+01
  141 3.381000e+01
  142 3.375000e+01
  143 3.375000e+01
  144 3.381000e+01
  145 3.375000e+01
  146 3.375000e+01
  147 3.375000e+01
  148 3.375000e+01
  149 3.381000e+01
  150 3.381000e+01
  151 3.381000e+01
  152 3.381000e+01
  153 3.387000e+01
  154 3.387000e+01
  155 3.387000e+01
  156 3.387000e+01
  157 3.387000e+01
  158 3.387000e+01
  159 3.387000e+01
  160 3.387000e+01
  161 3.387000e+01
  162 3.387000e+01
  163 3.393000e+01
  164 3.393000e+01
  165 3.393000e+01
  166 3.393000e+01
  167 3.393000e+01
  168 3.393000e+01
  169 3.393000e+01
  170 3.393000e+01
  171 3.393000e+01
  172 3.393000e+01
  173 3.393000e+01
  174 3.393000e+01
  175 3.393000e+01
  176 3.393000e+01
  177 3.393000e+01
  178 3.393000e+01
  179 3.393000e+01
  180    34
  181    34
  182    34
  183    34
  184 3.406000e+01
  185 3.406000e+01
  186 3.406000e+01
  187 3.406000e+01
  188 3.406000e+01
  189 3.406000e+01
  190 3.406000e+01
  191 3.406000e+01
  192 3.406000e+01
  193 3.406000e+01
  194 3.412000e+01
  195 3.406000e+01
  196 3.406000e+01
  197 3.406000e+01
  198 3.406000e+01
  199 3.406000e+01
  200 3.412000e+01
  201 3.412000e+01
  202 3.412000e+01
  203 3.412000e+01
  204 3.418000e+01
  205 3.412000e+01
  206 3.418000e+01
  207 3.412000e+01
  208 3.412000e+01
  209 3.412000e+01
  210 3.418000e+01
  211 3.418000e+01
  212 3.418000e+01
  213 3.418000e+01
  214 3.418000e+01
  215 3.418000e+01
  216 3.425000e+01
  217 3.425000e+01
  218 3.425000e+01
  219 3.425000e+01
  220 3.425000e+01
  221 3.418000e+01
  222 3.425000e+01
  223 3.425000e+01
  224 3.425000e+01
  225 3.425000e+01
  226 3.425000e+01
  227 3.425000e+01
  228 3.425000e+01
  229 3.425000e+01
  230 3.431000e+01
  231 3.431000e+01
  232 3.431000e+01
  233 3.437000e+01
  234 3.437000e+01
  235 3.437000e+01
  236 3.437000e+01
  237 3.437000e+01
  238 3.437000e+01
  239 3.437000e+01
  240 3.437000e+01
  241 3.437000e+01
  242 3.437000e+01
  243 3.437000e+01
  244 3.437000e+01
  245 3.437000e+01
  246 3.431000e+01
  247 3.431000e+01
  248 3.431000e+01
  249 3.431000e+01
  250 3.431000e+01
