    1 3.262000e+01
    2 3.262000e+01
    3 3.262000e+01
    4 3.262000e+01
    5 3.262000e+01
    6 3.262000e+01
    7 3.262000e+01
    8 3.262000e+01
    9 3.262000e+01
   10 3.262000e+01
   11 3.262000e+01
   12 3.262000e+01
   13 3.268000e+01
   14 3.268000e+01
   15 3.268000e+01
   16 3.268000e+01
   17 3.275000e+01
   18 3.275000e+01
   19 3.275000e+01
   20 3.275000e+01
   21 3.275000e+01
   22 3.268000e+01
   23 3.275000e+01
   24 3.268000e+01
   25 3.268000e+01
   26 3.268000e+01
   27 3.268000e+01
   28 3.268000e+01
   29 3.268000e+01
   30 3.268000e+01
   31 3.262000e+01
   32 3.262000e+01
   33 3.268000e+01
   34 3.268000e+01
   35 3.268000e+01
   36 3.268000e+01
   37 3.268000e+01
   38 3.268000e+01
   39 3.268000e+01
   40 3.275000e+01
   41 3.275000e+01
   42 3.281000e+01
   43 3.287000e+01
   44 3.287000e+01
   45 3.293000e+01
   46    33
   47 3.306000e+01
   48 3.318000e+01
   49 3.325000e+01
   50 3.337000e+01
   51 3.343000e+01
   52 3.356000e+01
   53 3.368000e+01
   54 3.375000e+01
   55 3.387000e+01
   56    34
   57 3.418000e+01
   58 3.431000e+01
   59 3.443000e+01
   60 3.456000e+01
   61 3.468000e+01
   62 3.481000e+01
   63 3.493000e+01
   64 3.506000e+01
   65 3.518000e+01
   66 3.531000e+01
   67 3.543000e+01
   68 3.562000e+01
   69 3.575000e+01
   70 3.587000e+01
   71    36
   72 3.612000e+01
   73 3.631000e+01
   74 3.643000e+01
   75 3.656000e+01
   76 3.668000e+01
   77 3.675000e+01
   78 3.687000e+01
   79    37
   80 3.712000e+01
   81 3.718000e+01
   82 3.731000e+01
   83 3.737000e+01
   84 3.750000e+01
   85 3.762000e+01
   86 3.768000e+01
   87 3.781000e+01
   88 3.793000e+01
   89    38
   90 3.812000e+01
   91 3.825000e+01
   92 3.831000e+01
   93 3.843000e+01
   94 3.856000e+01
   95 3.868000e+01
   96 3.875000e+01
   97 3.887000e+01
   98 3.893000e+01
   99 3.906000e+01
  100 3.912000e+01
  101 3.925000e+01
  102 3.931000e+01
  103 3.937000e+01
  104 3.943000e+01
  105 3.956000e+01
  106 3.962000e+01
  107 3.968000e+01
  108 3.975000e+01
  109 3.981000e+01
  110 3.993000e+01
  111    40
  112 4.006000e+01
  113 4.018000e+01
  114 4.025000e+01
  115 4.031000e+01
  116 4.037000e+01
  117 4.043000e+01
  118 4.043000e+01
  119 4.056000e+01
  120 4.056000e+01
  121 4.062000e+01
  122 4.068000e+01
  123 4.075000e+01
  124 4.081000e+01
  125 4.087000e+01
  126 4.093000e+01
  127    41
  128 4.112000e+01
  129 4.118000e+01
  130 4.125000e+01
  131 4.131000e+01
  132 4.137000e+01
  133 4.143000e+01
  134 4.150000e+01
  135 4.156000e+01
  136 4.162000e+01
  137 4.168000e+01
  138 4.175000e+01
  139 4.181000e+01
  140 4.187000e+01
  141 4.187000e+01
  142 4.193000e+01
  143 4.193000e+01
  144    42
  145 4.206000e+01
  146 4.206000e+01
  147 4.212000e+01
  148 4.218000e+01
  149 4.218000e+01
  150 4.225000e+01
  151 4.225000e+01
  152 4.225000e+01
  153 4.231000e+01
  154 4.231000e+01
  155 4.237000e+01
  156 4.237000e+01
  157 4.237000e+01
  158 4.237000e+01
  159 4.243000e+01
  160 4.243000e+01
  161 4.243000e+01
  162 4.250000e+01
  163 4.250000e+01
  164 4.250000e+01
  165 4.256000e+01
  166 4.256000e+01
  167 4.262000e+01
  168 4.268000e+01
  169 4.268000e+01
  170 4.275000e+01
  171 4.281000e+01
  172 4.281000e+01
  173 4.287000e+01
  174 4.293000e+01
  175 4.293000e+01
  176 4.293000e+01
  177    43
  178    43
  179 4.306000e+01
  180 4.306000e+01
  181 4.312000e+01
  182 4.318000e+01
  183 4.318000e+01
  184 4.325000e+01
  185 4.331000e+01
  186 4.337000e+01
  187 4.343000e+01
  188 4.350000e+01
  189 4.350000e+01
  190 4.356000e+01
  191 4.362000e+01
  192 4.362000e+01
  193 4.368000e+01
  194 4.375000e+01
  195 4.375000e+01
  196 4.375000e+01
  197 4.375000e+01
  198 4.375000e+01
  199 4.381000e+01
  200 4.381000e+01
  201 4.381000e+01
  202 4.381000e+01
  203 4.381000e+01
  204 4.381000e+01
  205 4.381000e+01
  206 4.381000e+01
  207 4.387000e+01
  208 4.387000e+01
  209 4.387000e+01
  210 4.387000e+01
  211 4.387000e+01
  212 4.387000e+01
  213 4.393000e+01
  214 4.393000e+01
  215 4.393000e+01
  216 4.393000e+01
  217 4.393000e+01
  218 4.393000e+01
  219 4.393000e+01
  220 4.387000e+01
  221 4.393000e+01
  222 4.393000e+01
  223 4.393000e+01
  224    44
  225    44
  226    44
  227    44
  228    44
  229    44
  230    44
  231    44
  232 4.406000e+01
  233 4.406000e+01
  234 4.412000e+01
  235 4.412000e+01
  236 4.418000e+01
  237 4.418000e+01
  238 4.418000e+01
  239 4.418000e+01
  240 4.425000e+01
  241 4.425000e+01
  242 4.425000e+01
  243 4.425000e+01
  244 4.425000e+01
  245 4.425000e+01
  246 4.425000e+01
  247 4.425000e+01
  248 4.431000e+01
  249 4.431000e+01
  250 4.437000e+01
  251 4.437000e+01
  252 4.443000e+01
  253 4.443000e+01
  254 4.443000e+01
  255 4.443000e+01
  256 4.443000e+01
  257 4.443000e+01
  258 4.443000e+01
  259 4.443000e+01
  260 4.443000e+01
  261 4.443000e+01
  262 4.450000e+01
  263 4.450000e+01
  264 4.456000e+01
  265 4.456000e+01
  266 4.456000e+01
  267 4.462000e+01
  268 4.462000e+01
  269 4.462000e+01
  270 4.462000e+01
  271 4.468000e+01
  272 4.468000e+01
  273 4.468000e+01
  274 4.468000e+01
  275 4.468000e+01
  276 4.468000e+01
  277 4.468000e+01
  278 4.468000e+01
  279 4.462000e+01
  280 4.462000e+01
  281 4.462000e+01
  282 4.462000e+01
  283 4.468000e+01
  284 4.468000e+01
  285 4.475000e+01
  286 4.475000e+01
  287 4.475000e+01
  288 4.481000e+01
  289 4.481000e+01
  290 4.487000e+01
  291 4.487000e+01
  292 4.487000e+01
  293 4.493000e+01
  294 4.493000e+01
  295 4.493000e+01
  296 4.493000e+01
  297 4.487000e+01
  298 4.487000e+01
  299 4.481000e+01
  300 4.475000e+01
