    1 3.575000e+01
    2 3.575000e+01
    3 3.568000e+01
    4 3.568000e+01
    5 3.562000e+01
    6 3.556000e+01
    7 3.556000e+01
    8 3.550000e+01
    9 3.543000e+01
   10 3.537000e+01
   11 3.537000e+01
   12 3.531000e+01
   13 3.525000e+01
   14 3.518000e+01
   15 3.512000e+01
   16 3.506000e+01
   17 3.506000e+01
   18    35
   19 3.493000e+01
   20 3.487000e+01
   21 3.481000e+01
   22 3.481000e+01
   23 3.475000e+01
   24 3.475000e+01
   25 3.468000e+01
   26 3.468000e+01
   27 3.462000e+01
   28 3.468000e+01
   29 3.468000e+01
   30 3.468000e+01
   31 3.468000e+01
   32 3.468000e+01
   33 3.475000e+01
   34 3.481000e+01
   35 3.481000e+01
   36 3.487000e+01
   37 3.487000e+01
   38 3.493000e+01
   39    35
   40 3.506000e+01
   41 3.512000e+01
   42 3.518000e+01
   43 3.525000e+01
   44 3.531000e+01
   45 3.537000e+01
   46 3.550000e+01
   47 3.556000e+01
   48 3.568000e+01
   49 3.575000e+01
   50 3.587000e+01
   51 3.593000e+01
   52 3.606000e+01
   53 3.618000e+01
   54 3.625000e+01
   55 3.637000e+01
   56 3.650000e+01
   57 3.656000e+01
   58 3.662000e+01
   59 3.675000e+01
   60 3.681000e+01
   61 3.687000e+01
   62    37
   63 3.706000e+01
   64 3.712000e+01
   65 3.718000e+01
   66 3.725000e+01
   67 3.731000e+01
   68 3.737000e+01
   69 3.743000e+01
   70 3.743000e+01
   71 3.750000e+01
   72 3.756000e+01
   73 3.756000e+01
   74 3.756000e+01
   75 3.762000e+01
   76 3.762000e+01
   77 3.762000e+01
   78 3.762000e+01
   79 3.762000e+01
   80 3.762000e+01
   81 3.762000e+01
   82 3.756000e+01
   83 3.756000e+01
   84 3.750000e+01
   85 3.750000e+01
   86 3.743000e+01
   87 3.743000e+01
   88 3.743000e+01
   89 3.737000e+01
   90 3.737000e+01
   91 3.731000e+01
   92 3.725000e+01
   93 3.718000e+01
   94 3.712000e+01
   95 3.706000e+01
   96 3.706000e+01
   97    37
   98 3.693000e+01
   99 3.693000e+01
  100 3.687000e+01
  101 3.687000e+01
  102 3.681000e+01
  103 3.675000e+01
  104 3.668000e+01
  105 3.668000e+01
  106 3.662000e+01
  107 3.656000e+01
  108 3.656000e+01
  109 3.656000e+01
  110 3.650000e+01
  111 3.650000e+01
  112 3.643000e+01
  113 3.643000e+01
  114 3.637000e+01
  115 3.637000e+01
  116 3.631000e+01
  117 3.631000e+01
  118 3.625000e+01
  119 3.625000e+01
  120 3.625000e+01
  121 3.618000e+01
  122 3.612000e+01
  123 3.612000e+01
  124 3.606000e+01
  125 3.606000e+01
  126 3.606000e+01
  127 3.606000e+01
  128 3.612000e+01
  129 3.612000e+01
  130 3.612000e+01
  131 3.618000e+01
  132 3.618000e+01
  133 3.618000e+01
  134 3.618000e+01
  135 3.618000e+01
  136 3.618000e+01
  137 3.618000e+01
  138 3.625000e+01
  139 3.625000e+01
  140 3.625000e+01
  141 3.631000e+01
  142 3.631000e+01
  143 3.631000e+01
  144 3.637000e+01
  145 3.637000e+01
  146 3.643000e+01
  147 3.650000e+01
  148 3.656000e+01
  149 3.656000e+01
  150 3.662000e+01
  151 3.668000e+01
  152 3.668000e+01
  153 3.675000e+01
  154 3.675000e+01
  155 3.681000e+01
  156 3.681000e+01
  157 3.687000e+01
  158 3.687000e+01
  159 3.693000e+01
  160 3.693000e+01
  161 3.693000e+01
  162    37
  163    37
  164 3.706000e+01
  165 3.706000e+01
  166 3.706000e+01
  167 3.706000e+01
  168 3.706000e+01
  169 3.706000e+01
  170 3.706000e+01
  171 3.706000e+01
  172 3.706000e+01
  173 3.706000e+01
  174 3.706000e+01
  175 3.706000e+01
  176 3.706000e+01
  177 3.706000e+01
  178 3.706000e+01
  179 3.706000e+01
  180 3.706000e+01
  181 3.706000e+01
  182 3.706000e+01
  183 3.706000e+01
  184 3.706000e+01
  185 3.712000e+01
  186 3.706000e+01
  187 3.706000e+01
  188 3.712000e+01
  189 3.712000e+01
  190 3.712000e+01
  191 3.706000e+01
  192 3.706000e+01
  193 3.706000e+01
  194 3.706000e+01
  195 3.706000e+01
  196 3.706000e+01
  197 3.706000e+01
  198 3.706000e+01
  199 3.706000e+01
  200 3.706000e+01
  201 3.706000e+01
  202 3.706000e+01
  203 3.706000e+01
  204 3.706000e+01
  205 3.706000e+01
  206 3.712000e+01
  207 3.706000e+01
  208 3.706000e+01
  209 3.706000e+01
  210    37
  211    37
  212 3.693000e+01
  213 3.693000e+01
  214 3.693000e+01
  215 3.693000e+01
  216 3.687000e+01
  217 3.687000e+01
  218 3.687000e+01
  219 3.687000e+01
  220 3.693000e+01
  221 3.693000e+01
  222    37
  223    37
  224 3.706000e+01
  225 3.706000e+01
  226 3.712000e+01
  227 3.712000e+01
  228 3.712000e+01
  229 3.718000e+01
  230 3.712000e+01
  231 3.712000e+01
  232 3.706000e+01
  233 3.706000e+01
  234    37
  235    37
  236    37
  237    37
  238    37
  239    37
  240    37
  241 3.693000e+01
  242 3.693000e+01
  243 3.693000e+01
  244 3.693000e+01
  245 3.693000e+01
  246 3.693000e+01
  247 3.693000e+01
  248 3.693000e+01
  249 3.693000e+01
  250 3.693000e+01
  251 3.693000e+01
  252 3.693000e+01
  253 3.693000e+01
  254 3.693000e+01
  255 3.693000e+01
  256 3.693000e+01
  257 3.693000e+01
  258 3.693000e+01
  259 3.693000e+01
  260 3.693000e+01
  261 3.693000e+01
  262 3.693000e+01
  263 3.693000e+01
  264 3.693000e+01
  265 3.693000e+01
  266 3.693000e+01
  267 3.693000e+01
  268 3.693000e+01
  269 3.693000e+01
  270 3.693000e+01
  271 3.693000e+01
  272 3.693000e+01
  273 3.693000e+01
  274 3.693000e+01
  275 3.693000e+01
  276 3.693000e+01
  277 3.693000e+01
  278    37
  279 3.693000e+01
  280 3.693000e+01
  281 3.693000e+01
  282 3.693000e+01
  283 3.693000e+01
  284    37
  285    37
  286    37
  287    37
  288    37
  289 3.706000e+01
  290 3.706000e+01
  291 3.706000e+01
  292 3.706000e+01
  293 3.712000e+01
  294 3.712000e+01
  295 3.712000e+01
  296 3.718000e+01
  297 3.718000e+01
  298 3.712000e+01
  299 3.712000e+01
  300 3.712000e+01
  301 3.712000e+01
  302 3.712000e+01
  303 3.706000e+01
  304 3.706000e+01
  305 3.706000e+01
  306 3.706000e+01
  307 3.706000e+01
  308 3.706000e+01
  309 3.706000e+01
  310 3.706000e+01
  311 3.706000e+01
  312 3.706000e+01
  313 3.706000e+01
  314 3.712000e+01
  315 3.712000e+01
  316 3.718000e+01
  317 3.725000e+01
  318 3.731000e+01
  319 3.731000e+01
  320 3.743000e+01
  321 3.750000e+01
  322 3.756000e+01
  323 3.762000e+01
  324 3.768000e+01
  325 3.775000e+01
  326 3.781000e+01
  327 3.787000e+01
  328 3.793000e+01
  329    38
  330 3.806000e+01
  331 3.812000e+01
  332 3.818000e+01
  333 3.825000e+01
  334 3.831000e+01
  335 3.837000e+01
  336 3.843000e+01
  337 3.850000e+01
  338 3.856000e+01
  339 3.862000e+01
  340 3.868000e+01
  341 3.875000e+01
  342 3.881000e+01
  343 3.887000e+01
  344 3.893000e+01
  345    39
  346 3.906000e+01
  347 3.906000e+01
  348 3.912000e+01
  349 3.912000e+01
  350 3.918000e+01
  351 3.925000e+01
  352 3.931000e+01
  353 3.931000e+01
  354 3.937000e+01
  355 3.943000e+01
  356 3.943000e+01
  357 3.943000e+01
  358 3.943000e+01
  359 3.943000e+01
  360 3.943000e+01
  361 3.937000e+01
  362 3.937000e+01
  363 3.931000e+01
  364 3.931000e+01
  365 3.931000e+01
  366 3.925000e+01
  367 3.925000e+01
  368 3.925000e+01
  369 3.918000e+01
  370 3.918000e+01
  371 3.918000e+01
  372 3.912000e+01
  373 3.912000e+01
  374 3.912000e+01
  375 3.906000e+01
  376 3.906000e+01
  377 3.906000e+01
  378    39
  379    39
  380 3.893000e+01
  381 3.893000e+01
  382 3.887000e+01
  383 3.887000e+01
  384 3.881000e+01
  385 3.881000e+01
  386 3.875000e+01
  387 3.875000e+01
  388 3.868000e+01
  389 3.868000e+01
  390 3.862000e+01
  391 3.862000e+01
  392 3.856000e+01
  393 3.856000e+01
  394 3.856000e+01
  395 3.856000e+01
  396 3.856000e+01
  397 3.850000e+01
  398 3.850000e+01
  399 3.850000e+01
  400 3.850000e+01
  401 3.843000e+01
  402 3.843000e+01
  403 3.837000e+01
  404 3.837000e+01
  405 3.837000e+01
  406 3.837000e+01
  407 3.837000e+01
  408 3.837000e+01
  409 3.837000e+01
  410 3.837000e+01
  411 3.837000e+01
  412 3.837000e+01
  413 3.837000e+01
  414 3.843000e+01
  415 3.843000e+01
  416 3.843000e+01
  417 3.843000e+01
  418 3.843000e+01
  419 3.843000e+01
  420 3.843000e+01
  421 3.843000e+01
  422 3.850000e+01
  423 3.850000e+01
  424 3.850000e+01
  425 3.850000e+01
  426 3.850000e+01
  427 3.850000e+01
  428 3.850000e+01
  429 3.850000e+01
  430 3.856000e+01
  431 3.862000e+01
  432 3.862000e+01
  433 3.868000e+01
  434 3.868000e+01
  435 3.875000e+01
  436 3.881000e+01
  437 3.887000e+01
  438 3.887000e+01
  439 3.893000e+01
  440    39
  441    39
  442 3.906000e+01
  443 3.906000e+01
  444 3.906000e+01
  445 3.906000e+01
  446 3.912000e+01
  447 3.912000e+01
  448 3.912000e+01
  449 3.912000e+01
  450 3.912000e+01
  451 3.912000e+01
  452 3.912000e+01
  453 3.906000e+01
  454 3.906000e+01
  455 3.906000e+01
  456 3.906000e+01
  457 3.906000e+01
  458 3.906000e+01
  459 3.906000e+01
  460 3.906000e+01
  461 3.912000e+01
  462 3.912000e+01
  463 3.912000e+01
  464 3.912000e+01
  465 3.912000e+01
  466 3.912000e+01
  467 3.912000e+01
  468 3.918000e+01
  469 3.912000e+01
  470 3.918000e+01
  471 3.912000e+01
  472 3.912000e+01
  473 3.918000e+01
  474 3.918000e+01
  475 3.918000e+01
  476 3.918000e+01
  477 3.925000e+01
  478 3.918000e+01
  479 3.918000e+01
  480 3.918000e+01
  481 3.918000e+01
  482 3.912000e+01
  483 3.912000e+01
  484 3.906000e+01
  485 3.906000e+01
  486 3.906000e+01
  487    39
  488    39
  489 3.906000e+01
  490 3.906000e+01
  491 3.906000e+01
  492 3.906000e+01
  493 3.912000e+01
  494 3.912000e+01
  495 3.912000e+01
  496 3.912000e+01
  497 3.912000e+01
  498 3.912000e+01
  499 3.906000e+01
  500 3.906000e+01
  501    39
  502    39
  503    39
  504    39
  505    39
  506    39
  507 3.906000e+01
  508 3.906000e+01
  509 3.906000e+01
  510 3.912000e+01
  511 3.912000e+01
  512 3.912000e+01
  513 3.912000e+01
  514 3.912000e+01
  515 3.918000e+01
  516 3.918000e+01
  517 3.918000e+01
  518 3.918000e+01
  519 3.918000e+01
  520 3.918000e+01
  521 3.918000e+01
  522 3.918000e+01
  523 3.918000e+01
  524 3.918000e+01
  525 3.918000e+01
  526 3.918000e+01
  527 3.912000e+01
  528 3.912000e+01
  529 3.906000e+01
  530 3.906000e+01
  531 3.906000e+01
  532    39
  533    39
  534    39
  535 3.893000e+01
  536 3.893000e+01
  537 3.887000e+01
  538 3.887000e+01
  539 3.887000e+01
  540 3.887000e+01
  541 3.887000e+01
  542 3.887000e+01
  543 3.887000e+01
  544 3.887000e+01
  545 3.881000e+01
  546 3.881000e+01
  547 3.881000e+01
  548 3.875000e+01
  549 3.875000e+01
  550 3.875000e+01
  551 3.875000e+01
  552 3.868000e+01
  553 3.868000e+01
  554 3.868000e+01
  555 3.868000e+01
  556 3.868000e+01
  557 3.875000e+01
  558 3.875000e+01
  559 3.875000e+01
  560 3.875000e+01
  561 3.875000e+01
  562 3.875000e+01
  563 3.875000e+01
  564 3.875000e+01
  565 3.875000e+01
  566 3.868000e+01
  567 3.868000e+01
  568 3.868000e+01
  569 3.862000e+01
  570 3.862000e+01
  571 3.862000e+01
  572 3.862000e+01
  573 3.856000e+01
  574 3.856000e+01
  575 3.862000e+01
  576 3.862000e+01
  577 3.868000e+01
  578 3.868000e+01
  579 3.875000e+01
  580 3.875000e+01
  581 3.881000e+01
  582 3.887000e+01
  583 3.893000e+01
  584 3.893000e+01
  585    39
  586    39
  587    39
  588 3.906000e+01
  589 3.906000e+01
  590 3.906000e+01
  591 3.912000e+01
  592 3.912000e+01
  593 3.918000e+01
  594 3.918000e+01
  595 3.925000e+01
  596 3.925000e+01
  597 3.931000e+01
  598 3.931000e+01
  599 3.931000e+01
  600 3.937000e+01
  601 3.937000e+01
  602 3.937000e+01
  603 3.937000e+01
  604 3.937000e+01
  605 3.937000e+01
  606 3.937000e+01
  607 3.937000e+01
  608 3.937000e+01
  609 3.937000e+01
  610 3.931000e+01
  611 3.931000e+01
  612 3.931000e+01
  613 3.925000e+01
  614 3.918000e+01
  615 3.912000e+01
  616 3.906000e+01
  617    39
  618 3.893000e+01
  619 3.881000e+01
  620 3.868000e+01
  621 3.862000e+01
  622 3.850000e+01
  623 3.837000e+01
  624 3.825000e+01
  625 3.812000e+01
  626    38
  627 3.787000e+01
  628 3.775000e+01
  629 3.762000e+01
  630 3.750000e+01
  631 3.737000e+01
  632 3.725000e+01
  633 3.712000e+01
  634    37
  635 3.687000e+01
  636 3.675000e+01
  637 3.662000e+01
  638 3.650000e+01
  639 3.643000e+01
  640 3.631000e+01
  641 3.618000e+01
  642 3.612000e+01
  643 3.606000e+01
  644 3.593000e+01
  645 3.587000e+01
  646 3.581000e+01
  647 3.568000e+01
  648 3.562000e+01
  649 3.556000e+01
  650 3.543000e+01
  651 3.537000e+01
  652 3.531000e+01
  653 3.525000e+01
  654 3.518000e+01
  655 3.512000e+01
  656 3.506000e+01
  657    35
  658 3.493000e+01
  659 3.493000e+01
  660 3.493000e+01
  661 3.487000e+01
  662 3.487000e+01
  663 3.487000e+01
  664 3.487000e+01
  665 3.487000e+01
  666 3.487000e+01
  667 3.493000e+01
  668 3.493000e+01
  669 3.493000e+01
  670 3.493000e+01
  671 3.493000e+01
  672 3.493000e+01
  673 3.493000e+01
  674    35
  675    35
  676    35
  677 3.506000e+01
  678 3.512000e+01
  679 3.518000e+01
  680 3.525000e+01
  681 3.531000e+01
  682 3.537000e+01
  683 3.537000e+01
  684 3.543000e+01
  685 3.550000e+01
  686 3.550000e+01
  687 3.556000e+01
  688 3.562000e+01
  689 3.568000e+01
  690 3.575000e+01
  691 3.581000e+01
  692 3.587000e+01
  693 3.593000e+01
  694 3.593000e+01
  695    36
  696 3.606000e+01
  697 3.612000e+01
  698 3.618000e+01
  699 3.618000e+01
  700 3.625000e+01
  701 3.631000e+01
  702 3.631000e+01
  703 3.637000e+01
  704 3.643000e+01
  705 3.643000e+01
  706 3.650000e+01
  707 3.650000e+01
  708 3.656000e+01
  709 3.656000e+01
  710 3.662000e+01
  711 3.662000e+01
  712 3.668000e+01
  713 3.668000e+01
  714 3.668000e+01
  715 3.668000e+01
  716 3.668000e+01
  717 3.668000e+01
  718 3.668000e+01
  719 3.668000e+01
  720 3.668000e+01
  721 3.668000e+01
  722 3.668000e+01
  723 3.668000e+01
  724 3.668000e+01
  725 3.668000e+01
  726 3.668000e+01
  727 3.668000e+01
  728 3.668000e+01
  729 3.668000e+01
  730 3.662000e+01
  731 3.662000e+01
  732 3.662000e+01
  733 3.662000e+01
  734 3.656000e+01
  735 3.656000e+01
  736 3.656000e+01
  737 3.656000e+01
  738 3.650000e+01
  739 3.650000e+01
  740 3.643000e+01
  741 3.643000e+01
  742 3.643000e+01
  743 3.637000e+01
  744 3.637000e+01
  745 3.631000e+01
  746 3.631000e+01
  747 3.625000e+01
  748 3.618000e+01
  749 3.612000e+01
  750 3.606000e+01
  751 3.606000e+01
  752    36
  753 3.593000e+01
  754 3.593000e+01
  755 3.587000e+01
  756 3.587000e+01
  757 3.587000e+01
  758 3.581000e+01
  759 3.581000e+01
  760 3.581000e+01
  761 3.581000e+01
  762 3.575000e+01
  763 3.575000e+01
  764 3.575000e+01
  765 3.575000e+01
  766 3.575000e+01
  767 3.575000e+01
  768 3.575000e+01
  769 3.575000e+01
  770 3.575000e+01
  771 3.575000e+01
  772 3.575000e+01
  773 3.575000e+01
  774 3.575000e+01
  775 3.575000e+01
  776 3.575000e+01
  777 3.575000e+01
  778 3.575000e+01
  779 3.575000e+01
  780 3.575000e+01
  781 3.575000e+01
  782 3.575000e+01
  783 3.575000e+01
  784 3.575000e+01
  785 3.568000e+01
  786 3.568000e+01
  787 3.568000e+01
  788 3.562000e+01
  789 3.562000e+01
  790 3.562000e+01
  791 3.562000e+01
  792 3.562000e+01
  793 3.562000e+01
  794 3.562000e+01
  795 3.556000e+01
  796 3.556000e+01
  797 3.556000e+01
  798 3.562000e+01
  799 3.562000e+01
  800 3.562000e+01
