    1 2.380952e-02
    2 2.380952e-02
    3 2.380952e-02
    4 2.380952e-02
    5 2.047619e-02
    6 2.047619e-02
    7 2.047619e-02
    8 2.047619e-02
    9 2.047619e-02
   10 2.047619e-02
   11 2.047619e-02
   12 2.047619e-02
   13 2.047619e-02
   14 2.047619e-02
   15 2.047619e-02
   16 2.047619e-02
   17 2.047619e-02
   18 2.047619e-02
   19 2.047619e-02
   20 1.761905e-02
   21 2.047619e-02
   22 2.047619e-02
   23 2.047619e-02
   24 2.047619e-02
   25 2.047619e-02
   26 2.380952e-02
   27 2.380952e-02
   28 2.666667e-02
   29 2.666667e-02
   30 2.666667e-02
   31 2.666667e-02
   32 2.666667e-02
   33 2.666667e-02
   34 2.666667e-02
   35 2.666667e-02
   36 2.666667e-02
   37 2.666667e-02
   38 2.952381e-02
   39 2.952381e-02
   40 2.952381e-02
   41 2.952381e-02
   42 2.952381e-02
   43 3.238095e-02
   44 3.238095e-02
   45 3.571429e-02
   46 3.571429e-02
   47 3.857143e-02
   48 4.142857e-02
   49 4.428571e-02
   50 4.761905e-02
   51 5.047619e-02
   52 5.333333e-02
   53 5.619048e-02
   54 5.952381e-02
   55 6.238095e-02
   56 6.809524e-02
   57 7.142857e-02
   58 7.714286e-02
   59 8.000000e-02
   60 8.333333e-02
   61 8.904762e-02
   62 9.190476e-02
   63 9.809524e-02
   64 1.009524e-01
   65 1.071429e-01
   66 1.100000e-01
   67 1.128571e-01
   68 1.190476e-01
   69 1.219048e-01
   70 1.276190e-01
   71 1.309524e-01
   72 1.338095e-01
   73 1.366667e-01
   74 1.428571e-01
   75 1.457143e-01
   76 1.485714e-01
   77 1.547619e-01
   78 1.576190e-01
   79 1.604762e-01
   80 1.666667e-01
   81 1.695238e-01
   82 1.723810e-01
   83 1.752381e-01
   84 1.785714e-01
   85 1.814286e-01
   86 1.871429e-01
   87 1.904762e-01
   88 1.961905e-01
   89 1.990476e-01
   90 2.023810e-01
   91 2.052381e-01
   92 2.080952e-01
   93 2.109524e-01
   94 2.171429e-01
   95 2.200000e-01
   96 2.228571e-01
   97 2.261905e-01
   98 2.261905e-01
   99 2.290476e-01
  100 2.319048e-01
  101 2.347619e-01
  102 2.347619e-01
  103 2.409524e-01
  104 2.438095e-01
  105 2.466667e-01
  106 2.500000e-01
  107 2.528571e-01
  108 2.557143e-01
  109 2.585714e-01
  110 2.619048e-01
  111 2.647619e-01
  112 2.676190e-01
  113 2.676190e-01
  114 2.704762e-01
  115 2.738095e-01
  116 2.738095e-01
  117 2.766667e-01
  118 2.795238e-01
  119 2.823810e-01
  120 2.857143e-01
  121 2.857143e-01
  122 2.857143e-01
  123 2.885714e-01
  124 2.885714e-01
  125 2.885714e-01
  126 2.914286e-01
  127 2.942857e-01
  128 2.942857e-01
  129 2.976190e-01
  130 2.976190e-01
  131 3.004762e-01
  132 3.004762e-01
  133 3.033333e-01
  134 3.033333e-01
  135 3.033333e-01
  136 3.033333e-01
  137 3.061905e-01
  138 3.061905e-01
  139 3.095238e-01
  140 3.095238e-01
  141 3.123810e-01
  142 3.152381e-01
  143 3.180952e-01
  144 3.180952e-01
  145 3.214286e-01
  146 3.214286e-01
  147 3.242857e-01
  148 3.242857e-01
  149 3.271429e-01
  150 3.271429e-01
  151 3.300000e-01
  152 3.300000e-01
  153 3.300000e-01
  154 3.333333e-01
  155 3.333333e-01
  156 3.361905e-01
  157 3.361905e-01
  158 3.390476e-01
  159 3.390476e-01
  160 3.390476e-01
  161 3.390476e-01
  162 3.419048e-01
  163 3.419048e-01
  164 3.419048e-01
  165 3.452381e-01
  166 3.452381e-01
  167 3.452381e-01
  168 3.480952e-01
  169 3.480952e-01
  170 3.480952e-01
  171 3.480952e-01
  172 3.480952e-01
  173 3.509524e-01
  174 3.480952e-01
  175 3.509524e-01
  176 3.509524e-01
  177 3.509524e-01
  178 3.509524e-01
  179 3.509524e-01
  180 3.509524e-01
  181 3.509524e-01
  182 3.509524e-01
  183 3.538095e-01
  184 3.538095e-01
  185 3.571429e-01
  186 3.571429e-01
  187 3.571429e-01
  188 3.600000e-01
  189 3.600000e-01
  190 3.628571e-01
  191 3.628571e-01
  192 3.628571e-01
  193 3.628571e-01
  194 3.628571e-01
  195 3.628571e-01
  196 3.657143e-01
  197 3.657143e-01
  198 3.657143e-01
  199 3.690476e-01
  200 3.690476e-01
  201 3.690476e-01
  202 3.690476e-01
  203 3.690476e-01
  204 3.690476e-01
  205 3.690476e-01
  206 3.690476e-01
  207 3.690476e-01
  208 3.690476e-01
  209 3.719048e-01
  210 3.719048e-01
  211 3.719048e-01
  212 3.719048e-01
  213 3.719048e-01
  214 3.719048e-01
  215 3.719048e-01
  216 3.719048e-01
  217 3.747619e-01
  218 3.747619e-01
  219 3.747619e-01
  220 3.776190e-01
  221 3.776190e-01
  222 3.776190e-01
  223 3.809524e-01
  224 3.809524e-01
  225 3.809524e-01
  226 3.809524e-01
  227 3.838095e-01
  228 3.838095e-01
  229 3.838095e-01
  230 3.866667e-01
  231 3.866667e-01
  232 3.866667e-01
  233 3.866667e-01
  234 3.866667e-01
  235 3.866667e-01
  236 3.895238e-01
  237 3.895238e-01
  238 3.895238e-01
  239 3.895238e-01
  240 3.895238e-01
  241 3.895238e-01
  242 3.895238e-01
  243 3.928571e-01
  244 3.928571e-01
  245 3.957143e-01
  246 3.957143e-01
  247 3.957143e-01
  248 3.957143e-01
  249 3.957143e-01
  250 3.957143e-01
  251 3.957143e-01
  252 3.957143e-01
  253 3.957143e-01
  254 3.957143e-01
  255 3.985714e-01
  256 3.985714e-01
  257 4.014286e-01
  258 4.014286e-01
  259 4.014286e-01
  260 4.014286e-01
  261 4.047619e-01
  262 4.047619e-01
  263 4.047619e-01
  264 4.047619e-01
  265 4.047619e-01
  266 4.047619e-01
  267 4.047619e-01
  268 4.047619e-01
  269 4.047619e-01
  270 4.076190e-01
  271 4.047619e-01
  272 4.047619e-01
  273 4.047619e-01
  274 4.047619e-01
  275 4.047619e-01
  276 4.047619e-01
  277 4.076190e-01
  278 4.047619e-01
  279 4.076190e-01
  280 4.076190e-01
  281 4.076190e-01
  282 4.076190e-01
  283 4.076190e-01
  284 4.076190e-01
  285 4.076190e-01
  286 4.076190e-01
  287 4.076190e-01
  288 4.076190e-01
  289 4.076190e-01
  290 4.104762e-01
  291 4.104762e-01
  292 4.133333e-01
  293 4.133333e-01
  294 4.133333e-01
  295 4.133333e-01
  296 4.166667e-01
  297 4.166667e-01
  298 4.166667e-01
  299 4.195238e-01
  300 4.195238e-01
