    1     0
    2     0
    3     0
    4     0
    5     0
    6     0
    7     0
    8     0
    9     0
   10     0
   11     0
   12     0
   13     0
   14     0
   15     0
   16     0
   17     0
   18     0
   19     0
   20     0
   21     0
   22     0
   23     0
   24     0
   25     0
   26     0
   27     0
   28     0
   29     0
   30     0
   31     0
   32     0
   33     0
   34     0
   35     0
   36     0
   37     0
   38     0
   39     0
   40     0
   41     0
   42 5.543776e-03
   43 1.105011e-02
   44 1.648402e-02
   45 2.184623e-02
   46 2.713768e-02
   47 3.235930e-02
   48 3.751202e-02
   49 4.259676e-02
   50 4.761439e-02
   51 5.256582e-02
   52 5.745191e-02
   53 6.227352e-02
   54 6.703151e-02
   55 7.172672e-02
   56 7.635997e-02
   57 8.093208e-02
   58 8.544386e-02
   59 8.989611e-02
   60 9.428961e-02
   61 9.862513e-02
   62 1.029034e-01
   63 1.071253e-01
   64 1.112915e-01
   65 1.154026e-01
   66 1.194596e-01
   67 1.234629e-01
   68 1.274135e-01
   69 1.313119e-01
   70 1.351589e-01
   71 1.389552e-01
   72 1.427013e-01
   73 1.463980e-01
   74 1.500459e-01
   75 1.536457e-01
   76 1.571980e-01
   77 1.607034e-01
   78 1.641626e-01
   79 1.675761e-01
   80 1.709446e-01
   81 1.742686e-01
   82 1.775488e-01
   83 1.807856e-01
   84 1.839798e-01
   85 1.871318e-01
   86 1.902422e-01
   87 1.933116e-01
   88 1.963405e-01
   89 1.993294e-01
   90 2.022789e-01
   91 2.051894e-01
   92 2.080616e-01
   93 2.108958e-01
   94 2.136927e-01
   95 2.164526e-01
   96 2.191761e-01
   97 2.218637e-01
   98 2.245158e-01
   99 2.271329e-01
  100 2.297155e-01
  101 2.322640e-01
  102 2.347789e-01
  103 2.372606e-01
  104 2.397096e-01
  105 2.421262e-01
  106 2.445110e-01
  107 2.468642e-01
  108 2.491865e-01
  109 2.514780e-01
  110 2.537394e-01
  111 2.559709e-01
  112 2.581729e-01
  113 2.603459e-01
  114 2.624903e-01
  115 2.646063e-01
  116 2.666944e-01
  117 2.687550e-01
  118 2.707883e-01
  119 2.727949e-01
  120 2.747749e-01
  121 2.767288e-01
  122 2.786570e-01
  123 2.805597e-01
  124 2.824373e-01
  125 2.842901e-01
  126 2.861185e-01
  127 2.879227e-01
  128 2.897032e-01
  129 2.914601e-01
  130 2.931939e-01
  131 2.949047e-01
  132 2.965931e-01
  133 2.982591e-01
  134 2.999031e-01
  135 3.015255e-01
  136 3.031264e-01
  137 3.047062e-01
  138 3.062652e-01
  139 3.078036e-01
  140 3.093217e-01
  141 3.108198e-01
  142 3.122981e-01
  143 3.137569e-01
  144 3.151964e-01
  145 3.166170e-01
  146 3.180188e-01
  147 3.194021e-01
  148 3.207671e-01
  149 3.221142e-01
  150 3.234434e-01
  151 3.247551e-01
  152 3.260496e-01
  153 3.273269e-01
  154 3.285874e-01
  155 3.298312e-01
  156 3.310586e-01
  157 3.322699e-01
  158 3.334651e-01
  159 3.346446e-01
  160 3.358085e-01
  161 3.369571e-01
  162 3.380905e-01
  163 3.392090e-01
  164 3.403126e-01
  165 3.414018e-01
  166 3.424765e-01
  167 3.435371e-01
  168 3.445837e-01
  169 3.456164e-01
  170 3.466356e-01
  171 3.476413e-01
  172 3.486337e-01
  173 3.496130e-01
  174 3.505794e-01
  175 3.515331e-01
  176 3.524741e-01
  177 3.534028e-01
  178 3.543192e-01
  179 3.552235e-01
  180 3.561159e-01
  181 3.569965e-01
  182 3.578654e-01
  183 3.587229e-01
  184 3.595691e-01
  185 3.604042e-01
  186 3.612282e-01
  187 3.620413e-01
  188 3.628437e-01
  189 3.636355e-01
  190 3.644169e-01
  191 3.651879e-01
  192 3.659488e-01
  193 3.666997e-01
  194 3.674406e-01
  195 3.681718e-01
  196 3.688933e-01
  197 3.696053e-01
  198 3.703079e-01
  199 3.710012e-01
  200 3.716854e-01
  201 3.723605e-01
  202 3.730268e-01
  203 3.736842e-01
  204 3.743330e-01
  205 3.749732e-01
  206 3.756049e-01
  207 3.762284e-01
  208 3.768436e-01
  209 3.774507e-01
  210 3.780497e-01
  211 3.786409e-01
  212 3.792243e-01
  213 3.797999e-01
  214 3.803680e-01
  215 3.809286e-01
  216 3.814818e-01
  217 3.820276e-01
  218 3.825663e-01
  219 3.830979e-01
  220 3.836224e-01
  221 3.841401e-01
  222 3.846509e-01
  223 3.851549e-01
  224 3.856523e-01
  225 3.861432e-01
  226 3.866275e-01
  227 3.871055e-01
  228 3.875772e-01
  229 3.880426e-01
  230 3.885019e-01
  231 3.889552e-01
  232 3.894025e-01
  233 3.898438e-01
  234 3.902794e-01
  235 3.907091e-01
  236 3.911333e-01
  237 3.915518e-01
  238 3.919648e-01
  239 3.923723e-01
  240 3.927745e-01
  241 3.931714e-01
  242 3.935630e-01
  243 3.939495e-01
  244 3.943308e-01
  245 3.947072e-01
  246 3.950785e-01
  247 3.954450e-01
  248 3.958066e-01
  249 3.961635e-01
  250 3.965156e-01
  251 3.968631e-01
  252 3.972060e-01
  253 3.975444e-01
  254 3.978783e-01
  255 3.982079e-01
  256 3.985330e-01
  257 3.988539e-01
  258 3.991706e-01
  259 3.994830e-01
  260 3.997914e-01
  261 4.000956e-01
  262 4.003959e-01
  263 4.006922e-01
  264 4.009846e-01
  265 4.012731e-01
  266 4.015578e-01
  267 4.018388e-01
  268 4.021161e-01
  269 4.023897e-01
  270 4.026596e-01
  271 4.029261e-01
  272 4.031890e-01
  273 4.034484e-01
  274 4.037044e-01
  275 4.039571e-01
  276 4.042064e-01
  277 4.044524e-01
  278 4.046952e-01
  279 4.049347e-01
  280 4.051711e-01
  281 4.054044e-01
  282 4.056346e-01
  283 4.058618e-01
  284 4.060860e-01
  285 4.063072e-01
  286 4.065255e-01
  287 4.067409e-01
  288 4.069535e-01
  289 4.071632e-01
  290 4.073702e-01
  291 4.075745e-01
  292 4.077761e-01
  293 4.079750e-01
  294 4.081713e-01
  295 4.083650e-01
  296 4.085561e-01
  297 4.087447e-01
  298 4.089309e-01
  299 4.091145e-01
  300 4.092958e-01
