    1 2.597663e-01
    2 2.509763e-01
    3 2.422125e-01
    4 2.334992e-01
    5 2.248421e-01
    6 2.162471e-01
    7 2.077207e-01
    8 4.878267e+00
    9 1.909001e-01
   10 1.826218e-01
   11 1.744394e-01
   12 1.663620e-01
   13 1.583999e-01
   14 1.506139e-01
   15 1.428577e-01
   16 1.352958e-01
   17 1.278886e-01
   18 1.206496e-01
   19 1.136113e-01
   20 1.067666e-01
   21 1.001291e-01
   22 9.371395e-02
   23 8.754718e-02
   24 8.161791e-02
   25 7.593724e-02
   26 7.052187e-02
   27 6.536123e-02
   28 6.047075e-02
   29 5.587659e-02
   30 5.158903e-02
   31 4.764149e-02
   32 4.404954e-02
   33 4.083970e-02
   34 3.803670e-02
   35 3.568990e-02
   36 3.378468e-02
   37 3.236849e-02
   38 3.145354e-02
   39 3.108283e-02
   40 3.129392e-02
   41 3.212696e-02
   42 3.359485e-02
   43 3.574158e-02
   44 3.856697e-02
   45 4.214413e-02
   46 4.648133e-02
   47 5.159808e-02
   48 5.751495e-02
   49 6.434293e-02
   50 7.181692e-02
