0 32.5
1 32.5
2 32.5
3 32.5
4 32.5
5 32.5
6 32.5
7 32.5
8 32.5
9 32.5
10 32.5
11 37
12 37
13 37
14 37
15 37
16 37
17 37
18 37
19 37
20 37
21 37
22 37
23 37
24 37
25 37
26 37
27 37
28 37
29 37
30 37
31 37
32 37
33 37
34 37
35 37
36 37
37 37
38 37
39 37
40 37
41 37
42 37
43 37
44 37
45 37
46 37
47 37
48 37
49 37
50 37
51 37
52 37
53 37
54 37
55 37
56 37
57 37
58 37
59 37
60 37
61 37
62 37
63 37
64 37
65 37
66 37
67 37
68 37
69 37
70 37
71 37
72 37
73 37
74 37
75 37
76 37
77 37
78 37
79 37
80 37
81 37
82 37
83 37
84 37
85 37
86 37
87 37
88 37
89 37
90 37
91 37
92 37
93 37
94 37
95 37
96 37
97 37
98 37
99 37
100 37
101 37
102 37
103 37
104 37
105 37
106 37
107 37
108 37
109 37
110 37
111 37
112 37
113 37
114 37
115 37
116 37
117 37
118 37
119 37
120 37
121 37
122 37
123 37
124 37
125 37
126 37
127 37
128 37
129 37
130 37
131 37
132 37
133 37
134 37
135 37
136 37
137 37
138 37
139 37
140 37
141 37
142 37
143 37
144 37
145 37
146 37
147 37
148 37
149 37
150 37
151 37
152 37
153 37
154 37
155 37
156 37
157 37
158 37
159 37
160 37
161 37
162 37
163 37
164 37
165 37
166 37
167 37
168 37
169 37
170 37
171 37
172 37
173 37
174 37
175 37
176 37
177 37
178 37
179 37
180 37
181 37
182 37
183 37
184 37
185 37
186 37
187 37
188 37
189 37
190 37
191 37
192 37
193 37
194 37
195 37
196 37
197 37
198 37
199 37
200 37
201 37
202 37
203 37
204 37
205 37
206 37
207 37
208 37
209 37
210 37
211 37
212 37
213 37
214 37
215 37
216 37
217 37
218 37
219 37
220 37
221 37
222 37
223 37
224 37
225 37
226 37
227 37
228 37
229 37
230 37
231 37
232 37
233 37
234 37
235 37
236 37
237 37
238 37
239 37
240 37
241 37
242 37
243 37
244 37
245 37
246 37
247 37
248 37
249 37
250 37
251 37
252 37
253 37
254 37
255 37
256 37
257 37
258 37
259 37
260 37
261 37
262 37
263 37
264 37
265 37
266 37
267 37
268 37
269 37
270 37
271 37
272 37
273 37
274 37
275 37
276 37
277 37
278 37
279 37
280 37
281 37
282 37
283 37
284 37
285 37
286 37
287 37
288 37
289 37
290 37
291 37
292 37
293 37
294 37
295 37
296 37
297 37
298 37
299 37
300 37
301 39
302 39
303 39
304 39
305 39
306 39
307 39
308 39
309 39
310 39
311 39
312 39
313 39
314 39
315 39
316 39
317 39
318 39
319 39
320 39
321 39
322 39
323 39
324 39
325 39
326 39
327 39
328 39
329 39
330 39
331 39
332 39
333 39
334 39
335 39
336 39
337 39
338 39
339 39
340 39
341 39
342 39
343 39
344 39
345 39
346 39
347 39
348 39
349 39
350 39
351 39
352 39
353 39
354 39
355 39
356 39
357 39
358 39
359 39
360 39
361 39
362 39
363 39
364 39
365 39
366 39
367 39
368 39
369 39
370 39
371 39
372 39
373 39
374 39
375 39
376 39
377 39
378 39
379 39
380 39
381 39
382 39
383 39
384 39
385 39
386 39
387 39
388 39
389 39
390 39
391 39
392 39
393 39
394 39
395 39
396 39
397 39
398 39
399 39
400 39
401 39
402 39
403 39
404 39
405 39
406 39
407 39
408 39
409 39
410 39
411 39
412 39
413 39
414 39
415 39
416 39
417 39
418 39
419 39
420 39
421 39
422 39
423 39
424 39
425 39
426 39
427 39
428 39
429 39
430 39
431 39
432 39
433 39
434 39
435 39
436 39
437 39
438 39
439 39
440 39
441 39
442 39
443 39
444 39
445 39
446 39
447 39
448 39
449 39
450 39
451 39
452 39
453 39
454 39
455 39
456 39
457 39
458 39
459 39
460 39
461 39
462 39
463 39
464 39
465 39
466 39
467 39
468 39
469 39
470 39
471 39
472 39
473 39
474 39
475 39
476 39
477 39
478 39
479 39
480 39
481 39
482 39
483 39
484 39
485 39
486 39
487 39
488 39
489 39
490 39
491 39
492 39
493 39
494 39
495 39
496 39
497 39
498 39
499 39
500 39
501 39
502 39
503 39
504 39
505 39
506 39
507 39
508 39
509 39
510 39
511 39
512 39
513 39
514 39
515 39
516 39
517 39
518 39
519 39
520 39
521 39
522 39
523 39
524 39
525 39
526 39
527 39
528 39
529 39
530 39
531 39
532 39
533 39
534 39
535 39
536 39
537 39
538 39
539 39
540 39
541 39
542 39
543 39
544 39
545 39
546 39
547 39
548 39
549 39
550 39
551 39
552 39
553 39
554 39
555 39
556 39
557 39
558 39
559 39
560 39
561 39
562 39
563 39
564 39
565 39
566 39
567 39
568 39
569 39
570 39
571 39
572 39
573 39
574 39
575 39
576 39
577 39
578 39
579 39
580 39
581 39
582 39
583 39
584 39
585 39
586 39
587 39
588 39
589 39
590 39
591 39
592 39
593 39
594 39
595 39
596 39
597 39
598 39
599 39
600 39
601 36
602 36
603 36
604 36
605 36
606 36
607 36
608 36
609 36
610 36
611 36
612 36
613 36
614 36
615 36
616 36
617 36
618 36
619 36
620 36
621 36
622 36
623 36
624 36
625 36
626 36
627 36
628 36
629 36
630 36
631 36
632 36
633 36
634 36
635 36
636 36
637 36
638 36
639 36
640 36
641 36
642 36
643 36
644 36
645 36
646 36
647 36
648 36
649 36
650 36
651 36
652 36
653 36
654 36
655 36
656 36
657 36
658 36
659 36
660 36
661 36
662 36
663 36
664 36
665 36
666 36
667 36
668 36
669 36
670 36
671 36
672 36
673 36
674 36
675 36
676 36
677 36
678 36
679 36
680 36
681 36
682 36
683 36
684 36
685 36
686 36
687 36
688 36
689 36
690 36
691 36
692 36
693 36
694 36
695 36
696 36
697 36
698 36
699 36
700 36
701 36
702 36
703 36
704 36
705 36
706 36
707 36
708 36
709 36
710 36
711 36
712 36
713 36
714 36
715 36
716 36
717 36
718 36
719 36
720 36
721 36
722 36
723 36
724 36
725 36
726 36
727 36
728 36
729 36
730 36
731 36
732 36
733 36
734 36
735 36
736 36
737 36
738 36
739 36
740 36
741 36
742 36
743 36
744 36
745 36
746 36
747 36
748 36
749 36
750 36
751 36
752 36
753 36
754 36
755 36
756 36
757 36
758 36
759 36
760 36
761 36
762 36
763 36
764 36
765 36
766 36
767 36
768 36
769 36
770 36
771 36
772 36
773 36
774 36
775 36
776 36
777 36
778 36
779 36
780 36
781 36
782 36
783 36
784 36
785 36
786 36
787 36
788 36
789 36
790 36
791 36
792 36
793 36
794 36
795 36
796 36
797 36
798 36
799 36
800 36
