    1     0
    2     0
    3     0
    4     0
    5     0
    6     0
    7     0
    8     0
    9     0
   10 6.978434e-01
   11 1.060287e+00
   12 1.204309e+00
   13 1.104644e+00
   14 9.738957e-01
   15 9.013633e-01
   16 8.630367e-01
   17 8.591732e-01
   18 8.715503e-01
   19 9.016745e-01
   20 9.105605e-01
   21 8.716953e-01
   22 7.862382e-01
   23 6.784719e-01
   24 5.754057e-01
   25 4.917121e-01
   26 4.372555e-01
   27 4.151400e-01
   28 4.205385e-01
   29 4.415197e-01
   30 4.650853e-01
   31 4.830122e-01
   32 4.921302e-01
   33 4.930328e-01
   34 4.885372e-01
   35 4.824867e-01
   36 4.782282e-01
   37 4.772632e-01
   38 4.791602e-01
   39 4.823439e-01
   40 4.850614e-01
   41 4.860252e-01
   42 4.847272e-01
   43 4.814978e-01
   44 4.772697e-01
   45 4.731505e-01
   46 4.700122e-01
   47 4.682684e-01
   48 4.678645e-01
   49 4.684082e-01
   50 4.693647e-01
   51 4.702489e-01
   52 4.707605e-01
   53 4.708229e-01
   54 4.705397e-01
   55 4.701028e-01
   56 4.697027e-01
   57 4.694619e-01
   58 4.694108e-01
   59 4.695014e-01
   60 4.696433e-01
   61 4.697472e-01
   62 4.697557e-01
   63 4.696570e-01
   64 4.694780e-01
   65 4.692673e-01
   66 4.690757e-01
   67 4.689380e-01
   68 4.688664e-01
   69 4.688517e-01
   70 4.688717e-01
   71 4.689012e-01
   72 4.689201e-01
   73 4.689195e-01
   74 4.688993e-01
   75 4.688677e-01
   76 4.688353e-01
   77 4.688097e-01
   78 4.687948e-01
   79 4.687897e-01
   80 4.687908e-01
   81 4.687933e-01
   82 4.687938e-01
   83 4.687901e-01
   84 4.687809e-01
   85 4.687692e-01
   86 4.687574e-01
   87 4.687482e-01
   88 4.687420e-01
   89 4.687382e-01
   90 4.687368e-01
   91 4.687366e-01
   92 4.687362e-01
   93 4.687359e-01
   94 4.687348e-01
   95 4.687328e-01
   96 4.687301e-01
   97 4.687283e-01
   98 4.687272e-01
   99 4.687267e-01
  100 4.687264e-01
  101 4.687262e-01
  102 4.687267e-01
  103 4.687271e-01
  104 4.687266e-01
  105 4.687258e-01
  106 4.687247e-01
  107 4.687242e-01
  108 4.687246e-01
  109 4.687251e-01
  110 4.687253e-01
  111 4.687257e-01
  112 4.687256e-01
  113 4.687255e-01
  114 4.687249e-01
  115 4.687243e-01
  116 4.687242e-01
  117 4.687241e-01
  118 4.687248e-01
  119 4.687250e-01
  120 4.687257e-01
  121 4.687260e-01
  122 4.687263e-01
  123 4.687266e-01
  124 4.687268e-01
  125 4.687270e-01
  126 4.687267e-01
  127 4.687266e-01
  128 4.687271e-01
  129 4.687270e-01
  130 4.687270e-01
  131 4.687267e-01
  132 4.687263e-01
  133 4.687262e-01
  134 4.687263e-01
  135 4.687264e-01
  136 4.687261e-01
  137 4.687262e-01
  138 4.687263e-01
  139 4.687268e-01
  140 4.687268e-01
  141 4.687272e-01
  142 4.687277e-01
  143 4.687279e-01
  144 4.687277e-01
  145 4.687279e-01
  146 4.687285e-01
  147 4.687285e-01
  148 4.687284e-01
  149 4.687280e-01
  150 4.687279e-01
  151 4.687282e-01
  152 4.687282e-01
  153 4.687279e-01
  154 4.687277e-01
  155 4.687277e-01
  156 4.687279e-01
  157 4.687280e-01
  158 4.687283e-01
  159 4.687285e-01
  160 4.687283e-01
  161 4.687286e-01
  162 4.687286e-01
  163 4.687284e-01
  164 4.687280e-01
  165 4.687281e-01
  166 4.687284e-01
  167 4.687284e-01
  168 4.687286e-01
  169 4.687292e-01
  170 4.687293e-01
  171 4.687293e-01
  172 4.687288e-01
  173 4.687282e-01
  174 4.687285e-01
  175 4.687291e-01
  176 4.687295e-01
  177 4.687295e-01
  178 4.687296e-01
  179 4.687298e-01
  180 4.687303e-01
  181 4.687307e-01
  182 4.687313e-01
  183 4.687322e-01
  184 4.687330e-01
  185 4.687336e-01
  186 4.687342e-01
  187 4.687351e-01
  188 4.687362e-01
  189 4.687375e-01
  190 4.687393e-01
  191 4.687413e-01
  192 4.687433e-01
  193 4.687465e-01
  194 4.687497e-01
  195 4.687528e-01
  196 4.687563e-01
  197 4.687598e-01
  198 4.687637e-01
  199 4.687681e-01
  200 4.687731e-01
  201 4.687786e-01
  202 4.687842e-01
  203 4.687902e-01
  204 4.687960e-01
  205 4.688004e-01
  206 4.688029e-01
  207 4.688038e-01
  208 4.688028e-01
  209 4.688005e-01
  210 4.687974e-01
  211 4.687904e-01
  212 4.687795e-01
  213 4.687661e-01
  214 4.687525e-01
  215 4.687401e-01
  216 4.687292e-01
  217 4.687201e-01
  218 4.687126e-01
  219 4.687066e-01
  220 4.687018e-01
  221 4.686982e-01
  222 4.686960e-01
  223 4.686954e-01
  224 4.686966e-01
  225 4.686994e-01
  226 4.687034e-01
  227 4.687080e-01
  228 4.687127e-01
  229 4.687170e-01
  230 4.687205e-01
  231 4.687231e-01
  232 4.687250e-01
  233 4.687262e-01
  234 4.687269e-01
  235 4.687274e-01
  236 4.687276e-01
  237 4.687276e-01
  238 4.687275e-01
  239 4.687273e-01
  240 4.687269e-01
  241 4.687265e-01
  242 4.687261e-01
  243 4.687258e-01
  244 4.687257e-01
  245 4.687258e-01
  246 4.687260e-01
  247 4.687263e-01
  248 4.687266e-01
  249 4.687269e-01
  250 4.687272e-01
  251 4.687274e-01
  252 4.687276e-01
  253 4.687277e-01
  254 4.687278e-01
  255 4.687279e-01
  256 4.687280e-01
  257 4.687281e-01
  258 4.687281e-01
  259 4.687281e-01
  260 4.687281e-01
  261 4.687281e-01
  262 4.687281e-01
  263 4.687281e-01
  264 4.687281e-01
  265 4.687281e-01
  266 4.687282e-01
  267 4.687282e-01
  268 4.687282e-01
  269 4.687282e-01
  270 4.687283e-01
  271 4.687283e-01
  272 4.687283e-01
  273 4.687283e-01
  274 4.687283e-01
  275 4.687283e-01
  276 4.687283e-01
  277 4.687284e-01
  278 4.687284e-01
  279 4.687284e-01
  280 4.687284e-01
  281 4.687284e-01
  282 4.687284e-01
  283 4.687284e-01
  284 4.687284e-01
  285 4.687284e-01
  286 4.687284e-01
  287 4.687284e-01
  288 4.687284e-01
  289 4.687284e-01
  290 4.687284e-01
  291 4.687284e-01
  292 4.687284e-01
  293 4.687284e-01
  294 4.687284e-01
  295 4.687284e-01
  296 4.687284e-01
  297 4.687284e-01
  298 4.687284e-01
  299 4.687284e-01
  300 4.687284e-01
  301 6.374451e-02
  302 -9.030810e-01
  303 -2.436035e+00
  304 -4.449985e+00
  305 -6.831893e+00
  306 -9.475479e+00
  307 -1.225769e+01
  308 -1.506770e+01
  309 -1.782002e+01
  310 -2.045329e+01
  311 -2.292093e+01
  312 -2.518386e+01
  313 -2.721273e+01
  314 -2.899121e+01
  315 -3.051670e+01
  316 -3.179962e+01
  317 -3.286211e+01
  318 -3.373550e+01
  319 -3.445583e+01
  320 -3.505865e+01
  321 -3.557492e+01
  322 -3.602888e+01
  323 -3.643761e+01
  324 -3.681176e+01
  325 -3.715711e+01
  326 -3.747646e+01
  327 -3.777126e+01
  328 -3.804262e+01
  329 -3.829168e+01
  330 -3.851965e+01
  331 -3.872769e+01
  332 -3.891671e+01
  333 -3.908737e+01
  334 -3.924023e+01
  335 -3.937584e+01
  336 -3.949506e+01
  337 -3.959908e+01
  338 -3.968943e+01
  339 -3.976790e+01
  340 -3.983635e+01
  341 -3.989651e+01
  342 -3.994988e+01
  343 -3.999764e+01
  344 -4.004064e+01
  345 -4.007949e+01
  346 -4.011463e+01
  347 -4.014638e+01
  348 -4.017504e+01
  349 -4.020088e+01
  350 -4.022417e+01
  351 -4.024515e+01
  352 -4.026404e+01
  353 -4.028104e+01
  354 -4.029628e+01
  355 -4.030991e+01
  356 -4.032202e+01
  357 -4.033276e+01
  358 -4.034223e+01
  359 -4.035056e+01
  360 -4.035790e+01
  361 -4.036436e+01
  362 -4.037007e+01
  363 -4.037512e+01
  364 -4.037960e+01
  365 -4.038358e+01
  366 -4.038710e+01
  367 -4.039022e+01
  368 -4.039298e+01
  369 -4.039541e+01
  370 -4.039755e+01
  371 -4.039943e+01
  372 -4.040108e+01
  373 -4.040252e+01
  374 -4.040378e+01
  375 -4.040488e+01
  376 -4.040583e+01
  377 -4.040664e+01
  378 -4.040734e+01
  379 -4.040793e+01
  380 -4.040842e+01
  381 -4.040884e+01
  382 -4.040918e+01
  383 -4.040946e+01
  384 -4.040969e+01
  385 -4.040987e+01
  386 -4.041002e+01
  387 -4.041012e+01
  388 -4.041020e+01
  389 -4.041025e+01
  390 -4.041028e+01
  391 -4.041029e+01
  392 -4.041028e+01
  393 -4.041026e+01
  394 -4.041023e+01
  395 -4.041019e+01
  396 -4.041014e+01
  397 -4.041008e+01
  398 -4.041002e+01
  399 -4.040995e+01
  400 -4.040989e+01
  401 -4.040981e+01
  402 -4.040974e+01
  403 -4.040967e+01
  404 -4.040960e+01
  405 -4.040953e+01
  406 -4.040946e+01
  407 -4.040939e+01
  408 -4.040932e+01
  409 -4.040926e+01
  410 -4.040919e+01
  411 -4.040913e+01
  412 -4.040907e+01
  413 -4.040901e+01
  414 -4.040895e+01
  415 -4.040890e+01
  416 -4.040885e+01
  417 -4.040880e+01
  418 -4.040876e+01
  419 -4.040871e+01
  420 -4.040867e+01
  421 -4.040863e+01
  422 -4.040859e+01
  423 -4.040855e+01
  424 -4.040852e+01
  425 -4.040848e+01
  426 -4.040845e+01
  427 -4.040841e+01
  428 -4.040838e+01
  429 -4.040835e+01
  430 -4.040832e+01
  431 -4.040830e+01
  432 -4.040827e+01
  433 -4.040825e+01
  434 -4.040823e+01
  435 -4.040821e+01
  436 -4.040819e+01
  437 -4.040818e+01
  438 -4.040816e+01
  439 -4.040815e+01
  440 -4.040813e+01
  441 -4.040812e+01
  442 -4.040811e+01
  443 -4.040810e+01
  444 -4.040809e+01
  445 -4.040808e+01
  446 -4.040807e+01
  447 -4.040806e+01
  448 -4.040805e+01
  449 -4.040804e+01
  450 -4.040803e+01
  451 -4.035715e+01
  452 -4.020891e+01
  453 -3.993039e+01
  454 -3.947142e+01
  455 -3.880953e+01
  456 -3.795661e+01
  457 -3.696183e+01
  458 -3.588916e+01
  459 -3.479831e+01
  460 -3.374303e+01
  461 -3.276184e+01
  462 -3.187429e+01
  463 -3.108152e+01
  464 -3.037340e+01
  465 -2.973686e+01
  466 -2.915961e+01
  467 -2.863226e+01
  468 -2.814877e+01
  469 -2.770592e+01
  470 -2.730166e+01
  471 -2.693328e+01
  472 -2.659686e+01
  473 -2.628756e+01
  474 -2.600048e+01
  475 -2.573151e+01
  476 -2.547788e+01
  477 -2.523838e+01
  478 -2.501320e+01
  479 -2.480329e+01
  480 -2.460975e+01
  481 -2.443324e+01
  482 -2.427374e+01
  483 -2.413056e+01
  484 -2.400245e+01
  485 -2.388795e+01
  486 -2.378559e+01
  487 -2.369409e+01
  488 -2.361245e+01
  489 -2.353985e+01
  490 -2.347564e+01
  491 -2.341918e+01
  492 -2.336982e+01
  493 -2.332689e+01
  494 -2.328968e+01
  495 -2.325751e+01
  496 -2.322980e+01
  497 -2.320604e+01
  498 -2.318583e+01
  499 -2.316887e+01
  500 -2.315489e+01
  501 -2.314366e+01
  502 -2.313495e+01
  503 -2.312850e+01
  504 -2.312407e+01
  505 -2.312140e+01
  506 -2.312027e+01
  507 -2.312045e+01
  508 -2.312176e+01
  509 -2.312406e+01
  510 -2.312721e+01
  511 -2.313109e+01
  512 -2.313560e+01
  513 -2.314065e+01
  514 -2.314613e+01
  515 -2.315197e+01
  516 -2.315809e+01
  517 -2.316442e+01
  518 -2.317091e+01
  519 -2.317751e+01
  520 -2.318418e+01
  521 -2.319088e+01
  522 -2.319759e+01
  523 -2.320426e+01
  524 -2.321088e+01
  525 -2.321741e+01
  526 -2.322385e+01
  527 -2.323016e+01
  528 -2.323633e+01
  529 -2.324236e+01
  530 -2.324822e+01
  531 -2.325392e+01
  532 -2.325945e+01
  533 -2.326480e+01
  534 -2.326997e+01
  535 -2.327496e+01
  536 -2.327977e+01
  537 -2.328440e+01
  538 -2.328885e+01
  539 -2.329312e+01
  540 -2.329722e+01
  541 -2.330115e+01
  542 -2.330492e+01
  543 -2.330852e+01
  544 -2.331196e+01
  545 -2.331525e+01
  546 -2.331839e+01
  547 -2.332138e+01
  548 -2.332424e+01
  549 -2.332695e+01
  550 -2.332954e+01
  551 -2.333200e+01
  552 -2.333434e+01
  553 -2.333657e+01
  554 -2.333868e+01
  555 -2.334068e+01
  556 -2.334258e+01
  557 -2.334438e+01
  558 -2.334609e+01
  559 -2.334771e+01
  560 -2.334924e+01
  561 -2.335069e+01
  562 -2.335206e+01
  563 -2.335336e+01
  564 -2.335459e+01
  565 -2.335575e+01
  566 -2.335685e+01
  567 -2.335788e+01
  568 -2.335886e+01
  569 -2.335978e+01
  570 -2.336066e+01
  571 -2.336148e+01
  572 -2.336225e+01
  573 -2.336299e+01
  574 -2.336368e+01
  575 -2.336433e+01
  576 -2.336494e+01
  577 -2.336552e+01
  578 -2.336607e+01
  579 -2.336658e+01
  580 -2.336706e+01
  581 -2.336752e+01
  582 -2.336795e+01
  583 -2.336835e+01
  584 -2.336873e+01
  585 -2.336908e+01
  586 -2.336942e+01
  587 -2.336973e+01
  588 -2.337003e+01
  589 -2.337030e+01
  590 -2.337057e+01
  591 -2.337081e+01
  592 -2.337104e+01
  593 -2.337126e+01
  594 -2.337146e+01
  595 -2.337165e+01
  596 -2.337183e+01
  597 -2.337200e+01
  598 -2.337216e+01
  599 -2.337231e+01
  600 -2.337245e+01
