    1     0
    2     0
    3     0
    4     0
    5     0
    6     0
    7     0
    8     0
    9     0
   10 7.191484e-01
   11 9.142623e-01
   12 8.224036e-01
   13 5.987314e-01
   14 3.770558e-01
   15 1.636809e-01
   16 -9.948384e-02
   17 -2.406418e-01
   18 -2.404795e-01
   19 -1.531790e-01
   20 -5.195929e-02
   21 2.943084e-02
   22 9.334674e-02
   23 1.231185e-01
   24 1.158096e-01
   25 8.698706e-02
   26 6.011730e-02
   27 4.911647e-02
   28 5.321804e-02
   29 6.794786e-02
   30 8.769387e-02
   31 1.059330e-01
   32 1.165765e-01
   33 1.169857e-01
   34 1.092940e-01
   35 9.792226e-02
   36 8.709329e-02
   37 7.967807e-02
   38 7.698043e-02
   39 7.872413e-02
   40 8.328624e-02
   41 8.853115e-02
   42 9.272590e-02
   43 9.502710e-02
   44 9.545142e-02
   45 9.459374e-02
   46 9.329488e-02
   47 9.231793e-02
   48 9.210132e-02
   49 9.267967e-02
   50 9.377967e-02
   51 9.500003e-02
   52 9.598401e-02
   53 9.652396e-02
   54 9.659763e-02
   55 9.633391e-02
   56 9.593724e-02
   57 9.560382e-02
   58 9.545794e-02
   59 9.553197e-02
   60 9.577954e-02
   61 9.611003e-02
   62 9.642876e-02
   63 9.666829e-02
   64 9.680486e-02
   65 9.685335e-02
   66 9.685050e-02
   67 9.684026e-02
   68 9.685438e-02
   69 9.690665e-02
   70 9.699249e-02
   71 9.709491e-02
   72 9.719394e-02
   73 9.727411e-02
   74 9.732866e-02
   75 9.736006e-02
   76 9.737612e-02
   77 9.738736e-02
   78 9.740180e-02
   79 9.742443e-02
   80 9.745518e-02
   81 9.749116e-02
   82 9.752765e-02
   83 9.756023e-02
   84 9.758647e-02
   85 9.760669e-02
   86 9.762326e-02
   87 9.763721e-02
   88 9.765002e-02
   89 9.766306e-02
   90 9.767783e-02
   91 9.769319e-02
   92 9.770884e-02
   93 9.772282e-02
   94 9.773485e-02
   95 9.774521e-02
   96 9.775370e-02
   97 9.776154e-02
   98 9.776884e-02
   99 9.777571e-02
  100 9.778313e-02
  101 9.779019e-02
  102 9.779673e-02
  103 9.780279e-02
  104 9.780883e-02
  105 9.781394e-02
  106 9.781867e-02
  107 9.782277e-02
  108 9.782666e-02
  109 9.783086e-02
  110 9.783460e-02
  111 9.783789e-02
  112 9.784080e-02
  113 9.784362e-02
  114 9.784670e-02
  115 9.784947e-02
  116 9.785148e-02
  117 9.785376e-02
  118 9.785529e-02
  119 9.785703e-02
  120 9.785903e-02
  121 9.786088e-02
  122 9.786230e-02
  123 9.786359e-02
  124 9.786503e-02
  125 9.786602e-02
  126 9.786710e-02
  127 9.786886e-02
  128 9.787023e-02
  129 9.787118e-02
  130 9.787192e-02
  131 9.787197e-02
  132 9.787252e-02
  133 9.787352e-02
  134 9.787452e-02
  135 9.787505e-02
  136 9.787584e-02
  137 9.787729e-02
  138 9.787856e-02
  139 9.787878e-02
  140 9.787891e-02
  141 9.787879e-02
  142 9.787873e-02
  143 9.787834e-02
  144 9.787855e-02
  145 9.787941e-02
  146 9.787994e-02
  147 9.787991e-02
  148 9.788014e-02
  149 9.788037e-02
  150 9.788071e-02
  151 9.788097e-02
  152 9.788125e-02
  153 9.788148e-02
  154 9.788135e-02
  155 9.788184e-02
  156 9.788184e-02
  157 9.788246e-02
  158 9.788288e-02
  159 9.788319e-02
  160 9.788312e-02
  161 9.788236e-02
  162 9.788255e-02
  163 9.788278e-02
  164 9.788259e-02
  165 9.788214e-02
  166 9.788240e-02
  167 9.788308e-02
  168 9.788375e-02
  169 9.788390e-02
  170 9.788361e-02
  171 9.788336e-02
  172 9.788270e-02
  173 9.788294e-02
  174 9.788307e-02
  175 9.788301e-02
  176 9.788275e-02
  177 9.788248e-02
  178 9.788253e-02
  179 9.788258e-02
  180 9.788231e-02
  181 9.788225e-02
  182 9.788212e-02
  183 9.788188e-02
  184 9.788180e-02
  185 9.788156e-02
  186 9.788122e-02
  187 9.788067e-02
  188 9.787995e-02
  189 9.787925e-02
  190 9.787812e-02
  191 9.787706e-02
  192 9.787614e-02
  193 9.787554e-02
  194 9.787422e-02
  195 9.787249e-02
  196 9.787016e-02
  197 9.786775e-02
  198 9.786480e-02
  199 9.786193e-02
  200 9.785890e-02
  201 9.785571e-02
  202 9.785308e-02
  203 9.785068e-02
  204 9.784865e-02
  205 9.784757e-02
  206 9.784741e-02
  207 9.784826e-02
  208 9.784986e-02
  209 9.785132e-02
  210 9.785239e-02
  211 9.785273e-02
  212 9.785308e-02
  213 9.785420e-02
  214 9.785658e-02
  215 9.786025e-02
  216 9.786500e-02
  217 9.787043e-02
  218 9.787582e-02
  219 9.788044e-02
  220 9.788384e-02
  221 9.788602e-02
  222 9.788727e-02
  223 9.788796e-02
  224 9.788840e-02
  225 9.788882e-02
  226 9.788927e-02
  227 9.788962e-02
  228 9.788970e-02
  229 9.788936e-02
  230 9.788857e-02
  231 9.788746e-02
  232 9.788620e-02
  233 9.788503e-02
  234 9.788413e-02
  235 9.788362e-02
  236 9.788348e-02
  237 9.788363e-02
  238 9.788395e-02
  239 9.788429e-02
  240 9.788458e-02
  241 9.788475e-02
  242 9.788483e-02
  243 9.788483e-02
  244 9.788482e-02
  245 9.788481e-02
  246 9.788483e-02
  247 9.788487e-02
  248 9.788490e-02
  249 9.788491e-02
  250 9.788487e-02
  251 9.788480e-02
  252 9.788470e-02
  253 9.788459e-02
  254 9.788449e-02
  255 9.788441e-02
  256 9.788437e-02
  257 9.788435e-02
  258 9.788435e-02
  259 9.788435e-02
  260 9.788436e-02
  261 9.788436e-02
  262 9.788435e-02
  263 9.788434e-02
  264 9.788433e-02
  265 9.788431e-02
  266 9.788430e-02
  267 9.788430e-02
  268 9.788429e-02
  269 9.788429e-02
  270 9.788428e-02
  271 9.788427e-02
  272 9.788426e-02
  273 9.788425e-02
  274 9.788424e-02
  275 9.788423e-02
  276 9.788422e-02
  277 9.788421e-02
  278 9.788421e-02
  279 9.788420e-02
  280 9.788420e-02
  281 9.788420e-02
  282 9.788419e-02
  283 9.788419e-02
  284 9.788419e-02
  285 9.788418e-02
  286 9.788418e-02
  287 9.788418e-02
  288 9.788417e-02
  289 9.788417e-02
  290 9.788417e-02
  291 9.788417e-02
  292 9.788417e-02
  293 9.788416e-02
  294 9.788416e-02
  295 9.788416e-02
  296 9.788416e-02
  297 9.788416e-02
  298 9.788415e-02
  299 9.788415e-02
  300 9.788415e-02
  301 6.193546e-02
  302 2.700601e-02
  303 5.478357e-02
  304 2.049933e-01
  305 5.173054e-01
  306 1.033373e+00
  307 1.775163e+00
  308 2.720632e+00
  309 3.813953e+00
  310 4.986876e+00
  311 6.177889e+00
  312 7.335386e+00
  313 8.422107e+00
  314 9.419772e+00
  315 1.032710e+01
  316 1.115274e+01
  317 1.190758e+01
  318 1.260130e+01
  319 1.324134e+01
  320 1.383276e+01
  321 1.437883e+01
  322 1.488244e+01
  323 1.534748e+01
  324 1.577914e+01
  325 1.618315e+01
  326 1.656492e+01
  327 1.692869e+01
  328 1.727710e+01
  329 1.761115e+01
  330 1.793048e+01
  331 1.823408e+01
  332 1.852088e+01
  333 1.879031e+01
  334 1.904242e+01
  335 1.927790e+01
  336 1.949787e+01
  337 1.970364e+01
  338 1.989644e+01
  339 2.007730e+01
  340 2.024705e+01
  341 2.040634e+01
  342 2.055575e+01
  343 2.069583e+01
  344 2.082721e+01
  345 2.095053e+01
  346 2.106645e+01
  347 2.117557e+01
  348 2.127845e+01
  349 2.137552e+01
  350 2.146712e+01
  351 2.155353e+01
  352 2.163498e+01
  353 2.171171e+01
  354 2.178393e+01
  355 2.185189e+01
  356 2.191585e+01
  357 2.197607e+01
  358 2.203279e+01
  359 2.208622e+01
  360 2.213658e+01
  361 2.218405e+01
  362 2.222879e+01
  363 2.227095e+01
  364 2.231069e+01
  365 2.234815e+01
  366 2.238347e+01
  367 2.241679e+01
  368 2.244821e+01
  369 2.247788e+01
  370 2.250588e+01
  371 2.253231e+01
  372 2.255726e+01
  373 2.258082e+01
  374 2.260306e+01
  375 2.262405e+01
  376 2.264387e+01
  377 2.266259e+01
  378 2.268026e+01
  379 2.269696e+01
  380 2.271273e+01
  381 2.272763e+01
  382 2.274171e+01
  383 2.275501e+01
  384 2.276759e+01
  385 2.277947e+01
  386 2.279070e+01
  387 2.280131e+01
  388 2.281135e+01
  389 2.282084e+01
  390 2.282981e+01
  391 2.283830e+01
  392 2.284632e+01
  393 2.285391e+01
  394 2.286109e+01
  395 2.286788e+01
  396 2.287431e+01
  397 2.288039e+01
  398 2.288614e+01
  399 2.289158e+01
  400 2.289674e+01
  401 2.290161e+01
  402 2.290623e+01
  403 2.291060e+01
  404 2.291474e+01
  405 2.291866e+01
  406 2.292236e+01
  407 2.292588e+01
  408 2.292920e+01
  409 2.293235e+01
  410 2.293534e+01
  411 2.293816e+01
  412 2.294084e+01
  413 2.294338e+01
  414 2.294578e+01
  415 2.294806e+01
  416 2.295022e+01
  417 2.295226e+01
  418 2.295420e+01
  419 2.295604e+01
  420 2.295778e+01
  421 2.295943e+01
  422 2.296099e+01
  423 2.296248e+01
  424 2.296388e+01
  425 2.296522e+01
  426 2.296648e+01
  427 2.296768e+01
  428 2.296881e+01
  429 2.296989e+01
  430 2.297091e+01
  431 2.297187e+01
  432 2.297279e+01
  433 2.297366e+01
  434 2.297449e+01
  435 2.297527e+01
  436 2.297601e+01
  437 2.297672e+01
  438 2.297739e+01
  439 2.297803e+01
  440 2.297863e+01
  441 2.297920e+01
  442 2.297975e+01
  443 2.298026e+01
  444 2.298075e+01
  445 2.298122e+01
  446 2.298166e+01
  447 2.298208e+01
  448 2.298247e+01
  449 2.298285e+01
  450 2.298321e+01
  451 2.276899e+01
  452 2.228756e+01
  453 2.156808e+01
  454 2.067214e+01
  455 1.965675e+01
  456 1.855996e+01
  457 1.743740e+01
  458 1.632210e+01
  459 1.522091e+01
  460 1.412700e+01
  461 1.303522e+01
  462 1.195023e+01
  463 1.087998e+01
  464 9.835442e+00
  465 8.829720e+00
  466 7.874741e+00
  467 6.977363e+00
  468 6.137433e+00
  469 5.349890e+00
  470 4.607446e+00
  471 3.902702e+00
  472 3.229665e+00
  473 2.584688e+00
  474 1.966652e+00
  475 1.376141e+00
  476 8.142641e-01
  477 2.817301e-01
  478 -2.215882e-01
  479 -6.966843e-01
  480 -1.145182e+00
  481 -1.568932e+00
  482 -1.969611e+00
  483 -2.348485e+00
  484 -2.706387e+00
  485 -3.043861e+00
  486 -3.361368e+00
  487 -3.659464e+00
  488 -3.938913e+00
  489 -4.200699e+00
  490 -4.445960e+00
  491 -4.675877e+00
  492 -4.891565e+00
  493 -5.094002e+00
  494 -5.284010e+00
  495 -5.462272e+00
  496 -5.629384e+00
  497 -5.785901e+00
  498 -5.932376e+00
  499 -6.069379e+00
  500 -6.197487e+00
  501 -6.317275e+00
  502 -6.429286e+00
  503 -6.534024e+00
  504 -6.631944e+00
  505 -6.723456e+00
  506 -6.808938e+00
  507 -6.888743e+00
  508 -6.963212e+00
  509 -7.032677e+00
  510 -7.097461e+00
  511 -7.157876e+00
  512 -7.214214e+00
  513 -7.266751e+00
  514 -7.315737e+00
  515 -7.361404e+00
  516 -7.403964e+00
  517 -7.443615e+00
  518 -7.480543e+00
  519 -7.514925e+00
  520 -7.546927e+00
  521 -7.576710e+00
  522 -7.604422e+00
  523 -7.630203e+00
  524 -7.654186e+00
  525 -7.676490e+00
  526 -7.697229e+00
  527 -7.716508e+00
  528 -7.734426e+00
  529 -7.751075e+00
  530 -7.766543e+00
  531 -7.780910e+00
  532 -7.794253e+00
  533 -7.806645e+00
  534 -7.818151e+00
  535 -7.828833e+00
  536 -7.838749e+00
  537 -7.847951e+00
  538 -7.856489e+00
  539 -7.864410e+00
  540 -7.871756e+00
  541 -7.878568e+00
  542 -7.884884e+00
  543 -7.890738e+00
  544 -7.896164e+00
  545 -7.901192e+00
  546 -7.905851e+00
  547 -7.910166e+00
  548 -7.914163e+00
  549 -7.917864e+00
  550 -7.921291e+00
  551 -7.924464e+00
  552 -7.927400e+00
  553 -7.930117e+00
  554 -7.932631e+00
  555 -7.934956e+00
  556 -7.937107e+00
  557 -7.939095e+00
  558 -7.940933e+00
  559 -7.942632e+00
  560 -7.944202e+00
  561 -7.945653e+00
  562 -7.946993e+00
  563 -7.948231e+00
  564 -7.949374e+00
  565 -7.950430e+00
  566 -7.951404e+00
  567 -7.952303e+00
  568 -7.953133e+00
  569 -7.953898e+00
  570 -7.954604e+00
  571 -7.955254e+00
  572 -7.955854e+00
  573 -7.956406e+00
  574 -7.956914e+00
  575 -7.957382e+00
  576 -7.957813e+00
  577 -7.958209e+00
  578 -7.958573e+00
  579 -7.958908e+00
  580 -7.959217e+00
  581 -7.959500e+00
  582 -7.959761e+00
  583 -7.960000e+00
  584 -7.960219e+00
  585 -7.960421e+00
  586 -7.960606e+00
  587 -7.960776e+00
  588 -7.960932e+00
  589 -7.961075e+00
  590 -7.961207e+00
  591 -7.961327e+00
  592 -7.961437e+00
  593 -7.961537e+00
  594 -7.961629e+00
  595 -7.961712e+00
  596 -7.961789e+00
  597 -7.961859e+00
  598 -7.961922e+00
  599 -7.961980e+00
  600 -7.962033e+00
