    1     0
    2     0
    3     0
    4     0
    5     0
    6     0
    7     0
    8     0
    9     0
   10     0
   11     0
   12     0
   13 1.433982e-01
   14 2.997178e-01
   15 4.094012e-01
   16 5.226900e-01
   17 6.156348e-01
   18 6.765195e-01
   19 6.786726e-01
   20 6.520401e-01
   21 6.333963e-01
   22 6.405691e-01
   23 6.740935e-01
   24 7.263922e-01
   25 7.921096e-01
   26 8.599738e-01
   27 9.173078e-01
   28 9.563438e-01
   29 9.772075e-01
   30 9.851911e-01
   31 9.860449e-01
   32 9.848698e-01
   33 9.854603e-01
   34 9.896049e-01
   35 9.967592e-01
   36 1.004881e+00
   37 1.011939e+00
   38 1.016756e+00
   39 1.019143e+00
   40 1.019682e+00
   41 1.019413e+00
   42 1.019445e+00
   43 1.020536e+00
   44 1.022884e+00
   45 1.026192e+00
   46 1.029892e+00
   47 1.033391e+00
   48 1.036246e+00
   49 1.038268e+00
   50 1.039519e+00
   51 1.040238e+00
   52 1.040715e+00
   53 1.041189e+00
   54 1.041792e+00
   55 1.042540e+00
   56 1.043364e+00
   57 1.044164e+00
   58 1.044850e+00
   59 1.045377e+00
   60 1.045752e+00
   61 1.046020e+00
   62 1.046240e+00
   63 1.046465e+00
   64 1.046724e+00
   65 1.047022e+00
   66 1.047342e+00
   67 1.047656e+00
   68 1.047939e+00
   69 1.048175e+00
   70 1.048363e+00
   71 1.048508e+00
   72 1.048626e+00
   73 1.048730e+00
   74 1.048831e+00
   75 1.048932e+00
   76 1.049034e+00
   77 1.049133e+00
   78 1.049223e+00
   79 1.049301e+00
   80 1.049367e+00
   81 1.049422e+00
   82 1.049469e+00
   83 1.049511e+00
   84 1.049551e+00
   85 1.049591e+00
   86 1.049629e+00
   87 1.049666e+00
   88 1.049700e+00
   89 1.049730e+00
   90 1.049757e+00
   91 1.049779e+00
   92 1.049799e+00
   93 1.049816e+00
   94 1.049832e+00
   95 1.049847e+00
   96 1.049861e+00
   97 1.049874e+00
   98 1.049887e+00
   99 1.049897e+00
  100 1.049907e+00
  101 1.049916e+00
  102 1.049923e+00
  103 1.049930e+00
  104 1.049936e+00
  105 1.049942e+00
  106 1.049947e+00
  107 1.049952e+00
  108 1.049957e+00
  109 1.049961e+00
  110 1.049965e+00
  111 1.049968e+00
  112 1.049971e+00
  113 1.049973e+00
  114 1.049976e+00
  115 1.049978e+00
  116 1.049980e+00
  117 1.049982e+00
  118 1.049984e+00
  119 1.049985e+00
  120 1.049987e+00
  121 1.049988e+00
  122 1.049989e+00
  123 1.049990e+00
  124 1.049991e+00
  125 1.049991e+00
  126 1.049992e+00
  127 1.049993e+00
  128 1.049993e+00
  129 1.049994e+00
  130 1.049995e+00
  131 1.049995e+00
  132 1.049996e+00
  133 1.049996e+00
  134 1.049997e+00
  135 1.049997e+00
  136 1.049997e+00
  137 1.049997e+00
  138 1.049998e+00
  139 1.049998e+00
  140 1.049998e+00
  141 1.049999e+00
  142 1.049999e+00
  143 1.049999e+00
  144 1.049999e+00
  145 1.049999e+00
  146 1.049999e+00
  147 1.049999e+00
  148 1.049999e+00
  149 1.049999e+00
  150 1.049999e+00
  151 1.049999e+00
  152 1.049999e+00
  153 1.049999e+00
  154 1.049999e+00
  155 1.049999e+00
  156 1.049999e+00
  157 1.049999e+00
  158 1.050000e+00
  159 1.050000e+00
  160 1.050000e+00
  161 1.050000e+00
  162 1.050000e+00
  163 1.050000e+00
  164 1.050000e+00
  165 1.050000e+00
  166 1.050000e+00
  167 1.050000e+00
  168 1.050000e+00
  169 1.050000e+00
  170 1.050000e+00
  171 1.050000e+00
  172 1.050000e+00
  173 1.050000e+00
  174 1.050000e+00
  175 1.050000e+00
  176 1.050000e+00
  177 1.050000e+00
  178 1.050000e+00
  179 1.050000e+00
  180 1.050000e+00
  181 1.050000e+00
  182 1.050000e+00
  183 1.050000e+00
  184 1.050000e+00
  185 1.050000e+00
  186 1.050000e+00
  187 1.050000e+00
  188 1.050000e+00
  189 1.050000e+00
  190 1.050000e+00
  191 1.050000e+00
  192 1.050000e+00
  193 1.050000e+00
  194 1.050000e+00
  195 1.050000e+00
  196 1.050000e+00
  197 1.050000e+00
  198 1.050000e+00
  199 1.050000e+00
  200 1.050000e+00
  201 1.050000e+00
  202 1.050000e+00
  203 1.050000e+00
  204 1.050000e+00
  205 1.050000e+00
  206 1.050001e+00
  207 1.050002e+00
  208 1.050004e+00
  209 1.050006e+00
  210 1.050010e+00
  211 1.050014e+00
  212 1.050018e+00
  213 1.050023e+00
  214 1.050027e+00
  215 1.050031e+00
  216 1.050035e+00
  217 1.050039e+00
  218 1.050041e+00
  219 1.050043e+00
  220 1.050045e+00
  221 1.050046e+00
  222 1.050046e+00
  223 1.050046e+00
  224 1.050045e+00
  225 1.050043e+00
  226 1.050040e+00
  227 1.050037e+00
  228 1.050034e+00
  229 1.050030e+00
  230 1.050027e+00
  231 1.050024e+00
  232 1.050022e+00
  233 1.050019e+00
  234 1.050017e+00
  235 1.050015e+00
  236 1.050014e+00
  237 1.050012e+00
  238 1.050011e+00
  239 1.050010e+00
  240 1.050009e+00
  241 1.050008e+00
  242 1.050008e+00
  243 1.050007e+00
  244 1.050007e+00
  245 1.050007e+00
  246 1.050006e+00
  247 1.050006e+00
  248 1.050005e+00
  249 1.050005e+00
  250 1.050004e+00
  251 1.050004e+00
  252 1.050004e+00
  253 1.050003e+00
  254 1.050003e+00
  255 1.050003e+00
  256 1.050002e+00
  257 1.050002e+00
  258 1.050002e+00
  259 1.050002e+00
  260 1.050002e+00
  261 1.050001e+00
  262 1.050001e+00
  263 1.050001e+00
  264 1.050001e+00
  265 1.050001e+00
  266 1.050001e+00
  267 1.050001e+00
  268 1.050001e+00
  269 1.050001e+00
  270 1.050001e+00
  271 1.050001e+00
  272 1.050001e+00
  273 1.050001e+00
  274 1.050000e+00
  275 1.050000e+00
  276 1.050000e+00
  277 1.050000e+00
  278 1.050000e+00
  279 1.050000e+00
  280 1.050000e+00
  281 1.050000e+00
  282 1.050000e+00
  283 1.050000e+00
  284 1.050000e+00
  285 1.050000e+00
  286 1.050000e+00
  287 1.050000e+00
  288 1.050000e+00
  289 1.050000e+00
  290 1.050000e+00
  291 1.050000e+00
  292 1.050000e+00
  293 1.050000e+00
  294 1.050000e+00
  295 1.050000e+00
  296 1.050000e+00
  297 1.050000e+00
  298 1.050000e+00
  299 1.050000e+00
  300 1.050000e+00
  301 1.550000e+00
  302 2.435000e+00
  303 3.612050e+00
  304 4.999022e+00
  305 6.537130e+00
  306 8.191571e+00
  307 9.907234e+00
  308 1.162730e+01
  309 1.330701e+01
  310 1.491652e+01
  311 1.643353e+01
  312 1.783619e+01
  313 1.910369e+01
  314 2.021790e+01
  315 2.116377e+01
  316 2.193031e+01
  317 2.251286e+01
  318 2.291501e+01
  319 2.314850e+01
  320 2.323104e+01
  321 2.318369e+01
  322 2.302833e+01
  323 2.278556e+01
  324 2.247324e+01
  325 2.210582e+01
  326 2.169467e+01
  327 2.124873e+01
  328 2.077525e+01
  329 2.028037e+01
  330 1.976946e+01
  331 1.924722e+01
  332 1.871772e+01
  333 1.818428e+01
  334 1.764952e+01
  335 1.711541e+01
  336 1.658349e+01
  337 1.605504e+01
  338 1.553126e+01
  339 1.501336e+01
  340 1.450264e+01
  341 1.400039e+01
  342 1.350785e+01
  343 1.302614e+01
  344 1.255616e+01
  345 1.209858e+01
  346 1.165388e+01
  347 1.122235e+01
  348 1.080414e+01
  349 1.039931e+01
  350 1.000786e+01
  351 9.629727e+00
  352 9.264821e+00
  353 8.912986e+00
  354 8.574024e+00
  355 8.247692e+00
  356 7.933709e+00
  357 7.631768e+00
  358 7.341549e+00
  359 7.062728e+00
  360 6.794983e+00
  361 6.537996e+00
  362 6.291453e+00
  363 6.055040e+00
  364 5.828444e+00
  365 5.611349e+00
  366 5.403435e+00
  367 5.204383e+00
  368 5.013877e+00
  369 4.831603e+00
  370 4.657254e+00
  371 4.490530e+00
  372 4.331139e+00
  373 4.178795e+00
  374 4.033220e+00
  375 3.894143e+00
  376 3.761302e+00
  377 3.634438e+00
  378 3.513305e+00
  379 3.397662e+00
  380 3.287276e+00
  381 3.181925e+00
  382 3.081394e+00
  383 2.985475e+00
  384 2.893970e+00
  385 2.806686e+00
  386 2.723439e+00
  387 2.644052e+00
  388 2.568352e+00
  389 2.496178e+00
  390 2.427370e+00
  391 2.361778e+00
  392 2.299256e+00
  393 2.239667e+00
  394 2.182878e+00
  395 2.128760e+00
  396 2.077191e+00
  397 2.028055e+00
  398 1.981241e+00
  399 1.936640e+00
  400 1.894151e+00
  401 1.853677e+00
  402 1.815123e+00
  403 1.778400e+00
  404 1.743424e+00
  405 1.710112e+00
  406 1.678388e+00
  407 1.648176e+00
  408 1.619405e+00
  409 1.592008e+00
  410 1.565920e+00
  411 1.541079e+00
  412 1.517427e+00
  413 1.494907e+00
  414 1.473466e+00
  415 1.453053e+00
  416 1.433618e+00
  417 1.415117e+00
  418 1.397503e+00
  419 1.380736e+00
  420 1.364774e+00
  421 1.349580e+00
  422 1.335116e+00
  423 1.321348e+00
  424 1.308242e+00
  425 1.295767e+00
  426 1.283893e+00
  427 1.272590e+00
  428 1.261832e+00
  429 1.251592e+00
  430 1.241846e+00
  431 1.232569e+00
  432 1.223740e+00
  433 1.215337e+00
  434 1.207339e+00
  435 1.199728e+00
  436 1.192483e+00
  437 1.185589e+00
  438 1.179028e+00
  439 1.172784e+00
  440 1.166842e+00
  441 1.161188e+00
  442 1.155806e+00
  443 1.150685e+00
  444 1.145812e+00
  445 1.141174e+00
  446 1.136760e+00
  447 1.132560e+00
  448 1.128563e+00
  449 1.124759e+00
  450 1.121138e+00
  451 1.117693e+00
  452 1.114415e+00
  453 1.111295e+00
  454 1.065544e+00
  455 9.316288e-01
  456 6.780755e-01
  457 2.963577e-01
  458 -2.039564e-01
  459 -8.030132e-01
  460 -1.466982e+00
  461 -2.157230e+00
  462 -2.839571e+00
  463 -3.490094e+00
  464 -4.095148e+00
  465 -4.647994e+00
  466 -5.147117e+00
  467 -5.593862e+00
  468 -5.990093e+00
  469 -6.336716e+00
  470 -6.633700e+00
  471 -6.881151e+00
  472 -7.080103e+00
  473 -7.232862e+00
  474 -7.342964e+00
  475 -7.414827e+00
  476 -7.453163e+00
  477 -7.462307e+00
  478 -7.445766e+00
  479 -7.406098e+00
  480 -7.345084e+00
  481 -7.264029e+00
  482 -7.164090e+00
  483 -7.046535e+00
  484 -6.912888e+00
  485 -6.764916e+00
  486 -6.604524e+00
  487 -6.433615e+00
  488 -6.253967e+00
  489 -6.067168e+00
  490 -5.874602e+00
  491 -5.677482e+00
  492 -5.476907e+00
  493 -5.273909e+00
  494 -5.069479e+00
  495 -4.864573e+00
  496 -4.660090e+00
  497 -4.456847e+00
  498 -4.255561e+00
  499 -4.056835e+00
  500 -3.861162e+00
  501 -3.668946e+00
  502 -3.480515e+00
  503 -3.296144e+00
  504 -3.116072e+00
  505 -2.940508e+00
  506 -2.769628e+00
  507 -2.603582e+00
  508 -2.442483e+00
  509 -2.286410e+00
  510 -2.135407e+00
  511 -1.989487e+00
  512 -1.848639e+00
  513 -1.712832e+00
  514 -1.582018e+00
  515 -1.456139e+00
  516 -1.335124e+00
  517 -1.218893e+00
  518 -1.107354e+00
  519 -1.000409e+00
  520 -8.979479e-01
  521 -7.998556e-01
  522 -7.060108e-01
  523 -6.162891e-01
  524 -5.305639e-01
  525 -4.487080e-01
  526 -3.705941e-01
  527 -2.960949e-01
  528 -2.250837e-01
  529 -1.574346e-01
  530 -9.302233e-02
  531 -3.172305e-02
  532 2.658552e-02
  533 8.202363e-02
  534 1.347091e-01
  535 1.847568e-01
  536 2.322790e-01
  537 2.773846e-01
  538 3.201796e-01
  539 3.607670e-01
  540 3.992465e-01
  541 4.357148e-01
  542 4.702653e-01
  543 5.029883e-01
  544 5.339705e-01
  545 5.632957e-01
  546 5.910441e-01
  547 6.172931e-01
  548 6.421165e-01
  549 6.655853e-01
  550 6.877675e-01
  551 7.087282e-01
  552 7.285295e-01
  553 7.472312e-01
  554 7.648899e-01
  555 7.815600e-01
  556 7.972934e-01
  557 8.121393e-01
  558 8.261450e-01
  559 8.393552e-01
  560 8.518127e-01
  561 8.635582e-01
  562 8.746302e-01
  563 8.850655e-01
  564 8.948990e-01
  565 9.041638e-01
  566 9.128912e-01
  567 9.211111e-01
  568 9.288516e-01
  569 9.361397e-01
  570 9.430006e-01
  571 9.494585e-01
  572 9.555361e-01
  573 9.612550e-01
  574 9.666357e-01
  575 9.716976e-01
  576 9.764589e-01
  577 9.809370e-01
  578 9.851482e-01
  579 9.891080e-01
  580 9.928309e-01
  581 9.963307e-01
  582 9.996203e-01
  583 1.002712e+00
  584 1.005617e+00
  585 1.008347e+00
  586 1.010912e+00
  587 1.013321e+00
  588 1.015584e+00
  589 1.017710e+00
  590 1.019706e+00
  591 1.021581e+00
  592 1.023342e+00
  593 1.024994e+00
  594 1.026546e+00
  595 1.028003e+00
  596 1.029370e+00
  597 1.030654e+00
  598 1.031859e+00
  599 1.032989e+00
  600 1.034050e+00
