    1 0.010232
    2 0.009813
    3 0.009398
    4 0.008988
    5 0.008582
    6 0.008183
    7 0.007789
    8 0.007401
    9 0.007019
   10 0.006645
   11 0.006277
   12 0.222559
   13 0.005566
   14 0.005223
   15 0.004884
   16 0.004564
   17 0.004256
   18 0.003960
   19 0.003677
   20 0.003411
   21 0.003152
   22 0.002912
   23 0.002688
   24 0.002480
   25 0.002290
   26 0.002117
   27 0.001965
   28 0.001832
   29 0.001721
   30 0.001633
   31 0.001568
   32 0.001528
   33 0.001515
   34 0.001522
   35 0.001556
   36 0.001606
   37 0.001664
   38 0.001747
   39 0.001835
   40 0.001948
