    1    38
    2    38
    3    41
    4    41
    5    41
    6    41
    7    41
    8    41
    9    41
   10    41
   11    41
   12    41
   13    41
   14    41
   15    41
   16    41
   17    41
   18    41
   19    41
   20    41
   21    41
   22    41
   23    41
   24    41
   25    41
   26    41
   27    41
   28    41
   29    41
   30    41
   31    42
   32    42
   33    42
   34    42
   35    42
   36    42
   37    42
   38    42
   39    42
   40    42
   41    41
   42    41
   43    41
   44    41
   45    41
   46    41
   47    41
   48    41
   49    41
   50    41
   51    41
   52    41
   53    41
   54    41
   55    41
   56    41
   57    41
   58    41
   59    41
   60    41
   61    41
   62    41
   63    41
   64    41
   65    41
   66    41
   67    40
   68    40
   69    40
   70    40
   71    40
   72    40
   73    40
   74    40
   75    40
   76    40
   77    40
   78    40
   79    40
   80    39
   81    39
   82    39
   83    39
   84    39
   85    39
   86    39
   87    39
   88    39
   89    39
   90    39
   91    39
   92    39
   93    38
   94    38
   95    38
   96    38
   97    38
   98    38
   99    38
  100    38
  101    38
  102    38
  103    38
  104    38
  105    38
  106    38
  107    37
  108    37
  109    37
  110    37
  111    37
  112    37
  113    37
  114    37
  115    37
  116    37
  117    37
  118    37
  119    37
  120    37
  121    37
  122    37
  123    37
  124    37
  125    37
  126    37
  127    36
  128    36
  129    36
  130    36
  131    36
  132    36
  133    36
  134    36
  135    36
  136    36
  137    36
  138    36
  139    36
  140    36
  141    36
  142    36
  143    36
  144    36
  145    36
  146    36
  147    36
  148    36
  149    36
  150    36
  151    36
  152    36
  153    36
  154    36
  155    36
  156    36
  157    36
  158    36
  159    36
  160    36
  161    36
  162    37
  163    37
  164    37
  165    37
  166    37
  167    37
  168    37
  169    37
  170    37
  171    37
  172    37
  173    37
  174    37
  175    37
  176    37
  177    37
  178    37
  179    37
  180    37
  181    37
  182    37
  183    37
  184    37
  185    37
  186    37
  187    37
  188    38
  189    38
  190    38
  191    38
  192    38
  193    38
  194    38
  195    38
  196    38
  197    38
  198    38
  199    38
  200    38
  201    38
  202    38
  203    38
  204    38
  205    38
  206    38
  207    38
  208    38
  209    38
  210    38
  211    38
  212    38
  213    38
  214    38
  215    38
  216    38
  217    38
  218    38
  219    38
  220    39
  221    39
  222    39
  223    39
  224    39
  225    39
  226    39
  227    39
  228    39
  229    39
  230    39
  231    39
  232    39
  233    39
  234    39
  235    39
  236    39
  237    39
  238    39
  239    39
  240    39
  241    39
  242    39
  243    39
  244    39
  245    39
  246    39
  247    39
  248    39
  249    39
  250    39
  251    39
  252    39
  253    39
  254    39
  255    39
  256    39
  257    39
  258    39
  259    39
  260    39
  261    39
  262    39
  263    39
  264    39
  265    39
  266    39
  267    39
  268    38
  269    38
  270    38
  271    38
  272    38
  273    38
  274    38
  275    38
  276    38
  277    38
  278    38
  279    38
  280    38
  281    38
  282    38
  283    38
  284    38
  285    38
  286    38
  287    38
  288    38
  289    38
  290    38
  291    38
  292    38
  293    38
  294    38
  295    38
  296    38
  297    38
  298    38
  299    38
  300    38
  301    38
  302    38
  303    38
  304    38
  305    38
  306    38
  307    38
  308    38
  309    38
  310    38
  311    38
  312    38
  313    38
  314    38
  315    38
  316    38
  317    38
  318    38
  319    38
  320    38
  321    38
  322    38
  323    38
  324    38
  325    38
  326    38
  327    38
  328    38
  329    38
  330    38
  331    38
  332    38
  333    38
  334    38
  335    38
  336    38
  337    38
  338    38
  339    38
  340    38
  341    38
  342    38
  343    38
  344    38
  345    38
  346    38
  347    38
  348    38
  349    38
  350    38
  351    38
  352    38
  353    38
  354    38
  355    38
  356    38
  357    38
  358    38
  359    38
  360    38
  361    38
  362    38
  363    38
  364    38
  365    38
  366    38
  367    38
  368    38
  369    38
  370    38
  371    38
  372    38
  373    38
  374    38
  375    38
  376    38
  377    38
  378    38
  379    38
  380    38
  381    38
  382    38
  383    38
  384    38
  385    38
  386    38
  387    38
  388    38
  389    38
  390    38
  391    38
  392    38
  393    38
  394    38
  395    38
  396    38
  397    38
  398    38
  399    38
  400    38
