    1 36.500000
    2 36.500000
    3 39.750000
    4 39.750000
    5 39.750000
    6 39.680000
    7 39.680000
    8 39.680000
    9 39.680000
   10 39.680000
   11 39.680000
   12 39.680000
   13 39.680000
   14 39.680000
   15 39.680000
   16 39.750000
   17 39.750000
   18 39.750000
   19 39.810000
   20 39.810000
   21 39.870000
   22 39.870000
   23 39.870000
   24 39.930000
   25 39.930000
   26 40.000000
   27 40.060000
   28 40.060000
   29 40.060000
   30 40.060000
   31 40.060000
   32 40.060000
   33 40.060000
   34 40.060000
   35 40.060000
   36 40.060000
   37 40.060000
   38 40.060000
   39 40.060000
   40 40.000000
   41 40.000000
   42 40.000000
   43 39.930000
   44 39.930000
   45 39.930000
   46 39.930000
   47 39.930000
   48 39.870000
   49 39.870000
   50 39.810000
   51 39.810000
   52 39.810000
   53 39.750000
   54 39.750000
   55 39.750000
   56 39.680000
   57 39.620000
   58 39.620000
   59 39.560000
   60 39.560000
   61 39.500000
   62 39.500000
   63 39.430000
   64 39.430000
   65 39.370000
   66 39.310000
   67 39.310000
   68 39.250000
   69 39.180000
   70 39.180000
   71 39.120000
   72 39.060000
   73 39.000000
   74 38.930000
   75 38.930000
   76 38.870000
   77 38.810000
   78 38.750000
   79 38.680000
   80 38.620000
   81 38.560000
   82 38.500000
   83 38.430000
   84 38.370000
   85 38.310000
   86 38.250000
   87 38.180000
   88 38.120000
   89 38.060000
   90 38.000000
   91 38.000000
   92 37.930000
   93 37.870000
   94 37.810000
   95 37.750000
   96 37.680000
   97 37.680000
   98 37.620000
   99 37.560000
  100 37.500000
  101 37.430000
  102 37.430000
  103 37.370000
  104 37.370000
  105 37.310000
  106 37.250000
  107 37.250000
  108 37.180000
  109 37.120000
  110 37.000000
  111 37.000000
  112 36.870000
  113 36.810000
  114 36.810000
  115 36.750000
  116 36.680000
  117 36.620000
  118 36.560000
  119 36.500000
  120 36.430000
  121 36.370000
  122 36.370000
  123 36.370000
  124 36.370000
  125 36.310000
  126 36.310000
  127 36.250000
  128 36.250000
  129 36.180000
  130 36.180000
  131 36.120000
  132 36.120000
  133 36.060000
  134 36.000000
  135 36.000000
  136 36.000000
  137 36.000000
  138 35.930000
  139 35.870000
  140 35.870000
  141 35.810000
  142 35.810000
  143 35.750000
  144 35.750000
  145 35.750000
  146 35.680000
  147 35.680000
  148 35.620000
  149 35.620000
  150 35.620000
  151 35.560000
  152 35.560000
  153 35.560000
  154 35.500000
  155 35.560000
  156 35.560000
  157 35.560000
  158 35.560000
  159 35.560000
  160 35.560000
  161 35.560000
  162 35.620000
  163 35.620000
  164 35.620000
  165 35.680000
  166 35.680000
  167 35.680000
  168 35.680000
  169 35.680000
  170 35.750000
  171 35.750000
  172 35.750000
  173 35.750000
  174 35.750000
  175 35.750000
  176 35.750000
  177 35.680000
  178 35.680000
  179 35.680000
  180 35.680000
  181 35.680000
  182 35.680000
  183 35.680000
  184 35.680000
  185 35.680000
  186 35.680000
  187 35.750000
  188 35.810000
  189 35.810000
  190 35.870000
  191 35.930000
  192 36.000000
  193 36.000000
  194 36.060000
  195 36.120000
  196 36.120000
  197 36.180000
  198 36.250000
  199 36.310000
  200 36.310000
  201 36.310000
  202 36.370000
  203 36.370000
  204 36.430000
  205 36.430000
  206 36.500000
  207 36.560000
  208 36.560000
  209 36.620000
  210 36.680000
  211 36.680000
  212 36.750000
  213 36.750000
  214 36.810000
  215 36.810000
  216 36.810000
  217 36.810000
  218 36.870000
  219 36.870000
  220 36.930000
  221 36.930000
  222 36.930000
  223 36.930000
  224 36.930000
  225 36.930000
  226 36.930000
  227 36.930000
  228 36.930000
  229 36.930000
  230 36.930000
  231 36.930000
  232 36.870000
  233 36.870000
  234 36.870000
  235 36.870000
  236 36.870000
  237 36.870000
  238 36.870000
  239 36.870000
  240 36.870000
  241 36.870000
  242 36.870000
  243 36.870000
  244 36.870000
  245 36.870000
  246 36.870000
  247 36.870000
  248 36.870000
  249 36.870000
  250 36.870000
  251 36.810000
  252 36.810000
  253 36.810000
  254 36.810000
  255 36.810000
  256 36.750000
  257 36.750000
  258 36.680000
  259 36.680000
  260 36.680000
  261 36.680000
  262 36.680000
  263 36.680000
  264 36.680000
  265 36.680000
  266 36.680000
  267 36.620000
  268 36.620000
  269 36.680000
  270 36.680000
  271 36.680000
  272 36.620000
  273 36.620000
  274 36.620000
  275 36.620000
  276 36.620000
  277 36.620000
  278 36.560000
  279 36.560000
  280 36.560000
  281 36.560000
  282 36.560000
  283 36.560000
  284 36.560000
  285 36.560000
  286 36.560000
  287 36.560000
  288 36.560000
  289 36.560000
  290 36.560000
  291 36.560000
  292 36.560000
  293 36.560000
  294 36.620000
  295 36.620000
  296 36.560000
  297 36.560000
  298 36.560000
  299 36.560000
  300 36.560000
  301 36.560000
  302 36.500000
  303 36.500000
  304 36.500000
  305 36.500000
  306 36.500000
  307 36.500000
  308 36.500000
  309 36.430000
  310 36.430000
  311 36.430000
  312 36.370000
  313 36.370000
  314 36.370000
  315 36.310000
  316 36.310000
  317 36.310000
  318 36.310000
  319 36.310000
  320 36.310000
  321 36.370000
  322 36.370000
  323 36.370000
  324 36.370000
  325 36.430000
  326 36.370000
  327 36.370000
  328 36.370000
  329 36.310000
  330 36.310000
  331 36.310000
  332 36.310000
  333 36.310000
  334 36.310000
  335 36.250000
  336 36.250000
  337 36.250000
  338 36.250000
  339 36.250000
  340 36.250000
  341 36.250000
  342 36.250000
  343 36.250000
  344 36.250000
  345 36.250000
  346 36.250000
  347 36.250000
  348 36.250000
  349 36.310000
  350 36.310000
  351 36.310000
  352 36.310000
  353 36.310000
  354 36.310000
  355 36.310000
  356 36.310000
  357 36.310000
  358 36.310000
  359 36.310000
  360 36.310000
  361 36.310000
  362 36.310000
  363 36.310000
  364 36.310000
  365 36.310000
  366 36.370000
  367 36.370000
  368 36.370000
  369 36.370000
  370 36.370000
  371 36.370000
  372 36.370000
  373 36.370000
  374 36.370000
  375 36.370000
  376 36.370000
  377 36.370000
  378 36.370000
  379 36.370000
  380 36.430000
  381 36.430000
  382 36.430000
  383 36.430000
  384 36.500000
  385 36.500000
  386 36.500000
  387 36.500000
  388 36.500000
  389 36.500000
  390 36.500000
  391 36.500000
  392 36.430000
  393 36.430000
  394 36.430000
  395 36.430000
  396 36.430000
  397 36.430000
  398 36.430000
  399 36.500000
  400 36.500000
