    1 0.000877
    2 0.001747
    3 0.002608
    4 0.003459
    5 0.004302
    6 0.005136
    7 0.005961
    8 0.006778
    9 0.007586
   10 0.008385
   11 0.009176
   12 0.009959
   13 0.010733
   14 0.011499
   15 0.012257
   16 0.013007
   17 0.013749
   18 0.014484
   19 0.015210
   20 0.015929
   21 0.016640
   22 0.017344
   23 0.018041
   24 0.018730
   25 0.019411
   26 0.020086
   27 0.020753
   28 0.021414
   29 0.022067
   30 0.022714
   31 0.023354
   32 0.023987
   33 0.024613
   34 0.025233
   35 0.025846
   36 0.026453
   37 0.027053
   38 0.027647
   39 0.028235
   40 0.028816
   41 0.029391
   42 0.029961
   43 0.030524
   44 0.031081
   45 0.031633
   46 0.032179
   47 0.032718
   48 0.033253
   49 0.033781
   50 0.034304
   51 0.034822
   52 0.035334
   53 0.035840
   54 0.036342
   55 0.036838
   56 0.037328
   57 0.037814
   58 0.038294
   59 0.038770
   60 0.039240
   61 0.039706
   62 0.040166
   63 0.040622
   64 0.041073
   65 0.041519
   66 0.041960
   67 0.042397
   68 0.042829
   69 0.043257
   70 0.043680
   71 0.044098
   72 0.044512
   73 0.044922
   74 0.045328
   75 0.045729
   76 0.046126
   77 0.046519
   78 0.046907
   79 0.047292
   80 0.047672
   81 0.048049
   82 0.048421
   83 0.048790
   84 0.049154
   85 0.049515
   86 0.049872
   87 0.050226
   88 0.050575
   89 0.050921
   90 0.051263
   91 0.051602
   92 0.051937
   93 0.052268
   94 0.052596
   95 0.052921
   96 0.053242
   97 0.053560
   98 0.053874
   99 0.054185
  100 0.054493
  101 0.054797
  102 0.055099
  103 0.055397
  104 0.055692
  105 0.055984
  106 0.056272
  107 0.056558
  108 0.056841
  109 0.057121
  110 0.057397
  111 0.057671
  112 0.057942
  113 0.058210
  114 0.058476
  115 0.058738
  116 0.058998
  117 0.059255
  118 0.059509
  119 0.059761
  120 0.060010
  121 0.060256
  122 0.060500
  123 0.060741
  124 0.060980
  125 0.061216
  126 0.061449
  127 0.061681
  128 0.061909
  129 0.062136
  130 0.062359
  131 0.062581
  132 0.062800
  133 0.063017
  134 0.063232
  135 0.063444
  136 0.063654
  137 0.063862
  138 0.064068
  139 0.064271
  140 0.064473
  141 0.064672
  142 0.064869
  143 0.065064
  144 0.065257
  145 0.065448
  146 0.065637
  147 0.065824
  148 0.066009
  149 0.066192
  150 0.066373
  151 0.066552
  152 0.066730
  153 0.066905
  154 0.067079
  155 0.067250
  156 0.067420
  157 0.067589
  158 0.067755
  159 0.067920
  160 0.068082
  161 0.068244
  162 0.068403
  163 0.068561
  164 0.068717
  165 0.068871
  166 0.069024
  167 0.069176
  168 0.069325
  169 0.069473
  170 0.069620
  171 0.069765
  172 0.069908
  173 0.070050
  174 0.070190
  175 0.070329
  176 0.070467
  177 0.070603
  178 0.070737
  179 0.070871
  180 0.071002
  181 0.071133
  182 0.071262
  183 0.071389
  184 0.071516
  185 0.071641
  186 0.071764
  187 0.071887
  188 0.072008
  189 0.072127
  190 0.072246
  191 0.072363
  192 0.072479
  193 0.072594
  194 0.072707
  195 0.072820
  196 0.072931
  197 0.073041
  198 0.073150
  199 0.073258
  200 0.073364
  201 0.073470
  202 0.073574
  203 0.073677
  204 0.073779
  205 0.073881
  206 0.073981
  207 0.074079
  208 0.074177
  209 0.074274
  210 0.074370
  211 0.074465
  212 0.074559
  213 0.074652
  214 0.074744
  215 0.074834
  216 0.074924
  217 0.075013
  218 0.075101
  219 0.075189
  220 0.075275
  221 0.075360
  222 0.075444
  223 0.075528
  224 0.075611
  225 0.075692
  226 0.075773
  227 0.075853
  228 0.075933
  229 0.076011
  230 0.076088
  231 0.076165
  232 0.076241
  233 0.076316
  234 0.076390
  235 0.076464
  236 0.076537
  237 0.076609
  238 0.076680
  239 0.076750
  240 0.076820
  241 0.076889
  242 0.076957
  243 0.077025
  244 0.077092
  245 0.077158
  246 0.077223
  247 0.077288
  248 0.077352
  249 0.077416
  250 0.077478
  251 0.077540
  252 0.077602
  253 0.077663
  254 0.077723
  255 0.077782
  256 0.077841
  257 0.077899
  258 0.077957
  259 0.078014
  260 0.078070
  261 0.078126
  262 0.078181
  263 0.078236
  264 0.078290
  265 0.078343
  266 0.078396
  267 0.078449
  268 0.078501
  269 0.078552
  270 0.078603
  271 0.078653
  272 0.078702
  273 0.078752
  274 0.078800
  275 0.078848
  276 0.078896
  277 0.078943
  278 0.078990
  279 0.079036
  280 0.079081
  281 0.079127
  282 0.079171
  283 0.079215
  284 0.079259
  285 0.079302
  286 0.079345
  287 0.079388
  288 0.079429
  289 0.079471
  290 0.079512
  291 0.079553
  292 0.079593
  293 0.079633
  294 0.079672
  295 0.079711
  296 0.079749
  297 0.079787
  298 0.079825
  299 0.079862
  300 0.079899
  301 0.079936
  302 0.079972
  303 0.080008
  304 0.080043
  305 0.080078
  306 0.080113
  307 0.080147
  308 0.080181
  309 0.080214
  310 0.080248
  311 0.080280
  312 0.080313
  313 0.080345
  314 0.080377
  315 0.080408
  316 0.080440
  317 0.080470
  318 0.080501
  319 0.080531
  320 0.080561
  321 0.080590
  322 0.080620
  323 0.080649
  324 0.080677
  325 0.080706
  326 0.080734
  327 0.080761
  328 0.080789
  329 0.080816
  330 0.080843
  331 0.080869
  332 0.080895
  333 0.080922
  334 0.080947
  335 0.080973
  336 0.080998
  337 0.081023
  338 0.081047
  339 0.081072
  340 0.081096
  341 0.081120
  342 0.081144
  343 0.081167
  344 0.081190
  345 0.081213
  346 0.081236
  347 0.081258
  348 0.081280
  349 0.081302
  350 0.081324
  351 0.081345
  352 0.081367
  353 0.081388
  354 0.081409
  355 0.081429
  356 0.081450
  357 0.081470
  358 0.081490
  359 0.081509
  360 0.081529
  361 0.081548
  362 0.081567
  363 0.081586
  364 0.081605
  365 0.081624
