    1 0.002780
    2 0.005529
    3 0.008238
    4 0.010907
    5 0.013538
    6 0.016131
    7 0.018686
    8 0.021203
    9 0.023684
   10 0.026129
   11 0.028539
   12 0.030913
   13 0.033253
   14 0.035559
   15 0.037831
   16 0.040070
   17 0.042277
   18 0.044452
   19 0.046595
   20 0.048707
   21 0.050788
   22 0.052839
   23 0.054860
   24 0.056851
   25 0.058814
   26 0.060748
   27 0.062654
   28 0.064532
   29 0.066383
   30 0.068207
   31 0.070005
   32 0.071776
   33 0.073522
   34 0.075242
   35 0.076937
   36 0.078608
   37 0.080254
   38 0.081876
   39 0.083475
   40 0.085051
   41 0.086603
   42 0.088133
   43 0.089641
   44 0.091127
   45 0.092591
   46 0.094034
   47 0.095456
   48 0.096857
   49 0.098238
   50 0.099599
   51 0.100940
   52 0.102261
   53 0.103563
   54 0.104847
   55 0.106111
   56 0.107358
   57 0.108586
   58 0.109796
   59 0.110989
   60 0.112164
   61 0.113322
   62 0.114464
   63 0.115589
   64 0.116697
   65 0.117789
   66 0.118866
   67 0.119927
   68 0.120972
   69 0.122002
   70 0.123017
   71 0.124018
   72 0.125004
   73 0.125975
   74 0.126933
   75 0.127876
   76 0.128806
   77 0.129722
   78 0.130625
   79 0.131515
   80 0.132392
   81 0.133256
   82 0.134107
   83 0.134946
   84 0.135773
   85 0.136588
   86 0.137391
   87 0.138183
   88 0.138963
   89 0.139731
   90 0.140488
   91 0.141235
   92 0.141970
   93 0.142695
   94 0.143409
   95 0.144113
   96 0.144807
   97 0.145490
   98 0.146164
   99 0.146828
  100 0.147482
  101 0.148127
  102 0.148762
  103 0.149388
  104 0.150005
  105 0.150613
  106 0.151212
  107 0.151802
  108 0.152384
  109 0.152957
  110 0.153522
  111 0.154079
  112 0.154628
  113 0.155169
  114 0.155702
  115 0.156227
  116 0.156744
  117 0.157254
  118 0.157757
  119 0.158252
  120 0.158740
  121 0.159221
  122 0.159695
  123 0.160162
  124 0.160622
  125 0.161075
  126 0.161522
  127 0.161963
  128 0.162397
  129 0.162825
  130 0.163246
  131 0.163662
  132 0.164071
  133 0.164474
  134 0.164872
  135 0.165264
  136 0.165650
  137 0.166030
  138 0.166405
  139 0.166774
  140 0.167138
  141 0.167497
  142 0.167851
  143 0.168199
  144 0.168543
  145 0.168881
  146 0.169214
  147 0.169543
  148 0.169867
  149 0.170186
  150 0.170500
  151 0.170810
  152 0.171116
  153 0.171417
  154 0.171713
  155 0.172005
  156 0.172293
  157 0.172577
  158 0.172857
  159 0.173132
  160 0.173404
  161 0.173672
  162 0.173935
  163 0.174195
  164 0.174452
  165 0.174704
  166 0.174953
  167 0.175198
  168 0.175439
  169 0.175678
  170 0.175912
  171 0.176143
  172 0.176371
  173 0.176596
  174 0.176817
  175 0.177035
  176 0.177250
  177 0.177462
  178 0.177670
  179 0.177876
  180 0.178078
  181 0.178278
  182 0.178475
  183 0.178669
  184 0.178860
  185 0.179048
  186 0.179234
  187 0.179417
  188 0.179597
  189 0.179774
  190 0.179949
  191 0.180122
  192 0.180292
  193 0.180459
  194 0.180624
  195 0.180787
  196 0.180947
  197 0.181105
  198 0.181261
  199 0.181414
  200 0.181566
  201 0.181715
  202 0.181861
  203 0.182006
  204 0.182149
  205 0.182289
  206 0.182428
  207 0.182564
  208 0.182698
  209 0.182831
  210 0.182961
  211 0.183090
  212 0.183217
  213 0.183342
  214 0.183465
  215 0.183586
  216 0.183706
  217 0.183824
  218 0.183940
  219 0.184054
  220 0.184167
  221 0.184278
  222 0.184388
  223 0.184496
  224 0.184602
  225 0.184707
  226 0.184810
  227 0.184912
  228 0.185012
  229 0.185111
  230 0.185209
  231 0.185305
  232 0.185399
  233 0.185492
  234 0.185584
  235 0.185675
  236 0.185764
  237 0.185852
  238 0.185938
  239 0.186024
  240 0.186108
  241 0.186191
  242 0.186273
  243 0.186353
  244 0.186432
  245 0.186511
  246 0.186588
  247 0.186664
  248 0.186738
  249 0.186812
  250 0.186885
  251 0.186956
  252 0.187027
  253 0.187097
  254 0.187165
  255 0.187233
  256 0.187299
  257 0.187365
  258 0.187429
  259 0.187493
  260 0.187556
  261 0.187618
  262 0.187679
  263 0.187739
  264 0.187798
  265 0.187856
  266 0.187914
  267 0.187970
  268 0.188026
  269 0.188081
  270 0.188135
  271 0.188189
  272 0.188242
  273 0.188293
  274 0.188345
  275 0.188395
  276 0.188445
  277 0.188494
  278 0.188542
  279 0.188589
  280 0.188636
  281 0.188682
  282 0.188728
  283 0.188773
  284 0.188817
  285 0.188860
  286 0.188903
  287 0.188945
  288 0.188987
  289 0.189028
  290 0.189068
  291 0.189108
  292 0.189148
  293 0.189186
  294 0.189224
  295 0.189262
  296 0.189299
  297 0.189336
  298 0.189372
  299 0.189407
  300 0.189442
  301 0.189476
  302 0.189510
  303 0.189544
  304 0.189577
  305 0.189609
  306 0.189641
  307 0.189673
  308 0.189704
  309 0.189734
  310 0.189764
  311 0.189794
  312 0.189824
  313 0.189852
  314 0.189881
  315 0.189909
  316 0.189937
  317 0.189964
  318 0.189991
  319 0.190017
  320 0.190043
  321 0.190069
  322 0.190094
  323 0.190119
  324 0.190144
  325 0.190168
  326 0.190192
  327 0.190215
  328 0.190238
  329 0.190261
  330 0.190284
  331 0.190306
  332 0.190328
  333 0.190349
  334 0.190371
  335 0.190391
  336 0.190412
  337 0.190432
  338 0.190452
  339 0.190472
  340 0.190492
  341 0.190511
  342 0.190530
  343 0.190548
  344 0.190567
  345 0.190585
  346 0.190602
  347 0.190620
  348 0.190637
  349 0.190654
  350 0.190671
  351 0.190688
  352 0.190704
  353 0.190720
  354 0.190736
  355 0.190752
  356 0.190767
  357 0.190782
  358 0.190797
  359 0.190812
  360 0.190826
  361 0.190841
  362 0.190855
  363 0.190868
  364 0.190882
  365 0.190896
  366 0.190909
  367 0.190922
  368 0.190935
  369 0.190948
  370 0.190960
  371 0.190972
  372 0.190985
  373 0.190997
  374 0.191008
  375 0.191020
  376 0.191032
  377 0.191043
  378 0.191054
