    1 0.004828
    2 0.009569
    3 0.014222
    4 0.018791
    5 0.023276
    6 0.027679
    7 0.032001
    8 0.036245
    9 0.040410
   10 0.044500
   11 0.048515
   12 0.052456
   13 0.056326
   14 0.060124
   15 0.063853
   16 0.067514
   17 0.071108
   18 0.074637
   19 0.078100
   20 0.081501
   21 0.084839
   22 0.088116
   23 0.091333
   24 0.094492
   25 0.097592
   26 0.100636
   27 0.103625
   28 0.106558
   29 0.109438
   30 0.112266
   31 0.115041
   32 0.117766
   33 0.120441
   34 0.123067
   35 0.125645
   36 0.128176
   37 0.130661
   38 0.133100
   39 0.135495
   40 0.137846
   41 0.140153
   42 0.142419
   43 0.144643
   44 0.146827
   45 0.148970
   46 0.151075
   47 0.153141
   48 0.155169
   49 0.157160
   50 0.159115
   51 0.161033
   52 0.162917
   53 0.164767
   54 0.166582
   55 0.168364
   56 0.170114
   57 0.171832
   58 0.173518
   59 0.175174
   60 0.176799
   61 0.178394
   62 0.179961
   63 0.181498
   64 0.183008
   65 0.184490
   66 0.185945
   67 0.187373
   68 0.188775
   69 0.190152
   70 0.191503
   71 0.192829
   72 0.194132
   73 0.195410
   74 0.196665
   75 0.197898
   76 0.199107
   77 0.200295
   78 0.201461
   79 0.202605
   80 0.203729
   81 0.204832
   82 0.205915
   83 0.206978
   84 0.208021
   85 0.209046
   86 0.210052
   87 0.211039
   88 0.212008
   89 0.212960
   90 0.213894
   91 0.214811
   92 0.215712
   93 0.216595
   94 0.217463
   95 0.218315
   96 0.219151
   97 0.219972
   98 0.220778
   99 0.221570
  100 0.222346
  101 0.223109
  102 0.223857
  103 0.224592
  104 0.225314
  105 0.226022
  106 0.226718
  107 0.227400
  108 0.228070
  109 0.228728
  110 0.229374
  111 0.230008
  112 0.230631
  113 0.231242
  114 0.231841
  115 0.232430
  116 0.233009
  117 0.233576
  118 0.234133
  119 0.234680
  120 0.235217
  121 0.235745
  122 0.236262
  123 0.236770
  124 0.237269
  125 0.237759
  126 0.238239
  127 0.238711
  128 0.239175
  129 0.239629
  130 0.240076
  131 0.240514
  132 0.240945
  133 0.241367
  134 0.241782
  135 0.242189
  136 0.242589
  137 0.242981
  138 0.243366
  139 0.243744
  140 0.244116
  141 0.244480
  142 0.244838
  143 0.245189
  144 0.245534
  145 0.245872
  146 0.246205
  147 0.246531
  148 0.246851
  149 0.247166
  150 0.247474
  151 0.247777
  152 0.248075
  153 0.248367
  154 0.248654
  155 0.248935
  156 0.249212
  157 0.249483
  158 0.249749
  159 0.250011
  160 0.250267
  161 0.250519
  162 0.250767
  163 0.251009
  164 0.251248
  165 0.251482
  166 0.251712
  167 0.251937
  168 0.252159
  169 0.252376
  170 0.252589
  171 0.252799
  172 0.253005
  173 0.253206
  174 0.253405
  175 0.253599
  176 0.253790
  177 0.253978
  178 0.254162
  179 0.254343
  180 0.254520
  181 0.254694
  182 0.254865
  183 0.255033
  184 0.255198
  185 0.255360
  186 0.255519
  187 0.255675
  188 0.255828
  189 0.255978
  190 0.256125
  191 0.256270
  192 0.256412
  193 0.256552
  194 0.256689
  195 0.256824
  196 0.256956
  197 0.257085
  198 0.257213
  199 0.257338
  200 0.257460
  201 0.257581
  202 0.257699
  203 0.257815
  204 0.257929
  205 0.258041
  206 0.258151
  207 0.258258
  208 0.258364
  209 0.258468
  210 0.258570
  211 0.258670
  212 0.258769
  213 0.258865
  214 0.258960
  215 0.259053
  216 0.259144
  217 0.259234
  218 0.259322
  219 0.259408
  220 0.259493
  221 0.259576
  222 0.259658
  223 0.259738
  224 0.259817
  225 0.259894
  226 0.259970
  227 0.260045
  228 0.260118
  229 0.260190
  230 0.260260
  231 0.260329
  232 0.260397
  233 0.260464
  234 0.260530
  235 0.260594
  236 0.260657
  237 0.260719
  238 0.260780
  239 0.260840
  240 0.260898
  241 0.260956
  242 0.261012
  243 0.261068
  244 0.261122
  245 0.261176
  246 0.261228
  247 0.261280
  248 0.261330
  249 0.261380
  250 0.261429
  251 0.261476
  252 0.261523
  253 0.261570
  254 0.261615
  255 0.261659
  256 0.261703
  257 0.261746
  258 0.261788
  259 0.261829
  260 0.261870
  261 0.261909
  262 0.261949
  263 0.261987
  264 0.262024
  265 0.262061
  266 0.262098
  267 0.262133
  268 0.262168
  269 0.262203
  270 0.262236
  271 0.262269
  272 0.262302
  273 0.262334
  274 0.262365
  275 0.262396
  276 0.262426
  277 0.262456
  278 0.262485
  279 0.262513
  280 0.262541
  281 0.262569
  282 0.262596
  283 0.262622
  284 0.262648
  285 0.262674
  286 0.262699
  287 0.262724
  288 0.262748
  289 0.262772
  290 0.262795
  291 0.262818
  292 0.262840
  293 0.262862
  294 0.262884
  295 0.262905
  296 0.262926
  297 0.262946
  298 0.262966
  299 0.262986
  300 0.263006
  301 0.263025
  302 0.263043
  303 0.263062
  304 0.263080
  305 0.263097
  306 0.263115
  307 0.263132
  308 0.263148
  309 0.263165
  310 0.263181
  311 0.263197
  312 0.263212
  313 0.263227
  314 0.263242
  315 0.263257
  316 0.263272
  317 0.263286
  318 0.263300
  319 0.263313
  320 0.263327
  321 0.263340
  322 0.263353
  323 0.263365
  324 0.263378
  325 0.263390
  326 0.263402
  327 0.263414
  328 0.263425
  329 0.263437
  330 0.263448
  331 0.263459
  332 0.263469
  333 0.263480
  334 0.263490
  335 0.263500
  336 0.263510
  337 0.263520
  338 0.263530
  339 0.263539
  340 0.263549
  341 0.263558
  342 0.263567
  343 0.263575
  344 0.263584
  345 0.263592
  346 0.263601
  347 0.263609
  348 0.263617
  349 0.263625
  350 0.263632
  351 0.263640
  352 0.263647
  353 0.263655
  354 0.263662
  355 0.263669
  356 0.263676
  357 0.263682
  358 0.263689
  359 0.263696
  360 0.263702
  361 0.263708
  362 0.263714
  363 0.263720
  364 0.263726
  365 0.263732
  366 0.263738
  367 0.263744
  368 0.263749
  369 0.263755
  370 0.263760
  371 0.263765
  372 0.263770
  373 0.263775
  374 0.263780
  375 0.263785
  376 0.263790
  377 0.263794
