    1 0.002914
    2 0.005796
    3 0.008637
    4 0.011438
    5 0.014199
    6 0.016921
    7 0.019604
    8 0.022249
    9 0.024856
   10 0.027427
   11 0.029961
   12 0.032459
   13 0.034921
   14 0.037349
   15 0.039742
   16 0.042101
   17 0.044426
   18 0.046719
   19 0.048979
   20 0.051207
   21 0.053403
   22 0.055568
   23 0.057702
   24 0.059806
   25 0.061880
   26 0.063925
   27 0.065941
   28 0.067928
   29 0.069886
   30 0.071817
   31 0.073721
   32 0.075597
   33 0.077447
   34 0.079271
   35 0.081068
   36 0.082840
   37 0.084587
   38 0.086310
   39 0.088007
   40 0.089681
   41 0.091331
   42 0.092957
   43 0.094560
   44 0.096141
   45 0.097699
   46 0.099235
   47 0.100749
   48 0.102242
   49 0.103713
   50 0.105164
   51 0.106593
   52 0.108003
   53 0.109393
   54 0.110763
   55 0.112113
   56 0.113444
   57 0.114757
   58 0.116050
   59 0.117326
   60 0.118583
   61 0.119822
   62 0.121044
   63 0.122248
   64 0.123436
   65 0.124606
   66 0.125760
   67 0.126897
   68 0.128018
   69 0.129124
   70 0.130213
   71 0.131288
   72 0.132346
   73 0.133390
   74 0.134419
   75 0.135434
   76 0.136434
   77 0.137420
   78 0.138392
   79 0.139350
   80 0.140294
   81 0.141225
   82 0.142143
   83 0.143047
   84 0.143939
   85 0.144819
   86 0.145685
   87 0.146540
   88 0.147382
   89 0.148212
   90 0.149031
   91 0.149838
   92 0.150633
   93 0.151417
   94 0.152191
   95 0.152953
   96 0.153704
   97 0.154444
   98 0.155174
   99 0.155894
  100 0.156603
  101 0.157303
  102 0.157992
  103 0.158672
  104 0.159342
  105 0.160002
  106 0.160654
  107 0.161295
  108 0.161928
  109 0.162552
  110 0.163167
  111 0.163773
  112 0.164370
  113 0.164960
  114 0.165540
  115 0.166113
  116 0.166677
  117 0.167233
  118 0.167782
  119 0.168322
  120 0.168855
  121 0.169381
  122 0.169899
  123 0.170409
  124 0.170912
  125 0.171409
  126 0.171898
  127 0.172380
  128 0.172855
  129 0.173324
  130 0.173786
  131 0.174241
  132 0.174690
  133 0.175132
  134 0.175569
  135 0.175999
  136 0.176423
  137 0.176840
  138 0.177252
  139 0.177659
  140 0.178059
  141 0.178454
  142 0.178843
  143 0.179226
  144 0.179604
  145 0.179977
  146 0.180344
  147 0.180707
  148 0.181064
  149 0.181416
  150 0.181763
  151 0.182105
  152 0.182442
  153 0.182774
  154 0.183102
  155 0.183425
  156 0.183743
  157 0.184057
  158 0.184367
  159 0.184672
  160 0.184973
  161 0.185269
  162 0.185561
  163 0.185850
  164 0.186134
  165 0.186414
  166 0.186690
  167 0.186962
  168 0.187230
  169 0.187494
  170 0.187755
  171 0.188012
  172 0.188265
  173 0.188515
  174 0.188761
  175 0.189004
  176 0.189243
  177 0.189479
  178 0.189711
  179 0.189940
  180 0.190166
  181 0.190389
  182 0.190609
  183 0.190825
  184 0.191038
  185 0.191249
  186 0.191456
  187 0.191660
  188 0.191862
  189 0.192061
  190 0.192256
  191 0.192449
  192 0.192640
  193 0.192827
  194 0.193012
  195 0.193194
  196 0.193374
  197 0.193551
  198 0.193726
  199 0.193898
  200 0.194068
  201 0.194235
  202 0.194400
  203 0.194563
  204 0.194723
  205 0.194881
  206 0.195037
  207 0.195190
  208 0.195342
  209 0.195491
  210 0.195638
  211 0.195783
  212 0.195926
  213 0.196067
  214 0.196206
  215 0.196343
  216 0.196478
  217 0.196611
  218 0.196742
  219 0.196871
  220 0.196999
  221 0.197124
  222 0.197248
  223 0.197370
  224 0.197491
  225 0.197609
  226 0.197726
  227 0.197842
  228 0.197955
  229 0.198068
  230 0.198178
  231 0.198287
  232 0.198394
  233 0.198500
  234 0.198605
  235 0.198707
  236 0.198809
  237 0.198909
  238 0.199007
  239 0.199105
  240 0.199200
  241 0.199295
  242 0.199388
  243 0.199480
  244 0.199570
  245 0.199659
  246 0.199747
  247 0.199834
  248 0.199919
  249 0.200003
  250 0.200086
  251 0.200168
  252 0.200249
  253 0.200328
  254 0.200407
  255 0.200484
  256 0.200560
  257 0.200635
  258 0.200709
  259 0.200782
  260 0.200854
  261 0.200925
  262 0.200995
  263 0.201064
  264 0.201132
  265 0.201199
  266 0.201265
  267 0.201330
  268 0.201394
  269 0.201457
  270 0.201520
  271 0.201581
  272 0.201642
  273 0.201702
  274 0.201760
  275 0.201818
  276 0.201876
  277 0.201932
  278 0.201988
  279 0.202043
  280 0.202097
  281 0.202150
  282 0.202202
  283 0.202254
  284 0.202305
  285 0.202356
  286 0.202405
  287 0.202454
  288 0.202502
  289 0.202550
  290 0.202597
  291 0.202643
  292 0.202688
  293 0.202733
  294 0.202777
  295 0.202821
  296 0.202864
  297 0.202906
  298 0.202948
  299 0.202989
  300 0.203030
  301 0.203070
  302 0.203109
  303 0.203148
  304 0.203187
  305 0.203224
  306 0.203262
  307 0.203298
  308 0.203335
  309 0.203370
  310 0.203405
  311 0.203440
  312 0.203474
  313 0.203508
  314 0.203541
  315 0.203574
  316 0.203606
  317 0.203638
  318 0.203670
  319 0.203700
  320 0.203731
  321 0.203761
  322 0.203791
  323 0.203820
  324 0.203849
  325 0.203877
  326 0.203905
  327 0.203933
  328 0.203960
  329 0.203987
  330 0.204013
  331 0.204039
  332 0.204065
  333 0.204090
  334 0.204115
  335 0.204140
  336 0.204164
  337 0.204188
  338 0.204212
  339 0.204235
  340 0.204258
  341 0.204280
  342 0.204303
  343 0.204324
  344 0.204346
  345 0.204367
  346 0.204388
  347 0.204409
  348 0.204430
  349 0.204450
  350 0.204470
  351 0.204489
  352 0.204508
  353 0.204527
  354 0.204546
  355 0.204565
  356 0.204583
  357 0.204601
  358 0.204619
  359 0.204636
  360 0.204653
  361 0.204670
  362 0.204687
  363 0.204703
  364 0.204720
  365 0.204736
  366 0.204752
  367 0.204767
  368 0.204782
  369 0.204798
  370 0.204813
  371 0.204827
  372 0.204842
  373 0.204856
  374 0.204870
  375 0.204884
  376 0.204898
  377 0.204911
  378 0.204924
  379 0.204938
