    1    36
    2    36
    3    36
    4    36
    5    36
    6    36
    7    36
    8    36
    9    36
   10    36
   11    36
   12    36
   13    36
   14    36
   15    36
   16    36
   17    36
   18    36
   19    36
   20    36
   21    36
   22    36
   23    36
   24    36
   25    36
   26    36
   27    36
   28    36
   29    36
   30    37
   31    37
   32    37
   33    37
   34    37
   35    37
   36    37
   37    37
   38    37
   39    37
   40    37
   41    37
   42    37
   43    37
   44    37
   45    37
   46    37
   47    37
   48    37
   49    37
   50    37
   51    37
   52    37
   53    37
   54    37
   55    37
   56    37
   57    37
   58    37
   59    37
   60    37
   61    38
   62    38
   63    38
   64    38
   65    38
   66    38
   67    38
   68    38
   69    38
   70    38
   71    38
   72    38
   73    38
   74    38
   75    38
   76    38
   77    38
   78    38
   79    38
   80    38
   81    38
   82    38
   83    38
   84    38
   85    38
   86    38
   87    38
   88    38
   89    38
   90    38
   91    38
   92    38
   93    38
   94    38
   95    38
   96    38
   97    38
   98    38
   99    38
  100    38
  101    38
  102    38
  103    38
  104    38
  105    38
  106    38
  107    38
  108    38
  109    38
  110    38
  111    38
  112    38
  113    38
  114    38
  115    38
  116    39
  117    39
  118    39
  119    39
  120    39
  121    39
  122    39
  123    39
  124    39
  125    39
  126    39
  127    39
  128    39
  129    39
  130    39
  131    39
  132    39
  133    39
  134    39
  135    39
  136    39
  137    39
  138    38
  139    39
  140    39
  141    39
  142    39
  143    39
  144    39
  145    39
  146    39
  147    39
  148    39
  149    39
  150    39
  151    39
  152    39
  153    39
  154    39
  155    39
  156    39
  157    39
  158    39
  159    39
  160    38
  161    38
  162    38
  163    38
  164    38
  165    38
  166    38
  167    38
  168    38
  169    38
  170    38
  171    38
  172    38
  173    38
  174    38
  175    38
  176    38
  177    38
  178    38
  179    38
  180    38
  181    38
  182    38
  183    38
  184    38
  185    38
  186    38
  187    38
  188    38
  189    38
  190    38
  191    38
  192    38
  193    38
  194    38
  195    38
  196    38
  197    38
  198    38
  199    38
  200    38
  201    38
  202    38
  203    38
  204    38
  205    38
  206    38
  207    38
  208    38
  209    38
  210    38
  211    38
  212    38
  213    38
  214    38
  215    38
  216    38
  217    38
  218    38
  219    38
  220    38
  221    38
  222    38
  223    38
  224    38
  225    38
  226    38
  227    38
  228    38
  229    38
  230    38
  231    38
  232    38
  233    38
  234    38
  235    38
  236    38
  237    38
  238    38
  239    38
  240    38
  241    38
  242    38
  243    38
  244    38
  245    38
  246    38
  247    38
  248    38
  249    38
  250    38
  251    38
  252    38
  253    38
  254    38
  255    38
  256    38
  257    38
  258    38
  259    38
  260    38
  261    38
  262    38
  263    38
  264    38
  265    38
  266    38
  267    38
  268    38
  269    38
  270    38
  271    38
  272    38
  273    38
  274    38
  275    38
  276    38
  277    38
  278    38
  279    38
  280    38
  281    38
  282    38
  283    38
  284    38
  285    38
  286    38
  287    38
  288    39
  289    39
  290    39
  291    39
  292    39
  293    39
  294    39
  295    39
  296    39
  297    39
  298    39
  299    39
  300    39
  301    39
  302    39
  303    39
  304    39
  305    39
  306    39
  307    39
  308    39
  309    39
  310    39
  311    39
  312    39
  313    39
  314    39
  315    39
  316    39
  317    39
  318    39
  319    39
  320    39
  321    39
  322    39
  323    39
  324    39
  325    39
  326    39
  327    39
  328    39
  329    39
  330    39
  331    39
  332    39
  333    39
  334    39
  335    39
  336    39
  337    39
  338    39
  339    39
  340    39
  341    39
  342    39
  343    39
  344    39
  345    39
  346    39
  347    39
  348    39
  349    39
  350    39
  351    39
  352    39
  353    39
  354    39
  355    39
  356    39
  357    39
  358    39
  359    39
  360    39
  361    39
  362    39
  363    39
  364    39
  365    39
  366    39
  367    39
  368    39
  369    39
  370    39
  371    39
  372    39
  373    39
  374    39
  375    39
  376    39
  377    39
  378    39
  379    39
  380    39
  381    39
  382    39
  383    39
  384    39
  385    39
  386    39
  387    39
  388    39
  389    39
  390    39
  391    39
  392    39
  393    39
  394    39
  395    39
  396    39
  397    39
  398    39
  399    39
  400    39
