    1 36.620000
    2 36.620000
    3 36.620000
    4 36.620000
    5 36.620000
    6 36.620000
    7 36.620000
    8 36.620000
    9 36.620000
   10 36.620000
   11 36.620000
   12 36.620000
   13 36.620000
   14 36.620000
   15 36.620000
   16 36.620000
   17 36.620000
   18 36.560000
   19 36.560000
   20 36.560000
   21 36.560000
   22 36.560000
   23 36.560000
   24 36.560000
   25 36.560000
   26 36.560000
   27 36.560000
   28 36.560000
   29 36.560000
   30 36.560000
   31 36.560000
   32 36.560000
   33 36.560000
   34 36.560000
   35 36.560000
   36 36.620000
   37 36.620000
   38 36.680000
   39 36.750000
   40 36.750000
   41 36.810000
   42 36.810000
   43 36.870000
   44 36.870000
   45 36.870000
   46 36.870000
   47 36.930000
   48 36.930000
   49 36.930000
   50 37.000000
   51 37.000000
   52 37.000000
   53 37.060000
   54 37.060000
   55 37.060000
   56 37.120000
   57 37.120000
   58 37.180000
   59 37.250000
   60 37.250000
   61 37.250000
   62 37.250000
   63 37.250000
   64 37.250000
   65 37.250000
   66 37.310000
   67 37.310000
   68 37.370000
   69 37.430000
   70 37.430000
   71 37.500000
   72 37.560000
   73 37.620000
   74 37.620000
   75 37.680000
   76 37.680000
   77 37.750000
   78 37.750000
   79 37.810000
   80 37.810000
   81 37.810000
   82 37.870000
   83 37.930000
   84 37.930000
   85 37.930000
   86 37.930000
   87 37.930000
   88 38.000000
   89 38.000000
   90 38.060000
   91 38.060000
   92 38.060000
   93 38.120000
   94 38.120000
   95 38.120000
   96 38.120000
   97 38.120000
   98 38.120000
   99 38.120000
  100 38.120000
  101 38.180000
  102 38.180000
  103 38.180000
  104 38.180000
  105 38.250000
  106 38.250000
  107 38.250000
  108 38.310000
  109 38.310000
  110 38.310000
  111 38.370000
  112 38.370000
  113 38.370000
  114 38.370000
  115 38.430000
  116 38.430000
  117 38.430000
  118 38.430000
  119 38.500000
  120 38.500000
  121 38.500000
  122 38.500000
  123 38.560000
  124 38.560000
  125 38.560000
  126 38.620000
  127 38.620000
  128 38.680000
  129 38.680000
  130 38.680000
  131 38.680000
  132 38.680000
  133 38.620000
  134 38.620000
  135 38.620000
  136 38.620000
  137 38.620000
  138 38.620000
  139 38.680000
  140 38.680000
  141 38.680000
  142 38.680000
  143 38.680000
  144 38.750000
  145 38.750000
  146 38.750000
  147 38.750000
  148 38.810000
  149 38.810000
  150 38.870000
  151 38.870000
  152 38.930000
  153 38.930000
  154 38.930000
  155 38.930000
  156 38.930000
  157 38.870000
  158 38.930000
  159 38.930000
  160 38.930000
  161 38.930000
  162 38.930000
  163 38.930000
  164 38.930000
  165 38.930000
  166 38.930000
  167 38.930000
  168 38.930000
  169 38.930000
  170 38.930000
  171 39.000000
  172 39.000000
  173 39.000000
  174 39.000000
  175 39.060000
  176 39.060000
  177 39.060000
  178 39.060000
  179 39.060000
  180 39.060000
  181 39.060000
  182 39.060000
  183 39.060000
  184 39.060000
  185 39.060000
  186 39.060000
  187 39.060000
  188 39.060000
  189 39.120000
  190 39.120000
  191 39.180000
  192 39.180000
  193 39.180000
  194 39.250000
  195 39.250000
  196 39.250000
  197 39.250000
  198 39.250000
  199 39.250000
  200 39.310000
  201 39.310000
  202 39.310000
  203 39.310000
  204 39.370000
  205 39.370000
  206 39.370000
  207 39.430000
  208 39.430000
  209 39.430000
  210 39.430000
  211 39.500000
  212 39.500000
  213 39.500000
  214 39.500000
  215 39.500000
  216 39.500000
  217 39.430000
  218 39.430000
  219 39.430000
  220 39.430000
  221 39.370000
  222 39.370000
  223 39.370000
  224 39.370000
  225 39.370000
  226 39.370000
  227 39.370000
  228 39.370000
  229 39.370000
  230 39.370000
  231 39.370000
  232 39.370000
  233 39.430000
  234 39.370000
  235 39.370000
  236 39.370000
  237 39.370000
  238 39.370000
  239 39.370000
  240 39.430000
  241 39.430000
  242 39.430000
  243 39.430000
  244 39.430000
  245 39.430000
  246 39.430000
  247 39.430000
  248 39.430000
  249 39.370000
  250 39.370000
  251 39.430000
  252 39.430000
  253 39.430000
  254 39.500000
  255 39.500000
  256 39.560000
  257 39.560000
  258 39.620000
  259 39.620000
  260 39.620000
  261 39.680000
  262 39.680000
  263 39.680000
  264 39.680000
  265 39.680000
  266 39.680000
  267 39.680000
  268 39.680000
  269 39.680000
  270 39.680000
  271 39.680000
  272 39.680000
  273 39.680000
  274 39.680000
  275 39.680000
  276 39.750000
  277 39.750000
  278 39.750000
  279 39.750000
  280 39.750000
  281 39.750000
  282 39.680000
  283 39.680000
  284 39.680000
  285 39.620000
  286 39.620000
  287 39.560000
  288 39.560000
  289 39.560000
  290 39.560000
  291 39.560000
  292 39.560000
  293 39.500000
  294 39.500000
  295 39.500000
  296 39.500000
  297 39.500000
  298 39.500000
  299 39.500000
  300 39.500000
  301 39.560000
  302 39.560000
  303 39.560000
  304 39.620000
  305 39.620000
  306 39.680000
  307 39.680000
  308 39.750000
  309 39.750000
  310 39.750000
  311 39.750000
  312 39.810000
  313 39.810000
  314 39.810000
  315 39.810000
  316 39.810000
  317 39.810000
  318 39.810000
  319 39.810000
  320 39.810000
  321 39.750000
  322 39.750000
  323 39.680000
  324 39.680000
  325 39.680000
  326 39.680000
  327 39.680000
  328 39.680000
  329 39.680000
  330 39.620000
  331 39.620000
  332 39.620000
  333 39.620000
  334 39.620000
  335 39.620000
  336 39.620000
  337 39.620000
  338 39.620000
  339 39.620000
  340 39.680000
  341 39.680000
  342 39.680000
  343 39.750000
  344 39.750000
  345 39.750000
  346 39.750000
  347 39.750000
  348 39.810000
  349 39.810000
  350 39.810000
  351 39.870000
  352 39.870000
  353 39.870000
  354 39.870000
  355 39.870000
  356 39.810000
  357 39.810000
  358 39.810000
  359 39.810000
  360 39.750000
  361 39.750000
  362 39.680000
  363 39.680000
  364 39.680000
  365 39.620000
  366 39.680000
  367 39.680000
  368 39.620000
  369 39.620000
  370 39.620000
  371 39.620000
  372 39.620000
  373 39.680000
  374 39.680000
  375 39.680000
  376 39.680000
  377 39.680000
  378 39.750000
  379 39.750000
  380 39.750000
  381 39.750000
  382 39.750000
  383 39.750000
  384 39.750000
  385 39.680000
  386 39.680000
  387 39.680000
  388 39.680000
  389 39.680000
  390 39.680000
  391 39.620000
  392 39.620000
  393 39.620000
  394 39.620000
  395 39.620000
  396 39.620000
  397 39.620000
  398 39.620000
  399 39.620000
  400 39.620000
