    1 36.370000
    2 36.370000
    3 36.310000
    4 36.310000
    5 36.310000
    6 36.250000
    7 36.250000
    8 36.250000
    9 36.250000
   10 36.180000
   11 36.180000
   12 36.180000
   13 36.250000
   14 36.250000
   15 36.250000
   16 36.250000
   17 36.310000
   18 36.310000
   19 36.370000
   20 36.430000
   21 36.430000
   22 36.560000
   23 36.560000
   24 36.680000
   25 36.750000
   26 36.870000
   27 36.930000
   28 37.000000
   29 37.120000
   30 37.180000
   31 37.310000
   32 37.370000
   33 37.430000
   34 37.500000
   35 37.500000
   36 37.560000
   37 37.560000
   38 37.560000
   39 37.620000
   40 37.680000
   41 37.680000
   42 37.750000
   43 37.810000
   44 37.810000
   45 37.870000
   46 37.930000
   47 38.000000
   48 38.060000
   49 38.120000
   50 38.250000
   51 38.310000
   52 38.370000
   53 38.500000
   54 38.560000
   55 38.620000
   56 38.680000
   57 38.750000
   58 38.870000
   59 38.930000
   60 38.930000
   61 39.000000
   62 39.120000
   63 39.180000
   64 39.180000
   65 39.250000
   66 39.310000
   67 39.370000
   68 39.430000
   69 39.500000
   70 39.560000
   71 39.620000
   72 39.680000
   73 39.750000
   74 39.750000
   75 39.810000
   76 39.870000
   77 39.870000
   78 39.930000
   79 39.930000
   80 40.000000
   81 40.000000
   82 40.060000
   83 40.060000
   84 40.120000
   85 40.120000
   86 40.120000
   87 40.120000
   88 40.180000
   89 40.180000
   90 40.180000
   91 40.250000
   92 40.250000
   93 40.310000
   94 40.310000
   95 40.310000
   96 40.370000
   97 40.370000
   98 40.430000
   99 40.430000
  100 40.500000
  101 40.500000
  102 40.500000
  103 40.500000
  104 40.500000
  105 40.500000
  106 40.500000
  107 40.500000
  108 40.560000
  109 40.560000
  110 40.560000
  111 40.560000
  112 40.560000
  113 40.560000
  114 40.560000
  115 40.560000
  116 40.560000
  117 40.560000
  118 40.500000
  119 40.560000
  120 40.560000
  121 40.560000
  122 40.620000
  123 40.620000
  124 40.680000
  125 40.750000
  126 40.750000
  127 40.810000
  128 40.810000
  129 40.870000
  130 40.870000
  131 40.930000
  132 40.930000
  133 41.000000
  134 41.000000
  135 41.060000
  136 41.060000
  137 41.120000
  138 41.120000
  139 41.180000
  140 41.180000
  141 41.180000
  142 41.180000
  143 41.120000
  144 41.120000
  145 41.120000
  146 41.120000
  147 41.060000
  148 41.060000
  149 41.060000
  150 41.060000
  151 41.060000
  152 41.060000
  153 41.060000
  154 41.060000
  155 41.060000
  156 41.060000
  157 41.060000
  158 41.060000
  159 41.120000
  160 41.120000
  161 41.120000
  162 41.120000
  163 41.180000
  164 41.180000
  165 41.250000
  166 41.250000
  167 41.250000
  168 41.250000
  169 41.250000
  170 41.250000
  171 41.250000
  172 41.250000
  173 41.250000
  174 41.180000
  175 41.180000
  176 41.180000
  177 41.250000
  178 41.250000
  179 41.310000
  180 41.310000
  181 41.370000
  182 41.370000
  183 41.370000
  184 41.430000
  185 41.430000
  186 41.500000
  187 41.500000
  188 41.500000
  189 41.500000
  190 41.500000
  191 41.560000
  192 41.500000
  193 41.500000
  194 41.500000
  195 41.500000
  196 41.500000
  197 41.500000
  198 41.560000
  199 41.560000
  200 41.560000
  201 41.560000
  202 41.620000
  203 41.620000
  204 41.620000
  205 41.680000
  206 41.680000
  207 41.680000
  208 41.680000
  209 41.680000
  210 41.680000
  211 41.680000
  212 41.680000
  213 41.620000
  214 41.560000
  215 41.560000
  216 41.500000
  217 41.430000
  218 41.430000
  219 41.430000
  220 41.430000
  221 41.370000
  222 41.370000
  223 41.370000
  224 41.370000
  225 41.430000
  226 41.430000
  227 41.500000
  228 41.560000
  229 41.620000
  230 41.620000
  231 41.620000
  232 41.680000
  233 41.680000
  234 41.680000
  235 41.680000
  236 41.680000
  237 41.680000
  238 41.750000
  239 41.750000
  240 41.750000
  241 41.750000
  242 41.810000
  243 41.810000
  244 41.870000
  245 41.870000
  246 41.870000
  247 41.870000
  248 41.930000
  249 41.930000
  250 41.930000
  251 41.930000
  252 41.870000
  253 41.870000
  254 41.930000
  255 41.930000
  256 41.870000
  257 41.870000
  258 41.930000
  259 41.930000
  260 41.870000
  261 41.870000
  262 41.870000
  263 41.870000
  264 41.870000
  265 41.870000
  266 41.810000
  267 41.810000
  268 41.810000
  269 41.810000
  270 41.810000
  271 41.810000
  272 41.810000
  273 41.750000
  274 41.750000
  275 41.750000
  276 41.750000
  277 41.750000
  278 41.750000
  279 41.680000
  280 41.750000
  281 41.750000
  282 41.680000
  283 41.680000
  284 41.680000
  285 41.680000
  286 41.680000
  287 41.680000
  288 41.680000
  289 41.680000
  290 41.620000
  291 41.620000
  292 41.620000
  293 41.620000
  294 41.620000
  295 41.620000
  296 41.680000
  297 41.680000
  298 41.750000
  299 41.750000
  300 41.810000
  301 41.810000
  302 41.810000
  303 41.810000
  304 41.870000
  305 41.870000
  306 41.870000
  307 41.870000
  308 41.870000
  309 41.930000
  310 41.930000
  311 41.930000
  312 41.870000
  313 41.930000
  314 41.870000
  315 41.870000
  316 41.870000
  317 41.870000
  318 41.870000
  319 41.870000
  320 41.810000
  321 41.810000
  322 41.750000
  323 41.750000
  324 41.750000
  325 41.750000
  326 41.750000
  327 41.750000
  328 41.750000
  329 41.810000
  330 41.810000
  331 41.810000
  332 41.810000
  333 41.810000
  334 41.810000
  335 41.810000
  336 41.810000
  337 41.750000
  338 41.750000
  339 41.750000
  340 41.810000
  341 41.810000
  342 41.810000
  343 41.810000
  344 41.870000
  345 41.870000
  346 41.870000
  347 41.930000
  348 41.930000
  349 41.930000
  350 41.930000
  351 41.930000
  352 41.930000
  353 41.930000
  354 41.930000
  355 41.930000
  356 41.930000
  357 41.930000
  358 41.930000
  359 41.930000
  360 41.930000
  361 41.930000
  362 41.930000
  363 41.930000
  364 41.930000
  365 41.930000
  366 41.930000
  367 41.930000
  368 41.930000
  369 41.930000
  370 41.930000
  371 41.930000
  372 41.870000
  373 41.870000
  374 41.870000
  375 41.870000
  376 41.930000
  377 41.870000
  378 41.870000
  379 41.870000
  380 41.810000
  381 41.750000
  382 41.680000
  383 41.680000
  384 41.680000
  385 41.680000
  386 41.680000
  387 41.680000
  388 41.680000
  389 41.750000
  390 41.750000
  391 41.750000
  392 41.750000
  393 41.810000
  394 41.810000
  395 41.810000
  396 41.810000
  397 41.810000
  398 41.870000
  399 41.870000
  400 41.870000
