    1    36
    2    36
    3    36
    4    36
    5    36
    6    36
    7    36
    8    36
    9    36
   10    36
   11    36
   12    36
   13    36
   14    36
   15    36
   16    36
   17    36
   18    37
   19    37
   20    37
   21    37
   22    37
   23    37
   24    37
   25    37
   26    37
   27    37
   28    37
   29    37
   30    38
   31    38
   32    38
   33    38
   34    38
   35    38
   36    38
   37    38
   38    39
   39    39
   40    39
   41    39
   42    39
   43    39
   44    39
   45    39
   46    39
   47    40
   48    40
   49    40
   50    40
   51    40
   52    40
   53    40
   54    41
   55    41
   56    41
   57    41
   58    41
   59    41
   60    41
   61    41
   62    41
   63    42
   64    42
   65    42
   66    42
   67    42
   68    42
   69    42
   70    42
   71    42
   72    42
   73    42
   74    42
   75    42
   76    43
   77    43
   78    43
   79    43
   80    43
   81    43
   82    43
   83    43
   84    43
   85    43
   86    43
   87    43
   88    43
   89    43
   90    43
   91    43
   92    44
   93    44
   94    44
   95    44
   96    44
   97    44
   98    44
   99    44
  100    44
  101    44
  102    44
  103    44
  104    44
  105    45
  106    45
  107    45
  108    45
  109    45
  110    45
  111    45
  112    45
  113    45
  114    45
  115    45
  116    45
  117    45
  118    45
  119    45
  120    45
  121    45
  122    45
  123    45
  124    45
  125    45
  126    45
  127    45
  128    45
  129    45
  130    45
  131    45
  132    45
  133    45
  134    45
  135    45
  136    45
  137    45
  138    45
  139    45
  140    45
  141    45
  142    45
  143    45
  144    45
  145    45
  146    45
  147    45
  148    45
  149    45
  150    45
  151    45
  152    45
  153    45
  154    46
  155    46
  156    46
  157    46
  158    46
  159    46
  160    46
  161    46
  162    46
  163    46
  164    46
  165    46
  166    46
  167    46
  168    46
  169    46
  170    46
  171    46
  172    46
  173    46
  174    46
  175    46
  176    46
  177    46
  178    46
  179    46
  180    46
  181    46
  182    46
  183    46
  184    46
  185    46
  186    46
  187    46
  188    46
  189    46
  190    46
  191    46
  192    46
  193    46
  194    46
  195    46
  196    46
  197    46
  198    46
  199    46
  200    47
  201    47
  202    47
  203    47
  204    47
  205    47
  206    47
  207    47
  208    47
  209    47
  210    47
  211    47
  212    47
  213    47
  214    47
  215    47
  216    47
  217    47
  218    47
  219    47
  220    47
  221    47
  222    47
  223    47
  224    47
  225    47
  226    46
  227    46
  228    46
  229    46
  230    46
  231    46
  232    46
  233    46
  234    46
  235    46
  236    46
  237    46
  238    47
  239    47
  240    47
  241    47
  242    47
  243    47
  244    47
  245    47
  246    47
  247    47
  248    47
  249    47
  250    47
  251    47
  252    47
  253    47
  254    47
  255    47
  256    47
  257    47
  258    47
  259    47
  260    47
  261    47
  262    47
  263    47
  264    47
  265    47
  266    47
  267    47
  268    47
  269    47
  270    47
  271    47
  272    47
  273    47
  274    47
  275    47
  276    47
  277    46
  278    46
  279    46
  280    46
  281    46
  282    46
  283    46
  284    46
  285    46
  286    46
  287    46
  288    46
  289    46
  290    46
  291    46
  292    46
  293    46
  294    46
  295    46
  296    46
  297    46
  298    46
  299    46
  300    46
  301    46
  302    46
  303    46
  304    46
  305    46
  306    46
  307    46
  308    46
  309    46
  310    46
  311    46
  312    46
  313    46
  314    46
  315    47
  316    47
  317    47
  318    47
  319    47
  320    47
  321    47
  322    47
  323    47
  324    47
  325    47
  326    47
  327    47
  328    47
  329    47
  330    47
  331    47
  332    47
  333    47
  334    47
  335    47
  336    47
  337    47
  338    47
  339    47
  340    47
  341    46
  342    46
  343    46
  344    46
  345    46
  346    46
  347    46
  348    46
  349    46
  350    46
  351    46
  352    46
  353    46
  354    46
  355    46
  356    46
  357    46
  358    46
  359    46
  360    46
  361    46
  362    46
  363    46
  364    46
  365    46
  366    47
  367    46
  368    46
  369    46
  370    46
  371    46
  372    46
  373    46
  374    46
  375    46
  376    46
  377    46
  378    46
  379    46
  380    46
  381    46
  382    46
  383    46
  384    46
  385    46
  386    46
  387    46
  388    46
  389    46
  390    46
  391    46
  392    47
  393    47
  394    47
  395    47
  396    47
  397    47
  398    47
  399    47
  400    47
