    1 38.500000
    2 38.500000
    3 38.430000
    4 38.500000
    5 38.500000
    6 38.500000
    7 38.500000
    8 38.500000
    9 38.500000
   10 38.500000
   11 38.500000
   12 38.500000
   13 38.560000
   14 38.560000
   15 38.620000
   16 38.620000
   17 38.680000
   18 38.750000
   19 38.810000
   20 38.810000
   21 38.870000
   22 38.930000
   23 39.000000
   24 39.120000
   25 39.180000
   26 39.250000
   27 39.310000
   28 39.430000
   29 39.500000
   30 39.560000
   31 39.680000
   32 39.750000
   33 39.870000
   34 39.930000
   35 40.000000
   36 40.060000
   37 40.180000
   38 40.250000
   39 40.310000
   40 40.430000
   41 40.500000
   42 40.560000
   43 40.620000
   44 40.750000
   45 40.810000
   46 40.930000
   47 41.000000
   48 41.060000
   49 41.120000
   50 41.180000
   51 41.310000
   52 41.370000
   53 41.430000
   54 41.500000
   55 41.620000
   56 41.680000
   57 41.750000
   58 41.810000
   59 41.870000
   60 42.000000
   61 42.060000
   62 42.120000
   63 42.180000
   64 42.250000
   65 42.310000
   66 42.370000
   67 42.430000
   68 42.500000
   69 42.500000
   70 42.560000
   71 42.680000
   72 42.680000
   73 42.750000
   74 42.810000
   75 42.870000
   76 42.930000
   77 43.000000
   78 43.060000
   79 43.120000
   80 43.180000
   81 43.180000
   82 43.250000
   83 43.310000
   84 43.370000
   85 43.430000
   86 43.500000
   87 43.560000
   88 43.620000
   89 43.680000
   90 43.680000
   91 43.750000
   92 43.810000
   93 43.870000
   94 43.870000
   95 43.930000
   96 44.000000
   97 44.000000
   98 44.060000
   99 44.120000
  100 44.120000
  101 44.180000
  102 44.250000
  103 44.250000
  104 44.310000
  105 44.310000
  106 44.370000
  107 44.370000
  108 44.370000
  109 44.370000
  110 44.430000
  111 44.430000
  112 44.500000
  113 44.500000
  114 44.560000
  115 44.560000
  116 44.620000
  117 44.620000
  118 44.680000
  119 44.680000
  120 44.750000
  121 44.750000
  122 44.810000
  123 44.810000
  124 44.810000
  125 44.870000
  126 44.870000
  127 44.870000
  128 44.930000
  129 44.930000
  130 45.000000
  131 45.060000
  132 45.060000
  133 45.120000
  134 45.120000
  135 45.120000
  136 45.180000
  137 45.180000
  138 45.180000
  139 45.250000
  140 45.250000
  141 45.310000
  142 45.310000
  143 45.310000
  144 45.370000
  145 45.370000
  146 45.370000
  147 45.370000
  148 45.430000
  149 45.430000
  150 45.500000
  151 45.500000
  152 45.500000
  153 45.500000
  154 45.560000
  155 45.560000
  156 45.560000
  157 45.620000
  158 45.620000
  159 45.620000
  160 45.680000
  161 45.680000
  162 45.680000
  163 45.680000
  164 45.750000
  165 45.750000
  166 45.750000
  167 45.750000
  168 45.750000
  169 45.750000
  170 45.750000
  171 45.810000
  172 45.810000
  173 45.810000
  174 45.810000
  175 45.810000
  176 45.810000
  177 45.870000
  178 45.870000
  179 45.870000
  180 45.930000
  181 45.870000
  182 45.930000
  183 45.930000
  184 45.930000
  185 45.930000
  186 46.000000
  187 46.000000
  188 46.000000
  189 46.000000
  190 46.000000
  191 46.000000
  192 46.000000
  193 46.060000
  194 46.060000
  195 46.060000
  196 46.060000
  197 46.120000
  198 46.120000
  199 46.120000
  200 46.120000
  201 46.120000
  202 46.120000
  203 46.120000
  204 46.120000
  205 46.180000
  206 46.180000
  207 46.180000
  208 46.120000
  209 46.180000
  210 46.180000
  211 46.180000
  212 46.180000
  213 46.180000
  214 46.180000
  215 46.250000
  216 46.250000
  217 46.250000
  218 46.250000
  219 46.250000
  220 46.310000
  221 46.310000
  222 46.310000
  223 46.310000
  224 46.310000
  225 46.310000
  226 46.310000
  227 46.310000
  228 46.310000
  229 46.310000
  230 46.310000
  231 46.310000
  232 46.310000
  233 46.310000
  234 46.310000
  235 46.310000
  236 46.370000
  237 46.370000
  238 46.370000
  239 46.370000
  240 46.370000
  241 46.370000
  242 46.370000
  243 46.370000
  244 46.370000
  245 46.370000
  246 46.370000
  247 46.430000
  248 46.370000
  249 46.430000
  250 46.430000
  251 46.430000
  252 46.430000
  253 46.430000
  254 46.430000
  255 46.430000
  256 46.430000
  257 46.430000
  258 46.430000
  259 46.430000
  260 46.430000
  261 46.370000
  262 46.370000
  263 46.370000
  264 46.430000
  265 46.430000
  266 46.430000
  267 46.430000
  268 46.430000
  269 46.430000
  270 46.500000
  271 46.430000
  272 46.430000
  273 46.430000
  274 46.430000
  275 46.430000
  276 46.430000
  277 46.500000
  278 46.500000
  279 46.500000
  280 46.500000
  281 46.500000
  282 46.500000
  283 46.500000
  284 46.560000
  285 46.560000
  286 46.560000
  287 46.560000
  288 46.620000
  289 46.620000
  290 46.620000
  291 46.620000
  292 46.620000
  293 46.620000
  294 46.620000
  295 46.620000
  296 46.620000
  297 46.620000
  298 46.620000
  299 46.620000
  300 46.620000
  301 46.620000
  302 46.620000
  303 46.620000
  304 46.560000
  305 46.560000
  306 46.560000
  307 46.560000
  308 46.560000
  309 46.560000
  310 46.560000
  311 46.560000
  312 46.560000
  313 46.560000
  314 46.560000
  315 46.560000
  316 46.620000
  317 46.620000
  318 46.620000
  319 46.620000
  320 46.620000
  321 46.620000
  322 46.620000
  323 46.620000
  324 46.620000
  325 46.620000
  326 46.620000
  327 46.620000
  328 46.620000
  329 46.620000
  330 46.620000
  331 46.680000
  332 46.680000
  333 46.680000
  334 46.680000
  335 46.680000
  336 46.680000
  337 46.680000
  338 46.680000
  339 46.620000
  340 46.620000
  341 46.620000
  342 46.620000
  343 46.620000
  344 46.620000
  345 46.620000
  346 46.620000
  347 46.620000
  348 46.620000
  349 46.620000
  350 46.620000
  351 46.620000
  352 46.620000
  353 46.620000
  354 46.620000
  355 46.620000
  356 46.620000
  357 46.620000
  358 46.620000
  359 46.620000
  360 46.620000
  361 46.620000
  362 46.620000
  363 46.680000
  364 46.680000
  365 46.680000
  366 46.680000
  367 46.680000
  368 46.680000
  369 46.680000
  370 46.680000
  371 46.680000
  372 46.680000
  373 46.680000
  374 46.680000
  375 46.680000
  376 46.680000
  377 46.680000
  378 46.680000
  379 46.680000
  380 46.680000
  381 46.680000
  382 46.680000
  383 46.680000
  384 46.680000
  385 46.680000
  386 46.750000
  387 46.750000
  388 46.750000
  389 46.750000
  390 46.680000
  391 46.750000
  392 46.750000
  393 46.750000
  394 46.750000
  395 46.750000
  396 46.750000
  397 46.750000
  398 46.750000
  399 46.750000
  400 46.750000
