    1 38.430000
    2 38.430000
    3 38.430000
    4 38.430000
    5 38.430000
    6 38.430000
    7 38.430000
    8 38.430000
    9 38.430000
   10 38.430000
   11 38.430000
   12 38.500000
   13 38.500000
   14 38.500000
   15 38.560000
   16 38.560000
   17 38.620000
   18 38.680000
   19 38.750000
   20 38.750000
   21 38.810000
   22 38.870000
   23 38.930000
   24 39.000000
   25 39.060000
   26 39.180000
   27 39.250000
   28 39.310000
   29 39.370000
   30 39.430000
   31 39.560000
   32 39.620000
   33 39.680000
   34 39.810000
   35 39.870000
   36 39.930000
   37 40.000000
   38 40.120000
   39 40.180000
   40 40.250000
   41 40.370000
   42 40.430000
   43 40.560000
   44 40.620000
   45 40.680000
   46 40.750000
   47 40.810000
   48 40.930000
   49 41.000000
   50 41.060000
   51 41.120000
   52 41.180000
   53 41.250000
   54 41.310000
   55 41.370000
   56 41.430000
   57 41.500000
   58 41.560000
   59 41.620000
   60 41.680000
   61 41.750000
   62 41.810000
   63 41.870000
   64 41.930000
   65 42.000000
   66 42.120000
   67 42.180000
   68 42.250000
   69 42.250000
   70 42.310000
   71 42.370000
   72 42.430000
   73 42.500000
   74 42.560000
   75 42.620000
   76 42.680000
   77 42.680000
   78 42.750000
   79 42.810000
   80 42.870000
   81 42.870000
   82 42.930000
   83 43.000000
   84 43.060000
   85 43.060000
   86 43.120000
   87 43.180000
   88 43.250000
   89 43.250000
   90 43.310000
   91 43.370000
   92 43.430000
   93 43.430000
   94 43.500000
   95 43.560000
   96 43.560000
   97 43.620000
   98 43.620000
   99 43.680000
  100 43.680000
  101 43.750000
  102 43.750000
  103 43.810000
  104 43.810000
  105 43.870000
  106 43.930000
  107 43.930000
  108 44.000000
  109 44.060000
  110 44.060000
  111 44.120000
  112 44.120000
  113 44.180000
  114 44.180000
  115 44.250000
  116 44.250000
  117 44.310000
  118 44.370000
  119 44.370000
  120 44.430000
  121 44.430000
  122 44.500000
  123 44.500000
  124 44.500000
  125 44.560000
  126 44.560000
  127 44.560000
  128 44.560000
  129 44.560000
  130 44.560000
  131 44.620000
  132 44.620000
  133 44.680000
  134 44.680000
  135 44.680000
  136 44.750000
  137 44.750000
  138 44.810000
  139 44.810000
  140 44.810000
  141 44.870000
  142 44.870000
  143 44.930000
  144 44.930000
  145 44.930000
  146 45.000000
  147 45.000000
  148 45.000000
  149 45.060000
  150 45.060000
  151 45.060000
  152 45.060000
  153 45.120000
  154 45.120000
  155 45.120000
  156 45.120000
  157 45.120000
  158 45.180000
  159 45.180000
  160 45.180000
  161 45.250000
  162 45.250000
  163 45.250000
  164 45.310000
  165 45.310000
  166 45.310000
  167 45.370000
  168 45.370000
  169 45.370000
  170 45.370000
  171 45.370000
  172 45.430000
  173 45.430000
  174 45.430000
  175 45.430000
  176 45.430000
  177 45.430000
  178 45.500000
  179 45.500000
  180 45.500000
  181 45.500000
  182 45.500000
  183 45.560000
  184 45.560000
  185 45.560000
  186 45.560000
  187 45.560000
  188 45.560000
  189 45.560000
  190 45.620000
  191 45.620000
  192 45.620000
  193 45.620000
  194 45.620000
  195 45.620000
  196 45.620000
  197 45.620000
  198 45.620000
  199 45.680000
  200 45.620000
  201 45.680000
  202 45.680000
  203 45.680000
  204 45.680000
  205 45.680000
  206 45.680000
  207 45.680000
  208 45.750000
  209 45.680000
  210 45.680000
  211 45.680000
  212 45.680000
  213 45.680000
  214 45.680000
  215 45.680000
  216 45.680000
  217 45.680000
  218 45.680000
  219 45.680000
  220 45.680000
  221 45.750000
  222 45.750000
  223 45.750000
  224 45.810000
  225 45.870000
  226 45.870000
  227 45.870000
  228 45.870000
  229 45.870000
  230 45.870000
  231 45.870000
  232 45.870000
  233 45.870000
  234 45.870000
  235 45.870000
  236 45.870000
  237 45.810000
  238 45.810000
  239 45.810000
  240 45.810000
  241 45.810000
  242 45.810000
  243 45.810000
  244 45.810000
  245 45.810000
  246 45.810000
  247 45.810000
  248 45.810000
  249 45.810000
  250 45.810000
  251 45.810000
  252 45.810000
  253 45.870000
  254 45.870000
  255 45.870000
  256 45.870000
  257 45.870000
  258 45.870000
  259 45.870000
  260 45.870000
  261 45.870000
  262 45.870000
  263 45.870000
  264 45.870000
  265 45.870000
  266 45.870000
  267 45.870000
  268 45.870000
  269 45.870000
  270 45.870000
  271 45.870000
  272 45.870000
  273 45.870000
  274 45.870000
  275 45.870000
  276 45.870000
  277 45.870000
  278 45.870000
  279 45.870000
  280 45.870000
  281 45.870000
  282 45.870000
  283 45.870000
  284 45.870000
  285 45.870000
  286 45.870000
  287 45.870000
  288 45.810000
  289 45.810000
  290 45.870000
  291 45.870000
  292 45.870000
  293 45.870000
  294 45.870000
  295 45.870000
  296 45.930000
  297 45.930000
  298 45.930000
  299 45.930000
  300 45.930000
  301 45.930000
  302 45.930000
  303 45.930000
  304 45.930000
  305 45.930000
  306 45.930000
  307 45.930000
  308 45.930000
  309 45.930000
  310 45.930000
  311 45.930000
  312 45.930000
  313 45.930000
  314 45.930000
  315 45.930000
  316 45.870000
  317 45.870000
  318 45.930000
  319 45.930000
  320 45.930000
  321 45.930000
  322 45.930000
  323 45.930000
  324 45.930000
  325 45.930000
  326 45.930000
  327 45.930000
  328 45.930000
  329 46.000000
  330 46.000000
  331 46.000000
  332 46.000000
  333 46.000000
  334 46.060000
  335 46.060000
  336 46.060000
  337 46.060000
  338 46.060000
  339 46.060000
  340 46.060000
  341 46.120000
  342 46.120000
  343 46.120000
  344 46.120000
  345 46.120000
  346 46.120000
  347 46.120000
  348 46.120000
  349 46.120000
  350 46.180000
  351 46.180000
  352 46.180000
  353 46.180000
  354 46.180000
  355 46.180000
  356 46.180000
  357 46.180000
  358 46.250000
  359 46.250000
  360 46.250000
  361 46.250000
  362 46.250000
  363 46.250000
  364 46.250000
  365 46.250000
  366 46.250000
  367 46.250000
  368 46.250000
  369 46.250000
  370 46.250000
  371 46.250000
  372 46.310000
  373 46.310000
  374 46.310000
  375 46.250000
  376 46.310000
  377 46.310000
  378 46.250000
  379 46.250000
  380 46.250000
  381 46.250000
  382 46.310000
  383 46.310000
  384 46.310000
  385 46.310000
  386 46.310000
  387 46.310000
  388 46.310000
  389 46.310000
  390 46.310000
  391 46.310000
  392 46.310000
  393 46.310000
  394 46.310000
  395 46.310000
  396 46.310000
  397 46.310000
  398 46.310000
  399 46.250000
  400 46.250000
