    1 0.000000
    2 0.000000
    3 0.222010
    4 1.826265
    5 0.445606
    6 3.549812
    7 0.623857
    8 5.187669
    9 0.759218
   10 6.742481
   11 0.854125
   12 8.216890
   13 0.910990
   14 9.613530
   15 0.932191
   16 10.935022
   17 0.920071
   18 12.183963
   19 0.876927
   20 13.362929
   21 0.805010
   22 14.474461
   23 0.706518
   24 15.521066
   25 0.583598
   26 16.505215
   27 0.438340
   28 17.429331
   29 0.312349
   30 18.283395
   31 0.165365
   32 19.082103
   33 -0.000603
   34 19.827762
   35 -0.183615
   36 20.522627
   37 -0.381801
   38 21.168899
   39 -0.608397
   40 21.721794
   41 -0.844840
   42 22.232740
   43 -1.089578
   44 22.703688
   45 -1.341138
   46 23.136532
   47 -1.609865
   48 23.496451
   49 -1.878947
   50 23.831068
   51 -2.145660
   52 24.144970
   53 -2.420518
   54 24.401993
   55 -2.687185
   56 24.648050
   57 -2.944267
   58 24.886286
   59 -3.203639
   60 25.079245
   61 -3.450194
   62 25.271636
   63 -3.698675
   64 25.418562
   65 -3.932214
   66 25.571095
   67 -4.163994
   68 25.690400
   69 -4.353383
   70 25.767280
   71 -4.528916
   72 25.857238
   73 -4.743912
   74 25.933032
   75 -4.941597
   76 26.024728
   77 -5.097609
   78 26.072853
   79 -5.250614
   80 26.098606
   81 -5.399618
   82 26.103609
   83 -5.531002
   84 26.129450
   85 -5.658677
   86 26.135031
   87 -5.784400
   88 26.114801
   89 -5.905514
   90 26.076848
   91 -5.969466
   92 26.049852
   93 -6.032925
   94 26.004649
   95 -6.095822
   96 25.942060
   97 -6.160295
   98 25.856089
   99 -6.211075
  100 25.794670
  101 -6.262685
  102 25.716172
  103 -6.302261
  104 25.661465
  105 -6.344243
  106 25.588887
  107 -6.388597
  108 25.499071
  109 -6.376199
  110 25.418403
  111 -6.372892
  112 25.312917
  113 -6.376035
  114 25.190269
  115 -6.372492
  116 25.091387
  117 -6.376319
  118 24.974636
  119 -6.347495
  120 24.828283
  121 -6.315080
  122 24.705566
  123 -6.295197
  124 24.558179
  125 -6.245236
  126 24.381446
  127 -6.193912
  128 24.228660
  129 -6.154931
  130 24.058237
  131 -6.114598
  132 23.911109
  133 -6.046978
  134 23.733241
  135 -5.980572
  136 23.577972
  137 -5.930991
  138 23.397134
  139 -5.881767
  140 23.238788
  141 -5.846252
  142 23.061367
  143 -5.810410
  144 22.905907
  145 -5.787588
  146 22.730909
  147 -5.763705
  148 22.577462
  149 -5.739203
  150 22.444336
  151 -5.727361
  152 22.290075
  153 -5.714124
  154 22.155801
  155 -5.714931
  156 21.993452
  157 -5.713164
  158 21.851168
  159 -5.722044
  160 21.687540
  161 -5.727493
  162 21.543702
  163 -5.729922
  164 21.418390
  165 -5.742607
  166 21.270279
  167 -5.751399
  168 21.140527
  169 -5.769566
  170 20.987672
  171 -5.783026
  172 20.852923
  173 -5.792124
  174 20.735111
  175 -5.812199
  176 20.586196
  177 -5.780603
  178 20.439937
  179 -5.747024
  180 20.309703
  181 -5.711668
  182 20.194429
  183 -5.648056
  184 20.040477
  185 -5.584259
  186 19.901511
  187 -5.520489
  188 19.776551
  189 -5.457012
  190 19.664635
  191 -5.367388
  192 19.512236
  193 -5.279655
  194 19.373193
  195 -5.194031
  196 19.246649
  197 -5.110721
  198 19.131799
  199 -5.029949
  200 19.027829
  201 -4.964797
  202 18.893748
  203 -4.901043
  204 18.771089
  205 -4.838952
  206 18.659084
  207 -4.778773
  208 18.557046
  209 -4.720742
  210 18.464279
  211 -4.665044
  212 18.380129
  213 -4.611894
  214 18.303943
  215 -4.561450
  216 18.235113
  217 -4.553451
  218 18.185513
  219 -4.545795
  220 18.142216
  221 -4.538673
  222 18.104637
  223 -4.586869
  224 18.037835
  225 -4.616251
  226 18.025296
  227 -4.643869
  228 18.017108
  229 -4.669791
  230 18.012875
  231 -4.709029
  232 17.965291
  233 -4.790876
  234 17.937824
  235 -4.866146
  236 17.915562
  237 -4.935040
  238 17.898086
  239 -4.997665
  240 17.884981
  241 -5.054156
  242 17.875870
  243 -5.104651
  244 17.870405
  245 -5.149316
  246 17.868183
  247 -5.188352
  248 17.868818
  249 -5.261580
  250 17.884377
