    1     0
    2     0
    3     1
    4     0
    5     3
    6     0
    7     4
    8    -1
    9     5
   10    -1
   11     7
   12    -1
   13     8
   14    -2
   15     9
   16    -2
   17    10
   18    -3
   19    11
   20    -3
   21    11
   22    -4
   23    12
   24    -4
   25    13
   26    -4
   27    13
   28    -5
   29    14
   30    -5
   31    14
   32    -5
   33    15
   34    -6
   35    15
   36    -6
   37    15
   38    -6
   39    15
   40    -7
   41    16
   42    -7
   43    16
   44    -8
   45    16
   46    -8
   47    16
   48    -8
   49    16
   50    -8
   51    16
   52    -9
   53    16
   54    -9
   55    16
   56    -9
   57    15
   58    -9
   59    15
   60   -10
   61    15
   62   -10
   63    15
   64   -10
   65    15
   66   -10
   67    15
   68   -10
   69    15
   70   -11
   71    15
   72   -11
   73    15
   74   -11
   75    14
   76   -11
   77    14
   78   -11
   79    14
   80   -11
   81    14
   82   -11
   83    14
   84   -11
   85    14
   86   -12
   87    14
   88   -12
   89    14
   90   -12
   91    14
   92   -12
   93    14
   94   -12
   95    14
   96   -12
   97    14
   98   -12
   99    14
  100   -12
  101    14
  102   -12
  103    14
  104   -12
  105    14
  106   -12
  107    14
  108   -12
  109    14
  110   -12
  111    14
  112   -12
  113    14
  114   -12
  115    14
  116   -12
  117    14
  118   -12
  119    14
  120   -12
  121    14
  122   -12
  123    14
  124   -12
  125    14
  126   -12
  127    14
  128   -12
  129    14
  130   -12
  131    14
  132   -13
  133    14
  134   -13
  135    14
  136   -13
  137    14
  138   -12
  139    14
  140   -12
  141    14
  142   -12
  143    14
  144   -12
  145    14
  146   -12
  147    14
  148   -12
  149    14
  150   -12
  151    14
  152   -12
  153    14
  154   -12
  155    14
  156   -12
  157    14
  158   -12
  159    14
  160   -12
  161    13
  162   -12
  163    13
  164   -12
  165    13
  166   -12
  167    13
  168   -12
  169    13
  170   -12
  171    13
  172   -12
  173    13
  174   -12
  175    13
  176   -12
  177    13
  178   -12
  179    13
  180   -12
  181    13
  182   -12
  183    13
  184   -11
  185    13
  186   -11
  187    13
  188   -11
  189    13
  190   -11
  191    13
  192   -11
  193    13
  194   -11
  195    13
  196   -11
  197    13
  198   -11
  199    13
  200   -11
  201    13
  202   -11
  203    13
  204   -11
  205    13
  206   -11
  207    13
  208   -11
  209    12
  210   -11
  211    12
  212   -11
  213    12
  214   -11
  215    12
  216   -11
  217    12
  218   -11
  219    12
  220   -11
  221    12
  222   -11
  223    12
  224   -11
  225    12
  226   -11
  227    12
  228   -10
  229    12
  230   -10
  231    12
  232   -10
  233    12
  234   -10
  235    12
  236   -10
  237    12
  238   -10
  239    12
  240   -10
  241    12
  242   -10
  243    12
  244   -10
  245    12
  246   -10
  247    12
  248   -10
  249    12
  250   -10
  251    13
  252   -10
  253    13
  254   -10
  255    13
  256   -10
  257    13
  258   -10
  259    13
  260   -10
  261    13
  262   -10
  263    13
  264   -11
  265    13
  266   -11
  267    13
  268   -11
  269    13
  270   -11
  271    13
  272   -11
  273    13
  274   -11
  275    13
  276   -11
  277    13
  278   -11
  279    13
  280   -11
  281    13
  282   -11
  283    13
  284   -11
  285    13
  286   -11
  287    13
  288   -11
  289    13
  290   -11
  291    13
  292   -11
  293    12
  294   -11
  295    12
  296   -11
  297    12
  298   -11
  299    12
  300   -10
  301    12
  302   -10
  303    12
  304   -10
  305    12
  306   -10
  307    12
  308   -10
  309    12
  310   -10
  311    12
  312   -10
  313    12
  314   -11
  315    12
  316   -11
  317    12
  318   -11
  319    12
  320   -11
  321    12
  322   -11
  323    12
  324   -11
  325    12
  326   -11
  327    12
  328   -11
  329    12
  330   -11
  331    12
  332   -11
  333    12
  334   -11
  335    12
  336   -11
  337    12
  338   -11
  339    12
  340   -11
  341    12
  342   -11
  343    12
  344   -11
  345    12
  346   -11
  347    12
  348   -11
  349    12
  350   -11
  351    12
  352   -11
  353    12
  354   -11
  355    12
  356   -11
  357    12
  358   -11
  359    12
  360   -11
  361    12
  362   -11
  363    12
  364   -11
  365    12
  366   -11
  367    12
  368   -11
  369    12
  370   -11
  371    12
  372   -10
  373    12
  374   -10
  375    12
  376   -10
  377    12
  378   -10
  379    12
  380   -10
  381    12
  382   -10
  383    12
  384   -10
  385    12
  386   -10
  387    12
  388   -10
  389    12
  390   -10
  391    12
  392   -10
  393    12
  394   -10
  395    12
  396   -10
  397    12
  398   -10
  399    12
  400   -10
  401    12
  402   -10
  403    12
  404   -10
  405    12
  406   -10
  407    12
  408   -10
  409    12
  410   -10
  411    12
  412   -10
  413    12
  414   -10
  415    12
  416   -10
  417    12
  418   -10
  419    12
  420   -10
  421    12
  422   -10
  423    12
  424   -10
  425    12
  426   -10
  427    12
  428   -10
  429    12
  430   -10
  431    12
  432   -10
  433    12
  434   -10
  435    12
  436   -10
  437    12
  438   -10
  439    12
  440   -10
  441    12
  442   -10
  443    12
  444   -10
  445    12
  446   -10
  447    12
  448   -10
  449    12
  450   -10
  451    12
  452   -10
  453    12
  454   -10
  455    12
  456   -10
  457    12
  458   -10
  459    12
  460   -10
  461    12
  462   -10
  463    12
  464   -10
  465    12
  466   -10
  467    12
  468   -10
  469    12
  470   -10
  471    12
  472   -10
  473    12
  474   -10
  475    12
  476   -10
  477    12
  478   -10
  479    12
  480   -10
  481    12
  482   -10
  483    12
  484   -10
  485    12
  486   -10
  487    12
  488   -10
  489    12
  490   -10
  491    12
  492   -10
  493    12
  494   -10
  495    12
  496   -10
  497    12
  498   -10
  499    12
  500   -11
