    1 0.000000
    2 1.610553
    3 3.110760
    4 4.492137
    5 5.813114
    6 7.048677
    7 8.188811
    8 9.237977
    9 10.200589
   10 11.080995
   11 11.883471
   12 12.572630
   13 13.194798
   14 13.753860
   15 14.253587
   16 14.697637
   17 15.089546
   18 15.432728
   19 15.690895
   20 15.909439
   21 16.078404
   22 16.168859
   23 16.245550
   24 16.283270
   25 16.259939
   26 16.225577
   27 16.147224
   28 16.072762
   29 15.994100
   30 15.890106
   31 15.760005
   32 15.655438
   33 15.538456
   34 15.412798
   35 15.306125
   36 15.195506
   37 15.076358
   38 14.996680
   39 14.915257
   40 14.859566
   41 14.802332
   42 14.743871
   43 14.677553
   44 14.610242
   45 14.541586
   46 14.510555
   47 14.461439
   48 14.401500
   49 14.337004
   50 14.306765
   51 14.267721
   52 14.245957
   53 14.252727
   54 14.284867
   55 14.299789
   56 14.290814
   57 14.304455
   58 14.338015
   59 14.349496
   60 14.363795
   61 14.395522
   62 14.442607
   63 14.503140
   64 14.535862
   65 14.581414
   66 14.613678
   67 14.610392
   68 14.619433
   69 14.599817
   70 14.592582
   71 14.556852
   72 14.533608
   73 14.482023
   74 14.443227
   75 14.369901
   76 14.310277
   77 14.223799
   78 14.151847
   79 14.106320
   80 14.032205
   81 13.931378
   82 13.845235
   83 13.726619
   84 13.623875
   85 13.536069
   86 13.422785
   87 13.325471
   88 13.243190
   89 13.175077
   90 13.120224
   91 13.090543
   92 13.057812
   93 13.035605
   94 13.023045
   95 13.019227
   96 13.036169
   97 13.045656
   98 13.034689
   99 13.030194
  100 13.031360
  101 13.037377
  102 13.047590
  103 13.021886
  104 13.001884
  105 12.986842
  106 12.976089
  107 12.968904
  108 12.964681
  109 12.916719
  110 12.886601
  111 12.859303
  112 12.834401
  113 12.811583
  114 12.790581
  115 12.771242
  116 12.753421
  117 12.737020
  118 12.722003
  119 12.708350
  120 12.696126
  121 12.685344
  122 12.722122
  123 12.796727
  124 12.867029
  125 12.972825
  126 13.072090
  127 13.165039
  128 13.251884
  129 13.293281
  130 13.318823
  131 13.355987
  132 13.377556
  133 13.397983
  134 13.417301
  135 13.395969
  136 13.389137
  137 13.382297
  138 13.329287
  139 13.266508
  140 13.221171
  141 13.178651
  142 13.138834
  143 13.101610
  144 13.066858
  145 13.034491
  146 13.004612
  147 12.977413
  148 12.953064
  149 12.931815
  150 12.913856
  151 12.899330
  152 12.888281
  153 12.880611
  154 12.863265
  155 12.863424
  156 12.853504
  157 12.847770
  158 12.845967
  159 12.847720
  160 12.852727
  161 12.860641
  162 12.831431
  163 12.806884
  164 12.786535
  165 12.769963
  166 12.756751
  167 12.746542
  168 12.699406
  169 12.657251
  170 12.619673
  171 12.586304
  172 12.556826
  173 12.530940
  174 12.508381
  175 12.488880
  176 12.472189
  177 12.497671
  178 12.522847
  179 12.547632
  180 12.571916
  181 12.595616
  182 12.618669
  183 12.641032
  184 12.662685
  185 12.644027
  186 12.627148
  187 12.611836
  188 12.597904
  189 12.585193
  190 12.573547
  191 12.562832
  192 12.552787
  193 12.543186
  194 12.533844
  195 12.524605
  196 12.515343
  197 12.505959
  198 12.509264
  199 12.497878
  200 12.499184
  201 12.485978
  202 12.472888
  203 12.459803
  204 12.446649
  205 12.433386
  206 12.432874
  207 12.417786
  208 12.402627
  209 12.387279
  210 12.371657
  211 12.355707
  212 12.339400
  213 12.362301
  214 12.382184
  215 12.399178
  216 12.413423
  217 12.437946
  218 12.485154
  219 12.540368
  220 12.589440
  221 12.632721
  222 12.670621
  223 12.703480
  224 12.731652
  225 12.755442
  226 12.775153
  227 12.791076
  228 12.803518
  229 12.812748
  230 12.819062
  231 12.822692
  232 12.784286
  233 12.746278
  234 12.708779
  235 12.671850
  236 12.675167
  237 12.676684
  238 12.676659
  239 12.675337
  240 12.672909
  241 12.669622
  242 12.665802
  243 12.661739
  244 12.657675
  245 12.653802
  246 12.650273
  247 12.647198
  248 12.644666
  249 12.688898
  250 12.730653
  251 12.770057
  252 12.807219
  253 12.842263
  254 12.875269
  255 12.860133
  256 12.846061
  257 12.832882
  258 12.820425
  259 12.808557
  260 12.797278
  261 12.786591
  262 12.776482
  263 12.766934
  264 12.757919
  265 12.749412
  266 12.741384
  267 12.733798
  268 12.726634
  269 12.719868
  270 12.759654
  271 12.796697
  272 12.831121
  273 12.863196
  274 12.893171
  275 12.921268
  276 12.947698
  277 12.972655
  278 12.996291
  279 13.018597
  280 13.039562
  281 13.059189
  282 13.077493
  283 13.094492
  284 13.110214
  285 13.124682
  286 13.137921
  287 13.149964
  288 13.160845
  289 13.210173
  290 13.216180
  291 13.236277
  292 13.253645
  293 13.253410
  294 13.252713
  295 13.251734
  296 13.290203
  297 13.286438
  298 13.282889
  299 13.279648
  300 13.276792
  301 13.274384
  302 13.272474
  303 13.271102
  304 13.270301
  305 13.270095
  306 13.224321
  307 13.228415
  308 13.232976
  309 13.237989
  310 13.243439
  311 13.249291
  312 13.209370
  313 13.219233
  314 13.183297
  315 13.150817
  316 13.121639
  317 13.095557
  318 13.072361
  319 13.051881
  320 13.034051
  321 13.018670
  322 13.005547
  323 12.994494
  324 12.945759
  325 12.916427
  326 12.874358
  327 12.836262
  328 12.801931
  329 12.771101
  330 12.743410
  331 12.718686
  332 12.696745
  333 12.677430
  334 12.660598
  335 12.606503
  336 12.557108
  337 12.512180
  338 12.471346
  339 12.434270
  340 12.400653
  341 12.409786
  342 12.419185
  343 12.428718
  344 12.438272
  345 12.487327
  346 12.533585
  347 12.577100
  348 12.617801
  349 12.655682
  350 12.690713
  351 12.722896
  352 12.752254
  353 12.778833
  354 12.802694
  355 12.823924
  356 12.842610
  357 12.819293
  358 12.796302
  359 12.773512
  360 12.790407
  361 12.804713
  362 12.816483
  363 12.825783
  364 12.832718
  365 12.837527
  366 12.840434
  367 12.841641
  368 12.841363
  369 12.839926
  370 12.837621
  371 12.834712
  372 12.831428
  373 12.827969
  374 12.824506
  375 12.821183
  376 12.818118
  377 12.815400
  378 12.813094
  379 12.811253
  380 12.770317
  381 12.732390
  382 12.697239
  383 12.664669
  384 12.634614
  385 12.646570
  386 12.658219
  387 12.715741
  388 12.769865
  389 12.820707
  390 12.855498
  391 12.888783
  392 12.933475
  393 12.975168
  394 13.001089
  395 13.038668
  396 13.073491
  397 13.105661
  398 13.135280
  399 13.162446
  400 13.187266
  401 13.209838
  402 13.230282
  403 13.235808
  404 13.280401
  405 13.321746
  406 13.359886
  407 13.355288
  408 13.389850
  409 13.421455
  410 13.450338
  411 13.476867
  412 13.501348
  413 13.524048
  414 13.545188
  415 13.564979
  416 13.583632
  417 13.601352
  418 13.578704
  419 13.558090
  420 13.493371
  421 13.394249
  422 13.302821
  423 13.218823
  424 13.141976
  425 13.071967
  426 13.008440
  427 12.951025
  428 12.899511
  429 12.853682
  430 12.813253
  431 12.777862
  432 12.760165
  433 12.732613
  434 12.709490
  435 12.690561
  436 12.675592
  437 12.677227
  438 12.667910
  439 12.674787
  440 12.670292
  441 12.681567
  442 12.693812
  443 12.706763
  444 12.720012
  445 12.733085
  446 12.706007
  447 12.680679
  448 12.656724
  449 12.633824
  450 12.611703
  451 12.550560
  452 12.492440
  453 12.476662
  454 12.421237
  455 12.368321
  456 12.372409
  457 12.374298
  458 12.374073
  459 12.371864
  460 12.352764
  461 12.348840
  462 12.343288
  463 12.321273
  464 12.314828
  465 12.252612
  466 12.248491
  467 12.188766
  468 12.147737
  469 12.093461
  470 12.042673
  471 11.995176
  472 11.965809
  473 11.922544
  474 11.882119
  475 11.844236
  476 11.808633
  477 11.775189
  478 11.743685
  479 11.768553
  480 11.790724
  481 11.810381
  482 11.827666
  483 11.842729
  484 11.895241
  485 11.943085
  486 11.986488
  487 12.025615
  488 12.060671
  489 12.091686
  490 12.118883
  491 12.142290
  492 12.162010
  493 12.178110
  494 12.190716
  495 12.239521
  496 12.282434
  497 12.319680
  498 12.351504
  499 12.378129
  500 12.399814
