    1 0.000000
    2 -0.364538
    3 -0.737122
    4 -1.156734
    5 -1.592265
    6 -1.990004
    7 -2.391122
    8 -2.794473
    9 -3.198949
   10 -3.603486
   11 -4.007066
   12 -4.396316
   13 -4.782677
   14 -5.165306
   15 -5.543408
   16 -5.916239
   17 -6.283108
   18 -6.643375
   19 -6.984048
   20 -7.316952
   21 -7.681846
   22 -8.021554
   23 -8.309973
   24 -8.630102
   25 -8.924679
   26 -9.205652
   27 -9.460515
   28 -9.701565
   29 -9.969196
   30 -10.209071
   31 -10.419652
   32 -10.616081
   33 -10.786802
   34 -10.932684
   35 -11.114084
   36 -11.270353
   37 -11.400578
   38 -11.520347
   39 -11.618450
   40 -11.748644
   41 -11.857381
   42 -11.945888
   43 -12.013338
   44 -12.062996
   45 -12.096021
   46 -12.125939
   47 -12.181693
   48 -12.219984
   49 -12.243853
   50 -12.266683
   51 -12.277043
   52 -12.328375
   53 -12.379182
   54 -12.430251
   55 -12.469785
   56 -12.496222
   57 -12.524573
   58 -12.555304
   59 -12.576419
   60 -12.647550
   61 -12.719563
   62 -12.792814
   63 -12.867533
   64 -12.931514
   65 -12.997239
   66 -13.005489
   67 -13.003552
   68 -13.005837
   69 -12.999921
   70 -12.998174
   71 -12.988181
   72 -12.982275
   73 -12.967952
   74 -12.957593
   75 -12.936726
   76 -12.919716
   77 -12.894090
   78 -12.872167
   79 -12.813739
   80 -12.748645
   81 -12.676692
   82 -12.610275
   83 -12.534939
   84 -12.465088
   85 -12.400715
   86 -12.329374
   87 -12.263451
   88 -12.202812
   89 -12.147340
   90 -12.096980
   91 -12.011375
   92 -11.972979
   93 -11.939301
   94 -11.910275
   95 -11.885762
   96 -11.825460
   97 -11.811724
   98 -11.749494
   99 -11.693261
  100 -11.642890
  101 -11.598112
  102 -11.558622
  103 -11.511782
  104 -11.469755
  105 -11.432291
  106 -11.399230
  107 -11.370356
  108 -11.345428
  109 -11.309811
  110 -11.237493
  111 -11.170583
  112 -11.108831
  113 -11.051913
  114 -10.999570
  115 -10.951595
  116 -10.907772
  117 -10.867895
  118 -10.831683
  119 -10.798931
  120 -10.769379
  121 -10.742819
  122 -10.733502
  123 -10.739203
  124 -10.747338
  125 -10.770055
  126 -10.794825
  127 -10.821432
  128 -10.849663
  129 -10.866917
  130 -10.925590
  131 -10.942988
  132 -11.001538
  133 -11.058731
  134 -11.114452
  135 -11.156205
  136 -11.156045
  137 -11.156221
  138 -11.142169
  139 -11.168453
  140 -11.152513
  141 -11.136672
  142 -11.120904
  143 -11.105185
  144 -11.089530
  145 -11.073892
  146 -11.058221
  147 -11.042543
  148 -11.026822
  149 -11.011077
  150 -10.995342
  151 -10.979636
  152 -10.964140
  153 -10.948932
  154 -10.974351
  155 -10.958029
  156 -10.982666
  157 -11.006058
  158 -11.028338
  159 -11.049564
  160 -11.069777
  161 -11.089181
  162 -11.095451
  163 -11.100980
  164 -11.105832
  165 -11.110063
  166 -11.113718
  167 -11.116841
  168 -11.107066
  169 -11.096783
  170 -11.086041
  171 -11.074887
  172 -11.063369
  173 -11.051531
  174 -11.039412
  175 -11.027045
  176 -11.014540
  177 -11.014347
  178 -11.014185
  179 -11.014139
  180 -11.014271
  181 -11.014631
  182 -11.015262
  183 -11.016202
  184 -11.017455
  185 -11.006696
  186 -10.996313
  187 -10.986346
  188 -10.976829
  189 -10.967788
  190 -10.959211
  191 -10.951164
  192 -10.943653
  193 -10.936673
  194 -10.930216
  195 -10.924263
  196 -10.918794
  197 -10.913780
  198 -10.868971
  199 -10.866873
  200 -10.824821
  201 -10.825292
  202 -10.825894
  203 -10.826711
  204 -10.827814
  205 -10.829249
  206 -10.790829
  207 -10.795074
  208 -10.799696
  209 -10.804706
  210 -10.810102
  211 -10.815873
  212 -10.821998
  213 -10.840844
  214 -10.860010
  215 -10.879426
  216 -10.899023
  217 -10.878505
  218 -10.912716
  219 -10.906641
  220 -10.902394
  221 -10.899802
  222 -10.898650
  223 -10.898775
  224 -10.900067
  225 -10.902395
  226 -10.905636
  227 -10.909671
  228 -10.914309
  229 -10.919433
  230 -10.924966
  231 -10.930827
  232 -10.924538
  233 -10.918398
  234 -10.912380
  235 -10.906483
  236 -10.913039
  237 -10.919660
  238 -10.926307
  239 -10.932875
  240 -10.939351
  241 -10.945617
  242 -10.951583
  243 -10.957186
  244 -10.962381
  245 -10.967138
  246 -10.971441
  247 -10.975286
  248 -10.978674
  249 -10.996080
  250 -11.013093
  251 -11.029705
  252 -11.045910
  253 -11.061712
  254 -11.077084
  255 -11.077621
  256 -11.077761
  257 -11.077544
  258 -11.077034
  259 -11.076214
  260 -11.075113
  261 -11.073752
  262 -11.072154
  263 -11.070345
  264 -11.068348
  265 -11.066185
  266 -11.063878
  267 -11.061450
  268 -11.058923
  269 -11.056316
  270 -11.068115
  271 -11.079937
  272 -11.091701
  273 -11.103381
  274 -11.114952
  275 -11.126397
  276 -11.137699
  277 -11.148815
  278 -11.159794
  279 -11.170635
  280 -11.181338
  281 -11.191902
  282 -11.202323
  283 -11.212593
  284 -11.222704
  285 -11.232644
  286 -11.242402
  287 -11.251963
  288 -11.261316
  289 -11.282850
  290 -11.291789
  291 -11.253536
  292 -11.217459
  293 -11.230344
  294 -11.242765
  295 -11.254719
  296 -11.278609
  297 -11.289684
  298 -11.300291
  299 -11.310445
  300 -11.320167
  301 -11.329476
  302 -11.338395
  303 -11.346948
  304 -11.355157
  305 -11.363044
  306 -11.356164
  307 -11.363431
  308 -11.370474
  309 -11.377313
  310 -11.383968
  311 -11.390487
  312 -11.382351
  313 -11.388429
  314 -11.379776
  315 -11.370852
  316 -11.361750
  317 -11.352541
  318 -11.343316
  319 -11.334059
  320 -11.324874
  321 -11.315817
  322 -11.306937
  323 -11.298282
  324 -11.277495
  325 -11.210047
  326 -11.192269
  327 -11.174807
  328 -11.157693
  329 -11.141056
  330 -11.124878
  331 -11.109179
  332 -11.093981
  333 -11.079301
  334 -11.065122
  335 -11.039143
  336 -11.013649
  337 -10.988731
  338 -10.964422
  339 -10.940746
  340 -10.917713
  341 -10.907739
  342 -10.898470
  343 -10.889884
  344 -10.881958
  345 -10.887065
  346 -10.892788
  347 -10.899031
  348 -10.905726
  349 -10.912847
  350 -10.920350
  351 -10.928186
  352 -10.936306
  353 -10.944661
  354 -10.953198
  355 -10.961862
  356 -10.970603
  357 -10.966941
  358 -10.963238
  359 -10.959474
  360 -10.968030
  361 -10.976529
  362 -10.984924
  363 -10.993186
  364 -11.001216
  365 -11.008963
  366 -11.016381
  367 -11.023456
  368 -11.030105
  369 -11.036294
  370 -11.042000
  371 -11.047211
  372 -11.051922
  373 -11.056138
  374 -11.059868
  375 -11.063129
  376 -11.065941
  377 -11.068326
  378 -11.070315
  379 -11.071913
  380 -11.060803
  381 -11.049383
  382 -11.037735
  383 -11.025861
  384 -11.013809
  385 -11.014027
  386 -11.014196
  387 -11.028803
  388 -11.043442
  389 -11.058102
  390 -11.112994
  391 -11.165812
  392 -11.176385
  393 -11.187058
  394 -11.238040
  395 -11.246802
  396 -11.255682
  397 -11.264660
  398 -11.273714
  399 -11.282830
  400 -11.291982
  401 -11.301152
  402 -11.310291
  403 -11.359648
  404 -11.419311
  405 -11.476957
  406 -11.532599
  407 -11.573876
  408 -11.625509
  409 -11.675193
  410 -11.722875
  411 -11.768562
  412 -11.812349
  413 -11.854352
  414 -11.894593
  415 -11.933074
  416 -11.969901
  417 -12.005118
  418 -12.026344
  419 -12.045973
  420 -12.049608
  421 -12.039341
  422 -12.027638
  423 -12.014622
  424 -12.000421
  425 -11.985236
  426 -11.969298
  427 -11.952739
  428 -11.935728
  429 -11.918404
  430 -11.900991
  431 -11.883586
  432 -11.826099
  433 -11.811167
  434 -11.796544
  435 -11.782336
  436 -11.768639
  437 -11.715318
  438 -11.704970
  439 -11.655081
  440 -11.648196
  441 -11.601833
  442 -11.558300
  443 -11.517601
  444 -11.479749
  445 -11.444693
  446 -11.399966
  447 -11.357850
  448 -11.318279
  449 -11.281176
  450 -11.246456
  451 -11.201630
  452 -11.158962
  453 -11.130780
  454 -11.092163
  455 -11.055354
  456 -10.985772
  457 -10.920323
  458 -10.858837
  459 -10.801063
  460 -10.793744
  461 -10.740392
  462 -10.690256
  463 -10.690061
  464 -10.643306
  465 -10.633737
  466 -10.589661
  467 -10.582513
  468 -10.528212
  469 -10.523032
  470 -10.517529
  471 -10.511684
  472 -10.458555
  473 -10.454385
  474 -10.449806
  475 -10.444854
  476 -10.439459
  477 -10.433679
  478 -10.427462
  479 -10.386136
  480 -10.346610
  481 -10.308725
  482 -10.272436
  483 -10.237631
  484 -10.216569
  485 -10.196860
  486 -10.178392
  487 -10.161084
  488 -10.144905
  489 -10.129733
  490 -10.115519
  491 -10.102218
  492 -10.089838
  493 -10.078362
  494 -10.067666
  495 -10.070098
  496 -10.073273
  497 -10.077135
  498 -10.081621
  499 -10.086660
  500 -10.092185
