    1 0.000000
    2 1.946838
    3 3.780262
    4 5.504410
    5 7.123448
    6 8.681123
    7 10.099795
    8 11.425941
    9 12.678690
   10 13.830212
   11 14.916450
   12 15.924458
   13 16.858137
   14 17.721290
   15 18.478038
   16 19.174199
   17 19.813142
   18 20.398119
   19 20.892691
   20 21.342108
   21 21.702994
   22 22.027296
   23 22.317451
   24 22.548016
   25 22.749251
   26 22.890054
   27 22.980500
   28 23.069155
   29 23.115218
   30 23.172603
   31 23.205395
   32 23.219204
   33 23.218988
   34 23.202396
   35 23.193034
   36 23.179567
   37 23.164674
   38 23.142959
   39 23.122227
   40 23.155436
   41 23.186206
   42 23.214792
   43 23.234589
   44 23.267518
   45 23.296358
   46 23.320779
   47 23.333827
   48 23.342073
   49 23.357892
   50 23.366218
   51 23.359869
   52 23.397843
   53 23.422938
   54 23.434947
   55 23.433681
   56 23.425275
   57 23.402254
   58 23.404212
   59 23.404072
   60 23.385303
   61 23.387931
   62 23.376518
   63 23.344358
   64 23.305280
   65 23.245799
   66 23.206532
   67 23.152557
   68 23.077627
   69 22.997959
   70 22.897850
   71 22.771928
   72 22.641295
   73 22.532240
   74 22.403709
   75 22.296502
   76 22.182606
   77 22.042323
   78 21.923603
   79 21.798322
   80 21.692885
   81 21.605929
   82 21.511678
   83 21.434311
   84 21.333057
   85 21.249083
   86 21.194113
   87 21.106349
   88 21.033972
   89 20.975793
   90 20.943612
   91 20.921921
   92 20.909730
   93 20.879377
   94 20.897250
   95 20.920096
   96 20.907484
   97 20.900884
   98 20.899487
   99 20.917623
  100 20.937766
  101 20.959323
  102 20.994673
  103 20.989345
  104 20.985329
  105 20.982370
  106 20.980218
  107 20.978669
  108 20.937935
  109 20.900108
  110 20.865020
  111 20.832392
  112 20.755885
  113 20.697539
  114 20.642750
  115 20.637680
  116 20.633027
  117 20.628828
  118 20.625293
  119 20.622587
  120 20.620743
  121 20.632701
  122 20.644107
  123 20.694738
  124 20.702992
  125 20.750968
  126 20.796634
  127 20.840132
  128 20.881589
  129 20.881573
  130 20.882444
  131 20.884184
  132 20.886645
  133 20.858551
  134 20.832205
  135 20.807486
  136 20.784135
  137 20.722379
  138 20.664316
  139 20.609870
  140 20.558951
  141 20.511456
  142 20.467273
  143 20.411277
  144 20.414831
  145 20.403675
  146 20.394712
  147 20.387988
  148 20.383428
  149 20.341524
  150 20.304541
  151 20.272383
  152 20.244906
  153 20.221824
  154 20.202859
  155 20.187775
  156 20.176320
  157 20.168172
  158 20.163020
  159 20.160570
  160 20.160523
  161 20.162466
  162 20.166019
  163 20.170839
  164 20.176614
  165 20.183040
  166 20.189861
  167 20.196804
  168 20.203799
  169 20.210767
  170 20.217644
  171 20.224383
  172 20.230926
  173 20.237106
  174 20.242790
  175 20.247875
  176 20.291854
  177 20.332443
  178 20.369711
  179 20.403720
  180 20.394996
  181 20.385856
  182 20.376296
  183 20.366323
  184 20.355952
  185 20.345214
  186 20.334145
  187 20.322781
  188 20.311163
  189 20.299332
  190 20.287325
  191 20.275180
  192 20.262935
  193 20.250622
  194 20.238274
  195 20.225921
  196 20.213592
  197 20.201313
  198 20.189098
  199 20.176983
  200 20.165126
  201 20.153655
  202 20.142686
  203 20.132220
  204 20.161708
  205 20.188820
  206 20.213577
  207 20.196442
  208 20.179701
  209 20.163316
  210 20.147250
  211 20.131485
  212 20.115994
  213 20.100757
  214 20.085761
  215 20.070998
  216 20.056477
  217 20.042210
  218 20.028207
  219 20.014485
  220 20.001059
  221 19.987950
  222 19.975178
  223 19.962763
  224 19.950722
  225 19.939070
  226 19.927809
  227 19.916974
  228 19.906719
  229 19.897179
  230 19.888444
  231 19.880455
  232 19.873157
  233 19.866497
  234 19.860426
  235 19.894468
  236 19.926338
  237 19.956088
  238 19.983771
  239 20.009447
  240 20.033167
  241 20.054971
  242 20.121075
  243 20.182266
  244 20.253754
  245 20.318868
  246 20.377877
  247 20.431050
  248 20.478659
  249 20.520978
  250 20.558271
