    1 0.000000
    2 0.000000
    3 1.946838
    4 -1.716597
    5 3.780262
    6 -3.383669
    7 5.504410
    8 -5.001369
    9 7.123448
   10 -6.569886
   11 8.681123
   12 -8.101848
   13 10.099795
   14 -9.572752
   15 11.425941
   16 -10.995237
   17 12.678690
   18 -12.322715
   19 13.830212
   20 -13.651834
   21 14.916450
   22 -14.886665
   23 15.924458
   24 -16.077006
   25 16.858137
   26 -17.223272
   27 17.721290
   28 -18.325918
   29 18.478038
   30 -19.373033
   31 19.174199
   32 -20.377505
   33 19.813142
   34 -21.339919
   35 20.398119
   36 -22.260893
   37 20.892691
   38 -23.128673
   39 21.342108
   40 -23.956300
   41 21.702994
   42 -24.730035
   43 22.027296
   44 -25.465059
   45 22.317451
   46 -26.162179
   47 22.548016
   48 -26.772953
   49 22.749251
   50 -27.352303
   51 22.890054
   52 -27.890150
   53 22.980500
   54 -28.388781
   55 23.069155
   56 -28.862925
   57 23.115218
   58 -29.300384
   59 23.172603
   60 -29.717931
   61 23.205395
   62 -30.105363
   63 23.219204
   64 -30.464853
   65 23.218988
   66 -30.798483
   67 23.202396
   68 -31.106181
   69 23.193034
   70 -31.351743
   71 23.179567
   72 -31.579370
   73 23.164674
   74 -31.790813
   75 23.142959
   76 -31.985454
   77 23.122227
   78 -32.166685
   79 23.155436
   80 -32.307951
   81 23.186206
   82 -32.440345
   83 23.214792
   84 -32.564941
   85 23.234589
   86 -32.680593
   87 23.267518
   88 -32.743361
   89 23.296358
   90 -32.803392
   91 23.320779
   92 -32.861224
   93 23.333827
   94 -32.915326
   95 23.342073
   96 -32.968173
   97 23.357892
   98 -32.979943
   99 23.366218
  100 -32.993286
  101 23.359869
  102 -33.006285
  103 23.397843
  104 -32.993344
  105 23.422938
  106 -32.984418
  107 23.434947
  108 -32.979433
  109 23.433681
  110 -32.978265
  111 23.425275
  112 -32.938446
  113 23.402254
  114 -32.904048
  115 23.404212
  116 -32.887067
  117 23.404072
  118 -32.827797
  119 23.385303
  120 -32.775125
  121 23.387931
  122 -32.740919
  123 23.376518
  124 -32.669922
  125 23.344358
  126 -32.605766
  127 23.305280
  128 -32.507514
  129 23.245799
  130 -32.416764
  131 23.206532
  132 -32.345097
  133 23.152557
  134 -32.237040
  135 23.077627
  136 -32.136155
  137 22.997959
  138 -31.994699
  139 22.897850
  140 -31.861252
  141 22.771928
  142 -31.732870
  143 22.641295
  144 -31.570542
  145 22.532240
  146 -31.428175
  147 22.403709
  148 -31.292567
  149 22.296502
  150 -31.175203
  151 22.182606
  152 -31.022710
  153 22.042323
  154 -30.874559
  155 21.923603
  156 -30.744368
  157 21.798322
  158 -30.578767
  159 21.692885
  160 -30.431740
  161 21.605929
  162 -30.302444
  163 21.511678
  164 -30.130766
  165 21.434311
  166 -29.977711
  167 21.333057
  168 -29.830011
  169 21.249083
  170 -29.699246
  171 21.194113
  172 -29.544414
  173 21.106349
  174 -29.392579
  175 21.033972
  176 -29.257432
  177 20.975793
  178 -29.138150
  179 20.943612
  180 -28.993765
  181 20.921921
  182 -28.865786
  183 20.909730
  184 -28.753392
  185 20.879377
  186 -28.603194
  187 20.897250
  188 -28.481460
  189 20.920096
  190 -28.375043
  191 20.907484
  192 -28.270712
  193 20.900884
  194 -28.180108
  195 20.899487
  196 -28.102425
  197 20.917623
  198 -27.989987
  199 20.937766
  200 -27.891491
  201 20.959323
  202 -27.806091
  203 20.994673
  204 -27.692805
  205 20.989345
  206 -27.580779
  207 20.985329
  208 -27.481487
  209 20.982370
  210 -27.394167
  211 20.980218
  212 -27.318049
  213 20.978669
  214 -27.252481
  215 20.937935
  216 -27.184331
  217 20.900108
  218 -27.125220
  219 20.865020
  220 -27.074581
  221 20.832392
  222 -27.031833
  223 20.755885
  224 -26.981891
  225 20.697539
  226 -26.898361
  227 20.642750
  228 -26.823027
  229 20.637680
  230 -26.769734
  231 20.633027
  232 -26.723554
  233 20.628828
  234 -26.683895
  235 20.625293
  236 -26.650240
  237 20.622587
  238 -26.622190
  239 20.620743
  240 -26.599341
  241 20.632701
  242 -26.541007
  243 20.644107
  244 -26.489039
  245 20.694738
  246 -26.455395
  247 20.702992
  248 -26.414826
  249 20.750968
  250 -26.391584
