    1 0.000000
    2 -1.716597
    3 -3.383669
    4 -5.001369
    5 -6.569886
    6 -8.101848
    7 -9.572752
    8 -10.995237
    9 -12.322715
   10 -13.651834
   11 -14.886665
   12 -16.077006
   13 -17.223272
   14 -18.325918
   15 -19.373033
   16 -20.377505
   17 -21.339919
   18 -22.260893
   19 -23.128673
   20 -23.956300
   21 -24.730035
   22 -25.465059
   23 -26.162179
   24 -26.772953
   25 -27.352303
   26 -27.890150
   27 -28.388781
   28 -28.862925
   29 -29.300384
   30 -29.717931
   31 -30.105363
   32 -30.464853
   33 -30.798483
   34 -31.106181
   35 -31.351743
   36 -31.579370
   37 -31.790813
   38 -31.985454
   39 -32.166685
   40 -32.307951
   41 -32.440345
   42 -32.564941
   43 -32.680593
   44 -32.743361
   45 -32.803392
   46 -32.861224
   47 -32.915326
   48 -32.968173
   49 -32.979943
   50 -32.993286
   51 -33.006285
   52 -32.993344
   53 -32.984418
   54 -32.979433
   55 -32.978265
   56 -32.938446
   57 -32.904048
   58 -32.887067
   59 -32.827797
   60 -32.775125
   61 -32.740919
   62 -32.669922
   63 -32.605766
   64 -32.507514
   65 -32.416764
   66 -32.345097
   67 -32.237040
   68 -32.136155
   69 -31.994699
   70 -31.861252
   71 -31.732870
   72 -31.570542
   73 -31.428175
   74 -31.292567
   75 -31.175203
   76 -31.022710
   77 -30.874559
   78 -30.744368
   79 -30.578767
   80 -30.431740
   81 -30.302444
   82 -30.130766
   83 -29.977711
   84 -29.830011
   85 -29.699246
   86 -29.544414
   87 -29.392579
   88 -29.257432
   89 -29.138150
   90 -28.993765
   91 -28.865786
   92 -28.753392
   93 -28.603194
   94 -28.481460
   95 -28.375043
   96 -28.270712
   97 -28.180108
   98 -28.102425
   99 -27.989987
  100 -27.891491
  101 -27.806091
  102 -27.692805
  103 -27.580779
  104 -27.481487
  105 -27.394167
  106 -27.318049
  107 -27.252481
  108 -27.184331
  109 -27.125220
  110 -27.074581
  111 -27.031833
  112 -26.981891
  113 -26.898361
  114 -26.823027
  115 -26.769734
  116 -26.723554
  117 -26.683895
  118 -26.650240
  119 -26.622190
  120 -26.599341
  121 -26.541007
  122 -26.489039
  123 -26.455395
  124 -26.414826
  125 -26.391584
  126 -26.372962
  127 -26.358584
  128 -26.348106
  129 -26.328826
  130 -26.312808
  131 -26.299877
  132 -26.289839
  133 -26.221118
  134 -26.157288
  135 -26.098140
  136 -26.043406
  137 -25.980476
  138 -25.921438
  139 -25.866113
  140 -25.814336
  141 -25.765959
  142 -25.720843
  143 -25.725712
  144 -25.696490
  145 -25.717008
  146 -25.737669
  147 -25.758452
  148 -25.779239
  149 -25.787573
  150 -25.795779
  151 -25.803829
  152 -25.811783
  153 -25.819660
  154 -25.827484
  155 -25.835160
  156 -25.842669
  157 -25.849973
  158 -25.857043
  159 -25.863830
  160 -25.870370
  161 -25.876655
  162 -25.882677
  163 -25.888429
  164 -25.893906
  165 -25.899195
  166 -25.904335
  167 -25.909333
  168 -25.914282
  169 -25.919257
  170 -25.924329
  171 -25.929535
  172 -25.934979
  173 -25.940716
  174 -25.946787
  175 -25.953224
  176 -25.972452
  177 -25.992123
  178 -26.012220
  179 -26.032710
  180 -26.041163
  181 -26.049900
  182 -26.058903
  183 -26.068150
  184 -26.077618
  185 -26.087285
  186 -26.097128
  187 -26.107124
  188 -26.117249
  189 -26.127480
  190 -26.137796
  191 -26.148174
  192 -26.158595
  193 -26.169038
  194 -26.179486
  195 -26.189920
  196 -26.200325
  197 -26.210689
  198 -26.221021
  199 -26.231261
  200 -26.241396
  201 -26.251420
  202 -26.261307
  203 -26.271099
  204 -26.293191
  205 -26.315208
  206 -26.337107
  207 -26.346443
  208 -26.355532
  209 -26.364349
  210 -26.372876
  211 -26.381085
  212 -26.388954
  213 -26.396460
  214 -26.403577
  215 -26.410282
  216 -26.416553
  217 -26.422365
  218 -26.427700
  219 -26.432537
  220 -26.436859
  221 -26.440647
  222 -26.443885
  223 -26.446560
  224 -26.448659
  225 -26.450177
  226 -26.451137
  227 -26.451482
  228 -26.451209
  229 -26.450297
  230 -26.448804
  231 -26.446750
  232 -26.444155
  233 -26.441038
  234 -26.437419
  235 -26.445721
  236 -26.453607
  237 -26.461078
  238 -26.468133
  239 -26.474776
  240 -26.481002
  241 -26.486821
  242 -26.506706
  243 -26.526239
  244 -26.498467
  245 -26.472712
  246 -26.448876
  247 -26.426861
  248 -26.406567
  249 -26.387893
  250 -26.370746
