    1 0.172227
    2 0.172913
    3 0.173203
    4 0.173890
    5 0.174371
    6 0.174784
    7 0.174927
    8 0.175650
    9 0.175702
   10 0.176991
   11 0.168654
   12 0.000458
   13 0.178442
   14 0.178918
   15 0.179628
   16 0.180311
   17 0.180730
   18 0.181418
   19 0.181893
   20 0.182323
   21 0.180033
   22 0.181536
   23 0.180553
   24 0.183322
   25 0.109375
   26 0.181527
   27 0.168420
   28 0.181110
   29 0.179645
   30 0.178407
   31 0.179540
   32 0.175592
   33 0.173270
   34 0.170632
   35 0.167360
   36 0.163225
   37 0.114042
   38 0.101998
   39 0.194312
   40 0.194937
