    1 38.430000
    2 38.430000
    3 38.430000
    4 38.430000
    5 38.430000
    6 38.430000
    7 38.430000
    8 38.430000
    9 38.430000
   10 38.430000
   11 38.430000
   12 38.430000
   13 38.430000
   14 38.430000
   15 38.430000
   16 38.430000
   17 38.430000
   18 38.430000
   19 38.430000
   20 38.500000
   21 38.500000
   22 38.500000
   23 38.500000
   24 38.560000
   25 38.560000
   26 38.560000
   27 38.620000
   28 38.620000
   29 38.620000
   30 38.680000
   31 38.680000
   32 38.750000
   33 38.750000
   34 38.810000
   35 38.870000
   36 38.870000
   37 38.930000
   38 38.930000
   39 39.000000
   40 39.060000
   41 39.120000
   42 39.120000
   43 39.180000
   44 39.250000
   45 39.310000
   46 39.310000
   47 39.370000
   48 39.430000
   49 39.500000
   50 39.500000
   51 39.560000
   52 39.560000
   53 39.620000
   54 39.680000
   55 39.680000
   56 39.750000
   57 39.810000
   58 39.810000
   59 39.870000
   60 39.930000
   61 39.930000
   62 40.000000
   63 40.060000
   64 40.060000
   65 40.120000
   66 40.120000
   67 40.180000
   68 40.180000
   69 40.250000
   70 40.250000
   71 40.310000
   72 40.310000
   73 40.370000
   74 40.370000
   75 40.370000
   76 40.430000
   77 40.430000
   78 40.500000
   79 40.500000
   80 40.560000
   81 40.560000
   82 40.560000
   83 40.620000
   84 40.620000
   85 40.680000
   86 40.680000
   87 40.680000
   88 40.750000
   89 40.750000
   90 40.750000
   91 40.750000
   92 40.810000
   93 40.810000
   94 40.810000
   95 40.810000
   96 40.870000
   97 40.870000
   98 40.870000
   99 40.870000
  100 40.870000
  101 40.930000
  102 40.930000
  103 40.930000
  104 40.930000
  105 40.930000
  106 40.930000
  107 40.930000
  108 40.930000
  109 40.930000
  110 40.930000
  111 40.930000
  112 41.000000
  113 40.930000
  114 40.930000
  115 40.930000
  116 41.000000
  117 41.000000
  118 41.000000
  119 41.000000
  120 41.000000
  121 41.000000
  122 41.000000
  123 41.000000
  124 41.000000
  125 41.000000
  126 41.000000
  127 41.000000
  128 41.000000
  129 41.000000
  130 41.000000
  131 41.000000
  132 41.000000
  133 41.000000
  134 41.000000
  135 41.000000
  136 41.000000
  137 41.000000
  138 41.000000
  139 41.000000
  140 41.000000
  141 41.000000
  142 41.000000
  143 41.000000
  144 41.000000
  145 41.000000
  146 41.000000
  147 41.000000
  148 41.000000
  149 41.000000
  150 41.000000
  151 40.930000
  152 41.000000
  153 41.000000
  154 40.930000
  155 40.930000
  156 40.930000
  157 40.930000
  158 40.930000
  159 40.930000
  160 40.930000
  161 40.930000
  162 40.930000
  163 40.930000
  164 40.930000
  165 40.930000
  166 40.930000
  167 40.930000
  168 40.930000
  169 40.930000
  170 40.930000
  171 40.930000
  172 40.930000
  173 40.930000
  174 41.000000
  175 41.000000
  176 41.000000
  177 41.000000
  178 41.000000
  179 41.000000
  180 41.000000
  181 41.000000
  182 41.000000
  183 41.000000
  184 41.000000
  185 41.000000
  186 41.000000
  187 41.000000
  188 41.000000
  189 41.000000
  190 41.000000
  191 41.000000
  192 41.000000
  193 41.000000
  194 41.000000
  195 41.000000
  196 41.000000
  197 41.000000
  198 41.000000
  199 41.000000
  200 41.000000
  201 41.000000
  202 41.060000
  203 41.060000
  204 41.060000
  205 41.060000
  206 41.060000
  207 41.060000
  208 41.060000
  209 41.060000
  210 41.060000
  211 41.060000
  212 41.060000
  213 41.060000
  214 41.060000
  215 41.060000
  216 41.060000
  217 41.060000
  218 41.060000
  219 41.060000
  220 41.060000
  221 41.060000
  222 41.060000
  223 41.060000
  224 41.060000
  225 41.060000
  226 41.060000
  227 41.060000
  228 41.060000
  229 41.060000
  230 41.060000
  231 41.120000
  232 41.060000
  233 41.060000
  234 41.060000
  235 41.060000
  236 41.060000
  237 41.060000
  238 41.120000
  239 41.120000
  240 41.120000
  241 41.120000
  242 41.120000
  243 41.120000
  244 41.120000
  245 41.120000
  246 41.120000
  247 41.120000
  248 41.120000
  249 41.120000
  250 41.120000
