    1     0
    2     0
    3    37
    4    38
    5    36
    6    38
    7    36
    8    38
    9    36
   10    38
   11    36
   12    38
   13    36
   14    38
   15    36
   16    38
   17    36
   18    38
   19    36
   20    38
   21    36
   22    38
   23    36
   24    38
   25    36
   26    38
   27    36
   28    38
   29    36
   30    38
   31    36
   32    38
   33    36
   34    38
   35    36
   36    38
   37    36
   38    38
   39    36
   40    38
   41    36
   42    38
   43    36
   44    38
   45    36
   46    38
   47    36
   48    38
   49    36
   50    38
   51    36
   52    38
   53    36
   54    38
   55    36
   56    38
   57    36
   58    38
   59    36
   60    38
   61    36
   62    38
   63    36
   64    38
   65    36
   66    38
   67    36
   68    38
   69    36
   70    38
   71    36
   72    38
   73    36
   74    38
   75    36
   76    38
   77    36
   78    39
   79    36
   80    39
   81    36
   82    39
   83    36
   84    39
   85    36
   86    39
   87    36
   88    39
   89    36
   90    39
   91    36
   92    39
   93    36
   94    39
   95    36
   96    39
   97    36
   98    39
   99    36
  100    39
  101    36
  102    39
  103    36
  104    39
  105    36
  106    39
  107    36
  108    39
  109    36
  110    39
  111    36
  112    39
  113    36
  114    39
  115    36
  116    39
  117    36
  118    39
  119    36
  120    39
  121    36
  122    39
  123    36
  124    40
  125    36
  126    40
  127    36
  128    40
  129    36
  130    40
  131    36
  132    40
  133    36
  134    40
  135    36
  136    40
  137    36
  138    40
  139    36
  140    40
  141    36
  142    40
  143    36
  144    40
  145    36
  146    40
  147    36
  148    40
  149    36
  150    40
  151    36
  152    40
  153    36
  154    40
  155    36
  156    40
  157    36
  158    40
  159    36
  160    40
  161    36
  162    40
  163    36
  164    40
  165    36
  166    40
  167    36
  168    40
  169    36
  170    40
  171    36
  172    40
  173    36
  174    40
  175    36
  176    40
  177    36
  178    40
  179    36
  180    40
  181    36
  182    40
  183    36
  184    40
  185    36
  186    40
  187    36
  188    40
  189    36
  190    40
  191    36
  192    40
  193    36
  194    40
  195    36
  196    40
  197    36
  198    40
  199    36
  200    40
  201    36
  202    40
  203    36
  204    40
  205    36
  206    40
  207    36
  208    40
  209    36
  210    40
  211    36
  212    40
  213    36
  214    40
  215    36
  216    40
  217    36
  218    40
  219    36
  220    40
  221    36
  222    40
  223    36
  224    41
  225    36
  226    40
  227    36
  228    40
  229    36
  230    40
  231    36
  232    41
  233    36
  234    41
  235    36
  236    41
  237    36
  238    41
  239    36
  240    41
  241    36
  242    41
  243    36
  244    41
  245    36
  246    41
  247    36
  248    41
  249    36
  250    41
