    1 36.620000
    2 36.620000
    3 36.620000
    4 36.620000
    5 36.560000
    6 36.560000
    7 36.560000
    8 36.560000
    9 36.560000
   10 36.560000
   11 36.560000
   12 36.620000
   13 36.620000
   14 36.620000
   15 36.620000
   16 36.620000
   17 36.620000
   18 36.620000
   19 36.680000
   20 36.680000
   21 36.680000
   22 36.750000
   23 36.750000
   24 36.750000
   25 36.810000
   26 36.810000
   27 36.870000
   28 36.870000
   29 36.870000
   30 36.930000
   31 37.000000
   32 37.000000
   33 37.060000
   34 37.120000
   35 37.120000
   36 37.180000
   37 37.250000
   38 37.250000
   39 37.310000
   40 37.310000
   41 37.370000
   42 37.430000
   43 37.500000
   44 37.560000
   45 37.620000
   46 37.620000
   47 37.680000
   48 37.750000
   49 37.810000
   50 37.810000
   51 37.870000
   52 37.870000
   53 37.870000
   54 37.870000
   55 37.930000
   56 38.000000
   57 38.000000
   58 38.000000
   59 38.060000
   60 38.060000
   61 38.060000
   62 38.060000
   63 38.060000
   64 38.120000
   65 38.120000
   66 38.180000
   67 38.250000
   68 38.250000
   69 38.310000
   70 38.310000
   71 38.370000
   72 38.370000
   73 38.430000
   74 38.430000
   75 38.500000
   76 38.500000
   77 38.560000
   78 38.560000
   79 38.560000
   80 38.620000
   81 38.680000
   82 38.680000
   83 38.750000
   84 38.750000
   85 38.750000
   86 38.810000
   87 38.810000
   88 38.810000
   89 38.810000
   90 38.810000
   91 38.810000
   92 38.810000
   93 38.810000
   94 38.810000
   95 38.810000
   96 38.810000
   97 38.810000
   98 38.870000
   99 38.870000
  100 38.870000
  101 38.870000
  102 38.870000
  103 38.930000
  104 38.930000
  105 38.930000
  106 38.930000
  107 38.930000
  108 38.930000
  109 39.000000
  110 39.000000
  111 39.000000
  112 39.000000
  113 39.000000
  114 39.000000
  115 39.000000
  116 39.000000
  117 39.000000
  118 39.000000
  119 39.000000
  120 39.000000
  121 39.000000
  122 38.930000
  123 38.870000
  124 38.870000
  125 38.810000
  126 38.810000
  127 38.810000
  128 38.810000
  129 38.870000
  130 38.870000
  131 38.870000
  132 38.870000
  133 38.870000
  134 38.870000
  135 38.930000
  136 38.930000
  137 38.930000
  138 39.000000
  139 39.000000
  140 39.000000
  141 39.000000
  142 39.000000
  143 39.000000
  144 39.000000
  145 39.000000
  146 39.000000
  147 39.000000
  148 39.000000
  149 39.000000
  150 39.000000
  151 39.000000
  152 39.000000
  153 39.000000
  154 39.000000
  155 39.000000
  156 39.000000
  157 39.000000
  158 39.000000
  159 39.000000
  160 39.000000
  161 39.000000
  162 39.060000
  163 39.060000
  164 39.060000
  165 39.060000
  166 39.060000
  167 39.060000
  168 39.120000
  169 39.120000
  170 39.120000
  171 39.120000
  172 39.120000
  173 39.120000
  174 39.120000
  175 39.120000
  176 39.120000
  177 39.060000
  178 39.060000
  179 39.060000
  180 39.060000
  181 39.060000
  182 39.060000
  183 39.060000
  184 39.060000
  185 39.120000
  186 39.120000
  187 39.120000
  188 39.120000
  189 39.120000
  190 39.120000
  191 39.120000
  192 39.120000
  193 39.120000
  194 39.120000
  195 39.120000
  196 39.120000
  197 39.120000
  198 39.120000
  199 39.120000
  200 39.120000
  201 39.120000
  202 39.120000
  203 39.120000
  204 39.120000
  205 39.120000
  206 39.120000
  207 39.120000
  208 39.120000
  209 39.120000
  210 39.120000
  211 39.120000
  212 39.120000
  213 39.060000
  214 39.060000
  215 39.060000
  216 39.060000
  217 39.060000
  218 39.000000
  219 39.000000
  220 39.000000
  221 39.000000
  222 39.000000
  223 39.000000
  224 39.000000
  225 39.000000
  226 39.000000
  227 39.000000
  228 39.000000
  229 39.000000
  230 39.000000
  231 39.000000
  232 39.060000
  233 39.060000
  234 39.060000
  235 39.060000
  236 39.000000
  237 39.000000
  238 39.000000
  239 39.000000
  240 39.000000
  241 39.000000
  242 39.000000
  243 39.000000
  244 39.000000
  245 39.000000
  246 39.000000
  247 39.000000
  248 39.000000
  249 38.930000
  250 38.930000
  251 38.930000
  252 38.930000
  253 38.930000
  254 38.930000
  255 39.000000
  256 39.000000
  257 39.000000
  258 39.000000
  259 39.000000
  260 39.000000
  261 39.000000
  262 39.000000
  263 39.000000
  264 39.000000
  265 39.000000
  266 39.000000
  267 39.000000
  268 39.000000
  269 39.000000
  270 38.930000
  271 38.930000
  272 38.930000
  273 38.930000
  274 38.930000
  275 38.930000
  276 38.930000
  277 38.930000
  278 38.930000
  279 38.930000
  280 38.930000
  281 38.930000
  282 38.930000
  283 38.930000
  284 38.930000
  285 38.930000
  286 38.930000
  287 38.930000
  288 38.930000
  289 38.870000
  290 38.930000
  291 38.930000
  292 38.930000
  293 38.930000
  294 38.930000
  295 38.930000
  296 38.870000
  297 38.930000
  298 38.930000
  299 38.930000
  300 38.930000
  301 38.930000
  302 38.930000
  303 38.930000
  304 38.930000
  305 38.930000
  306 39.000000
  307 38.930000
  308 38.930000
  309 38.930000
  310 38.930000
  311 38.930000
  312 39.000000
  313 38.930000
  314 39.000000
  315 39.000000
  316 39.000000
  317 39.000000
  318 39.000000
  319 39.000000
  320 39.000000
  321 39.000000
  322 39.000000
  323 39.000000
  324 39.060000
  325 39.060000
  326 39.060000
  327 39.060000
  328 39.060000
  329 39.060000
  330 39.060000
  331 39.060000
  332 39.060000
  333 39.060000
  334 39.060000
  335 39.120000
  336 39.120000
  337 39.120000
  338 39.120000
  339 39.120000
  340 39.120000
  341 39.060000
  342 39.060000
  343 39.060000
  344 39.060000
  345 39.000000
  346 39.000000
  347 39.000000
  348 39.000000
  349 39.000000
  350 39.000000
  351 39.000000
  352 39.000000
  353 39.000000
  354 39.000000
  355 39.000000
  356 39.000000
  357 39.060000
  358 39.060000
  359 39.060000
  360 39.000000
  361 39.000000
  362 39.000000
  363 39.000000
  364 39.000000
  365 39.000000
  366 39.000000
  367 39.000000
  368 39.000000
  369 39.000000
  370 39.000000
  371 39.000000
  372 39.000000
  373 39.000000
  374 39.000000
  375 39.000000
  376 39.000000
  377 39.000000
  378 39.000000
  379 39.000000
  380 39.060000
  381 39.060000
  382 39.060000
  383 39.060000
  384 39.060000
  385 39.000000
  386 39.000000
  387 38.930000
  388 38.930000
  389 38.930000
  390 38.930000
  391 38.930000
  392 38.930000
  393 38.930000
  394 38.930000
  395 38.930000
  396 38.930000
  397 38.930000
  398 38.930000
  399 38.930000
  400 38.930000
  401 38.930000
  402 38.930000
  403 38.930000
  404 38.870000
  405 38.870000
  406 38.870000
  407 38.930000
  408 38.870000
  409 38.870000
  410 38.870000
  411 38.870000
  412 38.870000
  413 38.870000
  414 38.870000
  415 38.870000
  416 38.870000
  417 38.870000
  418 38.930000
  419 38.930000
  420 39.000000
  421 39.060000
  422 39.060000
  423 39.060000
  424 39.060000
  425 39.060000
  426 39.060000
  427 39.060000
  428 39.060000
  429 39.060000
  430 39.060000
  431 39.060000
  432 39.060000
  433 39.060000
  434 39.060000
  435 39.060000
  436 39.060000
  437 39.060000
  438 39.060000
  439 39.060000
  440 39.060000
  441 39.060000
  442 39.060000
  443 39.060000
  444 39.060000
  445 39.060000
  446 39.120000
  447 39.120000
  448 39.120000
  449 39.120000
  450 39.120000
  451 39.180000
  452 39.180000
  453 39.120000
  454 39.180000
  455 39.180000
  456 39.120000
  457 39.120000
  458 39.120000
  459 39.120000
  460 39.120000
  461 39.120000
  462 39.120000
  463 39.120000
  464 39.120000
  465 39.180000
  466 39.120000
  467 39.180000
  468 39.180000
  469 39.180000
  470 39.180000
  471 39.180000
  472 39.180000
  473 39.180000
  474 39.180000
  475 39.180000
  476 39.180000
  477 39.180000
  478 39.180000
  479 39.120000
  480 39.120000
  481 39.120000
  482 39.120000
  483 39.120000
  484 39.060000
  485 39.060000
  486 39.060000
  487 39.060000
  488 39.060000
  489 39.060000
  490 39.060000
  491 39.060000
  492 39.060000
  493 39.060000
  494 39.060000
  495 39.000000
  496 39.000000
  497 39.000000
  498 39.000000
  499 39.000000
  500 39.000000
