    1     0
    2     0
    3     0
    4     0
    5     0
    6     0
    7    -1
    8 -9.437500e-01
    9    -1
   10    -1
   11    -1
   12 -9.896481e-01
   13 -8.291600e-01
   14 -5.689995e-01
   15 -2.366753e-01
   16 1.412090e-01
   17 5.435057e-01
   18 9.252963e-01
   19     1
   20     1
   21 7.003098e-01
   22 2.097369e-01
   23 -2.829612e-01
   24 -7.052042e-01
   25    -1
   26    -1
   27    -1
   28    -1
   29    -1
   30 -9.073443e-01
   31 -6.871297e-01
   32 -3.813588e-01
   33 -1.944266e-02
   34 3.764600e-01
   35 7.734360e-01
   36     1
   37     1
   38 8.494366e-01
   39 4.112029e-01
   40 -9.154952e-02
   41 -5.436715e-01
   42 -9.147837e-01
   43    -1
   44    -1
   45    -1
   46    -1
   47 -9.681465e-01
   48 -7.964217e-01
   49 -5.230551e-01
   50 -1.820652e-01
   51 2.015255e-01
   52 6.036064e-01
   53 9.760852e-01
   54     1
   55     1
   56 6.574684e-01
   57 1.605199e-01
   58 -3.217412e-01
   59 -7.299401e-01
   60    -1
   61    -1
   62    -1
   63    -1
   64    -1
   65 -8.958019e-01
   66 -6.676639e-01
   67 -3.565281e-01
   68 8.809065e-03
   69 4.066780e-01
   70 8.023437e-01
   71     1
   72     1
   73 8.220089e-01
   74 3.719539e-01
   75 -1.299513e-01
   76 -5.768254e-01
   77 -9.420013e-01
   78    -1
   79    -1
   80    -1
   81    -1
   82 -9.553899e-01
   83 -7.726870e-01
   84 -4.919985e-01
   85 -1.462299e-01
   86 2.402261e-01
   87 6.415131e-01
   88     1
   89     1
   90 9.738579e-01
   91 6.059193e-01
   92 1.058797e-01
   93 -3.698562e-01
   94 -7.695797e-01
   95    -1
   96    -1
   97    -1
   98    -1
   99    -1
  100 -8.818724e-01
  101 -6.443605e-01
  102 -3.269810e-01
  103 4.223226e-02
  104 4.422155e-01
  105 8.359894e-01
  106     1
  107     1
  108 7.897956e-01
  109 3.268788e-01
  110 -1.738970e-01
  111 -6.149089e-01
  112 -9.734847e-01
  113    -1
  114    -1
  115    -1
  116    -1
  117 -9.403535e-01
  118 -7.447725e-01
  119 -4.555087e-01
  120 -1.041605e-01
  121 2.856226e-01
  122 6.858744e-01
  123     1
  124     1
  125 9.330158e-01
  126 5.384718e-01
  127 3.621272e-02
  128 -4.316810e-01
  129 -8.215225e-01
  130    -1
  131    -1
  132    -1
  133    -1
  134    -1
  135 -8.635304e-01
  136 -6.137266e-01
  137 -2.882125e-01
  138 8.599624e-02
  139 4.886440e-01
  140 8.797091e-01
  141     1
  142     1
  143 7.489468e-01
  144 2.712407e-01
  145 -2.276104e-01
  146 -6.612661e-01
  147    -1
  148    -1
  149    -1
  150    -1
  151    -1
  152 -9.228368e-01
  153 -7.131365e-01
  154 -4.144550e-01
  155 -5.702913e-02
  156 3.363254e-01
  157 7.350848e-01
  158     1
  159     1
  160 8.866015e-01
  161 4.661876e-01
  162 -3.696866e-02
  163 -4.961098e-01
  164 -8.753713e-01
  165    -1
  166    -1
  167    -1
  168    -1
  169 -9.857444e-01
  170 -8.293287e-01
  171 -5.661837e-01
  172 -2.318882e-01
  173 1.476640e-01
  174 5.507037e-01
  175 9.329568e-01
  176     1
  177     1
  178 6.970863e-01
  179 2.066035e-01
  180 -2.844523e-01
  181 -7.048392e-01
  182    -1
  183    -1
  184    -1
  185    -1
  186    -1
  187 -9.068148e-01
  188 -6.862151e-01
  189 -3.801745e-01
  190 -1.807741e-02
  191 3.779390e-01
  192 7.748786e-01
  193     1
  194     1
  195 8.481415e-01
  196 4.093405e-01
  197 -9.335309e-02
  198 -5.451995e-01
  199 -9.160056e-01
  200    -1
  201    -1
  202    -1
  203    -1
  204    -1
  205 -9.683971e-01
  206 -8.353193e-01
  207 -6.347345e-01
  208 -3.916366e-01
  209 -1.246791e-01
  210 1.468385e-01
  211 3.857076e-01
  212 5.355465e-01
  213 5.193296e-01
  214 2.380322e-01
  215 -3.181262e-01
  216 -9.885300e-01
  217    -1
  218    -1
  219    -1
  220    -1
  221    -1
  222    -1
  223 -9.322258e-01
  224 -7.782557e-01
  225 -5.673189e-01
  226 -3.214773e-01
  227 -5.710646e-02
  228 2.013351e-01
  229 4.109547e-01
  230 5.117793e-01
  231 4.216595e-01
  232 5.093907e-02
  233 -5.586734e-01
  234    -1
  235    -1
  236    -1
  237    -1
  238    -1
  239    -1
  240    -1
  241 -9.065360e-01
  242 -7.355587e-01
  243 -5.141713e-01
  244 -2.627482e-01
  245 3.661986e-03
  246 2.564954e-01
  247 4.479009e-01
  248 5.134244e-01
  249 3.648691e-01
  250 -7.397993e-02
  251 -7.173988e-01
  252    -1
  253    -1
  254    -1
  255    -1
  256    -1
  257    -1
  258 -9.916269e-01
  259 -8.787394e-01
  260 -6.948754e-01
  261 -4.655400e-01
  262 -2.098395e-01
  263 5.669022e-02
  264 3.018183e-01
  265 4.739555e-01
  266 5.043970e-01
  267 3.004015e-01
  268 -1.933727e-01
  269 -8.567060e-01
  270    -1
  271    -1
  272    -1
  273    -1
  274    -1
  275    -1
  276 -9.648972e-01
  277 -8.336165e-01
  278 -6.377247e-01
  279 -4.011530e-01
  280 -1.417611e-01
  281 1.210301e-01
  282 3.504034e-01
  283 4.914873e-01
  284 4.702780e-01
  285 1.919815e-01
  286 -3.599520e-01
  287    -1
  288    -1
  289    -1
  290    -1
  291    -1
  292    -1
  293    -1
  294 -9.309560e-01
  295 -7.765450e-01
  296 -5.657530e-01
  297 -3.204542e-01
  298 -5.688189e-02
  299 2.003488e-01
  300 4.082125e-01
  301 5.067658e-01
  302 4.140328e-01
  303 4.103404e-02
  304 -5.699275e-01
  305    -1
  306    -1
  307    -1
  308    -1
  309    -1
  310    -1
  311    -1
  312 -9.056722e-01
  313 -7.341695e-01
  314 -5.125073e-01
  315 -2.609914e-01
  316 5.383264e-03
  317 2.579148e-01
  318 4.485904e-01
  319 5.128187e-01
  320 3.622576e-01
  321 -7.871193e-02
  322 -7.231221e-01
  323    -1
  324    -1
  325    -1
  326    -1
  327    -1
  328    -1
  329 -9.906536e-01
  330 -8.770992e-01
  331 -6.928019e-01
  332 -4.632087e-01
  333 -2.073800e-01
  334 5.901045e-02
  335 3.035702e-01
  336 4.746020e-01
  337 5.032306e-01
  338 2.965808e-01
  339 -1.994608e-01
  340 -8.633407e-01
  341    -1
  342    -1
  343    -1
  344    -1
  345    -1
  346    -1
  347 -9.635507e-01
  348 -8.313498e-01
  349 -6.348626e-01
  350 -3.979394e-01
  351 -1.383758e-01
  352 1.242072e-01
  353 3.527555e-01
  354 4.922186e-01
  355 4.683028e-01
  356 1.862379e-01
  357 -3.683501e-01
  358    -1
  359    -1
  360    -1
  361    -1
  362    -1
  363    -1
  364    -1
  365 -9.299719e-01
  366 -7.748901e-01
  367 -5.636658e-01
  368 -3.181136e-01
  369 -5.441971e-02
  370 2.026450e-01
  371 4.098665e-01
  372 5.071338e-01
  373 4.122212e-01
  374 3.650636e-02
  375 -5.759247e-01
  376    -1
  377    -1
  378    -1
  379    -1
  380    -1
  381    -1
  382    -1
  383 -9.049286e-01
  384 -7.329272e-01
  385 -5.109520e-01
  386 -2.592615e-01
  387 7.186438e-03
  388 2.595669e-01
  389 4.497157e-01
  390 5.128926e-01
  391 3.605742e-01
  392 -8.232890e-02
  393 -7.275946e-01
  394    -1
  395    -1
  396    -1
  397    -1
  398    -1
  399    -1
  400     1
  401     1
  402     1
  403     1
  404     1
  405 7.216977e-01
  406 2.865719e-01
  407 -1.353189e-01
  408 -4.925200e-01
  409 -7.802667e-01
  410    -1
  411    -1
  412    -1
  413    -1
  414 -9.679459e-01
  415 -8.061781e-01
  416 -5.383667e-01
  417 -2.008159e-01
  418 1.809094e-01
  419 5.822598e-01
  420 9.569905e-01
  421     1
  422     1
  423 6.740494e-01
  424 1.820170e-01
  425 -3.011745e-01
  426 -7.120595e-01
  427    -1
  428    -1
  429    -1
  430    -1
  431    -1
  432 -9.016891e-01
  433 -6.775186e-01
  434 -3.690401e-01
  435 -5.367888e-03
  436 3.915759e-01
  437 7.879896e-01
  438     1
  439     1
  440 8.358469e-01
  441 3.916761e-01
  442 -1.106157e-01
  443 -5.600493e-01
  444 -9.281329e-01
  445    -1
  446    -1
  447    -1
  448    -1
  449 -9.618687e-01
  450 -7.847430e-01
  451 -5.077719e-01
  452 -1.644274e-01
  453 2.205771e-01
  454 6.222767e-01
  455 9.911835e-01
  456     1
  457 9.912525e-01
  458 6.358971e-01
  459 1.372808e-01
  460 -3.417974e-01
  461 -7.458242e-01
  462    -1
  463    -1
  464    -1
  465    -1
  466    -1
  467 -8.899824e-01
  468 -6.579129e-01
  469 -3.441488e-01
  470 2.282989e-02
  471 4.216052e-01
  472 8.165110e-01
  473     1
  474     1
  475 8.084326e-01
  476 3.528267e-01
  477 -1.486298e-01
  478 -5.930080e-01
  479 -9.553668e-01
  480    -1
  481    -1
  482    -1
  483    -1
  484 -9.490528e-01
  485 -7.609132e-01
  486 -4.766029e-01
  487 -1.284756e-01
  488 2.593891e-01
  489 6.602528e-01
  490     1
  491     1
  492 9.567126e-01
  493 5.771286e-01
  494 7.597874e-02
  495 -3.964423e-01
  496 -7.919406e-01
  497    -1
  498    -1
  499    -1
  500    -1
  501    -1
  502 -8.740767e-01
  503 -6.313379e-01
  504 -3.104944e-01
  505 6.085138e-02
  506 4.619778e-01
  507 8.546251e-01
  508     1
  509     1
  510 7.721949e-01
  511 3.027073e-01
  512 -1.973110e-01
  513 -6.351528e-01
  514 -9.901961e-01
  515    -1
  516    -1
  517    -1
  518    -1
  519 -9.321747e-01
  520 -7.296270e-01
  521 -4.357283e-01
  522 -8.137129e-02
  523 3.101988e-01
  524 7.098428e-01
  525     1
  526     1
  527 9.106607e-01
  528 5.031033e-01
  529 2.017871e-04
  530 -4.634678e-01
  531 -8.481411e-01
  532    -1
  533    -1
  534    -1
  535    -1
  536 -9.973641e-01
  537 -8.511643e-01
  538 -5.948489e-01
  539 -2.650425e-01
  540 1.117847e-01
  541 5.153686e-01
  542 9.038825e-01
  543     1
  544     1
  545 7.261539e-01
  546 2.415710e-01
  547 -2.551243e-01
  548 -6.839564e-01
  549    -1
  550    -1
  551    -1
  552    -1
  553    -1
  554 -9.152322e-01
  555 -7.003815e-01
  556 -3.982287e-01
  557 -3.860559e-02
  558 3.559944e-01
  559 7.538823e-01
  560     1
  561     1
  562 8.683248e-01
  563 4.388784e-01
  564 -6.418108e-02
  565 -5.198716e-01
  566 -8.950981e-01
  567    -1
  568    -1
  569    -1
  570    -1
  571 -9.770520e-01
  572 -8.130512e-01
  573 -5.448399e-01
  574 -2.072228e-01
  575 1.743370e-01
  576 5.769230e-01
  577 9.543933e-01
  578     1
  579     1
  580 6.768511e-01
  581 1.828299e-01
  582 -3.039116e-01
  583 -7.181887e-01
  584    -1
  585    -1
  586    -1
  587    -1
  588    -1
  589 -9.011149e-01
  590 -6.766165e-01
  591 -3.679405e-01
  592 -4.167462e-03
  593 3.928074e-01
  594 7.890919e-01
  595     1
  596     1
  597 8.345697e-01
  598 3.898084e-01
  599 -1.125191e-01
  600     1
  601 5.758791e-01
  602 3.772394e-01
  603 2.300318e-01
  604 1.203027e-01
  605 7.187766e-02
  606 3.000618e-02
  607 9.657201e-04
  608 -1.881804e-02
  609 -2.962230e-02
  610 -3.112384e-02
  611 -2.573493e-02
  612 -1.491294e-02
  613 -3.622264e-04
  614 1.611921e-02
  615 3.256463e-02
  616 4.708914e-02
  617 5.821433e-02
  618 6.503499e-02
  619 6.729858e-02
  620 6.536668e-02
  621 6.006908e-02
  622 5.248871e-02
  623 4.374780e-02
  624 3.485136e-02
  625 2.660339e-02
  626 1.958142e-02
  627 1.414434e-02
  628 1.045418e-02
  629 8.501980e-03
  630 8.135239e-03
  631 9.087947e-03
  632 1.101401e-02
  633 1.352411e-02
  634 1.622434e-02
  635 1.875365e-02
  636 2.081612e-02
  637 2.220433e-02
  638 2.281079e-02
  639 2.262670e-02
  640 2.172919e-02
  641 2.026026e-02
  642 1.840142e-02
  643 1.634829e-02
  644 1.428812e-02
  645 1.238235e-02
  646 1.075489e-02
  647 9.485966e-03
  648 8.610961e-03
  649 8.123443e-03
  650 7.981425e-03
  651 8.115967e-03
  652 8.441160e-03
  653 8.864527e-03
  654 9.296874e-03
  655 9.660723e-03
  656 9.896618e-03
  657 9.966874e-03
  658 9.856612e-03
  659 9.572303e-03
  660 9.138259e-03
  661 8.591735e-03
  662 7.977351e-03
  663 7.341540e-03
  664 6.727582e-03
  665 6.171655e-03
  666 5.700135e-03
  667 5.328236e-03
  668 5.059931e-03
  669 4.888978e-03
  670 4.800820e-03
  671 4.775063e-03
  672 4.788228e-03
  673 4.816468e-03
  674 4.837999e-03
  675 4.835026e-03
  676 4.795034e-03
  677 4.711380e-03
  678 4.583220e-03
  679 4.414848e-03
  680 4.214595e-03
  681 3.993455e-03
  682 3.763616e-03
  683 3.537055e-03
  684 3.324337e-03
  685 3.133707e-03
  686 2.970531e-03
  687 2.837103e-03
  688 2.732779e-03
  689 2.654395e-03
  690 2.596886e-03
  691 2.554024e-03
  692 2.519178e-03
  693 2.486027e-03
  694 2.449156e-03
  695 2.404482e-03
  696 2.349503e-03
  697 2.283342e-03
  698 2.206633e-03
  699 2.121260e-03
  700 2.030006e-03
  701 1.936146e-03
  702 1.843047e-03
  703 1.753808e-03
  704 1.670969e-03
  705 1.596309e-03
  706 1.530759e-03
  707 1.474397e-03
  708 1.426542e-03
  709 1.385906e-03
  710 1.350796e-03
  711 1.319329e-03
  712 1.289640e-03
  713 1.260066e-03
  714 1.229284e-03
  715 1.196403e-03
  716 1.160994e-03
  717 1.123076e-03
  718 1.083052e-03
  719 1.041621e-03
  720 9.996610e-04
  721 9.581197e-04
  722 9.179004e-04
  723 8.797737e-04
  724 8.443104e-04
  725 8.118440e-04
  726 7.824616e-04
  727 7.560217e-04
  728 7.321928e-04
  729 7.105071e-04
  730 6.904214e-04
  731 6.713792e-04
  732 6.528659e-04
  733 6.344536e-04
  734 6.158320e-04
  735 5.968230e-04
  736 5.773809e-04
  737 5.575781e-04
  738 5.375820e-04
  739 5.176234e-04
  740 4.979637e-04
  741 4.788619e-04
  742 4.605471e-04
  743 4.431959e-04
  744 4.269193e-04
  745 4.117575e-04
  746 3.976820e-04
  747 3.846057e-04
  748 3.723967e-04
  749 3.608960e-04
  750 3.499350e-04
  751 3.393530e-04
  752 3.290105e-04
  753 3.188003e-04
  754 3.086528e-04
  755 2.985372e-04
  756 2.884593e-04
  757 2.784545e-04
  758 2.685804e-04
  759 2.589061e-04
  760 2.495037e-04
  761 2.404385e-04
  762 2.317630e-04
  763 2.235116e-04
  764 2.156982e-04
  765 2.083168e-04
  766 2.013431e-04
  767 1.947388e-04
  768 1.884559e-04
  769 1.824424e-04
  770 1.766469e-04
  771 1.710234e-04
  772 1.655344e-04
  773 1.601533e-04
  774 1.548648e-04
  775 1.496647e-04
  776 1.445581e-04
  777 1.395576e-04
  778 1.346800e-04
  779 1.299441e-04
  780 1.253674e-04
  781 1.209642e-04
  782 1.167442e-04
  783 1.127112e-04
  784 1.088632e-04
  785 1.051926e-04
  786 1.016876e-04
  787 9.833307e-05
  788 9.511220e-05
  789 9.200814e-05
  790 8.900522e-05
  791 8.609009e-05
  792 8.325241e-05
  793 8.048522e-05
  794 7.778489e-05
  795 7.515078e-05
  796 7.258462e-05
  797 7.008977e-05
  798 6.767033e-05
  799 6.533040e-05
  800 6.307336e-05
