    1     0
    2     0
    3     0
    4     0
    5     0
    6     0
    7    -1
    8 -4.277778e-01
    9 -4.555556e-01
   10 -4.833333e-01
   11 -5.111111e-01
   12 -4.705527e-01
   13 -4.140123e-01
   14 -3.834106e-01
   15 -3.514148e-01
   16 -3.177370e-01
   17 -2.909878e-01
   18 -2.787002e-01
   19 -2.789445e-01
   20 -2.902310e-01
   21 -3.119741e-01
   22 -3.418260e-01
   23 -3.755956e-01
   24 -4.093289e-01
   25 -4.399577e-01
   26 -4.651263e-01
   27 -4.832189e-01
   28 -4.934827e-01
   29 -4.959671e-01
   30 -4.913703e-01
   31 -4.809143e-01
   32 -4.662299e-01
   33 -4.492148e-01
   34 -4.318677e-01
   35 -4.161221e-01
   36 -4.036814e-01
   37 -3.958625e-01
   38 -3.934622e-01
   39 -3.966677e-01
   40 -4.050365e-01
   41 -4.175601e-01
   42 -4.328107e-01
   43 -4.491453e-01
   44 -4.649230e-01
   45 -4.786957e-01
   46 -4.893448e-01
   47 -4.961567e-01
   48 -4.988477e-01
   49 -4.975456e-01
   50 -4.927423e-01
   51 -4.852229e-01
   52 -4.759785e-01
   53 -4.661087e-01
   54 -4.567190e-01
   55 -4.488185e-01
   56 -4.432262e-01
   57 -4.404939e-01
   58 -4.408534e-01
   59 -4.441992e-01
   60 -4.501084e-01
   61 -4.579002e-01
   62 -4.667256e-01
   63 -4.756732e-01
   64 -4.838746e-01
   65 -4.905945e-01
   66 -4.952972e-01
   67 -4.976835e-01
   68 -4.977018e-01
   69 -4.955341e-01
   70 -4.915629e-01
   71 -4.863235e-01
   72 -4.804456e-01
   73 -4.745900e-01
   74 -4.693842e-01
   75 -4.653627e-01
   76 -4.629168e-01
   77 -4.622594e-01
   78 -4.634082e-01
   79 -4.661904e-01
   80 -4.702686e-01
   81 -4.751849e-01
   82 -4.804165e-01
   83 -4.854357e-01
   84 -4.897663e-01
   85 -4.930297e-01
   86 -4.949774e-01
   87 -4.955069e-01
   88 -4.946626e-01
   89 -4.926218e-01
   90 -4.896706e-01
   91 -4.861698e-01
   92 -4.825165e-01
   93 -4.791039e-01
   94 -4.762827e-01
   95 -4.743277e-01
   96 -4.734130e-01
   97 -4.735978e-01
   98 -4.748249e-01
   99 -4.769312e-01
  100 -4.796698e-01
  101 -4.827402e-01
  102 -4.858226e-01
  103 -4.886127e-01
  104 -4.908519e-01
  105 -4.923520e-01
  106 -4.930094e-01
  107 -4.928106e-01
  108 -4.918285e-01
  109 -4.902105e-01
  110 -4.881597e-01
  111 -4.859123e-01
  112 -4.837127e-01
  113 -4.817887e-01
  114 -4.803295e-01
  115 -4.794683e-01
  116 -4.792707e-01
  117 -4.797314e-01
  118 -4.807773e-01
  119 -4.822784e-01
  120 -4.840642e-01
  121 -4.859430e-01
  122 -4.877234e-01
  123 -4.892334e-01
  124 -4.903379e-01
  125 -4.909496e-01
  126 -4.910356e-01
  127 -4.906177e-01
  128 -4.897671e-01
  129 -4.885950e-01
  130 -4.872393e-01
  131 -4.858496e-01
  132 -4.845717e-01
  133 -4.835329e-01
  134 -4.828304e-01
  135 -4.825223e-01
  136 -4.826236e-01
  137 -4.831070e-01
  138 -4.839067e-01
  139 -4.849282e-01
  140 -4.860584e-01
  141 -4.871789e-01
  142 -4.881781e-01
  143 -4.889623e-01
  144 -4.894646e-01
  145 -4.896498e-01
  146 -4.895166e-01
  147 -4.890962e-01
  148 -4.884469e-01
  149 -4.876473e-01
  150 -4.867873e-01
  151 -4.859585e-01
  152 -4.852450e-01
  153 -4.847149e-01
  154 -4.844145e-01
  155 -4.843645e-01
  156 -4.845589e-01
  157 -4.849671e-01
  158 -4.855381e-01
  159 -4.862066e-01
  160 -4.869008e-01
  161 -4.875495e-01
  162 -4.880898e-01
  163 -4.884731e-01
  164 -4.886689e-01
  165 -4.886675e-01
  166 -4.884794e-01
  167 -4.881337e-01
  168 -4.876739e-01
  169 -4.871528e-01
  170 -4.866270e-01
  171 -4.861508e-01
  172 -4.857706e-01
  173 -4.855210e-01
  174 -4.854216e-01
  175 -4.854757e-01
  176 -4.856706e-01
  177 -4.859803e-01
  178 -4.863679e-01
  179 -4.867905e-01
  180 -4.872039e-01
  181 -4.875667e-01
  182 -4.878450e-01
  183 -4.880150e-01
  184 -4.880650e-01
  185 -4.879963e-01
  186 -4.878220e-01
  187 -4.875652e-01
  188 -4.872564e-01
  189 -4.869298e-01
  190 -4.866196e-01
  191 -4.863569e-01
  192 -4.861662e-01
  193 -4.860637e-01
  194 -4.860558e-01
  195 -4.861387e-01
  196 -4.862999e-01
  197 -4.865193e-01
  198 -4.867718e-01
  199 -4.870304e-01
  200    -1
  201 -1.418614e-01
  202 -1.836618e-01
  203 -2.253908e-01
  204 -2.670457e-01
  205 -2.486895e-01
  206 -3.407192e-01
  207 -4.603597e-01
  208 -5.680203e-01
  209 -6.625691e-01
  210 -7.526173e-01
  211 -8.259582e-01
  212 -8.752871e-01
  213 -9.007179e-01
  214 -9.042980e-01
  215 -8.875345e-01
  216 -8.528981e-01
  217 -8.046567e-01
  218 -7.480257e-01
  219 -6.884862e-01
  220 -6.315956e-01
  221 -5.827992e-01
  222 -5.470127e-01
  223 -5.281577e-01
  224 -5.287447e-01
  225 -5.494651e-01
  226 -5.888277e-01
  227 -6.430509e-01
  228 -7.064551e-01
  229 -7.723719e-01
  230 -8.342612e-01
  231 -8.866089e-01
  232 -9.253881e-01
  233 -9.481616e-01
  234 -9.540179e-01
  235 -9.434573e-01
  236 -9.182419e-01
  237 -8.811981e-01
  238 -8.359771e-01
  239 -7.867877e-01
  240 -7.381086e-01
  241 -6.943840e-01
  242 -6.597032e-01
  243 -6.374676e-01
  244 -6.300567e-01
  245 -6.385133e-01
  246 -6.622973e-01
  247 -6.991904e-01
  248 -7.454545e-01
  249 -7.962950e-01
  250 -8.465469e-01
  251 -8.913851e-01
  252 -9.268618e-01
  253 -9.502022e-01
  254 -9.599043e-01
  255 -9.557194e-01
  256 -9.385635e-01
  257 -9.103710e-01
  258 -8.739053e-01
  259 -8.325328e-01
  260 -7.899748e-01
  261 -7.500406e-01
  262 -7.163482e-01
  263 -6.920366e-01
  264 -6.794790e-01
  265 -6.800164e-01
  266 -6.937440e-01
  267 -7.194004e-01
  268 -7.544241e-01
  269 -7.952205e-01
  270 -8.376217e-01
  271 -8.774352e-01
  272 -9.109452e-01
  273 -9.352676e-01
  274 -9.485411e-01
  275 -9.499875e-01
  276 -9.398820e-01
  277 -9.194586e-01
  278 -8.907651e-01
  279 -8.564797e-01
  280 -8.196983e-01
  281 -7.837026e-01
  282 -7.517149e-01
  283 -7.266443e-01
  284 -7.108354e-01
  285 -7.058321e-01
  286 -7.121817e-01
  287 -7.293133e-01
  288 -7.555339e-01
  289 -7.881790e-01
  290 -8.239208e-01
  291 -8.591840e-01
  292 -8.905783e-01
  293 -9.152579e-01
  294 -9.311616e-01
  295 -9.371335e-01
  296 -9.329478e-01
  297 -9.192623e-01
  298 -8.975165e-01
  299 -8.697869e-01
  300 -8.386105e-01
  301 -8.067856e-01
  302 -7.771567e-01
  303 -7.523911e-01
  304 -7.347557e-01
  305 -7.259050e-01
  306 -7.266999e-01
  307 -7.370804e-01
  308 -7.560245e-01
  309 -7.816231e-01
  310 -8.112804e-01
  311 -8.420202e-01
  312 -8.708406e-01
  313 -8.950466e-01
  314 -9.125083e-01
  315 -9.218219e-01
  316 -9.223805e-01
  317 -9.143716e-01
  318 -8.987154e-01
  319 -8.769578e-01
  320 -8.511283e-01
  321 -8.235717e-01
  322 -7.967625e-01
  323 -7.731085e-01
  324 -7.547526e-01
  325 -7.433823e-01
  326 -7.400610e-01
  327 -7.451007e-01
  328 -7.579981e-01
  329 -7.774580e-01
  330 -8.015174e-01
  331 -8.277636e-01
  332 -8.536132e-01
  333 -8.766023e-01
  334 -8.946384e-01
  335 -9.061829e-01
  336 -9.103570e-01
  337 -9.069759e-01
  338 -8.965248e-01
  339 -8.800869e-01
  340 -8.592338e-01
  341 -8.358877e-01
  342 -8.121632e-01
  343 -7.901967e-01
  344 -7.719711e-01
  345 -7.591445e-01
  346 -7.528947e-01
  347 -7.537944e-01
  348 -7.617340e-01
  349 -7.759113e-01
  350 -7.948998e-01
  351 -8.167989e-01
  352 -8.394453e-01
  353 -8.606548e-01
  354 -8.784527e-01
  355 -8.912611e-01
  356 -8.980262e-01
  357 -8.982828e-01
  358 -8.921621e-01
  359 -8.803520e-01
  360 -8.640178e-01
  361 -8.446937e-01
  362 -8.241504e-01
  363 -8.042492e-01
  364 -7.867881e-01
  365 -7.733485e-01
  366 -7.651534e-01
  367 -7.629465e-01
  368 -7.669093e-01
  369 -7.766273e-01
  370 -7.911202e-01
  371 -8.089384e-01
  372 -8.283192e-01
  373 -8.473798e-01
  374 -8.643183e-01
  375 -8.775928e-01
  376 -8.860586e-01
  377 -8.890532e-01
  378 -8.864308e-01
  379 -8.785501e-01
  380 -8.662237e-01
  381 -8.506357e-01
  382 -8.332350e-01
  383 -8.156118e-01
  384 -7.993648e-01
  385 -7.859649e-01
  386 -7.766265e-01
  387 -7.721937e-01
  388 -7.730539e-01
  389 -7.790911e-01
  390 -7.896875e-01
  391 -8.037813e-01
  392 -8.199764e-01
  393 -8.366922e-01
  394 -8.523323e-01
  395 -8.654464e-01
  396 -8.748675e-01
  397 -8.798091e-01
  398 -8.799190e-01
  399 -8.752907e-01
  400 8.043959e-01
  401 -4.173412e-02
  402 1.433234e-02
  403 7.126487e-02
  404 1.276699e-01
  405 -3.551374e-01
  406 -5.860627e-01
  407 -7.507649e-01
  408 -8.819353e-01
  409 -9.825761e-01
  410    -1
  411    -1
  412 -9.616092e-01
  413 -8.874647e-01
  414 -7.838292e-01
  415 -6.625604e-01
  416 -5.341329e-01
  417 -4.076948e-01
  418 -2.939390e-01
  419 -2.036500e-01
  420 -1.466766e-01
  421 -1.312415e-01
  422 -1.628214e-01
  423 -2.402199e-01
  424 -3.511256e-01
  425 -4.744678e-01
  426 -5.900102e-01
  427 -6.851084e-01
  428 -7.541245e-01
  429 -7.948708e-01
  430 -8.067748e-01
  431 -7.910460e-01
  432 -7.508436e-01
  433 -6.908897e-01
  434 -6.170180e-01
  435 -5.358638e-01
  436 -4.545529e-01
  437 -3.803061e-01
  438 -3.200040e-01
  439 -2.797233e-01
  440 -2.641521e-01
  441 -2.757195e-01
  442 -3.134367e-01
  443 -3.720580e-01
  444 -4.426841e-01
  445 -5.150913e-01
  446 -5.803715e-01
  447 -6.322871e-01
  448 -6.672137e-01
  449 -6.835722e-01
  450 -6.814218e-01
  451 -6.622437e-01
  452 -6.287336e-01
  453 -5.845438e-01
  454 -5.340082e-01
  455 -4.818582e-01
  456 -4.329175e-01
  457 -3.917690e-01
  458 -3.623906e-01
  459 -3.477526e-01
  460 -3.493729e-01
  461 -3.668964e-01
  462 -3.978854e-01
  463 -4.380662e-01
  464 -4.821045e-01
  465 -5.246398e-01
  466 -5.611438e-01
  467 -5.883573e-01
  468 -6.043647e-01
  469 -6.084950e-01
  470 -6.011780e-01
  471 -5.837852e-01
  472 -5.584516e-01
  473 -5.278767e-01
  474 -4.951075e-01
  475 -4.633076e-01
  476 -4.355113e-01
  477 -4.143685e-01
  478 -4.018852e-01
  479 -3.991805e-01
  480 -4.062977e-01
  481 -4.221342e-01
  482 -4.445551e-01
  483 -4.707088e-01
  484 -4.974763e-01
  485 -5.219257e-01
  486 -5.416582e-01
  487 -5.550007e-01
  488 -5.610682e-01
  489 -5.597400e-01
  490 -5.515847e-01
  491 -5.377513e-01
  492 -5.198366e-01
  493 -4.997338e-01
  494 -4.794677e-01
  495 -4.610223e-01
  496 -4.461659e-01
  497 -4.362841e-01
  498 -4.322338e-01
  499 -4.342404e-01
  500 -4.418608e-01
  501 -4.540347e-01
  502 -4.692278e-01
  503 -4.856454e-01
  504 -5.014721e-01
  505 -5.150889e-01
  506 -5.252341e-01
  507 -5.310975e-01
  508 -5.323521e-01
  509 -5.291386e-01
  510 -5.220131e-01
  511 -5.118687e-01
  512 -4.998381e-01
  513 -4.871836e-01
  514 -4.751802e-01
  515 -4.649980e-01
  516 -4.575929e-01
  517 -4.536129e-01
  518 -4.533330e-01
  519 -4.566285e-01
  520 -4.629944e-01
  521 -4.716138e-01
  522 -4.814647e-01
  523 -4.914485e-01
  524 -5.005201e-01
  525 -5.077977e-01
  526 -5.126423e-01
  527 -5.147024e-01
  528 -5.139251e-01
  529 -5.105386e-01
  530 -5.050114e-01
  531 -4.979955e-01
  532 -4.902564e-01
  533 -4.825971e-01
  534 -4.757809e-01
  535 -4.704588e-01
  536 -4.671076e-01
  537 -4.659853e-01
  538 -4.671092e-01
  539 -4.702602e-01
  540 -4.750147e-01
  541 -4.807994e-01
  542 -4.869613e-01
  543 -4.928439e-01
  544 -4.978575e-01
  545 -5.015370e-01
  546 -5.035806e-01
  547 -5.038690e-01
  548 -5.024645e-01
  549 -4.995939e-01
  550 -4.956168e-01
  551 -4.909843e-01
  552 -4.861914e-01
  553 -4.817273e-01
  554 -4.780276e-01
  555 -4.754329e-01
  556 -4.741575e-01
  557 -4.742715e-01
  558 -4.756983e-01
  559 -4.782283e-01
  560 -4.815469e-01
  561 -4.852727e-01
  562 -4.890019e-01
  563 -4.923520e-01
  564 -4.950004e-01
  565 -4.967141e-01
  566 -4.973676e-01
  567 -4.969491e-01
  568 -4.955549e-01
  569 -4.933738e-01
  570 -4.906636e-01
  571 -4.877227e-01
  572 -4.848586e-01
  573 -4.823572e-01
  574 -4.804551e-01
  575 -4.793176e-01
  576 -4.790250e-01
  577 -4.795669e-01
  578 -4.808479e-01
  579 -4.827006e-01
  580 -4.849068e-01
  581 -4.872228e-01
  582 -4.894062e-01
  583 -4.912407e-01
  584 -4.925572e-01
  585 -4.932482e-01
  586 -4.932753e-01
  587 -4.926689e-01
  588 -4.915217e-01
  589 -4.899761e-01
  590 -4.882078e-01
  591 -4.864061e-01
  592 -4.847551e-01
  593 -4.834150e-01
  594 -4.825072e-01
  595 -4.821034e-01
  596 -4.822205e-01
  597 -4.828215e-01
  598 -4.838215e-01
  599 -4.850985e-01
  600 6.942138e-01
  601 8.626600e-02
  602 1.144771e-01
  603 1.429646e-01
  604 1.718122e-01
  605 -2.998927e-03
  606 -1.026165e-01
  607 -1.600847e-01
  608 -1.998720e-01
  609 -2.260480e-01
  610 -2.422627e-01
  611 -2.431309e-01
  612 -2.332128e-01
  613 -2.159997e-01
  614 -1.940630e-01
  615 -1.696404e-01
  616 -1.453084e-01
  617 -1.235034e-01
  618 -1.059168e-01
  619 -9.347250e-02
  620 -8.634417e-02
  621 -8.397607e-02
  622 -8.523515e-02
  623 -8.871987e-02
  624 -9.307095e-02
  625 -9.717948e-02
  626 -1.002776e-01
  627 -1.019399e-01
  628 -1.020320e-01
  629 -1.006404e-01
  630 -9.800072e-02
  631 -9.443319e-02
  632 -9.028691e-02
  633 -8.589483e-02
  634 -8.154034e-02
  635 -7.743649e-02
  636 -7.371751e-02
  637 -7.044163e-02
  638 -6.760257e-02
  639 -6.514666e-02
  640 -6.299190e-02
  641 -6.104584e-02
  642 -5.922007e-02
  643 -5.744015e-02
  644 -5.565094e-02
  645 -5.381790e-02
  646 -5.192540e-02
  647 -4.997312e-02
  648 -4.797163e-02
  649 -4.593782e-02
  650 -4.389097e-02
  651 -4.184961e-02
  652 -3.982936e-02
  653 -3.784183e-02
  654 -3.589433e-02
  655 -3.399013e-02
  656 -3.212926e-02
  657 -3.030940e-02
  658 -2.852683e-02
  659 -2.677726e-02
  660 -2.505650e-02
  661 -2.336087e-02
  662 -2.168747e-02
  663 -2.003424e-02
  664 -1.839988e-02
  665 -1.678374e-02
  666 -1.518564e-02
  667 -1.360570e-02
  668 -1.204416e-02
  669 -1.050131e-02
  670 -8.977345e-03
  671 -7.472350e-03
  672 -5.986290e-03
  673 -4.519002e-03
  674 -3.070219e-03
  675 -1.639603e-03
  676 -2.267691e-04
  677 1.168686e-03
  678 2.547166e-03
  679 3.909056e-03
  680 5.254721e-03
  681 6.584496e-03
  682 7.898690e-03
  683 9.197588e-03
  684 1.048146e-02
  685 1.175055e-02
  686 1.300510e-02
  687 1.424535e-02
  688 1.547152e-02
  689 1.668384e-02
  690 1.788254e-02
  691 1.906782e-02
  692 2.023991e-02
  693 2.139902e-02
  694 2.254537e-02
  695 2.367917e-02
  696 2.480061e-02
  697 2.590989e-02
  698 2.700722e-02
  699 2.809279e-02
  700 2.916677e-02
  701 3.022935e-02
  702 3.128072e-02
  703 3.232104e-02
  704 3.335048e-02
  705 3.436922e-02
  706 3.537742e-02
  707 3.637523e-02
  708 3.736281e-02
  709 3.834032e-02
  710 3.930791e-02
  711 4.026573e-02
  712 4.121391e-02
  713 4.215261e-02
  714 4.308196e-02
  715 4.400211e-02
  716 4.491317e-02
  717 4.581529e-02
  718 4.670859e-02
  719 4.759320e-02
  720 4.846924e-02
  721 4.933684e-02
  722 5.019611e-02
  723 5.104717e-02
  724 5.189014e-02
  725 5.272512e-02
  726 5.355224e-02
  727 5.437159e-02
  728 5.518328e-02
  729 5.598741e-02
  730 5.678410e-02
  731 5.757344e-02
  732 5.835552e-02
  733 5.913046e-02
  734 5.989833e-02
  735 6.065924e-02
  736 6.141327e-02
  737 6.216052e-02
  738 6.290107e-02
  739 6.363502e-02
  740 6.436244e-02
  741 6.508342e-02
  742 6.579805e-02
  743 6.650640e-02
  744 6.720856e-02
  745 6.790460e-02
  746 6.859460e-02
  747 6.927864e-02
  748 6.995678e-02
  749 7.062911e-02
  750 7.129569e-02
  751 7.195660e-02
  752 7.261190e-02
  753 7.326167e-02
  754 7.390596e-02
  755 7.454485e-02
  756 7.517841e-02
  757 7.580669e-02
  758 7.642976e-02
  759 7.704767e-02
  760 7.766050e-02
  761 7.826830e-02
  762 7.887113e-02
  763 7.946905e-02
  764 8.006211e-02
  765 8.065038e-02
  766 8.123390e-02
  767 8.181273e-02
  768 8.238693e-02
  769 8.295654e-02
  770 8.352162e-02
  771 8.408223e-02
  772 8.463840e-02
  773 8.519020e-02
  774 8.573766e-02
  775 8.628084e-02
  776 8.681978e-02
  777 8.735454e-02
  778 8.788515e-02
  779 8.841167e-02
  780 8.893413e-02
  781 8.945258e-02
  782 8.996707e-02
  783 9.047764e-02
  784 9.098432e-02
  785 9.148716e-02
  786 9.198621e-02
  787 9.248149e-02
  788 9.297306e-02
  789 9.346094e-02
  790 9.394519e-02
  791 9.442583e-02
  792 9.490291e-02
  793 9.537645e-02
  794 9.584650e-02
  795 9.631310e-02
  796 9.677627e-02
  797 9.723606e-02
  798 9.769250e-02
  799 9.814561e-02
  800 9.859544e-02
