    1     0
    2     0
    3     0
    4     0
    5     0
    6     0
    7    -1
    8 -4.250000e-01
    9 -4.500000e-01
   10 -4.750000e-01
   11 -5.000000e-01
   12 -4.567490e-01
   13 -3.980689e-01
   14 -3.661158e-01
   15 -3.336174e-01
   16 -3.003050e-01
   17 -2.748578e-01
   18 -2.646918e-01
   19 -2.675164e-01
   20 -2.814601e-01
   21 -3.055199e-01
   22 -3.369561e-01
   23 -3.713529e-01
   24 -4.047467e-01
   25 -4.342096e-01
   26 -4.576100e-01
   27 -4.735878e-01
   28 -4.816457e-01
   29 -4.820721e-01
   30 -4.757761e-01
   31 -4.641510e-01
   32 -4.489484e-01
   33 -4.321277e-01
   34 -4.156842e-01
   35 -4.014783e-01
   36 -3.910723e-01
   37 -3.855815e-01
   38 -3.855570e-01
   39 -3.909247e-01
   40 -4.010013e-01
   41 -4.145968e-01
   42 -4.301906e-01
   43 -4.461458e-01
   44 -4.609182e-01
   45 -4.732223e-01
   46 -4.821392e-01
   47 -4.871671e-01
   48 -4.882230e-01
   49 -4.856096e-01
   50 -4.799548e-01
   51 -4.721320e-01
   52 -4.631673e-01
   53 -4.541395e-01
   54 -4.460784e-01
   55 -4.398685e-01
   56 -4.361657e-01
   57 -4.353351e-01
   58 -4.374198e-01
   59 -4.421446e-01
   60 -4.489589e-01
   61 -4.571116e-01
   62 -4.657489e-01
   63 -4.740167e-01
   64 -4.811554e-01
   65 -4.865731e-01
   66 -4.898934e-01
   67 -4.909752e-01
   68 -4.899085e-01
   69 -4.869887e-01
   70 -4.826750e-01
   71 -4.775369e-01
   72 -4.721948e-01
   73 -4.672570e-01
   74 -4.632614e-01
   75 -4.606239e-01
   76 -4.596002e-01
   77 -4.602649e-01
   78 -4.625097e-01
   79 -4.660630e-01
   80 -4.705264e-01
   81 -4.754249e-01
   82 -4.802630e-01
   83 -4.845792e-01
   84 -4.879928e-01
   85 -4.902379e-01
   86 -4.911832e-01
   87 -4.908359e-01
   88 -4.893322e-01
   89 -4.869162e-01
   90 -4.839099e-01
   91 -4.806771e-01
   92 -4.775859e-01
   93 -4.749712e-01
   94 -4.731032e-01
   95 -4.721615e-01
   96 -4.722210e-01
   97 -4.732478e-01
   98 -4.751078e-01
   99 -4.775855e-01
  100 -4.804109e-01
  101 -4.832912e-01
  102 -4.859433e-01
  103 -4.881226e-01
  104 -4.896465e-01
  105 -4.904093e-01
  106 -4.903886e-01
  107 -4.896424e-01
  108 -4.882989e-01
  109 -4.865398e-01
  110 -4.845794e-01
  111 -4.826413e-01
  112 -4.809354e-01
  113 -4.796376e-01
  114 -4.788728e-01
  115 -4.787049e-01
  116 -4.791320e-01
  117 -4.800907e-01
  118 -4.814645e-01
  119 -4.830996e-01
  120 -4.848224e-01
  121 -4.864589e-01
  122 -4.878529e-01
  123 -4.888814e-01
  124 -4.894652e-01
  125 -4.895748e-01
  126 -4.892305e-01
  127 -4.884977e-01
  128 -4.874778e-01
  129 -4.862965e-01
  130 -4.850890e-01
  131 -4.839867e-01
  132 -4.831034e-01
  133 -4.825248e-01
  134 -4.823007e-01
  135 -4.824418e-01
  136 -4.829203e-01
  137 -4.836746e-01
  138 -4.846173e-01
  139 -4.856459e-01
  140 -4.866540e-01
  141 -4.875426e-01
  142 -4.882301e-01
  143 -4.886598e-01
  144 -4.888041e-01
  145 -4.886663e-01
  146 -4.882780e-01
  147 -4.876951e-01
  148 -4.869903e-01
  149 -4.862450e-01
  150 -4.855409e-01
  151 -4.849509e-01
  152 -4.845330e-01
  153 -4.843241e-01
  154 -4.843378e-01
  155 -4.845641e-01
  156 -4.849713e-01
  157 -4.855104e-01
  158 -4.861213e-01
  159 -4.867393e-01
  160 -4.873023e-01
  161 -4.877570e-01
  162 -4.880637e-01
  163 -4.882002e-01
  164 -4.881626e-01
  165 -4.879653e-01
  166 -4.876380e-01
  167 -4.872225e-01
  168 -4.867673e-01
  169 -4.863227e-01
  170 -4.859352e-01
  171 -4.856431e-01
  172 -4.854730e-01
  173 -4.854376e-01
  174 -4.855349e-01
  175 -4.857495e-01
  176 -4.860542e-01
  177 -4.864143e-01
  178 -4.867907e-01
  179 -4.871449e-01
  180 -4.874422e-01
  181 -4.876559e-01
  182 -4.877690e-01
  183 -4.877756e-01
  184 -4.876813e-01
  185 -4.875016e-01
  186 -4.872599e-01
  187 -4.869850e-01
  188 -4.867074e-01
  189 -4.864565e-01
  190 -4.862575e-01
  191 -4.861288e-01
  192 -4.860807e-01
  193 -4.861148e-01
  194 -4.862240e-01
  195 -4.863938e-01
  196 -4.866040e-01
  197 -4.868316e-01
  198 -4.870526e-01
  199 -4.872450e-01
  200    -1
  201 -1.375870e-01
  202 -1.751096e-01
  203 -2.125691e-01
  204 -2.499731e-01
  205 -2.274761e-01
  206 -3.168038e-01
  207 -4.343725e-01
  208 -5.402900e-01
  209 -6.332886e-01
  210 -7.219370e-01
  211 -7.938755e-01
  212 -8.419731e-01
  213 -8.664904e-01
  214 -8.695936e-01
  215 -8.528932e-01
  216 -8.189613e-01
  217 -7.721348e-01
  218 -7.176435e-01
  219 -6.609253e-01
  220 -6.074345e-01
  221 -5.624466e-01
  222 -5.306367e-01
  223 -5.156173e-01
  224 -5.195322e-01
  225 -5.426735e-01
  226 -5.831741e-01
  227 -6.369968e-01
  228 -6.984265e-01
  229 -7.610141e-01
  230 -8.186321e-01
  231 -8.662618e-01
  232 -9.003656e-01
  233 -9.189481e-01
  234 -9.214785e-01
  235 -9.087656e-01
  236 -8.827937e-01
  237 -8.465132e-01
  238 -8.035939e-01
  239 -7.581527e-01
  240 -7.144639e-01
  241 -6.766548e-01
  242 -6.483911e-01
  243 -6.325579e-01
  244 -6.309529e-01
  245 -6.440180e-01
  246 -6.706683e-01
  247 -7.082970e-01
  248 -7.530355e-01
  249 -8.002667e-01
  250 -8.452776e-01
  251 -8.838635e-01
  252 -9.127501e-01
  253 -9.298053e-01
  254 -9.340941e-01
  255 -9.258357e-01
  256 -9.062957e-01
  257 -8.776269e-01
  258 -8.426692e-01
  259 -8.047207e-01
  260 -7.672888e-01
  261 -7.338278e-01
  262 -7.074690e-01
  263 -6.907525e-01
  264 -6.853730e-01
  265 -6.919666e-01
  266 -7.099727e-01
  267 -7.376211e-01
  268 -7.720897e-01
  269 -8.098384e-01
  270 -8.470661e-01
  271 -8.801844e-01
  272 -9.062060e-01
  273 -9.229953e-01
  274 -9.293864e-01
  275 -9.251993e-01
  276 -9.111802e-01
  277 -8.888873e-01
  278 -8.605317e-01
  279 -8.287873e-01
  280 -7.965781e-01
  281 -7.668510e-01
  282 -7.423419e-01
  283 -7.253436e-01
  284 -7.174886e-01
  285 -7.195650e-01
  286 -7.313935e-01
  287 -7.517981e-01
  288 -7.787003e-01
  289 -8.093466e-01
  290 -8.406415e-01
  291 -8.695210e-01
  292 -8.932927e-01
  293 -9.098887e-01
  294 -9.180158e-01
  295 -9.172113e-01
  296 -9.078248e-01
  297 -8.909414e-01
  298 -8.682602e-01
  299 -8.419386e-01
  300 -8.144124e-01
  301 -7.882000e-01
  302 -7.656994e-01
  303 -7.489853e-01
  304 -7.396201e-01
  305 -7.384908e-01
  306 -7.456961e-01
  307 -7.605039e-01
  308 -7.814039e-01
  309 -8.062632e-01
  310 -8.325706e-01
  311 -8.577302e-01
  312 -8.793510e-01
  313 -8.954847e-01
  314 -9.047882e-01
  315 -9.066064e-01
  316 -9.009861e-01
  317 -8.886321e-01
  318 -8.708180e-01
  319 -8.492624e-01
  320 -8.259781e-01
  321 -8.031061e-01
  322 -7.827384e-01
  323 -7.667423e-01
  324 -7.565927e-01
  325 -7.532280e-01
  326 -7.569433e-01
  327 -7.673415e-01
  328 -7.833556e-01
  329 -8.033533e-01
  330 -8.253164e-01
  331 -8.470698e-01
  332 -8.665217e-01
  333 -8.818789e-01
  334 -8.918079e-01
  335 -8.955347e-01
  336 -8.928813e-01
  337 -8.842496e-01
  338 -8.705608e-01
  339 -8.531589e-01
  340 -8.336885e-01
  341 -8.139533e-01
  342 -7.957651e-01
  343 -7.807895e-01
  344 -7.703990e-01
  345 -7.655436e-01
  346 -7.666518e-01
  347 -7.735761e-01
  348 -7.855954e-01
  349 -8.014832e-01
  350 -8.196371e-01
  351 -8.382557e-01
  352 -8.555358e-01
  353 -8.698592e-01
  354 -8.799468e-01
  355 -8.849635e-01
  356 -8.845723e-01
  357 -8.789393e-01
  358 -8.686967e-01
  359 -8.548720e-01
  360 -8.387894e-01
  361 -8.219530e-01
  362 -8.059172e-01
  363 -7.921533e-01
  364 -7.819209e-01
  365 -7.761512e-01
  366 -7.753560e-01
  367 -7.795701e-01
  368 -7.883409e-01
  369 -8.007685e-01
  370 -8.155988e-01
  371 -8.313585e-01
  372 -8.465136e-01
  373 -8.596296e-01
  374 -8.695115e-01
  375 -8.753091e-01
  376 -8.765802e-01
  377 -8.733123e-01
  378 -8.659055e-01
  379 -8.551222e-01
  380 -8.420112e-01
  381 -8.278115e-01
  382 -8.138433e-01
  383 -8.013935e-01
  384 -7.916024e-01
  385 -7.853607e-01
  386 -7.832244e-01
  387 -7.853579e-01
  388 -7.915134e-01
  389 -8.010525e-01
  390 -8.130099e-01
  391 -8.261960e-01
  392 -8.393228e-01
  393 -8.511380e-01
  394 -8.605493e-01
  395 -8.667249e-01
  396 -8.691614e-01
  397 -8.677161e-01
  398 -8.626061e-01
  399 -8.543755e-01
  400 8.249115e-01
  401 -2.575215e-02
  402 2.377407e-02
  403 7.237637e-02
  404 1.190348e-01
  405 -3.714689e-01
  406 -6.095538e-01
  407 -7.770894e-01
  408 -9.078679e-01
  409    -1
  410    -1
  411 -9.994631e-01
  412 -9.549174e-01
  413 -8.741714e-01
  414 -7.647511e-01
  415 -6.403532e-01
  416 -5.109177e-01
  417 -3.853443e-01
  418 -2.748483e-01
  419 -1.903517e-01
  420 -1.414413e-01
  421 -1.358073e-01
  422 -1.779357e-01
  423 -2.645488e-01
  424 -3.808105e-01
  425 -5.046799e-01
  426 -6.169686e-01
  427 -7.065987e-01
  428 -7.689050e-01
  429 -8.021622e-01
  430 -8.062756e-01
  431 -7.830713e-01
  432 -7.363097e-01
  433 -6.712207e-01
  434 -5.940588e-01
  435 -5.117849e-01
  436 -4.317188e-01
  437 -3.611145e-01
  438 -3.067061e-01
  439 -2.742131e-01
  440 -2.676815e-01
  441 -2.885057e-01
  442 -3.342731e-01
  443 -3.982817e-01
  444 -4.707778e-01
  445 -5.416224e-01
  446 -6.026538e-01
  447 -6.485304e-01
  448 -6.764002e-01
  449 -6.853404e-01
  450 -6.760209e-01
  451 -6.504934e-01
  452 -6.119505e-01
  453 -5.644436e-01
  454 -5.125891e-01
  455 -4.612656e-01
  456 -4.152862e-01
  457 -3.790459e-01
  458 -3.561363e-01
  459 -3.489206e-01
  460 -3.580878e-01
  461 -3.823007e-01
  462 -4.181731e-01
  463 -4.607751e-01
  464 -5.045874e-01
  465 -5.445163e-01
  466 -5.765785e-01
  467 -5.981558e-01
  468 -6.079667e-01
  469 -6.059332e-01
  470 -5.930216e-01
  471 -5.710663e-01
  472 -5.425714e-01
  473 -5.104928e-01
  474 -4.780053e-01
  475 -4.482563e-01
  476 -4.241093e-01
  477 -4.078814e-01
  478 -4.010887e-01
  479 -4.042299e-01
  480 -4.166590e-01
  481 -4.366210e-01
  482 -4.614897e-01
  483 -4.881807e-01
  484 -5.136246e-01
  485 -5.351715e-01
  486 -5.508501e-01
  487 -5.594787e-01
  488 -5.606697e-01
  489 -5.547682e-01
  490 -5.427506e-01
  491 -5.260946e-01
  492 -5.066287e-01
  493 -4.863665e-01
  494 -4.673320e-01
  495 -4.513814e-01
  496 -4.400308e-01
  497 -4.343016e-01
  498 -4.346025e-01
  499 -4.406731e-01
  500 -4.516099e-01
  501 -4.659867e-01
  502 -4.820544e-01
  503 -4.979801e-01
  504 -5.120765e-01
  505 -5.229822e-01
  506 -5.297742e-01
  507 -5.320149e-01
  508 -5.297464e-01
  509 -5.234444e-01
  510 -5.139428e-01
  511 -5.023373e-01
  512 -4.898752e-01
  513 -4.778368e-01
  514 -4.674164e-01
  515 -4.596093e-01
  516 -4.551151e-01
  517 -4.542670e-01
  518 -4.569993e-01
  519 -4.628603e-01
  520 -4.710743e-01
  521 -4.806446e-01
  522 -4.904808e-01
  523 -4.995304e-01
  524 -5.068927e-01
  525 -5.119034e-01
  526 -5.141833e-01
  527 -5.136532e-01
  528 -5.105179e-01
  529 -5.052280e-01
  530 -4.984216e-01
  531 -4.908550e-01
  532 -4.833259e-01
  533 -4.765952e-01
  534 -4.713141e-01
  535 -4.679615e-01
  536 -4.667986e-01
  537 -4.678472e-01
  538 -4.708937e-01
  539 -4.755205e-01
  540 -4.811609e-01
  541 -4.871691e-01
  542 -4.928962e-01
  543 -4.977607e-01
  544 -5.013059e-01
  545 -5.032387e-01
  546 -5.034478e-01
  547 -5.020026e-01
  548 -4.991351e-01
  549 -4.952071e-01
  550 -4.906687e-01
  551 -4.860097e-01
  552 -4.817100e-01
  553 -4.781923e-01
  554 -4.757813e-01
  555 -4.746742e-01
  556 -4.749241e-01
  557 -4.764397e-01
  558 -4.790009e-01
  559 -4.822879e-01
  560 -4.859205e-01
  561 -4.895023e-01
  562 -4.926638e-01
  563 -4.950999e-01
  564 -4.965976e-01
  565 -4.970519e-01
  566 -4.964705e-01
  567 -4.949654e-01
  568 -4.927366e-01
  569 -4.900471e-01
  570 -4.871937e-01
  571 -4.844759e-01
  572 -4.821653e-01
  573 -4.804796e-01
  574 -4.795625e-01
  575 -4.794715e-01
  576 -4.801757e-01
  577 -4.815627e-01
  578 -4.834543e-01
  579 -4.856285e-01
  580 -4.878451e-01
  581 -4.898722e-01
  582 -4.915098e-01
  583 -4.926092e-01
  584 -4.930847e-01
  585 -4.929193e-01
  586 -4.921626e-01
  587 -4.909216e-01
  588 -4.893475e-01
  589 -4.876177e-01
  590 -4.859171e-01
  591 -4.844186e-01
  592 -4.832662e-01
  593 -4.825617e-01
  594 -4.823557e-01
  595 -4.826449e-01
  596 -4.833748e-01
  597 -4.844478e-01
  598 -4.857354e-01
  599 -4.870935e-01
  600 6.908720e-01
  601 8.029013e-02
  602 1.060122e-01
  603 1.321030e-01
  604 1.585858e-01
  605 -1.885335e-02
  606 -1.201964e-01
  607 -1.788841e-01
  608 -2.196448e-01
  609 -2.465921e-01
  610 -2.628605e-01
  611 -2.629824e-01
  612 -2.517461e-01
  613 -2.328120e-01
  614 -2.088970e-01
  615 -1.824170e-01
  616 -1.561879e-01
  617 -1.328668e-01
  618 -1.143139e-01
  619 -1.015558e-01
  620 -9.478396e-02
  621 -9.335723e-02
  622 -9.596737e-02
  623 -1.009940e-01
  624 -1.068676e-01
  625 -1.123140e-01
  626 -1.164597e-01
  627 -1.188301e-01
  628 -1.192886e-01
  629 -1.179539e-01
  630 -1.151188e-01
  631 -1.111759e-01
  632 -1.065528e-01
  633 -1.016586e-01
  634 -9.684294e-02
  635 -9.236896e-02
  636 -8.840159e-02
  637 -8.500941e-02
  638 -8.217831e-02
  639 -7.983284e-02
  640 -7.786082e-02
  641 -7.613687e-02
  642 -7.454177e-02
  643 -7.297581e-02
  644 -7.136605e-02
  645 -6.966804e-02
  646 -6.786351e-02
  647 -6.595536e-02
  648 -6.396144e-02
  649 -6.190822e-02
  650 -5.982514e-02
  651 -5.774011e-02
  652 -5.567651e-02
  653 -5.365150e-02
  654 -5.167560e-02
  655 -4.975324e-02
  656 -4.788386e-02
  657 -4.606339e-02
  658 -4.428569e-02
  659 -4.254388e-02
  660 -4.083135e-02
  661 -3.914247e-02
  662 -3.747292e-02
  663 -3.581983e-02
  664 -3.418162e-02
  665 -3.255779e-02
  666 -3.094858e-02
  667 -2.935472e-02
  668 -2.777709e-02
  669 -2.621658e-02
  670 -2.467390e-02
  671 -2.314953e-02
  672 -2.164366e-02
  673 -2.015627e-02
  674 -1.868714e-02
  675 -1.723588e-02
  676 -1.580205e-02
  677 -1.438515e-02
  678 -1.298470e-02
  679 -1.160024e-02
  680 -1.023137e-02
  681 -8.877725e-03
  682 -7.539007e-03
  683 -6.214948e-03
  684 -4.905313e-03
  685 -3.609892e-03
  686 -2.328486e-03
  687 -1.060904e-03
  688 1.930437e-04
  689 1.433550e-03
  690 2.660808e-03
  691 3.875015e-03
  692 5.076370e-03
  693 6.265071e-03
  694 7.441316e-03
  695 8.605300e-03
  696 9.757217e-03
  697 1.089725e-02
  698 1.202559e-02
  699 1.314242e-02
  700 1.424790e-02
  701 1.534220e-02
  702 1.642551e-02
  703 1.749796e-02
  704 1.855974e-02
  705 1.961099e-02
  706 2.065186e-02
  707 2.168251e-02
  708 2.270308e-02
  709 2.371372e-02
  710 2.471456e-02
  711 2.570576e-02
  712 2.668744e-02
  713 2.765974e-02
  714 2.862279e-02
  715 2.957673e-02
  716 3.052167e-02
  717 3.145775e-02
  718 3.238508e-02
  719 3.330378e-02
  720 3.421398e-02
  721 3.511579e-02
  722 3.600932e-02
  723 3.689468e-02
  724 3.777198e-02
  725 3.864134e-02
  726 3.950286e-02
  727 4.035663e-02
  728 4.120277e-02
  729 4.204137e-02
  730 4.287253e-02
  731 4.369634e-02
  732 4.451291e-02
  733 4.532233e-02
  734 4.612468e-02
  735 4.692006e-02
  736 4.770856e-02
  737 4.849026e-02
  738 4.926525e-02
  739 5.003362e-02
  740 5.079544e-02
  741 5.155079e-02
  742 5.229977e-02
  743 5.304243e-02
  744 5.377888e-02
  745 5.450917e-02
  746 5.523339e-02
  747 5.595160e-02
  748 5.666388e-02
  749 5.737031e-02
  750 5.807095e-02
  751 5.876586e-02
  752 5.945513e-02
  753 6.013881e-02
  754 6.081697e-02
  755 6.148967e-02
  756 6.215699e-02
  757 6.281897e-02
  758 6.347569e-02
  759 6.412720e-02
  760 6.477357e-02
  761 6.541484e-02
  762 6.605109e-02
  763 6.668237e-02
  764 6.730872e-02
  765 6.793022e-02
  766 6.854690e-02
  767 6.915884e-02
  768 6.976607e-02
  769 7.036865e-02
  770 7.096664e-02
  771 7.156008e-02
  772 7.214902e-02
  773 7.273351e-02
  774 7.331360e-02
  775 7.388933e-02
  776 7.446077e-02
  777 7.502794e-02
  778 7.559089e-02
  779 7.614968e-02
  780 7.670434e-02
  781 7.725491e-02
  782 7.780145e-02
  783 7.834399e-02
  784 7.888258e-02
  785 7.941725e-02
  786 7.994805e-02
  787 8.047501e-02
  788 8.099818e-02
  789 8.151759e-02
  790 8.203328e-02
  791 8.254530e-02
  792 8.305367e-02
  793 8.355844e-02
  794 8.405963e-02
  795 8.455730e-02
  796 8.505146e-02
  797 8.554216e-02
  798 8.602943e-02
  799 8.651331e-02
  800 8.699382e-02
