    1 3.400000e-01
    2 3.400000e-01
    3 3.400000e-01
    4 3.400000e-01
    5 3.400000e-01
    6 3.400000e-01
    7 4.891444e-01
    8 5.022256e-01
    9 5.371136e-01
   10 5.719195e-01
   11 6.067006e-01
   12 6.577135e-01
   13 6.902092e-01
   14 7.198476e-01
   15 7.462084e-01
   16 7.698897e-01
   17 7.926352e-01
   18 8.112243e-01
   19 8.271102e-01
   20 8.406705e-01
   21 8.522651e-01
   22 8.622627e-01
   23 8.705963e-01
   24 8.775509e-01
   25 8.833391e-01
   26 8.881463e-01
   27 8.921323e-01
   28 8.954043e-01
   29 8.980796e-01
   30 9.002586e-01
   31 9.020268e-01
   32 9.034560e-01
   33 9.046044e-01
   34 9.055224e-01
   35 9.062525e-01
   36 9.068300e-01
   37 9.072841e-01
   38 9.076386e-01
   39 9.079132e-01
   40 9.081241e-01
   41 9.082844e-01
   42 9.084049e-01
   43 9.084941e-01
   44 9.085590e-01
   45 9.086050e-01
   46 9.086367e-01
   47 9.086574e-01
   48 9.086700e-01
   49 9.086766e-01
   50 9.086788e-01
   51 9.086779e-01
   52 9.086750e-01
   53 9.086707e-01
   54 9.086657e-01
   55 9.086603e-01
   56 9.086547e-01
   57 9.086493e-01
   58 9.086442e-01
   59 9.086393e-01
   60 9.086349e-01
   61 9.086308e-01
   62 9.086272e-01
   63 9.086239e-01
   64 9.086210e-01
   65 9.086185e-01
   66 9.086162e-01
   67 9.086143e-01
   68 9.086126e-01
   69 9.086111e-01
   70 9.086099e-01
   71 9.086088e-01
   72 9.086079e-01
   73 9.086071e-01
   74 9.086065e-01
   75 9.086059e-01
   76 9.086054e-01
   77 9.086050e-01
   78 9.086047e-01
   79 9.086044e-01
   80 9.086042e-01
   81 9.086040e-01
   82 9.086038e-01
   83 9.086037e-01
   84 9.086036e-01
   85 9.086035e-01
   86 9.086034e-01
   87 9.086033e-01
   88 9.086033e-01
   89 9.086033e-01
   90 9.086032e-01
   91 9.086032e-01
   92 9.086032e-01
   93 9.086031e-01
   94 9.086031e-01
   95 9.086031e-01
   96 9.086031e-01
   97 9.086031e-01
   98 9.086031e-01
   99 9.086031e-01
  100 9.086031e-01
  101 9.086031e-01
  102 9.086031e-01
  103 9.086031e-01
  104 9.086031e-01
  105 9.086031e-01
  106 9.086031e-01
  107 9.086031e-01
  108 9.086031e-01
  109 9.086031e-01
  110 9.086031e-01
  111 9.086031e-01
  112 9.086031e-01
  113 9.086031e-01
  114 9.086031e-01
  115 9.086031e-01
  116 9.086031e-01
  117 9.086031e-01
  118 9.086031e-01
  119 9.086031e-01
  120 9.086031e-01
  121 9.086031e-01
  122 9.086031e-01
  123 9.086031e-01
  124 9.086031e-01
  125 9.086031e-01
  126 9.086031e-01
  127 9.086031e-01
  128 9.086031e-01
  129 9.086031e-01
  130 9.086031e-01
  131 9.086031e-01
  132 9.086031e-01
  133 9.086031e-01
  134 9.086031e-01
  135 9.086031e-01
  136 9.086031e-01
  137 9.086031e-01
  138 9.086031e-01
  139 9.086031e-01
  140 9.086031e-01
  141 9.086031e-01
  142 9.086031e-01
  143 9.086031e-01
  144 9.086031e-01
  145 9.086031e-01
  146 9.086031e-01
  147 9.086031e-01
  148 9.086031e-01
  149 9.086031e-01
  150 9.086031e-01
  151 9.086031e-01
  152 9.086031e-01
  153 9.086031e-01
  154 9.086031e-01
  155 9.086031e-01
  156 9.086031e-01
  157 9.086031e-01
  158 9.086031e-01
  159 9.086031e-01
  160 9.086031e-01
  161 9.086031e-01
  162 9.086031e-01
  163 9.086031e-01
  164 9.086031e-01
  165 9.086031e-01
  166 9.086031e-01
  167 9.086031e-01
  168 9.086031e-01
  169 9.086031e-01
  170 9.086031e-01
  171 9.086031e-01
  172 9.086031e-01
  173 9.086031e-01
  174 9.086031e-01
  175 9.086031e-01
  176 9.086031e-01
  177 9.086031e-01
  178 9.086031e-01
  179 9.086031e-01
  180 9.086031e-01
  181 9.086031e-01
  182 9.086031e-01
  183 9.086031e-01
  184 9.086031e-01
  185 9.086031e-01
  186 9.086031e-01
  187 9.086031e-01
  188 9.086031e-01
  189 9.086031e-01
  190 9.086031e-01
  191 9.086031e-01
  192 9.086031e-01
  193 9.086031e-01
  194 9.086031e-01
  195 9.086031e-01
  196 9.086031e-01
  197 9.086031e-01
  198 9.086031e-01
  199 9.086031e-01
  200 9.086031e-01
  201 9.086031e-01
  202 9.086031e-01
  203 9.086031e-01
  204 9.086031e-01
  205 9.086031e-01
  206 9.086031e-01
  207 9.086031e-01
  208 9.086031e-01
  209 9.086031e-01
  210 9.086031e-01
  211 9.086031e-01
  212 9.086031e-01
  213 9.086031e-01
  214 9.086031e-01
  215 9.086031e-01
  216 9.086031e-01
  217 9.086031e-01
  218 9.086031e-01
  219 9.086031e-01
  220 9.086031e-01
  221 9.086031e-01
  222 9.086031e-01
  223 9.086031e-01
  224 9.086031e-01
  225 9.086031e-01
  226 9.086031e-01
  227 9.086031e-01
  228 9.086031e-01
  229 9.086031e-01
  230 9.086031e-01
  231 9.086031e-01
  232 9.086031e-01
  233 9.086031e-01
  234 9.086031e-01
  235 9.086031e-01
  236 9.086031e-01
  237 9.086031e-01
  238 9.086031e-01
  239 9.086031e-01
  240 9.086031e-01
  241 9.086031e-01
  242 9.086031e-01
  243 9.086031e-01
  244 9.086031e-01
  245 9.086031e-01
  246 9.086031e-01
  247 9.086031e-01
  248 9.086031e-01
  249 9.086031e-01
  250 9.086031e-01
  251 9.086031e-01
  252 9.086031e-01
  253 9.086031e-01
  254 9.086031e-01
  255 9.086031e-01
  256 9.086031e-01
  257 9.086031e-01
  258 9.086031e-01
  259 9.086031e-01
  260 9.086031e-01
  261 9.086031e-01
  262 9.086031e-01
  263 9.086031e-01
  264 9.086031e-01
  265 9.086031e-01
  266 9.086031e-01
  267 9.086031e-01
  268 9.086031e-01
  269 9.086031e-01
  270 9.086031e-01
  271 9.086031e-01
  272 9.086031e-01
  273 9.086031e-01
  274 9.086031e-01
  275 9.086031e-01
  276 9.086031e-01
  277 9.086031e-01
  278 9.086031e-01
  279 9.086031e-01
  280 9.086031e-01
  281 9.086031e-01
  282 9.086031e-01
  283 9.086031e-01
  284 9.086031e-01
  285 9.086031e-01
  286 9.086031e-01
  287 9.086031e-01
  288 9.086031e-01
  289 9.086031e-01
  290 9.086031e-01
  291 9.086031e-01
  292 9.086031e-01
  293 9.086031e-01
  294 9.086031e-01
  295 9.086031e-01
  296 9.086031e-01
  297 9.086031e-01
  298 9.086031e-01
  299 9.086031e-01
  300 9.086031e-01
