    1    -1
    2    -1
    3    -1
    4    -1
    5    -1
    6    -1
    7    -1
    8    -1
    9    -1
   10    -1
   11    -1
   12    -1
   13    -1
   14    -1
   15    -1
   16    -1
   17    -1
   18    -1
   19    -1
   20    -1
   21    -1
   22    -1
   23    -1
   24    -1
   25    -1
   26    -1
   27    -1
   28    -1
   29    -1
   30    -1
   31    -1
   32    -1
   33    -1
   34    -1
   35    -1
   36    -1
   37    -1
   38    -1
   39    -1
   40    -1
   41    -1
   42    -1
   43    -1
   44    -1
   45    -1
   46    -1
   47    -1
   48    -1
   49    -1
   50    -1
   51    -1
   52    -1
   53    -1
   54    -1
   55    -1
   56    -1
   57    -1
   58    -1
   59    -1
   60    -1
   61    -1
   62    -1
   63    -1
   64    -1
   65    -1
   66    -1
   67    -1
   68    -1
   69    -1
   70    -1
   71    -1
   72    -1
   73    -1
   74    -1
   75    -1
   76    -1
   77    -1
   78    -1
   79    -1
   80    -1
   81    -1
   82    -1
   83    -1
   84    -1
   85    -1
   86    -1
   87    -1
   88    -1
   89    -1
   90    -1
   91    -1
   92    -1
   93    -1
   94    -1
   95    -1
   96    -1
   97    -1
   98    -1
   99    -1
  100    -1
  101    -1
  102    -1
  103    -1
  104    -1
  105    -1
  106    -1
  107    -1
  108    -1
  109    -1
  110    -1
  111    -1
  112    -1
  113    -1
  114    -1
  115    -1
  116    -1
  117    -1
  118    -1
  119    -1
  120    -1
  121    -1
  122    -1
  123    -1
  124    -1
  125    -1
  126    -1
  127    -1
  128    -1
  129    -1
  130    -1
  131    -1
  132    -1
  133    -1
  134    -1
  135    -1
  136    -1
  137    -1
  138    -1
  139    -1
  140    -1
  141    -1
  142    -1
  143    -1
  144    -1
  145    -1
  146    -1
  147    -1
  148    -1
  149    -1
  150    -1
  151    -1
  152    -1
  153    -1
  154    -1
  155    -1
  156    -1
  157    -1
  158    -1
  159    -1
  160    -1
  161    -1
  162    -1
  163    -1
  164    -1
  165    -1
  166    -1
  167    -1
  168    -1
  169    -1
  170    -1
  171    -1
  172    -1
  173    -1
  174    -1
  175    -1
  176    -1
  177    -1
  178    -1
  179    -1
  180    -1
  181    -1
  182    -1
  183    -1
  184    -1
  185    -1
  186    -1
  187    -1
  188    -1
  189    -1
  190    -1
  191    -1
  192    -1
  193    -1
  194    -1
  195    -1
  196    -1
  197    -1
  198    -1
  199    -1
  200 -2.500000e+00
  201 -2.500000e+00
  202 -2.500000e+00
  203 -2.500000e+00
  204 -2.500000e+00
  205 -2.500000e+00
  206 -2.500000e+00
  207 -2.500000e+00
  208 -2.500000e+00
  209 -2.500000e+00
  210 -2.500000e+00
  211 -2.500000e+00
  212 -2.500000e+00
  213 -2.500000e+00
  214 -2.500000e+00
  215 -2.500000e+00
  216 -2.500000e+00
  217 -2.500000e+00
  218 -2.500000e+00
  219 -2.500000e+00
  220 -2.500000e+00
  221 -2.500000e+00
  222 -2.500000e+00
  223 -2.500000e+00
  224 -2.500000e+00
  225 -2.500000e+00
  226 -2.500000e+00
  227 -2.500000e+00
  228 -2.500000e+00
  229 -2.500000e+00
  230 -2.500000e+00
  231 -2.500000e+00
  232 -2.500000e+00
  233 -2.500000e+00
  234 -2.500000e+00
  235 -2.500000e+00
  236 -2.500000e+00
  237 -2.500000e+00
  238 -2.500000e+00
  239 -2.500000e+00
  240 -2.500000e+00
  241 -2.500000e+00
  242 -2.500000e+00
  243 -2.500000e+00
  244 -2.500000e+00
  245 -2.500000e+00
  246 -2.500000e+00
  247 -2.500000e+00
  248 -2.500000e+00
  249 -2.500000e+00
  250 -2.500000e+00
  251 -2.500000e+00
  252 -2.500000e+00
  253 -2.500000e+00
  254 -2.500000e+00
  255 -2.500000e+00
  256 -2.500000e+00
  257 -2.500000e+00
  258 -2.500000e+00
  259 -2.500000e+00
  260 -2.500000e+00
  261 -2.500000e+00
  262 -2.500000e+00
  263 -2.500000e+00
  264 -2.500000e+00
  265 -2.500000e+00
  266 -2.500000e+00
  267 -2.500000e+00
  268 -2.500000e+00
  269 -2.500000e+00
  270 -2.500000e+00
  271 -2.500000e+00
  272 -2.500000e+00
  273 -2.500000e+00
  274 -2.500000e+00
  275 -2.500000e+00
  276 -2.500000e+00
  277 -2.500000e+00
  278 -2.500000e+00
  279 -2.500000e+00
  280 -2.500000e+00
  281 -2.500000e+00
  282 -2.500000e+00
  283 -2.500000e+00
  284 -2.500000e+00
  285 -2.500000e+00
  286 -2.500000e+00
  287 -2.500000e+00
  288 -2.500000e+00
  289 -2.500000e+00
  290 -2.500000e+00
  291 -2.500000e+00
  292 -2.500000e+00
  293 -2.500000e+00
  294 -2.500000e+00
  295 -2.500000e+00
  296 -2.500000e+00
  297 -2.500000e+00
  298 -2.500000e+00
  299 -2.500000e+00
  300 -2.500000e+00
  301 -2.500000e+00
  302 -2.500000e+00
  303 -2.500000e+00
  304 -2.500000e+00
  305 -2.500000e+00
  306 -2.500000e+00
  307 -2.500000e+00
  308 -2.500000e+00
  309 -2.500000e+00
  310 -2.500000e+00
  311 -2.500000e+00
  312 -2.500000e+00
  313 -2.500000e+00
  314 -2.500000e+00
  315 -2.500000e+00
  316 -2.500000e+00
  317 -2.500000e+00
  318 -2.500000e+00
  319 -2.500000e+00
  320 -2.500000e+00
  321 -2.500000e+00
  322 -2.500000e+00
  323 -2.500000e+00
  324 -2.500000e+00
  325 -2.500000e+00
  326 -2.500000e+00
  327 -2.500000e+00
  328 -2.500000e+00
  329 -2.500000e+00
  330 -2.500000e+00
  331 -2.500000e+00
  332 -2.500000e+00
  333 -2.500000e+00
  334 -2.500000e+00
  335 -2.500000e+00
  336 -2.500000e+00
  337 -2.500000e+00
  338 -2.500000e+00
  339 -2.500000e+00
  340 -2.500000e+00
  341 -2.500000e+00
  342 -2.500000e+00
  343 -2.500000e+00
  344 -2.500000e+00
  345 -2.500000e+00
  346 -2.500000e+00
  347 -2.500000e+00
  348 -2.500000e+00
  349 -2.500000e+00
  350 -2.500000e+00
  351 -2.500000e+00
  352 -2.500000e+00
  353 -2.500000e+00
  354 -2.500000e+00
  355 -2.500000e+00
  356 -2.500000e+00
  357 -2.500000e+00
  358 -2.500000e+00
  359 -2.500000e+00
  360 -2.500000e+00
  361 -2.500000e+00
  362 -2.500000e+00
  363 -2.500000e+00
  364 -2.500000e+00
  365 -2.500000e+00
  366 -2.500000e+00
  367 -2.500000e+00
  368 -2.500000e+00
  369 -2.500000e+00
  370 -2.500000e+00
  371 -2.500000e+00
  372 -2.500000e+00
  373 -2.500000e+00
  374 -2.500000e+00
  375 -2.500000e+00
  376 -2.500000e+00
  377 -2.500000e+00
  378 -2.500000e+00
  379 -2.500000e+00
  380 -2.500000e+00
  381 -2.500000e+00
  382 -2.500000e+00
  383 -2.500000e+00
  384 -2.500000e+00
  385 -2.500000e+00
  386 -2.500000e+00
  387 -2.500000e+00
  388 -2.500000e+00
  389 -2.500000e+00
  390 -2.500000e+00
  391 -2.500000e+00
  392 -2.500000e+00
  393 -2.500000e+00
  394 -2.500000e+00
  395 -2.500000e+00
  396 -2.500000e+00
  397 -2.500000e+00
  398 -2.500000e+00
  399 -2.500000e+00
  400    -1
  401    -1
  402    -1
  403    -1
  404    -1
  405    -1
  406    -1
  407    -1
  408    -1
  409    -1
  410    -1
  411    -1
  412    -1
  413    -1
  414    -1
  415    -1
  416    -1
  417    -1
  418    -1
  419    -1
  420    -1
  421    -1
  422    -1
  423    -1
  424    -1
  425    -1
  426    -1
  427    -1
  428    -1
  429    -1
  430    -1
  431    -1
  432    -1
  433    -1
  434    -1
  435    -1
  436    -1
  437    -1
  438    -1
  439    -1
  440    -1
  441    -1
  442    -1
  443    -1
  444    -1
  445    -1
  446    -1
  447    -1
  448    -1
  449    -1
  450    -1
  451    -1
  452    -1
  453    -1
  454    -1
  455    -1
  456    -1
  457    -1
  458    -1
  459    -1
  460    -1
  461    -1
  462    -1
  463    -1
  464    -1
  465    -1
  466    -1
  467    -1
  468    -1
  469    -1
  470    -1
  471    -1
  472    -1
  473    -1
  474    -1
  475    -1
  476    -1
  477    -1
  478    -1
  479    -1
  480    -1
  481    -1
  482    -1
  483    -1
  484    -1
  485    -1
  486    -1
  487    -1
  488    -1
  489    -1
  490    -1
  491    -1
  492    -1
  493    -1
  494    -1
  495    -1
  496    -1
  497    -1
  498    -1
  499    -1
  500    -1
  501    -1
  502    -1
  503    -1
  504    -1
  505    -1
  506    -1
  507    -1
  508    -1
  509    -1
  510    -1
  511    -1
  512    -1
  513    -1
  514    -1
  515    -1
  516    -1
  517    -1
  518    -1
  519    -1
  520    -1
  521    -1
  522    -1
  523    -1
  524    -1
  525    -1
  526    -1
  527    -1
  528    -1
  529    -1
  530    -1
  531    -1
  532    -1
  533    -1
  534    -1
  535    -1
  536    -1
  537    -1
  538    -1
  539    -1
  540    -1
  541    -1
  542    -1
  543    -1
  544    -1
  545    -1
  546    -1
  547    -1
  548    -1
  549    -1
  550    -1
  551    -1
  552    -1
  553    -1
  554    -1
  555    -1
  556    -1
  557    -1
  558    -1
  559    -1
  560    -1
  561    -1
  562    -1
  563    -1
  564    -1
  565    -1
  566    -1
  567    -1
  568    -1
  569    -1
  570    -1
  571    -1
  572    -1
  573    -1
  574    -1
  575    -1
  576    -1
  577    -1
  578    -1
  579    -1
  580    -1
  581    -1
  582    -1
  583    -1
  584    -1
  585    -1
  586    -1
  587    -1
  588    -1
  589    -1
  590    -1
  591    -1
  592    -1
  593    -1
  594    -1
  595    -1
  596    -1
  597    -1
  598    -1
  599    -1
  600 9.300000e-01
  601 9.300000e-01
  602 9.300000e-01
  603 9.300000e-01
  604 9.300000e-01
  605 9.300000e-01
  606 9.300000e-01
  607 9.300000e-01
  608 9.300000e-01
  609 9.300000e-01
  610 9.300000e-01
  611 9.300000e-01
  612 9.300000e-01
  613 9.300000e-01
  614 9.300000e-01
  615 9.300000e-01
  616 9.300000e-01
  617 9.300000e-01
  618 9.300000e-01
  619 9.300000e-01
  620 9.300000e-01
  621 9.300000e-01
  622 9.300000e-01
  623 9.300000e-01
  624 9.300000e-01
  625 9.300000e-01
  626 9.300000e-01
  627 9.300000e-01
  628 9.300000e-01
  629 9.300000e-01
  630 9.300000e-01
  631 9.300000e-01
  632 9.300000e-01
  633 9.300000e-01
  634 9.300000e-01
  635 9.300000e-01
  636 9.300000e-01
  637 9.300000e-01
  638 9.300000e-01
  639 9.300000e-01
  640 9.300000e-01
  641 9.300000e-01
  642 9.300000e-01
  643 9.300000e-01
  644 9.300000e-01
  645 9.300000e-01
  646 9.300000e-01
  647 9.300000e-01
  648 9.300000e-01
  649 9.300000e-01
  650 9.300000e-01
  651 9.300000e-01
  652 9.300000e-01
  653 9.300000e-01
  654 9.300000e-01
  655 9.300000e-01
  656 9.300000e-01
  657 9.300000e-01
  658 9.300000e-01
  659 9.300000e-01
  660 9.300000e-01
  661 9.300000e-01
  662 9.300000e-01
  663 9.300000e-01
  664 9.300000e-01
  665 9.300000e-01
  666 9.300000e-01
  667 9.300000e-01
  668 9.300000e-01
  669 9.300000e-01
  670 9.300000e-01
  671 9.300000e-01
  672 9.300000e-01
  673 9.300000e-01
  674 9.300000e-01
  675 9.300000e-01
  676 9.300000e-01
  677 9.300000e-01
  678 9.300000e-01
  679 9.300000e-01
  680 9.300000e-01
  681 9.300000e-01
  682 9.300000e-01
  683 9.300000e-01
  684 9.300000e-01
  685 9.300000e-01
  686 9.300000e-01
  687 9.300000e-01
  688 9.300000e-01
  689 9.300000e-01
  690 9.300000e-01
  691 9.300000e-01
  692 9.300000e-01
  693 9.300000e-01
  694 9.300000e-01
  695 9.300000e-01
  696 9.300000e-01
  697 9.300000e-01
  698 9.300000e-01
  699 9.300000e-01
  700 9.300000e-01
  701 9.300000e-01
  702 9.300000e-01
  703 9.300000e-01
  704 9.300000e-01
  705 9.300000e-01
  706 9.300000e-01
  707 9.300000e-01
  708 9.300000e-01
  709 9.300000e-01
  710 9.300000e-01
  711 9.300000e-01
  712 9.300000e-01
  713 9.300000e-01
  714 9.300000e-01
  715 9.300000e-01
  716 9.300000e-01
  717 9.300000e-01
  718 9.300000e-01
  719 9.300000e-01
  720 9.300000e-01
  721 9.300000e-01
  722 9.300000e-01
  723 9.300000e-01
  724 9.300000e-01
  725 9.300000e-01
  726 9.300000e-01
  727 9.300000e-01
  728 9.300000e-01
  729 9.300000e-01
  730 9.300000e-01
  731 9.300000e-01
  732 9.300000e-01
  733 9.300000e-01
  734 9.300000e-01
  735 9.300000e-01
  736 9.300000e-01
  737 9.300000e-01
  738 9.300000e-01
  739 9.300000e-01
  740 9.300000e-01
  741 9.300000e-01
  742 9.300000e-01
  743 9.300000e-01
  744 9.300000e-01
  745 9.300000e-01
  746 9.300000e-01
  747 9.300000e-01
  748 9.300000e-01
  749 9.300000e-01
  750 9.300000e-01
  751 9.300000e-01
  752 9.300000e-01
  753 9.300000e-01
  754 9.300000e-01
  755 9.300000e-01
  756 9.300000e-01
  757 9.300000e-01
  758 9.300000e-01
  759 9.300000e-01
  760 9.300000e-01
  761 9.300000e-01
  762 9.300000e-01
  763 9.300000e-01
  764 9.300000e-01
  765 9.300000e-01
  766 9.300000e-01
  767 9.300000e-01
  768 9.300000e-01
  769 9.300000e-01
  770 9.300000e-01
  771 9.300000e-01
  772 9.300000e-01
  773 9.300000e-01
  774 9.300000e-01
  775 9.300000e-01
  776 9.300000e-01
  777 9.300000e-01
  778 9.300000e-01
  779 9.300000e-01
  780 9.300000e-01
  781 9.300000e-01
  782 9.300000e-01
  783 9.300000e-01
  784 9.300000e-01
  785 9.300000e-01
  786 9.300000e-01
  787 9.300000e-01
  788 9.300000e-01
  789 9.300000e-01
  790 9.300000e-01
  791 9.300000e-01
  792 9.300000e-01
  793 9.300000e-01
  794 9.300000e-01
  795 9.300000e-01
  796 9.300000e-01
  797 9.300000e-01
  798 9.300000e-01
  799 9.300000e-01
  800 9.300000e-01
