    1     0
    2     0
    3     0
    4     0
    5     0
    6     0
    7     0
    8     0
    9     0
   10     0
   11     0
   12 -6.134919e-02
   13 -1.781403e-01
   14 -3.041420e-01
   15 -4.340658e-01
   16 -5.645364e-01
   17 -6.864607e-01
   18 -7.869332e-01
   19 -8.583396e-01
   20 -8.970813e-01
   21 -9.019080e-01
   22 -8.750009e-01
   23 -8.229803e-01
   24 -7.554656e-01
   25 -6.828630e-01
   26 -6.147185e-01
   27 -5.587200e-01
   28 -5.202220e-01
   29 -5.021933e-01
   30 -5.054071e-01
   31 -5.287185e-01
   32 -5.693795e-01
   33 -6.233876e-01
   34 -6.858664e-01
   35 -7.514648e-01
   36 -8.147694e-01
   37 -8.707231e-01
   38 -9.150409e-01
   39 -9.446035e-01
   40 -9.577900e-01
   41 -9.546907e-01
   42 -9.371258e-01
   43 -9.084168e-01
   44 -8.729220e-01
   45 -8.354292e-01
   46 -8.005422e-01
   47 -7.721769e-01
   48 -7.532281e-01
   49 -7.454058e-01
   50 -7.492119e-01
   51 -7.640212e-01
   52 -7.882373e-01
   53 -8.195012e-01
   54 -8.549347e-01
   55 -8.914059e-01
   56 -9.258029e-01
   57 -9.553039e-01
   58 -9.776273e-01
   59 -9.912424e-01
   60 -9.955175e-01
   61 -9.907793e-01
   62 -9.782639e-01
   63 -9.599576e-01
   64 -9.383438e-01
   65 -9.160990e-01
   66 -8.957866e-01
   67 -8.795938e-01
   68 -8.691387e-01
   69 -8.653604e-01
   70 -8.684861e-01
   71 -8.780670e-01
   72 -8.930672e-01
   73 -9.119936e-01
   74 -9.330538e-01
   75 -9.543296e-01
   76 -9.739547e-01
   77 -9.902844e-01
   78 -1.002045e+00
   79 -1.008447e+00
   80 -1.009256e+00
   81 -1.004803e+00
   82 -9.959324e-01
   83 -9.838967e-01
   84 -9.702056e-01
   85 -9.564534e-01
   86 -9.441468e-01
   87 -9.345570e-01
   88 -9.286074e-01
   89 -9.268071e-01
   90 -9.292308e-01
   91 -9.355394e-01
   92 -9.450374e-01
   93 -9.567571e-01
   94 -9.695614e-01
   95 -9.822569e-01
   96 -9.937075e-01
   97 -1.002940e+00
   98 -1.009231e+00
   99 -1.012172e+00
  100 -1.011699e+00
  101 -1.008088e+00
  102 -1.001915e+00
  103 -9.939839e-01
  104 -9.852363e-01
  105 -9.766451e-01
  106 -9.691154e-01
  107 -9.633971e-01
  108 -9.600194e-01
  109 -9.592524e-01
  110 -9.610965e-01
  111 -9.652974e-01
  112 -9.713847e-01
  113 -9.787272e-01
  114 -9.866003e-01
  115 -9.942586e-01
  116 -1.001008e+00
  117 -1.006271e+00
  118 -1.009636e+00
  119 -1.010896e+00
  120 -1.010056e+00
  121 -1.007331e+00
  122 -1.003110e+00
  123 -9.979140e-01
  124 -9.923335e-01
  125 -9.869688e-01
  126 -9.823677e-01
  127 -9.789743e-01
  128 -9.770903e-01
  129 -9.768540e-01
  130 -9.782350e-01
  131 -9.810464e-01
  132 -9.849708e-01
  133 -9.895968e-01
  134 -9.944630e-01
  135 -9.991046e-01
  136 -1.003098e+00
  137 -1.006101e+00
  138 -1.007882e+00
  139 -1.008338e+00
  140 -1.007502e+00
  141 -1.005531e+00
  142 -1.002688e+00
  143 -9.993087e-01
  144 -9.957658e-01
  145 -9.924303e-01
  146 -9.896343e-01
  147 -9.876401e-01
  148 -9.866180e-01
  149 -9.866347e-01
  150 -9.876515e-01
  151 -9.895340e-01
  152 -9.920689e-01
  153 -9.949894e-01
  154 -9.980026e-01
  155 -1.000819e+00
  156 -1.003183e+00
  157 -1.004890e+00
  158 -1.005812e+00
  159 -1.005903e+00
  160 -1.005199e+00
  161 -1.003813e+00
  162 -1.001921e+00
  163 -9.997395e-01
  164 -9.975030e-01
  165 -9.954409e-01
  166 -9.937539e-01
  167 -9.925963e-01
  168 -9.920629e-01
  169 -9.921825e-01
  170 -9.929187e-01
  171 -9.941761e-01
  172 -9.958130e-01
  173 -9.976567e-01
  174 -9.995221e-01
  175 -1.001230e+00
  176 -1.002625e+00
  177 -1.003589e+00
  178 -1.004050e+00
  179 -1.003991e+00
  180 -1.003444e+00
  181 -1.002489e+00
  182 -1.001243e+00
  183 -9.998437e-01
  184 -9.984400e-01
  185 -9.971726e-01
  186 -9.961628e-01
  187 -9.955006e-01
  188 -9.952374e-01
  189 -9.953834e-01
  190 -9.959079e-01
  191 -9.967446e-01
  192 -9.977996e-01
  193 -9.989620e-01
  194 -1.000115e+00
  195 -1.001149e+00
  196 -1.001969e+00
  197 -1.002507e+00
  198 -1.002725e+00
  199 -1.002618e+00
  200 -1.002213e+00
  201 -1.001565e+00
  202 -1.000750e+00
  203 -9.998589e-01
  204 -9.989826e-01
  205 -1.052206e+00
  206 -1.071596e+00
  207 -1.044782e+00
  208 -9.991290e-01
  209 -9.518606e-01
  210 -9.056558e-01
  211 -8.679593e-01
  212 -8.490107e-01
  213 -8.549525e-01
  214 -8.875915e-01
  215 -9.465967e-01
  216 -1.030033e+00
  217 -1.134003e+00
  218 -1.252889e+00
  219 -1.380011e+00
  220 -1.508180e+00
  221 -1.630127e+00
  222 -1.738989e+00
  223 -1.828840e+00
  224 -1.895205e+00
  225 -1.935504e+00
  226 -1.949405e+00
  227 -1.939007e+00
  228 -1.908747e+00
  229 -1.864961e+00
  230 -1.815125e+00
  231 -1.766948e+00
  232 -1.727493e+00
  233 -1.702501e+00
  234 -1.695964e+00
  235 -1.709936e+00
  236 -1.744524e+00
  237 -1.798033e+00
  238 -1.867200e+00
  239 -1.947521e+00
  240 -2.033627e+00
  241 -2.119701e+00
  242 -2.199918e+00
  243 -2.268882e+00
  244 -2.322067e+00
  245 -2.356211e+00
  246 -2.369662e+00
  247 -2.362607e+00
  248 -2.337143e+00
  249 -2.297131e+00
  250 -2.247816e+00
  251 -2.195238e+00
  252 -2.145557e+00
  253 -2.104394e+00
  254 -2.076296e+00
  255 -2.064383e+00
  256 -2.070171e+00
  257 -2.093545e+00
  258 -2.132871e+00
  259 -2.185195e+00
  260 -2.246527e+00
  261 -2.312178e+00
  262 -2.377127e+00
  263 -2.436412e+00
  264 -2.485519e+00
  265 -2.520758e+00
  266 -2.539597e+00
  267 -2.540932e+00
  268 -2.525243e+00
  269 -2.494613e+00
  270 -2.452556e+00
  271 -2.403668e+00
  272 -2.353127e+00
  273 -2.306141e+00
  274 -2.267403e+00
  275 -2.240662e+00
  276 -2.228425e+00
  277 -2.231805e+00
  278 -2.250508e+00
  279 -2.282924e+00
  280 -2.326314e+00
  281 -2.377064e+00
  282 -2.430991e+00
  283 -2.483673e+00
  284 -2.530799e+00
  285 -2.568519e+00
  286 -2.593769e+00
  287 -2.604552e+00
  288 -2.600154e+00
  289 -2.581251e+00
  290 -2.549888e+00
  291 -2.509297e+00
  292 -2.463578e+00
  293 -2.417259e+00
  294 -2.374825e+00
  295 -2.340265e+00
  296 -2.316715e+00
  297 -2.306203e+00
  298 -2.309533e+00
  299 -2.326272e+00
  300 -2.354841e+00
  301 -2.392692e+00
  302 -2.436532e+00
  303 -2.482605e+00
  304 -2.526994e+00
  305 -2.565938e+00
  306 -2.596134e+00
  307 -2.615028e+00
  308 -2.621050e+00
  309 -2.613785e+00
  310 -2.594041e+00
  311 -2.563802e+00
  312 -2.526045e+00
  313 -2.484443e+00
  314 -2.442981e+00
  315 -2.405547e+00
  316 -2.375553e+00
  317 -2.355629e+00
  318 -2.347416e+00
  319 -2.351468e+00
  320 -2.367250e+00
  321 -2.393231e+00
  322 -2.427038e+00
  323 -2.465670e+00
  324 -2.505757e+00
  325 -2.543826e+00
  326 -2.576593e+00
  327 -2.601226e+00
  328 -2.615604e+00
  329 -2.618507e+00
  330 -2.609753e+00
  331 -2.590235e+00
  332 -2.561856e+00
  333 -2.527352e+00
  334 -2.490012e+00
  335 -2.453350e+00
  336 -2.420742e+00
  337 -2.395109e+00
  338 -2.378655e+00
  339 -2.372700e+00
  340 -2.377596e+00
  341 -2.392737e+00
  342 -2.416647e+00
  343 -2.447125e+00
  344 -2.481442e+00
  345 -2.516576e+00
  346 -2.549456e+00
  347 -2.577215e+00
  348 -2.597438e+00
  349 -2.608368e+00
  350 -2.609077e+00
  351 -2.599563e+00
  352 -2.580768e+00
  353 -2.554500e+00
  354 -2.523263e+00
  355 -2.490002e+00
  356 -2.457809e+00
  357 -2.429617e+00
  358 -2.407925e+00
  359 -2.394575e+00
  360 -2.390616e+00
  361 -2.396238e+00
  362 -2.410788e+00
  363 -2.432854e+00
  364 -2.460403e+00
  365 -2.490959e+00
  366 -2.521817e+00
  367 -2.550265e+00
  368 -2.573815e+00
  369 -2.590407e+00
  370 -2.598600e+00
  371 -2.597705e+00
  372 -2.587860e+00
  373 -2.570027e+00
  374 -2.545910e+00
  375 -2.517790e+00
  376 -2.488299e+00
  377 -2.460158e+00
  378 -2.435909e+00
  379 -2.417686e+00
  380 -2.407022e+00
  381 -2.404741e+00
  382 -2.410902e+00
  383 -2.424825e+00
  384 -2.445169e+00
  385 -2.470061e+00
  386 -2.497260e+00
  387 -2.524353e+00
  388 -2.548953e+00
  389 -2.568901e+00
  390 -2.582453e+00
  391 -2.588436e+00
  392 -2.586356e+00
  393 -2.576456e+00
  394 -2.559698e+00
  395 -2.537676e+00
  396 -2.512461e+00
  397 -2.486400e+00
  398 -2.461881e+00
  399 -2.441108e+00
  400 -2.425897e+00
  401 -2.417519e+00
  402 -2.416606e+00
  403 -2.423118e+00
  404 -2.436360e+00
  405 -2.004399e+00
  406 -1.553076e+00
  407 -1.156010e+00
  408 -8.249288e-01
  409 -5.616743e-01
  410 -3.778978e-01
  411 -2.887995e-01
  412 -2.896541e-01
  413 -3.703642e-01
  414 -5.185487e-01
  415 -7.168876e-01
  416 -9.449916e-01
  417 -1.183080e+00
  418 -1.411510e+00
  419 -1.610600e+00
  420 -1.761678e+00
  421 -1.848313e+00
  422 -1.857657e+00
  423 -1.783562e+00
  424 -1.632217e+00
  425 -1.425391e+00
  426 -1.195087e+00
  427 -9.728264e-01
  428 -7.822270e-01
  429 -6.379135e-01
  430 -5.476045e-01
  431 -5.138074e-01
  432 -5.345469e-01
  433 -6.039719e-01
  434 -7.131342e-01
  435 -8.507810e-01
  436 -1.004089e+00
  437 -1.159400e+00
  438 -1.302994e+00
  439 -1.421880e+00
  440 -1.504624e+00
  441 -1.542341e+00
  442 -1.530033e+00
  443 -1.468268e+00
  444 -1.364453e+00
  445 -1.232326e+00
  446 -1.089154e+00
  447 -9.519568e-01
  448 -8.346720e-01
  449 -7.470204e-01
  450 -6.945456e-01
  451 -6.790548e-01
  452 -6.991069e-01
  453 -7.505219e-01
  454 -8.269339e-01
  455 -9.203687e-01
  456 -1.021837e+00
  457 -1.121941e+00
  458 -1.211499e+00
  459 -1.282199e+00
  460 -1.327277e+00
  461 -1.342256e+00
  462 -1.325680e+00
  463 -1.279677e+00
  464 -1.209994e+00
  465 -1.125251e+00
  466 -1.035498e+00
  467 -9.505722e-01
  468 -8.787912e-01
  469 -8.262147e-01
  470 -7.964037e-01
  471 -7.904873e-01
  472 -8.073931e-01
  473 -8.441717e-01
  474 -8.963807e-01
  475 -9.585097e-01
  476 -1.024432e+00
  477 -1.087871e+00
  478 -1.142885e+00
  479 -1.184348e+00
  480 -1.208423e+00
  481 -1.212991e+00
  482 -1.197975e+00
  483 -1.165446e+00
  484 -1.119415e+00
  485 -1.065298e+00
  486 -1.009143e+00
  487 -9.568073e-01
  488 -9.132863e-01
  489 -8.822628e-01
  490 -8.658970e-01
  491 -8.648014e-01
  492 -8.781487e-01
  493 -9.038708e-01
  494 -9.389198e-01
  495 -9.795709e-01
  496 -1.021751e+00
  497 -1.061383e+00
  498 -1.094727e+00
  499 -1.118707e+00
  500 -1.131210e+00
  501 -1.131300e+00
  502 -1.119341e+00
  503 -1.096962e+00
  504 -1.066861e+00
  505 -1.032452e+00
  506 -9.974359e-01
  507 -9.653528e-01
  508 -9.392077e-01
  509 -9.212040e-01
  510 -9.125992e-01
  511 -9.136716e-01
  512 -9.237762e-01
  513 -9.414713e-01
  514 -9.646943e-01
  515 -9.909722e-01
  516 -1.017652e+00
  517 -1.042139e+00
  518 -1.062128e+00
  519 -1.075811e+00
  520 -1.082045e+00
  521 -1.080466e+00
  522 -1.071512e+00
  523 -1.056369e+00
  524 -1.036818e+00
  525 -1.015021e+00
  526 -9.932618e-01
  527 -9.736926e-01
  528 -9.581203e-01
  529 -9.478460e-01
  530 -9.435759e-01
  531 -9.453972e-01
  532 -9.528135e-01
  533 -9.648273e-01
  534 -9.800589e-01
  535 -9.968895e-01
  536 -1.013618e+00
  537 -1.028618e+00
  538 -1.040489e+00
  539 -1.048182e+00
  540 -1.051096e+00
  541 -1.049124e+00
  542 -1.042657e+00
  543 -1.032524e+00
  544 -1.019893e+00
  545 -1.006132e+00
  546 -9.926558e-01
  547 -9.807777e-01
  548 -9.715799e-01
  549 -9.658212e-01
  550 -9.638834e-01
  551 -9.657579e-01
  552 -9.710709e-01
  553 -9.791385e-01
  554 -9.890470e-01
  555 -9.997484e-01
  556 -1.010164e+00
  557 -1.019287e+00
  558 -1.026275e+00
  559 -1.030527e+00
  560 -1.031735e+00
  561 -1.029904e+00
  562 -1.025342e+00
  563 -1.018619e+00
  564 -1.010494e+00
  565 -1.001835e+00
  566 -9.935189e-01
  567 -9.863447e-01
  568 -9.809587e-01
  569 -9.777976e-01
  570 -9.770585e-01
  571 -9.786931e-01
  572 -9.824262e-01
  573 -9.877935e-01
  574 -9.941950e-01
  575 -1.000958e+00
  576 -1.007405e+00
  577 -1.012918e+00
  578 -1.016994e+00
  579 -1.019293e+00
  580 -1.019665e+00
  581 -1.018155e+00
  582 -1.014993e+00
  583 -1.010563e+00
  584 -1.005359e+00
  585 -9.999284e-01
  586 -9.948148e-01
  587 -9.905043e-01
  588 -9.873799e-01
  589 -9.856893e-01
  590 -9.855278e-01
  591 -9.868372e-01
  592 -9.894191e-01
  593 -9.929613e-01
  594 -9.970726e-01
  595 -1.001325e+00
  596 -1.005294e+00
  597 -1.008604e+00
  598 -1.010958e+00
  599 -1.012166e+00
  600 -1.012159e+00
  601 -1.010991e+00
  602 -1.008828e+00
  603 -1.005927e+00
  604 -1.002607e+00
  605 -8.212937e-01
  606 -6.134695e-01
  607 -4.315030e-01
  608 -2.842200e-01
  609 -1.718334e-01
  610 -9.042993e-02
  611 -4.082256e-02
  612 -1.940097e-02
  613 -2.087093e-02
  614 -3.960878e-02
  615 -7.011218e-02
  616 -1.068367e-01
  617 -1.444023e-01
  618 -1.781378e-01
  619 -2.044601e-01
  620 -2.211175e-01
  621 -2.273272e-01
  622 -2.237405e-01
  623 -2.121629e-01
  624 -1.950896e-01
  625 -1.751948e-01
  626 -1.549043e-01
  627 -1.361249e-01
  628 -1.201337e-01
  629 -1.075919e-01
  630 -9.863187e-02
  631 -9.297826e-02
  632 -9.007826e-02
  633 -8.922555e-02
  634 -8.966948e-02
  635 -9.070393e-02
  636 -9.173266e-02
  637 -9.230948e-02
  638 -9.215384e-02
  639 -9.114451e-02
  640 -8.929608e-02
  641 -8.672450e-02
  642 -8.360839e-02
  643 -8.015205e-02
  644 -7.655446e-02
  645 -7.298694e-02
  646 -6.958001e-02
  647 -6.641859e-02
  648 -6.354400e-02
  649 -6.096053e-02
  650 -5.864469e-02
  651 -5.655511e-02
  652 -5.464197e-02
  653 -5.285479e-02
  654 -5.114825e-02
  655 -4.948581e-02
  656 -4.784137e-02
  657 -4.619915e-02
  658 -4.455253e-02
  659 -4.290206e-02
  660 -4.125319e-02
  661 -3.961411e-02
  662 -3.799387e-02
  663 -3.640090e-02
  664 -3.484212e-02
  665 -3.332242e-02
  666 -3.184457e-02
  667 -3.040941e-02
  668 -2.901619e-02
  669 -2.766307e-02
  670 -2.634749e-02
  671 -2.506665e-02
  672 -2.381778e-02
  673 -2.259836e-02
  674 -2.140625e-02
  675 -2.023974e-02
  676 -1.909754e-02
  677 -1.797869e-02
  678 -1.688253e-02
  679 -1.580856e-02
  680 -1.475643e-02
  681 -1.372581e-02
  682 -1.271637e-02
  683 -1.172777e-02
  684 -1.075963e-02
  685 -9.811492e-03
  686 -8.882893e-03
  687 -7.973325e-03
  688 -7.082262e-03
  689 -6.209179e-03
  690 -5.353554e-03
  691 -4.514881e-03
  692 -3.692672e-03
  693 -2.886465e-03
  694 -2.095819e-03
  695 -1.320317e-03
  696 -5.595608e-04
  697 1.868269e-04
  698 9.192087e-04
  699 1.637933e-03
  700 2.343337e-03
  701 3.035747e-03
  702 3.715480e-03
  703 4.382844e-03
  704 5.038139e-03
  705 5.681658e-03
  706 6.313686e-03
  707 6.934499e-03
  708 7.544367e-03
  709 8.143549e-03
  710 8.732301e-03
  711 9.310869e-03
  712 9.879491e-03
  713 1.043840e-02
  714 1.098782e-02
  715 1.152797e-02
  716 1.205906e-02
  717 1.258130e-02
  718 1.309489e-02
  719 1.360002e-02
  720 1.409689e-02
  721 1.458567e-02
  722 1.506654e-02
  723 1.553968e-02
  724 1.600527e-02
  725 1.646345e-02
  726 1.691440e-02
  727 1.735826e-02
  728 1.779519e-02
  729 1.822534e-02
  730 1.864886e-02
  731 1.906587e-02
  732 1.947652e-02
  733 1.988094e-02
  734 2.027926e-02
  735 2.067160e-02
  736 2.105809e-02
  737 2.143885e-02
  738 2.181399e-02
  739 2.218362e-02
  740 2.254787e-02
  741 2.290682e-02
  742 2.326060e-02
  743 2.360930e-02
  744 2.395302e-02
  745 2.429186e-02
  746 2.462591e-02
  747 2.495527e-02
  748 2.528003e-02
  749 2.560027e-02
  750 2.591608e-02
  751 2.622755e-02
  752 2.653476e-02
  753 2.683779e-02
  754 2.713671e-02
  755 2.743160e-02
  756 2.772254e-02
  757 2.800960e-02
  758 2.829285e-02
  759 2.857236e-02
  760 2.884820e-02
  761 2.912044e-02
  762 2.938913e-02
  763 2.965434e-02
  764 2.991614e-02
  765 3.017459e-02
  766 3.042974e-02
  767 3.068165e-02
  768 3.093038e-02
  769 3.117598e-02
  770 3.141851e-02
  771 3.165803e-02
  772 3.189457e-02
  773 3.212820e-02
  774 3.235896e-02
  775 3.258690e-02
  776 3.281207e-02
  777 3.303452e-02
  778 3.325428e-02
  779 3.347141e-02
  780 3.368595e-02
  781 3.389794e-02
  782 3.410743e-02
  783 3.431444e-02
  784 3.451903e-02
  785 3.472124e-02
  786 3.492109e-02
  787 3.511863e-02
  788 3.531390e-02
  789 3.550693e-02
  790 3.569776e-02
  791 3.588642e-02
  792 3.607294e-02
  793 3.625736e-02
  794 3.643972e-02
  795 3.662004e-02
  796 3.679835e-02
  797 3.697469e-02
  798 3.714908e-02
  799 3.732156e-02
  800 3.749216e-02
