    1     0
    2     0
    3     0
    4     0
    5     0
    6     0
    7     0
    8     0
    9     0
   10     0
   11     0
   12 -6.134919e-02
   13 -1.685624e-01
   14 -2.745200e-01
   15 -3.784107e-01
   16 -4.801071e-01
   17 -5.718654e-01
   18 -6.429993e-01
   19 -6.899992e-01
   20 -7.129140e-01
   21 -7.128965e-01
   22 -6.932470e-01
   23 -6.599956e-01
   24 -6.202793e-01
   25 -5.808581e-01
   26 -5.474808e-01
   27 -5.245441e-01
   28 -5.148316e-01
   29 -5.194685e-01
   30 -5.380763e-01
   31 -5.690057e-01
   32 -6.095969e-01
   33 -6.564727e-01
   34 -7.058626e-01
   35 -7.539375e-01
   36 -7.971381e-01
   37 -8.324867e-01
   38 -8.578595e-01
   39 -8.721936e-01
   40 -8.755887e-01
   41 -8.692770e-01
   42 -8.554457e-01
   43 -8.369358e-01
   44 -8.168674e-01
   45 -7.982597e-01
   46 -7.837074e-01
   47 -7.751471e-01
   48 -7.737275e-01
   49 -7.797745e-01
   50 -7.928359e-01
   51 -8.117882e-01
   52 -8.349897e-01
   53 -8.604628e-01
   54 -8.860934e-01
   55 -9.098327e-01
   56 -9.298891e-01
   57 -9.448939e-01
   58 -9.540276e-01
   59 -9.570903e-01
   60 -9.545052e-01
   61 -9.472521e-01
   62 -9.367375e-01
   63 -9.246186e-01
   64 -9.126077e-01
   65 -9.022845e-01
   66 -8.949389e-01
   67 -8.914598e-01
   68 -8.922760e-01
   69 -8.973482e-01
   70 -9.062054e-01
   71 -9.180190e-01
   72 -9.317038e-01
   73 -9.460352e-01
   74 -9.597742e-01
   75 -9.717882e-01
   76 -9.811589e-01
   77 -9.872665e-01
   78 -9.898426e-01
   79 -9.889858e-01
   80 -9.851378e-01
   81 -9.790220e-01
   82 -9.715541e-01
   83 -9.637349e-01
   84 -9.565396e-01
   85 -9.508179e-01
   86 -9.472137e-01
   87 -9.461134e-01
   88 -9.476225e-01
   89 -9.515736e-01
   90 -9.575590e-01
   91 -9.649844e-01
   92 -9.731370e-01
   93 -9.812621e-01
   94 -9.886387e-01
   95 -9.946506e-01
   96 -9.988434e-01
   97 -1.000965e+00
   98 -1.000982e+00
   99 -9.990756e-01
  100 -9.956133e-01
  101 -9.911012e-01
  102 -9.861254e-01
  103 -9.812864e-01
  104 -9.771362e-01
  105 -9.741241e-01
  106 -9.725568e-01
  107 -9.725755e-01
  108 -9.741511e-01
  109 -9.770969e-01
  110 -9.810960e-01
  111 -9.857392e-01
  112 -9.905705e-01
  113 -9.951354e-01
  114 -9.990256e-01
  115 -1.001919e+00
  116 -1.003606e+00
  117 -1.004012e+00
  118 -1.003192e+00
  119 -1.001322e+00
  120 -9.986792e-01
  121 -9.956017e-01
  122 -9.924555e-01
  123 -9.895931e-01
  124 -9.873193e-01
  125 -9.858616e-01
  126 -9.853517e-01
  127 -9.858176e-01
  128 -9.871859e-01
  129 -9.892947e-01
  130 -9.919147e-01
  131 -9.947752e-01
  132 -9.975935e-01
  133 -1.000104e+00
  134 -1.002085e+00
  135 -1.003376e+00
  136 -1.003897e+00
  137 -1.003646e+00
  138 -1.002702e+00
  139 -1.001209e+00
  140 -9.993600e-01
  141 -9.973741e-01
  142 -9.954728e-01
  143 -9.938575e-01
  144 -9.926898e-01
  145 -9.920768e-01
  146 -9.920637e-01
  147 -9.926320e-01
  148 -9.937048e-01
  149 -9.951575e-01
  150 -9.968329e-01
  151 -9.985583e-01
  152 -1.000164e+00
  153 -1.001501e+00
  154 -1.002453e+00
  155 -1.002950e+00
  156 -1.002970e+00
  157 -1.002539e+00
  158 -1.001732e+00
  159 -1.000653e+00
  160 -9.994332e-01
  161 -9.982076e-01
  162 -9.971070e-01
  163 -9.962423e-01
  164 -9.956944e-01
  165 -9.955079e-01
  166 -9.956883e-01
  167 -9.962034e-01
  168 -9.969883e-01
  169 -9.979540e-01
  170 -9.989972e-01
  171 -1.000012e+00
  172 -1.000899e+00
  173 -1.001579e+00
  174 -1.001995e+00
  175 -1.002121e+00
  176 -1.001961e+00
  177 -1.001547e+00
  178 -1.000938e+00
  179 -1.000207e+00
  180 -9.994374e-01
  181 -9.987109e-01
  182 -9.981019e-01
  183 -9.976686e-01
  184 -9.974484e-01
  185 -9.974551e-01
  186 -9.976787e-01
  187 -9.980875e-01
  188 -9.986327e-01
  189 -9.992537e-01
  190 -9.998852e-01
  191 -1.000464e+00
  192 -1.000936e+00
  193 -1.001258e+00
  194 -1.001408e+00
  195 -1.001379e+00
  196 -1.001184e+00
  197 -1.000853e+00
  198 -1.000426e+00
  199 -9.999537e-01
  200 -9.994865e-01
  201 -9.990729e-01
  202 -9.987531e-01
  203 -9.985560e-01
  204 -9.984964e-01
  205 -1.052388e+00
  206 -1.034896e+00
  207 -9.546028e-01
  208 -8.532380e-01
  209 -7.548222e-01
  210 -6.644896e-01
  211 -5.957628e-01
  212 -5.619448e-01
  213 -5.692285e-01
  214 -6.180867e-01
  215 -7.063844e-01
  216 -8.297699e-01
  217 -9.811925e-01
  218 -1.151473e+00
  219 -1.330276e+00
  220 -1.506833e+00
  221 -1.670511e+00
  222 -1.811489e+00
  223 -1.921525e+00
  224 -1.994695e+00
  225 -2.028107e+00
  226 -2.022535e+00
  227 -1.982761e+00
  228 -1.917314e+00
  229 -1.837414e+00
  230 -1.755338e+00
  231 -1.682702e+00
  232 -1.629143e+00
  233 -1.601566e+00
  234 -1.603859e+00
  235 -1.636922e+00
  236 -1.698892e+00
  237 -1.785507e+00
  238 -1.890577e+00
  239 -2.006531e+00
  240 -2.124998e+00
  241 -2.237417e+00
  242 -2.335654e+00
  243 -2.412631e+00
  244 -2.462926e+00
  245 -2.483351e+00
  246 -2.473416e+00
  247 -2.435606e+00
  248 -2.375311e+00
  249 -2.300301e+00
  250 -2.219762e+00
  251 -2.143115e+00
  252 -2.078878e+00
  253 -2.033825e+00
  254 -2.012473e+00
  255 -2.016885e+00
  256 -2.046712e+00
  257 -2.099392e+00
  258 -2.170496e+00
  259 -2.254156e+00
  260 -2.343557e+00
  261 -2.431466e+00
  262 -2.510775e+00
  263 -2.575052e+00
  264 -2.619077e+00
  265 -2.639339e+00
  266 -2.634455e+00
  267 -2.605438e+00
  268 -2.555735e+00
  269 -2.490948e+00
  270 -2.418210e+00
  271 -2.345326e+00
  272 -2.279840e+00
  273 -2.228221e+00
  274 -2.195277e+00
  275 -2.183832e+00
  276 -2.194624e+00
  277 -2.226388e+00
  278 -2.276081e+00
  279 -2.339212e+00
  280 -2.410248e+00
  281 -2.483065e+00
  282 -2.551428e+00
  283 -2.609477e+00
  284 -2.652207e+00
  285 -2.675920e+00
  286 -2.678606e+00
  287 -2.660219e+00
  288 -2.622779e+00
  289 -2.570243e+00
  290 -2.508105e+00
  291 -2.442774e+00
  292 -2.380827e+00
  293 -2.328274e+00
  294 -2.289971e+00
  295 -2.269215e+00
  296 -2.267548e+00
  297 -2.284733e+00
  298 -2.318880e+00
  299 -2.366685e+00
  300 -2.423749e+00
  301 -2.484959e+00
  302 -2.544904e+00
  303 -2.598308e+00
  304 -2.640455e+00
  305 -2.667600e+00
  306 -2.677329e+00
  307 -2.668828e+00
  308 -2.643032e+00
  309 -2.602588e+00
  310 -2.551620e+00
  311 -2.495282e+00
  312 -2.439179e+00
  313 -2.388745e+00
  314 -2.348676e+00
  315 -2.322505e+00
  316 -2.312333e+00
  317 -2.318724e+00
  318 -2.340742e+00
  319 -2.376107e+00
  320 -2.421435e+00
  321 -2.472549e+00
  322 -2.524834e+00
  323 -2.573614e+00
  324 -2.614533e+00
  325 -2.643926e+00
  326 -2.659151e+00
  327 -2.658859e+00
  328 -2.643161e+00
  329 -2.613665e+00
  330 -2.573343e+00
  331 -2.526231e+00
  332 -2.476994e+00
  333 -2.430407e+00
  334 -2.390857e+00
  335 -2.361910e+00
  336 -2.346014e+00
  337 -2.344327e+00
  338 -2.356683e+00
  339 -2.381670e+00
  340 -2.416801e+00
  341 -2.458759e+00
  342 -2.503686e+00
  343 -2.547516e+00
  344 -2.586301e+00
  345 -2.616557e+00
  346 -2.635558e+00
  347 -2.641605e+00
  348 -2.634203e+00
  349 -2.614141e+00
  350 -2.583441e+00
  351 -2.545164e+00
  352 -2.503089e+00
  353 -2.461307e+00
  354 -2.423787e+00
  355 -2.393979e+00
  356 -2.374493e+00
  357 -2.366897e+00
  358 -2.371619e+00
  359 -2.387967e+00
  360 -2.414231e+00
  361 -2.447865e+00
  362 -2.485725e+00
  363 -2.524341e+00
  364 -2.560210e+00
  365 -2.590095e+00
  366 -2.611304e+00
  367 -2.621933e+00
  368 -2.621060e+00
  369 -2.608847e+00
  370 -2.586543e+00
  371 -2.556374e+00
  372 -2.521318e+00
  373 -2.484792e+00
  374 -2.450290e+00
  375 -2.421027e+00
  376 -2.399634e+00
  377 -2.387925e+00
  378 -2.386767e+00
  379 -2.396042e+00
  380 -2.414697e+00
  381 -2.440867e+00
  382 -2.472059e+00
  383 -2.505379e+00
  384 -2.537779e+00
  385 -2.566319e+00
  386 -2.588422e+00
  387 -2.602102e+00
  388 -2.606153e+00
  389 -2.600267e+00
  390 -2.585084e+00
  391 -2.562131e+00
  392 -2.533678e+00
  393 -2.502505e+00
  394 -2.471611e+00
  395 -2.443904e+00
  396 -2.421921e+00
  397 -2.407590e+00
  398 -2.402077e+00
  399 -2.405704e+00
  400 -2.417957e+00
  401 -2.437559e+00
  402 -2.462602e+00
  403 -2.490730e+00
  404 -2.519343e+00
  405 -2.063424e+00
  406 -1.584008e+00
  407 -1.163343e+00
  408 -8.149176e-01
  409 -5.415020e-01
  410 -3.500094e-01
  411 -2.591401e-01
  412 -2.631338e-01
  413 -3.502245e-01
  414 -5.063794e-01
  415 -7.116722e-01
  416 -9.447406e-01
  417 -1.185172e+00
  418 -1.412189e+00
  419 -1.605250e+00
  420 -1.745298e+00
  421 -1.816006e+00
  422 -1.805393e+00
  423 -1.710107e+00
  424 -1.541506e+00
  425 -1.326454e+00
  426 -1.098745e+00
  427 -8.882517e-01
  428 -7.156958e-01
  429 -5.932577e-01
  430 -5.267624e-01
  431 -5.168665e-01
  432 -5.596761e-01
  433 -6.475403e-01
  434 -7.699769e-01
  435 -9.145206e-01
  436 -1.067509e+00
  437 -1.214888e+00
  438 -1.343052e+00
  439 -1.439696e+00
  440 -1.494767e+00
  441 -1.501708e+00
  442 -1.459075e+00
  443 -1.372035e+00
  444 -1.252468e+00
  445 -1.116762e+00
  446 -9.821467e-01
  447 -8.634733e-01
  448 -7.715986e-01
  449 -7.131198e-01
  450 -6.907047e-01
  451 -7.035611e-01
  452 -7.479626e-01
  453 -8.178365e-01
  454 -9.053856e-01
  455 -1.001722e+00
  456 -1.097507e+00
  457 -1.183612e+00
  458 -1.251789e+00
  459 -1.295374e+00
  460 -1.310031e+00
  461 -1.294463e+00
  462 -1.250914e+00
  463 -1.185126e+00
  464 -1.105537e+00
  465 -1.021848e+00
  466 -9.434517e-01
  467 -8.782026e-01
  468 -8.317226e-01
  469 -8.071744e-01
  470 -8.053289e-01
  471 -8.248040e-01
  472 -8.624066e-01
  473 -9.135415e-01
  474 -9.726602e-01
  475 -1.033735e+00
  476 -1.090746e+00
  477 -1.138174e+00
  478 -1.171482e+00
  479 -1.187575e+00
  480 -1.185177e+00
  481 -1.165050e+00
  482 -1.129964e+00
  483 -1.084344e+00
  484 -1.033636e+00
  485 -9.835344e-01
  486 -9.392424e-01
  487 -9.049212e-01
  488 -8.833580e-01
  489 -8.758440e-01
  490 -8.822142e-01
  491 -9.010018e-01
  492 -9.296736e-01
  493 -9.649190e-01
  494 -1.002973e+00
  495 -1.039956e+00
  496 -1.072218e+00
  497 -1.096667e+00
  498 -1.111062e+00
  499 -1.114244e+00
  500 -1.106269e+00
  501 -1.088393e+00
  502 -1.062920e+00
  503 -1.032891e+00
  504 -1.001687e+00
  505 -9.726126e-01
  506 -9.485264e-01
  507 -9.315721e-01
  508 -9.230197e-01
  509 -9.232175e-01
  510 -9.316358e-01
  511 -9.469824e-01
  512 -9.673716e-01
  513 -9.905286e-01
  514 -1.014015e+00
  515 -1.035457e+00
  516 -1.052771e+00
  517 -1.064354e+00
  518 -1.069240e+00
  519 -1.067186e+00
  520 -1.058690e+00
  521 -1.044911e+00
  522 -1.027526e+00
  523 -1.008512e+00
  524 -9.899131e-01
  525 -9.736131e-01
  526 -9.611418e-01
  527 -9.535437e-01
  528 -9.513072e-01
  529 -9.543571e-01
  530 -9.621002e-01
  531 -9.735147e-01
  532 -9.872715e-01
  533 -1.001875e+00
  534 -1.015814e+00
  535 -1.027706e+00
  536 -1.036429e+00
  537 -1.041227e+00
  538 -1.041774e+00
  539 -1.038199e+00
  540 -1.031051e+00
  541 -1.021234e+00
  542 -1.009884e+00
  543 -9.982433e-01
  544 -9.875156e-01
  545 -9.787451e-01
  546 -9.727163e-01
  547 -9.698903e-01
  548 -9.703799e-01
  549 -9.739593e-01
  550 -9.801072e-01
  551 -9.880738e-01
  552 -9.969653e-01
  553 -1.005838e+00
  554 -1.013793e+00
  555 -1.020064e+00
  556 -1.024086e+00
  557 -1.025550e+00
  558 -1.024420e+00
  559 -1.020931e+00
  560 -1.015551e+00
  561 -1.008920e+00
  562 -1.001778e+00
  563 -9.948787e-01
  564 -9.889126e-01
  565 -9.844370e-01
  566 -9.818276e-01
  567 -9.812509e-01
  568 -9.826595e-01
  569 -9.858087e-01
  570 -9.902920e-01
  571 -9.955893e-01
  572 -1.001124e+00
  573 -1.006323e+00
  574 -1.010673e+00
  575 -1.013772e+00
  576 -1.015360e+00
  577 -1.015346e+00
  578 -1.013805e+00
  579 -1.010968e+00
  580 -1.007186e+00
  581 -1.002890e+00
  582 -9.985438e-01
  583 -9.945921e-01
  584 -9.914165e-01
  585 -9.892996e-01
  586 -9.884018e-01
  587 -9.887519e-01
  588 -9.902509e-01
  589 -9.926890e-01
  590 -9.957721e-01
  591 -9.991558e-01
  592 -1.002482e+00
  593 -1.005414e+00
  594 -1.007674e+00
  595 -1.009062e+00
  596 -1.009479e+00
  597 -1.008927e+00
  598 -1.007510e+00
  599 -1.005413e+00
  600 -1.002882e+00
  601 -1.000198e+00
  602 -9.976392e-01
  603 -9.954610e-01
  604 -9.938650e-01
  605 -8.097867e-01
  606 -5.995097e-01
  607 -4.182042e-01
  608 -2.728988e-01
  609 -1.628282e-01
  610 -8.342467e-02
  611 -3.629755e-02
  612 -1.741500e-02
  613 -2.076645e-02
  614 -4.025143e-02
  615 -7.017259e-02
  616 -1.048876e-01
  617 -1.390507e-01
  618 -1.682773e-01
  619 -1.894996e-01
  620 -2.011086e-01
  621 -2.029764e-01
  622 -1.962941e-01
  623 -1.831749e-01
  624 -1.661378e-01
  625 -1.476328e-01
  626 -1.297058e-01
  627 -1.138263e-01
  628 -1.008552e-01
  629 -9.110625e-02
  630 -8.445649e-02
  631 -8.047495e-02
  632 -7.854950e-02
  633 -7.800027e-02
  634 -7.817229e-02
  635 -7.850351e-02
  636 -7.856670e-02
  637 -7.808615e-02
  638 -7.693254e-02
  639 -7.510118e-02
  640 -7.268005e-02
  641 -6.981425e-02
  642 -6.667241e-02
  643 -6.341907e-02
  644 -6.019514e-02
  645 -5.710679e-02
  646 -5.422188e-02
  647 -5.157216e-02
  648 -4.915938e-02
  649 -4.696341e-02
  650 -4.495070e-02
  651 -4.308196e-02
  652 -4.131843e-02
  653 -3.962617e-02
  654 -3.797856e-02
  655 -3.635722e-02
  656 -3.475156e-02
  657 -3.315758e-02
  658 -3.157616e-02
  659 -3.001131e-02
  660 -2.846856e-02
  661 -2.695361e-02
  662 -2.547145e-02
  663 -2.402583e-02
  664 -2.261899e-02
  665 -2.125176e-02
  666 -1.992378e-02
  667 -1.863375e-02
  668 -1.737980e-02
  669 -1.615979e-02
  670 -1.497153e-02
  671 -1.381297e-02
  672 -1.268231e-02
  673 -1.157801e-02
  674 -1.049884e-02
  675 -9.443815e-03
  676 -8.412133e-03
  677 -7.403154e-03
  678 -6.416325e-03
  679 -5.451143e-03
  680 -4.507125e-03
  681 -3.583783e-03
  682 -2.680616e-03
  683 -1.797108e-03
  684 -9.327294e-04
  685 -8.694332e-05
  686 7.407872e-04
  687 1.550993e-03
  688 2.344191e-03
  689 3.120883e-03
  690 3.881550e-03
  691 4.626656e-03
  692 5.356639e-03
  693 6.071923e-03
  694 6.772911e-03
  695 7.459990e-03
  696 8.133533e-03
  697 8.793898e-03
  698 9.441432e-03
  699 1.007647e-02
  700 1.069934e-02
  701 1.131035e-02
  702 1.190981e-02
  703 1.249801e-02
  704 1.307525e-02
  705 1.364180e-02
  706 1.419792e-02
  707 1.474389e-02
  708 1.527994e-02
  709 1.580634e-02
  710 1.632331e-02
  711 1.683109e-02
  712 1.732990e-02
  713 1.781996e-02
  714 1.830147e-02
  715 1.877464e-02
  716 1.923966e-02
  717 1.969673e-02
  718 2.014604e-02
  719 2.058776e-02
  720 2.102207e-02
  721 2.144914e-02
  722 2.186914e-02
  723 2.228222e-02
  724 2.268854e-02
  725 2.308826e-02
  726 2.348151e-02
  727 2.386845e-02
  728 2.424921e-02
  729 2.462393e-02
  730 2.499274e-02
  731 2.535577e-02
  732 2.571314e-02
  733 2.606497e-02
  734 2.641139e-02
  735 2.675250e-02
  736 2.708842e-02
  737 2.741925e-02
  738 2.774511e-02
  739 2.806609e-02
  740 2.838229e-02
  741 2.869382e-02
  742 2.900077e-02
  743 2.930323e-02
  744 2.960129e-02
  745 2.989504e-02
  746 3.018457e-02
  747 3.046995e-02
  748 3.075128e-02
  749 3.102862e-02
  750 3.130207e-02
  751 3.157168e-02
  752 3.183755e-02
  753 3.209973e-02
  754 3.235830e-02
  755 3.261333e-02
  756 3.286489e-02
  757 3.311304e-02
  758 3.335784e-02
  759 3.359935e-02
  760 3.383764e-02
  761 3.407277e-02
  762 3.430480e-02
  763 3.453377e-02
  764 3.475975e-02
  765 3.498279e-02
  766 3.520294e-02
  767 3.542026e-02
  768 3.563479e-02
  769 3.584659e-02
  770 3.605570e-02
  771 3.626216e-02
  772 3.646603e-02
  773 3.666736e-02
  774 3.686617e-02
  775 3.706253e-02
  776 3.725646e-02
  777 3.744801e-02
  778 3.763722e-02
  779 3.782414e-02
  780 3.800879e-02
  781 3.819122e-02
  782 3.837146e-02
  783 3.854955e-02
  784 3.872553e-02
  785 3.889942e-02
  786 3.907127e-02
  787 3.924110e-02
  788 3.940896e-02
  789 3.957486e-02
  790 3.973885e-02
  791 3.990095e-02
  792 4.006119e-02
  793 4.021960e-02
  794 4.037622e-02
  795 4.053106e-02
  796 4.068416e-02
  797 4.083554e-02
  798 4.098523e-02
  799 4.113326e-02
  800 4.127965e-02
