    1     0
    2     0
    3     0
    4     0
    5     0
    6     0
    7     0
    8     0
    9     0
   10     0
   11     0
   12 -6.134919e-02
   13 -2.132101e-01
   14 -4.234208e-01
   15 -6.697030e-01
   16 -9.324165e-01
   17 -1.196455e+00
   18 -1.433937e+00
   19 -1.598210e+00
   20 -1.612820e+00
   21 -1.403641e+00
   22 -1.073746e+00
   23 -7.501533e-01
   24 -4.865165e-01
   25 -2.918021e-01
   26 -1.541312e-01
   27 -5.314257e-02
   28 7.089666e-03
   29 -9.163398e-03
   30 -1.199462e-01
   31 -3.081375e-01
   32 -5.431941e-01
   33 -8.024944e-01
   34 -1.069641e+00
   35 -1.323354e+00
   36 -1.525977e+00
   37 -1.616504e+00
   38 -1.501716e+00
   39 -1.205590e+00
   40 -8.717734e-01
   41 -5.829052e-01
   42 -3.617105e-01
   43 -2.036132e-01
   44 -9.083099e-02
   45 -9.696020e-03
   46 8.580552e-03
   47 -6.429840e-02
   48 -2.236375e-01
   49 -4.417157e-01
   50 -6.927895e-01
   51 -9.580140e-01
   52 -1.220733e+00
   53 -1.451270e+00
   54 -1.600134e+00
   55 -1.584796e+00
   56 -1.349271e+00
   57 -1.016293e+00
   58 -7.017528e-01
   59 -4.498668e-01
   60 -2.659317e-01
   61 -1.361233e-01
   62 -4.021084e-02
   63 1.246953e-02
   64 -1.274125e-02
   65 -1.309204e-01
   66 -3.238286e-01
   67 -5.615969e-01
   68 -8.221362e-01
   69 -1.089466e+00
   70 -1.341327e+00
   71 -1.538521e+00
   72 -1.617535e+00
   73 -1.485508e+00
   74 -1.181788e+00
   75 -8.491138e-01
   76 -5.646912e-01
   77 -3.483942e-01
   78 -1.941999e-01
   79 -8.373701e-02
   80 -5.988515e-03
   81 5.973929e-03
   82 -7.483687e-02
   83 -2.407646e-01
   84 -4.627938e-01
   85 -7.158685e-01
   86 -9.816833e-01
   87 -1.242679e+00
   88 -1.467540e+00
   89 -1.604636e+00
   90 -1.567944e+00
   91 -1.316489e+00
   92 -9.820926e-01
   93 -6.731620e-01
   94 -4.283461e-01
   95 -2.506778e-01
   96 -1.252878e-01
   97 -3.212123e-02
   98 1.382880e-02
   99 -2.115573e-02
  100 -1.479429e-01
  101 -3.461957e-01
  102 -5.868803e-01
  103 -8.485648e-01
  104 -1.115781e+00
  105 -1.365064e+00
  106 -1.555288e+00
  107 -1.619740e+00
  108 -1.467320e+00
  109 -1.155222e+00
  110 -8.239410e-01
  111 -5.444869e-01
  112 -3.336349e-01
  113 -1.837305e-01
  114 -7.572265e-02
  115 -2.180747e-03
  116 2.253538e-03
  117 -8.787841e-02
  118 -2.614988e-01
  119 -4.881162e-01
  120 -7.434856e-01
  121 -1.009938e+00
  122 -1.268819e+00
  123 -1.486802e+00
  124 -1.609448e+00
  125 -1.547144e+00
  126 -1.278895e+00
  127 -9.437833e-01
  128 -6.415276e-01
  129 -4.048731e-01
  130 -2.341034e-01
  131 -1.133427e-01
  132 -2.356651e-02
  133 1.348261e-02
  134 -3.432128e-02
  135 -1.723235e-01
  136 -3.774646e-01
  137 -6.218244e-01
  138 -8.848471e-01
  139 -1.151748e+00
  140 -1.397419e+00
  141 -1.578048e+00
  142 -1.622334e+00
  143 -1.443915e+00
  144 -1.122097e+00
  145 -7.929208e-01
  146 -5.197018e-01
  147 -3.155755e-01
  148 -1.708818e-01
  149 -6.577150e-02
  150 2.040572e-03
  151 -3.208363e-03
  152 -1.042174e-01
  153 -2.862175e-01
  154 -5.177599e-01
  155 -7.755086e-01
  156 -1.042507e+00
  157 -1.298757e+00
  158 -1.508568e+00
  159 -1.613971e+00
  160 -1.522540e+00
  161 -1.237830e+00
  162 -9.030035e-01
  163 -6.081841e-01
  164 -3.802641e-01
  165 -2.167219e-01
  166 -1.005998e-01
  167 -1.531438e-02
  168 1.139179e-02
  169 -5.052650e-02
  170 -2.006358e-01
  171 -4.131451e-01
  172 -6.613599e-01
  173 -9.256882e-01
  174 -1.190679e+00
  175 -1.428837e+00
  176 -1.593309e+00
  177 -1.606685e+00
  178 -1.395836e+00
  179 -1.066277e+00
  180 -7.440949e-01
  181 -4.820112e-01
  182 -2.886577e-01
  183 -1.519886e-01
  184 -5.169049e-02
  185 7.835349e-03
  186 -8.977596e-03
  187 -1.201322e-01
  188 -3.085730e-01
  189 -5.437866e-01
  190 -8.031747e-01
  191 -1.070358e+00
  192 -1.324013e+00
  193 -1.526411e+00
  194 -1.616428e+00
  195 -1.500836e+00
  196 -1.204354e+00
  197 -8.706082e-01
  198 -5.819731e-01
  199 -3.610308e-01
  200 -2.031349e-01
  201 -9.047576e-02
  202 -9.502119e-03
  203 8.479041e-03
  204 -6.476632e-02
  205 -2.244085e-01
  206 -4.426690e-01
  207 -6.938358e-01
  208 -9.590886e-01
  209 -1.224993e+00
  210 -1.478951e+00
  211 -1.698582e+00
  212 -1.850577e+00
  213 -1.890335e+00
  214 -1.761759e+00
  215 -1.463426e+00
  216 -1.099242e+00
  217 -7.637860e-01
  218 -4.953965e-01
  219 -2.930468e-01
  220 -1.546733e-01
  221 -1.321403e-01
  222 -2.275239e-01
  223 -4.014474e-01
  224 -6.235014e-01
  225 -8.711134e-01
  226 -1.127875e+00
  227 -1.382178e+00
  228 -1.618721e+00
  229 -1.811853e+00
  230 -1.926362e+00
  231 -1.915068e+00
  232 -1.727914e+00
  233 -1.394771e+00
  234 -1.026318e+00
  235 -7.018927e-01
  236 -4.476760e-01
  237 -2.562453e-01
  238 -1.474340e-01
  239 -1.594052e-01
  240 -2.782365e-01
  241 -4.665704e-01
  242 -6.963229e-01
  243 -9.467510e-01
  244 -1.202871e+00
  245 -1.454177e+00
  246 -1.683171e+00
  247 -1.861342e+00
  248 -1.950991e+00
  249 -1.901701e+00
  250 -1.671777e+00
  251 -1.318032e+00
  252 -9.523622e-01
  253 -6.413029e-01
  254 -4.014817e-01
  255 -2.230175e-01
  256 -1.401375e-01
  257 -1.788853e-01
  258 -3.154834e-01
  259 -5.147765e-01
  260 -7.504289e-01
  261 -1.003073e+00
  262 -1.258798e+00
  263 -1.507050e+00
  264 -1.728312e+00
  265 -1.891950e+00
  266 -1.957948e+00
  267 -1.873512e+00
  268 -1.609670e+00
  269 -1.244622e+00
  270 -8.858568e-01
  271 -5.885116e-01
  272 -3.616163e-01
  273 -1.974120e-01
  274 -1.403131e-01
  275 -2.044177e-01
  276 -3.575989e-01
  277 -5.668706e-01
  278 -8.076152e-01
  279 -1.061815e+00
  280 -1.316607e+00
  281 -1.559379e+00
  282 -1.767982e+00
  283 -1.910008e+00
  284 -1.942660e+00
  285 -1.812333e+00
  286 -1.513541e+00
  287 -1.144029e+00
  288 -7.998837e-01
  289 -5.223606e-01
  290 -3.120831e-01
  291 -1.713345e-01
  292 -1.496419e-01
  293 -2.456344e-01
  294 -4.193594e-01
  295 -6.406661e-01
  296 -8.871784e-01
  297 -1.142635e+00
  298 -1.395537e+00
  299 -1.630504e+00
  300 -1.821811e+00
  301 -1.934270e+00
  302 -1.920818e+00
  303 -1.731813e+00
  304 -1.397495e+00
  305 -1.028292e+00
  306 -7.033190e-01
  307 -4.486466e-01
  308 -2.569266e-01
  309 -1.490305e-01
  310 -1.621925e-01
  311 -2.817484e-01
  312 -4.704614e-01
  313 -7.003421e-01
  314 -9.507214e-01
  315 -1.206673e+00
  316 -1.457732e+00
  317 -1.686331e+00
  318 -1.863861e+00
  319 -1.952551e+00
  320 -1.901909e+00
  321 -1.670604e+00
  322 -1.316217e+00
  323 -9.505715e-01
  324 -6.398240e-01
  325 -4.003352e-01
  326 -2.222491e-01
  327 -1.402561e-01
  328 -1.799234e-01
  329 -3.171189e-01
  330 -5.167676e-01
  331 -7.525968e-01
  332 -1.005289e+00
  333 -1.260971e+00
  334 -1.509017e+00
  335 -1.729817e+00
  336 -1.892679e+00
  337 -1.957501e+00
  338 -1.871421e+00
  339 -1.606213e+00
  340 -1.240913e+00
  341 -8.826498e-01
  342 -5.860328e-01
  343 -3.597668e-01
  344 -1.963485e-01
  345 -1.405788e-01
  346 -2.059520e-01
  347 -3.599541e-01
  348 -5.697106e-01
  349 -8.106920e-01
  350 -1.064949e+00
  351 -1.319675e+00
  352 -1.562149e+00
  353 -1.770086e+00
  354 -1.910982e+00
  355 -1.941885e+00
  356 -1.809226e+00
  357 -1.508834e+00
  358 -1.139215e+00
  359 -7.958168e-01
  360 -5.192450e-01
  361 -3.097408e-01
  362 -1.702418e-01
  363 -1.499058e-01
  364 -2.468231e-01
  365 -4.211442e-01
  366 -6.428003e-01
  367 -8.894803e-01
  368 -1.144974e+00
  369 -1.397822e+00
  370 -1.632560e+00
  371 -1.823355e+00
  372 -1.934926e+00
  373 -1.920074e+00
  374 -1.729386e+00
  375 -1.394187e+00
  376 -1.025083e+00
  377 -7.006778e-01
  378 -4.466372e-01
  379 -2.554458e-01
  380 -1.485383e-01
  381 -1.627255e-01
  382 -2.829688e-01
  383 -4.721133e-01
  384 -7.022349e-01
  385 -9.527153e-01
  386 -1.208668e+00
  387 -1.459661e+00
  388 -1.688058e+00
  389 -1.865165e+00
  390 -1.953126e+00
  391 -1.901351e+00
  392 -1.668838e+00
  393 -1.313938e+00
  394 -9.484250e-01
  395 -6.380841e-01
  396 -3.990100e-01
  397 -2.213353e-01
  398 -1.401226e-01
  399 -1.805761e-01
  400 -3.182906e-01
  401 -5.182566e-01
  402 -7.542533e-01
  403 -1.007004e+00
  404 -1.262669e+00
  405 -1.106748e+00
  406 -8.306398e-01
  407 -5.669612e-01
  408 -3.570722e-01
  409 -2.044649e-01
  410 -9.744984e-02
  411 -2.009549e-02
  412 3.016367e-02
  413 2.713891e-02
  414 -4.876658e-02
  415 -2.033635e-01
  416 -4.188689e-01
  417 -6.689507e-01
  418 -9.343053e-01
  419 -1.197915e+00
  420 -1.431119e+00
  421 -1.586058e+00
  422 -1.582609e+00
  423 -1.358027e+00
  424 -1.028430e+00
  425 -7.129699e-01
  426 -4.587998e-01
  427 -2.724285e-01
  428 -1.408253e-01
  429 -4.389383e-02
  430 1.138529e-02
  431 -9.776522e-03
  432 -1.242921e-01
  433 -3.149045e-01
  434 -5.513970e-01
  435 -8.114058e-01
  436 -1.078736e+00
  437 -1.331631e+00
  438 -1.531677e+00
  439 -1.616639e+00
  440 -1.493342e+00
  441 -1.193428e+00
  442 -8.602201e-01
  443 -5.736283e-01
  444 -3.549321e-01
  445 -1.988289e-01
  446 -8.724600e-02
  447 -7.780055e-03
  448 7.381361e-03
  449 -6.940632e-02
  450 -2.319917e-01
  451 -4.520195e-01
  452 -7.040839e-01
  453 -9.696051e-01
  454 -1.231485e+00
  455 -1.459249e+00
  456 -1.602381e+00
  457 -1.576598e+00
  458 -1.333045e+00
  459 -9.992711e-01
  460 -6.874768e-01
  461 -4.390808e-01
  462 -2.582904e-01
  463 -1.307300e-01
  464 -3.621512e-02
  465 1.348574e-02
  466 -1.588315e-02
  467 -1.376858e-01
  468 -3.328574e-01
  469 -5.718759e-01
  470 -8.329252e-01
  471 -1.100238e+00
  472 -1.351055e+00
  473 -1.545382e+00
  474 -1.618396e+00
  475 -1.477791e+00
  476 -1.170467e+00
  477 -8.383649e-01
  478 -5.560576e-01
  479 -3.420847e-01
  480 -1.897286e-01
  481 -8.032858e-02
  482 -4.320750e-03
  483 4.483084e-03
  484 -8.025909e-02
  485 -2.494387e-01
  486 -4.734106e-01
  487 -7.274605e-01
  488 -9.935513e-01
  489 -1.253666e+00
  490 -1.475653e+00
  491 -1.606737e+00
  492 -1.559294e+00
  493 -1.300503e+00
  494 -9.656877e-01
  495 -6.595799e-01
  496 -4.182539e-01
  497 -2.435519e-01
  498 -1.201745e-01
  499 -2.837712e-02
  500 1.386012e-02
  501 -2.655393e-02
  502 -1.581169e-01
  503 -3.593102e-01
  504 -6.015715e-01
  505 -8.638405e-01
  506 -1.130938e+00
  507 -1.378709e+00
  508 -1.564909e+00
  509 -1.620926e+00
  510 -1.457322e+00
  511 -1.140916e+00
  512 -8.104908e-01
  513 -5.337237e-01
  514 -3.257856e-01
  515 -1.781511e-01
  516 -7.141350e-02
  517 -2.879755e-04
  518 -9.584725e-06
  519 -9.520375e-02
  520 -2.729726e-01
  521 -5.020542e-01
  522 -7.586445e-01
  523 -1.025421e+00
  524 -1.283116e+00
  525 -1.497275e+00
  526 -1.611787e+00
  527 -1.535460e+00
  528 -1.258948e+00
  529 -9.238294e-01
  530 -6.251648e-01
  531 -3.927776e-01
  532 -2.255607e-01
  533 -1.071091e-01
  534 -1.940302e-02
  535 1.268969e-02
  536 -4.197646e-02
  537 -1.858966e-01
  538 -3.946483e-01
  539 -6.409074e-01
  540 -9.045868e-01
  541 -1.171006e+00
  542 -1.414068e+00
  543 -1.588480e+00
  544 -1.620220e+00
  545 -1.427376e+00
  546 -1.101144e+00
  547 -7.740057e-01
  548 -5.048546e-01
  549 -3.048669e-01
  550 -1.633030e-01
  551 -5.998407e-02
  552 4.367017e-03
  553 -6.179376e-03
  554 -1.119741e-01
  555 -2.970038e-01
  556 -5.302639e-01
  557 -7.887684e-01
  558 -1.055835e+00
  559 -1.310841e+00
  560 -1.517145e+00
  561 -1.615330e+00
  562 -1.512414e+00
  563 -1.221926e+00
  564 -8.875240e-01
  565 -5.956308e-01
  566 -3.710410e-01
  567 -2.102069e-01
  568 -9.576248e-02
  569 -1.245537e-02
  570 1.012578e-02
  571 -5.720985e-02
  572 -2.118987e-01
  573 -4.271763e-01
  574 -6.768181e-01
  575 -9.416015e-01
  576 -1.205486e+00
  577 -1.439910e+00
  578 -1.596760e+00
  579 -1.596077e+00
  580 -1.372647e+00
  581 -1.041172e+00
  582 -7.227500e-01
  583 -4.657787e-01
  584 -2.771691e-01
  585 -1.439680e-01
  586 -4.586037e-02
  587 1.020887e-02
  588 -1.091814e-02
  589 -1.257060e-01
  590 -3.164576e-01
  591 -5.529928e-01
  592 -8.129768e-01
  593 -1.080236e+00
  594 -1.332966e+00
  595 -1.532684e+00
  596 -1.617052e+00
  597 -1.492927e+00
  598 -1.192615e+00
  599 -8.593955e-01
  600 -5.729477e-01
  601 -3.544272e-01
  602 -1.984668e-01
  603 -8.696307e-02
  604 -7.636421e-03
  605 2.833558e-02
  606 5.462557e-02
  607 7.104564e-02
  608 8.023091e-02
  609 8.297736e-02
  610 7.952064e-02
  611 7.164589e-02
  612 6.061384e-02
  613 4.771480e-02
  614 3.422556e-02
  615 2.145063e-02
  616 1.057667e-02
  617 2.474809e-03
  618 -2.397646e-03
  619 -4.029868e-03
  620 -2.813007e-03
  621 5.719518e-04
  622 5.306830e-03
  623 1.058336e-02
  624 1.570792e-02
  625 2.015376e-02
  626 2.357148e-02
  627 2.577548e-02
  628 2.672092e-02
  629 2.647867e-02
  630 2.521048e-02
  631 2.314408e-02
  632 2.054767e-02
  633 1.770367e-02
  634 1.488287e-02
  635 1.232069e-02
  636 1.019804e-02
  637 8.628882e-03
  638 7.656042e-03
  639 7.255549e-03
  640 7.348203e-03
  641 7.816085e-03
  642 8.521062e-03
  643 9.322553e-03
  644 1.009244e-02
  645 1.072601e-02
  646 1.114851e-02
  647 1.131772e-02
  648 1.122305e-02
  649 1.088192e-02
  650 1.033425e-02
  651 9.635597e-03
  652 8.849842e-03
  653 8.041943e-03
  654 7.271430e-03
  655 6.587160e-03
  656 6.023722e-03
  657 5.599711e-03
  658 5.317832e-03
  659 5.166660e-03
  660 5.123636e-03
  661 5.158836e-03
  662 5.238997e-03
  663 5.331331e-03
  664 5.406761e-03
  665 5.442331e-03
  666 5.422670e-03
  667 5.340503e-03
  668 5.196302e-03
  669 4.997212e-03
  670 4.755477e-03
  671 4.486554e-03
  672 4.207147e-03
  673 3.933367e-03
  674 3.679164e-03
  675 3.455176e-03
  676 3.268050e-03
  677 3.120253e-03
  678 3.010325e-03
  679 2.933516e-03
  680 2.882666e-03
  681 2.849230e-03
  682 2.824307e-03
  683 2.799581e-03
  684 2.768081e-03
  685 2.724706e-03
  686 2.666498e-03
  687 2.592664e-03
  688 2.504376e-03
  689 2.404401e-03
  690 2.296615e-03
  691 2.185461e-03
  692 2.075427e-03
  693 1.970573e-03
  694 1.874161e-03
  695 1.788421e-03
  696 1.714434e-03
  697 1.652164e-03
  698 1.600585e-03
  699 1.557907e-03
  700 1.521840e-03
  701 1.489886e-03
  702 1.459612e-03
  703 1.428884e-03
  704 1.396043e-03
  705 1.360009e-03
  706 1.320315e-03
  707 1.277076e-03
  708 1.230899e-03
  709 1.182759e-03
  710 1.133848e-03
  711 1.085425e-03
  712 1.038673e-03
  713 9.945835e-04
  714 9.538770e-04
  715 9.169557e-04
  716 8.838984e-04
  717 8.544880e-04
  718 8.282657e-04
  719 8.046036e-04
  720 7.827862e-04
  721 7.620908e-04
  722 7.418589e-04
  723 7.215525e-04
  724 7.007919e-04
  725 6.793720e-04
  726 6.572597e-04
  727 6.345739e-04
  728 6.115520e-04
  729 5.885093e-04
  730 5.657949e-04
  731 5.437495e-04
  732 5.226696e-04
  733 5.027801e-04
  734 4.842181e-04
  735 4.670272e-04
  736 4.511626e-04
  737 4.365042e-04
  738 4.228763e-04
  739 4.100702e-04
  740 3.978682e-04
  741 3.860649e-04
  742 3.744853e-04
  743 3.629973e-04
  744 3.515187e-04
  745 3.400183e-04
  746 3.285111e-04
  747 3.170502e-04
  748 3.057155e-04
  749 2.946007e-04
  750 2.838014e-04
  751 2.734034e-04
  752 2.634740e-04
  753 2.540568e-04
  754 2.451682e-04
  755 2.367985e-04
  756 2.289150e-04
  757 2.214669e-04
  758 2.143918e-04
  759 2.076227e-04
  760 2.010945e-04
  761 1.947495e-04
  762 1.885416e-04
  763 1.824389e-04
  764 1.764245e-04
  765 1.704956e-04
  766 1.646616e-04
  767 1.589406e-04
  768 1.533562e-04
  769 1.479338e-04
  770 1.426967e-04
  771 1.376640e-04
  772 1.328481e-04
  773 1.282539e-04
  774 1.238785e-04
  775 1.197122e-04
  776 1.157394e-04
  777 1.119407e-04
  778 1.082947e-04
  779 1.047802e-04
  780 1.013778e-04
  781 9.807088e-05
  782 9.484721e-05
  783 9.169879e-05
  784 8.862196e-05
  785 8.561685e-05
  786 8.268655e-05
  787 7.983611e-05
  788 7.707142e-05
  789 7.439822e-05
  790 7.182119e-05
  791 6.934331e-05
  792 6.696544e-05
  793 6.468625e-05
  794 6.250231e-05
  795 6.040842e-05
  796 5.839812e-05
  797 5.646427e-05
  798 5.459957e-05
  799 5.279714e-05
  800 5.105096e-05
